2008.08.19 14:00:00.093,0.7886,0.7887,1.00,4.00
2008.08.19 14:00:00.191,0.7886,0.7887,1.00,3.10
2008.08.19 14:00:00.385,0.7886,0.7887,1.70,3.10
2008.08.19 14:00:00.482,0.7886,0.7887,1.70,2.50
2008.08.19 14:00:00.673,0.7886,0.7887,2.40,2.50
2008.08.19 14:00:00.865,0.7886,0.78875,2.90,4.10
2008.08.19 14:00:02.562,0.7886,0.78875,2.40,4.10
2008.08.19 14:00:02.791,0.7886,0.78865,2.40,1.00
2008.08.19 14:00:03.529,0.7886,0.78865,1.70,1.00
2008.08.19 14:00:03.689,0.7886,0.7887,1.00,3.10
2008.08.19 14:00:04.869,0.7886,0.7887,1.70,3.10
2008.08.19 14:00:06.593,0.7886,0.7887,1.70,1.40
2008.08.19 14:00:06.820,0.7886,0.7887,1.70,3.10
2008.08.19 14:00:07.277,0.7886,0.7887,1.70,1.40
2008.08.19 14:00:07.505,0.7886,0.7887,2.40,1.40
2008.08.19 14:00:07.745,0.7886,0.7887,2.40,1.20
2008.08.19 14:00:07.985,0.78865,0.78875,1.00,4.90
2008.08.19 14:00:08.225,0.78865,0.78875,1.00,4.10
2008.08.19 14:00:08.466,0.7886,0.7887,3.20,9.00
2008.08.19 14:00:08.629,0.7886,0.7887,2.40,1.60
2008.08.19 14:00:08.793,0.7886,0.7887,2.40,1.40
2008.08.19 14:00:09.286,0.7886,0.7887,1.70,3.10
2008.08.19 14:00:10.026,0.7886,0.7887,2.40,1.40
2008.08.19 14:00:10.913,0.7886,0.7887,1.70,1.40
2008.08.19 14:00:16.737,0.7886,0.7887,1.70,3.10
2008.08.19 14:00:17.329,0.7886,0.7887,1.70,1.40
2008.08.19 14:00:19.295,0.7886,0.7887,2.40,1.40
2008.08.19 14:00:19.453,0.7886,0.78875,2.40,4.00
2008.08.19 14:00:19.609,0.7886,0.78875,2.90,3.10
2008.08.19 14:00:19.969,0.7886,0.78875,2.90,4.10
2008.08.19 14:00:20.435,0.7886,0.78875,2.90,3.10
2008.08.19 14:00:22.034,0.78865,0.78875,1.00,3.10
2008.08.19 14:00:22.276,0.78865,0.78875,1.70,2.90
2008.08.19 14:00:23.360,0.78865,0.78875,1.70,1.20
2008.08.19 14:00:23.597,0.78865,0.78875,1.30,1.40
2008.08.19 14:00:23.833,0.78865,0.78875,1.00,1.40
2008.08.19 14:00:24.505,0.7886,0.78875,4.40,2.90
2008.08.19 14:00:25.284,0.78865,0.78875,2.00,1.20
2008.08.19 14:00:25.922,0.7886,0.78875,4.40,2.90
2008.08.19 14:00:27.398,0.78865,0.78875,1.00,2.90
2008.08.19 14:00:27.552,0.78865,0.78875,1.70,2.90
2008.08.19 14:00:28.112,0.78865,0.78875,2.00,2.90
2008.08.19 14:00:28.311,0.78865,0.78875,1.70,2.90
2008.08.19 14:00:31.591,0.78865,0.78875,1.30,2.90
2008.08.19 14:00:31.710,0.78865,0.78875,2.00,2.90
2008.08.19 14:00:32.693,0.7886,0.7887,2.90,9.00
2008.08.19 14:00:32.933,0.7886,0.7887,2.90,1.20
2008.08.19 14:00:34.130,0.7887,0.78875,1.00,2.50
2008.08.19 14:00:34.353,0.78865,0.78875,1.30,2.90
2008.08.19 14:00:34.577,0.78865,0.78875,2.00,2.90
2008.08.19 14:00:34.832,0.7886,0.78875,4.40,2.90
2008.08.19 14:00:36.191,0.7886,0.78875,4.40,3.90
2008.08.19 14:00:36.448,0.7886,0.7887,2.90,9.00
2008.08.19 14:00:36.704,0.7886,0.7887,2.90,1.20
2008.08.19 14:00:36.926,0.7886,0.7887,2.40,1.20
2008.08.19 14:00:38.872,0.78865,0.78875,2.00,3.70
2008.08.19 14:00:39.092,0.78865,0.78875,2.00,2.90
2008.08.19 14:00:41.372,0.78865,0.78875,2.00,1.20
2008.08.19 14:00:42.140,0.7887,0.7888,1.00,3.70
2008.08.19 14:00:42.268,0.7887,0.7888,1.00,4.00
2008.08.19 14:00:42.484,0.7887,0.7888,1.00,4.10
2008.08.19 14:00:42.917,0.7887,0.7888,1.00,3.10
2008.08.19 14:00:44.578,0.7887,0.7888,1.00,2.90
2008.08.19 14:00:44.791,0.7887,0.7888,1.00,3.10
2008.08.19 14:00:45.695,0.7887,0.7888,1.00,2.90
2008.08.19 14:00:46.380,0.78875,0.7888,1.00,2.50
2008.08.19 14:00:47.091,0.7887,0.7888,3.10,2.90
2008.08.19 14:00:47.328,0.7887,0.78875,2.40,2.50
2008.08.19 14:00:47.565,0.78865,0.7888,4.40,2.90
2008.08.19 14:00:48.303,0.7887,0.7888,2.00,2.90
2008.08.19 14:00:48.501,0.7887,0.7888,1.00,3.10
2008.08.19 14:00:48.801,0.7887,0.78875,1.00,1.20
2008.08.19 14:00:50.009,0.78865,0.78875,2.90,1.20
2008.08.19 14:00:51.521,0.78865,0.78875,2.40,1.20
2008.08.19 14:00:52.532,0.7887,0.78875,2.00,1.20
2008.08.19 14:00:53.209,0.7887,0.7888,1.70,2.40
2008.08.19 14:00:53.435,0.78865,0.78875,2.40,1.20
2008.08.19 14:00:54.280,0.78865,0.78875,2.90,1.20
2008.08.19 14:00:54.405,0.7887,0.7888,1.00,4.00
2008.08.19 14:00:54.532,0.78865,0.78875,2.40,1.20
2008.08.19 14:00:54.657,0.78865,0.78875,1.70,1.20
2008.08.19 14:00:57.184,0.78865,0.78875,1.70,2.90
2008.08.19 14:00:57.361,0.78865,0.78875,1.00,2.90
2008.08.19 14:00:57.888,0.78865,0.78875,1.70,2.90
2008.08.19 14:00:58.205,0.78865,0.78875,2.40,2.50
2008.08.19 14:00:58.521,0.78865,0.78875,1.00,2.90
2008.08.19 14:00:59.156,0.78865,0.78875,2.40,2.50
2008.08.19 14:00:59.709,0.78865,0.78875,1.70,2.50
2008.08.19 14:00:59.899,0.78865,0.78875,1.70,3.90
2008.08.19 14:01:00.122,0.78865,0.7887,1.00,2.50
2008.08.19 14:01:00.782,0.7886,0.7887,1.20,2.90
2008.08.19 14:01:01.005,0.78855,0.7887,3.20,2.50
2008.08.19 14:01:01.329,0.78855,0.7887,3.20,3.50
2008.08.19 14:01:01.977,0.78855,0.7887,3.20,2.50
2008.08.19 14:01:02.245,0.78855,0.7887,4.40,2.50
2008.08.19 14:01:02.780,0.7886,0.78875,10.20,4.10
2008.08.19 14:01:03.049,0.7886,0.78875,7.00,4.10
2008.08.19 14:01:03.651,0.7886,0.78875,12.40,4.10
2008.08.19 14:01:03.953,0.7886,0.78875,2.00,4.10
2008.08.19 14:01:04.697,0.7886,0.78875,2.50,3.10
2008.08.19 14:01:04.845,0.7886,0.78875,2.50,2.90
2008.08.19 14:01:05.454,0.78865,0.78875,1.00,2.90
2008.08.19 14:01:08.234,0.78865,0.78875,1.00,3.90
2008.08.19 14:01:08.537,0.78865,0.7887,1.00,2.50
2008.08.19 14:01:09.608,0.78865,0.78875,1.00,4.10
2008.08.19 14:01:09.956,0.78865,0.7887,1.00,2.50
2008.08.19 14:01:10.529,0.7886,0.7887,14.00,3.90
2008.08.19 14:01:11.210,0.78855,0.7887,2.90,4.10
2008.08.19 14:01:11.360,0.78855,0.7887,2.40,4.10
2008.08.19 14:01:11.508,0.78855,0.7887,2.90,3.10
2008.08.19 14:01:11.656,0.78855,0.7887,4.40,2.90
2008.08.19 14:01:12.737,0.78855,0.7887,3.20,2.90
2008.08.19 14:01:13.077,0.78855,0.7887,1.20,4.10
2008.08.19 14:01:14.076,0.78855,0.7887,1.80,3.10
2008.08.19 14:01:14.296,0.78855,0.7887,3.20,2.90
2008.08.19 14:01:14.517,0.78855,0.7887,2.70,3.90
2008.08.19 14:01:14.721,0.7886,0.78865,1.00,2.50
2008.08.19 14:01:14.925,0.78855,0.7886,3.40,2.50
2008.08.19 14:01:15.130,0.7886,0.78865,5.40,3.10
2008.08.19 14:01:15.540,0.7885,0.78865,9.80,2.50
2008.08.19 14:01:15.881,0.7885,0.78865,8.30,3.10
2008.08.19 14:01:16.220,0.7885,0.7886,8.30,2.50
2008.08.19 14:01:16.560,0.7885,0.7886,2.90,2.50
2008.08.19 14:01:16.724,0.7885,0.7886,2.40,2.50
2008.08.19 14:01:18.862,0.7885,0.78855,2.40,2.50
2008.08.19 14:01:19.024,0.7885,0.78855,1.70,2.50
2008.08.19 14:01:19.680,0.7885,0.78855,1.00,2.50
2008.08.19 14:01:21.663,0.7885,0.7886,1.00,2.50
2008.08.19 14:01:21.946,0.7885,0.78855,1.00,2.50
2008.08.19 14:01:22.177,0.7885,0.7886,1.00,3.10
2008.08.19 14:01:22.405,0.7885,0.7886,1.00,2.50
2008.08.19 14:01:22.875,0.7885,0.78855,1.00,2.50
2008.08.19 14:01:23.193,0.7885,0.7886,1.00,2.50
2008.08.19 14:01:24.304,0.7885,0.7886,1.00,2.70
2008.08.19 14:01:24.632,0.7885,0.7886,1.00,2.50
2008.08.19 14:01:25.485,0.7885,0.7886,1.70,3.90
2008.08.19 14:01:25.676,0.7885,0.7886,1.70,4.10
2008.08.19 14:01:26.788,0.7885,0.7886,1.00,4.10
2008.08.19 14:01:32.051,0.7885,0.7886,1.00,3.10
2008.08.19 14:01:32.169,0.7885,0.7886,1.00,2.90
2008.08.19 14:01:33.537,0.7885,0.78855,1.00,2.50
2008.08.19 14:01:33.985,0.78845,0.78855,2.50,2.50
2008.08.19 14:01:34.208,0.78845,0.78855,1.70,2.50
2008.08.19 14:01:34.659,0.78845,0.78855,1.00,2.50
2008.08.19 14:01:34.884,0.7884,0.78855,11.30,3.90
2008.08.19 14:01:35.557,0.7884,0.78855,9.10,4.10
2008.08.19 14:01:36.044,0.7884,0.7885,9.10,3.70
2008.08.19 14:01:36.289,0.7884,0.7885,3.70,1.20
2008.08.19 14:01:36.533,0.7884,0.7885,5.90,1.20
2008.08.19 14:01:40.751,0.7884,0.7885,5.90,1.40
2008.08.19 14:01:41.353,0.7884,0.7885,5.90,1.20
2008.08.19 14:01:43.587,0.7884,0.7885,9.10,1.20
2008.08.19 14:01:43.849,0.7884,0.7885,1.70,1.20
2008.08.19 14:01:44.111,0.78845,0.78855,1.00,4.00
2008.08.19 14:01:44.272,0.78845,0.78855,1.00,4.10
2008.08.19 14:01:45.260,0.78845,0.78855,2.00,3.90
2008.08.19 14:01:45.501,0.78845,0.78855,2.00,2.90
2008.08.19 14:01:47.080,0.78845,0.78855,2.00,1.20
2008.08.19 14:02:00.634,0.78843,0.78853,1.60,1.70
2008.08.19 14:02:03.094,0.7884,0.7885,2.00,1.70
2008.08.19 14:02:03.246,0.78839,0.78849,2.00,2.70
2008.08.19 14:02:03.785,0.78837,0.78847,3.20,1.00
2008.08.19 14:02:03.870,0.78831,0.78841,3.20,1.00
2008.08.19 14:02:07.058,0.78823,0.78833,1.30,2.50
2008.08.19 14:02:09.627,0.78816,0.78826,1.30,4.00
2008.08.19 14:02:10.204,0.78812,0.78822,1.30,2.70
2008.08.19 14:02:18.646,0.78815,0.78825,2.40,1.00
2008.08.19 14:02:19.038,0.78821,0.78826,2.00,2.70
2008.08.19 14:02:19.229,0.78823,0.78833,1.30,2.70
2008.08.19 14:02:21.072,0.78826,0.78836,1.40,1.70
2008.08.19 14:02:23.129,0.78831,0.78836,3.10,2.70
2008.08.19 14:02:23.252,0.78832,0.78842,1.30,3.20
2008.08.19 14:02:26.431,0.78836,0.78846,1.30,3.20
2008.08.19 14:02:28.469,0.78843,0.78848,4.70,2.70
2008.08.19 14:02:43.725,0.78846,0.78856,2.40,1.00
2008.08.19 14:02:43.788,0.78853,0.78863,1.40,1.70
2008.08.19 14:02:45.765,0.78858,0.78862,1.30,3.20
2008.08.19 14:02:47.481,0.7885,0.7886,1.30,2.50
2008.08.19 14:02:47.674,0.78845,0.78855,4.70,2.70
2008.08.19 14:02:49.254,0.78844,0.78849,1.30,3.20
2008.08.19 14:02:49.365,0.78838,0.78848,1.30,2.50
2008.08.19 14:02:52.522,0.78837,0.78847,4.70,4.00
2008.08.19 14:02:53.424,0.78839,0.78844,2.00,3.50
2008.08.19 14:02:53.489,0.78837,0.78847,2.00,1.70
2008.08.19 14:02:53.558,0.78839,0.78849,1.30,3.20
2008.08.19 14:02:54.646,0.78841,0.78851,1.30,4.00
2008.08.19 14:02:55.998,0.78848,0.78853,1.30,3.20
2008.08.19 14:02:56.203,0.78849,0.78859,4.70,3.20
2008.08.19 14:02:57.832,0.78852,0.78862,1.30,3.20
2008.08.19 14:03:00.142,0.78857,0.78867,1.30,2.70
2008.08.19 14:03:04.818,0.78853,0.78863,1.40,1.70
2008.08.19 14:03:09.099,0.78849,0.78859,1.40,1.70
2008.08.19 14:03:10.415,0.78844,0.78854,1.30,2.70
2008.08.19 14:03:11.067,0.78844,0.78849,2.40,1.00
2008.08.19 14:03:17.410,0.78841,0.78851,2.00,2.70
2008.08.19 14:03:18.496,0.78845,0.7885,1.30,3.20
2008.08.19 14:03:18.815,0.78845,0.78855,2.90,2.70
2008.08.19 14:03:24.931,0.78849,0.78859,2.00,2.70
2008.08.19 14:03:25.117,0.78852,0.78862,1.30,3.20
2008.08.19 14:03:26.607,0.78857,0.78867,1.30,2.50
2008.08.19 14:03:26.999,0.78857,0.78872,1.30,2.50
2008.08.19 14:03:27.196,0.78862,0.78877,1.30,2.70
2008.08.19 14:03:27.876,0.78861,0.78876,4.70,3.20
2008.08.19 14:03:27.949,0.78857,0.78872,1.30,3.20
2008.08.19 14:03:29.376,0.78854,0.78869,1.30,3.20
2008.08.19 14:03:29.432,0.7885,0.78865,1.30,3.20
2008.08.19 14:03:29.488,0.78849,0.78864,1.30,2.70
2008.08.19 14:03:29.542,0.7885,0.7886,3.10,2.70
2008.08.19 14:03:29.702,0.7885,0.7886,3.90,9.50
2008.08.19 14:03:30.027,0.78849,0.78859,1.30,2.70
2008.08.19 14:03:34.366,0.78848,0.78858,1.30,3.20
2008.08.19 14:03:34.935,0.78845,0.78855,1.60,1.70
2008.08.19 14:03:35.098,0.7884,0.7885,2.00,1.70
2008.08.19 14:03:35.260,0.78834,0.78844,4.70,3.20
2008.08.19 14:03:35.580,0.78832,0.78842,1.30,2.70
2008.08.19 14:03:35.744,0.78836,0.78846,1.30,3.50
2008.08.19 14:03:39.703,0.78843,0.78853,2.00,2.70
2008.08.19 14:03:39.745,0.78849,0.78859,1.30,2.70
2008.08.19 14:03:39.836,0.78853,0.78863,1.30,2.70
2008.08.19 14:03:41.785,0.78856,0.78866,1.30,3.20
2008.08.19 14:03:45.298,0.78857,0.78867,1.30,2.70
2008.08.19 14:03:45.466,0.7886,0.78865,1.30,3.50
2008.08.19 14:03:51.483,0.78856,0.78866,2.00,2.70
2008.08.19 14:03:51.699,0.78856,0.78866,1.30,2.70
2008.08.19 14:03:55.795,0.78855,0.78865,2.00,2.70
2008.08.19 14:03:56.131,0.78853,0.78863,1.30,2.70
2008.08.19 14:03:56.250,0.78851,0.78861,3.20,1.00
2008.08.19 14:03:56.731,0.78851,0.78861,4.70,2.70
2008.08.19 14:03:57.395,0.78853,0.78863,1.30,2.70
2008.08.19 14:03:57.794,0.78855,0.78865,1.30,2.70
2008.08.19 14:04:40.718,0.7886,0.7887,1.00,2.90
2008.08.19 14:04:42.136,0.7886,0.7887,1.70,2.90
2008.08.19 14:04:44.011,0.7886,0.7887,1.70,1.20
2008.08.19 14:04:45.919,0.7886,0.7887,1.70,2.90
2008.08.19 14:04:46.364,0.7886,0.7887,1.70,1.20
2008.08.19 14:04:47.607,0.7886,0.7887,2.40,1.20
2008.08.19 14:04:48.752,0.7886,0.7887,2.90,1.20
2008.08.19 14:04:49.373,0.78865,0.78875,1.70,3.10
2008.08.19 14:04:49.516,0.78865,0.78875,1.00,4.10
2008.08.19 14:04:49.800,0.7886,0.7887,2.50,9.00
2008.08.19 14:04:49.946,0.7886,0.7887,1.70,1.20
2008.08.19 14:04:50.608,0.78865,0.78875,1.00,4.10
2008.08.19 14:04:51.793,0.78865,0.78875,1.00,3.10
2008.08.19 14:04:54.578,0.78865,0.78875,1.00,4.10
2008.08.19 14:04:55.080,0.78865,0.78875,1.00,3.10
2008.08.19 14:04:55.804,0.7886,0.7887,3.70,3.60
2008.08.19 14:04:56.048,0.7886,0.7887,2.40,1.20
2008.08.19 14:04:56.531,0.78865,0.78875,1.00,4.90
2008.08.19 14:04:56.779,0.78865,0.78875,1.00,3.10
2008.08.19 14:04:57.272,0.78865,0.78875,1.00,4.90
2008.08.19 14:04:57.520,0.78865,0.78875,2.00,1.80
2008.08.19 14:04:57.820,0.78865,0.78875,1.70,1.30
2008.08.19 14:04:58.119,0.7887,0.7888,1.70,3.70
2008.08.19 14:04:58.716,0.7887,0.7888,1.70,3.60
2008.08.19 14:04:59.016,0.7887,0.7888,1.70,9.00
2008.08.19 14:04:59.745,0.7887,0.7888,1.70,1.20
2008.08.19 14:05:00.540,0.78875,0.7888,1.00,1.20
2008.08.19 14:05:00.675,0.78875,0.78885,1.70,1.20
2008.08.19 14:05:01.663,0.78875,0.7889,2.40,4.00
2008.08.19 14:05:01.951,0.78875,0.7889,1.80,2.70
2008.08.19 14:05:02.203,0.78875,0.7889,1.80,3.70
2008.08.19 14:05:02.332,0.78875,0.7889,2.90,3.70
2008.08.19 14:05:03.462,0.78875,0.7889,2.40,3.70
2008.08.19 14:05:03.720,0.78875,0.7889,2.40,4.10
2008.08.19 14:05:03.975,0.78875,0.78885,1.20,1.20
2008.08.19 14:05:04.232,0.78875,0.78885,2.00,1.20
2008.08.19 14:05:04.435,0.7887,0.78885,4.40,2.90
2008.08.19 14:05:04.640,0.7887,0.78885,4.40,2.50
2008.08.19 14:05:05.044,0.7887,0.78885,2.90,3.70
2008.08.19 14:05:05.228,0.7887,0.78885,2.90,4.10
2008.08.19 14:05:05.431,0.7887,0.78885,1.20,4.10
2008.08.19 14:05:06.164,0.7887,0.78885,10.20,4.10
2008.08.19 14:05:06.443,0.7887,0.78885,2.00,4.10
2008.08.19 14:05:06.994,0.7887,0.78885,1.80,4.10
2008.08.19 14:05:07.271,0.78875,0.78885,1.00,1.40
2008.08.19 14:05:07.560,0.78875,0.78885,1.70,1.20
2008.08.19 14:05:08.607,0.78885,0.7889,1.00,2.10
2008.08.19 14:05:08.795,0.78885,0.78895,2.00,2.50
2008.08.19 14:05:08.984,0.7888,0.78895,2.20,2.70
2008.08.19 14:05:09.171,0.7888,0.78895,2.50,4.10
2008.08.19 14:05:09.359,0.7888,0.78895,1.30,4.10
2008.08.19 14:05:09.536,0.7888,0.78895,1.60,4.10
2008.08.19 14:05:09.712,0.7888,0.78895,2.40,2.70
2008.08.19 14:05:09.888,0.7889,0.78895,1.30,2.50
2008.08.19 14:05:10.065,0.7889,0.78895,1.30,3.50
2008.08.19 14:05:10.416,0.7888,0.7889,1.30,3.70
2008.08.19 14:05:10.618,0.7888,0.7889,17.80,4.10
2008.08.19 14:05:10.819,0.7889,0.78895,11.80,4.70
2008.08.19 14:05:11.215,0.78885,0.7889,2.70,4.10
2008.08.19 14:05:11.415,0.78875,0.7889,4.40,2.50
2008.08.19 14:05:12.236,0.78885,0.78895,1.20,1.20
2008.08.19 14:05:12.512,0.78885,0.78895,2.90,1.20
2008.08.19 14:05:12.772,0.78885,0.789,4.40,2.90
2008.08.19 14:05:13.032,0.78885,0.78895,2.40,2.70
2008.08.19 14:05:13.292,0.78895,0.789,1.00,2.50
2008.08.19 14:05:13.551,0.78885,0.789,4.40,2.90
2008.08.19 14:05:14.036,0.78885,0.78895,3.70,2.50
2008.08.19 14:05:14.280,0.78885,0.78895,3.20,2.50
2008.08.19 14:05:14.524,0.78885,0.78895,1.70,3.10
2008.08.19 14:05:14.942,0.78885,0.78895,1.70,2.90
2008.08.19 14:05:15.088,0.78885,0.78895,1.70,1.20
2008.08.19 14:05:15.308,0.78885,0.78895,2.40,1.20
2008.08.19 14:05:15.455,0.78885,0.78895,2.40,3.70
2008.08.19 14:05:15.531,0.78885,0.789,3.70,2.90
2008.08.19 14:06:00.039,0.78907,0.78923,2.40,3.90
2008.08.19 14:06:00.413,0.78909,0.78919,2.90,3.50
2008.08.19 14:06:00.749,0.78907,0.78917,2.20,4.00
2008.08.19 14:06:01.085,0.78903,0.78918,2.90,2.50
2008.08.19 14:06:01.461,0.78904,0.78914,1.30,2.50
2008.08.19 14:06:01.504,0.78902,0.78912,1.30,2.50
2008.08.19 14:06:01.613,0.78902,0.78907,1.30,3.50
2008.08.19 14:06:01.712,0.78898,0.78908,1.30,3.50
2008.08.19 14:06:01.774,0.78897,0.78907,1.30,3.50
2008.08.19 14:06:09.220,0.78895,0.78905,3.90,4.00
2008.08.19 14:06:11.313,0.78897,0.78907,2.20,4.00
2008.08.19 14:06:11.584,0.78899,0.78909,2.40,3.90
2008.08.19 14:06:24.936,0.78899,0.78909,1.30,3.50
2008.08.19 14:06:25.239,0.789,0.7891,4.50,3.30
2008.08.19 14:06:28.097,0.78901,0.78911,2.40,3.50
2008.08.19 14:06:28.338,0.78901,0.78911,2.90,3.30
2008.08.19 14:06:30.381,0.789,0.7891,2.50,2.70
2008.08.19 14:06:30.794,0.789,0.7891,1.30,3.50
2008.08.19 14:06:31.102,0.789,0.78915,2.90,3.50
2008.08.19 14:06:32.805,0.78905,0.78915,2.40,2.50
2008.08.19 14:06:32.965,0.7891,0.7892,2.20,3.50
2008.08.19 14:06:33.125,0.78913,0.78923,2.20,3.50
2008.08.19 14:06:33.285,0.78914,0.78924,2.00,1.30
2008.08.19 14:06:34.433,0.7891,0.7892,2.40,2.50
2008.08.19 14:06:34.620,0.78905,0.78915,3.90,4.00
2008.08.19 14:06:35.480,0.78901,0.78911,1.30,3.50
2008.08.19 14:06:35.821,0.78896,0.78911,3.90,3.30
2008.08.19 14:06:36.160,0.78897,0.78907,2.00,1.30
2008.08.19 14:06:40.664,0.78896,0.78906,3.90,4.00
2008.08.19 14:06:41.005,0.78897,0.78902,3.80,1.00
2008.08.19 14:06:41.368,0.78893,0.78903,2.90,3.50
2008.08.19 14:06:41.568,0.78893,0.78898,4.70,3.20
2008.08.19 14:06:41.629,0.78886,0.78896,1.30,3.50
2008.08.19 14:06:41.803,0.78882,0.78892,1.30,3.50
2008.08.19 14:06:41.854,0.78881,0.78891,2.40,3.50
2008.08.19 14:06:41.913,0.78883,0.78893,2.20,2.50
2008.08.19 14:06:42.048,0.78889,0.78894,2.50,2.70
2008.08.19 14:06:42.101,0.78894,0.78899,2.10,1.00
2008.08.19 14:06:42.162,0.78894,0.78904,2.40,3.50
2008.08.19 14:06:44.122,0.78895,0.78905,1.30,3.50
2008.08.19 14:06:44.693,0.78895,0.78905,3.80,1.00
2008.08.19 14:06:44.920,0.78897,0.78907,1.30,3.50
2008.08.19 14:06:45.595,0.789,0.78905,3.90,3.30
2008.08.19 14:06:45.935,0.78897,0.78912,1.30,2.70
2008.08.19 14:06:46.136,0.78899,0.78914,2.20,4.00
2008.08.19 14:06:46.292,0.78904,0.78909,1.30,4.00
2008.08.19 14:06:49.353,0.789,0.7891,3.80,1.00
2008.08.19 14:06:49.508,0.78896,0.78911,1.30,3.50
2008.08.19 14:06:49.587,0.78893,0.78908,3.90,4.00
2008.08.19 14:06:49.740,0.78894,0.78904,2.40,3.50
2008.08.19 14:06:50.885,0.78892,0.78902,4.70,2.70
2008.08.19 14:06:51.729,0.78894,0.78904,2.10,1.00
2008.08.19 14:06:52.009,0.78896,0.78906,2.90,3.30
2008.08.19 14:06:52.133,0.78898,0.78908,2.00,1.30
2008.08.19 14:06:52.473,0.789,0.7891,2.20,4.00
2008.08.19 14:06:54.244,0.78901,0.78911,1.30,3.50
2008.08.19 14:06:54.393,0.78903,0.78913,1.30,4.00
2008.08.19 14:07:54.918,0.789,0.7891,2.50,1.40
2008.08.19 14:07:55.240,0.789,0.7891,2.00,1.40
2008.08.19 14:07:55.377,0.789,0.7891,2.50,1.40
2008.08.19 14:07:55.439,0.78905,0.7891,1.00,1.40
2008.08.19 14:07:55.503,0.78905,0.78915,1.00,1.60
2008.08.19 14:07:56.275,0.78905,0.78915,1.00,1.80
2008.08.19 14:07:56.632,0.78905,0.78915,1.30,1.60
2008.08.19 14:07:57.335,0.78905,0.78915,2.00,1.60
2008.08.19 14:07:58.052,0.78905,0.78915,2.00,1.40
2008.08.19 14:08:03.246,0.78905,0.78915,2.50,1.40
2008.08.19 14:08:03.631,0.78905,0.78915,2.00,1.40
2008.08.19 14:08:04.952,0.7891,0.78915,3.60,1.40
2008.08.19 14:08:09.655,0.7891,0.7892,1.30,1.60
2008.08.19 14:08:09.959,0.7891,0.7892,1.30,4.50
2008.08.19 14:08:10.063,0.7891,0.7892,1.00,4.50
2008.08.19 14:08:10.166,0.7891,0.7892,1.00,4.50
2008.08.19 14:08:10.270,0.7891,0.7892,1.00,3.60
2008.08.19 14:08:10.375,0.78905,0.7892,2.50,3.60
2008.08.19 14:08:10.478,0.78905,0.7892,2.50,4.50
2008.08.19 14:08:10.887,0.7891,0.7892,1.00,4.50
2008.08.19 14:08:20.080,0.7891,0.7892,1.00,1.80
2008.08.19 14:08:22.364,0.7891,0.7892,1.00,4.50
2008.08.19 14:08:23.708,0.7891,0.7892,1.00,3.60
2008.08.19 14:08:23.967,0.78905,0.7892,2.50,3.60
2008.08.19 14:08:24.227,0.78905,0.7892,2.50,4.50
2008.08.19 14:08:24.488,0.78905,0.7892,2.50,3.60
2008.08.19 14:08:24.732,0.78905,0.7892,2.00,4.50
2008.08.19 14:08:24.977,0.78905,0.7892,1.00,4.50
2008.08.19 14:08:25.561,0.7891,0.7892,1.00,4.50
2008.08.19 14:08:25.862,0.78905,0.7892,2.00,4.50
2008.08.19 14:08:26.366,0.78905,0.78915,1.60,2.70
2008.08.19 14:08:26.647,0.78905,0.78915,1.30,2.70
2008.08.19 14:08:26.927,0.78905,0.78915,2.00,3.30
2008.08.19 14:08:27.207,0.78905,0.78915,2.70,2.90
2008.08.19 14:08:27.487,0.789,0.78915,2.50,2.90
2008.08.19 14:08:27.914,0.78905,0.78915,2.70,2.90
2008.08.19 14:08:30.076,0.789,0.78915,4.70,2.90
2008.08.19 14:08:30.119,0.789,0.78915,4.70,3.60
2008.08.19 14:08:30.162,0.789,0.78915,2.50,3.60
2008.08.19 14:08:31.943,0.78905,0.78915,2.70,3.60
2008.08.19 14:08:32.211,0.78905,0.78915,1.60,3.60
2008.08.19 14:08:32.479,0.78905,0.78915,2.00,2.70
2008.08.19 14:08:34.303,0.78905,0.78915,1.60,4.40
2008.08.19 14:08:34.499,0.78905,0.78915,1.60,4.50
2008.08.19 14:08:36.122,0.78905,0.7891,1.60,2.70
2008.08.19 14:08:39.209,0.78905,0.78915,1.60,3.60
2008.08.19 14:08:39.923,0.789,0.7891,2.70,2.70
2008.08.19 14:08:40.144,0.789,0.7891,2.00,2.70
2008.08.19 14:08:40.363,0.789,0.7891,1.60,2.70
2008.08.19 14:08:40.583,0.789,0.7891,1.60,2.90
2008.08.19 14:08:40.907,0.789,0.7891,1.60,3.60
2008.08.19 14:08:42.051,0.789,0.7891,1.60,4.50
2008.08.19 14:08:42.922,0.789,0.7891,1.60,3.60
2008.08.19 14:08:43.091,0.789,0.7891,1.60,4.50
2008.08.19 14:08:43.422,0.789,0.7891,1.60,3.60
2008.08.19 14:08:43.754,0.789,0.7891,1.60,4.50
2008.08.19 14:08:45.090,0.789,0.7891,1.60,4.50
2008.08.19 14:08:45.246,0.789,0.7891,1.60,3.60
2008.08.19 14:08:45.555,0.789,0.7891,1.60,3.60
2008.08.19 14:08:46.020,0.789,0.7891,1.60,3.60
2008.08.19 14:08:46.490,0.789,0.7891,1.60,2.70
2008.08.19 14:08:49.317,0.789,0.7891,2.10,2.70
2008.08.19 14:08:49.556,0.789,0.7891,1.60,2.70
2008.08.19 14:08:50.042,0.789,0.7891,1.30,3.60
2008.08.19 14:08:50.365,0.789,0.7891,2.70,3.60
2008.08.19 14:08:50.513,0.789,0.7891,2.70,2.90
2008.08.19 14:09:04.343,0.789,0.7891,2.00,7.10
2008.08.19 14:09:06.468,0.78904,0.78909,2.90,1.70
2008.08.19 14:09:09.987,0.78904,0.78914,1.30,3.30
2008.08.19 14:09:24.389,0.78911,0.78916,2.90,4.10
2008.08.19 14:09:30.054,0.78913,0.78923,2.00,3.90
2008.08.19 14:09:31.044,0.78914,0.78924,2.00,3.90
2008.08.19 14:09:31.474,0.78913,0.78923,9.10,9.50
2008.08.19 14:09:31.690,0.78908,0.78918,1.30,2.50
2008.08.19 14:09:36.926,0.789,0.78915,1.30,3.30
2008.08.19 14:09:37.079,0.78894,0.78904,1.30,3.30
2008.08.19 14:09:48.336,0.78887,0.78897,1.30,9.50
2008.08.19 14:09:51.440,0.78883,0.78893,1.30,3.30
2008.08.19 14:09:52.038,0.78882,0.78897,2.00,3.30
2008.08.19 14:09:52.806,0.78889,0.78899,1.00,3.90
2008.08.19 14:09:54.414,0.78894,0.78904,1.30,1.60
2008.08.19 14:09:54.525,0.78896,0.78906,2.00,9.50
2008.08.19 14:09:56.552,0.78899,0.78909,1.30,3.30
2008.08.19 14:09:56.882,0.78898,0.78913,2.00,3.30
2008.08.19 14:09:59.378,0.78901,0.78915,2.00,2.50
2008.08.19 14:10:00.812,0.78904,0.78914,2.00,3.90
2008.08.19 14:10:01.336,0.78899,0.78914,2.00,3.30
2008.08.19 14:10:01.812,0.78898,0.78913,1.00,3.30
2008.08.19 14:10:02.043,0.78897,0.78912,2.90,3.90
2008.08.19 14:10:02.284,0.78895,0.7891,2.00,3.30
2008.08.19 14:10:02.521,0.78894,0.78909,1.30,3.30
2008.08.19 14:10:03.123,0.78893,0.78908,2.00,7.10
2008.08.19 14:10:03.709,0.78894,0.78904,1.30,2.50
2008.08.19 14:10:03.945,0.7889,0.78905,2.90,1.00
2008.08.19 14:10:05.325,0.78887,0.78902,1.00,3.30
2008.08.19 14:10:05.425,0.78883,0.78898,1.00,3.30
2008.08.19 14:10:05.525,0.78882,0.78897,1.30,3.30
2008.08.19 14:10:06.375,0.7888,0.78895,1.30,2.70
2008.08.19 14:10:06.710,0.7888,0.78895,9.10,9.50
2008.08.19 14:10:07.584,0.78881,0.78891,2.00,3.30
2008.08.19 14:10:08.318,0.7888,0.7889,2.90,4.10
2008.08.19 14:10:10.498,0.78878,0.78888,2.90,4.10
2008.08.19 14:10:11.772,0.78879,0.78889,1.30,2.50
2008.08.19 14:10:11.880,0.7888,0.78885,1.30,3.90
2008.08.19 14:10:11.989,0.78874,0.78884,2.00,3.90
2008.08.19 14:10:12.409,0.78871,0.78881,2.90,3.90
2008.08.19 14:10:12.689,0.7887,0.7888,2.90,9.50
2008.08.19 14:10:13.245,0.78872,0.78882,1.30,3.90
2008.08.19 14:10:13.525,0.78875,0.78885,2.90,4.10
2008.08.19 14:10:15.145,0.78879,0.78889,1.30,2.50
2008.08.19 14:10:15.667,0.78881,0.78891,1.30,3.90
2008.08.19 14:10:15.777,0.78884,0.78894,2.90,9.50
2008.08.19 14:10:15.966,0.78885,0.78895,2.10,3.30
2008.08.19 14:10:16.881,0.78887,0.78897,1.30,3.30
2008.08.19 14:10:17.524,0.78887,0.78897,1.00,3.30
2008.08.19 14:10:17.847,0.78886,0.78896,1.30,3.90
2008.08.19 14:10:23.210,0.78885,0.78895,2.90,3.90
2008.08.19 14:10:23.696,0.78884,0.78894,2.00,9.50
2008.08.19 14:10:24.381,0.78884,0.78894,1.30,3.90
2008.08.19 14:10:24.585,0.78885,0.78895,1.30,2.50
2008.08.19 14:10:24.988,0.78886,0.78896,1.30,2.50
2008.08.19 14:10:25.737,0.78888,0.78898,2.10,3.30
2008.08.19 14:10:29.565,0.78891,0.78901,1.30,2.50
2008.08.19 14:10:29.773,0.78896,0.78906,2.00,3.30
2008.08.19 14:10:30.592,0.78901,0.78911,2.00,3.30
2008.08.19 14:10:32.841,0.78906,0.78911,1.30,3.30
2008.08.19 14:10:33.157,0.78906,0.78916,2.00,3.90
2008.08.19 14:10:33.473,0.78907,0.78917,1.30,2.50
2008.08.19 14:10:33.788,0.78911,0.78921,1.30,3.90
2008.08.19 14:10:34.029,0.78916,0.78926,2.10,3.30
2008.08.19 14:10:35.426,0.78916,0.78926,1.30,2.50
2008.08.19 14:10:37.232,0.78914,0.78919,1.30,3.90
2008.08.19 14:10:37.471,0.78908,0.78918,1.30,2.50
2008.08.19 14:10:38.482,0.78903,0.78913,1.30,2.50
2008.08.19 14:10:39.285,0.78898,0.78908,1.30,9.50
2008.08.19 14:10:42.169,0.78898,0.78903,1.30,3.90
2008.08.19 14:10:42.613,0.78894,0.78904,2.00,3.90
2008.08.19 14:10:44.081,0.78892,0.78902,2.10,3.90
2008.08.19 14:10:44.677,0.78894,0.78904,5.90,1.60
2008.08.19 14:10:45.270,0.78893,0.78903,1.30,2.50
2008.08.19 14:10:45.876,0.78892,0.78902,2.00,3.30
2008.08.19 14:10:46.285,0.78892,0.78902,2.90,4.10
2008.08.19 14:10:46.854,0.78893,0.78903,3.90,3.30
2008.08.19 14:10:48.889,0.78894,0.78904,1.30,3.90
2008.08.19 14:10:49.655,0.78895,0.78905,2.00,3.20
2008.08.19 14:10:50.093,0.78894,0.78904,2.90,3.90
2008.08.19 14:10:50.529,0.78895,0.78905,3.90,3.30
2008.08.19 14:10:50.852,0.78897,0.78907,2.90,4.10
2008.08.19 14:10:54.253,0.78899,0.78909,2.00,3.90
2008.08.19 14:10:56.054,0.789,0.7891,2.00,3.30
2008.08.19 14:10:57.193,0.78901,0.78911,2.00,3.30
2008.08.19 14:10:59.545,0.78901,0.78911,2.00,3.30
2008.08.19 14:10:59.727,0.78902,0.78912,1.30,1.60
2008.08.19 14:10:59.860,0.78904,0.78914,1.30,1.60
2008.08.19 14:10:59.925,0.78905,0.78915,2.00,3.30
2008.08.19 14:11:14.377,0.7892,0.78925,1.00,1.40
2008.08.19 14:11:15.902,0.78915,0.78925,2.00,1.60
2008.08.19 14:11:17.090,0.78915,0.78925,2.00,3.60
2008.08.19 14:11:17.312,0.78915,0.78925,1.60,3.60
2008.08.19 14:11:19.474,0.78915,0.78925,1.60,4.50
2008.08.19 14:11:20.222,0.78915,0.78925,1.60,3.60
2008.08.19 14:11:20.418,0.78915,0.7892,1.60,2.70
2008.08.19 14:11:20.810,0.78915,0.7892,2.70,3.30
2008.08.19 14:11:22.286,0.7891,0.7892,2.00,3.30
2008.08.19 14:11:23.819,0.7891,0.7892,1.60,3.60
2008.08.19 14:11:24.330,0.7891,0.7892,2.00,3.30
2008.08.19 14:11:25.235,0.78915,0.7892,2.70,3.30
2008.08.19 14:11:27.541,0.78915,0.7892,2.70,4.50
2008.08.19 14:11:27.774,0.78915,0.7892,2.70,3.30
2008.08.19 14:11:28.260,0.7891,0.7892,4.10,3.30
2008.08.19 14:11:28.518,0.7891,0.7892,2.00,3.30
2008.08.19 14:11:29.034,0.78915,0.7892,2.70,3.90
2008.08.19 14:11:29.294,0.78915,0.7892,2.70,2.90
2008.08.19 14:11:29.594,0.7891,0.7892,13.50,2.90
2008.08.19 14:11:29.878,0.7891,0.78915,1.30,3.30
2008.08.19 14:11:30.166,0.7891,0.78915,7.00,3.60
2008.08.19 14:11:30.586,0.7891,0.78915,1.00,3.60
2008.08.19 14:11:30.694,0.78905,0.78915,2.70,3.60
2008.08.19 14:11:31.010,0.78905,0.78915,2.70,4.50
2008.08.19 14:11:31.542,0.78905,0.7891,2.70,2.70
2008.08.19 14:11:31.758,0.789,0.7891,2.00,2.70
2008.08.19 14:11:31.974,0.789,0.7891,2.50,2.70
2008.08.19 14:11:32.622,0.789,0.78915,4.00,3.30
2008.08.19 14:11:32.846,0.789,0.78915,2.50,3.60
2008.08.19 14:11:33.290,0.78905,0.78915,1.00,3.60
2008.08.19 14:11:33.514,0.78905,0.78915,2.00,3.30
2008.08.19 14:11:33.810,0.78905,0.78915,1.60,3.60
2008.08.19 14:11:34.106,0.78905,0.78915,1.60,3.60
2008.08.19 14:11:34.402,0.78905,0.7891,1.60,2.70
2008.08.19 14:11:34.682,0.78905,0.7891,1.00,3.30
2008.08.19 14:11:34.962,0.78905,0.7891,2.70,1.40
2008.08.19 14:11:35.519,0.78905,0.7891,2.00,1.40
2008.08.19 14:11:35.690,0.78905,0.78915,1.60,3.30
2008.08.19 14:11:36.427,0.78905,0.78915,1.60,4.40
2008.08.19 14:11:37.006,0.78905,0.78915,1.60,3.30
2008.08.19 14:11:37.199,0.78905,0.78915,1.60,2.70
2008.08.19 14:11:38.284,0.78905,0.78915,1.60,2.90
2008.08.19 14:11:38.487,0.78905,0.78915,2.70,3.90
2008.08.19 14:11:38.696,0.789,0.78905,18.30,1.00
2008.08.19 14:11:38.902,0.78905,0.78915,2.70,2.90
2008.08.19 14:11:39.514,0.78905,0.78915,2.00,2.70
2008.08.19 14:11:40.183,0.78905,0.78915,1.60,2.70
2008.08.19 14:11:40.518,0.78905,0.78915,2.70,2.90
2008.08.19 14:11:41.318,0.789,0.78915,4.70,2.90
2008.08.19 14:11:41.478,0.789,0.78915,2.50,2.90
2008.08.19 14:11:42.574,0.78905,0.78915,1.00,2.90
2008.08.19 14:11:42.834,0.78905,0.78915,1.00,2.90
2008.08.19 14:11:43.954,0.78905,0.7892,1.00,4.50
2008.08.19 14:11:44.198,0.78905,0.7892,2.00,4.50
2008.08.19 14:11:44.683,0.78905,0.7891,2.00,1.00
2008.08.19 14:11:44.910,0.78905,0.7892,2.00,4.50
2008.08.19 14:11:45.362,0.78905,0.78915,2.00,2.70
2008.08.19 14:11:46.454,0.78905,0.7892,2.00,4.50
2008.08.19 14:11:47.451,0.78905,0.78915,1.60,2.70
2008.08.19 14:11:48.110,0.78905,0.78915,2.00,2.70
2008.08.19 14:11:48.717,0.78905,0.78915,2.50,2.70
2008.08.19 14:11:48.930,0.78905,0.7892,2.50,3.60
2008.08.19 14:11:49.050,0.78905,0.7892,2.50,4.50
2008.08.19 14:11:49.168,0.78905,0.7892,3.30,4.40
2008.08.19 14:11:49.288,0.7891,0.7892,1.60,4.40
2008.08.19 14:11:50.150,0.7891,0.7892,1.60,3.30
2008.08.19 14:11:50.512,0.7891,0.7892,2.00,3.30
2008.08.19 14:11:53.130,0.7891,0.7892,2.00,1.40
2008.08.19 14:11:58.571,0.7891,0.7892,2.50,1.40
2008.08.19 14:11:58.870,0.78915,0.78925,1.30,3.30
2008.08.19 14:11:59.178,0.7891,0.78925,4.70,3.30
2008.08.19 14:11:59.334,0.7891,0.78925,4.00,3.30
2008.08.19 14:12:00.411,0.7891,0.78925,3.30,4.40
2008.08.19 14:12:03.475,0.7891,0.78925,2.40,4.40
2008.08.19 14:12:04.847,0.7891,0.78925,2.90,3.30
2008.08.19 14:12:05.074,0.78915,0.78925,1.00,4.40
2008.08.19 14:12:05.302,0.78915,0.78925,2.00,4.40
2008.08.19 14:12:05.756,0.7891,0.78925,2.40,4.40
2008.08.19 14:12:06.414,0.7891,0.78925,2.90,4.40
2008.08.19 14:12:06.562,0.78915,0.78925,1.70,4.40
2008.08.19 14:12:06.998,0.78915,0.78925,1.00,4.40
2008.08.19 14:12:07.586,0.78915,0.78925,2.50,4.50
2008.08.19 14:12:07.882,0.78915,0.78925,1.70,4.40
2008.08.19 14:12:09.498,0.78915,0.78925,1.00,4.50
2008.08.19 14:12:10.063,0.78915,0.78925,1.00,3.60
2008.08.19 14:12:10.166,0.7892,0.78925,1.00,3.60
2008.08.19 14:12:10.267,0.7892,0.78925,2.10,1.40
2008.08.19 14:12:10.469,0.7892,0.78925,1.60,1.40
2008.08.19 14:12:10.570,0.7892,0.7893,1.40,4.40
2008.08.19 14:12:10.698,0.7892,0.7893,1.60,3.30
2008.08.19 14:12:10.826,0.78915,0.7893,4.00,3.30
2008.08.19 14:12:11.202,0.78915,0.7893,2.90,4.40
2008.08.19 14:12:12.170,0.78915,0.7893,1.00,4.50
2008.08.19 14:12:12.768,0.7892,0.7893,1.70,1.60
2008.08.19 14:12:12.862,0.78915,0.7893,2.40,4.40
2008.08.19 14:12:12.958,0.78915,0.7893,1.60,3.60
2008.08.19 14:12:13.142,0.78915,0.7893,2.90,3.30
2008.08.19 14:12:13.326,0.78915,0.7893,4.00,3.30
2008.08.19 14:12:13.422,0.7892,0.7893,1.70,3.30
2008.08.19 14:12:16.882,0.7892,0.7893,1.00,3.60
2008.08.19 14:12:17.010,0.7892,0.7893,1.70,3.30
2008.08.19 14:12:17.590,0.78915,0.7893,2.50,3.60
2008.08.19 14:12:18.678,0.78915,0.7893,2.00,4.50
2008.08.19 14:12:19.132,0.78915,0.7893,2.50,3.60
2008.08.19 14:12:19.418,0.7892,0.7893,1.00,3.60
2008.08.19 14:12:19.702,0.78915,0.7893,2.50,3.60
2008.08.19 14:12:20.270,0.78915,0.7893,4.00,3.30
2008.08.19 14:12:20.814,0.78915,0.7893,3.30,4.40
2008.08.19 14:12:20.998,0.78915,0.7893,2.00,4.50
2008.08.19 14:12:21.178,0.78915,0.78925,2.00,2.70
2008.08.19 14:12:21.574,0.78915,0.78925,1.00,2.70
2008.08.19 14:12:21.795,0.78915,0.78925,2.00,2.70
2008.08.19 14:12:22.229,0.78915,0.78925,2.00,3.70
2008.08.19 14:12:22.446,0.78915,0.78925,2.00,2.70
2008.08.19 14:12:24.018,0.7891,0.78925,4.00,2.70
2008.08.19 14:12:26.758,0.7891,0.78925,6.20,2.70
2008.08.19 14:12:27.055,0.78915,0.78925,2.70,4.50
2008.08.19 14:13:00.732,0.78915,0.78925,1.30,2.70
2008.08.19 14:13:01.224,0.78909,0.78924,2.40,3.50
2008.08.19 14:13:01.468,0.78905,0.7892,1.30,2.50
2008.08.19 14:13:01.796,0.78906,0.78916,4.70,2.70
2008.08.19 14:13:02.040,0.78906,0.78916,1.30,2.50
2008.08.19 14:13:02.575,0.78905,0.78915,2.40,3.50
2008.08.19 14:13:02.870,0.78906,0.78916,1.30,2.50
2008.08.19 14:13:03.460,0.78907,0.78917,3.90,3.30
2008.08.19 14:13:03.836,0.78909,0.78919,2.40,1.00
2008.08.19 14:13:04.020,0.78909,0.78919,2.40,4.00
2008.08.19 14:13:04.540,0.7891,0.7892,1.30,9.50
2008.08.19 14:13:04.844,0.78908,0.78918,2.90,4.00
2008.08.19 14:13:09.232,0.78909,0.78914,2.40,4.00
2008.08.19 14:13:10.246,0.78904,0.78914,1.30,3.10
2008.08.19 14:13:10.577,0.78904,0.78914,1.30,2.70
2008.08.19 14:13:11.430,0.78902,0.78912,2.40,2.50
2008.08.19 14:13:11.556,0.789,0.7891,3.20,2.50
2008.08.19 14:13:11.620,0.78896,0.78911,1.30,2.70
2008.08.19 14:13:11.881,0.78895,0.7891,1.40,4.00
2008.08.19 14:13:12.252,0.78896,0.7891,3.90,4.00
2008.08.19 14:13:12.928,0.78897,0.78912,4.70,2.50
2008.08.19 14:13:13.554,0.789,0.78915,1.30,9.50
2008.08.19 14:13:14.174,0.78901,0.78916,2.40,3.50
2008.08.19 14:13:14.322,0.78902,0.78917,3.90,4.00
2008.08.19 14:13:14.543,0.78902,0.78917,4.70,2.70
2008.08.19 14:13:14.618,0.78901,0.78916,3.90,3.50
2008.08.19 14:13:14.768,0.78904,0.78914,4.70,2.70
2008.08.19 14:13:14.924,0.78903,0.78918,2.10,3.10
2008.08.19 14:13:15.000,0.78904,0.78919,3.90,3.50
2008.08.19 14:13:15.291,0.78905,0.7892,1.80,3.30
2008.08.19 14:13:16.864,0.78904,0.78919,1.30,9.50
2008.08.19 14:13:18.334,0.78903,0.78918,1.70,2.50
2008.08.19 14:13:18.814,0.78905,0.78915,1.30,2.70
2008.08.19 14:13:19.027,0.78905,0.78915,1.40,4.00
2008.08.19 14:13:19.184,0.78904,0.78914,4.70,2.70
2008.08.19 14:13:19.930,0.78905,0.78915,4.70,2.50
2008.08.19 14:13:20.939,0.78905,0.78915,1.30,9.50
2008.08.19 14:13:21.208,0.78906,0.78916,4.70,2.70
2008.08.19 14:13:21.335,0.78902,0.78917,1.30,2.70
2008.08.19 14:13:22.246,0.78902,0.78917,1.40,4.00
2008.08.19 14:13:22.431,0.78902,0.78917,1.40,4.00
2008.08.19 14:13:22.676,0.78903,0.78918,5.50,2.50
2008.08.19 14:13:22.920,0.78907,0.78917,3.10,2.50
2008.08.19 14:13:23.162,0.78906,0.78921,3.90,3.30
2008.08.19 14:13:23.820,0.78906,0.78921,3.90,4.00
2008.08.19 14:13:24.062,0.78905,0.7892,3.90,2.50
2008.08.19 14:13:24.308,0.78904,0.78919,2.40,2.70
2008.08.19 14:13:24.431,0.78905,0.78915,2.90,4.00
2008.08.19 14:13:25.302,0.78905,0.78915,1.30,3.20
2008.08.19 14:13:25.740,0.78904,0.78914,1.70,2.50
2008.08.19 14:13:26.414,0.78905,0.78915,4.70,2.50
2008.08.19 14:13:29.344,0.78906,0.78916,1.40,4.00
2008.08.19 14:13:29.538,0.78908,0.78918,2.90,3.10
2008.08.19 14:13:29.640,0.78911,0.78921,3.70,9.50
2008.08.19 14:13:29.932,0.78912,0.78922,1.30,2.50
2008.08.19 14:13:30.171,0.78915,0.78925,2.20,3.20
2008.08.19 14:13:30.412,0.78915,0.7893,2.20,2.50
2008.08.19 14:13:31.430,0.78917,0.78927,3.60,2.50
2008.08.19 14:13:31.578,0.78912,0.78922,2.40,2.50
2008.08.19 14:13:31.664,0.7891,0.78915,1.30,3.10
2008.08.19 14:13:32.760,0.78903,0.78918,3.20,2.50
2008.08.19 14:13:34.610,0.78905,0.78915,2.10,3.10
2008.08.19 14:13:35.488,0.78905,0.78915,2.90,4.00
2008.08.19 14:13:35.636,0.78906,0.78916,1.80,3.30
2008.08.19 14:13:35.786,0.78905,0.7892,2.00,9.50
2008.08.19 14:13:35.934,0.78906,0.78921,2.00,9.50
2008.08.19 14:13:37.369,0.78907,0.78922,1.30,3.10
2008.08.19 14:13:37.743,0.78907,0.78922,3.90,4.00
2008.08.19 14:13:38.100,0.78906,0.78921,1.30,4.00
2008.08.19 14:13:38.280,0.78905,0.7892,1.30,2.50
2008.08.19 14:13:39.487,0.78905,0.7892,2.10,3.10
2008.08.19 14:13:41.304,0.78904,0.78919,2.20,2.70
2008.08.19 14:13:41.768,0.78904,0.78919,3.20,2.50
2008.08.19 14:13:42.075,0.78908,0.78918,3.90,2.70
2008.08.19 14:13:42.384,0.78909,0.78919,5.50,2.50
2008.08.19 14:13:42.996,0.78909,0.78919,2.00,4.70
2008.08.19 14:13:43.328,0.78909,0.78919,1.30,2.50
2008.08.19 14:13:44.135,0.78909,0.78919,2.90,4.00
2008.08.19 14:13:46.944,0.78909,0.78919,4.70,2.50
2008.08.19 14:13:47.127,0.78907,0.78917,1.40,4.00
2008.08.19 14:13:48.056,0.78906,0.78916,2.20,3.20
2008.08.19 14:13:48.420,0.78906,0.78916,2.20,3.20
2008.08.19 14:13:49.312,0.78907,0.78917,2.90,4.00
2008.08.19 14:13:49.867,0.78909,0.78919,2.90,4.00
2008.08.19 14:13:52.895,0.78908,0.78923,4.70,2.50
2008.08.19 14:13:53.492,0.78912,0.78922,1.30,2.50
2008.08.19 14:13:59.820,0.78911,0.78927,2.40,2.50
2008.08.19 14:14:54.765,0.7891,0.78915,1.60,2.70
2008.08.19 14:14:55.837,0.7891,0.78915,1.30,2.70
2008.08.19 14:14:55.993,0.7891,0.78915,2.70,2.70
2008.08.19 14:14:56.438,0.78905,0.78915,4.10,2.70
2008.08.19 14:14:56.583,0.78905,0.78915,2.00,2.70
2008.08.19 14:14:57.898,0.78905,0.78915,1.60,2.70
2008.08.19 14:15:04.237,0.78905,0.78915,1.60,3.70
2008.08.19 14:15:04.321,0.78905,0.78915,1.60,3.70
2008.08.19 14:15:04.597,0.78905,0.78915,1.60,3.90
2008.08.19 14:15:04.873,0.78905,0.78915,1.00,4.80
2008.08.19 14:15:05.426,0.789,0.7891,2.00,1.40
2008.08.19 14:15:14.345,0.789,0.7891,2.50,1.40
2008.08.19 14:15:20.490,0.789,0.7891,2.00,1.40
2008.08.19 14:15:20.837,0.789,0.7891,2.50,1.40
2008.08.19 14:15:21.526,0.789,0.7891,2.00,1.40
2008.08.19 14:15:21.709,0.789,0.7891,1.60,3.30
2008.08.19 14:15:21.985,0.789,0.7891,2.00,3.30
2008.08.19 14:15:24.394,0.789,0.7891,1.60,3.30
2008.08.19 14:15:24.948,0.789,0.7891,2.00,3.30
2008.08.19 14:15:27.143,0.789,0.7891,2.00,1.40
2008.08.19 14:15:27.401,0.789,0.7891,1.60,3.30
2008.08.19 14:15:29.365,0.789,0.7891,2.00,3.30
2008.08.19 14:15:29.622,0.789,0.7891,2.00,4.40
2008.08.19 14:15:29.883,0.789,0.7891,1.60,4.40
2008.08.19 14:15:30.409,0.789,0.7891,1.60,3.30
2008.08.19 14:15:30.634,0.789,0.7891,2.00,3.30
2008.08.19 14:15:31.437,0.789,0.7891,2.00,4.40
2008.08.19 14:15:32.098,0.789,0.7891,2.00,3.30
2008.08.19 14:15:32.546,0.789,0.7891,2.00,1.40
2008.08.19 14:15:34.697,0.789,0.7891,2.50,1.40
2008.08.19 14:15:35.041,0.789,0.7891,4.00,1.40
2008.08.19 14:15:35.637,0.78905,0.7891,1.70,1.40
2008.08.19 14:15:36.393,0.789,0.7891,2.00,1.40
2008.08.19 14:15:37.213,0.789,0.7891,2.00,3.30
2008.08.19 14:15:37.945,0.789,0.7891,1.60,3.30
2008.08.19 14:15:43.833,0.789,0.7891,2.00,1.40
2008.08.19 14:15:44.373,0.789,0.7891,2.00,3.30
2008.08.19 14:15:45.117,0.789,0.7891,2.00,3.60
2008.08.19 14:15:45.697,0.789,0.7891,1.60,3.60
2008.08.19 14:15:46.622,0.789,0.7891,2.00,3.60
2008.08.19 14:15:46.806,0.789,0.7891,2.00,3.30
2008.08.19 14:15:47.832,0.789,0.7891,2.00,1.40
2008.08.19 14:15:48.022,0.789,0.7891,2.50,1.40
2008.08.19 14:15:49.481,0.789,0.7891,2.00,1.40
2008.08.19 14:15:50.190,0.789,0.7891,2.00,3.30
2008.08.19 14:15:50.688,0.789,0.7891,1.60,3.30
2008.08.19 14:15:52.281,0.789,0.7891,2.00,1.40
2008.08.19 14:15:54.381,0.789,0.7891,1.60,3.30
2008.08.19 14:15:54.654,0.789,0.7891,4.00,1.40
2008.08.19 14:15:54.929,0.789,0.7891,2.00,1.40
2008.08.19 14:15:56.953,0.789,0.7891,2.00,3.30
2008.08.19 14:15:57.385,0.789,0.7891,2.00,1.40
2008.08.19 14:15:59.075,0.789,0.7891,2.00,3.30
2008.08.19 14:15:59.629,0.789,0.7891,2.00,1.40
2008.08.19 14:16:00.493,0.789,0.7891,1.60,3.30
2008.08.19 14:16:00.738,0.789,0.7891,1.60,3.60
2008.08.19 14:16:00.985,0.789,0.7891,1.60,3.30
2008.08.19 14:16:01.625,0.789,0.7891,2.00,1.40
2008.08.19 14:16:16.526,0.789,0.7891,2.50,1.40
2008.08.19 14:16:16.595,0.789,0.7891,2.10,1.40
2008.08.19 14:16:16.673,0.789,0.7891,2.50,1.40
2008.08.19 14:16:16.767,0.789,0.7891,2.00,1.40
2008.08.19 14:16:17.925,0.789,0.7891,2.50,1.40
2008.08.19 14:16:18.261,0.78905,0.78915,1.30,1.40
2008.08.19 14:16:18.597,0.7891,0.7892,1.80,2.70
2008.08.19 14:16:18.781,0.7891,0.7892,2.50,2.70
2008.08.19 14:16:19.149,0.78915,0.7892,2.70,2.70
2008.08.19 14:16:19.333,0.78915,0.7892,3.70,3.60
2008.08.19 14:16:19.521,0.7891,0.7892,1.60,2.90
2008.08.19 14:16:19.718,0.7891,0.7892,1.60,2.70
2008.08.19 14:16:20.029,0.7891,0.7892,2.00,2.70
2008.08.19 14:16:20.341,0.7891,0.7892,5.90,2.70
2008.08.19 14:16:20.654,0.7891,0.7892,2.00,2.70
2008.08.19 14:16:21.709,0.7891,0.7892,1.60,2.70
2008.08.19 14:16:22.747,0.7891,0.7892,2.10,2.70
2008.08.19 14:16:22.931,0.7891,0.7892,3.50,2.70
2008.08.19 14:16:23.109,0.78915,0.78925,2.20,4.40
2008.08.19 14:16:23.287,0.78915,0.78925,1.60,4.40
2008.08.19 14:16:23.462,0.78915,0.78925,1.60,4.40
2008.08.19 14:16:23.813,0.78915,0.78925,1.60,3.30
2008.08.19 14:16:24.038,0.78915,0.78925,3.10,1.40
2008.08.19 14:16:24.249,0.78915,0.7893,3.30,4.40
2008.08.19 14:16:24.461,0.78915,0.78925,2.00,2.70
2008.08.19 14:16:24.673,0.7892,0.78925,5.40,2.70
2008.08.19 14:16:25.129,0.78915,0.78925,2.00,2.70
2008.08.19 14:16:28.865,0.78915,0.78925,1.00,2.70
2008.08.19 14:16:29.177,0.78915,0.78925,2.00,2.70
2008.08.19 14:16:29.505,0.78915,0.78925,1.30,2.70
2008.08.19 14:16:29.681,0.78915,0.78925,2.00,2.70
2008.08.19 14:16:32.041,0.78915,0.78925,2.00,3.70
2008.08.19 14:16:32.121,0.78915,0.78925,2.70,3.90
2008.08.19 14:16:32.157,0.78915,0.78925,3.70,3.90
2008.08.19 14:16:32.229,0.7891,0.78925,2.00,3.90
2008.08.19 14:16:33.218,0.7891,0.7892,2.00,9.10
2008.08.19 14:16:33.453,0.7891,0.7892,2.00,1.40
2008.08.19 14:16:37.454,0.7891,0.7892,3.30,1.40
2008.08.19 14:16:37.786,0.7891,0.7892,2.00,1.40
2008.08.19 14:16:37.824,0.7891,0.7892,2.50,1.40
2008.08.19 14:16:37.865,0.7891,0.7892,2.00,1.40
2008.08.19 14:16:39.065,0.7891,0.7892,4.00,1.40
2008.08.19 14:16:41.405,0.7891,0.7892,2.50,1.40
2008.08.19 14:16:41.417,0.7891,0.7892,2.00,1.40
2008.08.19 14:17:01.139,0.7891,0.7892,2.50,1.40
2008.08.19 14:17:01.277,0.7891,0.7892,4.00,1.40
2008.08.19 14:17:09.661,0.78915,0.7892,1.70,1.40
2008.08.19 14:17:11.609,0.78915,0.7892,1.80,1.00
2008.08.19 14:17:11.744,0.78915,0.7893,1.80,3.60
2008.08.19 14:17:11.952,0.78915,0.7893,2.50,3.60
2008.08.19 14:17:12.088,0.7892,0.7893,1.00,3.60
2008.08.19 14:17:12.419,0.7892,0.7893,1.00,4.50
2008.08.19 14:17:12.489,0.7892,0.7893,1.00,4.50
2008.08.19 14:17:12.557,0.7892,0.7893,1.00,3.60
2008.08.19 14:17:12.921,0.7892,0.7893,2.00,1.40
2008.08.19 14:17:15.085,0.78925,0.7893,1.40,1.40
2008.08.19 14:17:15.305,0.78925,0.7893,1.70,1.40
2008.08.19 14:17:15.527,0.78925,0.7893,1.40,1.40
2008.08.19 14:17:15.749,0.78925,0.7893,1.70,1.40
2008.08.19 14:17:16.079,0.78925,0.7893,1.00,3.70
2008.08.19 14:17:16.409,0.78925,0.7893,1.00,1.40
2008.08.19 14:17:16.743,0.78925,0.7893,1.70,1.40
2008.08.19 14:17:16.972,0.78925,0.7893,1.40,1.40
2008.08.19 14:17:17.199,0.78925,0.78935,1.00,1.60
2008.08.19 14:17:17.437,0.78925,0.78935,1.70,1.40
2008.08.19 14:17:17.661,0.78925,0.7894,1.70,5.50
2008.08.19 14:17:17.885,0.78925,0.7894,1.00,4.50
2008.08.19 14:17:18.517,0.7893,0.7894,1.00,4.50
2008.08.19 14:17:19.149,0.78925,0.7894,2.00,4.50
2008.08.19 14:17:19.389,0.78925,0.7894,1.60,3.60
2008.08.19 14:17:19.631,0.78925,0.7894,1.00,4.50
2008.08.19 14:17:20.834,0.78925,0.7894,2.50,3.60
2008.08.19 14:17:21.153,0.7893,0.7894,1.00,3.60
2008.08.19 14:17:21.489,0.7893,0.7894,3.60,3.60
2008.08.19 14:17:21.585,0.78925,0.7894,2.50,3.60
2008.08.19 14:17:21.668,0.78925,0.7894,4.70,3.60
2008.08.19 14:17:21.753,0.7893,0.7894,2.70,3.60
2008.08.19 14:17:21.837,0.7893,0.7894,2.70,4.50
2008.08.19 14:17:22.701,0.78925,0.7894,1.60,4.50
2008.08.19 14:17:24.050,0.78925,0.7894,1.60,3.60
2008.08.19 14:17:24.224,0.78925,0.7894,2.90,3.30
2008.08.19 14:17:24.401,0.7893,0.7894,1.60,3.30
2008.08.19 14:17:24.577,0.7893,0.7894,2.70,3.60
2008.08.19 14:17:25.106,0.78925,0.7894,2.50,3.60
2008.08.19 14:17:25.369,0.78925,0.78935,2.00,1.00
2008.08.19 14:17:25.629,0.78925,0.78935,2.00,1.40
2008.08.19 14:17:26.669,0.78925,0.78935,2.50,1.40
2008.08.19 14:17:27.369,0.78925,0.78935,2.00,1.40
2008.08.19 14:17:27.605,0.78925,0.78935,1.60,3.30
2008.08.19 14:17:29.041,0.78925,0.78935,1.60,4.40
2008.08.19 14:17:29.185,0.78925,0.78935,1.30,4.50
2008.08.19 14:17:29.493,0.78925,0.78935,2.70,4.50
2008.08.19 14:17:29.801,0.7892,0.78935,3.30,4.40
2008.08.19 14:17:30.112,0.78925,0.78935,1.60,4.40
2008.08.19 14:17:30.421,0.78925,0.78935,1.60,3.30
2008.08.19 14:17:31.023,0.7892,0.78935,3.30,3.60
2008.08.19 14:17:31.332,0.78925,0.78935,2.70,3.60
2008.08.19 14:17:32.569,0.7892,0.78925,4.30,1.40
2008.08.19 14:17:32.794,0.78925,0.7893,2.70,3.60
2008.08.19 14:17:33.017,0.7892,0.7893,1.00,3.60
2008.08.19 14:17:33.242,0.7892,0.7893,2.70,3.60
2008.08.19 14:17:33.469,0.78915,0.7893,2.50,3.60
2008.08.19 14:17:33.653,0.78915,0.78925,2.50,2.70
2008.08.19 14:17:33.837,0.78915,0.78925,1.00,2.70
2008.08.19 14:17:34.389,0.78915,0.7893,1.60,3.60
2008.08.19 14:17:34.573,0.78915,0.7893,2.90,2.70
2008.08.19 14:17:35.413,0.78915,0.78925,2.90,2.70
2008.08.19 14:17:35.661,0.78915,0.78925,1.00,2.70
2008.08.19 14:17:35.909,0.78915,0.7893,2.90,4.40
2008.08.19 14:17:36.157,0.78915,0.7893,2.90,3.70
2008.08.19 14:17:36.653,0.7892,0.7893,2.00,3.70
2008.08.19 14:17:36.853,0.7892,0.78925,2.70,1.00
2008.08.19 14:17:37.141,0.7892,0.78925,2.70,3.30
2008.08.19 14:17:37.237,0.7892,0.78925,2.70,1.40
2008.08.19 14:17:37.812,0.78915,0.78925,4.10,1.40
2008.08.19 14:17:38.101,0.78915,0.78925,2.00,1.40
2008.08.19 14:17:38.389,0.7892,0.78925,4.70,1.40
2008.08.19 14:17:39.976,0.78925,0.78935,2.00,3.30
2008.08.19 14:17:40.319,0.78925,0.7893,2.70,2.70
2008.08.19 14:17:40.661,0.7892,0.78935,2.50,3.60
2008.08.19 14:17:41.993,0.7892,0.7893,2.50,2.70
2008.08.19 14:17:42.193,0.7892,0.7893,2.00,2.70
2008.08.19 14:17:42.292,0.7892,0.7893,1.00,2.70
2008.08.19 14:17:42.496,0.7892,0.7893,5.90,2.70
2008.08.19 14:17:42.710,0.7892,0.7893,5.90,4.40
2008.08.19 14:18:34.045,0.78925,0.7893,1.00,1.40
2008.08.19 14:18:34.261,0.78925,0.7893,2.70,1.40
2008.08.19 14:18:35.364,0.7892,0.7893,2.50,1.40
2008.08.19 14:18:36.060,0.7892,0.7893,2.00,1.40
2008.08.19 14:18:36.596,0.7892,0.7893,2.50,1.40
2008.08.19 14:18:36.760,0.78925,0.78935,1.30,3.30
2008.08.19 14:18:36.924,0.78925,0.78935,2.50,4.50
2008.08.19 14:18:37.072,0.7893,0.78935,2.70,2.90
2008.08.19 14:18:37.221,0.7893,0.7894,2.70,5.50
2008.08.19 14:18:37.516,0.7893,0.7894,2.70,4.50
2008.08.19 14:18:37.664,0.78925,0.7894,2.50,4.50
2008.08.19 14:18:37.814,0.78925,0.7893,2.50,1.00
2008.08.19 14:18:37.960,0.78925,0.7893,1.60,1.00
2008.08.19 14:18:38.108,0.78925,0.7894,1.60,4.50
2008.08.19 14:18:38.344,0.78925,0.7894,2.50,4.50
2008.08.19 14:18:39.052,0.78925,0.7894,4.00,3.30
2008.08.19 14:18:39.796,0.7893,0.7894,1.70,3.30
2008.08.19 14:18:40.044,0.7893,0.7894,5.80,3.30
2008.08.19 14:18:42.884,0.7893,0.7894,5.80,4.40
2008.08.19 14:18:43.188,0.7893,0.7894,5.80,1.60
2008.08.19 14:18:43.792,0.7893,0.7894,5.80,1.40
2008.08.19 14:18:44.273,0.78935,0.7894,1.00,1.40
2008.08.19 14:18:45.965,0.7893,0.7894,1.80,1.40
2008.08.19 14:18:46.301,0.7893,0.7894,2.50,1.40
2008.08.19 14:18:47.955,0.78935,0.78945,1.40,3.30
2008.08.19 14:18:48.298,0.78935,0.78945,1.60,3.30
2008.08.19 14:18:50.401,0.78935,0.78945,1.60,4.40
2008.08.19 14:18:50.964,0.78935,0.78945,1.60,3.30
2008.08.19 14:18:51.453,0.78935,0.78945,1.60,3.30
2008.08.19 14:18:51.936,0.78935,0.78945,1.60,3.30
2008.08.19 14:18:52.176,0.78935,0.78945,1.60,4.40
2008.08.19 14:18:55.903,0.78935,0.78945,1.60,3.30
2008.08.19 14:18:56.130,0.78935,0.7894,1.60,2.70
2008.08.19 14:18:56.305,0.78935,0.78945,1.60,3.30
2008.08.19 14:18:56.481,0.78935,0.78945,1.60,4.40
2008.08.19 14:18:58.485,0.78935,0.7894,1.60,2.70
2008.08.19 14:18:58.781,0.78935,0.78945,1.60,4.50
2008.08.19 14:18:58.929,0.78935,0.78945,1.60,4.40
2008.08.19 14:19:00.948,0.78935,0.7894,1.60,2.70
2008.08.19 14:19:02.892,0.78935,0.78945,1.60,3.60
2008.08.19 14:19:08.248,0.78935,0.7894,1.60,2.70
2008.08.19 14:19:15.232,0.78935,0.78945,1.60,3.60
2008.08.19 14:19:16.509,0.78935,0.7894,1.60,2.70
2008.08.19 14:19:16.859,0.7893,0.7894,2.20,3.30
2008.08.19 14:19:16.976,0.7893,0.7894,1.60,3.30
2008.08.19 14:19:17.624,0.7893,0.7894,1.30,4.40
2008.08.19 14:19:17.947,0.7893,0.7894,1.30,4.50
2008.08.19 14:19:18.254,0.7893,0.78935,10.20,2.70
2008.08.19 14:19:18.558,0.78925,0.78935,1.00,2.70
2008.08.19 14:19:20.501,0.78925,0.78935,2.00,2.70
2008.08.19 14:19:20.952,0.78925,0.78935,2.00,3.70
2008.08.19 14:19:21.789,0.7892,0.78935,2.90,3.70
2008.08.19 14:19:22.609,0.7892,0.78935,2.90,2.70
2008.08.19 14:19:22.904,0.7892,0.78935,4.00,2.70
2008.08.19 14:19:24.938,0.78925,0.78935,2.00,2.70
2008.08.19 14:19:25.153,0.78925,0.7894,1.00,4.50
2008.08.19 14:19:26.082,0.78925,0.78935,1.00,2.70
2008.08.19 14:19:26.365,0.78925,0.7894,2.40,4.40
2008.08.19 14:19:28.340,0.78925,0.7894,1.00,4.50
2008.08.19 14:19:28.597,0.78925,0.7894,2.90,3.30
2008.08.19 14:19:28.852,0.78925,0.7894,4.00,3.30
2008.08.19 14:19:28.972,0.7893,0.7894,1.70,1.40
2008.08.19 14:19:29.452,0.7893,0.7894,1.70,3.30
2008.08.19 14:19:30.836,0.7893,0.7894,5.80,3.30
2008.08.19 14:19:31.356,0.7893,0.7894,5.80,1.40
2008.08.19 14:19:31.557,0.78925,0.7894,4.00,3.30
2008.08.19 14:19:32.998,0.78925,0.7894,2.40,4.40
2008.08.19 14:19:34.196,0.78925,0.7894,1.00,4.50
2008.08.19 14:19:35.016,0.78925,0.7894,2.00,4.50
2008.08.19 14:19:36.156,0.78925,0.7894,2.50,4.50
2008.08.19 14:19:36.237,0.78925,0.7894,4.00,4.40
2008.08.19 14:19:36.316,0.78925,0.7894,4.00,3.30
2008.08.19 14:19:36.636,0.78925,0.7894,4.70,3.30
2008.08.19 14:19:36.716,0.7893,0.7894,1.60,3.30
2008.08.19 14:19:38.252,0.7893,0.7894,1.60,3.30
2008.08.19 14:19:39.080,0.7893,0.7894,1.60,3.30
2008.08.19 14:19:40.061,0.78925,0.78935,1.00,2.70
2008.08.19 14:19:40.836,0.78925,0.7894,1.00,4.50
2008.08.19 14:19:43.075,0.78925,0.7894,1.60,3.60
2008.08.19 14:19:43.904,0.78925,0.7894,2.50,3.60
2008.08.19 14:19:44.039,0.78925,0.7894,4.00,3.30
2008.08.19 14:19:44.264,0.78925,0.7894,3.30,4.40
2008.08.19 14:19:44.369,0.78925,0.7894,2.00,4.50
2008.08.19 14:19:44.424,0.78925,0.7894,2.00,7.80
2008.08.19 14:19:44.592,0.78925,0.7894,2.50,6.80
2008.08.19 14:19:44.800,0.78925,0.7894,2.50,3.60
2008.08.19 14:19:45.008,0.78925,0.7894,1.80,3.60
2008.08.19 14:19:45.216,0.78925,0.7894,2.50,3.60
2008.08.19 14:19:45.424,0.78925,0.7894,4.00,3.30
2008.08.19 14:19:46.673,0.78925,0.7894,2.40,4.40
2008.08.19 14:19:46.812,0.78925,0.7894,1.00,4.50
2008.08.19 14:19:47.232,0.78925,0.7894,2.00,4.50
2008.08.19 14:19:47.792,0.78925,0.7894,1.00,4.50
2008.08.19 14:19:48.048,0.78925,0.7893,1.00,1.00
2008.08.19 14:19:48.304,0.78925,0.7893,1.70,1.40
2008.08.19 14:19:51.180,0.78925,0.7893,1.00,1.40
2008.08.19 14:19:51.289,0.7892,0.7893,2.50,1.40
2008.08.19 14:19:53.725,0.7892,0.7893,2.00,1.40
2008.08.19 14:19:54.384,0.7892,0.7893,2.50,1.40
2008.08.19 14:19:56.728,0.7892,0.7893,2.00,1.40
2008.08.19 14:19:58.437,0.7892,0.7893,2.00,3.30
2008.08.19 14:20:01.668,0.7892,0.7893,1.30,3.30
2008.08.19 14:20:01.843,0.7892,0.7893,1.30,1.40
2008.08.19 14:20:03.277,0.7892,0.7893,2.00,1.40
2008.08.19 14:20:10.888,0.7892,0.7893,2.50,1.40
2008.08.19 14:20:11.646,0.7892,0.7893,2.00,1.40
2008.08.19 14:20:11.884,0.78925,0.7893,1.00,1.40
2008.08.19 14:20:12.450,0.7892,0.7893,2.00,1.40
2008.08.19 14:20:12.744,0.78925,0.7893,1.00,1.40
2008.08.19 14:20:12.892,0.78925,0.7893,1.70,1.40
2008.08.19 14:20:15.880,0.7892,0.7893,4.00,1.40
2008.08.19 14:20:18.189,0.78925,0.7893,1.70,1.40
2008.08.19 14:20:19.656,0.7892,0.7893,2.50,1.40
2008.08.19 14:20:21.989,0.7892,0.7893,3.60,1.40
2008.08.19 14:20:22.128,0.7892,0.7893,4.00,1.40
2008.08.19 14:20:25.879,0.78925,0.7893,1.70,1.40
2008.08.19 14:20:28.080,0.7892,0.7893,2.00,1.40
2008.08.19 14:20:28.360,0.7892,0.7893,2.50,1.40
2008.08.19 14:20:30.525,0.7892,0.7893,2.00,1.40
2008.08.19 14:20:31.777,0.7892,0.7893,3.10,1.40
2008.08.19 14:20:31.988,0.7892,0.7893,3.30,1.40
2008.08.19 14:20:35.720,0.7892,0.7893,4.00,1.40
2008.08.19 14:20:35.940,0.7892,0.7893,3.30,1.40
2008.08.19 14:20:36.359,0.7892,0.7893,4.00,1.40
2008.08.19 14:20:37.008,0.7892,0.7893,3.30,1.40
2008.08.19 14:20:37.915,0.7892,0.7893,4.00,1.40
2008.08.19 14:20:39.880,0.78925,0.7893,1.70,1.40
2008.08.19 14:20:49.130,0.78925,0.78935,2.70,1.40
2008.08.19 14:20:49.409,0.7893,0.7894,2.20,5.20
2008.08.19 14:20:49.688,0.7893,0.7894,2.20,4.40
2008.08.19 14:20:51.595,0.7893,0.7894,2.20,3.30
2008.08.19 14:20:52.293,0.7893,0.7894,2.90,3.30
2008.08.19 14:20:55.556,0.7893,0.7894,3.30,1.40
2008.08.19 14:20:56.404,0.7893,0.7894,4.00,1.40
2008.08.19 14:20:56.441,0.7894,0.78945,1.30,4.20
2008.08.19 14:20:56.604,0.7894,0.78945,6.70,4.20
2008.08.19 14:20:56.747,0.7893,0.7894,8.70,1.40
2008.08.19 14:20:56.816,0.7893,0.7894,3.30,1.40
2008.08.19 14:20:57.761,0.7893,0.7894,3.30,3.30
2008.08.19 14:21:02.456,0.7893,0.7894,3.30,1.40
2008.08.19 14:21:04.969,0.7893,0.7894,3.30,3.30
2008.08.19 14:21:06.513,0.7893,0.7894,2.90,3.30
2008.08.19 14:21:06.732,0.7893,0.7894,2.00,3.30
2008.08.19 14:21:06.909,0.7893,0.7894,2.00,4.40
2008.08.19 14:21:07.150,0.78935,0.7894,1.30,4.40
2008.08.19 14:21:07.918,0.78935,0.7894,1.30,3.30
2008.08.19 14:21:08.098,0.7893,0.7894,1.70,3.30
2008.08.19 14:21:08.277,0.7893,0.7894,2.70,3.30
2008.08.19 14:21:08.476,0.7893,0.7894,3.30,3.30
2008.08.19 14:21:08.676,0.7893,0.7894,3.30,1.40
2008.08.19 14:21:09.997,0.7893,0.7894,3.30,3.30
2008.08.19 14:21:10.760,0.7893,0.7894,3.30,1.40
2008.08.19 14:21:20.171,0.7893,0.7894,3.30,1.60
2008.08.19 14:21:20.411,0.7893,0.7894,2.70,1.60
2008.08.19 14:21:23.714,0.7893,0.7894,2.70,1.40
2008.08.19 14:21:24.044,0.7894,0.78945,1.30,4.40
2008.08.19 14:21:24.372,0.7893,0.78945,2.40,4.40
2008.08.19 14:21:25.420,0.7893,0.7894,1.00,13.60
2008.08.19 14:21:25.664,0.7893,0.7894,1.70,2.70
2008.08.19 14:21:26.184,0.7893,0.7894,2.40,2.70
2008.08.19 14:21:30.958,0.7893,0.78945,2.40,4.40
2008.08.19 14:21:32.072,0.7893,0.7894,2.00,2.70
2008.08.19 14:21:32.668,0.7893,0.7894,2.40,2.70
2008.08.19 14:21:33.729,0.7893,0.78945,2.40,4.40
2008.08.19 14:21:33.975,0.7893,0.78945,2.90,4.40
2008.08.19 14:21:34.228,0.7894,0.78945,1.30,4.40
2008.08.19 14:21:38.636,0.7893,0.78945,2.40,4.40
2008.08.19 14:21:38.876,0.7893,0.7894,2.40,2.70
2008.08.19 14:21:39.616,0.7893,0.78945,2.40,4.40
2008.08.19 14:21:40.140,0.7894,0.78945,1.30,4.40
2008.08.19 14:21:40.404,0.7893,0.78945,3.30,4.40
2008.08.19 14:21:41.149,0.7894,0.78945,1.30,4.40
2008.08.19 14:21:41.393,0.7893,0.78945,3.30,4.40
2008.08.19 14:21:43.072,0.7893,0.78945,2.40,4.40
2008.08.19 14:21:43.832,0.7893,0.7894,2.40,2.70
2008.08.19 14:21:46.945,0.7893,0.78945,2.40,4.40
2008.08.19 14:21:47.028,0.7893,0.7894,2.40,2.70
2008.08.19 14:21:47.483,0.7893,0.78945,2.40,4.40
2008.08.19 14:21:48.832,0.7893,0.78945,3.30,4.40
2008.08.19 14:21:50.123,0.7893,0.78945,2.40,4.40
2008.08.19 14:21:52.664,0.7893,0.7894,1.00,4.00
2008.08.19 14:21:52.860,0.7893,0.7894,1.00,1.40
2008.08.19 14:21:52.929,0.7893,0.78945,1.00,5.50
2008.08.19 14:21:53.196,0.7893,0.78945,2.40,4.40
2008.08.19 14:21:54.912,0.7893,0.78945,3.30,4.40
2008.08.19 14:21:56.790,0.7893,0.78945,4.00,3.30
2008.08.19 14:21:57.294,0.78935,0.78945,1.70,3.30
2008.08.19 14:21:57.664,0.7893,0.78945,4.00,3.30
2008.08.19 14:21:57.810,0.7894,0.78945,1.30,4.40
2008.08.19 14:21:57.952,0.7893,0.78945,3.30,4.40
2008.08.19 14:21:58.232,0.78935,0.78945,1.70,4.40
2008.08.19 14:21:59.991,0.78935,0.78945,1.70,3.30
2008.08.19 14:22:00.852,0.78935,0.78945,1.70,4.40
2008.08.19 14:22:02.395,0.78935,0.78945,1.70,3.30
2008.08.19 14:22:02.794,0.78935,0.78945,1.70,1.40
2008.08.19 14:22:03.214,0.78935,0.78945,2.70,1.40
2008.08.19 14:22:05.913,0.78945,0.7895,1.30,4.20
2008.08.19 14:22:06.109,0.78935,0.78945,3.70,1.40
2008.08.19 14:22:06.303,0.78935,0.78945,9.40,1.40
2008.08.19 14:22:07.124,0.78935,0.78945,10.50,1.40
2008.08.19 14:22:07.251,0.7893,0.78945,13.90,1.40
2008.08.19 14:22:07.380,0.78935,0.78945,11.20,1.40
2008.08.19 14:22:08.264,0.78935,0.7895,4.90,3.60
2008.08.19 14:22:08.444,0.78935,0.78955,5.60,4.40
2008.08.19 14:22:08.784,0.7894,0.78955,3.70,2.70
2008.08.19 14:22:09.140,0.7894,0.78955,6.20,2.70
2008.08.19 14:22:09.476,0.7894,0.78955,15.50,3.70
2008.08.19 14:22:09.725,0.7894,0.78955,2.40,3.70
2008.08.19 14:22:09.972,0.7894,0.78955,2.90,2.70
2008.08.19 14:22:10.220,0.7894,0.78955,2.40,3.70
2008.08.19 14:22:11.244,0.7895,0.78955,1.30,2.70
2008.08.19 14:22:11.512,0.7894,0.78955,7.10,2.70
2008.08.19 14:22:11.795,0.7894,0.78955,7.80,2.70
2008.08.19 14:22:12.080,0.7894,0.78955,7.90,2.70
2008.08.19 14:22:12.223,0.7894,0.78955,5.80,4.40
2008.08.19 14:22:12.368,0.7894,0.78955,5.80,3.30
2008.08.19 14:22:13.532,0.7894,0.78955,11.00,3.30
2008.08.19 14:22:14.669,0.78945,0.78955,1.60,4.40
2008.08.19 14:22:15.200,0.78945,0.78955,1.60,4.40
2008.08.19 14:22:15.461,0.78945,0.78955,1.60,3.30
2008.08.19 14:22:17.696,0.78945,0.78955,1.60,4.40
2008.08.19 14:22:21.320,0.78945,0.7896,1.30,5.50
2008.08.19 14:22:21.500,0.7894,0.7896,5.20,4.50
2008.08.19 14:22:21.681,0.78945,0.7896,5.10,3.30
2008.08.19 14:22:22.771,0.78945,0.7896,7.90,3.30
2008.08.19 14:22:22.911,0.78945,0.7896,13.30,3.30
2008.08.19 14:22:26.096,0.7895,0.7896,9.00,2.70
2008.08.19 14:22:26.420,0.7895,0.7896,1.00,2.70
2008.08.19 14:22:28.400,0.7895,0.78965,1.00,4.50
2008.08.19 14:22:28.883,0.78945,0.78965,6.30,3.60
2008.08.19 14:22:29.407,0.78945,0.78965,6.30,2.90
2008.08.19 14:22:33.568,0.7895,0.78965,2.90,2.70
2008.08.19 14:22:33.781,0.7895,0.78965,21.60,2.70
2008.08.19 14:22:34.564,0.7895,0.78965,16.20,3.30
2008.08.19 14:22:36.976,0.7895,0.7896,16.20,2.70
2008.08.19 14:22:37.071,0.7895,0.7896,15.50,3.30
2008.08.19 14:22:37.443,0.7895,0.7896,14.80,2.70
2008.08.19 14:22:37.542,0.78945,0.78965,5.60,4.40
2008.08.19 14:22:37.640,0.78945,0.7896,16.60,2.70
2008.08.19 14:22:37.780,0.7895,0.7896,10.20,2.70
2008.08.19 14:22:37.919,0.7895,0.7896,12.40,2.70
2008.08.19 14:22:38.332,0.7895,0.7896,11.30,2.70
2008.08.19 14:22:38.472,0.7895,0.7896,9.10,2.70
2008.08.19 14:22:40.332,0.7895,0.7896,9.10,3.30
2008.08.19 14:22:40.580,0.7895,0.7896,3.70,3.30
2008.08.19 14:22:40.821,0.78945,0.7896,2.90,3.30
2008.08.19 14:22:43.645,0.7894,0.7896,16.00,4.40
2008.08.19 14:22:43.813,0.7894,0.78955,15.20,2.70
2008.08.19 14:22:43.976,0.7894,0.78955,12.00,3.30
2008.08.19 14:22:44.295,0.7894,0.78955,6.60,2.70
2008.08.19 14:22:44.359,0.7894,0.7896,15.20,4.40
2008.08.19 14:22:45.312,0.78945,0.78955,2.00,3.70
2008.08.19 14:22:45.528,0.7895,0.78955,1.30,3.70
2008.08.19 14:22:45.743,0.7894,0.78955,2.40,3.70
2008.08.19 14:22:45.961,0.7894,0.78955,2.40,4.40
2008.08.19 14:22:48.652,0.7894,0.78955,2.90,4.40
2008.08.19 14:22:49.135,0.7895,0.78955,1.30,3.70
2008.08.19 14:22:49.339,0.78945,0.78955,2.00,2.70
2008.08.19 14:22:49.867,0.7894,0.78955,5.60,2.70
2008.08.19 14:22:50.463,0.7894,0.7896,5.60,4.40
2008.08.19 14:22:53.550,0.78945,0.7896,1.70,4.40
2008.08.19 14:22:53.857,0.78945,0.7896,1.70,4.50
2008.08.19 14:22:54.040,0.78945,0.7896,1.70,4.40
2008.08.19 14:22:54.767,0.78945,0.7896,2.40,4.40
2008.08.19 14:22:56.788,0.7895,0.7896,1.70,4.40
2008.08.19 14:22:57.795,0.78945,0.7896,3.50,3.30
2008.08.19 14:22:58.015,0.78945,0.7896,3.50,2.70
2008.08.19 14:22:58.236,0.78945,0.78965,3.50,4.40
2008.08.19 14:22:58.683,0.78945,0.78965,5.60,4.40
2008.08.19 14:22:58.903,0.7895,0.78965,1.70,4.40
2008.08.19 14:22:59.567,0.7895,0.78965,2.40,4.40
2008.08.19 14:23:00.459,0.7895,0.78965,2.90,4.40
2008.08.19 14:23:00.941,0.78955,0.78965,1.70,1.60
2008.08.19 14:23:01.098,0.78955,0.78965,1.70,1.40
2008.08.19 14:23:01.749,0.7896,0.7897,1.00,5.50
2008.08.19 14:23:01.969,0.7896,0.7897,1.00,2.90
2008.08.19 14:23:02.451,0.7896,0.7897,1.00,3.90
2008.08.19 14:23:02.587,0.7896,0.7897,3.60,3.90
2008.08.19 14:23:02.723,0.7896,0.7897,3.60,4.50
2008.08.19 14:23:02.859,0.78955,0.7897,1.60,4.50
2008.08.19 14:23:03.776,0.78955,0.7897,4.10,4.40
2008.08.19 14:23:03.996,0.78955,0.7897,9.10,2.70
2008.08.19 14:23:05.224,0.7895,0.7897,16.40,2.70
2008.08.19 14:23:05.629,0.7895,0.7897,9.50,2.90
2008.08.19 14:23:06.243,0.7895,0.7897,9.50,4.50
2008.08.19 14:23:06.551,0.7895,0.7897,8.30,4.50
2008.08.19 14:23:06.775,0.7895,0.7897,5.60,4.50
2008.08.19 14:23:07.003,0.78955,0.7897,1.00,4.50
2008.08.19 14:23:07.122,0.78955,0.78965,1.00,1.00
2008.08.19 14:23:07.347,0.78955,0.78965,1.00,1.40
2008.08.19 14:23:07.464,0.78955,0.78965,2.00,3.30
2008.08.19 14:23:07.651,0.78955,0.78965,2.70,3.60
2008.08.19 14:23:07.839,0.78955,0.78965,2.70,4.50
2008.08.19 14:23:08.027,0.78955,0.78965,1.00,4.50
2008.08.19 14:23:08.215,0.7895,0.78965,1.00,4.50
2008.08.19 14:23:08.588,0.78945,0.7896,11.40,2.70
2008.08.19 14:23:08.824,0.78945,0.7896,9.40,3.30
2008.08.19 14:23:09.060,0.78945,0.7896,3.70,1.40
2008.08.19 14:23:09.296,0.78945,0.7896,5.20,2.70
2008.08.19 14:23:10.159,0.78945,0.7896,6.40,2.70
2008.08.19 14:23:10.475,0.78945,0.78965,6.40,3.90
2008.08.19 14:23:10.772,0.78945,0.78965,5.20,3.90
2008.08.19 14:23:11.068,0.7895,0.7896,2.00,2.70
2008.08.19 14:23:11.847,0.78945,0.7896,2.90,2.70
2008.08.19 14:23:12.907,0.7895,0.7896,2.00,2.70
2008.08.19 14:23:13.152,0.7895,0.78965,1.00,4.50
2008.08.19 14:23:13.395,0.7895,0.78965,1.60,4.50
2008.08.19 14:23:14.129,0.7895,0.78965,1.60,3.90
2008.08.19 14:23:14.448,0.7895,0.78965,1.00,3.90
2008.08.19 14:23:14.758,0.7895,0.78965,1.60,3.90
2008.08.19 14:23:15.218,0.7895,0.78965,2.90,3.70
2008.08.19 14:23:15.660,0.7895,0.7896,5.90,2.70
2008.08.19 14:23:15.966,0.78945,0.78965,6.80,3.70
2008.08.19 14:23:17.173,0.78945,0.78965,6.80,2.70
2008.08.19 14:23:18.102,0.78955,0.78965,5.10,2.70
2008.08.19 14:23:18.264,0.7895,0.7897,9.80,4.40
2008.08.19 14:23:18.752,0.78955,0.7897,2.40,4.40
2008.08.19 14:23:19.772,0.78955,0.7897,2.40,4.40
2008.08.19 14:23:21.111,0.7896,0.7897,1.70,4.40
2008.08.19 14:23:21.850,0.7895,0.78965,3.50,1.00
2008.08.19 14:23:22.092,0.7895,0.7897,26.80,5.50
2008.08.19 14:23:22.199,0.7895,0.7897,26.80,4.50
2008.08.19 14:23:22.875,0.78945,0.78965,10.10,2.70
2008.08.19 14:23:23.080,0.7895,0.78965,5.60,2.70
2008.08.19 14:23:23.483,0.7895,0.78965,5.60,2.70
2008.08.19 14:23:23.831,0.7895,0.7897,5.60,4.40
2008.08.19 14:23:24.236,0.7895,0.78965,5.10,2.70
2008.08.19 14:23:24.551,0.7895,0.78965,5.10,3.30
2008.08.19 14:23:24.627,0.7895,0.78965,18.20,3.30
2008.08.19 14:23:24.776,0.78945,0.78965,11.00,3.30
2008.08.19 14:23:26.372,0.78955,0.78965,2.00,3.30
2008.08.19 14:23:27.000,0.7895,0.78965,6.70,3.30
2008.08.19 14:23:27.160,0.7895,0.78965,7.40,2.70
2008.08.19 14:23:27.647,0.7895,0.78965,7.40,2.70
2008.08.19 14:23:28.905,0.7895,0.7897,7.80,3.60
2008.08.19 14:23:29.617,0.78955,0.7897,5.10,1.40
2008.08.19 14:23:31.787,0.7896,0.78975,1.60,3.90
2008.08.19 14:23:32.764,0.78955,0.78975,7.40,2.90
2008.08.19 14:23:32.854,0.7896,0.78975,11.40,2.90
2008.08.19 14:23:34.056,0.7896,0.78975,25.20,2.90
2008.08.19 14:23:34.319,0.7896,0.78975,2.50,3.90
2008.08.19 14:23:35.084,0.7896,0.78975,4.70,1.20
2008.08.19 14:23:35.328,0.7896,0.78975,22.60,3.90
2008.08.19 14:23:35.572,0.78955,0.78975,7.40,3.90
2008.08.19 14:23:37.095,0.78965,0.78975,3.60,3.90
2008.08.19 14:23:37.183,0.7896,0.78975,1.70,2.90
2008.08.19 14:23:37.735,0.7896,0.7897,4.70,1.00
2008.08.19 14:23:38.479,0.7896,0.7897,5.20,1.00
2008.08.19 14:23:38.768,0.78965,0.7897,8.10,1.00
2008.08.19 14:23:39.055,0.78965,0.7898,10.20,1.60
2008.08.19 14:23:39.739,0.78965,0.7898,5.10,1.40
2008.08.19 14:23:40.667,0.78965,0.7898,9.80,1.40
2008.08.19 14:23:41.019,0.78965,0.7898,9.10,1.40
2008.08.19 14:23:41.884,0.7897,0.7898,5.80,1.60
2008.08.19 14:23:42.069,0.78965,0.7898,2.40,4.40
2008.08.19 14:23:42.251,0.7897,0.7898,8.60,4.70
2008.08.19 14:23:42.435,0.7897,0.78975,5.40,1.00
2008.08.19 14:23:42.619,0.7897,0.78975,5.40,1.40
2008.08.19 14:23:42.803,0.78965,0.78975,2.40,1.40
2008.08.19 14:23:45.827,0.7897,0.78975,3.20,1.40
2008.08.19 14:23:46.036,0.78965,0.78975,2.40,4.40
2008.08.19 14:23:46.448,0.78965,0.78975,2.00,4.40
2008.08.19 14:23:46.648,0.7896,0.78975,10.60,4.70
2008.08.19 14:23:46.848,0.7896,0.78975,6.30,4.70
2008.08.19 14:23:47.048,0.7896,0.78975,5.60,4.70
2008.08.19 14:23:47.248,0.7896,0.78975,1.70,4.70
2008.08.19 14:23:47.566,0.7896,0.7897,1.70,2.80
2008.08.19 14:23:48.399,0.78955,0.7897,2.90,2.80
2008.08.19 14:23:49.017,0.7896,0.7897,2.00,2.80
2008.08.19 14:23:51.687,0.7896,0.78975,2.40,4.70
2008.08.19 14:23:51.992,0.7896,0.78975,10.60,4.70
2008.08.19 14:23:52.120,0.7896,0.7897,10.60,2.80
2008.08.19 14:23:52.303,0.7896,0.7897,9.50,2.80
2008.08.19 14:23:53.068,0.7896,0.7897,5.90,2.80
2008.08.19 14:23:53.331,0.7896,0.7897,2.00,2.80
2008.08.19 14:23:53.855,0.78955,0.7897,2.90,2.80
2008.08.19 14:23:54.435,0.78955,0.78965,2.90,2.80
2008.08.19 14:23:54.631,0.78955,0.78965,1.60,2.80
2008.08.19 14:23:55.211,0.78955,0.7897,1.60,3.60
2008.08.19 14:23:55.407,0.78955,0.7897,1.60,4.70
2008.08.19 14:23:59.935,0.78955,0.78965,1.60,2.80
2008.08.19 14:24:01.625,0.78955,0.78965,1.70,2.80
2008.08.19 14:24:01.957,0.78955,0.78965,2.40,2.80
2008.08.19 14:24:03.619,0.78955,0.78965,2.00,2.80
2008.08.19 14:24:05.979,0.7895,0.78965,2.90,2.80
2008.08.19 14:24:06.871,0.7895,0.78965,2.90,3.30
2008.08.19 14:24:07.485,0.7896,0.78965,1.30,3.30
2008.08.19 14:24:07.592,0.78955,0.78965,1.70,1.40
2008.08.19 14:24:07.836,0.7895,0.78965,3.90,3.30
2008.08.19 14:24:07.951,0.7895,0.78965,2.90,3.30
2008.08.19 14:24:08.089,0.7895,0.78965,5.10,3.30
2008.08.19 14:24:08.205,0.78955,0.78965,2.00,3.30
2008.08.19 14:24:08.543,0.7895,0.78965,2.90,3.30
2008.08.19 14:24:09.367,0.7895,0.78965,2.40,4.40
2008.08.19 14:24:09.663,0.7895,0.7896,5.90,2.80
2008.08.19 14:24:10.311,0.78945,0.78955,2.50,2.80
2008.08.19 14:24:10.844,0.78945,0.78955,2.00,2.80
2008.08.19 14:24:11.287,0.7894,0.78955,2.90,2.80
2008.08.19 14:24:14.407,0.7894,0.7895,2.40,2.80
2008.08.19 14:24:15.343,0.7894,0.7895,2.00,2.80
2008.08.19 14:24:16.715,0.7894,0.78955,6.30,4.70
2008.08.19 14:24:16.959,0.7894,0.7895,6.30,3.70
2008.08.19 14:24:17.083,0.7894,0.7895,6.30,1.40
2008.08.19 14:24:17.207,0.7894,0.7895,9.50,1.40
2008.08.19 14:24:17.607,0.7894,0.7895,8.90,1.40
2008.08.19 14:24:18.155,0.7894,0.7895,9.50,1.40
2008.08.19 14:24:19.320,0.7894,0.7895,6.30,1.40
2008.08.19 14:24:20.923,0.7894,0.7895,5.60,3.30
2008.08.19 14:24:24.399,0.7894,0.7895,6.30,3.30
2008.08.19 14:24:24.652,0.7894,0.7895,2.40,3.30
2008.08.19 14:24:24.779,0.7894,0.7895,2.00,3.30
2008.08.19 14:24:25.399,0.78935,0.7895,2.40,4.40
2008.08.19 14:24:25.647,0.78935,0.7895,2.40,4.70
2008.08.19 14:24:25.895,0.78935,0.78945,1.70,1.40
2008.08.19 14:24:32.027,0.78935,0.78945,2.40,1.40
2008.08.19 14:24:32.171,0.78935,0.78945,2.40,4.40
2008.08.19 14:24:32.455,0.78935,0.78945,2.00,3.30
2008.08.19 14:24:32.999,0.7893,0.78945,3.90,3.30
2008.08.19 14:24:33.364,0.7893,0.78945,1.80,4.70
2008.08.19 14:24:33.547,0.7893,0.7894,1.60,2.80
2008.08.19 14:24:34.151,0.7893,0.7894,9.10,2.80
2008.08.19 14:24:34.607,0.7893,0.7894,9.50,2.80
2008.08.19 14:24:35.536,0.7893,0.7894,9.10,2.80
2008.08.19 14:24:35.691,0.7893,0.7894,5.90,2.80
2008.08.19 14:24:36.703,0.78925,0.7894,5.50,3.70
2008.08.19 14:24:36.859,0.78925,0.7894,3.30,3.70
2008.08.19 14:24:37.471,0.78925,0.78935,3.30,1.00
2008.08.19 14:24:37.627,0.78925,0.78935,3.30,1.40
2008.08.19 14:24:37.855,0.78925,0.78935,3.90,1.40
2008.08.19 14:24:38.083,0.78925,0.78935,3.30,1.40
2008.08.19 14:24:38.311,0.78925,0.78935,3.90,1.40
2008.08.19 14:24:39.399,0.7893,0.78945,1.30,5.50
2008.08.19 14:24:39.717,0.7893,0.78945,2.70,4.40
2008.08.19 14:24:40.024,0.78935,0.7894,1.70,19.30
2008.08.19 14:24:40.338,0.7893,0.78945,6.30,4.80
2008.08.19 14:24:40.640,0.7893,0.78945,1.60,6.20
2008.08.19 14:24:40.947,0.7893,0.78945,1.60,2.90
2008.08.19 14:24:41.560,0.7893,0.7894,2.50,3.40
2008.08.19 14:24:41.868,0.7893,0.7894,3.90,14.40
2008.08.19 14:24:42.266,0.7893,0.78945,3.90,2.80
2008.08.19 14:24:42.859,0.7893,0.78945,3.90,3.70
2008.08.19 14:24:43.072,0.7893,0.78945,3.90,4.70
2008.08.19 14:24:43.284,0.7893,0.78945,2.50,2.90
2008.08.19 14:24:44.036,0.7893,0.78945,3.90,2.80
2008.08.19 14:24:45.251,0.78935,0.7895,1.70,4.70
2008.08.19 14:24:45.502,0.7893,0.78945,3.90,2.80
2008.08.19 14:24:47.623,0.78935,0.7895,1.70,4.70
2008.08.19 14:24:48.155,0.78935,0.7895,1.80,4.70
2008.08.19 14:24:48.271,0.7894,0.7895,1.70,1.40
2008.08.19 14:24:48.611,0.7894,0.7895,2.20,1.40
2008.08.19 14:24:48.727,0.7894,0.78955,2.70,4.40
2008.08.19 14:24:49.179,0.78945,0.78955,1.70,2.80
2008.08.19 14:24:49.855,0.7894,0.78955,2.90,2.80
2008.08.19 14:24:50.426,0.78945,0.7896,1.70,22.00
2008.08.19 14:24:50.728,0.78945,0.7896,2.40,22.00
2008.08.19 14:24:51.011,0.78945,0.78955,2.00,2.80
2008.08.19 14:24:51.279,0.78945,0.78955,2.00,3.70
2008.08.19 14:24:51.547,0.78945,0.78955,2.00,2.80
2008.08.19 14:24:52.092,0.7894,0.78955,2.90,2.80
2008.08.19 14:24:52.277,0.7894,0.78955,2.40,3.70
2008.08.19 14:24:52.459,0.7894,0.7895,7.00,2.90
2008.08.19 14:24:52.643,0.7894,0.78955,7.40,3.90
2008.08.19 14:24:52.827,0.7894,0.78955,1.60,6.20
2008.08.19 14:24:53.012,0.7894,0.78955,1.60,4.00
2008.08.19 14:24:53.532,0.7894,0.78955,1.60,4.00
2008.08.19 14:24:53.872,0.7894,0.78955,1.70,4.00
2008.08.19 14:24:54.212,0.7894,0.78955,1.70,4.00
2008.08.19 14:24:55.335,0.7894,0.7895,1.70,3.30
2008.08.19 14:24:56.813,0.7894,0.7895,1.70,1.40
2008.08.19 14:24:58.237,0.7894,0.7895,1.70,3.30
2008.08.19 14:24:59.583,0.7894,0.7895,1.70,1.40
2008.08.19 14:24:59.827,0.7894,0.7895,1.80,1.40
2008.08.19 14:25:00.080,0.7894,0.7895,1.70,1.40
2008.08.19 14:25:00.323,0.7894,0.7895,1.70,3.30
2008.08.19 14:25:01.607,0.78935,0.7895,3.30,4.40
2008.08.19 14:25:01.875,0.78935,0.7895,3.90,3.30
2008.08.19 14:25:02.145,0.7894,0.7895,1.70,3.30
2008.08.19 14:25:04.602,0.7894,0.7895,1.70,4.40
2008.08.19 14:25:04.743,0.7894,0.7895,1.00,4.70
2008.08.19 14:25:05.039,0.7894,0.7895,1.00,4.70
2008.08.19 14:25:05.247,0.7894,0.7895,1.00,4.70
2008.08.19 14:25:05.455,0.7894,0.7895,1.70,3.30
2008.08.19 14:25:05.663,0.7894,0.7895,1.70,1.40
2008.08.19 14:25:06.075,0.7894,0.7895,1.80,3.30
2008.08.19 14:25:06.339,0.7894,0.7895,1.70,3.30
2008.08.19 14:25:06.604,0.7894,0.7895,2.20,3.30
2008.08.19 14:25:06.867,0.7894,0.78955,1.60,2.90
2008.08.19 14:25:07.131,0.7894,0.78955,1.60,2.90
2008.08.19 14:25:08.183,0.7894,0.78955,1.70,4.00
2008.08.19 14:25:08.331,0.7894,0.78955,2.40,4.00
2008.08.19 14:25:08.479,0.7894,0.78955,1.20,4.00
2008.08.19 14:25:09.059,0.78945,0.7895,1.30,1.00
2008.08.19 14:25:09.207,0.78945,0.7896,1.70,4.70
2008.08.19 14:25:10.445,0.78945,0.7896,2.90,3.30
2008.08.19 14:25:10.753,0.7895,0.7896,1.70,1.60
2008.08.19 14:25:11.059,0.7895,0.7896,1.70,1.40
2008.08.19 14:25:11.369,0.7895,0.78965,1.70,4.70
2008.08.19 14:25:11.709,0.7895,0.7896,1.70,1.60
2008.08.19 14:25:12.383,0.7895,0.7896,1.80,1.60
2008.08.19 14:25:13.262,0.7895,0.7896,1.60,1.60
2008.08.19 14:25:13.479,0.7895,0.7896,1.30,1.40
2008.08.19 14:25:14.131,0.7895,0.7896,1.00,1.60
2008.08.19 14:25:14.351,0.7895,0.7896,4.80,1.40
2008.08.19 14:25:14.547,0.7895,0.7896,5.50,1.40
2008.08.19 14:25:14.935,0.7895,0.7896,3.70,1.40
2008.08.19 14:25:15.131,0.7895,0.7896,1.80,1.40
2008.08.19 14:25:15.999,0.7895,0.7896,1.70,1.40
2008.08.19 14:25:17.295,0.7895,0.7896,1.80,3.30
2008.08.19 14:25:17.495,0.7895,0.7896,1.20,3.30
2008.08.19 14:25:17.779,0.7895,0.7896,2.40,1.40
2008.08.19 14:25:17.923,0.7895,0.7896,4.40,1.40
2008.08.19 14:25:18.482,0.7895,0.7896,1.80,1.40
2008.08.19 14:25:26.191,0.7895,0.7896,1.80,3.30
2008.08.19 14:25:27.464,0.7895,0.7896,1.80,1.40
2008.08.19 14:25:28.413,0.7895,0.7896,1.80,1.60
2008.08.19 14:25:28.535,0.7895,0.7896,1.00,1.60
2008.08.19 14:25:28.744,0.7895,0.7896,3.70,1.80
2008.08.19 14:25:28.953,0.7895,0.7896,1.00,1.80
2008.08.19 14:25:30.471,0.78945,0.7896,2.50,3.60
2008.08.19 14:25:30.974,0.78945,0.7896,1.80,4.70
2008.08.19 14:25:31.311,0.7895,0.7896,1.00,4.70
2008.08.19 14:25:32.227,0.78945,0.7896,2.40,4.70
2008.08.19 14:25:33.163,0.78945,0.7896,3.30,4.40
2008.08.19 14:25:33.687,0.78945,0.7896,2.40,4.40
2008.08.19 14:25:33.927,0.78945,0.78955,2.40,2.80
2008.08.19 14:25:34.831,0.78945,0.7896,2.40,4.70
2008.08.19 14:25:35.541,0.78945,0.78955,2.40,1.00
2008.08.19 14:25:35.639,0.78945,0.78955,2.40,3.30
2008.08.19 14:25:36.104,0.7894,0.78955,1.80,5.50
2008.08.19 14:25:36.419,0.7894,0.78955,3.30,4.40
2008.08.19 14:25:36.759,0.7894,0.7895,14.50,2.80
2008.08.19 14:25:37.078,0.7894,0.7895,13.50,2.80
2008.08.19 14:25:37.239,0.7894,0.7895,15.60,2.80
2008.08.19 14:25:37.424,0.78935,0.7895,2.90,2.80
2008.08.19 14:25:42.327,0.78935,0.7895,2.20,2.80
2008.08.19 14:25:42.464,0.78935,0.7895,1.70,3.70
2008.08.19 14:25:42.511,0.78935,0.7895,1.00,4.00
2008.08.19 14:25:42.560,0.78935,0.78945,1.00,2.80
2008.08.19 14:25:42.695,0.78935,0.78945,1.70,2.80
2008.08.19 14:25:43.105,0.78935,0.78945,1.70,2.80
2008.08.19 14:25:43.331,0.78935,0.7895,1.60,2.90
2008.08.19 14:25:43.559,0.78935,0.7895,2.90,3.70
2008.08.19 14:25:43.787,0.7894,0.7895,2.20,2.80
2008.08.19 14:25:44.015,0.7894,0.7895,1.60,2.80
2008.08.19 14:25:44.221,0.7894,0.7895,1.30,2.80
2008.08.19 14:25:45.141,0.7894,0.7895,1.60,4.00
2008.08.19 14:25:45.303,0.78935,0.7895,3.90,4.40
2008.08.19 14:25:45.461,0.78935,0.7895,3.20,3.70
2008.08.19 14:25:45.619,0.78935,0.7895,2.20,2.80
2008.08.19 14:25:46.439,0.78935,0.78945,1.20,2.80
2008.08.19 14:25:46.735,0.78935,0.7895,2.20,2.80
2008.08.19 14:25:47.058,0.78935,0.78945,1.80,2.80
2008.08.19 14:25:47.353,0.78935,0.7895,1.70,4.00
2008.08.19 14:25:47.603,0.7893,0.78945,3.90,2.80
2008.08.19 14:25:48.107,0.78935,0.7895,1.70,4.70
2008.08.19 14:25:48.363,0.7893,0.78945,6.00,2.80
2008.08.19 14:25:48.619,0.78935,0.78945,2.00,2.80
2008.08.19 14:25:48.875,0.78935,0.7895,3.30,4.40
2008.08.19 14:25:52.407,0.78935,0.7895,1.70,4.70
2008.08.19 14:25:52.510,0.78935,0.7895,2.40,4.70
2008.08.19 14:25:53.162,0.78935,0.7895,1.70,4.70
2008.08.19 14:25:53.249,0.78935,0.78945,1.70,2.80
2008.08.19 14:25:53.895,0.7893,0.78945,3.90,2.80
2008.08.19 14:25:54.165,0.78935,0.7895,1.70,4.70
2008.08.19 14:25:54.769,0.78935,0.7895,2.40,4.70
2008.08.19 14:25:55.315,0.78935,0.7895,2.40,4.40
2008.08.19 14:25:55.423,0.78935,0.7895,3.30,4.40
2008.08.19 14:25:57.247,0.78935,0.78945,1.70,2.80
2008.08.19 14:25:57.455,0.78935,0.78945,2.40,2.80
2008.08.19 14:25:57.663,0.7893,0.78945,5.10,2.80
2008.08.19 14:25:57.807,0.7893,0.78945,2.90,3.70
2008.08.19 14:25:58.091,0.7893,0.7894,1.30,2.80
2008.08.19 14:25:58.235,0.78925,0.7894,3.90,2.80
2008.08.19 14:25:58.380,0.78925,0.7894,2.90,2.80
2008.08.19 14:25:58.523,0.78925,0.7894,2.90,3.70
2008.08.19 14:25:58.667,0.78935,0.7894,1.30,3.70
2008.08.19 14:25:58.991,0.78925,0.7894,2.90,2.80
2008.08.19 14:26:00.215,0.78925,0.7894,2.40,3.70
2008.08.19 14:26:00.411,0.78925,0.78935,2.40,2.80
2008.08.19 14:26:01.568,0.78925,0.7894,2.40,4.40
2008.08.19 14:26:02.128,0.78925,0.7894,2.90,3.30
2008.08.19 14:26:02.187,0.78925,0.7894,2.90,2.80
2008.08.19 14:26:02.415,0.78925,0.7894,3.90,2.80
2008.08.19 14:26:04.282,0.78925,0.7894,3.90,3.70
2008.08.19 14:26:04.447,0.78925,0.78935,3.90,1.00
2008.08.19 14:26:04.612,0.78925,0.78935,3.30,1.40
2008.08.19 14:26:04.775,0.78925,0.78935,3.30,3.30
2008.08.19 14:26:06.291,0.78925,0.78935,3.30,2.80
2008.08.19 14:26:07.821,0.78925,0.7894,3.30,4.40
2008.08.19 14:26:08.059,0.78925,0.7894,2.90,4.40
2008.08.19 14:26:08.182,0.78925,0.78935,2.90,2.80
2008.08.19 14:26:10.340,0.78925,0.78935,3.30,2.80
2008.08.19 14:26:10.509,0.78925,0.7894,3.30,4.40
2008.08.19 14:26:11.559,0.78925,0.78935,3.30,2.80
2008.08.19 14:26:11.971,0.78925,0.78935,3.90,2.80
2008.08.19 14:26:13.018,0.78925,0.7894,3.90,3.30
2008.08.19 14:26:13.279,0.78925,0.7894,3.90,4.40
2008.08.19 14:26:13.826,0.78925,0.7894,3.90,3.30
2008.08.19 14:26:14.647,0.78925,0.7894,3.90,4.40
2008.08.19 14:26:14.855,0.78925,0.7894,3.30,4.40
2008.08.19 14:26:15.971,0.78925,0.78935,3.30,3.30
2008.08.19 14:26:17.486,0.78925,0.78935,2.90,3.30
2008.08.19 14:26:17.643,0.78925,0.78935,1.60,3.30
2008.08.19 14:26:18.211,0.78925,0.78935,1.60,3.30
2008.08.19 14:26:18.616,0.78925,0.78935,1.60,3.30
2008.08.19 14:26:19.171,0.78925,0.78935,1.60,2.80
2008.08.19 14:26:20.142,0.78925,0.78935,1.60,2.80
2008.08.19 14:26:20.647,0.78925,0.78935,1.60,3.30
2008.08.19 14:26:23.146,0.78925,0.78935,1.60,2.80
2008.08.19 14:26:23.278,0.78925,0.78935,1.80,2.80
2008.08.19 14:26:24.679,0.78925,0.78935,1.60,2.80
2008.08.19 14:26:24.914,0.78925,0.78935,1.60,3.30
2008.08.19 14:26:25.266,0.78925,0.7893,2.00,1.40
2008.08.19 14:26:25.783,0.7892,0.7893,3.90,1.40
2008.08.19 14:26:26.011,0.78925,0.78935,2.20,4.30
2008.08.19 14:26:26.228,0.78925,0.78935,1.60,3.30
2008.08.19 14:26:26.852,0.78925,0.78935,1.60,3.30
2008.08.19 14:26:30.230,0.78925,0.78935,2.90,3.30
2008.08.19 14:26:30.863,0.78925,0.78935,1.60,3.30
2008.08.19 14:26:34.511,0.78925,0.78935,1.60,2.80
2008.08.19 14:26:34.618,0.78925,0.78935,2.10,2.80
2008.08.19 14:26:34.727,0.78925,0.7894,3.90,4.40
2008.08.19 14:26:34.836,0.78925,0.7894,3.30,4.40
2008.08.19 14:26:35.195,0.78925,0.7894,3.90,4.40
2008.08.19 14:26:35.643,0.78925,0.7894,3.90,2.80
2008.08.19 14:26:36.118,0.78925,0.78935,3.90,2.80
2008.08.19 14:26:37.043,0.78925,0.78935,1.80,3.30
2008.08.19 14:26:37.271,0.78925,0.78935,1.30,2.80
2008.08.19 14:26:37.742,0.78925,0.7894,3.90,4.40
2008.08.19 14:26:37.905,0.78925,0.7894,3.30,3.70
2008.08.19 14:26:38.070,0.78925,0.78935,1.60,3.30
2008.08.19 14:26:39.262,0.78925,0.78935,1.60,3.30
2008.08.19 14:26:40.391,0.78925,0.78935,2.20,2.80
2008.08.19 14:26:40.730,0.78925,0.78935,2.90,2.80
2008.08.19 14:26:41.047,0.78925,0.78935,1.60,3.30
2008.08.19 14:26:41.363,0.78925,0.78935,1.80,3.30
2008.08.19 14:26:41.681,0.78925,0.78935,1.60,3.30
2008.08.19 14:26:41.995,0.78925,0.78935,1.60,3.30
2008.08.19 14:26:44.712,0.78925,0.78935,1.60,4.40
2008.08.19 14:26:47.219,0.78925,0.78935,1.60,3.30
2008.08.19 14:26:47.523,0.78925,0.78935,1.60,4.40
2008.08.19 14:26:48.260,0.78925,0.78935,1.60,3.30
2008.08.19 14:26:52.570,0.78925,0.7893,1.60,2.80
2008.08.19 14:26:52.778,0.78925,0.78935,1.60,3.30
2008.08.19 14:26:52.888,0.78925,0.78935,2.20,3.30
2008.08.19 14:26:52.990,0.7892,0.7893,3.90,3.70
2008.08.19 14:26:53.091,0.78925,0.78935,2.20,3.30
2008.08.19 14:26:53.191,0.78925,0.78935,2.20,4.30
2008.08.19 14:26:53.291,0.78925,0.78935,1.60,3.30
2008.08.19 14:26:53.942,0.78925,0.78935,1.60,3.30
2008.08.19 14:26:54.880,0.78925,0.78935,1.60,3.30
2008.08.19 14:26:55.722,0.78925,0.78935,1.60,2.80
2008.08.19 14:26:56.175,0.78925,0.7894,1.30,4.00
2008.08.19 14:26:57.063,0.78925,0.7894,1.80,4.00
2008.08.19 14:26:57.606,0.7893,0.7894,1.00,4.00
2008.08.19 14:26:57.954,0.7893,0.7894,1.70,2.80
2008.08.19 14:26:58.459,0.7893,0.78945,1.70,4.00
2008.08.19 14:26:59.127,0.7893,0.78945,1.80,4.00
2008.08.19 14:27:02.828,0.7893,0.78945,2.70,4.00
2008.08.19 14:27:02.975,0.7893,0.78945,3.30,4.00
2008.08.19 14:27:03.314,0.7893,0.78945,2.00,4.00
2008.08.19 14:27:03.718,0.7893,0.78945,1.20,4.00
2008.08.19 14:27:04.123,0.7893,0.78945,1.80,4.00
2008.08.19 14:27:04.919,0.7894,0.7895,3.20,3.90
2008.08.19 14:27:04.998,0.78945,0.7895,1.00,3.60
2008.08.19 14:27:05.079,0.78945,0.7895,1.60,2.80
2008.08.19 14:27:05.708,0.78945,0.78955,1.60,3.30
2008.08.19 14:27:06.283,0.78945,0.7895,1.60,2.80
2008.08.19 14:27:07.375,0.78945,0.78955,1.60,4.40
2008.08.19 14:27:08.074,0.78945,0.78955,1.60,2.80
2008.08.19 14:27:08.211,0.78945,0.78955,2.70,2.80
2008.08.19 14:27:08.350,0.78945,0.78955,1.30,2.80
2008.08.19 14:27:08.491,0.78945,0.78955,1.30,3.30
2008.08.19 14:27:08.768,0.78945,0.78955,1.60,3.30
2008.08.19 14:27:10.278,0.78945,0.78955,1.60,3.30
2008.08.19 14:27:11.501,0.78945,0.78955,1.60,4.40
2008.08.19 14:27:11.624,0.78945,0.78955,1.60,3.70
2008.08.19 14:27:11.747,0.78945,0.78955,1.60,3.30
2008.08.19 14:27:11.870,0.78945,0.78955,1.60,4.40
2008.08.19 14:27:12.114,0.78945,0.78955,1.60,2.80
2008.08.19 14:27:12.539,0.78945,0.78955,1.60,3.70
2008.08.19 14:27:12.722,0.78945,0.78955,1.60,3.30
2008.08.19 14:27:12.906,0.78945,0.78955,1.60,2.80
2008.08.19 14:27:13.658,0.78945,0.7895,1.60,2.80
2008.08.19 14:27:14.035,0.78945,0.78955,1.60,3.70
2008.08.19 14:27:14.292,0.78945,0.78955,1.60,2.80
2008.08.19 14:27:15.191,0.78945,0.7895,1.60,2.80
2008.08.19 14:27:15.754,0.78945,0.78955,1.60,3.70
2008.08.19 14:27:16.018,0.78945,0.78955,1.60,4.40
2008.08.19 14:27:18.271,0.78945,0.7895,1.60,2.80
2008.08.19 14:27:20.475,0.78945,0.78955,1.60,4.40
2008.08.19 14:27:21.084,0.78945,0.7895,1.60,2.80
2008.08.19 14:27:23.099,0.78945,0.78955,1.60,3.30
2008.08.19 14:27:23.238,0.78945,0.7895,1.60,2.80
2008.08.19 14:27:23.374,0.78945,0.78955,1.60,4.40
2008.08.19 14:27:24.972,0.78945,0.7895,1.60,2.80
2008.08.19 14:27:26.677,0.7894,0.7895,2.20,4.40
2008.08.19 14:27:27.015,0.7894,0.7895,1.60,4.40
2008.08.19 14:27:27.786,0.7894,0.78945,1.60,1.00
2008.08.19 14:27:27.944,0.7894,0.7895,1.60,4.40
2008.08.19 14:27:28.022,0.7894,0.7895,1.60,5.50
2008.08.19 14:27:28.102,0.7894,0.78945,8.50,2.80
2008.08.19 14:27:28.272,0.7894,0.78945,6.30,2.80
2008.08.19 14:27:28.451,0.7894,0.78945,1.60,2.80
2008.08.19 14:27:29.274,0.7894,0.7895,1.60,4.40
2008.08.19 14:27:32.860,0.7894,0.7895,1.60,3.30
2008.08.19 14:27:35.599,0.7894,0.7895,1.60,4.40
2008.08.19 14:27:35.826,0.7894,0.7895,1.60,3.60
2008.08.19 14:27:35.926,0.78935,0.78945,2.70,3.30
2008.08.19 14:27:35.975,0.78935,0.78945,4.00,3.30
2008.08.19 14:27:36.336,0.78935,0.78945,1.70,2.80
2008.08.19 14:27:36.678,0.7894,0.78945,1.00,2.80
2008.08.19 14:27:38.286,0.7894,0.78945,1.00,3.70
2008.08.19 14:27:38.383,0.7893,0.78945,3.50,3.70
2008.08.19 14:27:38.458,0.7893,0.78945,3.50,4.00
2008.08.19 14:27:38.554,0.7893,0.78945,2.00,4.00
2008.08.19 14:27:38.989,0.7893,0.7894,2.00,3.70
2008.08.19 14:27:39.064,0.7893,0.7894,2.00,1.60
2008.08.19 14:27:39.114,0.7893,0.7894,1.30,1.60
2008.08.19 14:27:39.164,0.7893,0.7894,14.80,4.40
2008.08.19 14:27:39.646,0.7894,0.78945,1.00,5.20
2008.08.19 14:27:40.910,0.78925,0.7894,3.90,4.40
2008.08.19 14:27:41.919,0.78925,0.7894,6.00,3.30
2008.08.19 14:27:42.146,0.7893,0.7894,6.20,4.40
2008.08.19 14:27:42.376,0.7893,0.7894,1.60,3.30
2008.08.19 14:27:42.602,0.7893,0.7894,1.60,3.30
2008.08.19 14:27:42.904,0.7893,0.7894,1.60,3.30
2008.08.19 14:27:47.047,0.7893,0.7894,1.80,3.30
2008.08.19 14:27:47.999,0.7893,0.7894,1.80,1.40
2008.08.19 14:27:48.813,0.7893,0.7894,1.80,3.30
2008.08.19 14:27:49.703,0.7893,0.7894,1.60,3.30
2008.08.19 14:27:50.202,0.7893,0.7894,1.60,4.40
2008.08.19 14:27:50.307,0.7893,0.7894,1.60,4.40
2008.08.19 14:27:50.898,0.7893,0.7894,1.60,3.30
2008.08.19 14:27:51.102,0.7893,0.7894,1.30,3.30
2008.08.19 14:27:51.442,0.7893,0.7894,1.80,3.30
2008.08.19 14:27:52.118,0.7893,0.7894,1.60,4.40
2008.08.19 14:27:52.698,0.7893,0.7894,1.60,3.30
2008.08.19 14:27:53.446,0.7893,0.7894,1.60,4.40
2008.08.19 14:27:53.554,0.7893,0.7894,1.60,4.40
2008.08.19 14:27:53.766,0.78925,0.7894,4.00,4.40
2008.08.19 14:27:53.979,0.78925,0.78935,2.90,2.80
2008.08.19 14:27:55.654,0.78925,0.78935,1.60,2.80
2008.08.19 14:27:55.794,0.7892,0.78925,9.10,2.80
2008.08.19 14:27:55.934,0.7892,0.78925,1.00,2.80
2008.08.19 14:27:56.210,0.7892,0.78925,8.10,2.80
2008.08.19 14:27:56.351,0.7892,0.78925,10.20,3.50
2008.08.19 14:27:56.843,0.7892,0.78925,4.30,4.20
2008.08.19 14:27:57.091,0.7891,0.7892,3.70,4.40
2008.08.19 14:27:57.339,0.7891,0.7892,3.10,3.30
2008.08.19 14:27:57.766,0.7891,0.7892,1.60,2.80
2008.08.19 14:27:58.406,0.7891,0.7892,1.60,2.80
2008.08.19 14:27:58.622,0.7891,0.78925,3.90,4.40
2008.08.19 14:27:58.841,0.78915,0.78925,2.20,4.40
2008.08.19 14:27:59.055,0.78915,0.78925,1.60,4.40
2008.08.19 14:28:00.225,0.7891,0.7892,4.00,1.00
2008.08.19 14:28:00.470,0.7891,0.7892,1.30,1.60
2008.08.19 14:28:00.731,0.7891,0.78925,1.30,4.70
2008.08.19 14:28:00.991,0.7891,0.7892,1.60,2.80
2008.08.19 14:28:01.251,0.7891,0.78925,1.80,4.70
2008.08.19 14:28:01.510,0.7891,0.78925,3.90,3.30
2008.08.19 14:28:01.978,0.78915,0.78925,1.60,3.30
2008.08.19 14:28:02.570,0.78915,0.78925,1.60,2.80
2008.08.19 14:28:03.194,0.78915,0.78925,1.60,3.30
2008.08.19 14:28:03.572,0.78915,0.78925,1.60,4.70
2008.08.19 14:28:03.900,0.78915,0.7892,1.60,2.80
2008.08.19 14:28:04.245,0.78915,0.7892,1.60,2.80
2008.08.19 14:28:04.570,0.78915,0.78925,1.60,2.80
2008.08.19 14:28:05.354,0.78915,0.78925,1.60,3.70
2008.08.19 14:28:05.514,0.78915,0.78925,1.60,4.40
2008.08.19 14:28:05.814,0.78915,0.78925,1.60,2.80
2008.08.19 14:28:06.410,0.78915,0.78925,1.60,3.30
2008.08.19 14:28:06.710,0.78915,0.78925,1.60,2.80
2008.08.19 14:28:10.109,0.78915,0.78925,3.60,2.80
2008.08.19 14:28:10.238,0.78915,0.78925,3.90,2.80
2008.08.19 14:28:12.180,0.78915,0.78925,2.50,2.80
2008.08.19 14:28:12.311,0.78915,0.78925,1.60,2.80
2008.08.19 14:28:12.560,0.78915,0.78925,3.50,2.80
2008.08.19 14:28:12.689,0.78915,0.7893,3.90,4.40
2008.08.19 14:28:12.814,0.78915,0.78925,2.90,2.80
2008.08.19 14:28:12.942,0.78915,0.78925,1.60,2.80
2008.08.19 14:28:13.619,0.7891,0.78925,4.70,2.80
2008.08.19 14:28:13.877,0.7891,0.78925,3.90,2.80
2008.08.19 14:28:14.085,0.78915,0.78925,2.00,2.80
2008.08.19 14:28:15.862,0.78915,0.78925,2.40,2.80
2008.08.19 14:28:16.151,0.78915,0.78925,1.80,2.80
2008.08.19 14:28:16.490,0.78915,0.78925,2.40,2.80
2008.08.19 14:28:17.081,0.78915,0.78925,3.30,2.80
2008.08.19 14:28:17.274,0.78915,0.78925,2.40,2.80
2008.08.19 14:28:17.470,0.78915,0.78925,2.00,2.80
2008.08.19 14:28:17.630,0.78915,0.78925,1.60,2.80
2008.08.19 14:28:23.466,0.78915,0.78925,2.10,2.80
2008.08.19 14:28:23.530,0.78915,0.78925,3.50,2.80
2008.08.19 14:28:23.679,0.78915,0.7893,3.90,3.30
2008.08.19 14:28:23.880,0.78915,0.7893,3.90,2.80
2008.08.19 14:28:24.094,0.7892,0.7893,2.00,2.80
2008.08.19 14:28:25.117,0.7892,0.7893,5.90,2.80
2008.08.19 14:28:26.058,0.7892,0.7893,6.30,2.80
2008.08.19 14:28:26.410,0.7892,0.7893,5.90,2.80
2008.08.19 14:28:27.087,0.7892,0.7893,2.00,3.30
2008.08.19 14:28:27.650,0.78915,0.7893,3.90,3.30
2008.08.19 14:28:28.003,0.7892,0.7893,5.90,3.30
2008.08.19 14:28:28.598,0.7892,0.7893,1.30,3.30
2008.08.19 14:28:28.714,0.7892,0.7893,1.60,3.30
2008.08.19 14:28:29.510,0.7892,0.7893,1.60,3.30
2008.08.19 14:28:29.776,0.7892,0.7893,1.60,4.40
2008.08.19 14:28:29.990,0.7892,0.7893,1.60,4.70
2008.08.19 14:28:30.206,0.78915,0.78925,2.90,3.30
2008.08.19 14:28:30.422,0.78915,0.78925,1.60,3.30
2008.08.19 14:28:33.083,0.78915,0.78925,1.60,4.40
2008.08.19 14:28:33.287,0.78915,0.78925,2.20,4.40
2008.08.19 14:28:33.390,0.7891,0.78925,2.40,4.40
2008.08.19 14:28:34.170,0.7891,0.78925,1.70,4.70
2008.08.19 14:28:35.550,0.7891,0.78925,1.60,3.60
2008.08.19 14:28:35.614,0.7891,0.78925,2.50,3.60
2008.08.19 14:28:35.778,0.7891,0.78925,3.60,3.60
2008.08.19 14:28:35.942,0.7891,0.78925,3.90,4.40
2008.08.19 14:28:36.870,0.7891,0.78925,3.90,3.30
2008.08.19 14:28:37.690,0.78915,0.78925,1.70,3.30
2008.08.19 14:28:37.967,0.78915,0.78925,1.00,4.40
2008.08.19 14:28:38.132,0.78915,0.78925,1.70,4.40
2008.08.19 14:28:38.454,0.78915,0.78925,1.70,3.30
2008.08.19 14:28:38.618,0.78915,0.78925,1.70,4.40
2008.08.19 14:28:38.784,0.78915,0.7892,1.70,1.40
2008.08.19 14:28:39.106,0.7891,0.7892,1.80,1.40
2008.08.19 14:28:41.187,0.7891,0.7892,1.80,1.40
2008.08.19 14:28:41.542,0.7891,0.78925,3.20,4.30
2008.08.19 14:28:41.722,0.78915,0.78925,1.70,4.40
2008.08.19 14:28:41.902,0.7891,0.78925,2.70,3.30
2008.08.19 14:28:42.201,0.78915,0.78925,1.70,1.40
2008.08.19 14:28:42.462,0.7892,0.78925,1.00,1.40
2008.08.19 14:28:43.018,0.78915,0.78925,1.70,1.40
2008.08.19 14:28:43.567,0.78915,0.78925,1.70,3.30
2008.08.19 14:28:43.842,0.78915,0.78925,1.70,1.40
2008.08.19 14:28:44.282,0.7891,0.78925,3.90,3.30
2008.08.19 14:28:44.587,0.78915,0.78925,3.50,1.60
2008.08.19 14:28:44.890,0.78915,0.78925,1.30,1.40
2008.08.19 14:28:45.194,0.78915,0.78925,1.80,1.40
2008.08.19 14:28:47.689,0.78915,0.78925,1.70,1.40
2008.08.19 14:28:47.757,0.78915,0.78925,2.40,1.40
2008.08.19 14:28:48.884,0.7892,0.78925,1.00,1.40
2008.08.19 14:28:49.046,0.7892,0.7893,1.30,5.20
2008.08.19 14:28:49.270,0.7892,0.7893,1.30,4.40
2008.08.19 14:28:49.495,0.7892,0.7893,1.30,3.30
2008.08.19 14:28:49.718,0.7892,0.7893,2.70,2.80
2008.08.19 14:28:49.943,0.7892,0.7893,3.30,2.80
2008.08.19 14:28:51.450,0.7892,0.78935,3.30,4.40
2008.08.19 14:28:51.982,0.78925,0.78935,2.20,2.80
2008.08.19 14:28:52.250,0.78925,0.78935,2.70,2.80
2008.08.19 14:28:52.386,0.78925,0.78935,1.70,3.30
2008.08.19 14:28:52.654,0.7892,0.78935,3.90,3.30
2008.08.19 14:28:57.595,0.78925,0.7894,1.70,5.50
2008.08.19 14:28:57.679,0.78925,0.7894,2.40,4.70
2008.08.19 14:28:58.804,0.78925,0.7894,2.40,4.40
2008.08.19 14:28:59.062,0.78925,0.7894,3.30,4.40
2008.08.19 14:28:59.238,0.78925,0.7894,1.80,4.70
2008.08.19 14:28:59.326,0.78925,0.7894,1.70,4.70
2008.08.19 14:28:59.410,0.78925,0.7894,2.40,4.70
2008.08.19 14:29:01.069,0.78925,0.78935,2.40,2.80
2008.08.19 14:29:01.622,0.78925,0.78935,2.00,3.30
2008.08.19 14:29:01.884,0.78925,0.7893,2.70,2.80
2008.08.19 14:29:02.142,0.78925,0.78935,2.00,4.40
2008.08.19 14:29:02.402,0.7892,0.78935,3.90,3.30
2008.08.19 14:29:04.688,0.7892,0.78935,3.30,4.40
2008.08.19 14:29:04.944,0.7892,0.7893,3.30,1.00
2008.08.19 14:29:05.014,0.7892,0.7893,1.80,1.00
2008.08.19 14:29:05.050,0.7892,0.7893,1.70,1.00
2008.08.19 14:29:05.098,0.7892,0.78925,1.70,1.00
2008.08.19 14:29:05.199,0.7892,0.7893,11.70,1.60
2008.08.19 14:29:05.298,0.7892,0.7893,6.30,1.60
2008.08.19 14:29:05.334,0.7892,0.7893,6.30,1.40
2008.08.19 14:29:05.370,0.7892,0.78935,6.30,5.50
2008.08.19 14:29:05.407,0.7892,0.78935,6.30,4.70
2008.08.19 14:29:05.616,0.7892,0.78935,2.40,4.70
2008.08.19 14:29:05.650,0.7892,0.7893,2.00,2.80
2008.08.19 14:29:05.755,0.7892,0.7893,2.40,2.80
2008.08.19 14:29:06.094,0.7892,0.78935,2.40,4.70
2008.08.19 14:29:06.434,0.7892,0.78935,1.60,4.00
2008.08.19 14:29:06.775,0.7892,0.78935,1.60,2.90
2008.08.19 14:29:07.354,0.7892,0.7893,2.40,2.80
2008.08.19 14:29:07.550,0.7892,0.78935,2.90,2.80
2008.08.19 14:29:07.747,0.7892,0.78935,3.30,3.70
2008.08.19 14:29:07.946,0.7892,0.78935,6.30,4.00
2008.08.19 14:29:08.066,0.7892,0.7893,6.30,1.00
2008.08.19 14:29:08.186,0.7892,0.7893,6.30,1.40
2008.08.19 14:29:08.306,0.7892,0.7893,2.40,1.40
2008.08.19 14:29:08.786,0.7892,0.7893,1.70,1.40
2008.08.19 14:29:09.638,0.78925,0.78935,1.60,2.80
2008.08.19 14:29:09.854,0.78925,0.78935,1.60,3.70
2008.08.19 14:29:10.089,0.7892,0.78935,4.70,2.80
2008.08.19 14:29:10.246,0.7892,0.78935,3.90,2.80
2008.08.19 14:29:10.563,0.7892,0.78935,1.80,4.00
2008.08.19 14:29:11.142,0.78925,0.78935,2.20,3.70
2008.08.19 14:29:11.410,0.78925,0.78935,1.60,3.70
2008.08.19 14:29:12.206,0.78925,0.78935,1.60,3.70
2008.08.19 14:29:12.739,0.78925,0.78935,1.60,2.80
2008.08.19 14:29:12.958,0.78925,0.78935,2.00,2.80
2008.08.19 14:29:13.182,0.7892,0.78935,6.00,2.80
2008.08.19 14:29:13.302,0.7892,0.78935,3.90,2.80
2008.08.19 14:29:15.350,0.78925,0.78935,2.20,2.80
2008.08.19 14:29:15.426,0.78925,0.7894,1.30,4.70
2008.08.19 14:29:15.882,0.78925,0.7894,2.70,4.40
2008.08.19 14:29:16.100,0.78925,0.7894,3.30,4.40
2008.08.19 14:29:16.521,0.78925,0.7894,3.90,3.30
2008.08.19 14:29:17.484,0.7893,0.7894,2.00,3.30
2008.08.19 14:29:17.630,0.7893,0.7894,1.60,3.30
2008.08.19 14:29:18.062,0.7893,0.7894,1.80,1.40
2008.08.19 14:29:19.390,0.7893,0.7894,2.50,1.40
2008.08.19 14:29:19.554,0.7893,0.7894,3.90,1.40
2008.08.19 14:29:19.786,0.78935,0.7894,1.70,1.40
2008.08.19 14:29:20.486,0.7893,0.7894,1.80,1.40
2008.08.19 14:29:21.008,0.7893,0.7894,3.90,1.40
2008.08.19 14:29:22.146,0.78935,0.78945,1.60,3.30
2008.08.19 14:29:22.454,0.78935,0.78945,1.60,3.30
2008.08.19 14:29:22.594,0.78935,0.78945,1.80,1.40
2008.08.19 14:29:22.734,0.78935,0.7895,1.80,4.70
2008.08.19 14:29:22.870,0.78935,0.7895,1.80,7.90
2008.08.19 14:29:23.278,0.7894,0.7895,1.70,4.80
2008.08.19 14:29:23.762,0.78935,0.7895,3.90,7.60
2008.08.19 14:29:23.974,0.78935,0.7895,3.90,2.80
2008.08.19 14:29:24.402,0.7894,0.7895,1.70,2.80
2008.08.19 14:29:25.530,0.7894,0.7895,2.40,2.80
2008.08.19 14:29:25.838,0.7894,0.78955,2.00,4.00
2008.08.19 14:29:26.099,0.7894,0.7895,2.00,2.80
2008.08.19 14:29:26.346,0.7894,0.7895,1.20,2.80
2008.08.19 14:29:26.596,0.7894,0.78955,1.60,2.90
2008.08.19 14:29:26.878,0.7894,0.78955,3.90,2.80
2008.08.19 14:29:27.162,0.7894,0.7895,1.60,2.80
2008.08.19 14:29:27.913,0.7894,0.78945,1.60,2.80
2008.08.19 14:29:28.986,0.7894,0.78945,1.60,2.80
2008.08.19 14:29:29.662,0.78935,0.78945,2.90,3.30
2008.08.19 14:29:29.826,0.78935,0.78945,1.60,3.30
2008.08.19 14:29:29.990,0.78935,0.78945,1.60,2.80
2008.08.19 14:29:30.794,0.78935,0.78945,2.10,2.80
2008.08.19 14:29:31.055,0.78935,0.7895,3.90,3.30
2008.08.19 14:29:31.315,0.78935,0.78945,3.90,2.80
2008.08.19 14:29:33.234,0.78935,0.78945,2.50,2.80
2008.08.19 14:29:33.379,0.78935,0.78945,3.90,2.80
2008.08.19 14:29:34.376,0.78935,0.78945,2.90,2.80
2008.08.19 14:29:34.771,0.78935,0.78945,2.40,2.80
2008.08.19 14:29:35.054,0.78935,0.78945,1.70,2.80
2008.08.19 14:29:35.138,0.78935,0.78945,2.40,2.80
2008.08.19 14:29:35.306,0.78935,0.78945,1.60,2.80
2008.08.19 14:29:35.390,0.78935,0.78945,2.40,2.80
2008.08.19 14:29:35.474,0.78935,0.78945,1.70,2.80
2008.08.19 14:29:35.561,0.78935,0.78945,2.40,2.80
2008.08.19 14:29:36.658,0.78935,0.7895,2.40,4.70
2008.08.19 14:29:40.951,0.78935,0.7895,1.60,3.60
2008.08.19 14:29:41.154,0.78935,0.7895,1.60,4.70
2008.08.19 14:29:41.258,0.78935,0.78945,1.80,2.80
2008.08.19 14:29:41.598,0.78935,0.78945,2.40,2.80
2008.08.19 14:29:42.274,0.7893,0.78945,3.90,2.80
2008.08.19 14:29:43.695,0.78935,0.7895,1.70,4.70
2008.08.19 14:29:44.426,0.7893,0.78945,2.50,3.60
2008.08.19 14:29:44.725,0.7893,0.7894,2.50,2.80
2008.08.19 14:29:45.580,0.7893,0.7894,3.90,2.80
2008.08.19 14:29:47.911,0.7893,0.78945,3.90,2.80
2008.08.19 14:29:52.482,0.7893,0.7894,3.90,2.80
2008.08.19 14:29:54.294,0.7893,0.7894,3.50,2.80
2008.08.19 14:29:54.594,0.7893,0.7894,2.10,2.80
2008.08.19 14:29:54.894,0.7893,0.7894,1.60,2.80
2008.08.19 14:29:58.278,0.7893,0.78935,1.60,2.80
2008.08.19 14:29:58.614,0.7893,0.7894,2.10,3.30
2008.08.19 14:29:58.727,0.7893,0.7894,2.50,2.80
2008.08.19 14:29:58.954,0.7893,0.7894,1.80,2.80
2008.08.19 14:29:59.380,0.7893,0.7894,2.50,2.80
2008.08.19 14:30:00.320,0.7893,0.7894,1.60,2.80
2008.08.19 14:30:00.494,0.7893,0.7894,1.60,3.30
2008.08.19 14:30:01.170,0.7893,0.7894,1.60,3.30
2008.08.19 14:30:01.338,0.7893,0.7894,2.20,3.30
2008.08.19 14:30:01.674,0.7893,0.7894,1.30,3.30
2008.08.19 14:30:02.350,0.7893,0.7894,1.60,3.30
2008.08.19 14:30:04.690,0.7893,0.7894,1.30,3.30
2008.08.19 14:30:05.654,0.7893,0.7894,1.30,1.40
2008.08.19 14:30:06.990,0.78925,0.7894,3.90,3.30
2008.08.19 14:30:07.598,0.7893,0.7894,1.70,1.40
2008.08.19 14:30:09.286,0.78925,0.7894,3.90,3.30
2008.08.19 14:30:09.482,0.78925,0.78935,3.90,1.00
2008.08.19 14:30:09.677,0.78925,0.78935,3.90,1.40
2008.08.19 14:30:09.930,0.7893,0.78935,1.70,1.40
2008.08.19 14:30:10.438,0.78925,0.78935,3.90,1.40
2008.08.19 14:30:11.420,0.78925,0.78935,3.30,1.40
2008.08.19 14:30:11.902,0.78925,0.78935,3.90,1.40
2008.08.19 14:30:12.671,0.78925,0.78935,3.30,1.40
2008.08.19 14:30:13.205,0.78925,0.78935,3.90,1.40
2008.08.19 14:30:13.290,0.7893,0.78935,1.70,1.40
2008.08.19 14:30:13.373,0.7893,0.7894,1.70,2.40
2008.08.19 14:30:13.542,0.7893,0.7894,1.70,1.40
2008.08.19 14:30:13.997,0.7893,0.7894,3.50,1.40
2008.08.19 14:30:14.201,0.7893,0.7894,4.10,1.40
2008.08.19 14:30:15.081,0.7893,0.7894,1.80,1.40
2008.08.19 14:30:17.262,0.7893,0.7894,1.60,3.30
2008.08.19 14:30:21.646,0.7893,0.7894,3.90,1.40
2008.08.19 14:30:21.983,0.7893,0.7894,1.60,3.30
2008.08.19 14:30:22.318,0.7893,0.7894,1.80,1.40
2008.08.19 14:30:22.986,0.7893,0.7894,2.50,1.40
2008.08.19 14:30:23.325,0.7893,0.7894,1.80,1.40
2008.08.19 14:30:25.757,0.7893,0.7894,1.60,3.30
2008.08.19 14:30:30.231,0.7893,0.7894,1.80,3.30
2008.08.19 14:30:30.558,0.7893,0.7894,2.50,1.40
2008.08.19 14:30:31.558,0.7893,0.7894,1.80,1.40
2008.08.19 14:30:32.066,0.7893,0.7894,3.90,1.40
2008.08.19 14:30:32.366,0.78935,0.7894,1.70,1.40
2008.08.19 14:30:33.910,0.78935,0.78945,1.30,4.30
2008.08.19 14:30:34.094,0.78935,0.78945,1.60,4.40
2008.08.19 14:30:35.894,0.78935,0.78945,1.60,3.30
2008.08.19 14:30:36.114,0.7893,0.7894,2.90,1.40
2008.08.19 14:30:37.897,0.7893,0.7894,1.30,3.30
2008.08.19 14:30:38.130,0.7893,0.7894,11.30,3.30
2008.08.19 14:30:38.366,0.7893,0.7894,11.70,3.30
2008.08.19 14:30:38.598,0.7893,0.7894,9.50,3.30
2008.08.19 14:30:38.718,0.7893,0.7894,9.10,3.30
2008.08.19 14:30:39.170,0.78925,0.7894,2.90,3.30
2008.08.19 14:30:39.506,0.7893,0.7894,3.70,3.30
2008.08.19 14:30:39.842,0.7893,0.7894,9.10,3.30
2008.08.19 14:30:41.413,0.7893,0.7894,1.60,3.30
2008.08.19 14:30:56.254,0.7893,0.7894,1.60,3.30
2008.08.19 14:30:59.505,0.7893,0.7894,1.60,3.30
2008.08.19 14:31:03.285,0.7893,0.7894,1.80,3.30
2008.08.19 14:31:05.137,0.7893,0.7894,1.80,1.40
2008.08.19 14:31:05.569,0.7893,0.7894,3.90,1.40
2008.08.19 14:31:08.718,0.7893,0.7894,3.90,3.30
2008.08.19 14:31:11.985,0.7893,0.7894,3.30,3.30
2008.08.19 14:31:12.489,0.7893,0.7894,1.60,3.30
2008.08.19 14:31:23.354,0.7893,0.7894,1.60,3.30
2008.08.19 14:31:25.545,0.7893,0.7894,1.60,3.30
2008.08.19 14:31:29.466,0.7893,0.7894,3.90,3.30
2008.08.19 14:31:32.279,0.7893,0.7894,3.90,1.40
2008.08.19 14:31:36.836,0.7893,0.7894,3.90,3.30
2008.08.19 14:31:39.754,0.7893,0.7894,3.30,3.30
2008.08.19 14:31:44.187,0.7893,0.7894,3.90,3.30
2008.08.19 14:31:44.398,0.7893,0.7894,3.50,3.30
2008.08.19 14:31:44.507,0.7893,0.7894,2.90,3.30
2008.08.19 14:31:44.613,0.7893,0.7894,1.60,3.30
2008.08.19 14:31:45.098,0.7893,0.7894,3.30,3.30
2008.08.19 14:31:45.656,0.7893,0.7894,1.60,3.30
2008.08.19 14:31:49.311,0.7893,0.7894,1.60,3.30
2008.08.19 14:31:50.573,0.7893,0.7894,1.60,3.30
2008.08.19 14:31:52.274,0.7893,0.7894,1.80,3.30
2008.08.19 14:31:52.693,0.7893,0.7894,1.80,1.40
2008.08.19 14:31:52.833,0.7893,0.7894,1.80,3.30
2008.08.19 14:31:53.722,0.7893,0.7894,1.60,3.30
2008.08.19 14:31:56.813,0.7893,0.7894,1.80,1.40
2008.08.19 14:31:58.574,0.7893,0.7894,1.80,3.30
2008.08.19 14:31:58.815,0.7893,0.7894,1.80,4.40
2008.08.19 14:31:59.141,0.7893,0.7894,1.60,4.40
2008.08.19 14:31:59.537,0.7893,0.7894,1.60,3.30
2008.08.19 14:32:00.028,0.7893,0.7894,1.60,3.30
2008.08.19 14:32:01.104,0.7893,0.7894,1.60,3.30
2008.08.19 14:32:03.281,0.7893,0.7894,1.80,1.40
2008.08.19 14:32:13.209,0.7893,0.7894,3.30,1.40
2008.08.19 14:32:13.297,0.78935,0.7894,1.70,1.40
2008.08.19 14:32:14.741,0.7893,0.7894,2.70,1.40
2008.08.19 14:32:14.958,0.7893,0.7894,1.00,1.40
2008.08.19 14:32:15.099,0.78925,0.78935,2.00,2.80
2008.08.19 14:32:15.239,0.78925,0.78935,1.30,2.80
2008.08.19 14:32:15.383,0.7892,0.78935,10.10,3.70
2008.08.19 14:32:15.526,0.7892,0.78935,7.90,4.70
2008.08.19 14:32:15.809,0.7892,0.78935,6.30,4.70
2008.08.19 14:32:16.153,0.7892,0.7893,16.40,2.80
2008.08.19 14:32:16.487,0.78915,0.7893,3.90,2.80
2008.08.19 14:32:17.333,0.7892,0.7893,2.00,2.80
2008.08.19 14:32:17.589,0.78915,0.7893,3.90,2.80
2008.08.19 14:32:17.846,0.7892,0.7893,1.00,2.80
2008.08.19 14:32:17.961,0.7892,0.7893,1.70,2.80
2008.08.19 14:32:18.861,0.78915,0.7893,3.90,2.80
2008.08.19 14:32:20.889,0.7892,0.7893,2.20,2.80
2008.08.19 14:32:21.703,0.7892,0.78935,2.90,2.80
2008.08.19 14:32:21.906,0.7892,0.7893,1.20,2.80
2008.08.19 14:32:22.105,0.7892,0.7893,2.00,2.80
2008.08.19 14:32:22.625,0.7892,0.7893,1.20,2.80
2008.08.19 14:32:23.550,0.7892,0.7893,2.50,2.80
2008.08.19 14:32:24.825,0.7892,0.78935,2.90,2.80
2008.08.19 14:32:24.982,0.78925,0.78935,2.40,2.80
2008.08.19 14:32:25.137,0.78925,0.78935,3.30,2.80
2008.08.19 14:32:26.117,0.78925,0.78935,1.00,2.80
2008.08.19 14:32:26.249,0.78925,0.78935,1.70,2.80
2008.08.19 14:32:26.381,0.7892,0.78935,3.90,2.80
2008.08.19 14:32:26.701,0.7892,0.7893,3.90,2.80
2008.08.19 14:32:27.771,0.7892,0.7893,3.30,2.80
2008.08.19 14:32:28.392,0.7892,0.7893,3.90,2.80
2008.08.19 14:32:28.608,0.7892,0.7893,3.30,2.80
2008.08.19 14:32:31.533,0.7892,0.7893,3.90,2.80
2008.08.19 14:32:31.797,0.7892,0.7893,1.80,2.80
2008.08.19 14:32:33.325,0.7892,0.7893,3.30,2.80
2008.08.19 14:32:33.449,0.78925,0.78935,2.00,4.40
2008.08.19 14:32:33.573,0.78925,0.78935,1.60,4.40
2008.08.19 14:32:35.937,0.78925,0.78935,1.60,4.40
2008.08.19 14:32:36.117,0.78925,0.78935,1.60,4.40
2008.08.19 14:32:36.297,0.78925,0.78935,1.60,3.30
2008.08.19 14:32:36.477,0.78925,0.78935,1.80,4.40
2008.08.19 14:32:36.657,0.78925,0.78935,1.60,4.40
2008.08.19 14:32:37.473,0.78925,0.78935,1.60,4.40
2008.08.19 14:32:39.133,0.78925,0.78935,1.60,3.30
2008.08.19 14:32:39.863,0.78925,0.7893,1.60,2.80
2008.08.19 14:32:40.273,0.78925,0.78935,1.60,4.40
2008.08.19 14:32:40.377,0.78925,0.78935,1.60,3.30
2008.08.19 14:32:40.481,0.78925,0.78935,1.60,2.80
2008.08.19 14:32:42.305,0.78925,0.78935,2.10,2.80
2008.08.19 14:32:42.458,0.78925,0.7894,2.50,3.60
2008.08.19 14:32:42.609,0.78925,0.7894,1.80,4.70
2008.08.19 14:32:42.913,0.78925,0.78935,1.60,2.80
2008.08.19 14:32:43.602,0.78925,0.78935,1.60,3.30
2008.08.19 14:32:43.825,0.78925,0.78935,1.60,4.40
2008.08.19 14:32:43.938,0.78925,0.78935,1.60,4.40
2008.08.19 14:32:45.053,0.78925,0.7893,1.60,2.80
2008.08.19 14:32:45.326,0.78925,0.78935,1.60,4.40
2008.08.19 14:32:45.473,0.78925,0.78935,1.60,3.30
2008.08.19 14:32:45.763,0.78925,0.78935,1.60,3.30
2008.08.19 14:32:45.924,0.78925,0.78935,1.60,4.40
2008.08.19 14:32:46.597,0.78925,0.78935,1.60,3.30
2008.08.19 14:32:46.901,0.78925,0.78935,1.60,3.30
2008.08.19 14:32:47.205,0.78925,0.78935,1.60,4.70
2008.08.19 14:32:47.510,0.78925,0.78935,1.60,3.60
2008.08.19 14:32:47.815,0.78925,0.78935,1.60,3.30
2008.08.19 14:32:50.413,0.78925,0.78935,1.30,1.40
2008.08.19 14:32:50.645,0.78925,0.7894,1.80,5.50
2008.08.19 14:32:50.877,0.78925,0.7894,2.50,4.70
2008.08.19 14:32:51.285,0.78925,0.7894,2.50,3.60
2008.08.19 14:32:51.461,0.78925,0.7894,3.90,3.30
2008.08.19 14:32:51.637,0.78925,0.78935,3.30,1.00
2008.08.19 14:32:51.813,0.78925,0.78935,1.80,3.30
2008.08.19 14:32:51.994,0.78925,0.78935,2.50,1.00
2008.08.19 14:32:52.237,0.78925,0.7894,3.90,3.30
2008.08.19 14:32:52.481,0.78925,0.7894,2.50,4.70
2008.08.19 14:32:53.221,0.7893,0.7894,1.70,1.40
2008.08.19 14:32:54.589,0.7893,0.7894,3.50,1.40
2008.08.19 14:32:55.108,0.7893,0.7894,1.30,1.40
2008.08.19 14:32:55.677,0.7893,0.7894,5.60,1.40
2008.08.19 14:32:57.650,0.7893,0.7894,1.30,1.40
2008.08.19 14:32:57.873,0.7893,0.7894,2.70,1.40
2008.08.19 14:32:58.097,0.7893,0.7894,11.70,1.40
2008.08.19 14:32:58.321,0.7893,0.7894,1.80,1.40
2008.08.19 14:33:00.649,0.78935,0.7894,1.00,1.40
2008.08.19 14:33:04.717,0.78935,0.78945,1.00,4.00
2008.08.19 14:33:06.385,0.78935,0.78945,1.00,2.90
2008.08.19 14:33:06.469,0.78935,0.78945,1.00,4.00
2008.08.19 14:33:13.221,0.78935,0.78945,1.00,2.90
2008.08.19 14:33:13.343,0.78935,0.78945,1.30,2.90
2008.08.19 14:33:13.462,0.78935,0.7895,1.30,7.20
2008.08.19 14:33:13.611,0.78935,0.7895,1.30,4.00
2008.08.19 14:33:13.886,0.7894,0.7895,1.00,4.00
2008.08.19 14:33:14.025,0.7894,0.7895,1.60,2.80
2008.08.19 14:33:14.861,0.7894,0.7895,1.30,2.80
2008.08.19 14:33:15.981,0.7894,0.7895,1.60,2.80
2008.08.19 14:33:19.505,0.78935,0.7895,4.70,2.80
2008.08.19 14:33:19.708,0.78935,0.7895,3.90,2.80
2008.08.19 14:33:20.581,0.78935,0.78945,3.30,2.80
2008.08.19 14:33:20.773,0.78935,0.78945,1.80,2.80
2008.08.19 14:33:21.157,0.78935,0.7895,1.80,4.00
2008.08.19 14:33:21.349,0.78935,0.7895,2.40,4.00
2008.08.19 14:33:23.150,0.78935,0.7895,2.40,4.70
2008.08.19 14:33:23.269,0.78935,0.78945,2.00,2.80
2008.08.19 14:33:24.365,0.7893,0.78945,3.90,3.30
2008.08.19 14:33:25.137,0.7893,0.78945,3.90,2.80
2008.08.19 14:33:26.272,0.7893,0.78945,3.90,3.30
2008.08.19 14:33:26.754,0.7893,0.78945,3.90,2.80
2008.08.19 14:33:27.373,0.7893,0.78945,3.90,3.30
2008.08.19 14:33:29.246,0.7893,0.78945,3.90,2.80
2008.08.19 14:33:29.600,0.78935,0.78945,1.70,2.80
2008.08.19 14:33:30.335,0.7893,0.78945,3.90,3.30
2008.08.19 14:33:30.670,0.7893,0.78945,4.40,3.30
2008.08.19 14:33:31.007,0.78935,0.78945,1.80,2.80
2008.08.19 14:33:31.473,0.78935,0.78945,1.60,3.30
2008.08.19 14:33:31.705,0.78935,0.78945,1.80,3.30
2008.08.19 14:33:33.870,0.78935,0.78945,1.80,2.80
2008.08.19 14:33:34.993,0.78935,0.78945,1.80,3.30
2008.08.19 14:33:36.324,0.7894,0.78945,1.60,2.80
2008.08.19 14:33:37.773,0.7894,0.7895,1.60,4.40
2008.08.19 14:33:39.799,0.7894,0.7895,1.60,5.50
2008.08.19 14:33:39.953,0.7894,0.78945,1.60,1.20
2008.08.19 14:33:40.106,0.7894,0.78945,1.60,3.70
2008.08.19 14:33:40.261,0.78935,0.7894,1.00,2.80
2008.08.19 14:33:40.308,0.78935,0.78945,1.00,2.90
2008.08.19 14:33:40.353,0.78935,0.78945,1.60,2.90
2008.08.19 14:33:40.397,0.78935,0.78945,1.60,2.80
2008.08.19 14:33:40.773,0.78935,0.7894,1.60,2.80
2008.08.19 14:33:41.046,0.78935,0.7894,1.60,2.80
2008.08.19 14:33:41.089,0.78935,0.78945,1.60,3.30
2008.08.19 14:33:41.475,0.78935,0.78945,1.60,3.30
2008.08.19 14:33:42.844,0.78935,0.78945,1.80,3.30
2008.08.19 14:33:43.029,0.78935,0.78945,3.30,3.30
2008.08.19 14:33:43.214,0.78935,0.78945,3.30,2.80
2008.08.19 14:33:44.257,0.78935,0.78945,1.80,2.80
2008.08.19 14:33:44.545,0.78935,0.78945,1.60,2.80
2008.08.19 14:33:44.914,0.78935,0.7894,1.60,2.80
2008.08.19 14:33:45.769,0.78935,0.7894,1.60,2.80
2008.08.19 14:33:46.921,0.78935,0.78945,1.60,3.30
2008.08.19 14:33:47.857,0.78935,0.7894,1.60,2.80
2008.08.19 14:33:48.014,0.78935,0.78945,1.60,3.30
2008.08.19 14:33:48.785,0.78935,0.7894,1.60,2.80
2008.08.19 14:33:48.937,0.78935,0.78945,1.60,3.30
2008.08.19 14:33:49.545,0.78935,0.7894,1.60,2.80
2008.08.19 14:33:49.817,0.78935,0.78945,1.60,3.30
2008.08.19 14:33:50.635,0.78935,0.78945,1.60,4.40
2008.08.19 14:33:50.825,0.78935,0.7894,1.60,2.80
2008.08.19 14:33:50.921,0.7893,0.7894,2.20,2.80
2008.08.19 14:33:51.113,0.7893,0.7894,1.30,3.30
2008.08.19 14:33:51.210,0.7893,0.78935,1.30,2.80
2008.08.19 14:33:51.309,0.7893,0.78935,5.90,2.80
2008.08.19 14:33:52.029,0.78925,0.78935,2.00,2.80
2008.08.19 14:33:52.365,0.78925,0.7894,2.40,3.70
2008.08.19 14:33:52.701,0.78925,0.7894,2.90,3.70
2008.08.19 14:33:52.797,0.78925,0.78935,2.90,2.80
2008.08.19 14:33:53.869,0.78925,0.78935,2.40,2.80
2008.08.19 14:33:54.029,0.78925,0.78935,2.00,2.80
2008.08.19 14:33:54.348,0.7893,0.78935,5.40,2.80
2008.08.19 14:33:54.829,0.78925,0.78935,2.00,2.80
2008.08.19 14:33:57.880,0.78925,0.78935,2.70,2.90
2008.08.19 14:33:58.017,0.78925,0.78935,2.70,4.00
2008.08.19 14:33:58.153,0.78925,0.7893,2.70,2.80
2008.08.19 14:33:58.501,0.78925,0.78935,2.00,2.80
2008.08.19 14:33:59.132,0.7892,0.78935,3.90,2.80
2008.08.19 14:33:59.576,0.78925,0.78935,2.00,2.80
2008.08.19 14:34:02.482,0.7892,0.78935,3.90,2.80
2008.08.19 14:34:02.848,0.78925,0.78935,2.00,2.80
2008.08.19 14:34:03.032,0.78925,0.78935,2.40,2.80
2008.08.19 14:34:03.400,0.78925,0.78935,2.00,2.80
2008.08.19 14:34:07.608,0.78925,0.7894,2.40,4.70
2008.08.19 14:34:08.221,0.78925,0.7894,2.40,5.50
2008.08.19 14:34:08.302,0.78925,0.78935,2.40,1.40
2008.08.19 14:34:08.461,0.78925,0.78935,1.70,1.40
2008.08.19 14:34:10.021,0.7893,0.78935,4.30,1.40
2008.08.19 14:34:10.453,0.78925,0.78935,3.20,1.40
2008.08.19 14:34:10.885,0.78925,0.78935,3.90,1.40
2008.08.19 14:34:11.184,0.7893,0.78935,4.80,1.40
2008.08.19 14:34:11.286,0.7893,0.7894,1.20,2.80
2008.08.19 14:34:11.489,0.7893,0.7894,1.80,2.80
2008.08.19 14:34:11.589,0.7893,0.7894,2.50,2.80
2008.08.19 14:34:14.116,0.7893,0.78945,2.90,2.80
2008.08.19 14:34:14.412,0.7893,0.78945,3.90,2.80
2008.08.19 14:34:15.005,0.7893,0.78945,2.90,2.80
2008.08.19 14:34:17.856,0.7893,0.78945,2.40,3.70
2008.08.19 14:34:18.178,0.7893,0.78945,2.40,4.40
2008.08.19 14:34:18.569,0.78935,0.78945,1.70,2.80
2008.08.19 14:34:18.685,0.7893,0.78945,2.90,2.80
2008.08.19 14:34:21.746,0.7893,0.78945,2.40,3.70
2008.08.19 14:34:22.003,0.7893,0.78945,2.40,4.40
2008.08.19 14:34:22.566,0.7893,0.78945,3.90,2.80
2008.08.19 14:34:26.653,0.7893,0.78945,2.90,2.80
2008.08.19 14:34:26.973,0.7893,0.78945,3.90,2.80
2008.08.19 14:34:27.293,0.7893,0.78945,2.90,2.80
2008.08.19 14:34:28.077,0.7893,0.78945,2.40,4.40
2008.08.19 14:34:28.749,0.7893,0.78945,2.40,3.70
2008.08.19 14:34:28.833,0.7893,0.78945,2.90,2.80
2008.08.19 14:34:29.085,0.7893,0.78945,3.90,2.80
2008.08.19 14:34:34.293,0.7893,0.78945,2.90,2.80
2008.08.19 14:34:36.552,0.7893,0.78945,3.90,2.80
2008.08.19 14:34:37.694,0.78935,0.78945,1.70,2.80
2008.08.19 14:34:38.355,0.78935,0.78945,2.20,2.80
2008.08.19 14:34:38.572,0.78935,0.78945,2.90,2.80
2008.08.19 14:34:38.790,0.78935,0.7895,2.90,4.40
2008.08.19 14:34:39.342,0.78935,0.7895,2.90,3.30
2008.08.19 14:34:39.692,0.7894,0.7895,1.30,3.30
2008.08.19 14:34:40.019,0.7894,0.7895,1.30,1.40
2008.08.19 14:34:41.929,0.78945,0.78955,1.60,3.30
2008.08.19 14:34:42.228,0.78945,0.7895,1.60,2.80
2008.08.19 14:34:42.525,0.78945,0.78955,1.60,3.30
2008.08.19 14:34:44.577,0.78945,0.78955,1.30,3.30
2008.08.19 14:34:44.872,0.78945,0.78955,1.30,4.40
2008.08.19 14:34:45.161,0.78945,0.78955,1.60,4.40
2008.08.19 14:34:45.920,0.7894,0.7895,2.00,3.70
2008.08.19 14:34:46.104,0.7894,0.7895,1.30,1.40
2008.08.19 14:34:47.579,0.78945,0.7895,1.00,1.40
2008.08.19 14:34:47.805,0.78945,0.78955,1.00,4.40
2008.08.19 14:34:48.029,0.78945,0.78955,1.30,1.40
2008.08.19 14:34:48.253,0.7894,0.7895,1.80,1.40
2008.08.19 14:34:48.477,0.7894,0.7895,1.30,3.30
2008.08.19 14:34:49.302,0.7894,0.7895,1.60,3.30
2008.08.19 14:34:49.682,0.7894,0.7895,1.30,3.30
2008.08.19 14:34:50.589,0.7894,0.7895,1.40,3.30
2008.08.19 14:34:51.060,0.7894,0.7895,1.60,3.30
2008.08.19 14:34:51.550,0.7894,0.7895,1.40,3.30
2008.08.19 14:34:51.837,0.7894,0.7895,1.80,3.30
2008.08.19 14:34:52.661,0.7894,0.7895,1.60,3.30
2008.08.19 14:34:53.131,0.7894,0.7895,1.30,3.30
2008.08.19 14:34:53.391,0.7894,0.7895,1.80,1.40
2008.08.19 14:34:53.520,0.7894,0.7895,1.30,1.40
2008.08.19 14:34:55.981,0.7894,0.7895,1.80,1.40
2008.08.19 14:34:56.497,0.7894,0.7895,1.30,1.40
2008.08.19 14:34:57.409,0.78945,0.78955,2.20,5.20
2008.08.19 14:34:57.644,0.78945,0.78955,1.60,3.30
2008.08.19 14:34:58.869,0.78945,0.78955,1.30,1.40
2008.08.19 14:34:59.404,0.78945,0.78955,1.60,3.30
2008.08.19 14:35:00.649,0.78945,0.78955,1.60,4.40
2008.08.19 14:35:00.935,0.7894,0.7895,2.90,2.80
2008.08.19 14:35:01.221,0.7895,0.78955,2.20,3.70
2008.08.19 14:35:01.506,0.7894,0.78955,3.90,3.30
2008.08.19 14:35:01.777,0.7894,0.7895,3.90,2.80
2008.08.19 14:35:02.045,0.7894,0.7895,1.80,2.80
2008.08.19 14:35:02.313,0.7894,0.7895,1.60,2.80
2008.08.19 14:35:02.880,0.7894,0.7895,4.80,3.30
2008.08.19 14:35:03.165,0.7894,0.7895,4.80,2.80
2008.08.19 14:35:03.744,0.7894,0.7895,1.60,2.80
2008.08.19 14:35:04.188,0.7894,0.7895,1.60,2.80
2008.08.19 14:35:04.740,0.7894,0.78955,2.70,4.40
2008.08.19 14:35:04.996,0.78945,0.78955,1.60,4.40
2008.08.19 14:35:05.509,0.78945,0.78955,1.60,3.30
2008.08.19 14:35:06.427,0.78945,0.78955,1.60,4.40
2008.08.19 14:35:07.165,0.78945,0.78955,1.60,3.30
2008.08.19 14:35:08.166,0.78945,0.78955,1.30,3.30
2008.08.19 14:35:08.388,0.78945,0.78955,1.60,3.30
2008.08.19 14:35:09.718,0.78945,0.78955,2.70,1.40
2008.08.19 14:35:09.989,0.78945,0.78955,3.30,1.40
2008.08.19 14:35:10.524,0.7895,0.7896,2.20,5.20
2008.08.19 14:35:10.795,0.7895,0.7896,1.60,3.30
2008.08.19 14:35:11.662,0.7895,0.7896,1.30,4.40
2008.08.19 14:35:12.824,0.7895,0.7896,1.30,1.60
2008.08.19 14:35:13.245,0.7895,0.7896,1.30,4.40
2008.08.19 14:35:13.384,0.7895,0.7896,1.30,3.30
2008.08.19 14:35:13.664,0.7895,0.7896,1.60,3.30
2008.08.19 14:35:13.804,0.7895,0.7896,1.60,4.40
2008.08.19 14:35:14.454,0.7895,0.78955,1.60,2.80
2008.08.19 14:35:15.325,0.7895,0.7896,1.60,4.40
2008.08.19 14:35:15.878,0.7895,0.7896,1.60,3.30
2008.08.19 14:35:16.192,0.7895,0.78965,1.30,5.50
2008.08.19 14:35:16.348,0.7895,0.78965,1.30,4.70
2008.08.19 14:35:16.518,0.7895,0.78965,1.80,4.70
2008.08.19 14:35:16.677,0.7895,0.7896,1.80,18.90
2008.08.19 14:35:17.173,0.7895,0.78965,2.50,4.70
2008.08.19 14:35:17.513,0.78955,0.78965,1.70,1.40
2008.08.19 14:35:17.853,0.78955,0.78965,1.30,1.60
2008.08.19 14:35:18.009,0.78955,0.78965,1.70,1.60
2008.08.19 14:35:18.320,0.78955,0.78965,1.70,1.40
2008.08.19 14:35:20.589,0.78955,0.78965,1.30,1.40
2008.08.19 14:35:22.245,0.78955,0.78965,1.60,3.30
2008.08.19 14:35:22.854,0.78955,0.7896,1.60,2.80
2008.08.19 14:35:23.164,0.7895,0.78955,1.30,3.30
2008.08.19 14:35:23.301,0.7895,0.78955,8.10,3.30
2008.08.19 14:35:23.438,0.7895,0.78955,13.50,3.30
2008.08.19 14:35:23.712,0.78945,0.78955,3.50,3.30
2008.08.19 14:35:23.848,0.78945,0.78955,1.30,3.30
2008.08.19 14:35:24.355,0.78945,0.78955,1.30,1.40
2008.08.19 14:35:25.049,0.78945,0.78955,3.20,1.40
2008.08.19 14:35:25.659,0.7895,0.7896,1.60,3.30
2008.08.19 14:35:26.269,0.7895,0.7896,1.30,1.40
2008.08.19 14:35:26.804,0.7895,0.78965,1.00,4.80
2008.08.19 14:35:27.072,0.7895,0.78965,1.70,3.70
2008.08.19 14:35:27.342,0.78955,0.78965,2.20,3.30
2008.08.19 14:35:28.108,0.78955,0.78965,1.60,3.30
2008.08.19 14:35:33.898,0.78955,0.78965,1.30,3.30
2008.08.19 14:35:34.169,0.78955,0.78965,1.60,3.30
2008.08.19 14:35:35.053,0.78955,0.78965,1.30,1.40
2008.08.19 14:35:35.351,0.78955,0.78965,2.70,1.40
2008.08.19 14:35:36.944,0.78955,0.78965,3.30,1.40
2008.08.19 14:35:38.273,0.78955,0.78965,1.80,1.40
2008.08.19 14:35:38.744,0.7896,0.78965,1.30,1.40
2008.08.19 14:35:38.868,0.7896,0.78965,1.30,1.00
2008.08.19 14:35:38.992,0.7896,0.78975,1.70,3.70
2008.08.19 14:35:39.116,0.7896,0.7897,1.30,2.80
2008.08.19 14:35:39.241,0.78965,0.7897,2.20,2.80
2008.08.19 14:35:39.365,0.78965,0.7897,1.60,2.80
2008.08.19 14:35:39.706,0.78965,0.78975,1.60,4.40
2008.08.19 14:35:41.340,0.78965,0.78975,1.30,1.40
2008.08.19 14:35:42.146,0.78965,0.78975,1.30,3.30
2008.08.19 14:35:43.320,0.7897,0.78975,1.70,1.40
2008.08.19 14:35:43.596,0.78965,0.7898,2.20,6.00
2008.08.19 14:35:43.765,0.7897,0.78975,1.00,1.40
2008.08.19 14:35:44.268,0.7897,0.7898,1.70,6.80
2008.08.19 14:35:44.436,0.7897,0.7898,1.70,6.00
2008.08.19 14:35:44.604,0.7897,0.78975,1.30,1.40
2008.08.19 14:35:44.947,0.7897,0.78975,1.70,1.40
2008.08.19 14:35:45.289,0.78965,0.78975,1.80,1.40
2008.08.19 14:35:45.632,0.78965,0.78975,1.30,1.40
2008.08.19 14:35:45.921,0.78965,0.78975,1.80,1.40
2008.08.19 14:35:46.993,0.78965,0.7898,1.60,6.20
2008.08.19 14:35:47.333,0.78965,0.7897,1.30,3.20
2008.08.19 14:35:47.676,0.78965,0.78975,2.70,1.40
2008.08.19 14:35:48.150,0.78965,0.7898,2.20,2.80
2008.08.19 14:35:48.381,0.78965,0.7898,2.20,6.00
2008.08.19 14:35:48.609,0.78965,0.78975,2.70,3.30
2008.08.19 14:35:48.837,0.78965,0.78975,1.30,3.30
2008.08.19 14:35:49.284,0.78965,0.78975,1.60,3.30
2008.08.19 14:35:49.512,0.78965,0.78975,1.60,4.40
2008.08.19 14:35:49.738,0.78965,0.78975,1.60,3.30
2008.08.19 14:35:50.104,0.78965,0.78975,1.60,4.40
2008.08.19 14:35:50.449,0.7896,0.7897,3.30,1.40
2008.08.19 14:35:50.970,0.7896,0.7897,2.70,1.40
2008.08.19 14:35:51.310,0.7896,0.7897,3.20,1.40
2008.08.19 14:35:51.650,0.7896,0.7897,2.70,1.40
2008.08.19 14:35:51.819,0.7896,0.7897,2.70,3.30
2008.08.19 14:35:52.163,0.7896,0.7897,1.70,3.30
2008.08.19 14:35:52.508,0.7896,0.7897,1.70,1.40
2008.08.19 14:35:53.871,0.7896,0.7897,2.20,3.30
2008.08.19 14:35:54.273,0.7896,0.7897,2.70,3.30
2008.08.19 14:35:54.488,0.7896,0.7897,2.70,1.40
2008.08.19 14:36:00.241,0.7896,0.7897,3.20,1.40
2008.08.19 14:36:00.468,0.7896,0.7897,2.70,1.40
2008.08.19 14:36:00.916,0.7896,0.7897,2.20,3.30
2008.08.19 14:36:01.461,0.78955,0.7897,3.90,3.30
2008.08.19 14:36:01.797,0.7896,0.7897,10.60,3.30
2008.08.19 14:36:02.117,0.7896,0.7897,2.20,3.30
2008.08.19 14:36:09.378,0.7896,0.7897,2.20,4.40
2008.08.19 14:36:09.728,0.7896,0.7897,2.20,3.30
2008.08.19 14:36:10.448,0.7896,0.7897,1.60,3.30
2008.08.19 14:36:10.564,0.7896,0.78965,1.60,2.80
2008.08.19 14:36:10.914,0.78955,0.78965,3.60,2.80
2008.08.19 14:36:11.151,0.78955,0.78965,3.30,2.80
2008.08.19 14:36:11.857,0.78955,0.78965,2.90,2.80
2008.08.19 14:36:12.196,0.78955,0.78965,2.00,2.80
2008.08.19 14:36:12.804,0.7896,0.78965,6.70,2.80
2008.08.19 14:36:13.341,0.7896,0.78965,1.30,2.80
2008.08.19 14:36:13.608,0.7895,0.78965,3.90,3.70
2008.08.19 14:36:13.756,0.7895,0.7896,3.50,2.80
2008.08.19 14:36:13.904,0.7895,0.7896,2.90,2.80
2008.08.19 14:36:15.072,0.7895,0.78965,3.90,4.40
2008.08.19 14:36:15.637,0.7895,0.78965,3.90,3.30
2008.08.19 14:36:15.916,0.7896,0.78965,1.30,3.30
2008.08.19 14:36:16.252,0.78955,0.78965,2.20,3.30
2008.08.19 14:36:16.420,0.78955,0.78965,1.60,3.30
2008.08.19 14:36:16.588,0.78955,0.78965,1.60,4.40
2008.08.19 14:36:16.756,0.78955,0.7896,1.60,2.80
2008.08.19 14:36:16.924,0.78955,0.7896,2.20,2.80
2008.08.19 14:36:17.268,0.7895,0.7896,1.60,2.80
2008.08.19 14:36:17.953,0.78955,0.78965,1.00,2.90
2008.08.19 14:36:18.140,0.78965,0.78975,1.30,6.70
2008.08.19 14:36:18.328,0.78965,0.7897,1.30,2.80
2008.08.19 14:36:18.894,0.7896,0.7897,1.70,1.40
2008.08.19 14:36:19.389,0.7896,0.78975,1.30,7.90
2008.08.19 14:36:19.861,0.7896,0.78975,3.90,7.60
2008.08.19 14:36:20.097,0.78965,0.78975,1.70,7.60
2008.08.19 14:36:20.436,0.78965,0.78975,1.70,6.60
2008.08.19 14:36:20.781,0.78965,0.78975,1.70,1.40
2008.08.19 14:36:21.124,0.7896,0.78975,3.90,1.40
2008.08.19 14:36:21.285,0.7896,0.78975,3.90,3.30
2008.08.19 14:36:21.444,0.7896,0.78975,3.90,4.40
2008.08.19 14:36:21.924,0.78965,0.78975,1.70,4.40
2008.08.19 14:36:22.245,0.7896,0.78975,3.30,4.40
2008.08.19 14:36:22.586,0.7896,0.78975,1.80,4.70
2008.08.19 14:36:22.926,0.7896,0.7897,1.80,1.40
2008.08.19 14:36:23.888,0.7896,0.7897,1.30,1.40
2008.08.19 14:36:24.045,0.7896,0.7897,1.60,3.30
2008.08.19 14:36:24.200,0.7896,0.7897,1.30,1.40
2008.08.19 14:36:24.380,0.7896,0.7897,1.30,3.30
2008.08.19 14:36:24.740,0.7896,0.7897,1.30,1.40
2008.08.19 14:36:27.642,0.7896,0.7897,1.80,1.40
2008.08.19 14:36:27.842,0.7896,0.78975,3.20,5.20
2008.08.19 14:36:28.040,0.7896,0.78975,3.20,4.40
2008.08.19 14:36:28.720,0.7896,0.78975,3.90,4.40
2008.08.19 14:36:29.344,0.7896,0.78975,3.90,3.30
2008.08.19 14:36:30.618,0.78965,0.78975,1.60,3.30
2008.08.19 14:36:32.374,0.78965,0.78975,1.40,3.30
2008.08.19 14:36:32.562,0.78965,0.78975,2.90,3.30
2008.08.19 14:36:32.706,0.7897,0.78975,1.70,1.40
2008.08.19 14:36:32.849,0.7897,0.78975,5.60,1.40
2008.08.19 14:36:32.993,0.7897,0.78975,6.70,1.40
2008.08.19 14:36:33.136,0.7897,0.78975,7.80,1.40
2008.08.19 14:36:33.281,0.7897,0.7898,1.30,1.40
2008.08.19 14:36:33.977,0.7897,0.7898,1.80,1.40
2008.08.19 14:36:36.202,0.78975,0.7898,1.00,1.40
2008.08.19 14:36:36.456,0.78975,0.7898,1.70,1.40
2008.08.19 14:36:38.320,0.7898,0.78985,1.70,3.20
2008.08.19 14:36:38.589,0.78975,0.7899,3.20,3.30
2008.08.19 14:36:38.857,0.78975,0.7899,3.20,2.80
2008.08.19 14:36:39.516,0.78975,0.78985,1.60,2.80
2008.08.19 14:36:39.677,0.78975,0.78985,1.30,3.30
2008.08.19 14:36:39.841,0.78975,0.78985,2.00,3.30
2008.08.19 14:36:40.005,0.7897,0.78985,3.90,3.30
2008.08.19 14:36:40.290,0.78975,0.78985,1.70,3.30
2008.08.19 14:36:40.574,0.78975,0.78985,1.70,2.80
2008.08.19 14:36:41.284,0.78975,0.78985,1.70,3.30
2008.08.19 14:36:42.448,0.78975,0.7899,1.70,4.40
2008.08.19 14:36:42.749,0.78975,0.78985,1.70,4.10
2008.08.19 14:36:43.049,0.78975,0.7899,1.70,8.70
2008.08.19 14:36:43.349,0.78975,0.7899,1.70,7.90
2008.08.19 14:36:43.601,0.78975,0.7899,1.70,4.70
2008.08.19 14:36:43.772,0.78975,0.7899,2.40,4.70
2008.08.19 14:36:44.105,0.78975,0.78985,2.00,2.80
2008.08.19 14:36:44.448,0.78975,0.78985,2.00,4.40
2008.08.19 14:36:44.680,0.7897,0.78985,4.50,4.40
2008.08.19 14:36:44.799,0.7897,0.7898,2.00,2.80
2008.08.19 14:36:44.916,0.7897,0.7898,11.30,2.80
2008.08.19 14:36:45.033,0.7897,0.78975,11.30,1.00
2008.08.19 14:36:45.149,0.7897,0.78975,8.10,1.00
2008.08.19 14:36:45.265,0.7897,0.78975,5.90,3.30
2008.08.19 14:36:45.584,0.7897,0.78975,1.00,3.30
2008.08.19 14:36:45.905,0.78965,0.7898,2.90,4.40
2008.08.19 14:36:46.224,0.78965,0.7898,2.40,4.40
2008.08.19 14:36:46.544,0.78965,0.78975,2.40,1.40
2008.08.19 14:36:46.788,0.78965,0.78975,2.00,3.30
2008.08.19 14:36:48.402,0.78965,0.78975,1.20,3.30
2008.08.19 14:36:48.524,0.78965,0.78975,2.90,1.40
2008.08.19 14:36:48.648,0.7897,0.7898,1.60,2.80
2008.08.19 14:36:48.772,0.7897,0.7898,2.90,2.80
2008.08.19 14:36:49.144,0.7897,0.78985,3.20,2.80
2008.08.19 14:36:49.394,0.7897,0.78985,3.90,2.80
2008.08.19 14:36:50.691,0.7897,0.78985,3.90,3.70
2008.08.19 14:36:50.929,0.7898,0.78985,4.50,4.40
2008.08.19 14:36:51.172,0.7897,0.7898,1.30,2.80
2008.08.19 14:36:51.416,0.78965,0.7898,7.10,2.80
2008.08.19 14:36:51.660,0.78965,0.7898,3.90,3.70
2008.08.19 14:36:51.868,0.78965,0.7898,2.90,3.70
2008.08.19 14:36:52.492,0.78965,0.7898,2.90,2.80
2008.08.19 14:36:52.700,0.78965,0.7898,2.90,3.70
2008.08.19 14:36:52.916,0.78965,0.78975,2.50,2.80
2008.08.19 14:36:53.565,0.78965,0.7898,3.90,2.80
2008.08.19 14:36:54.828,0.78965,0.78975,3.90,2.80
2008.08.19 14:36:55.009,0.78965,0.7898,2.90,2.80
2008.08.19 14:36:55.188,0.7897,0.7898,1.60,3.30
2008.08.19 14:36:55.728,0.7897,0.7898,2.90,2.80
2008.08.19 14:36:55.836,0.7897,0.7898,3.50,2.80
2008.08.19 14:36:56.820,0.7897,0.78985,3.90,3.30
2008.08.19 14:36:58.048,0.78975,0.78985,1.60,3.30
2008.08.19 14:36:59.280,0.78975,0.78985,1.60,4.40
2008.08.19 14:36:59.480,0.78975,0.78985,1.60,3.30
2008.08.19 14:37:03.750,0.78975,0.78985,1.30,1.40
2008.08.19 14:37:04.257,0.78975,0.78985,1.60,3.30
2008.08.19 14:37:06.132,0.78975,0.78985,1.30,1.40
2008.08.19 14:37:07.488,0.78975,0.78985,2.70,1.40
2008.08.19 14:37:07.828,0.78975,0.78985,3.20,1.40
2008.08.19 14:37:08.168,0.78975,0.78985,2.70,1.40
2008.08.19 14:37:08.309,0.78975,0.78985,1.30,1.40
2008.08.19 14:37:10.713,0.78975,0.78985,1.80,1.40
2008.08.19 14:37:11.168,0.78975,0.78985,3.20,1.40
2008.08.19 14:37:11.424,0.78975,0.78985,1.80,1.40
2008.08.19 14:37:11.552,0.78975,0.78985,1.30,1.40
2008.08.19 14:37:11.810,0.78975,0.78985,3.20,1.40
2008.08.19 14:37:12.196,0.78975,0.78985,1.80,3.30
2008.08.19 14:37:12.536,0.78975,0.78985,1.30,3.30
2008.08.19 14:37:12.876,0.78975,0.78985,1.30,1.40
2008.08.19 14:37:13.657,0.78975,0.78985,1.30,3.30
2008.08.19 14:37:14.565,0.78975,0.78985,2.70,1.40
2008.08.19 14:37:14.837,0.78975,0.78985,3.20,1.40
2008.08.19 14:37:16.716,0.7898,0.78985,5.60,1.40
2008.08.19 14:37:16.916,0.78975,0.78985,3.90,1.40
2008.08.19 14:37:17.316,0.78975,0.78985,1.80,1.40
2008.08.19 14:37:17.800,0.78975,0.78985,1.30,1.40
2008.08.19 14:37:18.369,0.78975,0.78985,1.80,1.40
2008.08.19 14:37:19.496,0.7898,0.78985,1.70,1.40
2008.08.19 14:37:19.632,0.7898,0.7899,1.70,2.80
2008.08.19 14:37:19.768,0.7898,0.78985,6.70,3.70
2008.08.19 14:37:19.904,0.78975,0.78985,2.70,3.70
2008.08.19 14:37:20.040,0.78975,0.78985,2.70,1.40
2008.08.19 14:37:20.184,0.78975,0.78985,3.20,1.40
2008.08.19 14:37:20.456,0.78975,0.78985,3.90,1.40
2008.08.19 14:37:20.796,0.78975,0.78985,3.30,1.40
2008.08.19 14:37:21.137,0.78975,0.78985,3.30,3.30
2008.08.19 14:37:21.476,0.78975,0.78985,1.70,3.30
2008.08.19 14:37:21.916,0.78975,0.78985,1.70,4.40
2008.08.19 14:37:22.136,0.78975,0.78985,1.70,1.40
2008.08.19 14:37:22.356,0.78975,0.78985,2.20,1.40
2008.08.19 14:37:22.576,0.78975,0.78985,3.20,1.40
2008.08.19 14:37:22.836,0.78975,0.78985,2.70,3.30
2008.08.19 14:37:23.096,0.78975,0.78985,2.40,1.40
2008.08.19 14:37:23.721,0.78975,0.78985,2.70,1.40
2008.08.19 14:37:23.924,0.78975,0.78985,1.70,1.40
2008.08.19 14:37:24.028,0.78975,0.78985,1.00,1.40
2008.08.19 14:37:24.132,0.78975,0.78985,1.70,1.40
2008.08.19 14:37:25.590,0.78975,0.78985,3.20,1.40
2008.08.19 14:37:25.806,0.78975,0.78985,2.70,1.40
2008.08.19 14:37:26.236,0.78975,0.78985,3.20,1.40
2008.08.19 14:37:26.936,0.78975,0.78985,3.90,1.40
2008.08.19 14:37:28.191,0.7898,0.78985,1.70,1.40
2008.08.19 14:37:28.409,0.78975,0.78985,3.90,1.40
2008.08.19 14:37:28.625,0.78975,0.78985,3.30,1.40
2008.08.19 14:37:28.841,0.78975,0.78985,1.80,1.40
2008.08.19 14:37:29.058,0.78975,0.78985,3.30,1.40
2008.08.19 14:37:29.302,0.78975,0.78985,2.40,1.40
2008.08.19 14:37:29.548,0.78975,0.78985,2.40,1.60
2008.08.19 14:37:30.036,0.78975,0.78985,1.70,1.60
2008.08.19 14:37:30.296,0.7898,0.78985,5.60,1.40
2008.08.19 14:37:30.568,0.7898,0.7899,5.40,4.00
2008.08.19 14:37:30.828,0.78975,0.7898,2.00,2.80
2008.08.19 14:37:31.088,0.78975,0.7898,2.70,3.30
2008.08.19 14:37:31.272,0.7897,0.78975,23.00,1.00
2008.08.19 14:37:31.456,0.7897,0.78975,23.00,1.40
2008.08.19 14:37:32.021,0.7897,0.78975,9.80,1.40
2008.08.19 14:37:32.700,0.7897,0.78975,9.70,1.40
2008.08.19 14:37:33.040,0.78965,0.78975,2.40,3.30
2008.08.19 14:37:33.180,0.7897,0.78975,3.20,3.30
2008.08.19 14:37:33.456,0.78965,0.78975,1.70,3.30
2008.08.19 14:37:33.884,0.78965,0.78975,1.70,4.40
2008.08.19 14:37:34.304,0.78965,0.78975,1.70,3.30
2008.08.19 14:37:34.732,0.78965,0.78975,1.70,1.40
2008.08.19 14:37:36.000,0.7896,0.78975,3.90,3.30
2008.08.19 14:37:36.244,0.7896,0.78975,3.30,4.40
2008.08.19 14:37:36.488,0.7896,0.78975,3.90,4.40
2008.08.19 14:37:36.849,0.7896,0.78975,1.80,4.70
2008.08.19 14:37:37.029,0.7896,0.78975,3.30,4.40
2008.08.19 14:37:37.712,0.7896,0.7897,3.50,2.80
2008.08.19 14:37:38.020,0.7896,0.7897,8.90,3.30
2008.08.19 14:37:38.484,0.78955,0.7897,3.90,3.30
2008.08.19 14:37:38.640,0.78955,0.7897,3.30,4.40
2008.08.19 14:37:38.796,0.78955,0.7897,2.40,4.40
2008.08.19 14:37:39.628,0.7896,0.7897,1.70,4.40
2008.08.19 14:37:39.836,0.7896,0.7897,1.70,3.30
2008.08.19 14:37:40.044,0.78955,0.7897,3.90,3.30
2008.08.19 14:37:40.252,0.78955,0.7897,2.40,4.40
2008.08.19 14:37:41.588,0.78955,0.7897,2.40,4.70
2008.08.19 14:37:42.040,0.78955,0.78965,2.40,1.40
2008.08.19 14:37:42.260,0.78955,0.78965,1.70,1.40
2008.08.19 14:37:42.983,0.7896,0.78965,1.00,1.40
2008.08.19 14:37:43.210,0.78955,0.78965,1.70,1.40
2008.08.19 14:37:44.024,0.7896,0.78965,1.70,1.40
2008.08.19 14:37:44.276,0.78955,0.78965,1.70,1.40
2008.08.19 14:37:44.404,0.78955,0.78965,2.20,3.30
2008.08.19 14:37:44.532,0.78955,0.78965,3.20,1.40
2008.08.19 14:37:45.060,0.78955,0.78965,1.70,1.40
2008.08.19 14:37:45.236,0.78955,0.78965,2.40,1.40
2008.08.19 14:37:45.588,0.78955,0.7897,2.90,5.20
2008.08.19 14:37:45.852,0.78955,0.7897,2.90,4.40
2008.08.19 14:37:46.380,0.78955,0.7897,2.40,4.40
2008.08.19 14:37:46.928,0.78955,0.7897,2.40,4.70
2008.08.19 14:37:47.214,0.78955,0.7897,2.40,4.40
2008.08.19 14:37:47.500,0.78955,0.7897,3.30,4.40
2008.08.19 14:37:48.273,0.78955,0.7897,2.70,4.40
2008.08.19 14:37:48.760,0.78955,0.78965,2.70,1.40
2008.08.19 14:37:52.148,0.78955,0.78965,1.70,1.40
2008.08.19 14:37:52.781,0.78955,0.78965,1.70,3.30
2008.08.19 14:37:52.984,0.78955,0.78965,1.70,2.80
2008.08.19 14:37:54.136,0.78955,0.7897,1.70,4.70
2008.08.19 14:37:54.276,0.78955,0.7897,1.70,4.40
2008.08.19 14:37:54.418,0.78955,0.7897,2.70,4.40
2008.08.19 14:37:54.555,0.78955,0.7897,3.30,4.40
2008.08.19 14:37:55.169,0.7896,0.7897,1.60,4.40
2008.08.19 14:37:55.509,0.78955,0.7897,3.30,4.40
2008.08.19 14:37:56.152,0.7896,0.7897,6.30,3.30
2008.08.19 14:37:56.300,0.7896,0.7897,1.60,3.30
2008.08.19 14:37:56.448,0.7896,0.7897,1.80,1.40
2008.08.19 14:37:57.233,0.7896,0.7897,1.30,1.40
2008.08.19 14:37:58.173,0.7896,0.7897,1.80,1.40
2008.08.19 14:37:58.420,0.7896,0.7897,3.20,1.40
2008.08.19 14:37:58.670,0.78965,0.7897,1.70,7.20
2008.08.19 14:37:58.924,0.78965,0.7897,1.70,3.70
2008.08.19 14:37:59.072,0.78965,0.7897,1.70,1.40
2008.08.19 14:37:59.660,0.78965,0.7897,1.70,1.00
2008.08.19 14:37:59.809,0.78965,0.78975,1.70,2.80
2008.08.19 14:37:59.956,0.78965,0.7897,1.70,3.70
2008.08.19 14:38:00.104,0.78965,0.7897,1.70,1.40
2008.08.19 14:38:00.380,0.7896,0.7897,3.30,1.40
2008.08.19 14:38:00.656,0.7896,0.7897,1.80,1.40
2008.08.19 14:38:00.933,0.78965,0.7897,1.70,1.40
2008.08.19 14:38:01.209,0.7896,0.7897,3.90,1.40
2008.08.19 14:38:01.837,0.78965,0.7897,1.70,1.40
2008.08.19 14:38:05.637,0.7896,0.7897,3.90,1.40
2008.08.19 14:38:06.924,0.78965,0.7897,1.70,1.40
2008.08.19 14:38:07.132,0.7896,0.7897,3.90,1.40
2008.08.19 14:38:07.890,0.7896,0.7897,2.50,1.40
2008.08.19 14:38:08.164,0.7896,0.7897,1.70,1.40
2008.08.19 14:38:08.440,0.7896,0.7897,13.20,1.40
2008.08.19 14:38:08.568,0.7896,0.7897,8.90,1.40
2008.08.19 14:38:08.696,0.7896,0.7897,7.80,1.40
2008.08.19 14:38:12.508,0.7896,0.7897,8.30,1.40
2008.08.19 14:38:12.684,0.7896,0.78975,2.90,4.70
2008.08.19 14:38:12.844,0.7896,0.78975,2.90,3.70
2008.08.19 14:38:13.161,0.7896,0.78975,2.90,2.80
2008.08.19 14:38:13.647,0.7896,0.78975,3.90,2.80
2008.08.19 14:38:15.343,0.7896,0.78975,3.30,3.70
2008.08.19 14:38:15.472,0.7896,0.7897,1.80,2.80
2008.08.19 14:38:15.900,0.7896,0.7897,3.20,2.80
2008.08.19 14:38:16.029,0.7896,0.78975,3.20,2.80
2008.08.19 14:38:16.136,0.7896,0.78975,3.90,2.80
2008.08.19 14:38:16.660,0.7896,0.78975,3.90,3.30
2008.08.19 14:38:16.876,0.7896,0.78975,1.80,4.70
2008.08.19 14:38:17.296,0.7896,0.78975,3.20,3.30
2008.08.19 14:38:17.928,0.7896,0.78975,3.90,3.30
2008.08.19 14:38:18.259,0.7896,0.78975,3.90,2.80
2008.08.19 14:38:19.179,0.7896,0.7897,3.50,2.80
2008.08.19 14:38:19.359,0.7896,0.7897,2.90,2.80
2008.08.19 14:38:19.710,0.7896,0.7897,3.50,2.80
2008.08.19 14:38:20.064,0.7896,0.78975,3.30,4.40
2008.08.19 14:38:20.744,0.7896,0.7897,3.90,2.80
2008.08.19 14:38:22.064,0.7896,0.78975,3.90,4.40
2008.08.19 14:38:22.560,0.7896,0.7897,3.90,2.80
2008.08.19 14:38:22.896,0.7896,0.78975,3.90,3.30
2008.08.19 14:38:26.049,0.7896,0.78975,3.90,2.80
2008.08.19 14:38:28.169,0.78965,0.78975,2.20,2.80
2008.08.19 14:38:28.492,0.78965,0.7898,2.70,4.40
2008.08.19 14:38:28.704,0.78965,0.78975,1.30,4.00
2008.08.19 14:38:28.772,0.78965,0.78975,1.30,1.40
2008.08.19 14:38:29.115,0.78965,0.78975,1.30,1.60
2008.08.19 14:38:29.255,0.78965,0.7897,1.00,1.00
2008.08.19 14:38:29.324,0.78965,0.7897,1.70,1.40
2008.08.19 14:38:29.532,0.7896,0.7897,1.80,1.40
2008.08.19 14:38:29.677,0.7896,0.78975,3.60,5.50
2008.08.19 14:38:29.820,0.7896,0.78975,3.90,5.20
2008.08.19 14:38:29.991,0.7896,0.78975,3.90,4.40
2008.08.19 14:38:30.137,0.7896,0.78975,3.90,3.30
2008.08.19 14:38:31.700,0.7896,0.78975,3.90,4.40
2008.08.19 14:38:31.885,0.7896,0.78975,2.50,3.60
2008.08.19 14:38:32.619,0.7896,0.78975,3.90,3.30
2008.08.19 14:38:34.918,0.7896,0.78975,3.90,4.40
2008.08.19 14:38:35.238,0.7896,0.7897,3.90,2.80
2008.08.19 14:38:35.360,0.7896,0.7897,1.80,2.80
2008.08.19 14:38:35.479,0.7896,0.7897,1.80,3.30
2008.08.19 14:38:36.204,0.7896,0.7897,3.90,3.30
2008.08.19 14:38:36.452,0.7896,0.78975,3.90,5.20
2008.08.19 14:38:36.700,0.7896,0.78975,3.90,2.80
2008.08.19 14:38:38.800,0.7896,0.78975,2.50,2.90
2008.08.19 14:38:38.847,0.7896,0.78975,2.50,3.60
2008.08.19 14:38:39.444,0.7896,0.7897,2.50,2.80
2008.08.19 14:38:41.104,0.7896,0.7897,1.60,2.80
2008.08.19 14:38:41.350,0.7896,0.7897,1.60,3.30
2008.08.19 14:38:41.428,0.7896,0.7897,1.80,1.40
2008.08.19 14:38:41.508,0.7896,0.7897,2.50,1.40
2008.08.19 14:38:41.588,0.7896,0.78975,2.50,5.50
2008.08.19 14:38:41.667,0.7896,0.78975,2.50,4.70
2008.08.19 14:38:41.747,0.7896,0.78975,3.90,4.40
2008.08.19 14:38:42.506,0.78965,0.78975,1.30,1.60
2008.08.19 14:38:43.100,0.78965,0.78975,2.20,3.30
2008.08.19 14:38:43.356,0.78965,0.78975,1.60,4.40
2008.08.19 14:38:43.612,0.7896,0.7897,3.90,2.80
2008.08.19 14:38:44.067,0.7896,0.78975,3.90,3.30
2008.08.19 14:38:44.464,0.7896,0.78975,3.90,2.80
2008.08.19 14:38:44.666,0.7896,0.78975,2.50,2.90
2008.08.19 14:38:44.868,0.7896,0.7897,1.60,3.30
2008.08.19 14:38:45.208,0.7896,0.7897,1.80,2.80
2008.08.19 14:38:45.888,0.7896,0.78975,2.50,4.70
2008.08.19 14:38:47.008,0.7896,0.78975,1.80,4.70
2008.08.19 14:38:47.656,0.7896,0.7897,1.60,2.80
2008.08.19 14:38:47.980,0.7896,0.78965,1.60,2.80
2008.08.19 14:38:49.361,0.7896,0.7897,1.60,3.30
2008.08.19 14:38:49.828,0.7896,0.7897,1.60,3.30
2008.08.19 14:38:49.998,0.7896,0.7897,1.60,4.40
2008.08.19 14:38:50.156,0.7896,0.7897,1.40,3.30
2008.08.19 14:38:50.502,0.78965,0.7897,2.00,2.80
2008.08.19 14:38:50.840,0.78965,0.7897,2.70,4.80
2008.08.19 14:38:51.168,0.78965,0.7897,2.40,1.40
2008.08.19 14:38:51.612,0.7896,0.7897,2.50,1.40
2008.08.19 14:38:52.040,0.7896,0.7897,1.80,1.40
2008.08.19 14:38:53.196,0.7896,0.7897,1.80,3.30
2008.08.19 14:38:54.265,0.7896,0.7897,1.60,3.30
2008.08.19 14:38:55.136,0.7896,0.7897,1.80,3.30
2008.08.19 14:38:56.678,0.7896,0.7897,1.80,1.40
2008.08.19 14:38:57.448,0.7896,0.7897,1.60,3.30
2008.08.19 14:38:57.886,0.7896,0.7897,1.80,3.30
2008.08.19 14:38:58.563,0.7896,0.7897,1.80,1.40
2008.08.19 14:39:00.880,0.7896,0.7897,2.50,1.40
2008.08.19 14:39:01.605,0.7896,0.7897,1.80,1.40
2008.08.19 14:39:04.769,0.7896,0.7897,3.90,1.40
2008.08.19 14:39:04.926,0.78965,0.78975,1.60,4.30
2008.08.19 14:39:05.008,0.7896,0.7897,2.70,1.40
2008.08.19 14:39:05.087,0.7896,0.7897,2.70,3.70
2008.08.19 14:39:05.174,0.7896,0.7897,1.80,3.70
2008.08.19 14:39:05.255,0.7896,0.7897,1.80,1.40
2008.08.19 14:39:05.925,0.7896,0.78975,2.50,4.70
2008.08.19 14:39:06.265,0.7896,0.78975,1.80,4.70
2008.08.19 14:39:06.605,0.7896,0.7897,1.60,2.80
2008.08.19 14:39:10.260,0.7896,0.7897,1.80,2.80
2008.08.19 14:39:10.370,0.7896,0.78975,1.80,4.70
2008.08.19 14:39:10.596,0.7896,0.7897,1.60,2.80
2008.08.19 14:39:10.929,0.7896,0.78965,1.60,2.80
2008.08.19 14:39:11.132,0.7896,0.7897,1.60,3.30
2008.08.19 14:39:11.336,0.7896,0.7897,1.60,2.80
2008.08.19 14:39:13.272,0.7896,0.7897,1.60,3.30
2008.08.19 14:39:14.160,0.7896,0.7897,1.80,3.30
2008.08.19 14:39:14.436,0.7896,0.7897,3.30,3.30
2008.08.19 14:39:14.711,0.7896,0.7897,2.90,3.30
2008.08.19 14:39:14.851,0.7896,0.78975,3.30,5.20
2008.08.19 14:39:15.264,0.7896,0.78975,3.90,4.40
2008.08.19 14:39:16.064,0.7896,0.78975,3.90,3.30
2008.08.19 14:39:16.647,0.7896,0.78975,3.90,4.40
2008.08.19 14:39:18.773,0.7896,0.7897,3.30,2.80
2008.08.19 14:39:19.020,0.7896,0.7897,2.90,3.30
2008.08.19 14:39:20.823,0.7896,0.7897,2.20,3.30
2008.08.19 14:39:22.925,0.7896,0.78965,1.60,2.80
2008.08.19 14:39:23.983,0.7896,0.7897,1.60,4.40
2008.08.19 14:39:24.219,0.7896,0.7897,1.30,4.40
2008.08.19 14:39:24.959,0.7896,0.78965,3.50,1.00
2008.08.19 14:39:25.195,0.7896,0.78965,3.50,1.40
2008.08.19 14:39:25.856,0.78955,0.78965,3.90,1.40
2008.08.19 14:39:26.846,0.7896,0.78965,2.40,1.40
2008.08.19 14:39:27.460,0.7896,0.7897,2.20,4.30
2008.08.19 14:39:27.668,0.7896,0.7897,1.60,3.30
2008.08.19 14:39:27.896,0.7896,0.7897,1.60,3.30
2008.08.19 14:39:28.347,0.7896,0.78965,1.30,3.30
2008.08.19 14:39:28.575,0.7896,0.78965,2.70,3.30
2008.08.19 14:39:28.803,0.7896,0.78965,2.00,3.30
2008.08.19 14:39:29.151,0.78955,0.78965,3.50,3.30
2008.08.19 14:39:29.327,0.78955,0.7896,2.00,1.40
2008.08.19 14:39:29.503,0.7896,0.78965,5.40,4.20
2008.08.19 14:39:29.851,0.7896,0.78965,5.40,4.40
2008.08.19 14:39:30.031,0.7895,0.78965,7.10,4.40
2008.08.19 14:39:30.740,0.78945,0.7896,3.90,3.30
2008.08.19 14:39:30.919,0.78955,0.7896,1.30,3.30
2008.08.19 14:39:31.199,0.7895,0.78965,1.70,4.40
2008.08.19 14:39:31.768,0.78955,0.7896,2.00,2.80
2008.08.19 14:39:32.047,0.7895,0.78965,2.80,4.40
2008.08.19 14:39:32.335,0.7895,0.78965,1.70,4.40
2008.08.19 14:39:32.907,0.7895,0.7896,1.70,2.80
2008.08.19 14:39:33.152,0.7895,0.7896,1.70,3.30
2008.08.19 14:39:33.395,0.78955,0.7896,1.30,3.30
2008.08.19 14:39:34.248,0.7895,0.7896,2.20,3.30
2008.08.19 14:39:34.435,0.7895,0.7896,2.70,3.30
2008.08.19 14:39:34.808,0.7895,0.7896,1.70,3.30
2008.08.19 14:39:36.399,0.7895,0.7896,2.70,3.30
2008.08.19 14:39:36.644,0.7895,0.7896,2.70,1.40
2008.08.19 14:39:37.141,0.7895,0.7896,3.20,1.40
2008.08.19 14:39:37.632,0.7895,0.7896,2.70,1.40
2008.08.19 14:39:37.879,0.7895,0.7896,1.70,1.40
2008.08.19 14:39:38.344,0.7895,0.7896,1.70,3.30
2008.08.19 14:39:42.253,0.7895,0.7896,1.70,1.40
2008.08.19 14:39:42.560,0.7895,0.7896,2.70,1.40
2008.08.19 14:39:43.353,0.7895,0.7896,2.20,3.30
2008.08.19 14:39:43.556,0.78945,0.7896,1.60,2.90
2008.08.19 14:39:43.761,0.7895,0.7896,2.40,2.90
2008.08.19 14:39:43.966,0.7895,0.7896,1.70,2.80
2008.08.19 14:39:44.167,0.7895,0.7896,1.70,3.30
2008.08.19 14:39:44.235,0.78955,0.7896,1.30,3.30
2008.08.19 14:39:45.662,0.7895,0.7896,1.70,3.30
2008.08.19 14:39:52.395,0.78955,0.7896,1.30,3.30
2008.08.19 14:39:55.664,0.7895,0.7896,1.70,1.40
2008.08.19 14:39:56.267,0.7895,0.7896,1.70,3.30
2008.08.19 14:39:57.955,0.78955,0.7896,1.30,3.30
2008.08.19 14:39:58.297,0.7895,0.7896,1.70,3.30
2008.08.19 14:39:59.279,0.78955,0.7896,1.30,3.30
2008.08.19 14:39:59.715,0.78945,0.7896,3.90,3.30
2008.08.19 14:40:00.012,0.78945,0.7896,2.40,4.40
2008.08.19 14:40:00.691,0.78945,0.7896,2.00,4.40
2008.08.19 14:40:00.988,0.78945,0.7896,2.40,4.40
2008.08.19 14:40:01.284,0.78945,0.7896,1.70,4.40
2008.08.19 14:40:01.579,0.78945,0.7896,1.70,4.70
2008.08.19 14:40:02.927,0.7895,0.7896,1.70,4.40
2008.08.19 14:40:03.814,0.78945,0.7896,3.90,3.30
2008.08.19 14:40:04.201,0.7895,0.7896,1.60,3.30
2008.08.19 14:40:07.836,0.7895,0.7896,1.30,3.30
2008.08.19 14:40:08.618,0.7895,0.7896,1.60,3.30
2008.08.19 14:40:12.283,0.7895,0.7896,1.30,3.30
2008.08.19 14:40:12.383,0.7895,0.7896,1.30,1.40
2008.08.19 14:40:13.063,0.7895,0.7896,1.30,3.30
2008.08.19 14:40:13.404,0.7895,0.7896,1.30,1.40
2008.08.19 14:40:13.747,0.7895,0.7896,1.30,3.30
2008.08.19 14:40:14.063,0.7895,0.7896,1.60,3.30
2008.08.19 14:40:14.847,0.7895,0.7896,1.30,1.40
2008.08.19 14:40:15.028,0.7895,0.7896,1.60,3.30
2008.08.19 14:40:15.559,0.7895,0.7896,1.30,3.30
2008.08.19 14:40:16.033,0.7895,0.7896,1.60,3.30
2008.08.19 14:40:16.479,0.7895,0.7896,1.60,4.40
2008.08.19 14:40:17.254,0.7895,0.7896,1.60,3.30
2008.08.19 14:40:24.637,0.7895,0.7896,1.60,4.40
2008.08.19 14:40:25.898,0.7895,0.7896,1.60,3.30
2008.08.19 14:40:29.500,0.7895,0.7896,1.60,4.40
2008.08.19 14:40:32.170,0.7895,0.7896,1.60,3.30
2008.08.19 14:40:42.337,0.7895,0.7896,1.60,4.40
2008.08.19 14:40:42.452,0.7895,0.78955,1.60,2.80
2008.08.19 14:40:45.676,0.7895,0.7896,1.60,3.30
2008.08.19 14:40:46.403,0.7895,0.7896,1.60,4.40
2008.08.19 14:40:46.967,0.7895,0.7896,1.60,3.30
2008.08.19 14:40:47.612,0.7895,0.7896,1.60,4.40
2008.08.19 14:40:48.891,0.7895,0.7896,1.60,3.30
2008.08.19 14:40:49.998,0.7895,0.7896,1.60,4.40
2008.08.19 14:40:50.080,0.7895,0.78955,1.60,2.80
2008.08.19 14:40:50.567,0.7895,0.7896,1.60,4.40
2008.08.19 14:40:52.269,0.7895,0.78955,1.60,2.80
2008.08.19 14:40:53.114,0.7895,0.7896,1.60,4.40
2008.08.19 14:40:56.585,0.7895,0.78955,1.60,2.80
2008.08.19 14:40:57.503,0.7895,0.7896,1.60,4.40
2008.08.19 14:41:01.692,0.7895,0.7896,1.60,3.30
2008.08.19 14:41:05.172,0.7895,0.7896,1.60,4.40
2008.08.19 14:41:06.094,0.78945,0.7896,2.90,4.40
2008.08.19 14:41:06.919,0.78945,0.7896,2.90,2.80
2008.08.19 14:41:09.740,0.78945,0.7896,2.40,3.70
2008.08.19 14:41:11.055,0.78945,0.78955,2.00,2.80
2008.08.19 14:41:11.983,0.78945,0.78955,2.50,2.80
2008.08.19 14:41:12.338,0.78945,0.78955,4.00,2.80
2008.08.19 14:41:12.566,0.78945,0.78955,1.80,2.80
2008.08.19 14:41:12.792,0.78945,0.7896,1.30,4.00
2008.08.19 14:41:14.141,0.78945,0.7896,1.00,4.00
2008.08.19 14:41:14.358,0.7894,0.78955,2.90,2.80
2008.08.19 14:41:17.015,0.78945,0.7896,1.70,4.00
2008.08.19 14:41:17.095,0.78945,0.7896,1.30,4.00
2008.08.19 14:41:17.591,0.78945,0.78955,1.30,2.80
2008.08.19 14:41:17.859,0.78945,0.7896,1.30,4.00
2008.08.19 14:41:18.129,0.78945,0.7896,1.70,4.00
2008.08.19 14:41:18.395,0.7894,0.78955,2.90,2.80
2008.08.19 14:41:22.527,0.78945,0.7896,1.70,4.00
2008.08.19 14:41:22.683,0.78945,0.7896,1.30,4.00
2008.08.19 14:41:23.296,0.78945,0.7896,1.80,4.00
2008.08.19 14:41:24.184,0.78945,0.7896,2.40,4.00
2008.08.19 14:41:24.406,0.78945,0.7896,2.40,4.70
2008.08.19 14:41:24.728,0.78945,0.7896,1.70,4.70
2008.08.19 14:41:25.437,0.7894,0.78955,3.90,2.80
2008.08.19 14:41:25.731,0.7894,0.78955,3.90,3.30
2008.08.19 14:41:29.411,0.7894,0.7895,2.50,1.00
2008.08.19 14:41:29.459,0.7894,0.7895,1.80,1.00
2008.08.19 14:41:29.552,0.7894,0.7895,1.80,1.40
2008.08.19 14:41:30.523,0.7894,0.7895,1.30,1.40
2008.08.19 14:41:31.047,0.7894,0.7895,1.30,3.30
2008.08.19 14:41:31.748,0.7894,0.7895,1.00,1.40
2008.08.19 14:41:31.983,0.7894,0.7895,2.40,1.40
2008.08.19 14:41:34.203,0.7894,0.7895,7.20,1.40
2008.08.19 14:41:35.182,0.7894,0.7895,1.60,1.40
2008.08.19 14:41:35.343,0.7894,0.7895,3.90,1.40
2008.08.19 14:41:36.259,0.7894,0.7895,1.80,1.40
2008.08.19 14:41:46.315,0.7894,0.7895,2.50,1.40
2008.08.19 14:41:46.588,0.7894,0.7895,3.90,1.40
2008.08.19 14:41:48.359,0.7894,0.7895,3.30,1.40
2008.08.19 14:41:48.561,0.7894,0.7895,1.30,1.40
2008.08.19 14:41:48.695,0.7894,0.7895,1.60,3.30
2008.08.19 14:41:50.163,0.7894,0.7895,1.60,4.40
2008.08.19 14:41:51.286,0.7894,0.78945,1.60,2.80
2008.08.19 14:41:51.703,0.78935,0.78945,2.70,3.30
2008.08.19 14:41:51.828,0.78935,0.78945,3.10,1.00
2008.08.19 14:41:51.952,0.78935,0.78945,1.70,1.60
2008.08.19 14:41:52.076,0.78935,0.78945,2.40,1.60
2008.08.19 14:41:52.199,0.78935,0.78945,2.00,4.40
2008.08.19 14:41:52.323,0.78935,0.7894,2.70,1.00
2008.08.19 14:41:52.447,0.78935,0.7894,2.40,1.40
2008.08.19 14:41:52.571,0.78935,0.7894,2.40,1.00
2008.08.19 14:41:53.263,0.78935,0.7894,1.70,1.00
2008.08.19 14:41:53.604,0.7893,0.78945,7.10,2.80
2008.08.19 14:41:53.731,0.7893,0.78945,3.90,2.80
2008.08.19 14:41:54.107,0.7893,0.78945,2.90,2.80
2008.08.19 14:41:54.483,0.78935,0.78945,1.70,2.80
2008.08.19 14:41:54.811,0.78935,0.78945,3.30,2.80
2008.08.19 14:41:55.215,0.78935,0.78945,3.90,2.80
2008.08.19 14:41:56.392,0.78935,0.78945,2.90,2.80
2008.08.19 14:41:56.696,0.78935,0.78945,3.90,1.40
2008.08.19 14:41:57.104,0.78935,0.7895,3.90,4.40
2008.08.19 14:41:57.247,0.78935,0.7895,3.90,3.30
2008.08.19 14:41:57.392,0.78935,0.7894,2.50,1.00
2008.08.19 14:41:57.675,0.78935,0.7894,1.80,1.00
2008.08.19 14:41:57.820,0.78935,0.78945,1.60,2.30
2008.08.19 14:41:58.160,0.7893,0.78935,1.80,1.00
2008.08.19 14:41:58.500,0.7893,0.7894,2.10,2.90
2008.08.19 14:41:58.839,0.7893,0.78935,1.30,1.00
2008.08.19 14:41:58.963,0.7893,0.7894,11.30,3.90
2008.08.19 14:41:59.087,0.7893,0.78935,3.50,1.00
2008.08.19 14:41:59.458,0.7893,0.7894,4.10,2.90
2008.08.19 14:41:59.712,0.7893,0.7894,1.70,2.80
2008.08.19 14:41:59.835,0.7893,0.7894,5.60,2.90
2008.08.19 14:41:59.959,0.7893,0.7894,2.40,2.80
2008.08.19 14:42:00.147,0.7893,0.7894,3.70,3.70
2008.08.19 14:42:00.335,0.78925,0.78935,2.40,1.00
2008.08.19 14:42:00.523,0.78925,0.78935,2.90,1.40
2008.08.19 14:42:01.296,0.78925,0.78935,1.80,3.30
2008.08.19 14:42:01.517,0.78925,0.78935,2.70,3.30
2008.08.19 14:42:01.735,0.78925,0.78935,2.70,1.40
2008.08.19 14:42:01.955,0.78925,0.78935,3.30,3.30
2008.08.19 14:42:02.175,0.78925,0.78935,1.70,3.30
2008.08.19 14:42:02.399,0.78925,0.78935,2.40,3.30
2008.08.19 14:42:03.476,0.78925,0.78935,2.40,1.40
2008.08.19 14:42:03.643,0.78925,0.78935,2.70,1.40
2008.08.19 14:42:03.811,0.78925,0.78935,3.20,1.40
2008.08.19 14:42:04.143,0.78925,0.78935,3.90,1.40
2008.08.19 14:42:05.215,0.78935,0.7894,1.30,3.50
2008.08.19 14:42:05.359,0.7893,0.78935,1.70,1.40
2008.08.19 14:42:06.240,0.78925,0.78935,3.90,1.40
2008.08.19 14:42:06.819,0.7893,0.78935,3.50,1.40
2008.08.19 14:42:07.855,0.78925,0.78935,3.90,1.40
2008.08.19 14:42:08.519,0.78935,0.7894,1.00,3.60
2008.08.19 14:42:08.663,0.78935,0.7894,2.00,3.60
2008.08.19 14:42:08.808,0.78935,0.78945,1.60,4.40
2008.08.19 14:42:08.954,0.7893,0.7894,1.60,2.80
2008.08.19 14:42:09.097,0.7893,0.7894,1.60,3.30
2008.08.19 14:42:09.519,0.7893,0.7894,1.80,3.30
2008.08.19 14:42:09.835,0.7893,0.7894,3.30,2.80
2008.08.19 14:42:09.995,0.7893,0.7894,2.90,2.80
2008.08.19 14:42:10.865,0.7893,0.7894,3.90,2.80
2008.08.19 14:42:11.107,0.7893,0.7894,3.30,2.80
2008.08.19 14:42:11.731,0.7893,0.7894,2.90,2.80
2008.08.19 14:42:15.448,0.7893,0.7894,3.30,2.80
2008.08.19 14:42:16.133,0.7893,0.7894,1.60,3.30
2008.08.19 14:42:16.362,0.7893,0.7894,3.30,3.30
2008.08.19 14:42:16.589,0.78935,0.7894,2.20,2.80
2008.08.19 14:42:16.819,0.78935,0.78945,1.60,3.30
2008.08.19 14:42:18.117,0.78935,0.78945,2.20,3.30
2008.08.19 14:42:18.465,0.78935,0.78945,1.60,3.30
2008.08.19 14:42:20.156,0.78935,0.7894,1.60,2.80
2008.08.19 14:42:21.279,0.7893,0.7894,2.20,2.80
2008.08.19 14:42:21.563,0.7893,0.7894,1.60,2.80
2008.08.19 14:42:24.285,0.7893,0.7894,2.10,2.80
2008.08.19 14:42:24.369,0.7893,0.7894,3.20,2.80
2008.08.19 14:42:24.452,0.7893,0.7894,3.90,2.80
2008.08.19 14:42:24.775,0.7893,0.78945,3.90,4.40
2008.08.19 14:42:25.264,0.7893,0.78945,3.90,3.30
2008.08.19 14:42:25.731,0.78935,0.78945,1.70,3.30
2008.08.19 14:42:26.580,0.78935,0.7895,1.70,5.50
2008.08.19 14:42:26.780,0.78935,0.7895,1.70,4.70
2008.08.19 14:42:27.173,0.78935,0.7895,2.40,4.70
2008.08.19 14:42:27.587,0.78935,0.78945,2.40,1.00
2008.08.19 14:42:27.783,0.78935,0.78945,2.40,1.40
2008.08.19 14:42:28.219,0.78935,0.78945,1.80,1.40
2008.08.19 14:42:28.560,0.78935,0.78945,1.60,3.30
2008.08.19 14:42:30.752,0.78935,0.7894,1.60,2.80
2008.08.19 14:42:31.214,0.78935,0.7894,3.70,2.80
2008.08.19 14:42:31.412,0.7893,0.7894,4.10,2.80
2008.08.19 14:42:31.612,0.7893,0.7894,9.50,2.80
2008.08.19 14:42:31.811,0.7893,0.78945,1.60,2.90
2008.08.19 14:42:32.011,0.7893,0.78945,2.90,2.80
2008.08.19 14:42:32.211,0.7893,0.78945,3.90,3.30
2008.08.19 14:42:32.475,0.7893,0.78945,3.90,2.80
2008.08.19 14:42:32.739,0.7893,0.78945,1.80,4.70
2008.08.19 14:42:33.263,0.7893,0.7894,1.80,3.70
2008.08.19 14:42:33.511,0.7893,0.7894,1.80,1.40
2008.08.19 14:42:36.853,0.7893,0.7894,2.50,1.40
2008.08.19 14:42:37.060,0.7893,0.7894,3.90,1.40
2008.08.19 14:42:40.239,0.7893,0.7894,3.30,1.40
2008.08.19 14:42:40.379,0.78935,0.7894,1.70,1.40
2008.08.19 14:42:40.847,0.7893,0.7894,3.90,1.40
2008.08.19 14:42:45.655,0.7893,0.7894,1.80,1.40
2008.08.19 14:42:46.574,0.7893,0.7894,1.80,3.30
2008.08.19 14:42:48.339,0.7893,0.7894,1.60,3.30
2008.08.19 14:42:48.888,0.7893,0.78935,1.30,1.00
2008.08.19 14:42:49.075,0.7893,0.78935,2.00,1.40
2008.08.19 14:42:49.919,0.7893,0.78935,2.00,1.00
2008.08.19 14:42:50.119,0.7893,0.7894,2.00,3.30
2008.08.19 14:42:52.975,0.7893,0.7894,3.70,3.30
2008.08.19 14:42:53.923,0.7893,0.7894,2.00,3.30
2008.08.19 14:42:54.152,0.7893,0.7894,2.00,4.40
2008.08.19 14:42:54.270,0.78925,0.78935,2.90,2.80
2008.08.19 14:42:54.387,0.78925,0.78935,2.90,3.30
2008.08.19 14:42:54.507,0.78925,0.78935,2.40,3.30
2008.08.19 14:42:54.619,0.78925,0.78935,3.30,3.30
2008.08.19 14:42:54.735,0.78925,0.78935,3.90,3.30
2008.08.19 14:42:54.856,0.78925,0.78935,3.90,1.40
2008.08.19 14:42:55.222,0.78925,0.78935,3.30,3.30
2008.08.19 14:42:55.707,0.78925,0.78935,3.30,1.40
2008.08.19 14:42:56.561,0.78925,0.78935,3.90,3.30
2008.08.19 14:42:57.771,0.78925,0.78935,3.90,1.40
2008.08.19 14:42:59.776,0.78925,0.78935,2.90,1.40
2008.08.19 14:43:03.927,0.78925,0.78935,3.90,1.40
2008.08.19 14:43:04.641,0.7893,0.78935,3.50,1.40
2008.08.19 14:43:04.922,0.78925,0.78935,3.90,1.40
2008.08.19 14:43:07.179,0.7893,0.7894,4.10,4.30
2008.08.19 14:43:07.399,0.7893,0.7894,1.60,3.30
2008.08.19 14:43:07.695,0.7893,0.7894,1.60,3.30
2008.08.19 14:43:13.119,0.7893,0.7894,1.80,3.30
2008.08.19 14:43:13.618,0.7893,0.7894,1.80,1.40
2008.08.19 14:43:18.494,0.7893,0.7894,1.80,3.30
2008.08.19 14:43:18.821,0.7893,0.7894,1.80,4.40
2008.08.19 14:43:19.143,0.7893,0.7894,1.60,3.30
2008.08.19 14:43:20.499,0.7893,0.7894,1.60,2.80
2008.08.19 14:43:20.659,0.7893,0.7894,1.80,2.80
2008.08.19 14:43:21.539,0.7893,0.78945,1.80,4.70
2008.08.19 14:43:22.060,0.7893,0.78945,3.90,3.30
2008.08.19 14:43:23.597,0.78935,0.7895,2.70,5.20
2008.08.19 14:43:23.804,0.78935,0.7895,3.20,3.30
2008.08.19 14:43:24.011,0.7894,0.7895,3.70,3.30
2008.08.19 14:43:24.219,0.7894,0.7895,1.60,4.40
2008.08.19 14:43:24.740,0.7894,0.7895,1.60,4.40
2008.08.19 14:43:26.799,0.7894,0.78945,1.60,2.80
2008.08.19 14:43:27.823,0.7894,0.7895,1.60,3.30
2008.08.19 14:43:28.176,0.7894,0.7895,1.30,1.40
2008.08.19 14:43:29.163,0.7894,0.7895,1.80,1.40
2008.08.19 14:43:29.839,0.78945,0.7895,1.70,1.40
2008.08.19 14:43:30.084,0.78945,0.78955,1.70,3.60
2008.08.19 14:43:30.206,0.78945,0.7895,1.70,4.00
2008.08.19 14:43:30.331,0.78945,0.7896,1.70,4.70
2008.08.19 14:43:31.736,0.78945,0.7896,2.40,4.70
2008.08.19 14:43:34.356,0.78945,0.7896,2.40,4.40
2008.08.19 14:43:34.553,0.78945,0.7896,2.40,4.70
2008.08.19 14:43:34.775,0.78945,0.7896,2.40,4.40
2008.08.19 14:43:35.150,0.78945,0.7896,3.30,4.40
2008.08.19 14:43:35.374,0.78945,0.7896,3.90,3.30
2008.08.19 14:43:35.696,0.78945,0.7896,3.90,4.40
2008.08.19 14:43:35.955,0.7895,0.7896,1.70,4.40
2008.08.19 14:43:36.171,0.78945,0.7896,2.40,4.40
2008.08.19 14:43:36.400,0.78945,0.7896,2.00,4.70
2008.08.19 14:43:36.616,0.7895,0.7896,1.70,4.40
2008.08.19 14:43:37.083,0.7895,0.7896,1.00,4.70
2008.08.19 14:43:37.295,0.7895,0.7896,1.30,4.70
2008.08.19 14:43:37.402,0.7895,0.7896,1.70,4.40
2008.08.19 14:43:38.180,0.78945,0.7896,2.40,4.70
2008.08.19 14:43:39.162,0.78945,0.7896,1.70,4.70
2008.08.19 14:43:40.090,0.78945,0.78955,1.70,2.80
2008.08.19 14:43:40.690,0.7894,0.78955,3.90,2.80
2008.08.19 14:43:40.935,0.78945,0.78955,1.60,2.80
2008.08.19 14:43:41.058,0.78945,0.78955,1.60,2.80
2008.08.19 14:43:44.166,0.78945,0.78955,1.80,2.80
2008.08.19 14:43:45.326,0.78945,0.7896,1.80,4.70
2008.08.19 14:43:46.359,0.78945,0.7896,2.50,4.70
2008.08.19 14:43:46.545,0.78945,0.7896,3.90,3.30
2008.08.19 14:43:46.906,0.78945,0.7896,1.80,4.70
2008.08.19 14:43:51.311,0.78945,0.78955,1.60,2.80
2008.08.19 14:43:51.667,0.78945,0.78955,2.90,2.80
2008.08.19 14:43:51.914,0.7895,0.78955,1.60,2.80
2008.08.19 14:43:52.044,0.7895,0.7896,1.60,4.40
2008.08.19 14:43:52.309,0.7895,0.7896,1.60,3.30
2008.08.19 14:43:52.794,0.7895,0.7896,1.30,1.40
2008.08.19 14:43:53.338,0.7895,0.7896,1.30,3.30
2008.08.19 14:43:53.854,0.7895,0.7896,1.30,1.40
2008.08.19 14:43:54.859,0.7895,0.7896,1.30,3.30
2008.08.19 14:43:55.442,0.7895,0.7896,1.30,1.40
2008.08.19 14:43:57.456,0.7895,0.7896,1.30,3.30
2008.08.19 14:43:57.725,0.7895,0.7896,1.30,4.40
2008.08.19 14:43:57.969,0.7895,0.7896,1.60,4.40
2008.08.19 14:44:02.437,0.7895,0.7896,1.60,4.70
2008.08.19 14:44:02.555,0.78945,0.78955,1.80,1.40
2008.08.19 14:44:07.675,0.78945,0.78955,1.80,3.30
2008.08.19 14:44:07.840,0.78945,0.78955,2.70,3.30
2008.08.19 14:44:08.180,0.78945,0.78955,3.30,3.30
2008.08.19 14:44:10.834,0.78945,0.78955,1.80,3.30
2008.08.19 14:44:11.315,0.78945,0.78955,1.30,3.30
2008.08.19 14:44:13.570,0.78945,0.78955,1.60,3.30
2008.08.19 14:44:13.911,0.78945,0.78955,1.60,3.30
2008.08.19 14:44:14.251,0.78945,0.78955,1.80,2.80
2008.08.19 14:44:14.443,0.78945,0.78955,1.60,2.80
2008.08.19 14:44:14.578,0.78945,0.78955,1.60,3.30
2008.08.19 14:44:15.634,0.78945,0.78955,1.80,2.80
2008.08.19 14:44:17.962,0.78945,0.7896,1.80,4.70
2008.08.19 14:44:18.078,0.78945,0.7896,3.30,4.40
2008.08.19 14:44:18.194,0.78945,0.7896,3.90,3.30
2008.08.19 14:44:19.694,0.78945,0.7896,3.90,4.40
2008.08.19 14:44:19.968,0.78945,0.7896,3.30,4.40
2008.08.19 14:44:20.178,0.78945,0.78955,3.30,2.80
2008.08.19 14:44:20.531,0.78945,0.78955,3.30,3.30
2008.08.19 14:44:21.547,0.78945,0.78955,2.90,3.30
2008.08.19 14:44:21.826,0.78945,0.78955,1.60,4.40
2008.08.19 14:44:22.895,0.78945,0.78955,1.60,4.70
2008.08.19 14:44:23.154,0.7894,0.7895,1.60,3.30
2008.08.19 14:44:26.000,0.7894,0.7895,1.80,2.80
2008.08.19 14:44:27.410,0.7894,0.7895,1.60,2.80
2008.08.19 14:44:33.498,0.7894,0.7895,1.60,3.30
2008.08.19 14:44:38.763,0.7894,0.7895,1.80,1.40
2008.08.19 14:44:41.883,0.78945,0.7895,1.00,1.40
2008.08.19 14:44:41.974,0.78945,0.7895,1.70,1.40
2008.08.19 14:44:42.550,0.7894,0.7895,3.90,1.40
2008.08.19 14:44:43.113,0.7894,0.7895,3.30,1.40
2008.08.19 14:44:43.371,0.7894,0.78955,2.50,4.80
2008.08.19 14:44:43.630,0.7894,0.78955,3.90,3.70
2008.08.19 14:44:44.331,0.7894,0.7895,1.60,2.80
2008.08.19 14:44:45.169,0.7894,0.78955,1.80,4.70
2008.08.19 14:44:45.254,0.7894,0.78955,3.30,3.70
2008.08.19 14:44:45.510,0.7894,0.78955,3.90,3.70
2008.08.19 14:44:46.402,0.7894,0.78955,3.90,2.80
2008.08.19 14:44:49.859,0.78945,0.78955,1.70,2.80
2008.08.19 14:44:50.336,0.78945,0.7896,1.70,4.70
2008.08.19 14:44:50.490,0.7894,0.78955,3.90,2.80
2008.08.19 14:44:50.722,0.78945,0.78955,1.70,2.80
2008.08.19 14:44:52.226,0.78945,0.7896,1.70,4.70
2008.08.19 14:44:52.902,0.78945,0.7896,1.70,4.40
2008.08.19 14:44:53.374,0.78945,0.7896,2.40,4.40
2008.08.19 14:44:56.314,0.78945,0.7896,2.90,3.30
2008.08.19 14:44:56.590,0.78945,0.7896,3.90,3.30
2008.08.19 14:44:56.868,0.7895,0.7896,1.70,1.40
2008.08.19 14:45:00.383,0.78955,0.7896,1.70,1.40
2008.08.19 14:45:00.859,0.7895,0.7896,1.70,1.40
2008.08.19 14:45:01.121,0.7895,0.7896,5.60,1.40
2008.08.19 14:45:01.361,0.78945,0.7896,1.80,4.70
2008.08.19 14:45:01.614,0.78945,0.78955,1.80,1.40
2008.08.19 14:45:03.078,0.78945,0.78955,1.30,1.40
2008.08.19 14:45:04.642,0.78945,0.78955,1.80,1.40
2008.08.19 14:45:05.218,0.78945,0.78955,1.30,1.40
2008.08.19 14:45:07.734,0.78945,0.78955,1.00,1.40
2008.08.19 14:45:08.014,0.78945,0.78955,1.30,3.30
2008.08.19 14:45:08.571,0.78945,0.78955,1.30,1.60
2008.08.19 14:45:08.850,0.78945,0.78955,1.30,1.40
2008.08.19 14:45:09.106,0.78945,0.78955,1.60,1.40
2008.08.19 14:45:09.362,0.78945,0.78955,1.30,1.40
2008.08.19 14:45:09.618,0.78945,0.78955,2.40,3.30
2008.08.19 14:45:09.990,0.78945,0.78955,2.40,4.40
2008.08.19 14:45:10.178,0.78945,0.78955,1.70,3.30
2008.08.19 14:45:11.038,0.78945,0.78955,2.40,3.30
2008.08.19 14:45:11.346,0.78945,0.78955,1.80,1.40
2008.08.19 14:45:11.654,0.78945,0.78955,1.30,1.40
2008.08.19 14:45:11.962,0.78945,0.78955,1.80,1.40
2008.08.19 14:45:12.216,0.78945,0.78955,1.30,1.40
2008.08.19 14:45:12.606,0.78945,0.78955,1.00,1.40
2008.08.19 14:45:12.739,0.78945,0.78955,1.70,1.40
2008.08.19 14:45:13.063,0.78945,0.78955,1.30,1.40
2008.08.19 14:45:13.718,0.78945,0.7896,2.70,4.40
2008.08.19 14:45:13.983,0.78945,0.7896,3.90,4.40
2008.08.19 14:45:14.247,0.78945,0.7896,2.00,4.70
2008.08.19 14:45:14.510,0.78945,0.78955,2.40,2.80
2008.08.19 14:45:14.774,0.78945,0.78955,2.00,2.80
2008.08.19 14:45:15.122,0.7894,0.78955,3.90,2.80
2008.08.19 14:45:17.271,0.7894,0.78955,3.90,3.30
2008.08.19 14:45:18.537,0.78945,0.7896,1.70,4.70
2008.08.19 14:45:19.010,0.78945,0.7896,2.40,4.70
2008.08.19 14:45:19.290,0.78945,0.7896,2.40,4.40
2008.08.19 14:45:20.026,0.78945,0.7896,2.40,4.70
2008.08.19 14:45:20.223,0.78945,0.7896,1.60,4.70
2008.08.19 14:45:20.611,0.78945,0.7896,2.40,4.40
2008.08.19 14:45:20.807,0.78945,0.7896,2.90,4.40
2008.08.19 14:45:21.146,0.78945,0.7896,2.90,3.30
2008.08.19 14:45:21.486,0.78945,0.7896,3.30,4.40
2008.08.19 14:45:21.827,0.78945,0.7896,2.40,4.40
2008.08.19 14:45:22.102,0.78945,0.78955,2.40,2.80
2008.08.19 14:45:25.145,0.78945,0.78955,2.90,2.80
2008.08.19 14:45:25.291,0.78945,0.7896,2.90,3.30
2008.08.19 14:45:25.439,0.78945,0.7896,2.40,4.40
2008.08.19 14:45:25.730,0.7895,0.7896,1.70,4.40
2008.08.19 14:45:26.323,0.78945,0.7896,3.30,4.40
2008.08.19 14:45:27.480,0.78945,0.7896,2.40,4.40
2008.08.19 14:45:27.734,0.78945,0.7896,1.70,4.40
2008.08.19 14:45:29.253,0.78945,0.7896,2.40,4.40
2008.08.19 14:45:31.967,0.78945,0.7896,2.40,4.70
2008.08.19 14:45:32.434,0.7895,0.7896,1.70,4.40
2008.08.19 14:45:33.198,0.7895,0.7896,1.70,3.30
2008.08.19 14:45:43.154,0.7895,0.7896,1.70,4.40
2008.08.19 14:45:43.450,0.78945,0.7896,3.90,4.40
2008.08.19 14:45:43.760,0.78945,0.7896,2.40,4.40
2008.08.19 14:45:44.558,0.78945,0.7896,2.90,4.40
2008.08.19 14:45:45.066,0.7895,0.7896,1.70,1.40
2008.08.19 14:45:49.795,0.7895,0.7896,1.70,3.30
2008.08.19 14:45:50.043,0.7895,0.7896,1.70,1.40
2008.08.19 14:45:50.230,0.7895,0.7896,1.70,3.30
2008.08.19 14:45:50.559,0.7895,0.7896,1.70,1.40
2008.08.19 14:45:52.256,0.7895,0.7896,1.70,3.30
2008.08.19 14:45:52.906,0.78945,0.7896,3.90,3.30
2008.08.19 14:45:53.414,0.7895,0.7896,1.70,3.30
2008.08.19 14:45:57.136,0.78945,0.7896,3.90,3.30
2008.08.19 14:45:58.286,0.7895,0.7896,1.70,1.40
2008.08.19 14:45:59.300,0.78945,0.7896,3.90,3.30
2008.08.19 14:45:59.594,0.7895,0.7896,1.70,1.40
2008.08.19 14:46:00.002,0.78945,0.7896,3.90,3.30
2008.08.19 14:46:02.834,0.78945,0.7896,3.90,4.40
2008.08.19 14:46:03.053,0.78945,0.7896,3.30,4.40
2008.08.19 14:46:03.134,0.78945,0.78955,1.80,1.00
2008.08.19 14:46:03.438,0.78945,0.78955,1.80,1.40
2008.08.19 14:46:04.043,0.78945,0.78955,1.80,3.30
2008.08.19 14:46:04.647,0.78945,0.78955,1.60,3.30
2008.08.19 14:46:06.885,0.78945,0.78955,2.90,3.30
2008.08.19 14:46:07.039,0.78945,0.78955,3.90,2.80
2008.08.19 14:46:07.674,0.78945,0.7896,3.90,3.30
2008.08.19 14:46:08.902,0.7895,0.7896,1.70,3.30
2008.08.19 14:46:09.427,0.7895,0.7896,1.70,4.40
2008.08.19 14:46:10.370,0.7895,0.7896,1.70,3.30
2008.08.19 14:46:10.466,0.78945,0.7896,3.90,3.30
2008.08.19 14:46:10.806,0.78945,0.7896,3.90,4.40
2008.08.19 14:46:11.046,0.7895,0.7896,1.70,4.40
2008.08.19 14:46:11.286,0.7895,0.7896,1.70,3.30
2008.08.19 14:46:11.526,0.7895,0.7896,1.70,1.40
2008.08.19 14:46:12.450,0.7895,0.7896,1.70,3.30
2008.08.19 14:46:12.834,0.7895,0.7896,1.70,1.40
2008.08.19 14:46:13.486,0.7895,0.7896,1.70,3.30
2008.08.19 14:46:13.780,0.7895,0.7896,1.70,1.40
2008.08.19 14:46:14.058,0.7895,0.7896,1.70,3.30
2008.08.19 14:46:23.684,0.7895,0.7896,3.50,3.30
2008.08.19 14:46:24.501,0.7895,0.7896,1.30,3.30
2008.08.19 14:46:25.427,0.7895,0.7896,1.80,3.30
2008.08.19 14:46:25.492,0.7895,0.7896,1.80,1.40
2008.08.19 14:46:25.738,0.7895,0.7896,1.30,1.40
2008.08.19 14:46:25.878,0.7895,0.7896,1.80,1.40
2008.08.19 14:46:26.290,0.7895,0.7896,1.30,1.40
2008.08.19 14:46:26.430,0.7895,0.7896,1.80,1.40
2008.08.19 14:46:26.923,0.7895,0.7896,1.30,1.40
2008.08.19 14:46:35.370,0.7895,0.7896,3.20,1.40
2008.08.19 14:46:35.734,0.7895,0.7896,1.30,1.40
2008.08.19 14:46:36.835,0.7895,0.7896,1.80,1.40
2008.08.19 14:46:37.526,0.7895,0.7896,1.30,1.40
2008.08.19 14:46:38.086,0.7895,0.78965,1.80,4.40
2008.08.19 14:46:38.427,0.7895,0.78965,2.50,4.70
2008.08.19 14:46:40.938,0.7895,0.78965,1.80,4.70
2008.08.19 14:46:41.166,0.7895,0.78965,2.50,4.70
2008.08.19 14:46:41.409,0.7895,0.78965,3.90,4.40
2008.08.19 14:46:42.386,0.78955,0.78965,2.20,4.40
2008.08.19 14:46:42.622,0.78955,0.78965,1.60,4.40
2008.08.19 14:46:45.310,0.7895,0.7896,2.70,2.10
2008.08.19 14:46:45.438,0.7895,0.7896,1.80,1.40
2008.08.19 14:46:46.334,0.7895,0.7896,1.80,3.30
2008.08.19 14:46:46.492,0.7895,0.7896,1.80,2.80
2008.08.19 14:46:46.799,0.7895,0.7896,2.50,2.80
2008.08.19 14:46:47.546,0.7895,0.78965,2.50,3.60
2008.08.19 14:46:48.278,0.7895,0.78965,3.90,3.30
2008.08.19 14:46:48.875,0.78955,0.78965,2.00,2.80
2008.08.19 14:46:49.175,0.78955,0.78965,2.40,2.80
2008.08.19 14:46:49.476,0.78955,0.78965,1.60,2.80
2008.08.19 14:46:49.638,0.78955,0.78965,2.40,2.80
2008.08.19 14:46:51.432,0.78955,0.78965,1.70,2.80
2008.08.19 14:46:51.599,0.78955,0.7897,1.70,4.00
2008.08.19 14:46:51.932,0.78955,0.7897,1.70,4.70
2008.08.19 14:46:52.262,0.78955,0.7897,2.40,4.70
2008.08.19 14:46:52.872,0.78955,0.7897,1.60,4.70
2008.08.19 14:46:53.177,0.78955,0.7897,1.60,4.00
2008.08.19 14:46:53.643,0.78955,0.7897,1.70,4.00
2008.08.19 14:46:54.216,0.78955,0.7897,2.90,2.80
2008.08.19 14:46:54.802,0.78955,0.7897,2.90,3.70
2008.08.19 14:46:55.078,0.78955,0.7897,3.90,3.70
2008.08.19 14:46:56.530,0.78955,0.7897,1.80,4.00
2008.08.19 14:46:56.728,0.78955,0.7897,2.50,4.70
2008.08.19 14:46:56.918,0.78955,0.7897,1.60,4.00
2008.08.19 14:46:58.658,0.78955,0.7897,1.70,4.00
2008.08.19 14:46:58.854,0.78955,0.7897,1.60,4.00
2008.08.19 14:46:59.282,0.78955,0.7897,1.70,4.00
2008.08.19 14:46:59.495,0.78955,0.7897,2.40,4.00
2008.08.19 14:47:00.000,0.78955,0.78965,2.40,2.80
2008.08.19 14:47:00.401,0.78955,0.78965,1.70,2.80
2008.08.19 14:47:02.082,0.7895,0.78965,3.90,2.80
2008.08.19 14:47:02.422,0.78955,0.78965,1.70,2.80
2008.08.19 14:47:04.163,0.78955,0.7897,1.70,4.00
2008.08.19 14:47:04.420,0.78955,0.78965,1.70,2.80
2008.08.19 14:47:05.537,0.78955,0.7897,2.20,3.60
2008.08.19 14:47:05.694,0.78955,0.7897,1.60,2.90
2008.08.19 14:47:05.854,0.78955,0.7897,1.00,4.70
2008.08.19 14:47:06.014,0.78955,0.7897,1.70,4.70
2008.08.19 14:47:06.170,0.78955,0.7897,2.40,4.70
2008.08.19 14:47:06.494,0.78955,0.7897,2.90,4.00
2008.08.19 14:47:06.822,0.78955,0.7897,2.40,4.00
2008.08.19 14:47:07.475,0.78955,0.7897,1.60,4.70
2008.08.19 14:47:07.599,0.78955,0.7897,3.90,3.70
2008.08.19 14:47:08.214,0.78955,0.7897,3.90,2.80
2008.08.19 14:47:08.557,0.7896,0.7897,1.70,2.80
2008.08.19 14:47:08.896,0.7896,0.7897,3.50,2.80
2008.08.19 14:47:09.248,0.7896,0.7897,1.60,2.80
2008.08.19 14:47:09.374,0.7896,0.7897,1.30,2.80
2008.08.19 14:47:09.510,0.7896,0.7897,1.30,3.30
2008.08.19 14:47:09.646,0.7896,0.7897,1.80,3.30
2008.08.19 14:47:11.566,0.7896,0.7897,1.60,2.80
2008.08.19 14:47:11.978,0.7896,0.7897,1.80,2.80
2008.08.19 14:47:12.178,0.7896,0.7897,2.50,2.80
2008.08.19 14:47:12.378,0.7896,0.7897,3.30,2.80
2008.08.19 14:47:12.543,0.7896,0.78975,1.80,4.70
2008.08.19 14:47:13.297,0.7896,0.7897,1.80,2.80
2008.08.19 14:47:14.003,0.7896,0.7897,1.60,2.80
2008.08.19 14:47:16.466,0.7896,0.78975,1.80,4.70
2008.08.19 14:47:16.670,0.78965,0.78975,1.60,3.30
2008.08.19 14:47:16.874,0.78965,0.78975,1.60,4.40
2008.08.19 14:47:19.239,0.78965,0.7897,1.60,2.80
2008.08.19 14:47:21.101,0.78965,0.7897,1.60,3.70
2008.08.19 14:47:21.133,0.7896,0.7897,2.20,4.40
2008.08.19 14:47:21.344,0.7896,0.7897,1.60,4.40
2008.08.19 14:47:21.505,0.7896,0.7897,1.60,4.40
2008.08.19 14:47:22.566,0.7896,0.7897,1.60,4.70
2008.08.19 14:47:22.758,0.78955,0.7897,1.80,4.70
2008.08.19 14:47:22.962,0.78955,0.78965,2.40,2.80
2008.08.19 14:47:23.163,0.78955,0.78965,1.70,2.80
2008.08.19 14:47:23.966,0.7895,0.78965,3.90,2.80
2008.08.19 14:47:24.654,0.7895,0.78965,2.50,2.90
2008.08.19 14:47:24.814,0.7895,0.78965,2.50,4.00
2008.08.19 14:47:25.134,0.7895,0.78965,2.50,4.70
2008.08.19 14:47:25.295,0.7895,0.78965,3.90,2.80
2008.08.19 14:47:25.770,0.7895,0.78965,2.50,4.00
2008.08.19 14:47:25.929,0.7895,0.78965,2.50,4.70
2008.08.19 14:47:27.165,0.7895,0.78965,3.90,4.40
2008.08.19 14:47:27.238,0.7895,0.78965,3.90,3.30
2008.08.19 14:47:27.310,0.7895,0.78965,3.90,2.80
2008.08.19 14:47:28.366,0.78955,0.78965,1.70,2.80
2008.08.19 14:47:29.086,0.78955,0.7897,1.70,4.70
2008.08.19 14:47:31.643,0.78955,0.7897,1.70,4.40
2008.08.19 14:47:32.038,0.78955,0.7897,2.40,4.40
2008.08.19 14:47:34.535,0.7895,0.78965,2.50,4.00
2008.08.19 14:47:34.875,0.7895,0.7896,1.80,1.40
2008.08.19 14:47:36.212,0.7895,0.7896,3.20,1.40
2008.08.19 14:47:36.838,0.7895,0.7896,3.90,1.40
2008.08.19 14:47:37.067,0.78955,0.7896,1.70,1.40
2008.08.19 14:47:39.306,0.7895,0.7896,3.90,1.40
2008.08.19 14:47:40.018,0.78955,0.7896,1.70,1.40
2008.08.19 14:47:42.148,0.7895,0.7896,3.90,1.40
2008.08.19 14:47:43.990,0.78955,0.7896,1.70,1.40
2008.08.19 14:47:44.746,0.7895,0.7896,3.90,1.40
2008.08.19 14:47:45.455,0.78955,0.7896,1.70,1.40
2008.08.19 14:47:51.221,0.7895,0.7896,2.70,1.40
2008.08.19 14:47:53.496,0.7895,0.7896,3.20,1.40
2008.08.19 14:47:53.873,0.78955,0.7896,1.70,1.40
2008.08.19 14:47:54.882,0.7895,0.7896,1.30,1.40
2008.08.19 14:47:59.646,0.7895,0.7896,1.30,3.30
2008.08.19 14:47:59.877,0.7895,0.7896,1.30,1.40
2008.08.19 14:48:00.341,0.7895,0.7896,1.80,1.40
2008.08.19 14:48:00.457,0.78955,0.7896,1.30,1.40
2008.08.19 14:48:00.574,0.78955,0.7896,1.70,1.40
2008.08.19 14:48:04.388,0.7895,0.7896,3.20,1.40
2008.08.19 14:48:04.734,0.7895,0.7896,1.30,1.40
2008.08.19 14:48:05.950,0.7895,0.7896,1.30,3.30
2008.08.19 14:48:06.367,0.7895,0.7896,1.30,1.40
2008.08.19 14:48:07.074,0.7895,0.7896,1.80,1.40
2008.08.19 14:48:07.379,0.7895,0.7896,3.20,1.40
2008.08.19 14:48:08.721,0.7895,0.7896,2.70,1.40
2008.08.19 14:48:08.765,0.7895,0.7896,1.30,1.40
2008.08.19 14:48:10.400,0.7895,0.7896,2.70,1.40
2008.08.19 14:48:10.917,0.7895,0.7896,1.30,1.40
2008.08.19 14:48:11.121,0.7895,0.7896,1.60,3.30
2008.08.19 14:48:11.530,0.7895,0.7896,1.30,3.30
2008.08.19 14:48:12.674,0.7895,0.7896,2.70,3.30
2008.08.19 14:48:13.210,0.7895,0.7896,1.60,3.30
2008.08.19 14:48:14.677,0.7895,0.7896,1.30,3.30
2008.08.19 14:48:18.005,0.7895,0.7896,1.60,3.30
2008.08.19 14:48:21.189,0.7895,0.7896,1.60,4.40
2008.08.19 14:48:21.409,0.7895,0.78955,1.60,2.80
2008.08.19 14:48:24.632,0.7895,0.7896,1.60,3.30
2008.08.19 14:48:26.406,0.7895,0.7896,1.60,4.40
2008.08.19 14:48:26.693,0.7895,0.78955,1.60,2.80
2008.08.19 14:48:27.037,0.7895,0.7896,1.60,4.40
2008.08.19 14:48:27.685,0.7895,0.78955,1.60,2.80
2008.08.19 14:48:28.345,0.7895,0.7896,1.60,4.40
2008.08.19 14:48:30.933,0.7895,0.78955,1.60,2.80
2008.08.19 14:48:32.423,0.7895,0.7896,1.60,4.40
2008.08.19 14:48:33.376,0.7895,0.7896,1.60,3.30
2008.08.19 14:48:35.396,0.7895,0.7896,1.60,4.40
2008.08.19 14:48:35.487,0.7895,0.7896,1.60,4.70
2008.08.19 14:48:35.634,0.7895,0.7896,1.60,3.60
2008.08.19 14:48:35.723,0.7895,0.7896,1.60,3.30
2008.08.19 14:48:45.235,0.7895,0.7896,1.30,1.40
2008.08.19 14:48:45.879,0.7895,0.7896,1.80,1.40
2008.08.19 14:48:46.312,0.7895,0.7896,1.30,1.40
2008.08.19 14:48:48.390,0.7895,0.7896,1.80,1.40
2008.08.19 14:48:49.030,0.7895,0.7896,1.30,1.40
2008.08.19 14:48:51.001,0.7895,0.7896,1.80,1.40
2008.08.19 14:48:54.049,0.7895,0.7896,2.50,1.40
2008.08.19 14:48:54.409,0.7895,0.7896,1.30,1.40
2008.08.19 14:48:54.595,0.7895,0.7896,1.80,1.40
2008.08.19 14:48:55.287,0.7895,0.7896,1.30,1.40
2008.08.19 14:48:55.965,0.7895,0.7896,1.80,1.40
2008.08.19 14:48:56.130,0.7895,0.7896,1.30,1.40
2008.08.19 14:48:57.505,0.7895,0.7896,1.60,1.40
2008.08.19 14:48:57.645,0.7895,0.7896,1.40,3.30
2008.08.19 14:48:58.083,0.7895,0.7896,1.80,1.40
2008.08.19 14:48:59.390,0.7895,0.7896,1.30,1.40
2008.08.19 14:49:11.613,0.7895,0.7896,1.60,3.30
2008.08.19 14:49:12.517,0.7895,0.7896,1.30,3.30
2008.08.19 14:49:13.077,0.7895,0.7896,1.30,1.40
2008.08.19 14:49:14.783,0.7895,0.7896,1.30,3.30
2008.08.19 14:49:15.058,0.7895,0.7896,1.60,3.30
2008.08.19 14:49:16.481,0.7895,0.7896,1.30,3.30
2008.08.19 14:49:16.971,0.7895,0.7896,1.60,3.30
2008.08.19 14:49:17.217,0.7895,0.7896,1.30,3.30
2008.08.19 14:49:18.157,0.7895,0.7896,1.60,3.30
2008.08.19 14:49:18.805,0.7895,0.7896,1.30,1.40
2008.08.19 14:49:19.025,0.7895,0.7896,1.60,3.30
2008.08.19 14:49:19.465,0.7895,0.7896,1.30,3.30
2008.08.19 14:49:20.162,0.7895,0.7896,1.30,1.40
2008.08.19 14:49:20.746,0.7895,0.7896,1.80,1.40
2008.08.19 14:49:20.869,0.7895,0.7896,2.70,1.40
2008.08.19 14:49:21.349,0.7895,0.7896,3.20,1.40
2008.08.19 14:49:21.470,0.7895,0.7896,1.30,1.40
2008.08.19 14:49:22.142,0.7895,0.7896,1.30,3.30
2008.08.19 14:49:22.477,0.7895,0.7896,1.60,3.30
2008.08.19 14:49:28.901,0.7895,0.7896,1.60,4.40
2008.08.19 14:49:32.422,0.7895,0.7896,1.60,3.30
2008.08.19 14:49:36.738,0.7895,0.7896,1.60,4.40
2008.08.19 14:49:37.230,0.7895,0.78955,1.60,2.80
2008.08.19 14:49:39.035,0.7895,0.7896,1.60,3.30
2008.08.19 14:49:41.188,0.7895,0.7896,1.60,4.40
2008.08.19 14:49:49.375,0.7895,0.7896,1.60,3.30
2008.08.19 14:49:51.910,0.7895,0.7896,1.30,3.30
2008.08.19 14:49:53.069,0.7895,0.7896,1.30,1.40
2008.08.19 14:49:54.622,0.7895,0.7896,1.60,3.30
2008.08.19 14:49:57.107,0.7895,0.7896,1.30,3.30
2008.08.19 14:49:58.607,0.7895,0.7896,1.60,3.30
2008.08.19 14:50:01.578,0.7895,0.7896,1.30,1.40
2008.08.19 14:50:04.361,0.7895,0.7896,1.80,1.40
2008.08.19 14:50:04.897,0.7895,0.7896,1.30,1.40
2008.08.19 14:50:05.425,0.7895,0.7896,1.60,3.30
2008.08.19 14:50:08.481,0.7895,0.7896,1.30,1.40
2008.08.19 14:50:08.617,0.7895,0.7896,1.60,3.30
2008.08.19 14:50:09.289,0.7895,0.7896,1.60,4.40
2008.08.19 14:50:09.925,0.7895,0.7896,1.30,4.40
2008.08.19 14:50:10.150,0.7895,0.7896,1.30,3.30
2008.08.19 14:50:10.486,0.7895,0.7896,1.30,4.40
2008.08.19 14:50:10.886,0.7895,0.7896,1.60,4.40
2008.08.19 14:50:12.710,0.7895,0.7896,1.60,3.30
2008.08.19 14:50:14.029,0.7895,0.7896,1.60,3.30
2008.08.19 14:50:16.189,0.78945,0.78955,1.70,2.80
2008.08.19 14:50:16.389,0.7895,0.78955,3.20,2.80
2008.08.19 14:50:16.603,0.7895,0.78955,1.60,2.80
2008.08.19 14:50:16.807,0.7895,0.7896,1.60,4.40
2008.08.19 14:50:17.129,0.7895,0.7896,1.60,3.30
2008.08.19 14:50:17.898,0.7895,0.7896,1.60,4.40
2008.08.19 14:50:18.250,0.7895,0.7896,1.60,3.30
2008.08.19 14:50:18.591,0.7895,0.7896,1.30,1.40
2008.08.19 14:50:20.322,0.7895,0.7896,1.80,1.40
2008.08.19 14:50:20.626,0.7895,0.7896,3.30,1.40
2008.08.19 14:50:20.697,0.78955,0.7896,1.70,1.40
2008.08.19 14:50:21.217,0.7895,0.7896,3.30,1.40
2008.08.19 14:50:21.691,0.7895,0.7896,1.30,1.40
2008.08.19 14:50:23.097,0.7895,0.7896,1.60,3.30
2008.08.19 14:50:23.677,0.7895,0.7896,1.60,4.40
2008.08.19 14:50:24.033,0.7895,0.7896,1.60,3.30
2008.08.19 14:50:24.707,0.7895,0.7896,1.60,4.40
2008.08.19 14:50:25.469,0.7895,0.7896,1.60,3.30
2008.08.19 14:50:26.681,0.7895,0.7896,1.30,3.30
2008.08.19 14:50:27.073,0.7895,0.7896,1.30,1.40
2008.08.19 14:50:28.621,0.7895,0.7896,2.70,1.40
2008.08.19 14:50:28.825,0.7895,0.7896,1.30,1.40
2008.08.19 14:50:29.445,0.7895,0.7896,1.80,1.40
2008.08.19 14:50:29.657,0.7895,0.7896,1.80,3.30
2008.08.19 14:50:30.293,0.7895,0.7896,1.60,3.30
2008.08.19 14:50:30.457,0.7895,0.7896,1.60,4.40
2008.08.19 14:50:32.394,0.7895,0.78955,1.60,2.80
2008.08.19 14:50:32.879,0.7895,0.7896,1.60,4.40
2008.08.19 14:50:33.081,0.7895,0.7896,1.60,3.30
2008.08.19 14:50:39.081,0.7895,0.7896,1.30,1.40
2008.08.19 14:50:41.198,0.7895,0.7896,1.30,3.30
2008.08.19 14:50:47.029,0.7895,0.7896,1.30,1.40
2008.08.19 14:50:47.391,0.7895,0.7896,1.80,1.40
2008.08.19 14:50:47.621,0.7895,0.7896,2.50,1.40
2008.08.19 14:50:47.837,0.7895,0.7896,1.80,1.40
2008.08.19 14:50:48.745,0.7895,0.7896,1.30,1.40
2008.08.19 14:50:49.817,0.7895,0.7896,1.30,3.30
2008.08.19 14:50:50.325,0.7895,0.7896,1.80,3.30
2008.08.19 14:50:50.525,0.7895,0.7896,3.20,1.40
2008.08.19 14:50:50.885,0.7895,0.7896,3.90,1.40
2008.08.19 14:50:51.493,0.78955,0.7896,1.70,1.40
2008.08.19 14:50:52.046,0.78955,0.78965,1.30,1.40
2008.08.19 14:50:52.221,0.78955,0.78965,1.80,1.40
2008.08.19 14:50:52.729,0.7896,0.7897,2.20,4.40
2008.08.19 14:50:52.885,0.7896,0.7897,1.60,3.50
2008.08.19 14:50:53.197,0.7896,0.7897,1.60,3.30
2008.08.19 14:50:54.877,0.7896,0.7897,1.60,4.40
2008.08.19 14:50:55.181,0.7896,0.7897,2.20,5.20
2008.08.19 14:50:55.282,0.78955,0.78965,3.30,1.40
2008.08.19 14:50:56.204,0.78955,0.78965,3.90,1.40
2008.08.19 14:50:56.541,0.7896,0.78965,3.50,1.40
2008.08.19 14:50:56.705,0.7896,0.7897,1.30,1.40
2008.08.19 14:50:56.929,0.7896,0.7897,2.70,1.40
2008.08.19 14:50:57.153,0.78965,0.7897,1.70,1.40
2008.08.19 14:50:57.825,0.78965,0.7897,2.20,5.10
2008.08.19 14:50:58.010,0.78965,0.7898,1.60,8.30
2008.08.19 14:50:58.195,0.78965,0.7898,1.00,8.30
2008.08.19 14:50:58.381,0.78965,0.7898,1.70,9.10
2008.08.19 14:50:58.565,0.78965,0.78975,1.70,2.80
2008.08.19 14:50:58.933,0.7896,0.7897,3.90,1.40
2008.08.19 14:50:59.270,0.7896,0.7897,2.50,1.40
2008.08.19 14:50:59.609,0.7896,0.7897,1.60,3.30
2008.08.19 14:50:59.945,0.7896,0.7897,2.50,1.40
2008.08.19 14:51:00.225,0.7896,0.7897,1.80,1.40
2008.08.19 14:51:00.365,0.78965,0.7897,1.70,1.40
2008.08.19 14:51:02.501,0.78965,0.78975,1.60,3.30
2008.08.19 14:51:02.719,0.78965,0.78975,2.70,3.30
2008.08.19 14:51:02.937,0.78965,0.78975,2.90,3.30
2008.08.19 14:51:03.465,0.78965,0.78975,1.60,3.30
2008.08.19 14:51:03.641,0.78965,0.78975,2.10,2.80
2008.08.19 14:51:03.822,0.78965,0.78975,1.40,2.80
2008.08.19 14:51:04.337,0.78965,0.78975,1.60,2.80
2008.08.19 14:51:04.673,0.78965,0.78975,1.30,2.80
2008.08.19 14:51:05.009,0.78965,0.78975,2.00,3.70
2008.08.19 14:51:05.241,0.78965,0.7897,2.00,2.80
2008.08.19 14:51:05.357,0.7896,0.7897,2.40,2.80
2008.08.19 14:51:05.705,0.7896,0.7897,1.60,2.80
2008.08.19 14:51:05.821,0.7896,0.7897,1.20,2.80
2008.08.19 14:51:06.321,0.7896,0.7897,1.30,2.80
2008.08.19 14:51:06.505,0.7896,0.7897,5.90,2.80
2008.08.19 14:51:06.689,0.7896,0.7897,2.00,2.80
2008.08.19 14:51:06.873,0.78955,0.7897,3.90,2.80
2008.08.19 14:51:10.453,0.78955,0.7897,3.90,3.70
2008.08.19 14:51:11.005,0.78955,0.7897,3.90,2.80
2008.08.19 14:51:11.093,0.78955,0.7897,3.90,3.30
2008.08.19 14:51:11.137,0.78955,0.7897,3.90,4.40
2008.08.19 14:51:11.183,0.78955,0.78965,3.90,2.80
2008.08.19 14:51:11.497,0.78955,0.7897,3.90,4.40
2008.08.19 14:51:14.641,0.7896,0.7897,1.70,3.30
2008.08.19 14:51:15.389,0.7896,0.7897,1.70,2.80
2008.08.19 14:51:16.947,0.7896,0.78975,2.20,4.40
2008.08.19 14:51:17.103,0.7896,0.78975,3.30,4.40
2008.08.19 14:51:17.230,0.7896,0.78975,2.50,4.70
2008.08.19 14:51:19.231,0.7896,0.78975,2.50,3.60
2008.08.19 14:51:19.906,0.7896,0.78975,3.90,3.30
2008.08.19 14:51:20.075,0.78965,0.78975,2.20,3.30
2008.08.19 14:51:20.325,0.78965,0.78975,1.60,3.30
2008.08.19 14:51:21.062,0.78965,0.78975,1.60,4.40
2008.08.19 14:51:21.222,0.78965,0.78975,1.60,4.70
2008.08.19 14:51:21.487,0.7896,0.7897,2.00,5.40
2008.08.19 14:51:21.569,0.7896,0.7897,1.30,1.40
2008.08.19 14:51:22.032,0.7896,0.7897,1.80,1.40
2008.08.19 14:51:23.729,0.7896,0.7897,3.20,1.40
2008.08.19 14:51:24.289,0.78965,0.7897,1.70,1.40
2008.08.19 14:51:30.478,0.78965,0.7897,1.00,1.40
2008.08.19 14:51:30.581,0.7896,0.7897,2.50,1.40
2008.08.19 14:51:31.009,0.78965,0.7897,1.70,1.40
2008.08.19 14:51:31.517,0.7896,0.7897,1.80,1.40
2008.08.19 14:51:31.717,0.7896,0.7897,2.50,1.40
2008.08.19 14:51:32.593,0.7896,0.7897,1.80,1.40
2008.08.19 14:51:34.599,0.78965,0.7897,1.70,1.40
2008.08.19 14:51:35.653,0.7896,0.7897,3.20,1.40
2008.08.19 14:51:36.160,0.7896,0.7897,3.90,1.40
2008.08.19 14:51:36.889,0.78965,0.7897,1.70,1.40
2008.08.19 14:51:39.041,0.7896,0.7897,3.90,1.40
2008.08.19 14:51:39.977,0.7896,0.7897,3.30,1.40
2008.08.19 14:51:40.197,0.78965,0.7897,1.70,1.40
2008.08.19 14:51:40.691,0.7896,0.7897,3.90,1.40
2008.08.19 14:51:40.913,0.7896,0.7897,3.30,1.40
2008.08.19 14:51:41.041,0.7896,0.7897,1.30,1.40
2008.08.19 14:51:41.169,0.7896,0.7897,1.30,3.30
2008.08.19 14:51:42.109,0.7896,0.7897,1.30,1.40
2008.08.19 14:51:42.941,0.7896,0.7897,1.80,1.40
2008.08.19 14:51:43.061,0.7896,0.7897,1.30,1.40
2008.08.19 14:51:43.545,0.7896,0.7897,1.30,3.30
2008.08.19 14:51:45.868,0.7896,0.7897,1.30,1.40
2008.08.19 14:51:46.521,0.7896,0.7897,1.30,3.30
2008.08.19 14:51:47.137,0.7896,0.7897,1.80,1.40
2008.08.19 14:51:47.393,0.7896,0.7897,3.20,1.40
2008.08.19 14:51:47.649,0.78965,0.78975,1.60,3.30
2008.08.19 14:51:48.939,0.78965,0.78975,1.30,3.30
2008.08.19 14:51:49.397,0.78965,0.78975,2.70,1.40
2008.08.19 14:51:49.698,0.78965,0.78975,1.30,1.40
2008.08.19 14:51:50.001,0.78965,0.78975,1.80,1.40
2008.08.19 14:51:50.101,0.78965,0.78975,3.20,1.40
2008.08.19 14:51:50.301,0.78965,0.78975,1.80,1.40
2008.08.19 14:51:51.739,0.78965,0.78975,1.30,1.40
2008.08.19 14:51:52.598,0.78965,0.78975,1.80,1.40
2008.08.19 14:51:53.221,0.78965,0.78975,1.30,1.40
2008.08.19 14:51:53.753,0.78965,0.78975,1.00,1.40
2008.08.19 14:51:53.800,0.78965,0.78975,1.00,3.30
2008.08.19 14:51:53.897,0.78965,0.78975,1.70,3.30
2008.08.19 14:51:54.577,0.78965,0.78975,1.30,3.30
2008.08.19 14:51:54.931,0.78965,0.78975,1.00,3.30
2008.08.19 14:51:55.274,0.78965,0.78975,1.70,3.30
2008.08.19 14:51:55.377,0.7896,0.78975,3.90,3.30
2008.08.19 14:51:56.001,0.78965,0.78975,2.20,3.30
2008.08.19 14:51:56.209,0.78965,0.78975,1.30,3.30
2008.08.19 14:51:56.585,0.78965,0.78975,1.70,3.30
2008.08.19 14:51:57.000,0.7896,0.78975,3.90,3.30
2008.08.19 14:51:58.141,0.78965,0.78975,1.70,3.30
2008.08.19 14:51:58.400,0.78965,0.78975,2.20,3.30
2008.08.19 14:51:58.657,0.78965,0.78975,1.70,3.30
2008.08.19 14:51:58.913,0.7896,0.78975,3.90,3.30
2008.08.19 14:51:59.650,0.7896,0.78975,6.00,3.30
2008.08.19 14:51:59.870,0.78965,0.78975,2.00,3.30
2008.08.19 14:52:00.089,0.78965,0.78975,2.40,3.30
2008.08.19 14:52:00.862,0.78965,0.78975,1.70,3.30
2008.08.19 14:52:01.621,0.78965,0.78975,1.30,3.30
2008.08.19 14:52:01.758,0.78965,0.78975,1.60,3.30
2008.08.19 14:52:04.217,0.78965,0.78975,1.30,1.40
2008.08.19 14:52:07.621,0.78965,0.78975,1.80,1.40
2008.08.19 14:52:08.672,0.78965,0.78975,1.30,1.40
2008.08.19 14:52:10.010,0.78965,0.78975,2.70,1.40
2008.08.19 14:52:10.167,0.7897,0.78975,1.70,1.40
2008.08.19 14:52:10.289,0.78965,0.78975,2.70,1.40
2008.08.19 14:52:10.349,0.78965,0.78975,1.30,1.40
2008.08.19 14:52:10.737,0.78965,0.78975,1.80,1.40
2008.08.19 14:52:10.796,0.78965,0.78975,3.20,1.40
2008.08.19 14:52:11.421,0.7897,0.7898,1.30,1.40
2008.08.19 14:52:11.677,0.7897,0.7898,1.30,3.30
2008.08.19 14:52:13.173,0.7897,0.7898,1.30,1.40
2008.08.19 14:52:14.152,0.7897,0.7898,2.70,1.40
2008.08.19 14:52:17.986,0.7897,0.7898,3.20,1.40
2008.08.19 14:52:18.974,0.7897,0.7898,2.70,1.40
2008.08.19 14:52:19.153,0.7897,0.7898,3.90,1.40
2008.08.19 14:52:19.583,0.78975,0.78985,1.60,3.30
2008.08.19 14:52:23.689,0.78975,0.78985,1.30,1.40
2008.08.19 14:52:24.345,0.78975,0.78985,1.30,3.30
2008.08.19 14:52:26.345,0.78975,0.78985,1.60,3.30
2008.08.19 14:52:27.297,0.78975,0.78985,1.60,3.60
2008.08.19 14:52:27.434,0.7897,0.7898,2.80,3.30
2008.08.19 14:52:27.569,0.7897,0.7898,1.60,3.30
2008.08.19 14:52:39.557,0.7897,0.7898,1.30,3.30
2008.08.19 14:52:39.943,0.7897,0.7898,1.60,3.30
2008.08.19 14:52:40.381,0.7897,0.78975,1.60,2.80
2008.08.19 14:52:41.264,0.78965,0.78975,1.60,3.30
2008.08.19 14:52:41.837,0.78965,0.78975,1.60,3.30
2008.08.19 14:52:42.137,0.7896,0.78975,7.60,4.40
2008.08.19 14:52:42.437,0.7896,0.78975,4.40,4.40
2008.08.19 14:52:42.736,0.7896,0.78975,3.90,4.40
2008.08.19 14:52:42.892,0.7896,0.78975,7.10,4.40
2008.08.19 14:52:43.261,0.7896,0.78975,3.90,4.40
2008.08.19 14:52:44.109,0.7896,0.7897,2.90,2.80
2008.08.19 14:52:44.389,0.7896,0.7897,1.60,3.30
2008.08.19 14:52:44.669,0.7896,0.7897,2.00,2.80
2008.08.19 14:52:44.977,0.7896,0.78965,10.20,2.80
2008.08.19 14:52:45.284,0.7896,0.7897,10.20,2.80
2008.08.19 14:52:46.045,0.7896,0.7897,9.10,2.80
2008.08.19 14:52:46.188,0.7896,0.7897,1.30,3.30
2008.08.19 14:52:46.333,0.7896,0.7897,1.00,3.30
2008.08.19 14:52:46.477,0.7896,0.7897,8.90,3.30
2008.08.19 14:52:46.764,0.78955,0.7897,3.90,3.30
2008.08.19 14:52:48.551,0.7896,0.7897,1.30,1.40
2008.08.19 14:52:48.678,0.7896,0.7897,2.70,1.40
2008.08.19 14:52:48.805,0.7896,0.7897,3.50,4.80
2008.08.19 14:52:49.148,0.7896,0.7897,1.30,1.40
2008.08.19 14:52:50.095,0.7896,0.7897,1.80,1.40
2008.08.19 14:52:53.667,0.7896,0.7897,1.30,1.40
2008.08.19 14:52:56.573,0.7896,0.7897,1.80,1.40
2008.08.19 14:53:00.069,0.7896,0.7897,3.60,1.40
2008.08.19 14:53:00.333,0.78965,0.7897,1.70,1.40
2008.08.19 14:53:00.597,0.78965,0.78975,1.30,1.40
2008.08.19 14:53:06.207,0.78965,0.78975,1.30,3.30
2008.08.19 14:53:06.261,0.78965,0.78975,1.00,3.30
2008.08.19 14:53:06.346,0.78965,0.78975,1.70,3.30
2008.08.19 14:53:06.454,0.78965,0.78975,1.70,4.40
2008.08.19 14:53:06.877,0.7896,0.78975,3.90,4.40
2008.08.19 14:53:07.948,0.7896,0.78975,3.90,3.30
2008.08.19 14:53:08.148,0.78965,0.78975,1.70,3.30
2008.08.19 14:53:08.249,0.7896,0.78975,3.90,3.30
2008.08.19 14:53:10.260,0.78965,0.78975,2.20,3.30
2008.08.19 14:53:10.408,0.78965,0.78975,1.30,3.30
2008.08.19 14:53:10.556,0.78965,0.78975,1.30,1.40
2008.08.19 14:53:11.484,0.78965,0.78975,1.60,1.40
2008.08.19 14:53:11.645,0.7896,0.7897,2.70,1.00
2008.08.19 14:53:11.805,0.78965,0.78975,1.30,5.50
2008.08.19 14:53:11.964,0.78965,0.78975,1.70,4.40
2008.08.19 14:53:12.249,0.7896,0.78975,3.90,4.40
2008.08.19 14:53:12.534,0.7896,0.78975,3.30,4.40
2008.08.19 14:53:13.101,0.7896,0.7897,1.70,2.80
2008.08.19 14:53:13.296,0.7896,0.7897,2.40,2.80
2008.08.19 14:53:13.688,0.7896,0.7897,2.00,2.80
2008.08.19 14:53:13.884,0.78955,0.7897,3.90,2.80
2008.08.19 14:53:14.420,0.78955,0.7897,3.90,3.70
2008.08.19 14:53:14.762,0.78955,0.7897,3.90,4.40
2008.08.19 14:53:15.100,0.78955,0.7897,3.90,2.80
2008.08.19 14:53:15.681,0.78955,0.7897,3.90,3.30
2008.08.19 14:53:16.029,0.7896,0.7897,1.70,1.40
2008.08.19 14:53:16.676,0.78955,0.7897,3.90,3.30
2008.08.19 14:53:17.852,0.78955,0.7897,3.90,2.80
2008.08.19 14:53:18.380,0.7896,0.78975,1.70,4.40
2008.08.19 14:53:18.660,0.78965,0.78975,2.20,4.40
2008.08.19 14:53:18.801,0.78965,0.78975,1.60,4.40
2008.08.19 14:53:22.654,0.78965,0.7897,1.60,2.80
2008.08.19 14:53:22.881,0.7896,0.7897,1.60,2.80
2008.08.19 14:53:23.105,0.7896,0.78975,1.80,4.70
2008.08.19 14:53:23.328,0.78965,0.78975,2.20,4.40
2008.08.19 14:53:23.436,0.78965,0.78975,1.60,4.40
2008.08.19 14:53:25.661,0.7896,0.7897,6.30,2.80
2008.08.19 14:53:25.776,0.7896,0.7897,5.60,2.80
2008.08.19 14:53:26.139,0.7896,0.7897,1.70,2.80
2008.08.19 14:53:26.445,0.7896,0.78975,1.70,4.70
2008.08.19 14:53:26.609,0.7896,0.78975,1.70,4.40
2008.08.19 14:53:26.772,0.7896,0.78975,3.30,4.40
2008.08.19 14:53:28.086,0.7896,0.78975,3.90,3.30
2008.08.19 14:53:28.677,0.78965,0.78975,1.60,3.30
2008.08.19 14:53:28.941,0.78965,0.78975,1.60,4.40
2008.08.19 14:53:29.468,0.78965,0.78975,1.60,3.30
2008.08.19 14:53:35.143,0.7896,0.78975,3.70,3.30
2008.08.19 14:53:35.361,0.7896,0.78975,7.40,4.70
2008.08.19 14:53:35.580,0.7896,0.78975,2.40,4.70
2008.08.19 14:53:36.843,0.7896,0.78975,2.40,4.40
2008.08.19 14:53:36.893,0.7896,0.78975,2.90,4.40
2008.08.19 14:53:36.944,0.7896,0.78975,3.90,4.40
2008.08.19 14:53:38.449,0.7896,0.78975,3.90,3.30
2008.08.19 14:53:40.780,0.7896,0.78975,3.30,4.40
2008.08.19 14:53:41.005,0.78965,0.78975,1.30,4.40
2008.08.19 14:53:41.654,0.7896,0.7897,4.70,3.70
2008.08.19 14:53:41.960,0.7896,0.7897,3.90,1.40
2008.08.19 14:53:42.265,0.7896,0.7897,3.30,1.40
2008.08.19 14:53:45.330,0.7896,0.7897,3.90,1.40
2008.08.19 14:53:45.747,0.78965,0.78975,1.60,4.30
2008.08.19 14:53:45.940,0.7896,0.7897,4.70,3.70
2008.08.19 14:53:46.038,0.7896,0.7897,3.90,3.70
2008.08.19 14:53:46.248,0.7896,0.7897,3.90,1.40
2008.08.19 14:53:48.276,0.78965,0.7897,1.70,1.40
2008.08.19 14:53:48.492,0.78965,0.78975,1.30,1.40
2008.08.19 14:53:48.600,0.78965,0.78975,2.70,1.40
2008.08.19 14:53:49.160,0.78965,0.78975,1.70,1.40
2008.08.19 14:53:49.440,0.78965,0.78975,2.40,1.40
2008.08.19 14:53:50.452,0.78965,0.78975,1.70,1.40
2008.08.19 14:53:51.867,0.78965,0.78975,1.70,3.30
2008.08.19 14:53:57.027,0.7896,0.78975,3.90,3.30
2008.08.19 14:54:01.095,0.7896,0.7897,3.90,2.80
2008.08.19 14:54:02.100,0.7896,0.78975,3.30,4.40
2008.08.19 14:54:02.620,0.7896,0.7897,3.30,2.80
2008.08.19 14:54:02.908,0.7896,0.7897,1.70,2.80
2008.08.19 14:54:03.164,0.7896,0.78975,1.70,4.40
2008.08.19 14:54:05.432,0.7896,0.78975,2.40,4.40
2008.08.19 14:54:05.526,0.7896,0.78975,3.30,4.40
2008.08.19 14:54:05.688,0.7896,0.78975,3.90,4.40
2008.08.19 14:54:06.238,0.7896,0.78975,2.90,4.40
2008.08.19 14:54:06.523,0.7896,0.78975,2.40,4.40
2008.08.19 14:54:07.280,0.7896,0.78975,2.90,4.40
2008.08.19 14:54:07.757,0.7896,0.78975,3.90,4.40
2008.08.19 14:54:09.150,0.7896,0.78975,3.30,4.40
2008.08.19 14:54:09.388,0.7896,0.78975,2.40,4.40
2008.08.19 14:54:12.661,0.7896,0.7897,5.90,2.80
2008.08.19 14:54:12.897,0.7896,0.7897,2.00,3.30
2008.08.19 14:54:13.090,0.7896,0.7897,2.40,1.40
2008.08.19 14:54:13.349,0.7896,0.78975,2.40,5.20
2008.08.19 14:54:13.476,0.7896,0.78975,2.40,4.40
2008.08.19 14:54:14.472,0.7896,0.78975,6.30,4.70
2008.08.19 14:54:14.728,0.7896,0.7897,5.90,2.80
2008.08.19 14:54:14.984,0.78955,0.78965,6.00,2.80
2008.08.19 14:54:15.241,0.78955,0.78965,3.90,2.80
2008.08.19 14:54:17.532,0.78955,0.7897,3.90,3.70
2008.08.19 14:54:17.808,0.78955,0.7897,3.90,2.80
2008.08.19 14:54:25.509,0.78955,0.78965,3.90,2.80
2008.08.19 14:54:25.985,0.78955,0.7897,3.90,2.80
2008.08.19 14:54:27.980,0.7896,0.78975,1.70,4.70
2008.08.19 14:54:28.869,0.7896,0.78975,2.70,4.40
2008.08.19 14:54:29.177,0.78965,0.78975,2.20,3.30
2008.08.19 14:54:29.485,0.78965,0.78975,1.30,3.30
2008.08.19 14:54:30.054,0.78965,0.78975,1.70,3.30
2008.08.19 14:54:30.589,0.7896,0.78975,3.90,3.30
2008.08.19 14:54:32.339,0.7896,0.78975,3.30,4.40
2008.08.19 14:54:32.882,0.7896,0.78975,1.80,4.70
2008.08.19 14:54:33.063,0.7896,0.78975,1.70,4.70
2008.08.19 14:54:33.220,0.7896,0.78975,7.40,4.70
2008.08.19 14:54:33.376,0.7896,0.78975,2.00,4.70
2008.08.19 14:54:33.540,0.7896,0.78975,1.70,4.40
2008.08.19 14:54:34.066,0.7896,0.78975,2.40,4.40
2008.08.19 14:54:38.837,0.7896,0.78975,7.40,4.70
2008.08.19 14:54:39.096,0.7896,0.78975,2.40,4.40
2008.08.19 14:54:39.204,0.7896,0.78975,1.70,4.40
2008.08.19 14:54:39.544,0.78965,0.78975,1.70,4.40
2008.08.19 14:54:39.885,0.78965,0.78975,1.70,1.40
2008.08.19 14:54:40.436,0.78965,0.78975,1.70,3.30
2008.08.19 14:54:40.872,0.78965,0.78975,1.70,4.40
2008.08.19 14:54:40.980,0.7896,0.78975,3.90,4.70
2008.08.19 14:54:41.088,0.7896,0.78975,1.80,4.70
2008.08.19 14:54:41.300,0.7896,0.78975,1.30,4.70
2008.08.19 14:54:41.480,0.7896,0.7897,1.30,3.70
2008.08.19 14:54:41.660,0.7896,0.7897,1.30,1.40
2008.08.19 14:54:42.200,0.7896,0.7897,1.60,3.30
2008.08.19 14:54:42.724,0.78955,0.7897,3.90,3.30
2008.08.19 14:54:43.960,0.78955,0.7897,3.30,4.40
2008.08.19 14:54:44.100,0.78955,0.7897,2.70,4.40
2008.08.19 14:54:44.520,0.78955,0.78965,2.20,2.80
2008.08.19 14:54:44.860,0.78955,0.78965,2.20,3.30
2008.08.19 14:54:45.201,0.78955,0.78965,2.70,1.40
2008.08.19 14:54:47.216,0.7896,0.78965,1.70,1.40
2008.08.19 14:54:47.672,0.78955,0.78965,2.70,1.40
2008.08.19 14:54:47.956,0.78955,0.7897,3.20,4.30
2008.08.19 14:54:48.240,0.78955,0.7897,3.20,3.30
2008.08.19 14:54:48.526,0.78955,0.7897,3.90,3.30
2008.08.19 14:54:48.704,0.78955,0.7897,3.30,4.40
2008.08.19 14:54:49.944,0.78965,0.7897,1.30,4.40
2008.08.19 14:54:50.284,0.7896,0.7897,1.70,4.40
2008.08.19 14:54:50.628,0.7896,0.7897,2.70,1.40
2008.08.19 14:54:51.628,0.7896,0.7897,3.20,1.40
2008.08.19 14:54:51.888,0.7896,0.78975,3.20,4.40
2008.08.19 14:54:52.148,0.78965,0.78975,1.70,4.40
2008.08.19 14:54:52.668,0.78965,0.78975,1.30,1.40
2008.08.19 14:54:52.932,0.78965,0.78975,2.70,1.40
2008.08.19 14:54:53.726,0.7897,0.7898,1.30,1.40
2008.08.19 14:54:54.005,0.78975,0.78985,1.60,7.60
2008.08.19 14:54:54.294,0.78975,0.78985,2.20,5.20
2008.08.19 14:54:54.573,0.78975,0.78985,1.30,1.60
2008.08.19 14:54:55.152,0.78975,0.78985,1.30,1.40
2008.08.19 14:54:55.456,0.78975,0.78985,2.40,3.30
2008.08.19 14:54:55.773,0.78975,0.78985,2.70,1.40
2008.08.19 14:54:55.954,0.78975,0.78985,1.30,3.30
2008.08.19 14:54:56.476,0.78975,0.78985,1.60,3.30
2008.08.19 14:54:56.828,0.78975,0.78985,1.60,4.40
2008.08.19 14:54:58.280,0.7897,0.7898,2.70,3.30
2008.08.19 14:54:58.425,0.7897,0.7898,1.00,3.30
2008.08.19 14:54:58.569,0.7897,0.7898,2.00,4.40
2008.08.19 14:54:58.712,0.78975,0.7898,1.30,4.40
2008.08.19 14:54:59.192,0.78965,0.7898,3.90,4.40
2008.08.19 14:54:59.532,0.78975,0.7898,1.30,4.40
2008.08.19 14:54:59.873,0.78965,0.78975,2.70,1.40
2008.08.19 14:55:00.388,0.78965,0.78975,2.70,3.30
2008.08.19 14:55:01.791,0.78965,0.78975,2.20,3.30
2008.08.19 14:55:02.349,0.7897,0.7898,12.80,4.30
2008.08.19 14:55:02.596,0.78975,0.7898,1.30,2.80
2008.08.19 14:55:02.845,0.78965,0.7898,3.20,4.40
2008.08.19 14:55:03.092,0.7897,0.7898,2.40,1.40
2008.08.19 14:55:03.268,0.7897,0.7898,13.50,4.40
2008.08.19 14:55:03.444,0.7897,0.7898,7.00,4.40
2008.08.19 14:55:03.620,0.7897,0.7898,2.40,1.60
2008.08.19 14:55:03.969,0.7897,0.7898,3.30,1.40
2008.08.19 14:55:04.144,0.7897,0.7898,2.70,1.40
2008.08.19 14:55:05.117,0.78975,0.7898,1.70,1.40
2008.08.19 14:55:05.344,0.7897,0.7898,2.70,1.40
2008.08.19 14:55:05.796,0.78975,0.7898,1.70,1.40
2008.08.19 14:55:07.420,0.78975,0.78985,1.70,3.60
2008.08.19 14:55:07.684,0.7897,0.7898,2.70,1.40
2008.08.19 14:55:08.219,0.7897,0.7898,1.70,1.40
2008.08.19 14:55:08.581,0.78965,0.7898,3.90,3.30
2008.08.19 14:55:09.121,0.78965,0.7898,3.90,4.40
2008.08.19 14:55:09.300,0.78965,0.7898,3.30,4.40
2008.08.19 14:55:10.588,0.78965,0.78975,3.30,2.80
2008.08.19 14:55:13.388,0.78965,0.78975,2.90,2.80
2008.08.19 14:55:13.744,0.78965,0.78975,2.20,2.80
2008.08.19 14:55:14.324,0.78965,0.78975,1.60,2.80
2008.08.19 14:55:14.792,0.78965,0.78975,2.20,2.80
2008.08.19 14:55:15.132,0.78965,0.78975,1.60,3.30
2008.08.19 14:55:15.472,0.78965,0.78975,2.20,2.80
2008.08.19 14:55:15.677,0.78965,0.78975,1.60,2.80
2008.08.19 14:55:15.952,0.78965,0.78975,2.20,2.80
2008.08.19 14:55:16.228,0.78965,0.78975,2.90,2.80
2008.08.19 14:55:18.531,0.78965,0.78975,2.20,2.80
2008.08.19 14:55:19.232,0.78965,0.78975,2.20,3.30
2008.08.19 14:55:20.754,0.78965,0.78975,2.20,4.40
2008.08.19 14:55:21.043,0.78965,0.78975,2.20,3.30
2008.08.19 14:55:22.952,0.78965,0.78975,2.20,4.40
2008.08.19 14:55:23.216,0.78965,0.7897,2.20,2.80
2008.08.19 14:55:23.480,0.78965,0.78975,2.20,3.30
2008.08.19 14:55:23.744,0.78965,0.7897,1.60,2.80
2008.08.19 14:55:24.064,0.78965,0.78975,2.20,3.30
2008.08.19 14:55:25.360,0.78965,0.78975,2.70,3.30
2008.08.19 14:55:25.700,0.78965,0.78975,3.20,1.40
2008.08.19 14:55:26.053,0.7897,0.78975,1.70,1.40
2008.08.19 14:55:26.396,0.78975,0.7898,1.30,4.20
2008.08.19 14:55:26.960,0.7897,0.78975,1.70,1.40
2008.08.19 14:55:27.921,0.7897,0.7898,2.70,1.40
2008.08.19 14:55:28.117,0.7897,0.7898,2.70,3.30
2008.08.19 14:55:29.372,0.7897,0.7898,2.20,3.30
2008.08.19 14:55:29.581,0.7897,0.7898,1.60,4.40
2008.08.19 14:55:29.958,0.7897,0.7898,2.70,1.60
2008.08.19 14:55:30.288,0.7897,0.7898,2.70,1.40
2008.08.19 14:55:32.990,0.7897,0.7898,2.20,3.30
2008.08.19 14:55:40.154,0.7897,0.7898,2.20,4.40
2008.08.19 14:55:40.461,0.7897,0.7898,2.20,3.30
2008.08.19 14:55:41.447,0.7897,0.7898,2.20,4.40
2008.08.19 14:55:41.872,0.78975,0.7898,1.30,4.40
2008.08.19 14:55:42.160,0.78965,0.78975,2.90,2.80
2008.08.19 14:55:42.430,0.78965,0.78975,2.20,3.30
2008.08.19 14:55:45.189,0.78965,0.78975,2.90,3.30
2008.08.19 14:55:45.365,0.78965,0.78975,2.90,2.80
2008.08.19 14:55:45.552,0.78965,0.78975,2.20,2.80
2008.08.19 14:55:46.773,0.78965,0.78975,1.60,3.30
2008.08.19 14:55:48.489,0.78965,0.78975,2.20,3.30
2008.08.19 14:55:48.728,0.78965,0.78975,2.20,2.80
2008.08.19 14:55:50.329,0.78965,0.78975,1.60,2.80
2008.08.19 14:55:50.625,0.78965,0.78975,1.60,3.30
2008.08.19 14:55:50.928,0.78965,0.78975,2.20,3.30
2008.08.19 14:55:52.368,0.78965,0.7897,1.60,2.80
2008.08.19 14:55:52.572,0.78965,0.78975,2.20,3.30
2008.08.19 14:55:53.048,0.78965,0.78975,2.90,3.30
2008.08.19 14:55:54.700,0.78965,0.78975,2.20,3.30
2008.08.19 14:55:55.853,0.78965,0.7897,1.60,2.80
2008.08.19 14:55:58.617,0.78965,0.78975,1.60,3.30
2008.08.19 14:55:58.884,0.78965,0.78975,2.20,3.30
2008.08.19 14:55:59.704,0.78965,0.78975,2.20,2.80
2008.08.19 14:56:01.319,0.78965,0.78975,2.20,3.30
2008.08.19 14:56:01.792,0.78965,0.78975,1.60,4.40
2008.08.19 14:56:03.912,0.78965,0.78975,1.60,3.30
2008.08.19 14:56:04.197,0.78965,0.78975,2.20,3.30
2008.08.19 14:56:05.044,0.78965,0.78975,2.20,4.40
2008.08.19 14:56:05.197,0.78965,0.7897,2.20,2.80
2008.08.19 14:56:05.533,0.78965,0.7897,1.60,2.80
2008.08.19 14:56:05.864,0.78965,0.78975,2.20,4.40
2008.08.19 14:56:06.196,0.78965,0.78975,2.20,3.30
2008.08.19 14:56:09.460,0.78965,0.78975,1.60,4.40
2008.08.19 14:56:09.788,0.7896,0.7897,2.00,2.80
2008.08.19 14:56:10.116,0.7896,0.7897,2.20,3.30
2008.08.19 14:56:10.445,0.7896,0.7897,11.30,3.30
2008.08.19 14:56:10.600,0.7896,0.7897,12.40,3.30
2008.08.19 14:56:10.909,0.7896,0.7897,8.10,3.30
2008.08.19 14:56:11.065,0.7896,0.7897,10.20,3.30
2008.08.19 14:56:11.222,0.78955,0.7897,6.00,3.30
2008.08.19 14:56:11.376,0.78955,0.7897,3.90,3.30
2008.08.19 14:56:11.863,0.7896,0.7897,1.70,1.40
2008.08.19 14:56:12.012,0.7896,0.78975,2.70,5.20
2008.08.19 14:56:12.172,0.7896,0.78975,1.70,4.40
2008.08.19 14:56:12.322,0.78965,0.7897,1.30,2.80
2008.08.19 14:56:12.972,0.7896,0.7897,2.20,3.30
2008.08.19 14:56:13.313,0.78955,0.78965,3.50,2.80
2008.08.19 14:56:13.652,0.78955,0.78965,2.90,2.80
2008.08.19 14:56:13.773,0.78955,0.78965,2.20,2.80
2008.08.19 14:56:14.362,0.78955,0.78965,2.20,3.30
2008.08.19 14:56:14.952,0.78955,0.78965,2.20,2.80
2008.08.19 14:56:15.965,0.78955,0.78965,1.60,3.30
2008.08.19 14:56:16.060,0.78955,0.78965,2.20,3.30
2008.08.19 14:56:17.028,0.78955,0.78965,2.20,4.40
2008.08.19 14:56:17.332,0.78955,0.78965,2.20,3.30
2008.08.19 14:56:17.944,0.78955,0.78965,2.20,2.80
2008.08.19 14:56:18.356,0.78955,0.78965,2.70,2.80
2008.08.19 14:56:18.768,0.78955,0.78965,2.90,2.80
2008.08.19 14:56:19.400,0.78955,0.7897,3.20,4.40
2008.08.19 14:56:20.112,0.78955,0.78965,2.20,2.80
2008.08.19 14:56:20.788,0.78955,0.78965,2.20,3.30
2008.08.19 14:56:21.777,0.78955,0.78965,3.20,3.30
2008.08.19 14:56:21.856,0.78955,0.78965,3.20,2.80
2008.08.19 14:56:22.684,0.78955,0.78965,2.90,2.80
2008.08.19 14:56:23.024,0.78955,0.78965,2.20,2.80
2008.08.19 14:56:23.252,0.78955,0.78965,1.60,3.30
2008.08.19 14:56:23.480,0.78955,0.7896,1.60,2.80
2008.08.19 14:56:23.596,0.78955,0.78965,2.20,2.80
2008.08.19 14:56:24.365,0.78955,0.78965,2.20,3.30
2008.08.19 14:56:25.321,0.78955,0.78965,2.20,2.80
2008.08.19 14:56:25.844,0.78955,0.78965,2.90,2.80
2008.08.19 14:56:26.656,0.78955,0.78965,3.50,2.80
2008.08.19 14:56:26.804,0.78955,0.7897,3.90,3.30
2008.08.19 14:56:27.239,0.78965,0.7897,1.30,3.30
2008.08.19 14:56:27.388,0.7896,0.7897,2.20,3.30
2008.08.19 14:56:27.996,0.7896,0.7897,1.60,3.30
2008.08.19 14:56:28.193,0.7896,0.78965,1.60,2.80
2008.08.19 14:56:28.500,0.7896,0.7897,1.60,3.30
2008.08.19 14:56:28.616,0.7896,0.7897,2.20,3.30
2008.08.19 14:56:29.708,0.7896,0.78965,2.20,2.80
2008.08.19 14:56:30.048,0.78955,0.78965,3.50,3.30
2008.08.19 14:56:30.398,0.78955,0.78965,2.90,2.80
2008.08.19 14:56:30.596,0.78955,0.78965,2.20,2.80
2008.08.19 14:56:31.000,0.78955,0.78965,2.90,2.80
2008.08.19 14:56:31.101,0.78955,0.78965,2.90,3.30
2008.08.19 14:56:31.600,0.78955,0.78965,2.20,3.30
2008.08.19 14:56:32.191,0.78955,0.78965,2.20,2.80
2008.08.19 14:56:32.361,0.78955,0.78965,3.50,2.80
2008.08.19 14:56:32.528,0.78955,0.7897,3.90,3.30
2008.08.19 14:56:33.373,0.7896,0.7897,6.30,3.30
2008.08.19 14:56:33.436,0.7896,0.7897,1.60,3.30
2008.08.19 14:56:35.216,0.7896,0.7897,2.20,3.30
2008.08.19 14:56:39.550,0.7896,0.78965,2.20,2.80
2008.08.19 14:56:39.926,0.78955,0.78965,3.30,2.80
2008.08.19 14:56:41.195,0.78955,0.78965,2.90,2.80
2008.08.19 14:56:43.169,0.78965,0.7897,1.30,3.40
2008.08.19 14:56:43.425,0.7896,0.78965,2.20,2.80
2008.08.19 14:56:43.700,0.78965,0.7897,1.30,3.40
2008.08.19 14:56:43.788,0.78955,0.78965,3.60,2.80
2008.08.19 14:56:43.891,0.78955,0.78965,2.90,2.80
2008.08.19 14:56:43.972,0.78955,0.78965,2.20,2.80
2008.08.19 14:56:44.144,0.78955,0.78965,1.60,3.30
2008.08.19 14:56:44.816,0.78955,0.78965,2.20,2.80
2008.08.19 14:56:45.404,0.78955,0.78965,2.90,2.80
2008.08.19 14:56:46.776,0.78955,0.78965,3.50,2.80
2008.08.19 14:56:47.479,0.78955,0.7897,3.90,4.40
2008.08.19 14:56:49.592,0.78955,0.7897,3.90,3.30
2008.08.19 14:56:50.713,0.7896,0.7897,6.30,3.30
2008.08.19 14:56:51.051,0.7896,0.7897,1.60,3.30
2008.08.19 14:56:51.152,0.7896,0.7897,1.60,4.40
2008.08.19 14:56:51.253,0.7896,0.78965,1.60,2.80
2008.08.19 14:56:51.546,0.7896,0.7897,1.60,4.40
2008.08.19 14:56:54.240,0.7896,0.78965,1.60,2.80
2008.08.19 14:56:59.484,0.7896,0.7897,1.60,3.30
2008.08.19 14:57:02.480,0.7896,0.78965,1.60,2.80
2008.08.19 14:57:10.464,0.78955,0.78965,4.00,2.80
2008.08.19 14:57:10.805,0.78955,0.78965,3.30,2.80
2008.08.19 14:57:10.933,0.78955,0.78965,3.90,2.80
2008.08.19 14:57:11.168,0.78955,0.78965,3.30,2.80
2008.08.19 14:57:11.232,0.78955,0.78965,2.90,2.80
2008.08.19 14:57:11.603,0.78955,0.78965,2.20,2.80
2008.08.19 14:57:12.109,0.78955,0.78965,2.20,3.30
2008.08.19 14:57:17.095,0.78955,0.78965,2.20,2.80
2008.08.19 14:57:19.172,0.78955,0.78965,1.60,2.80
2008.08.19 14:57:19.300,0.78955,0.78965,1.60,4.40
2008.08.19 14:57:19.609,0.78955,0.7896,1.60,2.80
2008.08.19 14:57:20.548,0.7895,0.7896,4.50,3.30
2008.08.19 14:57:20.792,0.7895,0.7896,2.40,3.30
2008.08.19 14:57:21.036,0.7895,0.7896,2.00,3.30
2008.08.19 14:57:21.920,0.7895,0.7896,3.30,3.30
2008.08.19 14:57:22.471,0.7895,0.7896,2.20,3.30
2008.08.19 14:57:23.708,0.7895,0.7896,1.60,4.40
2008.08.19 14:57:25.512,0.7895,0.7896,1.60,4.70
2008.08.19 14:57:25.835,0.7895,0.7896,1.60,3.30
2008.08.19 14:57:26.031,0.7895,0.7896,2.20,3.30
2008.08.19 14:57:26.089,0.7895,0.7896,2.70,3.30
2008.08.19 14:57:26.247,0.7895,0.7896,3.20,3.30
2008.08.19 14:57:26.303,0.7895,0.7896,3.20,2.80
2008.08.19 14:57:26.463,0.7895,0.7896,2.70,2.80
2008.08.19 14:57:26.778,0.7895,0.7896,3.20,2.80
2008.08.19 14:57:27.357,0.7895,0.7896,2.20,2.80
2008.08.19 14:57:27.743,0.7895,0.7896,2.70,2.80
2008.08.19 14:57:28.515,0.7895,0.78965,2.70,4.40
2008.08.19 14:57:29.256,0.7895,0.7896,2.70,1.40
2008.08.19 14:57:30.341,0.7895,0.7896,1.30,1.40
2008.08.19 14:57:30.682,0.7895,0.7896,2.70,3.30
2008.08.19 14:57:32.368,0.7895,0.7896,1.30,3.30
2008.08.19 14:57:32.582,0.7895,0.7896,2.70,3.30
2008.08.19 14:57:34.903,0.7895,0.7896,2.70,4.40
2008.08.19 14:57:35.067,0.7895,0.7896,1.30,4.40
2008.08.19 14:57:35.232,0.7895,0.7896,2.70,1.40
2008.08.19 14:57:37.997,0.7895,0.7896,1.60,4.40
2008.08.19 14:57:38.221,0.7895,0.7896,2.70,1.40
2008.08.19 14:57:42.551,0.7895,0.7896,3.20,1.40
2008.08.19 14:57:43.303,0.7895,0.7896,2.70,1.40
2008.08.19 14:57:43.632,0.7895,0.7896,3.20,1.40
2008.08.19 14:57:43.959,0.7895,0.7896,2.70,1.40
2008.08.19 14:57:46.336,0.7895,0.7896,3.20,1.40
2008.08.19 14:58:02.798,0.7896,0.78965,1.30,3.50
2008.08.19 14:58:02.831,0.78955,0.78965,3.20,1.40
2008.08.19 14:58:07.361,0.78955,0.78965,2.70,1.40
2008.08.19 14:58:10.634,0.7896,0.78965,1.30,3.30
2008.08.19 14:58:11.627,0.7896,0.78965,1.30,4.40
2008.08.19 14:58:11.828,0.7895,0.78965,3.90,4.40
2008.08.19 14:58:12.032,0.7895,0.7896,3.90,1.00
2008.08.19 14:58:12.131,0.7895,0.7896,3.90,1.40
2008.08.19 14:58:12.231,0.7895,0.7896,3.20,1.40
2008.08.19 14:58:13.212,0.7895,0.7896,2.70,1.40
2008.08.19 14:58:13.651,0.7895,0.7896,2.70,3.30
2008.08.19 14:58:15.349,0.7895,0.7896,2.70,1.40
2008.08.19 14:58:16.896,0.7895,0.7896,3.20,1.40
2008.08.19 14:58:17.032,0.7896,0.78965,1.30,4.20
2008.08.19 14:58:17.081,0.7896,0.78965,1.30,5.20
2008.08.19 14:58:17.275,0.7896,0.78965,1.30,4.40
2008.08.19 14:58:18.580,0.78955,0.7896,1.80,2.80
2008.08.19 14:58:18.705,0.7896,0.78965,1.30,4.40
2008.08.19 14:58:19.187,0.7896,0.78965,1.30,2.80
2008.08.19 14:58:20.243,0.78955,0.78965,2.20,2.80
2008.08.19 14:58:21.205,0.7896,0.78965,1.30,2.80
2008.08.19 14:58:21.729,0.7896,0.78965,1.30,3.30
2008.08.19 14:58:23.771,0.7896,0.78965,1.30,2.80
2008.08.19 14:58:24.102,0.78955,0.7896,1.80,2.80
2008.08.19 14:58:28.027,0.7895,0.7896,3.50,2.80
2008.08.19 14:58:28.372,0.7895,0.7896,2.90,3.30
2008.08.19 14:58:28.987,0.7895,0.7896,2.20,3.30
2008.08.19 14:58:30.220,0.7895,0.7896,1.60,3.30
2008.08.19 14:58:43.297,0.7895,0.78955,1.60,2.80
2008.08.19 14:58:43.515,0.7895,0.7896,1.60,4.40
2008.08.19 14:58:43.635,0.7895,0.78955,1.60,2.80
2008.08.19 14:58:44.935,0.7895,0.7896,1.60,4.40
2008.08.19 14:58:45.255,0.7895,0.7896,1.60,3.30
2008.08.19 14:58:45.575,0.7895,0.7896,2.20,3.30
2008.08.19 14:58:52.399,0.7895,0.7896,2.20,4.40
2008.08.19 14:58:52.661,0.7895,0.78955,1.60,2.80
2008.08.19 14:58:54.219,0.7895,0.78955,2.20,2.80
2008.08.19 14:58:54.343,0.7895,0.7896,2.20,4.40
2008.08.19 14:58:54.587,0.7895,0.7896,2.20,3.30
2008.08.19 14:58:56.697,0.7895,0.7896,2.20,4.40
2008.08.19 14:58:57.108,0.7895,0.7896,2.20,3.30
2008.08.19 14:59:00.572,0.78945,0.78955,3.30,2.80
2008.08.19 14:59:00.872,0.78945,0.78955,2.50,2.80
2008.08.19 14:59:02.622,0.78945,0.7896,2.90,3.30
2008.08.19 14:59:03.944,0.78945,0.7896,3.90,3.30
2008.08.19 14:59:04.285,0.78955,0.7896,1.30,2.80
2008.08.19 14:59:04.399,0.7895,0.7896,1.70,2.80
2008.08.19 14:59:04.979,0.7895,0.7896,2.70,2.80
2008.08.19 14:59:05.704,0.78955,0.7896,1.30,2.80
2008.08.19 14:59:06.043,0.7895,0.7896,2.00,2.80
2008.08.19 14:59:06.503,0.78955,0.7896,1.30,2.80
2008.08.19 14:59:07.563,0.7895,0.7896,2.00,2.80
2008.08.19 14:59:08.844,0.78955,0.7896,1.30,3.30
2008.08.19 14:59:09.367,0.78945,0.7896,3.90,3.30
2008.08.19 14:59:09.771,0.78945,0.78955,2.90,2.80
2008.08.19 14:59:10.335,0.78945,0.7896,3.90,4.40
2008.08.19 14:59:10.845,0.78945,0.78955,3.30,2.80
2008.08.19 14:59:11.847,0.78945,0.78955,1.60,2.80
2008.08.19 14:59:12.015,0.78945,0.78955,1.30,2.80
2008.08.19 14:59:12.183,0.78945,0.78955,2.00,2.80
2008.08.19 14:59:12.515,0.7894,0.78955,3.90,2.80
2008.08.19 14:59:15.051,0.7895,0.78955,1.30,2.80
2008.08.19 14:59:15.207,0.7894,0.78955,3.90,2.80
2008.08.19 14:59:15.363,0.7895,0.78955,1.30,2.80
2008.08.19 14:59:16.215,0.78945,0.7896,2.40,4.40
2008.08.19 14:59:18.001,0.78945,0.7896,1.70,4.40
2008.08.19 14:59:18.699,0.78945,0.7896,2.40,4.40
2008.08.19 14:59:21.443,0.78945,0.78955,2.00,2.80
2008.08.19 14:59:22.847,0.7894,0.78955,3.90,2.80
2008.08.19 14:59:23.575,0.78945,0.78955,1.60,2.80
2008.08.19 14:59:23.896,0.78945,0.78955,2.20,2.80
2008.08.19 14:59:25.379,0.78945,0.78955,2.90,2.80
2008.08.19 14:59:25.719,0.78945,0.78955,2.20,2.80
2008.08.19 14:59:26.482,0.78945,0.78955,2.20,3.30
2008.08.19 14:59:26.679,0.78945,0.78955,1.60,4.40
2008.08.19 14:59:26.747,0.78945,0.7895,1.60,2.80
2008.08.19 14:59:30.179,0.78945,0.78955,2.20,3.30
2008.08.19 14:59:30.664,0.78945,0.78955,2.70,1.40
2008.08.19 14:59:31.004,0.78945,0.7896,3.90,4.30
2008.08.19 14:59:31.343,0.7895,0.7896,2.70,2.80
2008.08.19 14:59:31.683,0.7895,0.7896,3.30,2.80
2008.08.19 14:59:31.803,0.7895,0.78965,3.90,4.40
2008.08.19 14:59:32.724,0.7895,0.78965,2.40,4.40
2008.08.19 14:59:33.071,0.7895,0.78965,3.90,4.40
2008.08.19 14:59:33.411,0.7895,0.78965,2.40,4.40
2008.08.19 14:59:33.998,0.7895,0.78965,2.90,4.40
2008.08.19 14:59:34.123,0.7895,0.7896,11.30,2.80
2008.08.19 14:59:34.247,0.7895,0.78965,2.40,4.40
2008.08.19 14:59:34.377,0.7895,0.78965,3.30,4.40
2008.08.19 14:59:34.839,0.78955,0.78965,1.60,4.40
2008.08.19 14:59:35.187,0.78955,0.78965,1.60,3.30
2008.08.19 14:59:36.403,0.78955,0.78965,1.60,2.80
2008.08.19 14:59:36.699,0.78955,0.78965,1.60,3.30
2008.08.19 14:59:37.073,0.78955,0.7896,1.60,2.80
2008.08.19 14:59:37.627,0.78955,0.78965,1.60,3.30
2008.08.19 14:59:38.507,0.78955,0.78965,1.60,4.40
2008.08.19 14:59:38.855,0.78955,0.7896,1.60,2.80
2008.08.19 14:59:39.031,0.7895,0.78955,3.90,2.80
2008.08.19 14:59:39.207,0.7895,0.78955,1.30,2.80
2008.08.19 14:59:39.383,0.78955,0.78965,1.30,3.50
2008.08.19 14:59:39.559,0.78945,0.78955,3.90,2.80
2008.08.19 14:59:39.735,0.78945,0.78955,3.50,3.30
2008.08.19 14:59:40.035,0.78945,0.7896,3.30,4.40
2008.08.19 14:59:40.335,0.78945,0.78955,3.90,2.80
2008.08.19 14:59:40.635,0.78945,0.7896,3.20,3.30
2008.08.19 14:59:40.961,0.78945,0.78955,2.90,2.80
2008.08.19 14:59:41.283,0.78945,0.78955,2.20,3.30
2008.08.19 14:59:41.739,0.78945,0.78955,2.90,3.30
2008.08.19 14:59:41.875,0.78945,0.78955,1.60,3.30
2008.08.19 14:59:42.011,0.78945,0.7895,1.60,2.80
2008.08.19 14:59:42.147,0.78945,0.7895,2.20,2.80
2008.08.19 14:59:42.415,0.78945,0.78955,2.20,3.30
2008.08.19 14:59:42.552,0.78945,0.78955,3.20,3.30
2008.08.19 14:59:43.023,0.78945,0.78955,3.90,3.30
2008.08.19 14:59:43.365,0.7895,0.7896,2.20,3.30
2008.08.19 14:59:43.707,0.78955,0.7896,1.30,3.30
2008.08.19 14:59:43.843,0.7895,0.7896,2.20,3.30
2008.08.19 14:59:44.383,0.7895,0.7896,3.20,3.30
2008.08.19 14:59:44.519,0.7895,0.7896,3.90,3.30
2008.08.19 14:59:44.656,0.7895,0.7896,2.90,3.30
2008.08.19 14:59:44.995,0.7895,0.7896,2.70,3.30
2008.08.19 14:59:45.335,0.7895,0.7896,1.70,3.30
2008.08.19 14:59:45.675,0.7895,0.7896,2.20,2.80
2008.08.19 14:59:45.940,0.7895,0.7896,1.70,2.80
2008.08.19 14:59:46.217,0.78955,0.7896,1.30,2.80
2008.08.19 14:59:46.479,0.7895,0.7896,1.70,2.80
2008.08.19 14:59:46.743,0.78955,0.7896,1.30,3.30
2008.08.19 14:59:46.967,0.7895,0.7896,1.20,2.80
2008.08.19 14:59:47.191,0.7896,0.78965,1.30,2.80
2008.08.19 14:59:47.436,0.78955,0.78965,2.70,3.30
2008.08.19 14:59:48.215,0.78955,0.78965,3.90,3.30
2008.08.19 14:59:48.555,0.78955,0.78965,3.30,3.30
2008.08.19 14:59:48.895,0.78955,0.78965,3.50,3.30
2008.08.19 14:59:49.039,0.78955,0.78965,2.90,3.30
2008.08.19 14:59:49.183,0.78955,0.78965,3.30,3.30
2008.08.19 14:59:49.331,0.78955,0.7896,3.50,2.80
2008.08.19 14:59:49.475,0.78955,0.7896,1.30,2.80
2008.08.19 14:59:49.759,0.78955,0.7896,2.00,2.80
2008.08.19 14:59:50.099,0.78955,0.7896,2.90,2.80
2008.08.19 14:59:50.776,0.78955,0.78965,2.90,3.30
2008.08.19 14:59:51.027,0.78955,0.78965,3.50,3.30
2008.08.19 14:59:51.151,0.78955,0.78965,3.90,3.30
2008.08.19 14:59:52.057,0.78955,0.78965,1.80,3.30
2008.08.19 14:59:52.246,0.78955,0.78965,1.00,2.80
2008.08.19 14:59:52.593,0.78955,0.78965,2.90,3.30
2008.08.19 14:59:52.796,0.78955,0.7896,1.60,2.80
2008.08.19 14:59:53.137,0.78955,0.78965,1.60,4.40
2008.08.19 14:59:53.477,0.78955,0.78965,1.60,4.40
2008.08.19 14:59:54.135,0.78955,0.7896,1.60,2.80
2008.08.19 14:59:54.779,0.78955,0.78965,1.60,3.30
2008.08.19 14:59:54.944,0.78955,0.78965,2.70,3.30
2008.08.19 14:59:55.283,0.78955,0.78965,2.20,3.30
2008.08.19 14:59:55.623,0.78955,0.78965,2.90,3.30
2008.08.19 14:59:55.963,0.78955,0.78965,2.20,3.30
2008.08.19 14:59:57.583,0.78955,0.78965,1.60,4.40
2008.08.19 14:59:57.851,0.78955,0.78965,2.20,4.40
2008.08.19 14:59:57.987,0.78955,0.78965,2.20,3.30
2008.08.19 14:59:58.123,0.78955,0.78965,2.70,3.30
2008.08.19 14:59:59.436,0.78955,0.78965,3.30,3.30
