2008.10.20 06:00:00.190,0.7751,0.77535,88.20,68.50
2008.10.20 06:00:01.449,0.7751,0.7754,122.70,81.70
2008.10.20 06:00:01.679,0.7751,0.77535,122.70,64.90
2008.10.20 06:00:02.839,0.7751,0.7754,77.90,38.00
2008.10.20 06:00:03.399,0.7751,0.77535,82.70,48.30
2008.10.20 06:00:06.728,0.7751,0.7754,62.70,63.90
2008.10.20 06:00:07.208,0.7751,0.7754,69.20,40.10
2008.10.20 06:00:07.548,0.7751,0.7754,69.20,40.20
2008.10.20 06:00:09.228,0.77515,0.7754,122.40,72.20
2008.10.20 06:00:09.758,0.77515,0.77545,129.60,82.10
2008.10.20 06:00:11.237,0.77515,0.77545,132.00,92.50
2008.10.20 06:00:11.467,0.7752,0.77545,89.60,41.10
2008.10.20 06:00:24.824,0.77515,0.77545,121.60,73.30
2008.10.20 06:00:27.873,0.77515,0.7754,93.00,138.40
2008.10.20 06:00:28.053,0.77515,0.7754,87.40,63.20
2008.10.20 06:00:28.293,0.77515,0.7754,128.60,77.60
2008.10.20 06:00:29.403,0.77515,0.7754,160.00,121.80
2008.10.20 06:00:29.753,0.77515,0.7754,199.60,108.20
2008.10.20 06:00:30.392,0.77515,0.7754,129.70,149.00
2008.10.20 06:00:31.022,0.77515,0.7754,61.90,70.50
2008.10.20 06:00:31.302,0.77515,0.7754,61.90,45.60
2008.10.20 06:00:32.692,0.77515,0.7754,62.20,94.40
2008.10.20 06:00:33.022,0.77515,0.7754,63.80,118.90
2008.10.20 06:00:38.721,0.7752,0.7754,55.50,143.70
2008.10.20 06:00:38.890,0.7752,0.77535,56.80,120.00
2008.10.20 06:00:40.160,0.77515,0.7753,78.20,64.10
2008.10.20 06:00:41.380,0.7752,0.7753,74.50,71.30
2008.10.20 06:00:41.610,0.7752,0.77535,75.80,95.30
2008.10.20 06:00:48.278,0.77515,0.7753,89.40,76.00
2008.10.20 06:00:50.088,0.7752,0.7753,78.80,76.00
2008.10.20 06:00:50.308,0.7752,0.77535,51.80,115.20
2008.10.20 06:01:04.084,0.77525,0.7754,42.00,151.50
2008.10.20 06:01:04.444,0.77525,0.7754,66.90,103.50
2008.10.20 06:01:24.579,0.7752,0.77535,147.50,67.86
2008.10.20 06:01:24.869,0.77525,0.7754,67.80,112.10
2008.10.20 06:01:25.159,0.7752,0.7754,155.50,89.70
2008.10.20 06:01:27.519,0.77525,0.7754,90.50,41.10
2008.10.20 06:01:27.699,0.77525,0.7754,91.80,41.10
2008.10.20 06:01:27.938,0.7752,0.7754,97.10,69.60
2008.10.20 06:01:54.242,0.7752,0.7754,103.60,72.10
2008.10.20 06:01:54.362,0.7752,0.7754,104.10,72.10
2008.10.20 06:01:55.002,0.7752,0.7754,128.40,97.70
2008.10.20 06:02:00.121,0.7752,0.7754,80.40,104.10
2008.10.20 06:02:00.361,0.7752,0.7754,89.80,120.90
2008.10.20 06:02:00.591,0.7752,0.7754,88.20,120.90
2008.10.20 06:02:02.600,0.7752,0.7754,61.80,80.80
2008.10.20 06:02:02.770,0.7752,0.7754,69.80,112.20
2008.10.20 06:02:03.180,0.7752,0.7754,61.80,73.75
2008.10.20 06:02:03.700,0.7752,0.7754,59.40,119.70
2008.10.20 06:02:05.869,0.7752,0.77535,44.00,60.00
2008.10.20 06:02:07.409,0.7752,0.7754,37.30,94.70
2008.10.20 06:02:08.659,0.7752,0.7754,70.20,97.80
2008.10.20 06:02:10.108,0.7752,0.77535,93.70,71.20
2008.10.20 06:02:10.678,0.7752,0.77535,40.50,122.80
2008.10.20 06:02:10.858,0.7752,0.77535,41.60,115.00
2008.10.20 06:02:11.088,0.7752,0.77535,41.60,189.50
2008.10.20 06:02:14.757,0.7752,0.7753,49.30,124.10
2008.10.20 06:02:15.107,0.7752,0.7753,40.50,211.90
2008.10.20 06:02:16.147,0.7752,0.7753,46.10,177.70
2008.10.20 06:02:18.826,0.7752,0.77535,41.60,209.70
2008.10.20 06:02:22.635,0.7752,0.77535,49.60,229.90
2008.10.20 06:02:24.075,0.7752,0.7754,44.40,100.50
2008.10.20 06:02:24.305,0.7752,0.77535,72.50,65.70
2008.10.20 06:02:25.065,0.7752,0.7754,69.20,121.90
2008.10.20 06:02:35.422,0.7752,0.7754,77.00,92.70
2008.10.20 06:02:35.642,0.7752,0.77545,84.40,130.50
2008.10.20 06:02:35.992,0.7752,0.77545,89.00,147.20
2008.10.20 06:02:36.152,0.7752,0.77545,87.40,113.70
2008.10.20 06:02:37.932,0.7752,0.77545,118.50,156.30
2008.10.20 06:02:38.112,0.77525,0.7754,53.60,83.40
2008.10.20 06:02:38.461,0.77525,0.7754,42.10,83.40
2008.10.20 06:02:39.091,0.77525,0.7754,34.10,175.20
2008.10.20 06:02:41.681,0.77525,0.77535,34.10,71.50
2008.10.20 06:02:45.350,0.77525,0.77535,34.10,87.70
2008.10.20 06:02:45.630,0.77525,0.77535,48.50,144.80
2008.10.20 06:02:45.990,0.77525,0.77535,59.70,64.50
2008.10.20 06:02:46.270,0.77525,0.77535,56.50,55.30
2008.10.20 06:02:46.670,0.77525,0.77535,45.30,89.20
2008.10.20 06:02:49.009,0.77525,0.77535,53.30,98.60
2008.10.20 06:02:58.197,0.77525,0.7753,48.90,258.30
2008.10.20 06:02:58.427,0.7752,0.7753,45.40,120.10
2008.10.20 06:03:03.895,0.77515,0.7752,68.40,136.20
2008.10.20 06:03:04.705,0.77495,0.7751,154.00,76.15
2008.10.20 06:03:04.985,0.7752,0.77525,106.20,138.35
2008.10.20 06:03:05.215,0.7752,0.77525,37.40,155.70
2008.10.20 06:03:05.735,0.7752,0.7753,100.40,175.70
2008.10.20 06:03:06.125,0.7752,0.77525,44.40,105.70
2008.10.20 06:03:06.345,0.77515,0.7752,82.40,100.90
2008.10.20 06:03:06.465,0.77495,0.7751,74.82,41.80
2008.10.20 06:03:07.054,0.77495,0.7751,41.22,40.20
2008.10.20 06:03:07.294,0.77515,0.7752,42.40,50.90
2008.10.20 06:03:07.564,0.77515,0.7752,42.40,79.90
2008.10.20 06:03:09.604,0.77515,0.7752,42.80,79.90
2008.10.20 06:03:09.834,0.77495,0.77515,63.20,68.90
2008.10.20 06:03:09.954,0.77495,0.7751,63.40,50.90
2008.10.20 06:03:10.184,0.77515,0.7752,44.00,76.30
2008.10.20 06:03:12.193,0.77515,0.7752,42.80,97.90
2008.10.20 06:03:13.823,0.7749,0.7751,55.00,93.00
2008.10.20 06:03:14.393,0.7749,0.7751,43.00,117.70
2008.10.20 06:03:16.103,0.77495,0.7751,39.80,72.00
2008.10.20 06:03:19.571,0.77495,0.7751,51.80,136.10
2008.10.20 06:03:20.461,0.77495,0.7751,33.40,18.30
2008.10.20 06:03:23.581,0.77495,0.775,28.50,175.46
2008.10.20 06:03:23.991,0.77495,0.775,37.30,182.65
2008.10.20 06:03:29.359,0.77495,0.775,50.10,99.80
2008.10.20 06:03:29.419,0.7749,0.775,49.10,99.60
2008.10.20 06:03:29.539,0.7749,0.775,32.30,155.30
2008.10.20 06:03:31.059,0.7749,0.775,46.70,115.40
2008.10.20 06:03:31.689,0.7749,0.775,50.70,58.40
2008.10.20 06:03:37.267,0.7749,0.775,53.90,196.80
2008.10.20 06:03:39.917,0.7749,0.775,52.30,61.80
2008.10.20 06:03:40.496,0.7749,0.77495,52.30,47.40
2008.10.20 06:03:41.816,0.77485,0.7749,76.20,60.00
2008.10.20 06:03:42.806,0.7749,0.77495,123.90,348.20
2008.10.20 06:03:50.574,0.7749,0.77495,57.70,118.80
2008.10.20 06:03:50.804,0.7749,0.77495,36.90,63.06
2008.10.20 06:03:51.104,0.7749,0.775,77.70,125.00
2008.10.20 06:03:57.733,0.7749,0.775,78.50,80.30
2008.10.20 06:03:57.972,0.7749,0.775,78.50,133.80
2008.10.20 06:03:58.192,0.7749,0.775,89.70,133.90
2008.10.20 06:03:59.532,0.77485,0.775,78.10,133.90
2008.10.20 06:04:08.300,0.77485,0.775,84.50,60.30
2008.10.20 06:04:08.350,0.77485,0.775,84.50,60.50
2008.10.20 06:04:09.679,0.77485,0.77495,35.70,56.60
2008.10.20 06:04:10.469,0.77485,0.77495,81.10,56.60
2008.10.20 06:04:12.149,0.77485,0.775,78.70,174.90
2008.10.20 06:04:12.879,0.77485,0.775,51.50,108.90
2008.10.20 06:04:15.738,0.77485,0.77505,141.80,56.90
2008.10.20 06:04:16.618,0.77485,0.77505,68.10,57.40
2008.10.20 06:04:17.248,0.77485,0.77505,36.90,46.30
2008.10.20 06:04:21.307,0.77485,0.7751,46.80,83.20
2008.10.20 06:04:21.417,0.7749,0.77515,48.30,78.20
2008.10.20 06:04:21.527,0.7749,0.7752,50.40,75.90
2008.10.20 06:04:21.697,0.7749,0.7752,49.60,32.70
2008.10.20 06:04:21.877,0.7749,0.77525,47.20,34.35
2008.10.20 06:04:22.216,0.7749,0.77525,69.40,43.15
2008.10.20 06:04:22.386,0.77485,0.7752,78.70,37.46
2008.10.20 06:04:25.276,0.77485,0.7752,127.60,90.20
2008.10.20 06:04:28.205,0.77485,0.7752,176.10,102.96
2008.10.20 06:04:28.505,0.77485,0.77515,175.40,97.46
2008.10.20 06:04:28.785,0.77485,0.7752,177.00,102.96
2008.10.20 06:04:29.535,0.77485,0.7752,78.00,70.96
2008.10.20 06:04:30.374,0.7749,0.77525,31.10,30.16
2008.10.20 06:04:30.545,0.7749,0.77525,31.90,47.76
2008.10.20 06:04:36.253,0.7749,0.77515,52.70,35.06
2008.10.20 06:04:36.303,0.77485,0.77515,70.80,40.56
2008.10.20 06:04:37.563,0.77485,0.77505,70.00,49.80
2008.10.20 06:04:37.843,0.77485,0.77505,53.80,34.20
2008.10.20 06:04:38.133,0.77485,0.77505,38.10,59.00
2008.10.20 06:04:38.313,0.77485,0.7751,38.10,56.20
2008.10.20 06:04:41.052,0.77485,0.7751,126.50,67.00
2008.10.20 06:04:41.342,0.77485,0.77515,132.90,109.20
2008.10.20 06:04:43.281,0.77485,0.77515,44.10,72.60
2008.10.20 06:04:43.651,0.77485,0.77515,68.10,99.20
2008.10.20 06:04:44.111,0.77485,0.7751,93.70,98.20
2008.10.20 06:04:46.001,0.77485,0.77515,44.90,107.20
2008.10.20 06:04:46.521,0.77485,0.77515,75.30,60.80
2008.10.20 06:04:47.350,0.7749,0.77515,116.70,110.90
2008.10.20 06:04:47.640,0.7749,0.77515,75.20,115.70
2008.10.20 06:04:47.820,0.7749,0.77515,49.60,115.70
2008.10.20 06:04:47.990,0.7749,0.77515,49.60,115.90
2008.10.20 06:04:49.120,0.7749,0.77515,130.70,41.00
2008.10.20 06:04:49.410,0.7749,0.77515,58.90,65.40
2008.10.20 06:04:51.180,0.7749,0.7751,52.20,37.80
2008.10.20 06:04:52.159,0.7749,0.7751,81.60,136.20
2008.10.20 06:04:53.129,0.7749,0.77505,34.40,120.86
2008.10.20 06:04:53.659,0.7749,0.7751,91.40,55.20
2008.10.20 06:04:58.608,0.7749,0.77505,80.80,74.36
2008.10.20 06:05:04.736,0.7749,0.7751,52.20,161.60
2008.10.20 06:05:05.716,0.7749,0.77515,76.50,87.40
2008.10.20 06:05:06.066,0.7749,0.77515,109.20,91.20
2008.10.20 06:05:07.326,0.7749,0.77515,99.40,72.40
2008.10.20 06:05:09.665,0.7749,0.77515,129.20,131.20
2008.10.20 06:05:10.555,0.7749,0.77515,129.40,131.20
2008.10.20 06:05:14.214,0.7749,0.7751,130.90,94.50
2008.10.20 06:05:14.454,0.7749,0.7751,85.20,150.70
2008.10.20 06:05:14.984,0.7749,0.7751,72.10,93.56
2008.10.20 06:05:15.214,0.7749,0.77505,61.10,92.80
2008.10.20 06:05:30.100,0.7749,0.775,65.90,168.65
2008.10.20 06:05:33.749,0.7749,0.77505,65.90,158.30
2008.10.20 06:05:34.459,0.7749,0.77505,65.90,161.70
2008.10.20 06:05:36.419,0.7749,0.77505,62.20,133.60
2008.10.20 06:05:36.769,0.7749,0.77505,180.90,133.60
2008.10.20 06:05:40.308,0.7749,0.77505,277.40,220.40
2008.10.20 06:05:40.488,0.7749,0.775,277.40,165.46
2008.10.20 06:05:40.887,0.7749,0.77505,228.10,238.90
2008.10.20 06:05:41.438,0.7749,0.77505,92.10,111.40
2008.10.20 06:05:42.407,0.7749,0.77515,140.10,83.20
2008.10.20 06:05:43.887,0.7749,0.7751,86.30,59.40
2008.10.20 06:05:47.326,0.7749,0.77515,103.30,132.40
2008.10.20 06:05:47.686,0.7749,0.7751,95.10,105.00
2008.10.20 06:05:49.785,0.7749,0.7751,97.70,133.80
2008.10.20 06:05:52.625,0.7749,0.7751,68.90,132.40
2008.10.20 06:05:52.955,0.7749,0.77505,67.90,85.60
2008.10.20 06:05:54.074,0.7749,0.77505,67.90,100.96
2008.10.20 06:05:54.974,0.7749,0.77505,67.30,125.60
2008.10.20 06:05:55.194,0.7749,0.7751,78.50,157.60
2008.10.20 06:05:55.414,0.7749,0.7751,124.70,177.90
2008.10.20 06:05:55.814,0.7749,0.77515,105.90,178.50
2008.10.20 06:05:59.353,0.7749,0.7751,131.70,50.35
2008.10.20 06:05:59.473,0.7749,0.7751,136.70,41.30
2008.10.20 06:05:59.873,0.7749,0.77505,106.50,68.70
2008.10.20 06:06:00.273,0.7749,0.77505,70.50,83.30
2008.10.20 06:06:03.062,0.7749,0.77505,181.50,56.70
2008.10.20 06:06:03.502,0.7749,0.77505,179.30,55.80
2008.10.20 06:06:04.722,0.7749,0.775,200.70,44.80
2008.10.20 06:06:05.002,0.7749,0.775,108.00,62.50
2008.10.20 06:06:05.411,0.7749,0.77495,79.50,69.60
2008.10.20 06:06:06.341,0.7749,0.77495,72.20,74.30
2008.10.20 06:06:07.631,0.7749,0.775,81.80,98.50
2008.10.20 06:06:11.440,0.7749,0.77495,73.00,69.50
2008.10.20 06:06:11.670,0.7749,0.77495,76.00,69.50
2008.10.20 06:06:13.620,0.77475,0.77495,77.90,121.10
2008.10.20 06:06:13.739,0.77475,0.77495,79.80,93.10
2008.10.20 06:06:14.199,0.77475,0.77495,66.20,95.00
2008.10.20 06:06:17.149,0.77475,0.7749,95.80,98.40
2008.10.20 06:06:17.509,0.77475,0.7749,97.90,79.20
2008.10.20 06:06:19.718,0.77475,0.7749,59.80,127.60
2008.10.20 06:06:19.948,0.77475,0.77495,165.60,144.80
2008.10.20 06:06:20.168,0.77475,0.77495,95.20,36.00
2008.10.20 06:06:28.046,0.77475,0.7749,89.90,125.00
2008.10.20 06:06:28.696,0.77475,0.7749,75.00,34.20
2008.10.20 06:06:28.986,0.77475,0.77485,70.20,40.30
2008.10.20 06:06:29.216,0.77475,0.77485,67.20,51.50
2008.10.20 06:06:29.806,0.77475,0.7748,60.80,47.80
2008.10.20 06:06:30.026,0.77475,0.7748,60.80,73.70
2008.10.20 06:06:30.196,0.77475,0.7748,62.20,83.50
2008.10.20 06:06:38.683,0.77465,0.77475,64.00,67.20
2008.10.20 06:06:47.611,0.77475,0.7748,67.00,102.50
2008.10.20 06:06:48.081,0.77475,0.7748,67.00,78.30
2008.10.20 06:06:51.820,0.77475,0.7748,71.80,118.30
2008.10.20 06:06:52.100,0.77475,0.77485,75.00,112.50
2008.10.20 06:06:54.080,0.77475,0.7748,67.00,97.50
2008.10.20 06:06:54.680,0.77475,0.7748,62.20,71.06
2008.10.20 06:06:54.860,0.77465,0.7747,33.70,20.00
2008.10.20 06:07:01.538,0.77465,0.7747,104.80,181.10
2008.10.20 06:07:05.027,0.77465,0.7747,88.00,304.40
2008.10.20 06:07:06.307,0.77465,0.7747,155.44,296.20
2008.10.20 06:07:08.416,0.77465,0.7747,239.20,325.00
2008.10.20 06:07:11.516,0.77465,0.7747,293.90,386.70
2008.10.20 06:07:11.576,0.77465,0.77475,314.90,405.90
2008.10.20 06:07:11.696,0.77465,0.77475,107.30,64.20
2008.10.20 06:07:12.605,0.77465,0.77475,152.10,102.20
2008.10.20 06:07:12.945,0.77465,0.7747,44.20,43.85
2008.10.20 06:07:13.235,0.77465,0.77475,42.80,83.90
2008.10.20 06:07:13.555,0.77465,0.7748,49.40,107.60
2008.10.20 06:07:14.035,0.77465,0.77475,38.20,75.00
2008.10.20 06:07:14.265,0.77465,0.77475,38.20,75.00
2008.10.20 06:07:14.495,0.77455,0.77475,77.40,119.60
2008.10.20 06:07:15.824,0.77455,0.7748,64.00,65.50
2008.10.20 06:07:16.155,0.77455,0.7748,46.40,79.06
2008.10.20 06:07:19.734,0.77455,0.7748,49.40,216.50
2008.10.20 06:07:22.463,0.7747,0.7748,37.10,142.50
2008.10.20 06:07:23.963,0.7747,0.77475,53.10,123.10
2008.10.20 06:07:24.253,0.7747,0.7748,81.60,120.50
2008.10.20 06:07:27.902,0.7747,0.77475,44.00,123.00
2008.10.20 06:07:32.181,0.77455,0.7747,62.70,122.30
2008.10.20 06:07:32.351,0.77455,0.7747,49.50,191.80
2008.10.20 06:07:32.810,0.77455,0.77465,37.80,35.60
2008.10.20 06:07:33.141,0.77455,0.77465,30.60,68.20
2008.10.20 06:07:34.640,0.7745,0.77465,41.80,113.50
2008.10.20 06:07:36.310,0.7745,0.77465,82.40,94.90
2008.10.20 06:07:36.709,0.7745,0.77475,112.30,104.00
2008.10.20 06:07:36.889,0.7746,0.77475,33.00,63.70
2008.10.20 06:07:37.299,0.7746,0.77475,28.90,40.00
2008.10.20 06:07:37.650,0.77465,0.7748,31.50,63.90
2008.10.20 06:07:37.999,0.77455,0.7748,32.20,39.00
2008.10.20 06:07:39.269,0.77455,0.7748,58.60,28.70
2008.10.20 06:07:39.739,0.7746,0.77485,33.10,27.00
2008.10.20 06:07:40.009,0.77465,0.77485,35.30,28.60
2008.10.20 06:07:40.299,0.77465,0.7749,36.40,28.70
2008.10.20 06:07:41.988,0.77465,0.7749,35.20,28.70
2008.10.20 06:07:43.738,0.77465,0.77485,34.90,44.65
2008.10.20 06:07:44.608,0.7746,0.77485,50.10,55.15
2008.10.20 06:07:46.197,0.77455,0.7748,83.40,57.56
2008.10.20 06:07:48.437,0.77455,0.7748,93.80,62.26
2008.10.20 06:07:49.137,0.7746,0.77485,130.90,94.96
2008.10.20 06:07:49.467,0.7746,0.77485,38.10,71.06
2008.10.20 06:07:49.876,0.77465,0.7749,74.10,119.96
2008.10.20 06:07:51.096,0.7746,0.77485,32.40,44.06
2008.10.20 06:07:51.796,0.77455,0.7748,93.50,109.46
2008.10.20 06:07:52.016,0.77455,0.7748,93.50,44.76
2008.10.20 06:07:52.346,0.77455,0.7748,92.80,45.35
2008.10.20 06:07:53.086,0.77455,0.77465,31.20,20.85
2008.10.20 06:07:53.266,0.77445,0.7745,28.00,20.00
2008.10.20 06:07:53.436,0.7743,0.7745,35.02,21.80
2008.10.20 06:07:53.726,0.77415,0.77445,26.70,21.20
2008.10.20 06:07:54.015,0.7741,0.7744,28.10,21.40
2008.10.20 06:07:54.355,0.7741,0.77435,119.70,66.00
2008.10.20 06:07:54.695,0.77405,0.7743,54.10,48.30
2008.10.20 06:07:55.045,0.7742,0.7743,73.40,74.40
2008.10.20 06:07:55.425,0.77425,0.7744,44.80,27.90
2008.10.20 06:07:55.835,0.77425,0.77445,34.80,38.30
2008.10.20 06:07:56.055,0.77425,0.77445,74.80,43.10
2008.10.20 06:07:56.345,0.7743,0.7745,39.40,23.80
2008.10.20 06:07:56.575,0.7743,0.7745,39.40,42.85
2008.10.20 06:07:57.375,0.7743,0.77455,92.30,42.20
2008.10.20 06:07:58.134,0.77435,0.77455,35.20,31.00
2008.10.20 06:07:58.374,0.7744,0.77455,33.80,28.80
2008.10.20 06:07:59.024,0.77435,0.77455,36.70,27.90
2008.10.20 06:07:59.814,0.7743,0.77445,42.80,34.26
2008.10.20 06:07:59.984,0.7742,0.77445,34.00,31.45
2008.10.20 06:08:01.014,0.7742,0.7744,67.10,60.26
2008.10.20 06:08:01.424,0.77415,0.7744,43.80,65.40
2008.10.20 06:08:01.664,0.7742,0.77445,43.80,37.60
2008.10.20 06:08:02.233,0.77415,0.7744,52.60,59.20
2008.10.20 06:08:02.573,0.7742,0.77445,42.50,64.40
2008.10.20 06:08:02.923,0.77425,0.7745,80.50,79.80
2008.10.20 06:08:03.283,0.77425,0.7745,55.10,35.70
2008.10.20 06:08:04.473,0.77425,0.77445,85.50,42.96
2008.10.20 06:08:04.653,0.77425,0.7745,110.90,45.30
2008.10.20 06:08:04.873,0.77425,0.7745,111.93,65.90
2008.10.20 06:08:05.043,0.77425,0.7745,144.50,96.30
2008.10.20 06:08:05.333,0.77425,0.77445,47.30,80.06
2008.10.20 06:08:05.673,0.7742,0.77445,87.10,31.20
2008.10.20 06:08:07.912,0.77415,0.7744,129.80,88.00
2008.10.20 06:08:10.421,0.77415,0.77435,60.30,31.06
2008.10.20 06:08:10.711,0.7741,0.77435,62.20,46.35
2008.10.20 06:08:11.231,0.7741,0.77435,95.00,101.30
2008.10.20 06:08:11.701,0.7741,0.77435,96.00,83.70
2008.10.20 06:08:11.871,0.7741,0.77435,33.30,159.20
2008.10.20 06:08:12.451,0.77405,0.7743,55.80,87.00
2008.10.20 06:08:14.211,0.7741,0.7743,48.30,89.20
2008.10.20 06:08:14.511,0.77415,0.77435,56.00,71.20
2008.10.20 06:08:15.150,0.77415,0.7744,89.10,113.60
2008.10.20 06:08:15.450,0.7741,0.77435,81.00,38.60
2008.10.20 06:08:15.730,0.7741,0.77435,135.40,106.70
2008.10.20 06:08:16.080,0.7741,0.7743,71.70,59.20
2008.10.20 06:08:16.430,0.7741,0.77435,111.70,170.50
2008.10.20 06:08:17.870,0.7741,0.77435,67.20,180.90
2008.10.20 06:08:18.220,0.7741,0.77435,47.80,71.40
2008.10.20 06:08:18.650,0.77415,0.77435,67.00,193.60
2008.10.20 06:08:18.869,0.77415,0.77435,67.00,193.60
2008.10.20 06:08:19.329,0.7741,0.77435,113.90,39.80
2008.10.20 06:08:19.739,0.77405,0.77435,133.30,197.90
2008.10.20 06:08:20.089,0.77405,0.77425,69.30,29.35
2008.10.20 06:08:20.499,0.774,0.77425,277.30,46.90
2008.10.20 06:08:20.839,0.77405,0.7743,125.00,70.90
2008.10.20 06:08:21.199,0.774,0.77425,133.00,77.40
2008.10.20 06:08:21.559,0.774,0.77425,131.80,64.10
2008.10.20 06:08:21.729,0.774,0.77425,165.10,56.00
2008.10.20 06:08:21.949,0.774,0.77425,178.70,66.60
2008.10.20 06:08:22.289,0.77395,0.77425,198.10,97.80
2008.10.20 06:08:22.579,0.77395,0.7742,46.90,65.60
2008.10.20 06:08:23.208,0.77395,0.77425,58.10,116.10
2008.10.20 06:08:23.778,0.77395,0.77425,55.30,126.50
2008.10.20 06:08:24.058,0.774,0.77425,66.00,47.30
2008.10.20 06:08:25.928,0.774,0.7742,113.20,53.60
2008.10.20 06:08:26.448,0.7741,0.7743,69.60,59.90
2008.10.20 06:08:26.798,0.774,0.7743,70.00,42.30
2008.10.20 06:08:28.187,0.774,0.7743,110.30,39.10
2008.10.20 06:08:28.467,0.774,0.77425,167.20,63.06
2008.10.20 06:08:28.757,0.774,0.77425,261.80,40.65
2008.10.20 06:08:29.407,0.774,0.7743,261.80,52.80
2008.10.20 06:08:29.757,0.77405,0.7743,175.50,86.40
2008.10.20 06:08:30.057,0.77405,0.7743,89.50,139.90
2008.10.20 06:08:32.126,0.77405,0.7743,76.70,84.70
2008.10.20 06:08:32.246,0.77405,0.7743,85.20,109.20
2008.10.20 06:08:32.356,0.77405,0.7743,108.40,109.25
2008.10.20 06:08:34.735,0.77405,0.7743,77.30,92.00
2008.10.20 06:08:35.306,0.7741,0.7743,41.10,72.00
2008.10.20 06:08:36.115,0.77405,0.7743,203.70,99.20
2008.10.20 06:08:38.685,0.7741,0.77435,181.90,119.20
2008.10.20 06:08:38.925,0.77405,0.77435,406.70,208.40
2008.10.20 06:08:39.384,0.77405,0.7743,380.10,186.40
2008.10.20 06:08:40.515,0.77405,0.7743,483.70,187.80
2008.10.20 06:08:41.154,0.77405,0.7743,525.70,135.05
2008.10.20 06:08:42.134,0.77405,0.7743,438.50,168.80
2008.10.20 06:08:42.304,0.77405,0.7743,352.70,157.80
2008.10.20 06:08:42.594,0.77405,0.7743,154.70,148.20
2008.10.20 06:08:43.004,0.77405,0.77425,163.50,121.80
2008.10.20 06:08:44.253,0.77405,0.7743,217.10,268.90
2008.10.20 06:08:46.623,0.77405,0.7743,161.40,251.90
2008.10.20 06:08:46.983,0.7741,0.77435,299.50,251.90
2008.10.20 06:08:47.163,0.77405,0.7743,430.60,207.00
2008.10.20 06:08:47.452,0.7741,0.77435,245.10,218.85
2008.10.20 06:08:47.563,0.7741,0.7744,88.80,226.80
2008.10.20 06:08:47.982,0.7741,0.77435,46.70,55.30
2008.10.20 06:08:51.731,0.77405,0.7743,351.30,79.20
2008.10.20 06:08:52.771,0.77405,0.7743,165.10,118.30
2008.10.20 06:08:54.141,0.77405,0.7743,206.20,180.00
2008.10.20 06:08:54.381,0.7741,0.7743,205.10,180.00
2008.10.20 06:08:54.731,0.7741,0.7743,318.70,163.20
2008.10.20 06:08:55.271,0.77405,0.7743,326.70,188.10
2008.10.20 06:08:55.611,0.77405,0.7743,72.80,159.70
2008.10.20 06:08:56.870,0.77395,0.7742,313.80,68.36
2008.10.20 06:08:57.040,0.77395,0.7742,95.20,54.80
2008.10.20 06:08:57.380,0.77395,0.77425,128.30,83.40
2008.10.20 06:08:57.670,0.77395,0.77425,128.30,108.90
2008.10.20 06:08:58.000,0.77395,0.77425,139.20,132.60
2008.10.20 06:08:58.300,0.774,0.77425,180.50,66.30
2008.10.20 06:08:58.940,0.774,0.7742,69.40,72.30
2008.10.20 06:08:59.230,0.774,0.77425,54.00,82.50
2008.10.20 06:09:00.339,0.774,0.77425,117.70,67.80
2008.10.20 06:09:00.619,0.774,0.77425,130.70,47.00
2008.10.20 06:09:02.579,0.774,0.77425,109.10,59.30
2008.10.20 06:09:03.528,0.774,0.77425,163.10,83.30
2008.10.20 06:09:05.128,0.774,0.7742,169.50,88.00
2008.10.20 06:09:06.678,0.774,0.77425,43.10,66.50
2008.10.20 06:09:08.517,0.774,0.77425,65.90,116.10
2008.10.20 06:09:10.977,0.77395,0.77425,107.30,99.80
2008.10.20 06:09:11.387,0.77395,0.77425,160.10,177.20
2008.10.20 06:09:12.107,0.77395,0.77425,33.50,131.30
2008.10.20 06:09:12.336,0.77395,0.7742,33.50,120.00
2008.10.20 06:09:12.746,0.774,0.7742,71.20,77.90
2008.10.20 06:09:13.386,0.7739,0.7742,82.00,62.20
2008.10.20 06:09:13.736,0.7739,0.7742,99.60,63.40
2008.10.20 06:09:14.006,0.7739,0.7742,98.40,55.40
2008.10.20 06:09:14.306,0.7739,0.7742,102.40,48.30
2008.10.20 06:09:15.266,0.7739,0.7742,44.00,71.40
2008.10.20 06:09:17.595,0.7739,0.7742,124.80,120.30
2008.10.20 06:09:17.885,0.7739,0.77415,101.20,118.50
2008.10.20 06:09:18.415,0.7739,0.77415,121.60,102.50
2008.10.20 06:09:19.275,0.7739,0.77415,152.90,136.30
2008.10.20 06:09:23.444,0.7739,0.77415,165.70,219.50
2008.10.20 06:09:24.484,0.77385,0.77415,267.60,446.70
2008.10.20 06:09:25.523,0.77385,0.77415,134.40,419.70
2008.10.20 06:09:25.693,0.77385,0.77415,134.40,423.20
2008.10.20 06:09:25.973,0.77385,0.7741,93.10,202.70
2008.10.20 06:09:26.263,0.77385,0.7741,86.90,89.30
2008.10.20 06:09:26.663,0.7738,0.77405,112.20,33.70
2008.10.20 06:09:27.003,0.77385,0.77405,94.10,108.30
2008.10.20 06:09:27.123,0.77385,0.77405,81.30,115.70
2008.10.20 06:09:27.413,0.7738,0.77405,148.00,63.60
2008.10.20 06:09:27.533,0.7738,0.77405,147.60,63.60
2008.10.20 06:09:28.063,0.7738,0.774,161.40,91.30
2008.10.20 06:09:28.483,0.7738,0.774,171.60,179.50
2008.10.20 06:09:28.873,0.77375,0.774,74.60,51.40
2008.10.20 06:09:29.302,0.77375,0.77385,74.60,37.76
2008.10.20 06:09:29.542,0.77375,0.77385,74.60,63.35
2008.10.20 06:09:29.772,0.77375,0.77385,74.70,30.56
2008.10.20 06:09:30.422,0.77375,0.77385,59.00,56.46
2008.10.20 06:09:30.772,0.77375,0.7738,31.50,23.40
2008.10.20 06:09:31.172,0.7736,0.77365,93.80,50.10
2008.10.20 06:09:31.532,0.7736,0.77365,95.40,57.85
2008.10.20 06:09:32.112,0.7736,0.77375,50.50,211.80
2008.10.20 06:09:33.202,0.7736,0.7737,38.90,86.90
2008.10.20 06:09:34.181,0.7736,0.77365,33.70,56.20
2008.10.20 06:09:34.581,0.7736,0.7737,71.70,136.10
2008.10.20 06:09:34.991,0.7736,0.7737,84.90,102.40
2008.10.20 06:09:35.391,0.7736,0.7737,156.90,194.50
2008.10.20 06:09:35.731,0.7736,0.7737,54.10,152.00
2008.10.20 06:09:36.181,0.7736,0.77365,67.70,40.30
2008.10.20 06:09:36.531,0.7736,0.77365,106.40,133.20
2008.10.20 06:09:38.360,0.7736,0.77365,77.90,60.30
2008.10.20 06:09:38.600,0.77325,0.7735,138.80,66.36
2008.10.20 06:09:39.060,0.77315,0.7735,175.60,71.90
2008.10.20 06:09:39.410,0.7731,0.7734,131.70,44.50
2008.10.20 06:09:39.740,0.7732,0.7734,87.70,58.10
2008.10.20 06:09:40.090,0.77315,0.77335,96.73,59.76
2008.10.20 06:09:40.390,0.7731,0.77335,174.70,64.60
2008.10.20 06:09:41.369,0.7731,0.77335,105.30,71.60
2008.10.20 06:09:41.610,0.77315,0.77325,32.20,22.80
2008.10.20 06:09:41.949,0.77315,0.77325,34.40,24.16
2008.10.20 06:09:42.239,0.77315,0.7732,44.40,42.10
2008.10.20 06:09:42.569,0.77315,0.77325,102.20,61.50
2008.10.20 06:09:44.309,0.77315,0.7733,27.00,72.80
2008.10.20 06:09:45.808,0.77315,0.77325,45.50,46.60
2008.10.20 06:09:46.368,0.77315,0.77325,73.30,86.60
2008.10.20 06:09:46.658,0.77315,0.7733,73.30,183.80
2008.10.20 06:09:46.828,0.77315,0.77325,81.50,84.20
2008.10.20 06:09:47.258,0.77315,0.77325,80.10,84.65
2008.10.20 06:09:47.778,0.77315,0.77325,44.90,240.40
2008.10.20 06:09:49.758,0.77315,0.7732,66.90,61.70
2008.10.20 06:09:49.937,0.77315,0.7732,66.90,61.70
2008.10.20 06:09:50.497,0.77315,0.7732,39.30,94.25
2008.10.20 06:09:50.847,0.77315,0.7732,35.30,97.20
2008.10.20 06:09:51.537,0.7731,0.77315,80.70,59.90
2008.10.20 06:09:57.256,0.77315,0.7732,38.30,99.70
2008.10.20 06:09:57.496,0.7731,0.77315,122.60,94.40
2008.10.20 06:09:58.095,0.77315,0.7732,50.50,149.30
2008.10.20 06:09:58.325,0.7729,0.7731,179.30,148.20
2008.10.20 06:10:00.535,0.77295,0.7731,32.10,95.40
2008.10.20 06:10:01.155,0.77295,0.7731,128.50,59.15
2008.10.20 06:10:01.614,0.77295,0.7731,153.70,25.56
2008.10.20 06:10:02.034,0.77295,0.7731,155.10,25.56
2008.10.20 06:10:02.214,0.7729,0.7731,162.10,26.95
2008.10.20 06:10:02.564,0.7729,0.7731,71.80,58.96
2008.10.20 06:10:02.804,0.7728,0.7731,51.23,252.80
2008.10.20 06:10:03.094,0.7728,0.7729,30.40,22.80
2008.10.20 06:10:03.324,0.7728,0.7729,30.50,22.80
2008.10.20 06:10:03.624,0.77275,0.77285,30.10,26.10
2008.10.20 06:10:03.914,0.7726,0.77285,24.90,23.30
2008.10.20 06:10:04.314,0.7726,0.77285,84.10,51.60
2008.10.20 06:10:04.534,0.7726,0.7728,83.90,41.10
2008.10.20 06:10:04.744,0.7726,0.7728,83.20,39.80
2008.10.20 06:10:05.144,0.77255,0.7728,85.20,57.40
2008.10.20 06:10:05.724,0.77265,0.7728,69.00,60.60
2008.10.20 06:10:06.074,0.77265,0.7728,45.00,36.10
2008.10.20 06:10:06.643,0.77265,0.77285,92.00,63.60
2008.10.20 06:10:06.883,0.77265,0.7728,91.90,83.60
2008.10.20 06:10:08.403,0.77265,0.7728,46.40,55.10
2008.10.20 06:10:09.003,0.77265,0.7728,102.80,39.10
2008.10.20 06:10:10.023,0.7727,0.7728,103.66,36.10
2008.10.20 06:10:10.133,0.77275,0.77285,98.66,38.30
2008.10.20 06:10:10.543,0.77275,0.7729,38.86,46.50
2008.10.20 06:10:10.652,0.77265,0.77285,83.60,100.15
2008.10.20 06:10:11.592,0.77275,0.7729,63.46,99.80
2008.10.20 06:10:11.872,0.77265,0.77285,132.50,66.36
2008.10.20 06:10:12.042,0.77265,0.77285,151.60,51.20
2008.10.20 06:10:12.332,0.77265,0.7729,76.50,90.30
2008.10.20 06:10:13.122,0.7728,0.7729,35.50,60.60
2008.10.20 06:10:13.472,0.77275,0.7729,229.40,57.56
2008.10.20 06:10:13.812,0.77265,0.7729,191.50,77.70
2008.10.20 06:10:14.672,0.7728,0.773,45.40,79.20
2008.10.20 06:10:15.182,0.77275,0.7729,296.40,99.65
2008.10.20 06:10:15.471,0.77265,0.77285,318.50,107.86
2008.10.20 06:10:15.821,0.77265,0.77285,58.30,42.06
2008.10.20 06:10:16.441,0.77275,0.773,80.40,120.90
2008.10.20 06:10:16.741,0.77275,0.77285,84.70,68.60
2008.10.20 06:10:17.271,0.77275,0.77295,60.10,137.10
2008.10.20 06:10:18.251,0.77275,0.77295,74.20,32.10
2008.10.20 06:10:18.650,0.77275,0.773,123.00,103.40
2008.10.20 06:10:19.000,0.77275,0.773,90.50,47.20
2008.10.20 06:10:20.570,0.77275,0.773,124.00,124.90
2008.10.20 06:10:20.860,0.77275,0.77295,89.20,60.00
2008.10.20 06:10:22.030,0.77275,0.77295,67.40,53.70
2008.10.20 06:10:22.669,0.7728,0.77295,53.00,49.60
2008.10.20 06:10:24.639,0.77275,0.77295,121.00,28.20
2008.10.20 06:10:26.368,0.77275,0.77295,85.40,118.30
2008.10.20 06:10:27.278,0.7728,0.77295,46.90,83.20
2008.10.20 06:10:28.428,0.7728,0.77295,64.50,65.60
2008.10.20 06:10:29.128,0.7728,0.77295,67.90,77.70
2008.10.20 06:10:30.967,0.7728,0.773,100.00,103.80
2008.10.20 06:10:31.327,0.7728,0.773,216.00,59.60
2008.10.20 06:10:31.567,0.77285,0.77305,121.70,92.00
2008.10.20 06:10:32.947,0.77285,0.77305,88.60,37.00
2008.10.20 06:10:33.187,0.77285,0.77305,151.80,35.20
2008.10.20 06:10:33.417,0.77285,0.77305,169.00,61.00
2008.10.20 06:10:33.947,0.7729,0.77305,187.20,164.80
2008.10.20 06:10:34.177,0.77295,0.7731,46.30,70.60
2008.10.20 06:10:34.457,0.77295,0.77315,113.10,37.80
2008.10.20 06:10:36.106,0.77295,0.77315,73.80,28.20
2008.10.20 06:10:36.456,0.77295,0.77315,46.30,30.40
2008.10.20 06:10:37.136,0.77295,0.7732,189.10,209.20
2008.10.20 06:10:37.296,0.77295,0.7732,70.30,171.50
2008.10.20 06:10:37.656,0.77295,0.7732,71.90,69.50
2008.10.20 06:10:39.215,0.77295,0.7732,80.00,34.80
2008.10.20 06:10:39.605,0.77295,0.7732,80.40,49.20
2008.10.20 06:10:40.036,0.77295,0.77315,306.60,62.10
2008.10.20 06:10:40.275,0.773,0.77315,76.50,56.70
2008.10.20 06:10:40.445,0.773,0.7732,56.20,46.90
2008.10.20 06:10:40.915,0.773,0.77325,114.00,34.20
2008.10.20 06:10:41.375,0.77305,0.77325,48.50,59.50
2008.10.20 06:10:42.165,0.77305,0.77325,78.90,104.30
2008.10.20 06:10:42.974,0.77305,0.77325,69.30,48.10
2008.10.20 06:10:44.125,0.77305,0.77325,89.30,254.30
2008.10.20 06:10:44.744,0.77305,0.77325,100.50,168.90
2008.10.20 06:10:45.094,0.7731,0.77325,84.00,62.60
2008.10.20 06:10:46.764,0.7731,0.77325,160.20,188.90
2008.10.20 06:10:47.064,0.7731,0.77325,205.30,61.80
2008.10.20 06:10:47.244,0.7731,0.77325,165.80,66.60
2008.10.20 06:10:47.353,0.77305,0.77325,213.30,66.60
2008.10.20 06:10:47.943,0.77305,0.77325,92.40,25.80
2008.10.20 06:10:48.364,0.7731,0.7733,72.60,76.60
2008.10.20 06:10:48.653,0.7731,0.7733,74.30,56.10
2008.10.20 06:10:50.043,0.7731,0.7733,131.00,31.95
2008.10.20 06:10:50.383,0.7731,0.77335,30.20,19.60
2008.10.20 06:10:50.603,0.77315,0.77335,32.90,19.60
2008.10.20 06:10:50.763,0.77315,0.77335,72.00,68.80
2008.10.20 06:10:51.173,0.77315,0.7734,44.80,56.80
2008.10.20 06:10:51.523,0.7732,0.7734,48.19,79.10
2008.10.20 06:10:51.972,0.7732,0.7734,71.40,27.20
2008.10.20 06:10:52.152,0.7732,0.7734,40.40,17.20
2008.10.20 06:10:52.512,0.7732,0.7734,81.50,66.40
2008.10.20 06:10:52.682,0.7732,0.7734,83.30,17.20
2008.10.20 06:10:52.852,0.7732,0.77345,56.80,107.30
2008.10.20 06:10:53.142,0.7732,0.7734,51.00,63.26
2008.10.20 06:10:53.442,0.7732,0.77335,63.40,42.46
2008.10.20 06:10:54.002,0.77315,0.77335,47.40,103.15
2008.10.20 06:10:54.502,0.77315,0.77335,70.40,98.36
2008.10.20 06:10:55.241,0.7731,0.77335,84.90,47.26
2008.10.20 06:10:55.931,0.7731,0.77335,55.40,165.10
2008.10.20 06:10:56.291,0.77305,0.7733,72.20,61.46
2008.10.20 06:10:56.651,0.7731,0.7733,80.60,153.76
2008.10.20 06:10:57.001,0.7731,0.77335,126.10,71.06
2008.10.20 06:10:57.241,0.77325,0.77335,31.60,43.85
2008.10.20 06:10:57.571,0.7733,0.7735,71.90,36.80
2008.10.20 06:10:57.632,0.7733,0.7735,42.20,62.80
2008.10.20 06:10:58.031,0.7733,0.7735,93.40,42.50
2008.10.20 06:10:59.011,0.7733,0.7735,49.89,60.90
2008.10.20 06:10:59.661,0.77325,0.77345,74.89,40.65
2008.10.20 06:10:59.831,0.77325,0.7734,80.50,35.85
2008.10.20 06:11:00.061,0.77315,0.7734,84.20,31.60
2008.10.20 06:11:00.340,0.77315,0.7734,62.60,35.60
2008.10.20 06:11:00.570,0.77315,0.77335,63.50,35.50
2008.10.20 06:11:00.850,0.7732,0.77335,27.40,31.66
2008.10.20 06:11:01.090,0.7732,0.7734,45.50,124.15
2008.10.20 06:11:01.320,0.77315,0.77335,97.80,155.50
2008.10.20 06:11:01.601,0.77305,0.7733,107.10,50.80
2008.10.20 06:11:03.860,0.77305,0.7733,81.50,67.60
2008.10.20 06:11:04.539,0.77305,0.77325,79.70,67.96
2008.10.20 06:11:05.459,0.77305,0.77325,48.40,56.10
2008.10.20 06:11:05.819,0.7731,0.77335,79.10,96.80
2008.10.20 06:11:06.159,0.7731,0.77335,95.10,36.76
2008.10.20 06:11:06.549,0.7731,0.77335,90.60,95.40
2008.10.20 06:11:06.669,0.7731,0.7733,88.60,105.80
2008.10.20 06:11:06.839,0.7731,0.7733,95.00,136.30
2008.10.20 06:11:07.009,0.7731,0.77325,87.80,121.80
2008.10.20 06:11:07.349,0.77315,0.77325,74.80,93.56
2008.10.20 06:11:07.648,0.77315,0.77325,82.50,43.96
2008.10.20 06:11:07.948,0.77315,0.7732,67.70,45.56
2008.10.20 06:11:08.349,0.77315,0.7733,34.20,68.86
2008.10.20 06:11:08.638,0.77315,0.7732,25.50,34.06
2008.10.20 06:11:11.988,0.77315,0.7733,112.70,140.85
2008.10.20 06:11:13.767,0.77315,0.7732,179.90,130.26
2008.10.20 06:11:14.337,0.77315,0.7733,198.10,229.80
2008.10.20 06:11:14.777,0.77315,0.77325,45.30,115.56
2008.10.20 06:11:15.747,0.77315,0.7733,79.60,150.70
2008.10.20 06:11:17.146,0.77315,0.7733,59.10,52.46
2008.10.20 06:11:17.486,0.77315,0.77335,67.70,69.00
2008.10.20 06:11:22.005,0.77315,0.7733,69.60,33.65
2008.10.20 06:11:24.415,0.77315,0.7733,47.40,74.40
2008.10.20 06:11:25.205,0.77315,0.77325,75.20,36.06
2008.10.20 06:11:25.764,0.77315,0.7732,82.40,45.26
2008.10.20 06:11:26.634,0.77315,0.77325,44.20,58.06
2008.10.20 06:11:27.204,0.77315,0.7732,73.60,60.85
2008.10.20 06:11:27.614,0.77315,0.77325,44.80,141.70
2008.10.20 06:11:28.584,0.77315,0.7733,64.80,47.30
2008.10.20 06:11:32.353,0.77315,0.7733,71.20,145.55
2008.10.20 06:11:33.212,0.77315,0.77325,73.60,51.96
2008.10.20 06:11:33.712,0.77315,0.7733,60.80,107.30
2008.10.20 06:11:34.402,0.77315,0.7733,84.40,35.20
2008.10.20 06:11:34.752,0.77315,0.77335,40.00,45.20
2008.10.20 06:11:37.342,0.77315,0.77335,56.80,62.15
2008.10.20 06:11:41.531,0.77315,0.7733,186.40,42.26
2008.10.20 06:11:41.971,0.77315,0.77335,145.80,52.46
2008.10.20 06:11:42.140,0.77315,0.77335,112.70,54.06
2008.10.20 06:11:46.090,0.77315,0.77335,80.50,62.26
2008.10.20 06:11:46.729,0.77315,0.77335,123.20,165.70
2008.10.20 06:11:48.419,0.77315,0.77335,179.20,83.20
2008.10.20 06:11:49.508,0.77315,0.77335,84.00,50.70
2008.10.20 06:11:50.878,0.77315,0.7734,87.10,226.50
2008.10.20 06:11:50.998,0.77315,0.77335,66.10,77.46
2008.10.20 06:11:51.328,0.77315,0.7734,76.00,265.60
2008.10.20 06:11:51.678,0.77315,0.7734,77.50,265.80
2008.10.20 06:11:52.298,0.7732,0.7734,95.30,87.30
2008.10.20 06:11:52.588,0.7732,0.7734,79.30,87.30
2008.10.20 06:11:53.178,0.7732,0.7734,113.40,79.30
2008.10.20 06:11:53.408,0.7732,0.7734,85.60,39.96
2008.10.20 06:11:53.798,0.7732,0.7734,97.30,34.46
2008.10.20 06:11:53.977,0.7732,0.7734,254.50,59.26
2008.10.20 06:11:54.207,0.7732,0.77345,135.20,64.00
2008.10.20 06:11:54.678,0.77325,0.77345,49.40,93.70
2008.10.20 06:11:55.207,0.7732,0.77345,141.20,72.00
2008.10.20 06:11:56.657,0.7732,0.77345,192.40,71.40
2008.10.20 06:11:56.887,0.77325,0.77345,70.20,105.90
2008.10.20 06:11:57.007,0.77325,0.7735,167.20,106.50
2008.10.20 06:11:59.396,0.77325,0.7735,210.60,138.50
2008.10.20 06:12:00.656,0.7733,0.7735,156.20,107.40
2008.10.20 06:12:00.866,0.7733,0.77355,64.50,39.00
2008.10.20 06:12:02.196,0.7733,0.77355,111.00,51.20
2008.10.20 06:12:02.375,0.7733,0.77355,135.00,51.20
2008.10.20 06:12:02.676,0.7733,0.77355,136.60,51.20
2008.10.20 06:12:02.905,0.7733,0.77355,136.80,51.20
2008.10.20 06:12:04.095,0.7733,0.77355,204.00,50.60
2008.10.20 06:12:04.315,0.7733,0.77355,92.40,51.40
2008.10.20 06:12:04.545,0.77335,0.7736,82.50,51.20
2008.10.20 06:12:06.864,0.77335,0.7736,127.70,51.20
2008.10.20 06:12:07.214,0.77335,0.7736,71.30,165.10
2008.10.20 06:12:07.274,0.77335,0.7736,72.10,165.10
2008.10.20 06:12:08.374,0.77335,0.7736,77.00,85.70
2008.10.20 06:12:08.704,0.77335,0.77365,126.90,45.90
2008.10.20 06:12:09.004,0.7734,0.77365,153.90,40.90
2008.10.20 06:12:09.184,0.7734,0.77365,179.50,36.10
2008.10.20 06:12:09.424,0.77345,0.77365,100.40,45.20
2008.10.20 06:12:11.773,0.77345,0.77365,185.40,45.20
2008.10.20 06:12:12.183,0.77345,0.77375,99.50,56.70
2008.10.20 06:12:12.343,0.77355,0.77375,111.80,76.00
2008.10.20 06:12:12.683,0.77355,0.77375,149.20,41.20
2008.10.20 06:12:13.563,0.77355,0.77375,100.20,55.30
2008.10.20 06:12:13.913,0.77355,0.77375,64.20,98.36
2008.10.20 06:12:14.742,0.77355,0.77375,145.60,60.20
2008.10.20 06:12:15.112,0.77355,0.7738,88.00,120.90
2008.10.20 06:12:17.002,0.77355,0.77375,131.10,89.65
2008.10.20 06:12:17.182,0.7735,0.77375,240.60,119.40
2008.10.20 06:12:17.702,0.7735,0.77375,215.10,79.10
2008.10.20 06:12:18.232,0.7735,0.77375,164.00,82.20
2008.10.20 06:12:19.121,0.7735,0.7737,211.10,114.00
2008.10.20 06:12:19.301,0.7735,0.7737,211.60,114.00
2008.10.20 06:12:19.791,0.7735,0.7737,258.80,155.10
2008.10.20 06:12:20.871,0.7735,0.7737,249.60,253.40
2008.10.20 06:12:21.741,0.7735,0.77365,329.60,144.05
2008.10.20 06:12:22.151,0.7735,0.7737,44.20,54.60
2008.10.20 06:12:22.741,0.7735,0.7737,51.70,71.20
2008.10.20 06:12:23.580,0.7735,0.7737,76.30,71.20
2008.10.20 06:12:23.750,0.7735,0.7737,107.70,104.80
2008.10.20 06:12:24.090,0.7735,0.77375,112.80,159.80
2008.10.20 06:12:24.320,0.7735,0.77375,48.80,78.50
2008.10.20 06:12:24.640,0.77355,0.77375,40.90,46.90
2008.10.20 06:12:24.870,0.7735,0.77375,49.40,47.50
2008.10.20 06:12:25.340,0.7735,0.77375,99.80,63.10
2008.10.20 06:12:25.520,0.7735,0.77375,99.10,62.70
2008.10.20 06:12:26.659,0.7735,0.7737,157.60,70.70
2008.10.20 06:12:26.949,0.7735,0.77375,166.20,68.60
2008.10.20 06:12:27.170,0.7735,0.7737,165.60,70.56
2008.10.20 06:12:27.700,0.7735,0.77375,198.20,174.40
2008.10.20 06:12:27.999,0.7735,0.77375,50.40,129.50
2008.10.20 06:12:28.579,0.7735,0.77375,40.80,116.30
2008.10.20 06:12:28.869,0.7735,0.77375,48.00,125.60
2008.10.20 06:12:29.109,0.7735,0.77375,77.50,173.50
2008.10.20 06:12:30.338,0.7735,0.7737,104.30,138.50
2008.10.20 06:12:30.558,0.7735,0.7737,105.60,138.50
2008.10.20 06:12:32.628,0.7735,0.77365,76.00,66.50
2008.10.20 06:12:32.748,0.7735,0.7737,76.00,91.30
2008.10.20 06:12:33.038,0.7735,0.77365,57.60,65.56
2008.10.20 06:12:36.307,0.7735,0.7737,81.60,112.20
2008.10.20 06:12:36.487,0.7735,0.7737,169.20,115.10
2008.10.20 06:12:36.767,0.7735,0.7737,181.20,118.30
2008.10.20 06:12:38.107,0.7735,0.7737,77.80,150.30
2008.10.20 06:12:38.387,0.7735,0.77375,126.40,160.00
2008.10.20 06:12:38.497,0.7735,0.77375,79.10,176.80
2008.10.20 06:12:39.656,0.7735,0.77365,120.00,67.36
2008.10.20 06:12:39.996,0.7735,0.7737,187.40,82.40
2008.10.20 06:12:40.386,0.77355,0.7737,83.80,42.90
2008.10.20 06:12:40.967,0.77355,0.77375,167.80,68.00
2008.10.20 06:12:41.296,0.77355,0.77375,242.70,74.50
2008.10.20 06:12:41.646,0.7736,0.7738,83.50,47.26
2008.10.20 06:12:41.946,0.7736,0.77385,89.50,89.60
2008.10.20 06:12:43.106,0.7736,0.77375,69.60,121.25
2008.10.20 06:12:43.396,0.7736,0.77375,76.36,93.40
2008.10.20 06:12:43.565,0.7736,0.77375,62.30,30.25
2008.10.20 06:12:43.836,0.7736,0.77375,58.50,36.65
2008.10.20 06:12:44.006,0.7736,0.7738,284.60,85.75
2008.10.20 06:12:44.415,0.77355,0.7738,189.40,127.36
2008.10.20 06:12:44.525,0.77355,0.77375,215.00,164.15
2008.10.20 06:12:44.885,0.7735,0.77375,193.70,85.46
2008.10.20 06:12:45.995,0.7735,0.77375,186.00,192.10
2008.10.20 06:12:46.455,0.77355,0.77375,190.30,172.10
2008.10.20 06:12:46.625,0.77355,0.77375,76.60,113.60
2008.10.20 06:12:48.954,0.7736,0.77375,77.00,73.20
2008.10.20 06:12:49.124,0.7736,0.7738,107.90,45.96
2008.10.20 06:12:49.304,0.77365,0.7738,107.90,50.56
2008.10.20 06:12:49.774,0.77365,0.7738,48.00,65.65
2008.10.20 06:12:49.944,0.7736,0.7738,69.70,45.76
2008.10.20 06:12:50.114,0.77355,0.77375,65.50,54.40
2008.10.20 06:12:50.294,0.77355,0.77375,99.20,63.85
2008.10.20 06:12:50.754,0.77355,0.77375,86.50,73.80
2008.10.20 06:12:52.153,0.77355,0.77365,130.40,38.60
2008.10.20 06:12:52.893,0.77355,0.7737,42.00,100.20
2008.10.20 06:12:53.063,0.77355,0.7737,34.20,68.10
2008.10.20 06:12:55.683,0.77355,0.77375,103.00,72.90
2008.10.20 06:12:59.922,0.77355,0.77375,112.00,114.50
2008.10.20 06:13:00.491,0.77355,0.7738,53.60,64.90
2008.10.20 06:13:00.841,0.7736,0.7738,60.10,71.10
2008.10.20 06:13:01.141,0.7736,0.77385,60.90,104.70
2008.10.20 06:13:03.201,0.7736,0.7738,100.60,84.00
2008.10.20 06:13:03.721,0.7736,0.77375,104.60,84.80
2008.10.20 06:13:04.250,0.7736,0.7738,134.20,149.70
2008.10.20 06:13:04.480,0.7736,0.77385,191.00,184.00
2008.10.20 06:13:04.700,0.77355,0.77385,253.20,193.60
2008.10.20 06:13:05.051,0.77365,0.7739,188.00,200.50
2008.10.20 06:13:05.230,0.7736,0.7739,46.30,195.20
2008.10.20 06:13:05.460,0.7736,0.77385,49.90,166.40
2008.10.20 06:13:05.730,0.7736,0.77385,63.50,156.76
2008.10.20 06:13:05.910,0.7736,0.77385,63.50,156.80
2008.10.20 06:13:06.720,0.77355,0.77385,78.40,180.80
2008.10.20 06:13:07.670,0.77355,0.7738,94.50,81.60
2008.10.20 06:13:07.850,0.77355,0.7738,129.70,129.70
2008.10.20 06:13:09.149,0.77355,0.7738,155.20,185.70
2008.10.20 06:13:09.419,0.7736,0.7738,104.80,185.70
2008.10.20 06:13:10.399,0.7736,0.77375,75.50,72.40
2008.10.20 06:13:10.799,0.7736,0.77375,60.80,118.40
2008.10.20 06:13:11.609,0.7736,0.77375,133.60,162.20
2008.10.20 06:13:13.458,0.77365,0.7738,38.60,75.80
2008.10.20 06:13:13.688,0.7737,0.7739,90.20,42.26
2008.10.20 06:13:13.919,0.7737,0.7739,100.50,26.45
2008.10.20 06:13:14.038,0.7737,0.7739,89.10,76.96
2008.10.20 06:13:14.438,0.77375,0.77395,85.80,49.76
2008.10.20 06:13:14.898,0.77375,0.774,72.90,59.20
2008.10.20 06:13:15.308,0.77375,0.77395,87.30,74.46
2008.10.20 06:13:15.648,0.7737,0.77395,135.70,122.20
2008.10.20 06:13:17.747,0.7737,0.77395,121.70,160.30
2008.10.20 06:13:18.497,0.7737,0.77395,112.10,148.90
2008.10.20 06:13:18.677,0.77375,0.77395,92.50,155.30
2008.10.20 06:13:19.367,0.77375,0.7739,62.90,40.06
2008.10.20 06:13:19.777,0.77375,0.77395,49.70,62.70
2008.10.20 06:13:21.316,0.77375,0.77395,110.70,44.90
2008.10.20 06:13:21.557,0.77375,0.774,121.50,71.40
2008.10.20 06:13:21.786,0.77385,0.774,131.30,83.50
2008.10.20 06:13:22.186,0.7738,0.774,94.50,86.80
2008.10.20 06:13:22.586,0.77385,0.77405,136.00,83.06
2008.10.20 06:13:22.756,0.77385,0.7741,74.10,211.40
2008.10.20 06:13:22.936,0.77385,0.7741,81.60,231.20
2008.10.20 06:13:23.056,0.77385,0.77405,101.00,145.20
2008.10.20 06:13:23.406,0.77385,0.77405,111.40,145.40
2008.10.20 06:13:23.696,0.7739,0.77395,47.40,105.20
2008.10.20 06:13:23.936,0.77385,0.77395,44.70,49.10
2008.10.20 06:13:24.286,0.77375,0.7739,68.00,72.86
2008.10.20 06:13:25.646,0.77385,0.77395,30.60,104.30
2008.10.20 06:13:26.145,0.7739,0.77395,45.80,120.30
2008.10.20 06:13:27.595,0.77375,0.77395,43.20,93.00
2008.10.20 06:13:29.434,0.77385,0.77395,24.70,100.20
2008.10.20 06:13:30.534,0.77385,0.774,29.50,114.90
2008.10.20 06:13:30.884,0.77385,0.77395,23.96,68.80
2008.10.20 06:13:31.294,0.77375,0.77395,62.40,88.20
2008.10.20 06:13:31.624,0.77385,0.77395,64.50,135.50
2008.10.20 06:13:31.904,0.7738,0.774,31.30,20.06
2008.10.20 06:13:32.314,0.77395,0.774,29.30,20.06
2008.10.20 06:13:32.704,0.7739,0.774,38.70,19.30
2008.10.20 06:13:33.263,0.77375,0.774,105.20,148.96
2008.10.20 06:13:33.503,0.77375,0.774,106.00,75.15
2008.10.20 06:13:33.843,0.7738,0.774,83.80,152.15
2008.10.20 06:13:34.413,0.77375,0.774,83.60,163.30
2008.10.20 06:13:34.933,0.77375,0.774,88.40,76.10
2008.10.20 06:13:35.103,0.77375,0.77395,74.00,59.26
2008.10.20 06:13:35.273,0.77375,0.77395,60.50,48.76
2008.10.20 06:13:35.513,0.77375,0.77395,81.10,68.00
2008.10.20 06:13:35.563,0.77375,0.77395,82.10,68.00
2008.10.20 06:13:36.203,0.77375,0.77385,60.40,85.00
2008.10.20 06:13:37.353,0.77375,0.7739,86.00,97.00
2008.10.20 06:13:37.822,0.77375,0.77385,85.10,89.06
2008.10.20 06:13:37.993,0.77375,0.7739,34.20,124.00
2008.10.20 06:13:38.162,0.77375,0.774,45.80,55.80
2008.10.20 06:13:38.512,0.77375,0.774,46.60,59.30
2008.10.20 06:13:38.912,0.77385,0.77405,63.20,76.96
2008.10.20 06:13:39.192,0.77385,0.7741,79.20,63.15
2008.10.20 06:13:39.782,0.77385,0.7741,84.80,91.20
2008.10.20 06:13:40.292,0.77385,0.7741,85.40,91.20
2008.10.20 06:13:40.532,0.77385,0.77405,83.80,71.96
2008.10.20 06:13:41.232,0.77385,0.774,85.60,41.56
2008.10.20 06:13:41.622,0.7739,0.77405,102.10,67.15
2008.10.20 06:13:43.571,0.7739,0.774,68.40,41.46
2008.10.20 06:13:43.691,0.77385,0.774,55.80,33.46
2008.10.20 06:13:44.151,0.77385,0.774,93.60,69.46
2008.10.20 06:13:44.331,0.77385,0.774,92.10,85.56
2008.10.20 06:13:45.931,0.77385,0.77395,99.90,79.36
2008.10.20 06:13:46.281,0.77385,0.774,28.90,72.90
2008.10.20 06:13:46.460,0.77385,0.77395,42.60,59.06
2008.10.20 06:13:46.700,0.7738,0.77395,42.40,156.46
2008.10.20 06:13:46.940,0.7738,0.77395,61.00,128.80
2008.10.20 06:13:47.240,0.7738,0.77395,67.40,87.20
2008.10.20 06:13:47.420,0.7738,0.7739,83.00,67.30
2008.10.20 06:13:48.320,0.7738,0.77395,56.90,109.50
2008.10.20 06:13:48.710,0.77385,0.77395,55.36,60.00
2008.10.20 06:13:48.880,0.7739,0.77405,72.40,208.90
2008.10.20 06:13:50.509,0.7739,0.77405,75.70,88.06
2008.10.20 06:13:50.789,0.77395,0.7741,83.10,120.90
2008.10.20 06:13:51.249,0.7739,0.77405,94.10,148.85
2008.10.20 06:13:56.218,0.77385,0.774,86.10,120.06
2008.10.20 06:13:56.508,0.7739,0.77405,67.20,50.26
2008.10.20 06:13:58.797,0.77395,0.7741,80.00,89.60
2008.10.20 06:13:59.087,0.77395,0.7741,46.00,90.46
2008.10.20 06:14:02.786,0.774,0.77415,153.70,99.40
2008.10.20 06:14:02.846,0.774,0.77415,107.30,68.10
2008.10.20 06:14:07.155,0.77395,0.7741,89.70,60.85
2008.10.20 06:14:14.734,0.77395,0.77405,65.60,93.75
2008.10.20 06:14:15.143,0.77395,0.774,77.70,65.86
2008.10.20 06:14:15.363,0.7738,0.7739,111.92,73.15
2008.10.20 06:14:15.533,0.77395,0.774,59.80,148.46
2008.10.20 06:14:15.883,0.77355,0.7738,95.10,43.35
2008.10.20 06:14:16.233,0.7736,0.7738,122.70,88.75
2008.10.20 06:14:16.583,0.7736,0.77375,79.90,26.06
2008.10.20 06:14:16.813,0.77355,0.77375,36.50,20.45
2008.10.20 06:14:17.093,0.7736,0.77375,37.10,20.45
2008.10.20 06:14:17.433,0.7736,0.77375,74.00,71.36
2008.10.20 06:14:17.663,0.7736,0.77375,32.50,107.25
2008.10.20 06:14:18.043,0.77375,0.7738,45.70,192.10
2008.10.20 06:14:18.343,0.77375,0.7739,42.90,63.15
2008.10.20 06:14:18.743,0.77375,0.77385,34.90,63.06
2008.10.20 06:14:19.363,0.77375,0.77385,40.30,68.96
2008.10.20 06:14:19.652,0.77375,0.77385,42.70,49.46
2008.10.20 06:14:19.882,0.77375,0.7739,57.80,35.15
2008.10.20 06:14:20.332,0.77375,0.77385,71.30,105.65
2008.10.20 06:14:20.612,0.7737,0.77385,112.30,32.65
2008.10.20 06:14:20.832,0.77375,0.77385,74.70,36.06
2008.10.20 06:14:21.182,0.7737,0.77385,96.70,40.15
2008.10.20 06:14:22.791,0.77375,0.7739,53.20,66.36
2008.10.20 06:14:23.092,0.77375,0.7739,44.30,66.36
2008.10.20 06:14:23.862,0.77375,0.7739,60.80,139.96
2008.10.20 06:14:24.211,0.77375,0.7739,101.60,153.40
2008.10.20 06:14:24.491,0.77375,0.7739,130.40,178.85
2008.10.20 06:14:25.051,0.77375,0.77385,118.60,149.55
2008.10.20 06:14:25.621,0.7737,0.77385,87.80,33.65
2008.10.20 06:14:25.861,0.77365,0.7738,106.20,31.25
2008.10.20 06:14:26.031,0.7737,0.77385,82.40,59.40
2008.10.20 06:14:26.431,0.77365,0.7738,87.20,61.46
2008.10.20 06:14:26.701,0.7737,0.77385,88.60,35.26
2008.10.20 06:14:27.281,0.7737,0.77385,88.80,156.65
2008.10.20 06:14:27.520,0.77375,0.7739,94.50,213.50
2008.10.20 06:14:27.690,0.77375,0.7739,64.80,41.46
2008.10.20 06:14:31.169,0.77375,0.77385,54.30,68.75
2008.10.20 06:14:31.409,0.77375,0.77385,54.10,76.75
2008.10.20 06:14:31.769,0.7737,0.77385,91.70,58.46
2008.10.20 06:14:32.639,0.77375,0.7739,58.40,82.46
2008.10.20 06:14:33.039,0.77375,0.7739,64.70,82.46
2008.10.20 06:14:37.438,0.7738,0.77395,46.00,33.60
2008.10.20 06:14:37.788,0.7738,0.77395,106.00,44.80
2008.10.20 06:14:41.437,0.77375,0.7739,196.50,56.80
2008.10.20 06:14:41.717,0.77375,0.7739,203.10,53.60
2008.10.20 06:14:42.007,0.7738,0.7739,148.20,53.60
2008.10.20 06:14:42.297,0.7738,0.7739,148.90,53.60
2008.10.20 06:14:49.025,0.7738,0.77385,173.50,32.85
2008.10.20 06:14:49.435,0.7737,0.77385,54.10,74.46
2008.10.20 06:14:51.135,0.7737,0.77385,52.70,167.26
2008.10.20 06:14:52.855,0.77375,0.77385,70.50,54.46
2008.10.20 06:14:54.124,0.77375,0.7739,44.30,24.85
2008.10.20 06:14:59.653,0.77375,0.7739,100.40,50.96
2008.10.20 06:14:59.953,0.77375,0.7739,127.60,58.96
2008.10.20 06:15:01.062,0.7737,0.7739,103.70,62.26
2008.10.20 06:15:01.702,0.7737,0.7739,113.80,34.26
2008.10.20 06:15:02.272,0.77375,0.7739,83.00,34.26
2008.10.20 06:15:03.572,0.7738,0.77395,111.33,68.90
2008.10.20 06:15:03.862,0.77375,0.77395,217.80,152.10
2008.10.20 06:15:04.322,0.7738,0.7739,93.20,32.06
2008.10.20 06:15:04.621,0.7738,0.77385,93.10,32.85
2008.10.20 06:15:04.832,0.77375,0.77385,74.70,82.56
2008.10.20 06:15:05.122,0.7737,0.77385,69.70,292.00
2008.10.20 06:15:05.631,0.77375,0.77385,67.80,108.70
2008.10.20 06:15:05.981,0.77375,0.77385,71.30,125.50
2008.10.20 06:15:07.111,0.77365,0.77385,78.10,240.50
2008.10.20 06:15:07.401,0.77365,0.77375,63.12,40.20
2008.10.20 06:15:07.631,0.77355,0.77375,87.50,52.85
2008.10.20 06:15:08.421,0.77355,0.77375,87.20,78.70
2008.10.20 06:15:08.701,0.77355,0.77375,99.70,55.50
2008.10.20 06:15:09.040,0.77355,0.77375,106.80,88.30
2008.10.20 06:15:09.340,0.77355,0.7737,106.60,81.90
2008.10.20 06:15:09.610,0.77355,0.7737,111.90,92.36
2008.10.20 06:15:10.520,0.77355,0.77375,144.70,53.15
2008.10.20 06:15:11.790,0.77355,0.7737,162.30,55.56
2008.10.20 06:15:13.229,0.77355,0.77375,186.30,58.76
2008.10.20 06:15:14.569,0.77355,0.77375,210.00,54.85
2008.10.20 06:15:15.139,0.77355,0.77375,172.80,46.76
2008.10.20 06:15:15.849,0.77355,0.77375,199.10,77.25
2008.10.20 06:15:19.948,0.7736,0.7738,227.40,95.60
2008.10.20 06:15:21.647,0.77365,0.7738,49.10,45.26
2008.10.20 06:15:22.237,0.7736,0.7738,57.10,85.20
2008.10.20 06:15:24.367,0.7736,0.77375,92.20,111.56
2008.10.20 06:15:24.906,0.7736,0.77375,98.10,207.55
2008.10.20 06:15:25.136,0.77355,0.77375,117.50,244.35
2008.10.20 06:15:26.686,0.7736,0.7738,130.70,292.20
2008.10.20 06:15:27.296,0.7736,0.77375,156.30,278.76
2008.10.20 06:15:28.366,0.7736,0.7738,194.60,444.10
2008.10.20 06:15:28.586,0.7736,0.7738,194.60,351.55
2008.10.20 06:15:30.655,0.77355,0.77375,103.50,104.06
2008.10.20 06:15:30.835,0.7736,0.7738,54.10,109.00
2008.10.20 06:15:35.604,0.77365,0.7738,40.92,87.80
2008.10.20 06:15:35.834,0.7736,0.7738,39.20,75.20
2008.10.20 06:15:36.064,0.7736,0.7738,114.60,136.20
2008.10.20 06:15:40.383,0.7736,0.7738,109.30,192.35
2008.10.20 06:15:40.613,0.77365,0.7738,43.30,187.00
2008.10.20 06:15:40.773,0.77365,0.7738,59.50,43.00
2008.10.20 06:15:40.953,0.77365,0.7738,98.60,127.00
2008.10.20 06:15:41.453,0.7737,0.77385,44.80,32.65
2008.10.20 06:15:41.803,0.7737,0.7739,57.80,109.20
2008.10.20 06:15:44.602,0.7737,0.7739,117.00,59.56
2008.10.20 06:15:44.902,0.77375,0.7739,54.30,80.46
2008.10.20 06:15:46.421,0.77375,0.77395,166.50,166.50
2008.10.20 06:15:46.711,0.77375,0.77395,98.00,176.50
2008.10.20 06:15:48.391,0.7738,0.77395,107.30,103.80
2008.10.20 06:15:48.631,0.7738,0.77395,117.10,95.75
2008.10.20 06:15:50.060,0.77375,0.77395,130.80,148.55
2008.10.20 06:15:50.670,0.77375,0.77395,146.60,155.55
2008.10.20 06:15:50.890,0.77375,0.7739,95.40,142.55
2008.10.20 06:15:51.650,0.77375,0.77395,114.10,203.55
2008.10.20 06:15:51.940,0.77375,0.77395,110.00,212.50
2008.10.20 06:15:52.120,0.77375,0.7739,72.00,206.80
2008.10.20 06:15:52.290,0.77375,0.7739,101.50,211.80
2008.10.20 06:15:52.530,0.7737,0.77385,99.10,40.60
2008.10.20 06:15:53.850,0.7737,0.77385,133.80,157.20
2008.10.20 06:15:54.209,0.7737,0.7739,71.40,73.20
2008.10.20 06:15:54.379,0.77375,0.7739,72.00,73.50
2008.10.20 06:15:55.249,0.77375,0.7739,43.10,44.26
2008.10.20 06:15:55.749,0.7737,0.77375,41.30,30.20
2008.10.20 06:15:55.979,0.77355,0.77375,77.20,91.20
2008.10.20 06:15:56.319,0.7736,0.7738,64.30,136.55
2008.10.20 06:15:56.619,0.7736,0.7738,77.00,107.15
2008.10.20 06:15:57.010,0.7736,0.77375,59.40,72.36
2008.10.20 06:15:57.359,0.7736,0.77375,72.40,53.96
2008.10.20 06:15:57.589,0.7736,0.77375,101.50,77.90
2008.10.20 06:15:57.819,0.77365,0.7737,99.30,74.75
2008.10.20 06:15:58.179,0.7737,0.77385,68.30,43.15
2008.10.20 06:15:58.639,0.77375,0.77395,113.20,45.26
2008.10.20 06:15:58.969,0.7738,0.774,136.10,58.76
2008.10.20 06:15:59.318,0.7738,0.774,151.50,67.56
2008.10.20 06:15:59.758,0.77385,0.774,63.40,76.36
2008.10.20 06:16:00.048,0.7738,0.774,177.90,67.56
2008.10.20 06:16:00.398,0.7738,0.7739,187.90,40.30
2008.10.20 06:16:00.678,0.77385,0.7739,160.60,84.06
2008.10.20 06:16:00.968,0.77385,0.77405,54.80,103.10
2008.10.20 06:16:01.258,0.7738,0.77395,85.50,62.10
2008.10.20 06:16:01.788,0.77375,0.7739,83.30,107.70
2008.10.20 06:16:02.247,0.7737,0.7738,77.30,72.30
2008.10.20 06:16:02.548,0.77345,0.7737,86.70,104.30
2008.10.20 06:16:03.007,0.77345,0.7737,113.70,91.56
2008.10.20 06:16:04.087,0.7735,0.77365,69.30,45.46
2008.10.20 06:16:04.487,0.7735,0.77365,95.50,69.15
2008.10.20 06:16:11.476,0.7735,0.77365,75.80,67.86
2008.10.20 06:16:11.655,0.77345,0.77365,106.30,55.06
2008.10.20 06:16:12.175,0.77345,0.7736,74.80,51.85
2008.10.20 06:16:12.395,0.77345,0.7736,43.90,54.10
2008.10.20 06:16:12.625,0.7734,0.7736,77.50,188.10
2008.10.20 06:16:13.435,0.7735,0.77355,26.20,46.26
2008.10.20 06:16:13.775,0.77345,0.7736,113.30,71.00
2008.10.20 06:16:14.694,0.77345,0.77365,68.20,77.25
2008.10.20 06:16:15.214,0.7735,0.77365,72.50,153.15
2008.10.20 06:16:15.434,0.7735,0.77365,73.00,191.55
2008.10.20 06:16:15.784,0.7735,0.77365,81.70,219.55
2008.10.20 06:16:17.504,0.7735,0.77365,136.70,112.30
2008.10.20 06:16:17.944,0.7735,0.77365,168.50,160.50
2008.10.20 06:16:18.124,0.77345,0.77365,179.10,61.26
2008.10.20 06:16:18.404,0.77345,0.7736,179.10,61.26
2008.10.20 06:16:18.753,0.7735,0.7736,251.10,78.20
2008.10.20 06:16:19.103,0.77345,0.7736,81.50,163.10
2008.10.20 06:16:20.023,0.77345,0.77365,131.90,116.46
2008.10.20 06:16:20.383,0.7735,0.77365,142.20,207.05
2008.10.20 06:16:23.063,0.7735,0.7737,61.40,40.60
2008.10.20 06:16:23.173,0.7735,0.7737,61.60,40.60
2008.10.20 06:16:23.283,0.7735,0.7737,83.40,69.10
2008.10.20 06:16:23.853,0.77355,0.77375,85.90,147.80
2008.10.20 06:16:26.242,0.77355,0.77375,145.50,53.00
2008.10.20 06:16:26.532,0.77355,0.77375,72.20,64.30
2008.10.20 06:16:26.762,0.77355,0.77375,83.40,67.56
2008.10.20 06:16:27.052,0.77355,0.7737,76.50,50.26
2008.10.20 06:16:27.881,0.77355,0.7737,83.70,57.96
2008.10.20 06:16:28.111,0.77355,0.7737,83.00,57.96
2008.10.20 06:16:29.311,0.77355,0.77375,65.90,84.36
2008.10.20 06:16:29.541,0.77355,0.77375,109.00,122.86
2008.10.20 06:16:30.271,0.77355,0.77375,110.30,122.86
2008.10.20 06:16:30.901,0.7736,0.7738,85.50,111.56
2008.10.20 06:16:31.080,0.7736,0.7738,98.70,142.26
2008.10.20 06:16:31.300,0.7736,0.7738,96.60,56.35
2008.10.20 06:16:31.590,0.77365,0.7738,77.80,56.35
2008.10.20 06:16:31.821,0.77365,0.77385,56.20,41.80
2008.10.20 06:16:34.350,0.77365,0.77385,75.20,65.90
2008.10.20 06:16:34.530,0.7737,0.77385,49.60,81.90
2008.10.20 06:16:34.760,0.7737,0.77385,111.50,65.90
2008.10.20 06:16:34.870,0.77365,0.77385,122.80,65.90
2008.10.20 06:16:37.009,0.7737,0.77385,142.50,116.20
2008.10.20 06:16:37.129,0.7737,0.77385,143.40,82.06
2008.10.20 06:16:37.629,0.77375,0.7739,44.30,180.15
2008.10.20 06:16:37.909,0.77375,0.77395,45.90,81.90
2008.10.20 06:16:39.389,0.7737,0.77385,88.70,167.00
2008.10.20 06:16:39.789,0.7737,0.77385,91.10,39.06
2008.10.20 06:16:40.858,0.77365,0.77385,111.90,74.20
2008.10.20 06:16:41.658,0.7737,0.77385,87.70,100.20
2008.10.20 06:16:42.128,0.7737,0.7739,84.20,93.50
2008.10.20 06:16:42.478,0.77375,0.77395,56.70,75.20
2008.10.20 06:16:43.307,0.77375,0.77395,77.90,85.20
2008.10.20 06:16:45.267,0.77375,0.77395,135.50,115.20
2008.10.20 06:16:47.347,0.7738,0.77395,117.70,77.40
2008.10.20 06:16:47.567,0.77385,0.774,84.70,86.20
2008.10.20 06:16:47.916,0.7738,0.774,65.40,66.75
2008.10.20 06:16:48.267,0.7738,0.77395,96.70,111.56
2008.10.20 06:16:48.616,0.77375,0.77395,79.60,103.30
2008.10.20 06:16:48.796,0.77375,0.77395,81.10,94.06
2008.10.20 06:16:49.836,0.77375,0.77395,206.60,92.20
2008.10.20 06:16:50.186,0.7738,0.77395,194.10,92.20
2008.10.20 06:16:51.046,0.7738,0.77395,193.90,83.20
2008.10.20 06:16:51.386,0.77375,0.77395,236.70,89.20
2008.10.20 06:16:52.146,0.77375,0.77395,92.40,110.20
2008.10.20 06:16:52.316,0.77375,0.7739,98.00,126.20
2008.10.20 06:16:52.935,0.77375,0.77395,92.20,116.20
2008.10.20 06:16:53.405,0.77375,0.77395,101.10,156.20
2008.10.20 06:16:54.615,0.77375,0.77395,139.10,116.20
2008.10.20 06:16:54.905,0.77375,0.77395,173.80,106.20
2008.10.20 06:16:55.435,0.77375,0.77395,78.70,189.20
2008.10.20 06:16:55.675,0.77375,0.77395,109.70,185.20
2008.10.20 06:16:58.874,0.77375,0.77395,63.30,144.00
2008.10.20 06:16:59.034,0.7738,0.774,37.80,143.60
2008.10.20 06:16:59.884,0.7738,0.774,47.40,125.20
2008.10.20 06:17:00.174,0.7738,0.77395,81.80,136.15
2008.10.20 06:17:00.844,0.77375,0.77395,86.30,141.20
2008.10.20 06:17:01.183,0.77375,0.7739,79.20,147.05
2008.10.20 06:17:01.343,0.77375,0.77395,88.50,152.20
2008.10.20 06:17:01.623,0.77375,0.77395,56.70,60.40
2008.10.20 06:17:01.973,0.7737,0.7739,57.90,53.15
2008.10.20 06:17:02.303,0.7737,0.7739,80.40,98.75
2008.10.20 06:17:09.401,0.77365,0.77385,90.60,225.96
2008.10.20 06:17:14.590,0.77365,0.77385,65.50,64.36
2008.10.20 06:17:15.120,0.7737,0.77385,62.80,64.46
2008.10.20 06:17:16.860,0.7737,0.7739,126.80,134.70
2008.10.20 06:17:16.970,0.77365,0.77385,135.10,66.06
2008.10.20 06:17:17.210,0.77365,0.77385,134.30,157.10
2008.10.20 06:17:21.069,0.7737,0.77385,140.00,91.65
2008.10.20 06:17:23.388,0.7737,0.7739,107.60,72.30
2008.10.20 06:17:24.428,0.7737,0.77385,75.80,35.65
2008.10.20 06:17:24.848,0.77365,0.77385,129.60,90.00
2008.10.20 06:17:25.028,0.77365,0.77385,46.00,59.60
2008.10.20 06:17:25.597,0.7736,0.7738,140.80,70.86
2008.10.20 06:17:28.257,0.7736,0.7738,121.30,83.86
2008.10.20 06:17:28.437,0.7736,0.7738,123.40,83.86
2008.10.20 06:17:32.506,0.7736,0.7738,205.60,195.80
2008.10.20 06:17:32.726,0.77355,0.77375,210.90,195.80
2008.10.20 06:17:33.366,0.77355,0.77375,52.80,42.00
2008.10.20 06:17:39.944,0.77355,0.77375,42.20,122.06
2008.10.20 06:17:41.354,0.77355,0.77375,67.70,158.85
2008.10.20 06:17:41.703,0.77355,0.77375,66.20,158.85
2008.10.20 06:17:43.153,0.7735,0.7737,76.70,30.85
2008.10.20 06:17:43.503,0.7735,0.7737,65.50,209.15
2008.10.20 06:17:43.773,0.7735,0.7737,55.40,54.85
2008.10.20 06:17:45.672,0.7735,0.7737,56.90,104.40
2008.10.20 06:17:45.723,0.77355,0.77375,53.00,104.40
2008.10.20 06:17:45.893,0.77355,0.77375,88.20,75.60
2008.10.20 06:17:47.312,0.77355,0.77375,131.20,98.06
2008.10.20 06:17:48.112,0.77355,0.77375,73.80,86.06
2008.10.20 06:17:48.222,0.77355,0.77375,82.50,86.06
2008.10.20 06:17:48.972,0.77355,0.7738,87.30,67.20
2008.10.20 06:17:49.202,0.7736,0.7738,68.90,67.20
2008.10.20 06:17:54.420,0.7736,0.7738,216.20,92.30
2008.10.20 06:17:54.581,0.77355,0.7738,255.70,92.30
2008.10.20 06:17:54.820,0.77355,0.7738,54.20,61.10
2008.10.20 06:17:54.930,0.7735,0.7738,57.50,61.10
2008.10.20 06:17:55.500,0.7735,0.7738,81.20,91.50
2008.10.20 06:17:55.790,0.7735,0.7737,115.10,87.70
2008.10.20 06:17:56.090,0.7735,0.77375,100.70,53.40
2008.10.20 06:17:58.010,0.7735,0.77375,127.10,71.20
2008.10.20 06:17:58.190,0.7735,0.77375,157.70,71.60
2008.10.20 06:17:58.650,0.77355,0.77375,165.50,52.60
2008.10.20 06:17:58.889,0.77355,0.77375,45.60,36.60
2008.10.20 06:18:00.919,0.7736,0.7738,65.10,39.00
2008.10.20 06:18:01.209,0.7736,0.7738,48.20,46.10
2008.10.20 06:18:07.037,0.7736,0.7738,153.80,51.50
2008.10.20 06:18:07.147,0.7736,0.7738,153.60,51.50
2008.10.20 06:18:07.427,0.7736,0.7738,176.20,42.00
2008.10.20 06:18:07.547,0.77355,0.7738,61.90,40.20
2008.10.20 06:18:08.737,0.77355,0.77375,94.10,63.56
2008.10.20 06:18:09.017,0.77355,0.77375,111.70,71.60
2008.10.20 06:18:09.307,0.7735,0.77375,104.70,71.00
2008.10.20 06:18:10.447,0.7735,0.77375,133.50,71.60
2008.10.20 06:18:14.196,0.7735,0.77375,190.50,92.60
2008.10.20 06:18:15.225,0.7735,0.7738,202.30,104.00
2008.10.20 06:18:15.465,0.77355,0.7738,232.00,82.40
2008.10.20 06:18:16.445,0.77355,0.7738,61.40,90.40
2008.10.20 06:18:16.675,0.7735,0.77375,101.60,61.90
2008.10.20 06:18:17.015,0.77355,0.7738,80.80,48.00
2008.10.20 06:18:17.305,0.7735,0.77375,170.80,79.15
2008.10.20 06:18:17.475,0.7735,0.77375,208.80,71.56
2008.10.20 06:18:17.745,0.77355,0.77375,180.40,40.00
2008.10.20 06:18:17.925,0.77355,0.7738,278.50,78.70
2008.10.20 06:18:18.435,0.77355,0.7738,89.20,29.40
2008.10.20 06:18:18.775,0.7736,0.7738,89.60,32.80
2008.10.20 06:18:20.564,0.77355,0.7738,197.50,63.80
2008.10.20 06:18:21.124,0.77355,0.77385,212.30,36.00
2008.10.20 06:18:21.424,0.77355,0.7738,237.90,60.60
2008.10.20 06:18:21.714,0.7736,0.77385,71.20,51.60
2008.10.20 06:18:21.944,0.7736,0.77385,71.90,67.10
2008.10.20 06:18:22.214,0.7736,0.7738,71.90,39.70
2008.10.20 06:18:23.763,0.7736,0.77385,141.50,67.50
2008.10.20 06:18:27.452,0.7736,0.77385,214.60,51.60
2008.10.20 06:18:27.572,0.7736,0.7738,106.20,45.15
2008.10.20 06:18:27.743,0.77355,0.7738,110.70,38.85
2008.10.20 06:18:29.212,0.7736,0.77385,178.70,65.10
2008.10.20 06:18:30.532,0.7736,0.77385,162.10,42.70
2008.10.20 06:18:30.892,0.77365,0.7739,73.60,101.00
2008.10.20 06:18:32.291,0.77365,0.7739,129.30,88.60
2008.10.20 06:18:32.411,0.77365,0.7739,130.10,52.60
2008.10.20 06:18:32.471,0.77365,0.7739,161.30,72.00
2008.10.20 06:18:32.921,0.7737,0.7739,171.70,79.90
2008.10.20 06:18:33.041,0.7737,0.7739,176.70,79.90
2008.10.20 06:18:33.151,0.7737,0.7739,60.10,127.70
2008.10.20 06:18:33.271,0.7737,0.77395,58.50,75.80
2008.10.20 06:18:33.981,0.7737,0.7739,41.30,87.86
2008.10.20 06:18:34.271,0.77365,0.7739,48.50,106.30
2008.10.20 06:18:34.511,0.77365,0.77385,47.40,109.10
2008.10.20 06:18:34.751,0.7736,0.77385,130.30,138.76
2008.10.20 06:18:36.820,0.77365,0.77385,101.10,75.15
2008.10.20 06:18:37.000,0.77365,0.7739,101.60,109.50
2008.10.20 06:18:37.460,0.77365,0.7739,135.10,141.50
2008.10.20 06:18:37.620,0.77365,0.7739,185.30,141.50
2008.10.20 06:18:38.140,0.77365,0.7739,210.90,84.90
2008.10.20 06:18:38.250,0.77365,0.77395,90.90,120.00
2008.10.20 06:18:39.300,0.7737,0.77395,75.30,78.00
2008.10.20 06:18:39.590,0.7737,0.77395,91.90,118.00
2008.10.20 06:18:42.239,0.7737,0.77395,119.10,67.50
2008.10.20 06:18:43.349,0.7737,0.77395,58.90,128.00
2008.10.20 06:18:45.798,0.77375,0.77395,101.10,82.75
2008.10.20 06:18:46.698,0.77375,0.77395,70.70,40.85
2008.10.20 06:18:46.998,0.77375,0.774,97.30,186.80
2008.10.20 06:18:47.218,0.77375,0.774,77.50,84.80
2008.10.20 06:18:47.498,0.77375,0.774,76.00,93.20
2008.10.20 06:18:48.918,0.77375,0.774,89.30,151.60
2008.10.20 06:18:49.327,0.77375,0.774,141.50,158.90
2008.10.20 06:18:49.767,0.77375,0.77405,93.10,293.70
2008.10.20 06:18:50.107,0.7738,0.77405,89.10,293.60
2008.10.20 06:18:50.457,0.7738,0.774,61.90,234.35
2008.10.20 06:18:51.917,0.77375,0.774,86.10,256.40
2008.10.20 06:18:52.217,0.77375,0.774,108.20,281.20
2008.10.20 06:18:53.176,0.77375,0.774,69.80,325.80
2008.10.20 06:18:53.416,0.77375,0.774,71.70,325.80
2008.10.20 06:18:58.115,0.77375,0.77395,110.10,363.90
2008.10.20 06:18:58.335,0.7737,0.77395,122.30,465.70
2008.10.20 06:18:58.635,0.7737,0.774,154.30,323.60
2008.10.20 06:18:58.805,0.77375,0.774,74.90,347.50
2008.10.20 06:18:59.095,0.77375,0.774,74.90,355.50
2008.10.20 06:18:59.605,0.77375,0.77395,107.40,52.35
2008.10.20 06:19:01.334,0.77375,0.77395,107.70,60.35
2008.10.20 06:19:01.564,0.77375,0.774,109.40,401.90
2008.10.20 06:19:02.434,0.77375,0.774,108.60,413.10
2008.10.20 06:19:02.494,0.77375,0.774,107.80,413.10
2008.10.20 06:19:06.044,0.77375,0.77385,109.30,412.50
2008.10.20 06:19:06.103,0.7737,0.77385,64.10,58.40
2008.10.20 06:19:06.223,0.7737,0.77395,63.80,121.20
2008.10.20 06:19:06.343,0.7737,0.7739,66.10,136.70
2008.10.20 06:19:06.403,0.77365,0.7739,85.00,125.56
2008.10.20 06:19:06.524,0.77365,0.7739,69.00,87.15
2008.10.20 06:19:06.693,0.77365,0.7739,46.20,47.15
2008.10.20 06:19:07.243,0.7737,0.7739,69.10,49.15
2008.10.20 06:19:07.593,0.77365,0.7739,73.70,49.20
2008.10.20 06:19:07.953,0.7737,0.7739,73.70,49.15
2008.10.20 06:19:09.632,0.7737,0.77395,76.10,133.15
2008.10.20 06:19:13.671,0.77375,0.77395,213.70,113.56
2008.10.20 06:19:15.531,0.7737,0.77395,139.60,92.75
2008.10.20 06:19:16.571,0.77385,0.774,75.00,39.30
2008.10.20 06:19:16.801,0.77385,0.774,40.50,51.30
2008.10.20 06:19:17.141,0.7738,0.77395,78.10,103.46
2008.10.20 06:19:17.361,0.77375,0.77395,138.10,41.20
2008.10.20 06:19:18.620,0.77375,0.774,117.80,113.15
2008.10.20 06:19:22.369,0.7738,0.77405,62.80,37.20
2008.10.20 06:19:22.899,0.7738,0.77405,84.10,55.60
2008.10.20 06:19:23.719,0.7738,0.774,72.80,107.56
2008.10.20 06:19:24.119,0.77375,0.774,75.40,107.56
2008.10.20 06:19:25.948,0.77375,0.774,76.10,58.85
2008.10.20 06:19:26.128,0.7738,0.77405,85.00,63.70
2008.10.20 06:19:26.238,0.7738,0.77405,102.80,72.80
2008.10.20 06:19:26.418,0.7738,0.774,96.10,46.60
2008.10.20 06:19:26.538,0.7738,0.774,96.90,46.60
2008.10.20 06:19:26.868,0.7738,0.774,105.60,54.60
2008.10.20 06:19:28.698,0.77385,0.77405,70.00,85.70
2008.10.20 06:19:29.218,0.7739,0.77405,70.30,94.40
2008.10.20 06:19:29.488,0.7738,0.77405,84.60,75.20
2008.10.20 06:19:29.837,0.7738,0.77405,138.60,63.20
2008.10.20 06:19:30.117,0.77375,0.77405,140.70,63.20
2008.10.20 06:19:31.447,0.7738,0.77405,192.50,167.20
2008.10.20 06:19:31.727,0.7738,0.77405,232.00,71.20
2008.10.20 06:19:36.126,0.7738,0.77405,419.90,112.10
2008.10.20 06:19:36.306,0.7738,0.77405,468.70,147.20
2008.10.20 06:19:40.785,0.7738,0.7741,558.30,233.60
2008.10.20 06:19:41.185,0.7738,0.7741,108.70,108.80
2008.10.20 06:19:44.334,0.7738,0.77405,38.30,32.85
2008.10.20 06:19:48.733,0.7738,0.77405,70.50,127.20
2008.10.20 06:19:49.373,0.7738,0.774,120.10,52.20
2008.10.20 06:19:50.592,0.7738,0.774,124.50,51.30
2008.10.20 06:19:50.822,0.77375,0.774,105.90,61.60
2008.10.20 06:19:52.002,0.77375,0.774,75.30,84.90
2008.10.20 06:19:52.652,0.7738,0.774,90.00,80.80
2008.10.20 06:19:53.342,0.7738,0.774,45.80,73.70
2008.10.20 06:19:53.512,0.77375,0.774,46.50,73.70
2008.10.20 06:19:53.742,0.77375,0.774,46.00,74.40
2008.10.20 06:19:54.332,0.77385,0.774,40.40,82.90
2008.10.20 06:19:54.552,0.77385,0.77405,71.50,39.40
2008.10.20 06:19:54.791,0.7738,0.77405,48.90,104.20
2008.10.20 06:19:55.881,0.7738,0.774,98.50,69.96
2008.10.20 06:19:56.101,0.77375,0.774,93.50,69.96
2008.10.20 06:19:56.451,0.7737,0.77395,146.70,93.90
2008.10.20 06:19:57.131,0.77375,0.77395,50.30,83.60
2008.10.20 06:19:57.821,0.77375,0.774,90.50,109.20
2008.10.20 06:19:58.091,0.77375,0.774,132.60,184.00
2008.10.20 06:19:58.720,0.77375,0.77405,87.10,223.30
2008.10.20 06:19:58.991,0.7738,0.77405,54.90,178.00
2008.10.20 06:19:59.210,0.7738,0.77405,95.10,70.00
2008.10.20 06:19:59.491,0.7738,0.77405,38.30,91.90
2008.10.20 06:20:01.670,0.7738,0.77405,46.30,42.80
2008.10.20 06:20:01.790,0.7738,0.77405,62.80,90.00
2008.10.20 06:20:03.369,0.7738,0.77405,81.20,116.40
2008.10.20 06:20:03.479,0.7738,0.77405,81.60,116.40
2008.10.20 06:20:05.329,0.7738,0.77405,124.70,194.10
2008.10.20 06:20:05.549,0.7738,0.77405,80.30,36.60
2008.10.20 06:20:05.829,0.77385,0.77405,78.50,45.40
2008.10.20 06:20:06.049,0.77385,0.77405,80.50,58.30
2008.10.20 06:20:06.229,0.77385,0.77405,78.60,68.50
2008.10.20 06:20:06.459,0.77385,0.77405,125.80,111.70
2008.10.20 06:20:06.689,0.77385,0.77405,138.50,56.50
2008.10.20 06:20:07.409,0.77385,0.77405,99.50,27.00
2008.10.20 06:20:07.688,0.77385,0.77405,112.80,70.20
2008.10.20 06:20:09.978,0.77385,0.77405,112.40,62.40
2008.10.20 06:20:10.258,0.77385,0.77405,125.10,62.20
2008.10.20 06:20:12.327,0.77385,0.77405,107.10,28.60
2008.10.20 06:20:13.067,0.77385,0.77405,108.00,38.20
2008.10.20 06:20:13.597,0.77385,0.77405,109.50,38.20
2008.10.20 06:20:15.667,0.7739,0.77405,64.20,46.20
2008.10.20 06:20:16.486,0.77385,0.77405,98.30,28.60
2008.10.20 06:20:16.876,0.77385,0.77405,137.90,45.40
2008.10.20 06:20:17.326,0.7739,0.77405,105.50,91.80
2008.10.20 06:20:17.716,0.7739,0.77405,69.20,91.00
2008.10.20 06:20:17.886,0.7739,0.77405,67.00,65.40
2008.10.20 06:20:20.266,0.77395,0.77405,41.60,115.80
2008.10.20 06:20:20.615,0.77395,0.7741,118.80,179.80
2008.10.20 06:20:20.915,0.77395,0.7741,97.80,28.60
2008.10.20 06:20:21.085,0.77395,0.7741,47.10,51.00
2008.10.20 06:20:21.245,0.7739,0.7741,58.10,51.00
2008.10.20 06:20:21.885,0.77395,0.7741,71.40,28.60
2008.10.20 06:20:22.245,0.77395,0.7742,47.70,64.40
2008.10.20 06:20:22.655,0.77405,0.7742,127.80,30.06
2008.10.20 06:20:22.995,0.7741,0.77425,87.10,70.00
2008.10.20 06:20:23.345,0.77415,0.77425,93.50,71.06
2008.10.20 06:20:23.644,0.7741,0.77425,70.70,80.06
2008.10.20 06:20:24.584,0.7741,0.7743,105.90,105.25
2008.10.20 06:20:26.324,0.7741,0.77425,92.30,79.86
2008.10.20 06:20:26.554,0.77405,0.77425,84.10,71.56
2008.10.20 06:20:26.954,0.77405,0.7742,44.60,72.30
2008.10.20 06:20:27.174,0.77395,0.7742,78.90,53.96
2008.10.20 06:20:29.023,0.77395,0.7742,42.50,117.15
2008.10.20 06:20:29.443,0.774,0.77425,82.80,157.20
2008.10.20 06:20:30.073,0.774,0.77425,85.90,167.40
2008.10.20 06:20:31.133,0.774,0.77425,74.30,46.85
2008.10.20 06:20:31.353,0.774,0.77425,111.90,211.00
2008.10.20 06:20:31.523,0.774,0.77425,117.10,52.46
2008.10.20 06:20:31.693,0.77405,0.77425,90.90,78.86
2008.10.20 06:20:32.512,0.77405,0.77425,98.90,89.20
2008.10.20 06:20:32.922,0.77405,0.77425,50.30,108.60
2008.10.20 06:20:33.312,0.77405,0.7743,105.70,152.40
2008.10.20 06:20:33.542,0.7741,0.7743,111.40,51.80
2008.10.20 06:20:33.842,0.7741,0.77435,99.20,78.80
2008.10.20 06:20:34.022,0.7741,0.77435,61.90,71.60
2008.10.20 06:20:34.372,0.7741,0.7743,45.60,31.66
2008.10.20 06:20:34.782,0.7741,0.77435,79.50,45.20
2008.10.20 06:20:35.242,0.77405,0.77435,107.50,83.60
2008.10.20 06:20:35.922,0.77405,0.7743,53.10,33.26
2008.10.20 06:20:36.221,0.77405,0.7743,75.10,42.85
2008.10.20 06:20:37.131,0.77405,0.7743,107.50,38.06
2008.10.20 06:20:37.671,0.77405,0.7743,127.10,31.56
2008.10.20 06:20:37.851,0.77405,0.7743,140.50,39.56
2008.10.20 06:20:38.741,0.77405,0.7743,159.30,142.80
2008.10.20 06:20:39.611,0.77405,0.77425,203.10,54.85
2008.10.20 06:20:40.070,0.77405,0.77425,211.30,62.85
2008.10.20 06:20:40.310,0.77405,0.7743,152.90,344.40
2008.10.20 06:20:40.420,0.77405,0.7743,175.90,97.20
2008.10.20 06:20:40.590,0.77405,0.7743,178.50,97.20
2008.10.20 06:20:41.060,0.77405,0.77425,80.50,55.65
2008.10.20 06:20:41.470,0.774,0.77425,65.30,33.96
2008.10.20 06:20:42.500,0.774,0.77425,114.30,29.16
2008.10.20 06:20:42.790,0.774,0.77425,114.80,49.20
2008.10.20 06:20:43.440,0.774,0.77425,92.20,56.30
2008.10.20 06:20:43.620,0.77405,0.77425,39.73,53.30
2008.10.20 06:20:43.860,0.77405,0.77425,80.60,61.10
2008.10.20 06:20:44.140,0.774,0.77425,68.20,61.10
2008.10.20 06:20:44.380,0.774,0.7742,92.20,54.26
2008.10.20 06:20:44.760,0.774,0.77425,77.30,52.30
2008.10.20 06:20:50.858,0.774,0.77425,320.60,28.40
2008.10.20 06:20:51.088,0.774,0.77425,320.80,38.00
2008.10.20 06:20:51.438,0.774,0.77425,59.40,67.60
2008.10.20 06:20:51.618,0.774,0.77425,52.90,78.00
2008.10.20 06:20:51.967,0.774,0.77425,51.40,78.00
2008.10.20 06:20:52.148,0.774,0.77425,52.20,78.00
2008.10.20 06:20:52.448,0.774,0.77425,50.30,26.80
2008.10.20 06:20:53.647,0.774,0.77425,102.30,72.20
2008.10.20 06:20:54.127,0.774,0.7742,165.20,44.65
2008.10.20 06:20:54.867,0.77395,0.77415,124.30,85.10
2008.10.20 06:20:55.037,0.77395,0.7742,165.20,44.40
2008.10.20 06:20:55.257,0.77395,0.7742,101.40,54.00
2008.10.20 06:20:56.187,0.77395,0.77415,101.90,71.56
2008.10.20 06:20:56.936,0.77395,0.7742,100.30,123.40
2008.10.20 06:20:57.236,0.77395,0.77415,75.80,26.75
2008.10.20 06:20:57.476,0.77395,0.77415,81.20,27.06
2008.10.20 06:20:57.836,0.77395,0.7742,89.70,177.80
2008.10.20 06:20:58.006,0.77395,0.7742,75.30,188.26
2008.10.20 06:20:59.036,0.77395,0.7742,92.00,193.90
2008.10.20 06:20:59.326,0.7739,0.77415,67.30,76.30
2008.10.20 06:21:00.766,0.7739,0.77415,74.50,59.60
2008.10.20 06:21:00.876,0.7739,0.77415,98.00,70.00
2008.10.20 06:21:01.905,0.77395,0.7742,100.60,38.80
2008.10.20 06:21:02.525,0.77395,0.7741,72.50,74.70
2008.10.20 06:21:02.805,0.77385,0.7741,169.70,38.00
2008.10.20 06:21:04.884,0.77385,0.77415,193.70,78.00
2008.10.20 06:21:05.054,0.77385,0.77415,190.30,70.80
2008.10.20 06:21:05.794,0.77385,0.7741,199.90,42.06
2008.10.20 06:21:05.964,0.77385,0.7741,199.90,42.00
2008.10.20 06:21:06.134,0.77385,0.7741,201.50,46.80
2008.10.20 06:21:08.743,0.7739,0.7741,56.10,143.90
2008.10.20 06:21:09.374,0.77385,0.7741,99.90,94.00
2008.10.20 06:21:10.973,0.77385,0.7741,121.50,133.00
2008.10.20 06:21:12.703,0.77385,0.77405,58.70,37.15
2008.10.20 06:21:13.103,0.77385,0.77405,61.70,36.46
2008.10.20 06:21:13.153,0.7738,0.77405,81.10,36.46
2008.10.20 06:21:13.502,0.7738,0.77405,81.60,37.20
2008.10.20 06:21:13.553,0.7738,0.77405,81.40,37.20
2008.10.20 06:21:13.663,0.77375,0.774,81.30,37.20
2008.10.20 06:21:24.350,0.77375,0.774,115.50,217.20
2008.10.20 06:21:24.530,0.77385,0.7741,131.40,198.05
2008.10.20 06:21:24.710,0.7739,0.77405,57.20,29.60
2008.10.20 06:21:25.000,0.7739,0.774,80.10,46.26
2008.10.20 06:21:25.290,0.77375,0.774,75.10,42.06
2008.10.20 06:21:26.869,0.77375,0.774,75.40,66.06
2008.10.20 06:21:27.029,0.7739,0.7741,54.00,119.56
2008.10.20 06:21:27.199,0.7739,0.7741,58.20,57.15
2008.10.20 06:21:27.649,0.77385,0.77405,74.00,59.65
2008.10.20 06:21:27.889,0.7738,0.77405,89.80,62.80
2008.10.20 06:21:28.179,0.77385,0.77405,103.40,53.20
2008.10.20 06:21:28.759,0.7738,0.77405,93.00,59.60
2008.10.20 06:21:28.939,0.7738,0.774,38.70,66.70
2008.10.20 06:21:29.109,0.7738,0.774,49.60,58.80
2008.10.20 06:21:29.509,0.77375,0.774,66.40,59.10
2008.10.20 06:21:29.958,0.7738,0.77395,39.10,51.06
2008.10.20 06:21:30.308,0.77375,0.774,46.90,88.30
2008.10.20 06:21:30.888,0.77375,0.774,47.10,88.30
2008.10.20 06:21:31.238,0.77375,0.774,48.80,88.30
2008.10.20 06:21:33.798,0.7738,0.774,149.30,115.70
2008.10.20 06:21:34.028,0.77385,0.774,52.80,64.50
2008.10.20 06:21:34.607,0.77385,0.77405,75.20,114.70
2008.10.20 06:21:35.167,0.7738,0.774,107.30,98.70
2008.10.20 06:21:36.437,0.7738,0.77395,60.80,59.50
2008.10.20 06:21:36.617,0.7738,0.77395,58.90,59.50
2008.10.20 06:21:36.847,0.77375,0.7739,81.70,68.80
2008.10.20 06:21:37.077,0.7737,0.7739,44.90,35.30
2008.10.20 06:21:37.307,0.7737,0.7739,52.00,43.30
2008.10.20 06:21:37.477,0.77365,0.7739,53.80,43.30
2008.10.20 06:21:37.707,0.77365,0.7739,54.00,43.30
2008.10.20 06:21:37.936,0.77365,0.7739,46.00,54.30
2008.10.20 06:21:38.526,0.7737,0.7739,41.10,93.90
2008.10.20 06:21:38.797,0.7737,0.7739,42.70,111.90
2008.10.20 06:21:39.206,0.7737,0.7739,90.60,186.70
2008.10.20 06:21:39.436,0.77365,0.7739,124.80,95.90
2008.10.20 06:21:39.946,0.77365,0.7739,52.80,158.30
2008.10.20 06:21:40.296,0.7737,0.7739,51.80,157.20
2008.10.20 06:21:40.576,0.77375,0.7739,114.40,155.50
2008.10.20 06:21:40.976,0.7737,0.7739,56.40,158.10
2008.10.20 06:21:41.146,0.7737,0.7739,60.20,139.90
2008.10.20 06:21:41.376,0.7737,0.7739,80.00,149.50
2008.10.20 06:21:41.596,0.7737,0.7739,76.80,149.50
2008.10.20 06:21:41.886,0.7737,0.7739,67.30,174.30
2008.10.20 06:21:42.165,0.77365,0.7739,49.00,204.70
2008.10.20 06:21:42.465,0.77365,0.7739,82.80,180.90
2008.10.20 06:21:43.045,0.7737,0.7739,90.90,211.10
2008.10.20 06:21:43.445,0.77375,0.7739,38.40,221.30
2008.10.20 06:21:44.085,0.77375,0.77395,86.50,47.00
2008.10.20 06:21:44.885,0.77375,0.7739,99.20,43.70
2008.10.20 06:21:45.165,0.7737,0.7739,101.60,43.70
2008.10.20 06:21:45.455,0.7737,0.7739,84.90,54.30
2008.10.20 06:21:45.695,0.7737,0.7739,60.20,69.90
2008.10.20 06:21:46.144,0.7737,0.7739,51.40,39.90
2008.10.20 06:21:46.545,0.7737,0.7739,54.50,47.90
2008.10.20 06:21:47.354,0.77365,0.7739,54.40,65.50
2008.10.20 06:21:47.585,0.7737,0.7739,59.30,66.20
2008.10.20 06:21:48.784,0.7737,0.77385,53.60,62.10
2008.10.20 06:21:49.634,0.77365,0.77385,37.00,40.30
2008.10.20 06:21:49.934,0.7736,0.77385,46.90,47.50
2008.10.20 06:21:50.453,0.7736,0.77385,38.90,47.10
2008.10.20 06:21:50.633,0.7736,0.77385,102.30,85.10
2008.10.20 06:21:50.854,0.7736,0.77385,110.00,74.30
2008.10.20 06:21:51.663,0.7736,0.77385,175.30,82.40
2008.10.20 06:21:51.893,0.7736,0.77385,163.93,40.30
2008.10.20 06:21:52.343,0.77365,0.77385,148.00,41.90
2008.10.20 06:21:52.913,0.77365,0.77385,176.80,43.00
2008.10.20 06:21:53.313,0.7736,0.77385,216.70,43.00
2008.10.20 06:21:53.603,0.7736,0.77385,223.90,51.00
2008.10.20 06:21:53.833,0.77365,0.7739,175.00,78.30
2008.10.20 06:21:54.113,0.77365,0.7739,221.50,111.50
2008.10.20 06:21:54.342,0.77365,0.77385,116.43,100.70
2008.10.20 06:21:55.023,0.77365,0.7739,205.20,40.70
2008.10.20 06:21:55.252,0.7737,0.77385,56.50,88.10
2008.10.20 06:21:55.432,0.77365,0.77385,186.60,32.90
2008.10.20 06:21:56.432,0.77365,0.77385,97.00,65.70
2008.10.20 06:21:56.732,0.77365,0.77385,101.60,106.20
2008.10.20 06:22:00.731,0.77365,0.77385,47.40,153.90
2008.10.20 06:22:00.851,0.77365,0.77385,57.20,171.70
2008.10.20 06:22:01.421,0.77365,0.7739,84.80,83.50
2008.10.20 06:22:01.741,0.7737,0.7739,85.80,71.10
2008.10.20 06:22:01.961,0.7737,0.7739,78.80,35.90
2008.10.20 06:22:02.351,0.77375,0.7739,104.00,59.90
2008.10.20 06:22:03.441,0.77375,0.7739,59.30,77.30
2008.10.20 06:22:03.680,0.7737,0.7739,80.20,82.90
2008.10.20 06:22:03.910,0.7737,0.7739,65.70,38.10
2008.10.20 06:22:04.360,0.7737,0.7739,59.20,71.90
2008.10.20 06:22:05.050,0.7737,0.77385,114.40,122.30
2008.10.20 06:22:05.330,0.7737,0.77385,53.20,122.30
2008.10.20 06:22:05.560,0.77365,0.77385,112.80,150.30
2008.10.20 06:22:05.860,0.7736,0.77385,79.40,199.10
2008.10.20 06:22:06.040,0.7736,0.77385,56.00,60.30
2008.10.20 06:22:07.230,0.7736,0.7738,53.80,84.70
2008.10.20 06:22:08.169,0.7736,0.7738,75.60,102.90
2008.10.20 06:22:08.699,0.7736,0.77385,75.60,106.20
2008.10.20 06:22:08.929,0.7736,0.77385,103.93,71.90
2008.10.20 06:22:10.519,0.7736,0.7738,87.60,39.90
2008.10.20 06:22:10.639,0.7736,0.7738,104.00,41.30
2008.10.20 06:22:10.928,0.7736,0.7738,102.70,49.30
2008.10.20 06:22:12.638,0.77355,0.7738,84.70,119.90
2008.10.20 06:22:12.918,0.77355,0.7738,110.00,79.90
2008.10.20 06:22:13.078,0.77355,0.7738,133.00,79.90
2008.10.20 06:22:13.578,0.77355,0.77375,80.20,51.50
2008.10.20 06:22:13.978,0.77355,0.77375,96.00,50.10
2008.10.20 06:22:14.338,0.77355,0.77375,95.20,50.50
2008.10.20 06:22:15.338,0.77355,0.7737,99.00,55.10
2008.10.20 06:22:15.568,0.77355,0.77365,122.30,75.30
2008.10.20 06:22:15.877,0.7735,0.7736,72.70,83.10
2008.10.20 06:22:16.287,0.77345,0.7736,58.30,35.90
2008.10.20 06:22:16.727,0.7734,0.77355,36.20,21.70
2008.10.20 06:22:17.108,0.7734,0.77355,78.80,45.40
2008.10.20 06:22:17.397,0.7734,0.7736,95.80,114.70
2008.10.20 06:22:17.617,0.7734,0.7736,48.60,72.30
2008.10.20 06:22:18.027,0.7734,0.7736,43.70,75.70
2008.10.20 06:22:18.617,0.77345,0.77365,42.40,93.70
2008.10.20 06:22:22.046,0.77345,0.77365,72.00,109.90
2008.10.20 06:22:22.226,0.77345,0.7736,80.10,111.10
2008.10.20 06:22:22.616,0.7734,0.7736,77.60,118.30
2008.10.20 06:22:22.846,0.7734,0.7736,88.90,57.10
2008.10.20 06:22:23.076,0.7734,0.77355,62.50,51.10
2008.10.20 06:22:23.366,0.77335,0.77355,88.20,37.50
2008.10.20 06:22:23.596,0.77335,0.77355,88.20,38.10
2008.10.20 06:22:23.896,0.77335,0.77355,119.20,81.30
2008.10.20 06:22:24.805,0.77335,0.77355,153.80,99.10
2008.10.20 06:22:25.745,0.77335,0.77355,52.00,106.10
2008.10.20 06:22:26.715,0.77335,0.77355,73.60,54.30
2008.10.20 06:22:26.835,0.77335,0.77355,73.60,47.50
2008.10.20 06:22:27.975,0.77325,0.77345,63.10,71.30
2008.10.20 06:22:28.094,0.7732,0.77345,80.30,99.00
2008.10.20 06:22:28.214,0.7732,0.77345,80.70,99.00
2008.10.20 06:22:29.304,0.7732,0.7734,108.20,54.10
2008.10.20 06:22:29.584,0.7732,0.77345,48.80,62.20
2008.10.20 06:22:29.754,0.7732,0.77345,100.70,101.50
2008.10.20 06:22:30.714,0.7732,0.77345,72.70,121.90
2008.10.20 06:22:31.004,0.7732,0.77345,78.90,109.90
2008.10.20 06:22:31.774,0.7732,0.77345,78.60,110.30
2008.10.20 06:22:31.893,0.7732,0.77345,66.70,105.50
2008.10.20 06:22:32.193,0.7732,0.77345,66.40,105.50
2008.10.20 06:22:32.413,0.77315,0.7734,147.90,114.70
2008.10.20 06:22:32.763,0.77315,0.77335,91.40,32.70
2008.10.20 06:22:33.463,0.77315,0.77335,73.00,91.90
2008.10.20 06:22:33.733,0.77315,0.77335,44.20,67.50
2008.10.20 06:22:34.353,0.77315,0.77335,74.60,83.50
2008.10.20 06:22:34.833,0.77315,0.7733,66.60,57.90
2008.10.20 06:22:35.243,0.7731,0.7733,68.80,26.90
2008.10.20 06:22:35.703,0.77305,0.77325,61.80,61.60
2008.10.20 06:22:35.993,0.77305,0.77325,54.00,48.70
2008.10.20 06:22:36.222,0.773,0.7732,74.30,43.06
2008.10.20 06:22:36.563,0.773,0.7732,71.90,87.50
2008.10.20 06:22:36.953,0.77305,0.7732,40.20,40.65
2008.10.20 06:22:37.242,0.77305,0.77325,45.10,53.10
2008.10.20 06:22:37.522,0.77305,0.77325,60.20,35.70
2008.10.20 06:22:37.802,0.77305,0.77325,59.80,26.90
2008.10.20 06:22:38.092,0.77305,0.77325,72.60,57.10
2008.10.20 06:22:38.962,0.77305,0.77325,121.50,37.90
2008.10.20 06:22:39.242,0.77305,0.77325,67.00,72.30
2008.10.20 06:22:39.941,0.77305,0.77325,44.70,77.10
2008.10.20 06:22:40.271,0.77305,0.77325,47.40,93.10
2008.10.20 06:22:40.441,0.77305,0.77325,47.70,93.46
2008.10.20 06:22:42.111,0.77305,0.7733,47.10,79.50
2008.10.20 06:22:42.921,0.77305,0.7733,104.50,103.50
2008.10.20 06:22:43.041,0.77305,0.77325,113.80,102.70
2008.10.20 06:22:43.331,0.77305,0.77325,80.20,107.50
2008.10.20 06:22:43.511,0.77305,0.77325,94.90,79.06
2008.10.20 06:22:43.571,0.77305,0.7733,94.90,79.50
2008.10.20 06:22:43.741,0.7731,0.7733,45.60,90.90
2008.10.20 06:22:43.851,0.7731,0.7733,40.90,66.90
2008.10.20 06:22:43.911,0.7731,0.7733,56.90,103.70
2008.10.20 06:22:44.081,0.77305,0.77325,58.60,115.20
2008.10.20 06:22:44.191,0.773,0.7732,97.20,127.10
2008.10.20 06:22:44.481,0.77305,0.7732,47.20,114.30
2008.10.20 06:22:45.700,0.77305,0.7732,46.50,139.10
2008.10.20 06:22:49.429,0.773,0.7732,87.80,76.90
2008.10.20 06:22:49.599,0.773,0.7732,121.00,119.80
2008.10.20 06:22:49.759,0.773,0.7732,97.60,131.50
2008.10.20 06:22:49.939,0.773,0.7732,64.80,107.70
2008.10.20 06:22:50.329,0.773,0.7732,62.70,82.20
2008.10.20 06:22:50.499,0.77305,0.77325,45.60,144.30
2008.10.20 06:22:51.989,0.77305,0.77325,77.60,164.60
2008.10.20 06:22:52.328,0.773,0.77325,98.30,175.10
2008.10.20 06:22:53.258,0.77305,0.77325,43.20,175.10
2008.10.20 06:22:53.438,0.77305,0.77325,76.80,133.10
2008.10.20 06:22:53.609,0.77305,0.77325,78.60,157.30
2008.10.20 06:22:55.998,0.77305,0.77325,111.50,165.30
2008.10.20 06:22:57.087,0.77305,0.77325,96.50,113.30
2008.10.20 06:22:57.658,0.77305,0.77325,106.60,127.70
2008.10.20 06:22:57.887,0.77305,0.77325,114.00,86.90
2008.10.20 06:22:58.237,0.77305,0.77325,126.80,171.50
2008.10.20 06:22:58.648,0.77305,0.77325,67.20,142.30
2008.10.20 06:22:59.057,0.77305,0.7732,92.40,121.50
2008.10.20 06:22:59.387,0.77305,0.77325,89.50,154.30
2008.10.20 06:22:59.687,0.77305,0.77325,77.03,42.70
2008.10.20 06:23:00.687,0.77305,0.77325,36.20,84.30
2008.10.20 06:23:00.976,0.773,0.77325,70.50,95.50
2008.10.20 06:23:02.406,0.77305,0.77325,67.43,156.30
2008.10.20 06:23:02.796,0.77305,0.77325,63.20,72.30
2008.10.20 06:23:06.755,0.77305,0.77325,125.60,74.30
2008.10.20 06:23:06.915,0.77305,0.7732,154.40,46.10
2008.10.20 06:23:07.075,0.773,0.7732,74.40,110.10
2008.10.20 06:23:14.743,0.77305,0.77325,217.00,167.10
2008.10.20 06:23:15.033,0.77305,0.77325,320.10,206.90
2008.10.20 06:23:15.323,0.7731,0.7733,96.00,46.70
2008.10.20 06:23:16.603,0.7731,0.77325,100.50,45.50
2008.10.20 06:23:16.923,0.7731,0.77325,50.30,87.70
2008.10.20 06:23:17.273,0.7731,0.7733,210.40,159.00
2008.10.20 06:23:17.852,0.77305,0.77325,143.90,136.60
2008.10.20 06:23:18.022,0.773,0.7732,105.00,85.90
2008.10.20 06:23:19.202,0.773,0.7732,139.20,126.10
2008.10.20 06:23:19.442,0.773,0.7732,139.20,206.20
2008.10.20 06:23:19.682,0.773,0.7732,141.60,248.60
2008.10.20 06:23:21.881,0.773,0.7732,54.40,275.50
2008.10.20 06:23:22.331,0.773,0.77325,42.30,179.80
2008.10.20 06:23:22.561,0.773,0.77325,82.10,171.10
2008.10.20 06:23:23.001,0.77305,0.77325,60.30,95.90
2008.10.20 06:23:23.231,0.77305,0.77325,60.30,94.30
2008.10.20 06:23:24.931,0.773,0.77325,91.20,95.90
2008.10.20 06:23:25.101,0.773,0.77325,133.90,118.30
2008.10.20 06:23:25.271,0.77305,0.77325,155.10,127.90
2008.10.20 06:23:25.441,0.773,0.7732,175.60,81.50
2008.10.20 06:23:26.020,0.773,0.77325,80.00,145.50
2008.10.20 06:23:26.830,0.773,0.77325,44.90,119.90
2008.10.20 06:23:27.060,0.77305,0.77325,77.30,135.10
2008.10.20 06:23:28.670,0.77305,0.77325,85.90,135.70
2008.10.20 06:23:30.009,0.773,0.77325,182.30,178.10
2008.10.20 06:23:31.129,0.77305,0.77325,115.10,215.70
2008.10.20 06:23:32.759,0.77305,0.77325,118.90,179.70
2008.10.20 06:23:33.059,0.77305,0.7733,170.80,223.80
2008.10.20 06:23:33.739,0.77305,0.77325,234.00,164.50
2008.10.20 06:23:35.478,0.77305,0.77325,171.20,179.80
2008.10.20 06:23:35.658,0.773,0.77325,223.10,179.80
2008.10.20 06:23:36.978,0.773,0.77325,223.90,225.10
2008.10.20 06:23:37.248,0.773,0.77325,223.90,224.50
2008.10.20 06:23:37.478,0.773,0.77325,234.30,227.00
2008.10.20 06:23:37.698,0.773,0.77325,232.70,227.00
2008.10.20 06:23:37.928,0.773,0.7732,257.60,134.70
2008.10.20 06:23:38.098,0.773,0.7732,111.90,157.50
2008.10.20 06:23:39.037,0.77305,0.77325,83.90,93.90
2008.10.20 06:23:39.547,0.77305,0.77325,43.40,93.90
2008.10.20 06:23:39.997,0.773,0.77325,75.70,86.70
2008.10.20 06:23:40.757,0.773,0.77325,110.30,119.50
2008.10.20 06:23:41.037,0.77305,0.77325,56.00,205.90
2008.10.20 06:23:41.257,0.77305,0.77325,57.00,210.70
2008.10.20 06:23:44.356,0.77305,0.77325,111.40,161.30
2008.10.20 06:23:44.716,0.77305,0.77325,111.70,161.30
2008.10.20 06:23:45.056,0.77305,0.7733,118.30,251.50
2008.10.20 06:23:45.276,0.77305,0.7733,127.10,251.80
2008.10.20 06:23:46.035,0.77305,0.7733,154.90,328.50
2008.10.20 06:23:46.325,0.77305,0.7733,156.50,338.20
2008.10.20 06:23:46.955,0.7731,0.7733,154.40,268.50
2008.10.20 06:23:47.125,0.7731,0.7733,121.80,48.50
2008.10.20 06:23:47.995,0.7731,0.7733,121.50,60.50
2008.10.20 06:23:50.694,0.7731,0.7733,153.30,85.90
2008.10.20 06:23:51.384,0.77315,0.7733,33.10,52.60
2008.10.20 06:23:51.554,0.77315,0.7733,67.50,51.70
2008.10.20 06:23:51.674,0.7731,0.77335,71.20,53.50
2008.10.20 06:23:51.844,0.7731,0.7733,68.50,56.30
2008.10.20 06:23:52.014,0.7731,0.7733,89.30,77.90
2008.10.20 06:23:52.134,0.7731,0.7733,40.70,81.90
2008.10.20 06:23:52.614,0.77305,0.7733,76.30,74.70
2008.10.20 06:23:53.024,0.77305,0.7733,76.70,78.30
2008.10.20 06:23:53.314,0.77305,0.77325,90.80,115.10
2008.10.20 06:23:53.534,0.77305,0.77325,57.10,129.50
2008.10.20 06:23:53.764,0.77305,0.7733,66.00,146.30
2008.10.20 06:23:53.994,0.77305,0.77325,48.70,132.50
2008.10.20 06:23:56.063,0.77305,0.77325,83.60,184.50
2008.10.20 06:23:56.173,0.77305,0.77325,82.00,185.10
2008.10.20 06:23:56.623,0.77305,0.77325,83.60,184.50
2008.10.20 06:23:57.163,0.77305,0.7733,95.10,163.10
2008.10.20 06:23:57.943,0.77315,0.7733,55.60,187.90
2008.10.20 06:23:58.113,0.77315,0.7733,60.10,217.10
2008.10.20 06:23:58.563,0.7731,0.7733,58.10,101.90
2008.10.20 06:23:58.723,0.7731,0.77335,104.50,107.10
2008.10.20 06:23:59.472,0.7731,0.7733,152.40,113.50
2008.10.20 06:23:59.712,0.77305,0.77325,154.00,45.50
2008.10.20 06:23:59.942,0.77305,0.7733,72.70,91.10
2008.10.20 06:24:00.172,0.77305,0.7733,71.60,115.10
2008.10.20 06:24:00.922,0.77305,0.7733,113.50,110.30
2008.10.20 06:24:01.322,0.77305,0.7733,64.70,150.70
2008.10.20 06:24:05.961,0.77305,0.7733,88.40,175.10
2008.10.20 06:24:06.691,0.77305,0.7733,71.10,226.30
2008.10.20 06:24:14.139,0.7731,0.7733,43.70,407.90
2008.10.20 06:24:14.259,0.77315,0.77335,75.60,443.50
2008.10.20 06:24:14.319,0.77315,0.7733,78.80,385.90
2008.10.20 06:24:15.528,0.77315,0.77335,167.50,47.90
2008.10.20 06:24:15.808,0.77315,0.77335,167.50,47.50
2008.10.20 06:24:15.928,0.77315,0.77335,188.60,57.10
2008.10.20 06:24:16.038,0.7732,0.77335,78.90,84.65
2008.10.20 06:24:16.218,0.7732,0.77335,106.20,88.30
2008.10.20 06:24:16.328,0.7732,0.77335,75.70,45.30
2008.10.20 06:24:17.388,0.7732,0.77335,66.10,45.30
2008.10.20 06:24:17.508,0.7732,0.77335,90.40,45.30
2008.10.20 06:24:18.348,0.7732,0.77335,88.70,45.30
2008.10.20 06:24:18.528,0.7732,0.77335,112.50,45.30
2008.10.20 06:24:19.038,0.7732,0.77335,114.10,45.30
2008.10.20 06:24:19.208,0.7732,0.7734,117.60,52.50
2008.10.20 06:24:19.848,0.77325,0.7734,35.70,22.25
2008.10.20 06:24:20.017,0.77325,0.77335,36.50,22.25
2008.10.20 06:24:20.957,0.7732,0.77335,110.40,74.25
2008.10.20 06:24:24.576,0.7732,0.77335,87.90,158.26
2008.10.20 06:24:24.636,0.7732,0.7734,116.00,158.00
2008.10.20 06:24:25.256,0.77325,0.7734,49.50,157.15
2008.10.20 06:24:26.346,0.7732,0.7734,78.40,173.15
2008.10.20 06:24:27.276,0.7732,0.77335,66.20,227.55
2008.10.20 06:24:27.726,0.7732,0.77335,62.30,141.20
2008.10.20 06:24:29.075,0.7732,0.77335,74.20,65.20
2008.10.20 06:24:29.655,0.7732,0.7734,88.90,70.00
2008.10.20 06:24:30.575,0.7732,0.77335,69.60,83.56
2008.10.20 06:24:30.745,0.7732,0.7734,93.30,66.70
2008.10.20 06:24:30.965,0.7732,0.7734,82.70,98.60
2008.10.20 06:24:31.295,0.7732,0.7734,82.10,50.60
2008.10.20 06:24:31.995,0.7733,0.77345,68.30,92.30
2008.10.20 06:24:32.164,0.7733,0.77345,61.10,44.50
2008.10.20 06:24:32.385,0.7733,0.7735,49.90,90.80
2008.10.20 06:24:32.674,0.7733,0.7735,82.10,79.40
2008.10.20 06:24:32.854,0.7733,0.7735,109.60,37.10
2008.10.20 06:24:33.074,0.7733,0.7735,155.70,43.50
2008.10.20 06:24:33.434,0.7733,0.7735,62.10,75.40
2008.10.20 06:24:33.824,0.77325,0.77345,75.20,62.76
2008.10.20 06:24:34.064,0.7733,0.7735,70.90,79.50
2008.10.20 06:24:34.404,0.7733,0.7735,79.20,49.96
2008.10.20 06:24:34.734,0.7733,0.7735,78.10,64.30
2008.10.20 06:24:35.074,0.7733,0.7735,62.40,37.15
2008.10.20 06:24:36.693,0.77335,0.7735,104.70,48.35
2008.10.20 06:24:37.573,0.77335,0.7735,105.90,48.35
2008.10.20 06:24:37.683,0.77335,0.77355,130.10,73.00
2008.10.20 06:24:39.373,0.77335,0.77355,140.00,53.00
2008.10.20 06:24:39.433,0.7734,0.77355,159.00,53.00
2008.10.20 06:24:39.613,0.7734,0.77355,164.30,51.70
2008.10.20 06:24:39.793,0.7734,0.7736,51.70,40.30
2008.10.20 06:24:40.712,0.7734,0.77355,48.50,40.30
2008.10.20 06:24:41.792,0.7734,0.77355,51.90,49.46
2008.10.20 06:24:42.122,0.7734,0.7735,160.70,103.50
2008.10.20 06:24:42.342,0.77335,0.7735,70.30,36.56
2008.10.20 06:24:44.222,0.77335,0.7735,51.70,35.56
2008.10.20 06:24:44.402,0.77335,0.77355,53.30,84.20
2008.10.20 06:24:44.902,0.77335,0.7735,82.90,50.26
2008.10.20 06:24:45.241,0.77335,0.7735,66.40,58.85
2008.10.20 06:24:45.351,0.7734,0.77355,64.70,131.05
2008.10.20 06:24:45.761,0.7734,0.77355,58.20,55.85
2008.10.20 06:24:45.991,0.7734,0.7736,126.60,80.30
2008.10.20 06:24:46.511,0.7734,0.7736,92.00,83.50
2008.10.20 06:24:47.081,0.77345,0.7736,69.40,91.60
2008.10.20 06:24:47.411,0.77355,0.7737,34.30,41.00
2008.10.20 06:24:47.691,0.77355,0.7737,36.70,32.35
2008.10.20 06:24:49.630,0.7735,0.77365,96.60,28.66
2008.10.20 06:24:49.910,0.7735,0.77365,67.10,69.46
2008.10.20 06:24:50.490,0.77345,0.77365,124.00,127.60
2008.10.20 06:24:51.490,0.7735,0.77365,94.30,109.15
2008.10.20 06:24:52.070,0.7735,0.77365,91.00,121.96
2008.10.20 06:24:53.459,0.77355,0.77365,75.90,77.96
2008.10.20 06:24:53.759,0.77355,0.7737,75.90,77.96
2008.10.20 06:24:53.879,0.7735,0.7737,112.00,77.96
2008.10.20 06:24:54.399,0.7735,0.7737,117.40,84.30
2008.10.20 06:24:54.459,0.7735,0.77365,83.00,66.70
2008.10.20 06:24:56.428,0.7735,0.7737,92.70,75.06
2008.10.20 06:24:56.539,0.77355,0.7737,71.10,64.65
2008.10.20 06:24:57.908,0.77355,0.7737,52.60,63.85
2008.10.20 06:24:59.028,0.77355,0.7737,82.30,63.85
2008.10.20 06:24:59.428,0.7735,0.7737,99.40,45.96
2008.10.20 06:25:00.048,0.77355,0.7737,53.30,39.56
2008.10.20 06:25:00.348,0.77355,0.7737,76.60,48.56
2008.10.20 06:25:00.568,0.77355,0.77375,74.40,56.56
2008.10.20 06:25:01.198,0.7736,0.7738,176.30,109.80
2008.10.20 06:25:01.257,0.7736,0.7738,176.50,109.80
2008.10.20 06:25:01.547,0.7736,0.7738,66.40,113.00
2008.10.20 06:25:01.667,0.7736,0.7738,66.40,113.10
2008.10.20 06:25:02.887,0.77365,0.7738,54.30,46.70
2008.10.20 06:25:03.127,0.77365,0.77385,87.80,94.40
2008.10.20 06:25:03.357,0.77365,0.77385,82.40,89.96
2008.10.20 06:25:03.887,0.7737,0.77385,84.50,55.76
2008.10.20 06:25:06.846,0.7737,0.77385,130.70,62.90
2008.10.20 06:25:07.526,0.77375,0.7739,77.70,62.90
2008.10.20 06:25:08.576,0.77375,0.7739,85.10,38.10
2008.10.20 06:25:09.046,0.77375,0.7739,95.70,38.15
2008.10.20 06:25:09.155,0.77375,0.77395,44.53,62.80
2008.10.20 06:25:09.615,0.77375,0.77395,83.20,26.00
2008.10.20 06:25:09.956,0.77375,0.77395,113.60,48.56
2008.10.20 06:25:11.085,0.77375,0.77395,66.80,77.36
2008.10.20 06:25:11.365,0.7738,0.77395,36.30,21.95
2008.10.20 06:25:17.074,0.7738,0.774,80.30,118.60
2008.10.20 06:25:17.244,0.7738,0.774,80.50,118.60
2008.10.20 06:25:18.233,0.77385,0.774,65.20,149.00
2008.10.20 06:25:18.593,0.7738,0.77395,96.30,50.76
2008.10.20 06:25:18.653,0.7738,0.77395,56.60,50.80
2008.10.20 06:25:18.823,0.77385,0.77395,46.00,65.20
2008.10.20 06:25:18.883,0.77385,0.774,93.10,65.10
2008.10.20 06:25:20.313,0.7738,0.77395,51.80,41.30
2008.10.20 06:25:20.483,0.77375,0.7739,56.10,43.85
2008.10.20 06:25:20.723,0.7738,0.77395,69.90,79.70
2008.10.20 06:25:22.932,0.77375,0.77395,129.90,73.90
2008.10.20 06:25:23.282,0.7738,0.774,78.70,167.90
2008.10.20 06:25:23.392,0.7738,0.774,78.70,161.80
2008.10.20 06:25:23.682,0.7738,0.77395,78.70,161.90
2008.10.20 06:25:29.131,0.7738,0.77395,108.10,156.30
2008.10.20 06:25:29.250,0.77375,0.77395,77.00,170.70
2008.10.20 06:25:32.210,0.7738,0.77395,39.80,54.70
2008.10.20 06:25:32.430,0.7738,0.77395,85.90,61.10
2008.10.20 06:25:39.218,0.7738,0.77395,138.90,63.50
2008.10.20 06:25:39.618,0.7738,0.774,151.70,71.40
2008.10.20 06:25:39.678,0.7738,0.774,155.20,71.40
2008.10.20 06:25:39.918,0.7738,0.774,98.40,41.10
2008.10.20 06:25:41.808,0.7738,0.774,136.00,88.30
2008.10.20 06:25:43.197,0.7738,0.774,136.40,88.30
2008.10.20 06:25:43.547,0.77385,0.774,145.10,89.15
2008.10.20 06:25:45.927,0.77385,0.77405,164.50,113.00
2008.10.20 06:25:46.507,0.77385,0.77405,171.20,88.20
2008.10.20 06:25:46.786,0.77385,0.77405,216.00,36.50
2008.10.20 06:25:47.066,0.7739,0.7741,243.50,55.10
2008.10.20 06:25:49.166,0.7739,0.7741,216.60,52.40
2008.10.20 06:25:49.276,0.77395,0.7741,214.80,54.60
2008.10.20 06:25:49.336,0.77395,0.7741,124.10,67.40
2008.10.20 06:25:49.446,0.77395,0.7741,117.90,39.56
2008.10.20 06:25:49.676,0.77395,0.7741,118.10,46.76
2008.10.20 06:25:50.076,0.77395,0.7741,107.50,27.56
2008.10.20 06:25:50.296,0.7739,0.7741,109.50,27.56
2008.10.20 06:25:50.635,0.7739,0.7741,58.60,40.30
2008.10.20 06:25:50.856,0.7739,0.7741,54.90,74.00
2008.10.20 06:25:51.255,0.7739,0.7741,87.20,53.00
2008.10.20 06:25:51.545,0.77385,0.77405,117.40,51.40
2008.10.20 06:25:51.835,0.77385,0.77405,59.70,36.70
2008.10.20 06:25:52.165,0.77385,0.77395,68.60,30.00
2008.10.20 06:25:53.205,0.7738,0.7739,42.30,49.50
2008.10.20 06:25:53.375,0.7738,0.7739,34.20,37.60
2008.10.20 06:25:55.215,0.7738,0.7739,36.60,89.20
2008.10.20 06:25:55.394,0.7738,0.77395,48.80,87.60
2008.10.20 06:25:55.514,0.7738,0.7739,56.80,95.70
2008.10.20 06:25:55.684,0.7738,0.77395,65.00,41.50
2008.10.20 06:25:55.864,0.7738,0.77395,60.90,73.60
2008.10.20 06:25:56.164,0.7738,0.77395,64.90,48.00
2008.10.20 06:25:56.854,0.7738,0.77395,97.90,62.00
2008.10.20 06:25:57.084,0.7738,0.77395,97.90,69.80
2008.10.20 06:25:57.264,0.7738,0.77395,97.90,29.50
2008.10.20 06:25:57.614,0.7738,0.77395,105.90,100.30
2008.10.20 06:25:58.314,0.7738,0.77395,113.00,109.00
2008.10.20 06:25:58.673,0.7738,0.77395,92.10,42.00
2008.10.20 06:25:58.734,0.77375,0.77395,88.90,40.40
2008.10.20 06:25:58.854,0.7738,0.77395,76.00,40.20
2008.10.20 06:25:58.973,0.7738,0.77395,53.20,76.30
2008.10.20 06:26:00.233,0.7738,0.774,47.10,100.70
2008.10.20 06:26:01.753,0.7738,0.774,95.30,41.10
2008.10.20 06:26:01.863,0.77385,0.774,107.50,65.10
2008.10.20 06:26:01.973,0.77385,0.774,91.70,40.40
2008.10.20 06:26:04.053,0.77385,0.774,125.40,53.90
2008.10.20 06:26:04.232,0.7738,0.774,130.90,53.90
2008.10.20 06:26:04.572,0.77375,0.77395,171.20,40.35
2008.10.20 06:26:04.862,0.7738,0.77395,60.30,73.90
2008.10.20 06:26:05.612,0.7738,0.774,101.30,134.60
2008.10.20 06:26:05.832,0.7738,0.77395,99.90,139.55
2008.10.20 06:26:06.122,0.77375,0.77395,149.60,163.55
2008.10.20 06:26:06.362,0.77375,0.77395,163.60,163.55
2008.10.20 06:26:06.772,0.7738,0.774,125.10,166.60
2008.10.20 06:26:07.761,0.77375,0.77395,104.80,139.50
2008.10.20 06:26:09.021,0.77375,0.77395,110.10,177.90
2008.10.20 06:26:10.221,0.77375,0.7739,159.70,143.55
2008.10.20 06:26:10.441,0.77375,0.7739,177.90,65.90
2008.10.20 06:26:11.181,0.7737,0.7739,72.70,68.30
2008.10.20 06:26:13.750,0.77365,0.77385,103.60,113.90
2008.10.20 06:26:14.380,0.77365,0.77385,118.00,121.90
2008.10.20 06:26:16.379,0.77365,0.77385,54.40,153.90
2008.10.20 06:26:16.619,0.77365,0.77385,87.50,192.30
2008.10.20 06:26:16.849,0.77365,0.77385,87.50,193.40
2008.10.20 06:26:17.199,0.77365,0.77385,136.90,77.40
2008.10.20 06:26:17.469,0.7736,0.7738,143.60,79.50
2008.10.20 06:26:17.649,0.7736,0.7738,123.10,70.70
2008.10.20 06:26:17.999,0.77365,0.77385,145.10,103.10
2008.10.20 06:26:19.129,0.77365,0.7738,162.20,109.30
2008.10.20 06:26:19.299,0.7736,0.7738,195.20,133.30
2008.10.20 06:26:19.639,0.77365,0.77385,227.50,165.50
2008.10.20 06:26:20.628,0.77365,0.77385,246.70,188.30
2008.10.20 06:26:25.697,0.77365,0.77385,180.30,222.30
2008.10.20 06:26:29.356,0.77365,0.77385,216.30,252.30
2008.10.20 06:26:34.325,0.77365,0.77385,247.50,286.30
2008.10.20 06:26:34.605,0.77365,0.7738,260.30,303.50
2008.10.20 06:26:34.775,0.77365,0.7738,143.40,93.20
2008.10.20 06:26:39.154,0.77365,0.7738,154.40,85.60
2008.10.20 06:26:39.204,0.77365,0.7738,155.00,85.60
2008.10.20 06:26:39.264,0.7736,0.77375,156.00,71.70
2008.10.20 06:26:39.384,0.7736,0.77375,57.80,37.90
2008.10.20 06:26:45.062,0.7736,0.77375,51.10,67.50
2008.10.20 06:26:45.292,0.7736,0.7738,53.30,77.90
2008.10.20 06:26:48.912,0.7736,0.7738,71.20,77.90
2008.10.20 06:26:49.391,0.7736,0.7738,78.90,85.60
2008.10.20 06:26:49.621,0.7736,0.7738,52.50,68.70
2008.10.20 06:26:49.841,0.7736,0.77375,52.40,50.90
2008.10.20 06:26:50.571,0.77365,0.7738,33.90,42.70
2008.10.20 06:26:51.321,0.77365,0.7738,52.40,67.90
2008.10.20 06:26:51.561,0.7736,0.77375,52.40,37.30
2008.10.20 06:26:54.380,0.7736,0.7738,47.50,76.70
2008.10.20 06:26:57.249,0.77365,0.7738,100.30,44.70
2008.10.20 06:26:57.479,0.77365,0.77385,50.70,56.90
2008.10.20 06:26:58.229,0.7737,0.77385,78.70,69.80
2008.10.20 06:27:01.688,0.7737,0.77385,41.00,34.90
2008.10.20 06:27:02.048,0.7737,0.77385,72.40,72.30
2008.10.20 06:27:02.228,0.77365,0.77385,78.90,72.30
2008.10.20 06:27:02.688,0.7737,0.7739,101.70,65.20
2008.10.20 06:27:02.868,0.7737,0.7739,99.50,65.00
2008.10.20 06:27:03.308,0.77365,0.77385,46.20,56.30
2008.10.20 06:27:03.908,0.77365,0.77385,85.20,90.96
2008.10.20 06:27:04.138,0.77365,0.77385,81.60,61.35
2008.10.20 06:27:04.418,0.77365,0.77385,64.00,61.35
2008.10.20 06:27:04.638,0.77365,0.77385,64.40,61.35
2008.10.20 06:27:04.748,0.77375,0.7739,42.40,37.20
2008.10.20 06:27:04.868,0.7738,0.77395,51.00,35.60
2008.10.20 06:27:04.978,0.7738,0.77395,46.60,65.20
2008.10.20 06:27:05.318,0.7738,0.77395,106.50,85.20
2008.10.20 06:27:05.618,0.7738,0.774,85.10,67.50
2008.10.20 06:27:06.317,0.77375,0.77395,69.50,75.50
2008.10.20 06:27:07.287,0.7738,0.7739,70.40,104.30
2008.10.20 06:27:07.457,0.7737,0.7739,96.80,37.96
2008.10.20 06:27:07.617,0.77375,0.7739,96.60,28.35
2008.10.20 06:27:07.847,0.77375,0.7739,60.50,34.76
2008.10.20 06:27:07.967,0.77375,0.7739,45.30,23.56
2008.10.20 06:27:08.897,0.77375,0.7739,51.50,29.95
2008.10.20 06:27:11.126,0.77375,0.77395,118.90,98.60
2008.10.20 06:27:14.835,0.77375,0.77395,110.30,126.70
2008.10.20 06:27:15.655,0.77375,0.77395,174.50,141.10
2008.10.20 06:27:15.895,0.7738,0.774,189.90,232.10
2008.10.20 06:27:16.115,0.7738,0.774,95.00,114.80
2008.10.20 06:27:16.405,0.7738,0.774,95.20,112.30
2008.10.20 06:27:20.684,0.77385,0.774,137.10,37.20
2008.10.20 06:27:23.234,0.77385,0.774,78.40,70.00
2008.10.20 06:27:23.403,0.7739,0.77405,72.50,70.00
2008.10.20 06:27:24.893,0.7739,0.774,62.80,28.30
2008.10.20 06:27:25.183,0.77385,0.774,67.10,80.40
2008.10.20 06:27:25.533,0.77385,0.774,68.10,48.35
2008.10.20 06:27:25.713,0.7738,0.774,89.60,50.00
2008.10.20 06:27:26.223,0.7738,0.774,105.60,65.80
2008.10.20 06:27:27.202,0.77385,0.774,52.60,42.20
2008.10.20 06:27:27.502,0.7739,0.774,43.10,22.85
2008.10.20 06:27:27.832,0.7739,0.77405,43.10,33.96
2008.10.20 06:27:28.192,0.7739,0.77405,86.00,76.46
2008.10.20 06:27:29.392,0.77385,0.77405,98.80,75.60
2008.10.20 06:27:29.632,0.77385,0.77405,91.30,53.30
2008.10.20 06:27:29.902,0.77385,0.77405,99.10,35.60
2008.10.20 06:27:31.001,0.7739,0.77405,126.50,47.60
2008.10.20 06:27:31.231,0.7739,0.7741,83.80,101.20
2008.10.20 06:27:31.512,0.7739,0.7741,93.60,50.00
2008.10.20 06:27:34.980,0.7739,0.77405,113.50,38.70
2008.10.20 06:27:36.560,0.77385,0.77405,106.40,121.20
2008.10.20 06:27:36.840,0.7739,0.77405,98.93,165.20
2008.10.20 06:27:38.389,0.7739,0.77405,123.60,92.46
2008.10.20 06:27:38.699,0.7739,0.7741,123.20,50.00
2008.10.20 06:27:39.579,0.7739,0.77405,165.40,77.10
2008.10.20 06:27:39.749,0.7739,0.77405,146.10,117.20
2008.10.20 06:27:41.069,0.77385,0.77405,47.23,79.50
2008.10.20 06:27:41.569,0.7739,0.77405,58.00,83.56
2008.10.20 06:27:41.679,0.7739,0.7741,67.20,36.30
2008.10.20 06:27:42.089,0.77395,0.7741,67.50,29.95
2008.10.20 06:27:42.259,0.77395,0.77415,63.70,56.20
2008.10.20 06:27:42.879,0.77395,0.77405,31.90,29.90
2008.10.20 06:27:43.178,0.77395,0.7741,81.50,42.76
2008.10.20 06:27:43.468,0.77395,0.7741,54.10,28.35
2008.10.20 06:27:43.688,0.77395,0.77415,40.50,56.20
2008.10.20 06:27:43.968,0.77395,0.77415,46.43,30.00
2008.10.20 06:27:45.778,0.774,0.77415,157.10,26.75
2008.10.20 06:27:45.948,0.774,0.77415,209.70,47.56
2008.10.20 06:27:46.237,0.774,0.7742,210.00,81.10
2008.10.20 06:27:46.407,0.774,0.7742,82.40,70.70
2008.10.20 06:27:46.588,0.77405,0.77425,40.50,77.80
2008.10.20 06:27:46.758,0.77405,0.77415,39.40,70.70
2008.10.20 06:27:47.038,0.77395,0.77415,73.90,66.70
2008.10.20 06:27:47.397,0.77395,0.7741,91.80,101.10
2008.10.20 06:27:47.567,0.7739,0.7741,218.90,73.96
2008.10.20 06:27:47.907,0.7739,0.7741,263.20,38.80
2008.10.20 06:27:48.297,0.7739,0.7741,166.80,36.30
2008.10.20 06:27:48.657,0.7739,0.77405,185.60,47.06
2008.10.20 06:27:49.007,0.7739,0.77405,249.40,26.25
2008.10.20 06:27:49.347,0.7739,0.7741,220.40,41.90
2008.10.20 06:27:50.396,0.7739,0.7741,177.90,41.80
2008.10.20 06:27:50.756,0.7739,0.7741,179.50,32.35
2008.10.20 06:27:51.166,0.7739,0.7741,178.80,32.40
2008.10.20 06:27:51.346,0.7739,0.774,60.10,42.90
2008.10.20 06:27:51.576,0.77385,0.774,99.40,60.20
2008.10.20 06:27:51.756,0.7739,0.774,71.50,49.96
2008.10.20 06:27:53.706,0.7739,0.77405,87.12,54.26
2008.10.20 06:27:55.306,0.7739,0.77405,113.20,60.00
2008.10.20 06:27:55.425,0.7738,0.774,37.20,23.50
2008.10.20 06:27:55.586,0.7738,0.77395,75.40,34.00
2008.10.20 06:27:55.705,0.7738,0.77395,74.00,36.20
2008.10.20 06:27:55.935,0.77375,0.77395,71.73,44.40
2008.10.20 06:27:57.385,0.7738,0.77395,32.20,62.70
2008.10.20 06:27:57.685,0.7738,0.77395,93.20,90.90
2008.10.20 06:27:58.655,0.77385,0.77405,56.00,34.00
2008.10.20 06:27:58.775,0.7739,0.77405,98.20,34.80
2008.10.20 06:27:59.005,0.7739,0.77405,52.50,67.60
2008.10.20 06:27:59.414,0.7739,0.7741,52.50,77.00
2008.10.20 06:28:01.254,0.7739,0.77405,112.30,41.96
2008.10.20 06:28:01.424,0.7739,0.77405,153.80,47.30
2008.10.20 06:28:01.714,0.7739,0.774,153.00,57.30
2008.10.20 06:28:02.374,0.7739,0.77405,175.50,47.60
2008.10.20 06:28:02.613,0.7739,0.77405,184.30,47.40
2008.10.20 06:28:02.944,0.77385,0.77405,180.30,51.10
2008.10.20 06:28:03.243,0.77385,0.774,35.40,50.10
2008.10.20 06:28:03.543,0.77385,0.77405,44.30,44.70
2008.10.20 06:28:04.353,0.77385,0.774,53.00,68.50
2008.10.20 06:28:07.332,0.77385,0.774,69.00,116.70
2008.10.20 06:28:07.732,0.77385,0.774,79.00,50.90
2008.10.20 06:28:07.952,0.77385,0.77405,80.30,57.00
2008.10.20 06:28:09.322,0.7739,0.77405,43.73,45.15
2008.10.20 06:28:09.432,0.77395,0.77405,42.90,30.06
2008.10.20 06:28:09.592,0.77395,0.7741,43.00,30.06
2008.10.20 06:28:09.832,0.77395,0.7741,76.60,84.30
2008.10.20 06:28:10.052,0.77395,0.7741,83.30,102.60
2008.10.20 06:28:10.172,0.7739,0.7741,83.30,97.60
2008.10.20 06:28:10.462,0.7739,0.77405,77.70,51.40
2008.10.20 06:28:10.922,0.77385,0.77405,110.70,78.60
2008.10.20 06:28:11.571,0.77385,0.774,73.90,148.50
2008.10.20 06:28:13.061,0.7738,0.77395,71.40,104.50
2008.10.20 06:28:13.821,0.7738,0.774,85.10,85.80
2008.10.20 06:28:14.051,0.77375,0.77395,122.90,130.20
2008.10.20 06:28:14.161,0.77375,0.77395,132.30,170.20
2008.10.20 06:28:14.331,0.77375,0.77395,177.60,106.10
2008.10.20 06:28:14.381,0.77375,0.77395,225.90,106.10
2008.10.20 06:28:14.551,0.77375,0.77395,226.70,106.10
2008.10.20 06:28:14.671,0.7738,0.774,177.10,106.10
2008.10.20 06:28:16.400,0.7738,0.77395,180.30,156.10
2008.10.20 06:28:16.520,0.7738,0.77395,205.00,160.10
2008.10.20 06:28:16.690,0.7738,0.774,136.20,134.10
2008.10.20 06:28:16.860,0.7738,0.774,135.50,134.50
2008.10.20 06:28:17.040,0.77385,0.774,66.20,91.50
2008.10.20 06:28:17.220,0.77385,0.77405,67.60,149.50
2008.10.20 06:28:17.601,0.77385,0.774,98.70,144.30
2008.10.20 06:28:17.770,0.77385,0.77405,109.20,164.50
2008.10.20 06:28:18.120,0.77385,0.774,154.70,184.30
2008.10.20 06:28:18.560,0.77385,0.77405,142.00,216.50
2008.10.20 06:28:18.910,0.77385,0.774,140.60,216.90
2008.10.20 06:28:19.260,0.7738,0.774,146.10,216.90
2008.10.20 06:28:19.439,0.77385,0.77405,142.00,216.50
2008.10.20 06:28:21.099,0.77385,0.774,198.00,260.90
2008.10.20 06:28:21.219,0.77385,0.774,201.90,293.90
2008.10.20 06:28:21.679,0.7738,0.774,201.90,293.90
2008.10.20 06:28:24.748,0.7738,0.774,202.20,116.90
2008.10.20 06:28:24.928,0.77385,0.774,197.70,61.80
2008.10.20 06:28:25.048,0.77385,0.77405,107.50,45.90
2008.10.20 06:28:25.158,0.77385,0.77405,165.00,62.70
2008.10.20 06:28:27.448,0.77385,0.77405,250.20,79.70
2008.10.20 06:28:27.738,0.7739,0.7741,260.30,130.10
2008.10.20 06:28:28.327,0.7739,0.7741,326.10,143.20
2008.10.20 06:28:29.717,0.7739,0.7741,110.10,154.50
2008.10.20 06:28:29.897,0.7739,0.77405,43.40,93.30
2008.10.20 06:28:33.786,0.77395,0.7741,41.20,99.60
2008.10.20 06:28:34.126,0.774,0.77415,46.80,85.15
2008.10.20 06:28:34.406,0.774,0.7742,82.10,77.80
2008.10.20 06:28:35.266,0.77395,0.77415,89.70,93.80
2008.10.20 06:28:35.496,0.774,0.7742,88.30,89.20
2008.10.20 06:28:35.656,0.774,0.7742,88.30,82.60
2008.10.20 06:28:36.845,0.774,0.7742,109.30,84.20
2008.10.20 06:28:37.605,0.774,0.7742,45.50,117.70
2008.10.20 06:28:37.845,0.774,0.77415,78.00,93.80
2008.10.20 06:28:38.345,0.77395,0.77415,66.10,61.80
2008.10.20 06:28:38.525,0.77395,0.7741,85.10,81.90
2008.10.20 06:28:38.875,0.77395,0.7741,112.30,83.56
2008.10.20 06:28:39.775,0.77395,0.7741,122.90,48.35
2008.10.20 06:28:40.115,0.77395,0.77415,122.90,75.40
2008.10.20 06:28:40.464,0.774,0.77415,95.80,81.00
2008.10.20 06:28:40.845,0.774,0.77415,97.20,81.00
2008.10.20 06:28:45.113,0.77395,0.77415,264.00,68.20
2008.10.20 06:28:45.394,0.77395,0.77415,56.00,28.35
2008.10.20 06:28:45.733,0.774,0.77415,80.30,134.76
2008.10.20 06:28:46.363,0.774,0.77415,115.70,181.96
2008.10.20 06:28:46.653,0.77405,0.7742,86.30,187.55
2008.10.20 06:28:47.053,0.774,0.7742,88.50,193.90
2008.10.20 06:28:47.333,0.774,0.7742,78.10,139.40
2008.10.20 06:28:50.672,0.77395,0.77415,166.70,57.00
2008.10.20 06:28:51.742,0.774,0.77415,23.63,160.20
2008.10.20 06:28:56.121,0.77395,0.77415,111.50,79.40
2008.10.20 06:28:56.341,0.77395,0.77415,111.50,139.90
2008.10.20 06:28:56.581,0.77395,0.7741,111.50,39.50
2008.10.20 06:28:58.980,0.77395,0.77415,114.70,163.90
2008.10.20 06:29:00.300,0.77395,0.7741,121.00,63.50
2008.10.20 06:29:01.899,0.77395,0.7741,121.70,62.70
2008.10.20 06:29:02.079,0.77395,0.7741,122.10,62.70
2008.10.20 06:29:02.240,0.7739,0.7741,160.20,78.70
2008.10.20 06:29:02.409,0.7739,0.7741,173.10,197.90
2008.10.20 06:29:05.928,0.7739,0.77405,81.10,176.65
2008.10.20 06:29:07.198,0.7739,0.7741,83.50,350.30
2008.10.20 06:29:07.368,0.7739,0.7741,83.50,349.90
2008.10.20 06:29:10.557,0.77395,0.7741,86.70,325.90
2008.10.20 06:29:12.137,0.77395,0.7741,40.30,348.30
2008.10.20 06:29:12.257,0.7739,0.7741,40.70,348.30
2008.10.20 06:29:12.497,0.7739,0.7741,71.50,373.10
2008.10.20 06:29:12.797,0.7739,0.7741,81.00,496.50
2008.10.20 06:29:12.857,0.77385,0.77405,87.30,199.90
2008.10.20 06:29:13.077,0.77385,0.77405,88.50,199.10
2008.10.20 06:29:13.417,0.77395,0.7741,82.00,242.70
2008.10.20 06:29:14.406,0.77395,0.7741,99.00,213.10
2008.10.20 06:29:14.636,0.7739,0.7741,107.53,315.20
2008.10.20 06:29:15.206,0.77385,0.77405,160.50,164.65
2008.10.20 06:29:15.826,0.7739,0.77405,91.90,183.55
2008.10.20 06:29:16.116,0.77385,0.77405,137.90,226.26
2008.10.20 06:29:16.406,0.7739,0.7741,138.10,346.70
2008.10.20 06:29:17.515,0.77385,0.77405,128.70,384.65
2008.10.20 06:29:17.926,0.7739,0.7741,130.10,161.10
2008.10.20 06:29:19.255,0.7739,0.7741,162.40,192.35
2008.10.20 06:29:19.545,0.77395,0.77415,60.30,228.20
2008.10.20 06:29:22.554,0.77395,0.7741,61.90,77.30
2008.10.20 06:29:22.914,0.77395,0.77405,61.00,62.70
2008.10.20 06:29:23.764,0.77395,0.77405,61.00,63.30
2008.10.20 06:29:24.154,0.774,0.77415,37.60,66.80
2008.10.20 06:29:24.214,0.774,0.77415,73.60,67.00
2008.10.20 06:29:24.444,0.774,0.77415,41.60,58.80
2008.10.20 06:29:25.364,0.774,0.7742,39.60,110.90
2008.10.20 06:29:26.854,0.774,0.7742,42.60,61.40
2008.10.20 06:29:27.144,0.774,0.7742,39.50,61.80
2008.10.20 06:29:28.003,0.774,0.7742,39.90,34.80
2008.10.20 06:29:28.123,0.77405,0.7742,104.70,34.76
2008.10.20 06:29:28.473,0.77405,0.77415,34.53,18.75
2008.10.20 06:29:30.232,0.77405,0.7742,58.10,55.56
2008.10.20 06:29:40.960,0.77405,0.7742,46.90,61.15
2008.10.20 06:29:41.070,0.77405,0.7742,47.10,61.15
2008.10.20 06:29:47.728,0.77405,0.7742,70.90,71.06
2008.10.20 06:29:48.238,0.77405,0.77425,72.50,77.00
2008.10.20 06:29:51.467,0.77405,0.7742,72.50,70.75
2008.10.20 06:29:52.097,0.774,0.77415,28.43,96.20
2008.10.20 06:29:53.897,0.77395,0.77415,78.90,93.00
2008.10.20 06:29:54.197,0.774,0.77415,36.40,93.00
2008.10.20 06:29:54.537,0.77395,0.77415,78.90,117.00
2008.10.20 06:29:56.636,0.77395,0.77415,78.90,214.50
2008.10.20 06:29:56.756,0.77395,0.77415,79.50,126.50
2008.10.20 06:29:58.416,0.77395,0.7741,94.10,90.90
2008.10.20 06:29:58.945,0.77395,0.77415,81.00,90.70
2008.10.20 06:29:59.056,0.77395,0.7741,81.00,65.10
2008.10.20 06:30:00.115,0.77395,0.7741,81.00,65.10
2008.10.20 06:30:01.015,0.77395,0.7741,39.40,23.90
2008.10.20 06:30:06.294,0.77395,0.77415,82.40,77.80
2008.10.20 06:30:08.543,0.774,0.77415,38.10,57.00
2008.10.20 06:30:08.723,0.774,0.77415,39.40,57.00
2008.10.20 06:30:10.673,0.774,0.77415,44.20,67.10
2008.10.20 06:30:10.853,0.77395,0.77415,99.20,67.10
2008.10.20 06:30:11.202,0.77395,0.77415,52.00,98.10
2008.10.20 06:30:11.552,0.77395,0.77415,39.20,104.80
2008.10.20 06:30:13.222,0.77395,0.7741,35.70,151.20
2008.10.20 06:30:13.912,0.77395,0.77415,61.60,180.40
2008.10.20 06:30:17.381,0.77395,0.7741,84.00,89.10
2008.10.20 06:30:18.351,0.77395,0.77415,86.40,99.50
2008.10.20 06:30:18.701,0.7739,0.7741,77.10,34.60
2008.10.20 06:30:20.890,0.7739,0.7741,117.20,79.50
2008.10.20 06:30:21.070,0.7739,0.77405,117.10,22.30
2008.10.20 06:30:21.310,0.7739,0.77405,149.90,57.10
2008.10.20 06:30:21.480,0.7739,0.77405,78.70,80.40
2008.10.20 06:30:21.590,0.7739,0.7741,39.50,126.00
2008.10.20 06:30:21.990,0.77385,0.774,88.20,126.30
2008.10.20 06:30:22.160,0.77385,0.774,67.50,120.70
2008.10.20 06:30:23.939,0.77385,0.774,76.00,99.10
2008.10.20 06:30:24.120,0.7738,0.77395,76.80,96.50
2008.10.20 06:30:24.349,0.7738,0.77395,45.20,62.60
2008.10.20 06:30:25.779,0.77375,0.7739,102.90,28.35
2008.10.20 06:30:25.999,0.77375,0.7739,120.10,42.80
2008.10.20 06:30:26.939,0.77385,0.774,116.40,190.90
2008.10.20 06:30:27.159,0.77385,0.774,154.90,80.50
2008.10.20 06:30:27.219,0.7739,0.774,57.30,80.80
2008.10.20 06:30:27.279,0.77385,0.7739,76.10,109.90
2008.10.20 06:30:27.469,0.7738,0.7739,82.70,59.60
2008.10.20 06:30:27.649,0.77385,0.77395,99.40,116.30
2008.10.20 06:30:27.709,0.77385,0.774,95.50,163.50
2008.10.20 06:30:33.897,0.7739,0.77405,140.20,250.60
2008.10.20 06:30:34.117,0.7739,0.77405,73.13,274.70
2008.10.20 06:30:34.227,0.7739,0.7741,91.50,417.50
2008.10.20 06:30:35.257,0.7739,0.7741,176.70,336.20
2008.10.20 06:30:35.837,0.7739,0.7741,182.00,510.50
2008.10.20 06:30:37.026,0.7739,0.7741,189.90,536.10
2008.10.20 06:30:37.486,0.7739,0.7741,223.60,560.50
2008.10.20 06:30:37.596,0.7739,0.77405,223.60,560.90
2008.10.20 06:30:37.886,0.7739,0.77405,313.50,570.90
2008.10.20 06:30:38.696,0.77385,0.77405,66.10,562.50
2008.10.20 06:30:39.036,0.77385,0.774,60.30,597.60
2008.10.20 06:30:39.206,0.77385,0.774,70.70,612.20
2008.10.20 06:30:41.335,0.77385,0.774,61.70,579.20
2008.10.20 06:30:41.445,0.7738,0.774,184.40,639.20
2008.10.20 06:30:43.435,0.7738,0.774,71.60,707.50
2008.10.20 06:30:43.665,0.77375,0.77395,194.80,773.20
2008.10.20 06:30:43.895,0.77375,0.77395,219.60,786.50
2008.10.20 06:30:44.075,0.77375,0.7739,225.40,213.30
2008.10.20 06:30:45.624,0.7738,0.774,63.20,877.90
2008.10.20 06:30:45.734,0.7738,0.774,64.20,899.80
2008.10.20 06:30:46.114,0.7738,0.774,64.30,900.10
2008.10.20 06:30:46.354,0.7738,0.774,270.80,946.10
2008.10.20 06:30:54.342,0.77385,0.774,53.00,714.10
2008.10.20 06:30:54.452,0.77385,0.774,53.00,714.10
2008.10.20 06:30:54.512,0.77385,0.774,66.00,697.10
2008.10.20 06:30:56.632,0.77385,0.77405,117.60,648.50
2008.10.20 06:30:57.671,0.7739,0.77405,101.60,672.50
2008.10.20 06:30:57.962,0.7739,0.77405,101.60,521.00
2008.10.20 06:30:59.691,0.77385,0.77405,71.20,565.00
2008.10.20 06:30:59.851,0.7739,0.77405,53.00,78.60
2008.10.20 06:31:02.340,0.7739,0.77405,50.90,172.40
2008.10.20 06:31:02.580,0.77395,0.7741,46.50,88.36
2008.10.20 06:31:02.760,0.77395,0.7741,43.50,105.15
2008.10.20 06:31:03.320,0.77395,0.7741,72.40,126.60
2008.10.20 06:31:04.370,0.77395,0.7741,72.10,124.20
2008.10.20 06:31:04.420,0.7739,0.7741,382.50,124.20
2008.10.20 06:31:09.758,0.7739,0.7741,184.00,55.50
2008.10.20 06:31:12.748,0.7739,0.77405,192.00,153.20
2008.10.20 06:31:13.327,0.7739,0.77405,53.60,65.20
2008.10.20 06:31:13.438,0.7739,0.77405,53.30,95.20
2008.10.20 06:31:18.966,0.77385,0.77405,123.10,213.20
2008.10.20 06:31:19.416,0.7739,0.77405,57.30,210.10
2008.10.20 06:31:20.866,0.7738,0.77395,403.60,223.70
2008.10.20 06:31:21.606,0.7738,0.77395,441.00,218.90
2008.10.20 06:31:21.825,0.7738,0.77395,407.90,245.30
2008.10.20 06:31:22.345,0.7738,0.77395,424.70,268.20
2008.10.20 06:31:23.145,0.7738,0.77395,423.40,262.00
2008.10.20 06:31:23.265,0.77375,0.77395,428.40,262.00
2008.10.20 06:31:25.175,0.77375,0.77395,431.30,295.40
2008.10.20 06:31:25.565,0.77375,0.7739,460.10,419.10
2008.10.20 06:31:25.794,0.77375,0.7739,461.90,435.10
2008.10.20 06:31:27.124,0.77375,0.7739,456.90,364.50
2008.10.20 06:31:28.364,0.77375,0.77395,450.90,525.20
2008.10.20 06:31:28.544,0.77375,0.77395,546.40,428.40
2008.10.20 06:31:29.194,0.7738,0.77395,549.50,421.20
2008.10.20 06:31:31.733,0.7738,0.77395,569.60,474.00
2008.10.20 06:31:33.093,0.7738,0.77395,625.00,651.10
2008.10.20 06:31:33.263,0.77375,0.77395,627.60,651.10
2008.10.20 06:31:33.623,0.7738,0.77395,651.90,651.10
2008.10.20 06:31:33.863,0.7738,0.77395,651.90,512.50
2008.10.20 06:31:42.041,0.7738,0.77395,674.60,651.10
2008.10.20 06:31:42.101,0.77375,0.77395,677.20,651.10
2008.10.20 06:31:46.000,0.7738,0.77395,675.70,512.50
2008.10.20 06:31:46.230,0.7738,0.77395,675.90,512.50
2008.10.20 06:31:47.639,0.7738,0.77395,675.90,629.20
2008.10.20 06:31:48.429,0.77375,0.77395,701.20,705.20
2008.10.20 06:31:49.189,0.77375,0.77395,692.80,529.20
2008.10.20 06:31:49.419,0.7738,0.77395,723.40,575.60
2008.10.20 06:31:49.529,0.7738,0.774,727.90,603.40
2008.10.20 06:31:49.709,0.7738,0.774,728.10,603.40
2008.10.20 06:31:50.329,0.7738,0.774,755.10,55.40
2008.10.20 06:31:50.678,0.7738,0.77395,766.70,56.35
2008.10.20 06:31:51.258,0.7738,0.774,741.70,63.40
2008.10.20 06:31:52.738,0.7738,0.774,791.10,76.20
2008.10.20 06:31:53.038,0.7738,0.774,786.90,147.80
2008.10.20 06:31:53.208,0.77375,0.77395,810.00,89.10
2008.10.20 06:31:53.328,0.77375,0.77395,833.20,138.20
2008.10.20 06:31:53.688,0.77375,0.77395,820.10,36.50
2008.10.20 06:31:55.117,0.7738,0.77395,793.80,60.20
2008.10.20 06:31:55.288,0.7738,0.77395,795.20,84.20
2008.10.20 06:31:57.697,0.7738,0.77395,843.80,201.50
2008.10.20 06:32:00.916,0.77385,0.774,851.10,93.40
2008.10.20 06:32:03.116,0.77385,0.77395,914.60,48.35
2008.10.20 06:32:03.286,0.7738,0.77395,960.40,56.30
2008.10.20 06:32:03.516,0.7738,0.77395,939.90,41.80
2008.10.20 06:32:13.123,0.7739,0.77405,1045.80,316.50
2008.10.20 06:32:15.412,0.7739,0.77405,70.40,319.10
2008.10.20 06:32:17.392,0.77385,0.77405,1052.70,378.30
2008.10.20 06:32:17.552,0.7739,0.77405,1056.80,392.30
2008.10.20 06:32:17.722,0.7739,0.77405,145.70,399.40
2008.10.20 06:32:17.962,0.7739,0.77405,1068.70,399.50
2008.10.20 06:32:18.362,0.77395,0.7741,1086.30,120.20
2008.10.20 06:32:18.772,0.7739,0.77405,162.70,99.70
2008.10.20 06:32:19.282,0.7739,0.77405,1113.30,64.40
2008.10.20 06:32:19.452,0.77385,0.77405,1112.90,65.00
2008.10.20 06:32:20.161,0.77385,0.77405,1116.70,135.10
2008.10.20 06:32:20.881,0.77385,0.77405,978.70,219.30
2008.10.20 06:32:27.010,0.7739,0.77405,976.00,363.30
2008.10.20 06:32:27.300,0.77385,0.77405,994.70,384.10
2008.10.20 06:32:41.387,0.77385,0.77405,991.50,438.50
2008.10.20 06:32:41.616,0.7738,0.774,1018.90,458.90
2008.10.20 06:32:42.266,0.77385,0.774,1078.80,464.20
2008.10.20 06:32:42.496,0.77385,0.774,1051.80,474.10
2008.10.20 06:32:42.726,0.77385,0.774,1074.00,484.20
2008.10.20 06:32:43.126,0.7738,0.774,1099.70,494.10
2008.10.20 06:32:43.466,0.77385,0.774,1078.80,544.20
2008.10.20 06:32:43.746,0.7738,0.774,1118.90,508.10
2008.10.20 06:32:43.916,0.77385,0.774,1098.20,518.10
2008.10.20 06:32:44.206,0.77385,0.774,1099.60,518.20
2008.10.20 06:32:44.376,0.7738,0.774,1106.10,528.10
2008.10.20 06:32:49.364,0.77385,0.774,1056.10,588.10
2008.10.20 06:32:49.534,0.77385,0.774,1056.40,588.10
2008.10.20 06:32:49.654,0.77385,0.77405,1077.20,537.90
2008.10.20 06:32:49.884,0.77385,0.774,1077.20,538.20
2008.10.20 06:32:50.005,0.7738,0.774,1133.30,570.20
2008.10.20 06:32:50.404,0.77385,0.77405,1097.70,439.10
2008.10.20 06:32:50.814,0.7739,0.77405,56.60,326.70
2008.10.20 06:32:51.174,0.7739,0.77405,100.00,339.70
2008.10.20 06:32:52.724,0.7739,0.77405,46.10,334.80
2008.10.20 06:32:52.954,0.77385,0.77405,1187.30,542.90
2008.10.20 06:32:54.163,0.7739,0.77405,197.90,477.00
2008.10.20 06:32:54.343,0.7739,0.77405,197.90,486.70
2008.10.20 06:32:54.753,0.7739,0.77405,49.60,433.00
2008.10.20 06:32:55.663,0.7739,0.77405,59.20,432.40
2008.10.20 06:32:56.223,0.7739,0.7741,237.50,608.70
2008.10.20 06:33:02.331,0.7739,0.7741,227.90,517.20
2008.10.20 06:33:02.451,0.7739,0.7741,227.90,517.00
2008.10.20 06:33:04.741,0.7739,0.7741,287.10,658.50
2008.10.20 06:33:04.911,0.7739,0.7741,287.10,658.70
2008.10.20 06:33:06.610,0.7739,0.7741,314.10,720.70
2008.10.20 06:33:06.730,0.77385,0.77405,1352.00,566.70
2008.10.20 06:33:07.150,0.7739,0.77405,313.00,566.70
2008.10.20 06:33:07.260,0.7739,0.7741,313.50,94.00
2008.10.20 06:33:07.760,0.77395,0.7741,1396.30,113.70
2008.10.20 06:33:07.990,0.77395,0.7741,364.33,81.20
2008.10.20 06:33:08.150,0.77395,0.7741,379.80,61.80
2008.10.20 06:33:08.499,0.77395,0.7741,384.80,75.60
2008.10.20 06:33:09.759,0.774,0.77415,41.00,65.90
2008.10.20 06:33:09.930,0.774,0.77415,77.20,67.50
2008.10.20 06:33:12.089,0.774,0.77415,136.10,109.10
2008.10.20 06:33:12.549,0.774,0.7742,153.90,170.50
2008.10.20 06:33:12.719,0.774,0.7742,153.90,170.10
2008.10.20 06:33:12.889,0.77405,0.7742,469.10,195.10
2008.10.20 06:33:12.999,0.774,0.7742,1507.80,196.90
2008.10.20 06:33:13.109,0.774,0.7742,1507.80,216.50
2008.10.20 06:33:13.998,0.774,0.77415,82.60,67.60
2008.10.20 06:33:17.088,0.774,0.77415,79.40,39.40
2008.10.20 06:33:18.487,0.774,0.77415,104.00,50.60
2008.10.20 06:33:18.828,0.77395,0.77415,430.10,50.60
2008.10.20 06:33:19.347,0.7739,0.7741,79.90,147.90
2008.10.20 06:33:19.697,0.7739,0.7741,416.00,133.90
2008.10.20 06:33:19.927,0.7739,0.7741,414.40,190.30
2008.10.20 06:33:22.866,0.7739,0.7741,432.80,89.90
2008.10.20 06:33:29.445,0.7739,0.7741,412.80,63.50
2008.10.20 06:33:33.034,0.7739,0.7741,422.40,71.40
2008.10.20 06:33:33.324,0.7739,0.77405,424.00,52.35
2008.10.20 06:33:33.614,0.7739,0.7741,424.00,37.80
2008.10.20 06:33:38.872,0.7739,0.7741,42.50,63.50
2008.10.20 06:33:39.262,0.7739,0.77405,48.20,79.20
2008.10.20 06:33:39.812,0.7739,0.77405,61.10,35.70
2008.10.20 06:33:40.112,0.7739,0.77405,49.10,34.80
2008.10.20 06:33:41.512,0.77395,0.77415,62.40,106.90
2008.10.20 06:33:42.052,0.77395,0.77415,105.60,77.40
2008.10.20 06:33:42.352,0.77395,0.77415,105.60,39.50
2008.10.20 06:33:42.871,0.77405,0.7742,64.30,101.80
2008.10.20 06:33:43.741,0.774,0.77415,129.90,40.80
2008.10.20 06:33:44.141,0.774,0.77415,177.90,66.60
2008.10.20 06:33:44.481,0.77405,0.7742,103.70,102.50
2008.10.20 06:33:44.781,0.77405,0.77425,60.50,91.90
2008.10.20 06:33:45.131,0.77415,0.7743,55.40,98.60
2008.10.20 06:33:45.311,0.7742,0.7744,95.50,99.50
2008.10.20 06:33:45.541,0.7742,0.7744,70.60,97.30
2008.10.20 06:33:45.751,0.77425,0.7744,56.20,87.50
2008.10.20 06:33:46.121,0.77425,0.7744,53.20,97.30
2008.10.20 06:33:46.470,0.7742,0.77435,53.20,59.06
2008.10.20 06:33:46.810,0.7742,0.77435,41.90,71.60
2008.10.20 06:33:46.980,0.7742,0.7744,86.80,123.10
2008.10.20 06:33:47.160,0.7742,0.77435,83.30,83.50
2008.10.20 06:33:47.320,0.7742,0.7744,74.10,91.50
2008.10.20 06:33:47.600,0.77425,0.7744,105.70,91.50
2008.10.20 06:33:50.100,0.77425,0.7744,200.70,123.50
2008.10.20 06:33:51.999,0.7742,0.77435,272.10,105.46
2008.10.20 06:33:52.279,0.77415,0.7743,219.80,84.65
2008.10.20 06:33:52.449,0.7742,0.77435,264.40,201.20
2008.10.20 06:33:52.799,0.7742,0.7743,283.70,62.80
2008.10.20 06:33:52.979,0.7742,0.7743,304.90,162.00
2008.10.20 06:33:53.329,0.77425,0.77435,216.50,79.60
2008.10.20 06:33:53.799,0.77425,0.7743,252.60,66.80
2008.10.20 06:33:54.149,0.77425,0.77435,275.90,66.80
2008.10.20 06:33:55.599,0.77425,0.77435,299.80,66.80
2008.10.20 06:33:55.708,0.77425,0.77435,33.40,20.00
2008.10.20 06:33:55.828,0.77425,0.77435,35.00,20.00
2008.10.20 06:33:56.048,0.77425,0.77435,33.40,20.85
2008.10.20 06:33:56.328,0.77425,0.77435,84.10,45.96
2008.10.20 06:33:57.188,0.7742,0.77435,102.90,81.30
2008.10.20 06:33:57.478,0.7742,0.77435,104.70,44.65
2008.10.20 06:33:57.838,0.7742,0.77435,106.30,79.86
2008.10.20 06:33:58.648,0.7742,0.77435,106.00,76.65
2008.10.20 06:33:58.707,0.7742,0.77435,104.50,164.35
2008.10.20 06:33:59.237,0.7742,0.77435,102.90,164.35
2008.10.20 06:33:59.697,0.7742,0.77435,114.00,104.36
2008.10.20 06:33:59.988,0.77425,0.7744,112.80,109.90
2008.10.20 06:34:00.287,0.77425,0.7744,93.60,41.30
2008.10.20 06:34:00.517,0.7743,0.77445,114.40,77.80
2008.10.20 06:34:00.847,0.7743,0.77445,167.50,154.80
2008.10.20 06:34:06.705,0.7743,0.77445,64.00,101.40
2008.10.20 06:34:06.866,0.7743,0.7745,99.20,203.50
2008.10.20 06:34:07.896,0.7743,0.77445,94.70,108.15
2008.10.20 06:34:08.125,0.77425,0.77445,100.80,193.50
2008.10.20 06:34:08.355,0.7743,0.77445,98.90,101.10
2008.10.20 06:34:08.865,0.77425,0.77445,80.50,121.10
2008.10.20 06:34:09.105,0.77425,0.77445,89.00,259.20
2008.10.20 06:34:10.095,0.77425,0.77445,125.50,107.70
2008.10.20 06:34:10.265,0.77425,0.77445,122.60,107.70
2008.10.20 06:34:10.445,0.77425,0.77445,121.10,107.70
2008.10.20 06:34:10.625,0.77425,0.7744,153.70,110.90
2008.10.20 06:34:10.735,0.77425,0.7744,150.90,110.90
2008.10.20 06:34:15.393,0.77425,0.7744,178.50,22.10
2008.10.20 06:34:15.743,0.77425,0.7744,153.50,34.90
2008.10.20 06:34:16.133,0.77425,0.7744,160.10,116.36
2008.10.20 06:34:18.133,0.77425,0.7744,138.50,94.25
2008.10.20 06:34:18.533,0.77425,0.7744,122.90,90.70
2008.10.20 06:34:19.853,0.77425,0.7744,92.80,125.30
2008.10.20 06:34:21.732,0.7743,0.77445,191.70,383.20
2008.10.20 06:34:21.962,0.77425,0.77445,150.40,310.70
2008.10.20 06:34:22.242,0.77425,0.77445,155.10,234.60
2008.10.20 06:34:22.562,0.77425,0.7744,89.60,39.70
2008.10.20 06:34:22.732,0.7742,0.7744,71.80,225.10
2008.10.20 06:34:23.721,0.7742,0.7744,71.30,249.10
2008.10.20 06:34:24.061,0.7742,0.7744,60.10,292.20
2008.10.20 06:34:24.241,0.7742,0.77435,37.90,66.80
2008.10.20 06:34:24.521,0.7742,0.77435,47.50,283.90
2008.10.20 06:34:24.931,0.7742,0.77435,58.80,51.90
2008.10.20 06:34:25.451,0.7742,0.77435,79.50,74.30
2008.10.20 06:34:26.601,0.77415,0.77435,143.60,99.90
2008.10.20 06:34:26.951,0.7742,0.77435,66.70,107.90
2008.10.20 06:34:27.251,0.7742,0.77435,159.50,66.30
2008.10.20 06:34:31.240,0.77415,0.77435,266.70,227.50
2008.10.20 06:34:31.360,0.7741,0.7743,176.00,113.10
2008.10.20 06:34:31.830,0.7741,0.7742,47.80,31.80
2008.10.20 06:34:32.060,0.77405,0.7742,49.30,122.80
2008.10.20 06:34:32.239,0.77405,0.7742,77.80,159.60
2008.10.20 06:34:32.520,0.77405,0.77425,83.90,159.60
2008.10.20 06:34:32.979,0.774,0.77415,82.20,28.50
2008.10.20 06:34:33.279,0.774,0.77415,66.20,42.90
2008.10.20 06:34:33.749,0.77395,0.77415,107.50,60.50
2008.10.20 06:34:35.859,0.77415,0.7742,35.20,19.28
2008.10.20 06:34:36.149,0.77415,0.77455,34.50,15.60
2008.10.20 06:34:36.329,0.77405,0.7744,34.60,20.10
2008.10.20 06:34:36.689,0.77405,0.7744,37.80,128.00
2008.10.20 06:34:37.038,0.77415,0.7744,194.40,154.85
2008.10.20 06:34:38.048,0.77415,0.7743,68.80,73.15
2008.10.20 06:34:38.278,0.77425,0.7744,36.30,179.40
2008.10.20 06:34:38.458,0.77425,0.77445,78.40,194.00
2008.10.20 06:34:39.328,0.7743,0.77445,52.40,198.00
2008.10.20 06:34:39.558,0.7743,0.7745,53.70,196.50
2008.10.20 06:34:39.908,0.77425,0.7744,54.80,204.50
2008.10.20 06:34:40.078,0.77425,0.7744,52.70,206.10
2008.10.20 06:34:40.257,0.77425,0.7744,57.50,239.10
2008.10.20 06:34:40.487,0.7742,0.7744,54.50,255.20
2008.10.20 06:34:41.897,0.7742,0.7744,54.20,279.20
2008.10.20 06:34:42.007,0.7742,0.7744,52.60,279.20
2008.10.20 06:34:42.177,0.7742,0.7743,53.40,148.40
2008.10.20 06:34:42.287,0.7741,0.7743,120.10,162.80
2008.10.20 06:34:42.407,0.7741,0.77425,147.10,51.65
2008.10.20 06:34:42.647,0.7741,0.7743,62.33,162.76
2008.10.20 06:34:44.166,0.7741,0.77425,63.90,113.25
2008.10.20 06:34:45.696,0.7741,0.7743,89.70,135.60
2008.10.20 06:34:46.486,0.7741,0.7743,105.30,290.00
2008.10.20 06:34:46.836,0.7741,0.7743,102.90,135.40
2008.10.20 06:34:47.406,0.7741,0.7743,117.10,135.40
2008.10.20 06:34:47.816,0.7741,0.7743,53.90,339.50
2008.10.20 06:34:48.116,0.7741,0.7743,61.90,329.70
2008.10.20 06:34:48.456,0.77405,0.77425,68.00,135.50
2008.10.20 06:34:48.785,0.7741,0.7743,61.90,30.00
2008.10.20 06:34:49.025,0.77405,0.77425,53.60,31.56
2008.10.20 06:34:49.245,0.7741,0.77425,45.90,31.56
2008.10.20 06:34:49.935,0.7741,0.7743,45.90,66.60
2008.10.20 06:34:50.105,0.77415,0.7743,44.60,66.70
2008.10.20 06:34:50.265,0.77415,0.7743,98.80,151.50
2008.10.20 06:34:51.385,0.7741,0.7743,98.43,151.55
2008.10.20 06:34:52.704,0.77415,0.7743,98.50,402.05
2008.10.20 06:34:53.054,0.77415,0.7743,98.70,193.15
2008.10.20 06:34:58.193,0.77415,0.77435,128.30,331.10
2008.10.20 06:34:59.633,0.77415,0.7743,45.90,169.15
2008.10.20 06:35:01.202,0.77415,0.7743,50.20,177.15
2008.10.20 06:35:01.422,0.7741,0.7743,72.00,177.15
2008.10.20 06:35:02.312,0.7741,0.7743,71.70,193.10
2008.10.20 06:35:02.602,0.7741,0.7743,188.30,399.20
2008.10.20 06:35:03.452,0.7741,0.77425,228.30,75.06
2008.10.20 06:35:06.281,0.7741,0.7743,237.90,365.20
2008.10.20 06:35:06.521,0.7741,0.7743,281.30,415.20
2008.10.20 06:35:08.651,0.7741,0.7743,273.30,465.20
2008.10.20 06:35:14.679,0.77415,0.7743,111.00,405.20
2008.10.20 06:35:14.859,0.7741,0.7743,138.90,405.20
2008.10.20 06:35:14.979,0.77415,0.7743,121.90,184.35
2008.10.20 06:35:15.439,0.77415,0.77435,80.30,393.10
2008.10.20 06:35:15.899,0.77415,0.77435,96.50,415.10
2008.10.20 06:35:19.988,0.77415,0.77435,299.50,395.10
2008.10.20 06:35:21.618,0.77415,0.7743,76.40,439.20
2008.10.20 06:35:22.707,0.7741,0.7743,230.90,477.20
2008.10.20 06:35:23.407,0.7741,0.7743,552.50,281.10
2008.10.20 06:35:23.697,0.77415,0.7743,269.70,281.10
2008.10.20 06:35:23.807,0.77415,0.77435,270.00,276.30
2008.10.20 06:35:24.277,0.7741,0.7743,552.50,281.10
2008.10.20 06:35:26.027,0.7741,0.7743,456.50,297.10
2008.10.20 06:35:26.436,0.77415,0.7743,430.00,349.10
2008.10.20 06:35:27.026,0.7741,0.7743,469.30,331.10
2008.10.20 06:35:27.536,0.77415,0.7743,188.40,339.10
2008.10.20 06:35:31.055,0.77415,0.7743,220.40,395.10
2008.10.20 06:35:31.345,0.7741,0.7743,477.10,377.10
2008.10.20 06:35:31.666,0.7741,0.77425,41.93,105.60
2008.10.20 06:35:32.265,0.77405,0.77425,97.60,419.10
2008.10.20 06:35:32.815,0.77405,0.77425,93.20,211.50
2008.10.20 06:35:33.095,0.77405,0.77425,53.20,211.50
2008.10.20 06:35:34.444,0.7741,0.77425,90.70,229.10
2008.10.20 06:35:36.014,0.77415,0.7743,48.60,106.90
2008.10.20 06:35:36.464,0.77415,0.7743,60.10,399.30
2008.10.20 06:35:36.754,0.7741,0.7743,83.70,127.50
2008.10.20 06:35:36.924,0.7741,0.7743,117.10,149.90
2008.10.20 06:35:37.094,0.7741,0.77425,40.30,152.90
2008.10.20 06:35:37.274,0.77405,0.77425,74.60,441.20
2008.10.20 06:35:37.614,0.77405,0.77425,194.20,194.00
2008.10.20 06:35:38.034,0.77405,0.77425,165.60,126.80
2008.10.20 06:35:38.314,0.7741,0.77425,102.30,176.35
2008.10.20 06:35:38.604,0.77405,0.7742,189.10,237.00
2008.10.20 06:35:38.884,0.774,0.77415,59.90,37.96
2008.10.20 06:35:39.113,0.774,0.7742,70.50,218.76
2008.10.20 06:35:39.763,0.774,0.7742,42.10,242.60
2008.10.20 06:35:39.873,0.77395,0.77415,80.00,126.00
2008.10.20 06:35:40.403,0.774,0.77415,42.30,134.00
2008.10.20 06:35:41.613,0.774,0.77415,42.10,134.00
2008.10.20 06:35:41.833,0.774,0.77415,43.70,318.00
2008.10.20 06:35:42.923,0.774,0.7742,43.70,743.90
2008.10.20 06:35:44.262,0.774,0.7742,44.50,743.90
2008.10.20 06:35:44.442,0.7741,0.7743,116.00,490.80
2008.10.20 06:35:44.792,0.7741,0.77425,55.80,250.70
2008.10.20 06:35:45.012,0.7741,0.77425,75.40,72.30
2008.10.20 06:35:45.242,0.7741,0.77425,205.90,65.30
2008.10.20 06:35:45.532,0.7741,0.7743,83.50,93.10
2008.10.20 06:35:45.702,0.77405,0.77425,110.80,100.30
2008.10.20 06:35:45.902,0.77405,0.77425,57.80,130.70
2008.10.20 06:35:46.072,0.77405,0.77425,83.50,511.20
2008.10.20 06:35:46.462,0.774,0.7742,106.00,191.50
2008.10.20 06:35:47.511,0.77405,0.7742,100.40,250.90
2008.10.20 06:35:47.791,0.77405,0.7742,127.10,81.60
2008.10.20 06:35:48.081,0.7741,0.7743,105.90,369.90
2008.10.20 06:35:48.371,0.7741,0.7743,88.50,315.20
2008.10.20 06:35:48.591,0.7741,0.7743,147.60,321.90
2008.10.20 06:35:48.831,0.7741,0.7743,148.80,125.30
2008.10.20 06:35:49.051,0.77415,0.77435,178.30,334.70
2008.10.20 06:35:50.671,0.77415,0.77435,168.50,344.30
2008.10.20 06:35:53.050,0.7742,0.77435,42.80,329.90
2008.10.20 06:35:53.850,0.7742,0.77435,41.40,329.90
2008.10.20 06:35:54.070,0.77415,0.77435,91.90,369.90
2008.10.20 06:35:54.250,0.77415,0.77435,55.10,370.30
2008.10.20 06:35:54.640,0.7741,0.7743,172.90,411.50
2008.10.20 06:35:54.800,0.77415,0.77435,101.50,550.80
2008.10.20 06:35:55.859,0.77415,0.7743,73.10,465.30
2008.10.20 06:35:56.039,0.77415,0.77435,70.00,588.00
2008.10.20 06:35:56.269,0.7741,0.7743,182.10,504.30
2008.10.20 06:35:57.999,0.7742,0.77435,234.70,504.20
2008.10.20 06:36:06.637,0.77415,0.7743,153.50,86.10
2008.10.20 06:36:06.917,0.7741,0.7743,204.80,305.10
2008.10.20 06:36:07.707,0.77415,0.77435,210.70,299.40
2008.10.20 06:36:07.936,0.77415,0.77435,210.70,63.10
2008.10.20 06:36:08.236,0.7741,0.7743,266.00,58.70
2008.10.20 06:36:08.646,0.77415,0.7743,95.90,26.75
2008.10.20 06:36:09.396,0.7741,0.7743,286.00,28.35
2008.10.20 06:36:10.366,0.77415,0.77435,245.90,118.60
2008.10.20 06:36:10.596,0.77415,0.77435,58.90,125.80
2008.10.20 06:36:10.936,0.7742,0.7744,53.10,111.90
2008.10.20 06:36:11.296,0.77425,0.7744,33.80,69.20
2008.10.20 06:36:11.695,0.7742,0.7744,60.80,80.40
2008.10.20 06:36:11.925,0.7742,0.7744,155.20,89.10
2008.10.20 06:36:12.495,0.7742,0.7744,351.70,167.50
2008.10.20 06:36:12.846,0.7742,0.7744,223.70,143.50
2008.10.20 06:36:13.025,0.77425,0.77445,202.70,179.50
2008.10.20 06:36:13.495,0.77425,0.77445,70.90,95.50
2008.10.20 06:36:13.675,0.7743,0.77445,44.40,93.30
2008.10.20 06:36:14.645,0.7743,0.7745,44.40,119.50
2008.10.20 06:36:15.055,0.7743,0.77445,41.20,107.70
2008.10.20 06:36:16.614,0.7743,0.77445,36.60,69.90
2008.10.20 06:36:16.854,0.77425,0.77445,366.90,126.70
2008.10.20 06:36:21.663,0.77425,0.7744,178.10,135.85
2008.10.20 06:36:21.943,0.77425,0.7744,66.90,143.60
2008.10.20 06:36:22.243,0.7742,0.77435,260.50,143.50
2008.10.20 06:36:22.473,0.77415,0.7743,416.80,48.30
2008.10.20 06:36:22.643,0.77415,0.7743,281.10,41.90
2008.10.20 06:36:22.873,0.77415,0.7743,262.60,49.90
2008.10.20 06:36:23.393,0.77415,0.7743,262.40,208.30
2008.10.20 06:36:23.622,0.7741,0.7743,396.00,208.30
2008.10.20 06:36:24.622,0.7741,0.7743,191.20,237.40
2008.10.20 06:36:24.782,0.7741,0.77425,210.10,130.26
2008.10.20 06:36:25.172,0.7741,0.7743,50.43,270.20
2008.10.20 06:36:25.512,0.77405,0.77425,84.80,165.10
2008.10.20 06:36:25.972,0.77405,0.7742,72.30,186.30
2008.10.20 06:36:26.422,0.77405,0.77415,44.50,52.40
2008.10.20 06:36:26.892,0.7742,0.77425,28.80,364.20
2008.10.20 06:36:27.122,0.77415,0.77425,32.13,141.20
2008.10.20 06:36:27.402,0.7741,0.77425,29.70,19.95
2008.10.20 06:36:27.752,0.77405,0.7743,56.10,100.70
2008.10.20 06:36:27.982,0.77415,0.7743,112.00,65.20
2008.10.20 06:36:28.691,0.77415,0.77435,152.00,103.90
2008.10.20 06:36:29.041,0.7742,0.77435,50.30,36.35
2008.10.20 06:36:30.091,0.7742,0.7744,55.70,117.90
2008.10.20 06:36:30.491,0.7742,0.7744,56.10,113.20
2008.10.20 06:36:30.671,0.77425,0.77445,58.13,125.90
2008.10.20 06:36:31.731,0.7742,0.7744,194.90,66.10
2008.10.20 06:36:32.021,0.7742,0.77435,77.10,123.56
2008.10.20 06:36:32.261,0.7742,0.7744,100.80,199.50
2008.10.20 06:36:32.501,0.7742,0.7744,96.00,199.10
2008.10.20 06:36:33.030,0.7742,0.7744,310.40,185.90
2008.10.20 06:36:33.311,0.7742,0.77435,54.20,178.20
2008.10.20 06:36:33.600,0.7742,0.7744,52.83,257.90
2008.10.20 06:36:34.400,0.77415,0.77435,305.20,319.10
2008.10.20 06:36:34.680,0.77415,0.77435,304.40,319.10
2008.10.20 06:36:35.600,0.77415,0.7743,296.50,359.10
2008.10.20 06:36:35.780,0.77415,0.7743,60.10,201.10
2008.10.20 06:36:36.070,0.77415,0.7743,344.40,132.70
2008.10.20 06:36:36.460,0.77415,0.77435,59.63,160.30
2008.10.20 06:36:36.690,0.77415,0.77435,352.80,259.50
2008.10.20 06:36:36.980,0.77415,0.77435,354.30,327.10
2008.10.20 06:36:37.250,0.77415,0.77435,394.00,351.10
2008.10.20 06:36:37.649,0.77415,0.77435,437.90,351.10
2008.10.20 06:36:37.879,0.77415,0.77435,438.70,351.10
2008.10.20 06:36:42.798,0.77415,0.77435,507.90,254.90
2008.10.20 06:36:42.908,0.77415,0.7743,516.80,178.26
2008.10.20 06:36:45.778,0.77415,0.77435,72.00,377.10
2008.10.20 06:36:46.397,0.77415,0.77435,569.20,235.50
2008.10.20 06:36:47.447,0.7742,0.77435,91.50,424.10
2008.10.20 06:36:47.677,0.7742,0.77435,556.60,235.30
2008.10.20 06:36:47.967,0.77425,0.77445,67.70,257.90
2008.10.20 06:36:48.317,0.7743,0.7745,46.80,83.50
2008.10.20 06:36:48.607,0.77435,0.7745,68.90,85.10
2008.10.20 06:36:48.847,0.77435,0.7745,69.10,85.10
2008.10.20 06:36:49.086,0.7744,0.7745,40.10,85.10
2008.10.20 06:37:02.133,0.7744,0.7745,349.00,80.46
2008.10.20 06:37:02.303,0.7744,0.7746,125.80,246.80
2008.10.20 06:37:03.713,0.7744,0.7746,134.20,383.30
2008.10.20 06:37:04.583,0.7744,0.7746,173.00,476.30
2008.10.20 06:37:04.703,0.77445,0.77465,264.80,255.70
2008.10.20 06:37:04.933,0.7745,0.7747,56.30,289.50
2008.10.20 06:37:05.213,0.7745,0.7747,77.70,130.90
2008.10.20 06:37:05.443,0.77445,0.77465,211.60,93.15
2008.10.20 06:37:05.733,0.77445,0.77465,198.30,87.06
2008.10.20 06:37:07.472,0.77445,0.77465,437.00,87.56
2008.10.20 06:37:12.591,0.7745,0.77465,81.70,85.96
2008.10.20 06:37:12.701,0.7745,0.77465,36.30,113.15
2008.10.20 06:37:13.391,0.7745,0.7747,294.70,166.10
2008.10.20 06:37:13.571,0.7745,0.7747,294.80,148.10
2008.10.20 06:37:13.811,0.7745,0.77465,313.80,185.50
2008.10.20 06:37:16.030,0.77445,0.77465,320.70,177.10
2008.10.20 06:37:16.260,0.7744,0.7746,408.60,147.70
2008.10.20 06:37:16.540,0.7744,0.7746,415.10,189.10
2008.10.20 06:37:20.289,0.7744,0.7746,423.70,293.50
2008.10.20 06:37:20.459,0.7744,0.77455,333.10,325.30
2008.10.20 06:37:20.579,0.7744,0.7745,333.10,226.40
2008.10.20 06:37:20.699,0.7744,0.77455,161.90,335.30
2008.10.20 06:37:20.969,0.7744,0.77455,88.10,278.90
2008.10.20 06:37:21.589,0.7744,0.7746,131.30,403.10
2008.10.20 06:37:21.949,0.7744,0.77455,127.50,269.45
2008.10.20 06:37:23.578,0.7744,0.7746,193.70,412.70
2008.10.20 06:37:24.038,0.77445,0.7746,125.80,479.50
2008.10.20 06:37:24.268,0.77445,0.7746,128.00,497.50
2008.10.20 06:37:24.568,0.7744,0.7746,156.10,479.50
2008.10.20 06:37:24.748,0.7744,0.7746,156.90,133.20
2008.10.20 06:37:25.158,0.77445,0.7746,195.00,83.20
2008.10.20 06:37:25.318,0.77445,0.77465,84.93,129.30
2008.10.20 06:37:25.568,0.77445,0.77465,231.50,141.10
2008.10.20 06:37:25.858,0.77445,0.77465,106.13,150.60
2008.10.20 06:37:26.208,0.7745,0.77465,124.50,177.96
2008.10.20 06:37:26.597,0.77455,0.7747,50.60,228.20
2008.10.20 06:37:26.818,0.77455,0.7747,70.80,218.10
2008.10.20 06:37:27.847,0.7745,0.7747,233.10,147.40
2008.10.20 06:37:28.187,0.77455,0.7747,401.90,147.40
2008.10.20 06:37:29.397,0.77455,0.7747,365.20,166.10
2008.10.20 06:37:29.807,0.77455,0.77475,543.50,282.80
2008.10.20 06:37:30.307,0.77455,0.77475,80.30,214.60
2008.10.20 06:37:30.597,0.77455,0.7747,262.60,225.30
2008.10.20 06:37:31.216,0.77445,0.77465,88.30,381.10
2008.10.20 06:37:31.506,0.77445,0.77465,62.70,237.50
2008.10.20 06:37:31.786,0.77445,0.77465,81.40,309.20
2008.10.20 06:37:32.066,0.77445,0.77465,81.60,237.20
2008.10.20 06:37:33.636,0.77445,0.77465,102.70,272.20
2008.10.20 06:37:35.995,0.7744,0.7746,87.30,101.90
2008.10.20 06:37:36.925,0.77445,0.7746,67.40,124.30
2008.10.20 06:37:37.195,0.77445,0.7746,86.90,170.76
2008.10.20 06:37:39.404,0.77445,0.77465,128.30,140.20
2008.10.20 06:37:39.584,0.77445,0.77465,162.50,140.20
2008.10.20 06:37:39.754,0.77445,0.77465,88.30,183.40
2008.10.20 06:37:40.104,0.77445,0.7746,118.70,194.76
2008.10.20 06:37:40.454,0.7744,0.7746,192.00,226.76
2008.10.20 06:37:40.684,0.7744,0.7746,225.50,236.65
2008.10.20 06:37:40.964,0.7744,0.7746,224.00,236.35
2008.10.20 06:37:41.484,0.77445,0.77465,210.50,448.20
2008.10.20 06:37:41.774,0.77445,0.77465,126.90,427.50
2008.10.20 06:37:47.462,0.7744,0.7746,254.40,309.15
2008.10.20 06:37:48.052,0.77445,0.7746,259.80,334.76
2008.10.20 06:37:48.343,0.77445,0.7746,261.10,334.76
2008.10.20 06:37:48.572,0.77445,0.7746,356.50,341.15
2008.10.20 06:37:49.762,0.77445,0.7746,347.50,397.15
2008.10.20 06:37:51.212,0.77445,0.7746,460.50,33.15
2008.10.20 06:37:51.442,0.77445,0.77465,489.30,388.20
2008.10.20 06:37:57.340,0.77445,0.77465,859.70,505.50
2008.10.20 06:37:57.560,0.77445,0.7746,540.70,655.40
2008.10.20 06:37:57.850,0.77445,0.7746,144.50,499.05
2008.10.20 06:38:02.039,0.77445,0.7746,157.70,49.15
2008.10.20 06:38:03.059,0.77445,0.7746,98.10,834.76
2008.10.20 06:38:16.745,0.77445,0.7746,268.00,42.06
2008.10.20 06:38:17.045,0.7745,0.77465,269.30,965.96
2008.10.20 06:38:40.490,0.7745,0.77465,124.20,1059.50
2008.10.20 06:38:47.218,0.7745,0.77465,144.50,1112.30
2008.10.20 06:38:47.338,0.7745,0.77465,151.40,1165.10
2008.10.20 06:38:47.808,0.7745,0.77465,162.10,1193.90
2008.10.20 06:38:50.487,0.7745,0.77465,194.60,1246.70
2008.10.20 06:38:50.657,0.77445,0.77465,293.60,1254.70
2008.10.20 06:38:51.167,0.77445,0.77465,121.60,1279.10
2008.10.20 06:38:51.637,0.77445,0.77465,171.60,1325.90
2008.10.20 06:38:51.927,0.77445,0.7746,198.80,76.70
2008.10.20 06:38:52.157,0.77445,0.7746,161.60,77.30
2008.10.20 06:38:52.446,0.77445,0.7746,140.80,97.50
2008.10.20 06:38:54.396,0.77445,0.7746,212.80,152.70
2008.10.20 06:38:54.496,0.77445,0.7746,212.80,157.10
2008.10.20 06:38:54.956,0.77445,0.77465,194.02,153.90
2008.10.20 06:38:55.776,0.77445,0.7746,226.40,219.50
2008.10.20 06:38:56.656,0.77445,0.7746,319.20,245.90
2008.10.20 06:38:58.455,0.77445,0.7746,409.00,303.50
2008.10.20 06:38:58.515,0.77445,0.7746,419.00,317.90
2008.10.20 06:38:59.875,0.77445,0.7746,403.00,732.30
2008.10.20 06:39:00.095,0.77445,0.7746,440.80,714.00
2008.10.20 06:39:00.994,0.77445,0.7746,265.10,850.80
2008.10.20 06:39:01.334,0.77445,0.7746,299.10,881.10
2008.10.20 06:39:02.414,0.77445,0.7746,247.20,968.80
2008.10.20 06:39:02.694,0.77445,0.7746,95.20,369.55
2008.10.20 06:39:02.874,0.77445,0.7746,112.80,377.95
2008.10.20 06:39:04.004,0.77445,0.77465,179.20,781.10
2008.10.20 06:39:04.304,0.77445,0.7746,196.80,401.95
2008.10.20 06:39:06.343,0.77445,0.77465,140.00,825.10
2008.10.20 06:39:06.513,0.77445,0.77465,140.40,417.90
2008.10.20 06:39:06.933,0.77445,0.77465,272.00,385.90
2008.10.20 06:39:07.153,0.77455,0.77465,55.50,665.90
2008.10.20 06:39:07.433,0.77455,0.7747,70.90,861.50
2008.10.20 06:39:17.431,0.77455,0.7747,84.80,208.80
2008.10.20 06:39:18.650,0.77455,0.7747,100.00,90.40
2008.10.20 06:39:19.040,0.77455,0.7747,140.70,98.30
2008.10.20 06:39:19.450,0.77455,0.7747,139.60,127.50
2008.10.20 06:39:19.610,0.7745,0.7747,384.40,143.60
2008.10.20 06:39:21.220,0.7745,0.7746,329.20,87.70
2008.10.20 06:39:21.670,0.7745,0.77465,255.30,114.90
2008.10.20 06:39:21.890,0.7745,0.77465,265.00,124.30
2008.10.20 06:39:22.550,0.7745,0.7746,355.70,48.60
2008.10.20 06:39:22.719,0.7745,0.7746,357.20,71.70
2008.10.20 06:39:23.309,0.77455,0.7747,68.60,93.60
2008.10.20 06:39:23.479,0.77455,0.7747,81.50,103.10
2008.10.20 06:39:24.329,0.7745,0.7747,476.40,243.60
2008.10.20 06:39:25.669,0.7745,0.7747,390.00,265.20
2008.10.20 06:39:25.789,0.7745,0.77465,388.50,208.30
2008.10.20 06:39:25.909,0.7745,0.77465,385.00,224.40
2008.10.20 06:39:26.659,0.7745,0.7747,512.70,277.60
2008.10.20 06:39:27.058,0.7745,0.7747,398.30,144.80
2008.10.20 06:39:27.968,0.7745,0.7747,412.40,282.30
2008.10.20 06:39:28.258,0.7745,0.7746,457.50,42.20
2008.10.20 06:39:28.428,0.7745,0.7746,451.50,159.00
2008.10.20 06:39:28.488,0.7745,0.7747,527.60,384.30
2008.10.20 06:39:28.718,0.7745,0.7747,401.80,384.20
2008.10.20 06:39:28.778,0.7745,0.77465,407.10,185.10
2008.10.20 06:39:28.898,0.7745,0.77465,59.90,184.30
2008.10.20 06:39:28.998,0.77445,0.77465,426.30,176.20
2008.10.20 06:39:29.468,0.77445,0.77465,557.10,595.10
2008.10.20 06:39:29.828,0.77445,0.77465,567.90,605.20
2008.10.20 06:39:31.537,0.7745,0.77465,51.20,248.35
2008.10.20 06:39:33.937,0.77445,0.77465,723.50,56.40
2008.10.20 06:39:34.386,0.77445,0.77465,557.90,56.40
2008.10.20 06:39:35.496,0.7745,0.77465,585.60,113.15
2008.10.20 06:39:35.776,0.7745,0.77465,754.50,122.00
2008.10.20 06:39:35.896,0.77445,0.77465,807.10,136.40
2008.10.20 06:39:36.126,0.7745,0.77465,773.00,131.55
2008.10.20 06:39:37.216,0.7745,0.77465,771.40,131.55
2008.10.20 06:39:37.446,0.7745,0.77465,627.20,78.75
2008.10.20 06:39:37.896,0.77445,0.77465,636.70,78.80
2008.10.20 06:39:39.225,0.77445,0.77465,652.30,86.80
2008.10.20 06:39:39.505,0.77445,0.77465,644.70,91.50
2008.10.20 06:39:40.265,0.77445,0.77465,650.70,54.80
2008.10.20 06:39:40.535,0.77445,0.77465,667.10,86.80
2008.10.20 06:39:41.105,0.77445,0.77465,878.00,94.70
2008.10.20 06:39:41.755,0.77445,0.7746,112.90,87.10
2008.10.20 06:39:42.335,0.7744,0.7746,159.60,119.50
2008.10.20 06:39:42.575,0.7744,0.7746,159.10,119.50
2008.10.20 06:39:42.805,0.7744,0.7746,189.60,109.50
2008.10.20 06:39:43.104,0.7744,0.77445,54.70,41.40
2008.10.20 06:39:43.514,0.77425,0.77445,175.80,179.50
2008.10.20 06:39:43.915,0.77435,0.7744,30.60,125.96
2008.10.20 06:39:44.144,0.77425,0.77445,96.40,84.30
2008.10.20 06:39:44.424,0.77425,0.77445,120.00,90.60
2008.10.20 06:39:44.754,0.7743,0.77445,111.10,26.75
2008.10.20 06:39:46.244,0.7743,0.7744,31.10,57.26
2008.10.20 06:39:46.484,0.7743,0.7744,32.50,57.26
2008.10.20 06:39:47.353,0.7743,0.7744,30.90,57.26
2008.10.20 06:39:47.583,0.7743,0.7744,53.50,81.25
2008.10.20 06:39:48.503,0.7743,0.77445,34.30,140.35
2008.10.20 06:39:48.723,0.7743,0.77445,59.50,115.60
2008.10.20 06:39:48.963,0.7743,0.77445,62.90,141.20
2008.10.20 06:39:49.073,0.7743,0.77445,183.20,226.76
2008.10.20 06:39:49.473,0.77425,0.77445,240.00,215.55
2008.10.20 06:39:49.823,0.77425,0.7744,47.00,119.56
2008.10.20 06:39:50.513,0.77425,0.7744,37.50,37.96
2008.10.20 06:39:50.982,0.7742,0.7744,291.60,151.40
2008.10.20 06:39:51.673,0.7742,0.77435,281.60,95.60
2008.10.20 06:39:52.252,0.7742,0.7744,279.00,33.20
2008.10.20 06:39:52.662,0.77425,0.7744,269.60,81.20
2008.10.20 06:39:52.942,0.77425,0.7744,43.90,36.35
2008.10.20 06:39:53.232,0.7742,0.77435,91.70,70.00
2008.10.20 06:39:53.532,0.7742,0.77435,57.00,36.30
2008.10.20 06:39:53.892,0.7742,0.77435,34.40,42.00
2008.10.20 06:39:54.242,0.77425,0.7744,185.90,38.00
2008.10.20 06:39:54.522,0.77425,0.7744,225.70,18.80
2008.10.20 06:39:54.752,0.77425,0.7744,57.90,29.95
2008.10.20 06:39:55.032,0.77425,0.7744,246.30,29.90
2008.10.20 06:39:55.321,0.77425,0.7744,75.80,22.85
2008.10.20 06:39:55.561,0.77425,0.7744,62.10,31.85
2008.10.20 06:39:55.961,0.77425,0.7744,34.70,210.10
2008.10.20 06:39:56.241,0.77425,0.7744,87.00,52.35
2008.10.20 06:39:58.940,0.77425,0.7744,87.00,37.26
2008.10.20 06:39:59.171,0.77425,0.77445,410.00,228.05
2008.10.20 06:40:00.880,0.77425,0.7744,409.70,140.40
2008.10.20 06:40:01.220,0.77425,0.7744,152.50,29.95
2008.10.20 06:40:01.670,0.77425,0.7744,176.70,37.96
2008.10.20 06:40:02.010,0.77415,0.7743,485.10,29.95
2008.10.20 06:40:02.230,0.77415,0.7743,496.40,30.00
2008.10.20 06:40:02.510,0.77415,0.7743,496.10,34.70
2008.10.20 06:40:02.780,0.77415,0.77435,640.80,36.35
2008.10.20 06:40:03.130,0.77415,0.7743,243.90,76.40
2008.10.20 06:40:03.419,0.77415,0.77425,560.70,17.25
2008.10.20 06:40:04.349,0.77425,0.7743,30.80,94.96
2008.10.20 06:40:04.629,0.77425,0.7745,492.30,155.60
2008.10.20 06:40:04.919,0.77425,0.7745,62.63,163.40
2008.10.20 06:40:06.899,0.77425,0.77445,131.50,171.60
2008.10.20 06:40:07.189,0.77425,0.77445,133.00,174.80
2008.10.20 06:40:07.469,0.7742,0.7744,216.70,214.70
2008.10.20 06:40:08.549,0.77425,0.77445,104.20,312.80
2008.10.20 06:40:08.768,0.77425,0.77445,226.80,342.80
2008.10.20 06:40:09.008,0.77425,0.7744,154.40,281.90
2008.10.20 06:40:09.348,0.7742,0.77425,167.20,234.70
2008.10.20 06:40:09.688,0.7741,0.77425,231.00,77.60
2008.10.20 06:40:09.978,0.77405,0.77425,257.40,47.56
2008.10.20 06:40:10.258,0.77405,0.7742,47.10,164.35
2008.10.20 06:40:10.548,0.77405,0.77415,35.90,74.46
2008.10.20 06:40:10.838,0.77405,0.77415,31.10,187.55
2008.10.20 06:40:11.408,0.77405,0.7741,38.90,265.65
2008.10.20 06:40:12.217,0.77405,0.77415,67.70,583.26
2008.10.20 06:40:12.447,0.774,0.77415,79.80,604.76
2008.10.20 06:40:12.727,0.774,0.7741,79.80,316.05
2008.10.20 06:40:13.237,0.774,0.77415,116.90,619.55
2008.10.20 06:40:13.567,0.77405,0.7741,155.70,232.46
2008.10.20 06:40:13.797,0.77405,0.77415,153.70,243.26
2008.10.20 06:40:14.617,0.774,0.77415,35.90,103.56
2008.10.20 06:40:15.007,0.77395,0.77415,147.20,144.76
2008.10.20 06:40:15.357,0.774,0.77415,42.30,191.00
2008.10.20 06:40:15.527,0.7739,0.7741,58.40,28.40
2008.10.20 06:40:15.647,0.77395,0.77415,58.30,191.20
2008.10.20 06:40:15.936,0.77395,0.77415,160.00,191.55
2008.10.20 06:40:16.836,0.77395,0.77415,68.30,23.60
2008.10.20 06:40:17.066,0.774,0.77415,63.90,31.60
2008.10.20 06:40:17.306,0.774,0.7742,63.60,191.60
2008.10.20 06:40:17.666,0.77405,0.7742,45.40,197.96
2008.10.20 06:40:17.946,0.77405,0.7742,52.60,29.25
2008.10.20 06:40:18.476,0.7741,0.77425,53.50,89.15
2008.10.20 06:40:19.866,0.7741,0.77425,50.90,127.50
2008.10.20 06:40:20.036,0.774,0.77415,51.43,98.70
2008.10.20 06:40:20.206,0.774,0.77415,87.90,104.20
2008.10.20 06:40:20.435,0.774,0.7741,47.20,64.80
2008.10.20 06:40:20.485,0.7739,0.7741,153.60,51.80
2008.10.20 06:40:22.075,0.7739,0.7741,304.00,162.00
2008.10.20 06:40:22.636,0.77395,0.77415,340.00,47.56
2008.10.20 06:40:22.865,0.774,0.77415,91.30,95.60
2008.10.20 06:40:23.155,0.774,0.7742,362.40,41.00
2008.10.20 06:40:23.445,0.774,0.7742,109.50,36.35
2008.10.20 06:40:23.725,0.774,0.7742,142.40,38.00
2008.10.20 06:40:24.285,0.77405,0.7742,41.70,38.00
2008.10.20 06:40:24.584,0.77415,0.77425,38.10,128.40
2008.10.20 06:40:24.854,0.77415,0.77425,37.40,100.46
2008.10.20 06:40:25.614,0.77415,0.77425,37.50,34.85
2008.10.20 06:40:25.784,0.77415,0.7742,41.20,27.66
2008.10.20 06:40:26.064,0.7741,0.7742,52.60,180.85
2008.10.20 06:40:26.344,0.7741,0.77415,44.60,168.46
2008.10.20 06:40:26.854,0.7741,0.77425,44.60,179.26
2008.10.20 06:40:29.163,0.7741,0.77425,44.60,213.26
2008.10.20 06:40:29.453,0.7741,0.77425,46.20,236.35
2008.10.20 06:40:30.503,0.7741,0.7742,46.20,222.85
2008.10.20 06:40:30.683,0.774,0.7742,135.90,225.90
2008.10.20 06:40:32.742,0.774,0.77415,303.50,47.60
2008.10.20 06:40:32.912,0.774,0.77415,313.20,46.00
2008.10.20 06:40:34.662,0.7741,0.77415,56.20,59.06
2008.10.20 06:40:34.952,0.7741,0.7742,54.30,173.10
2008.10.20 06:40:35.172,0.774,0.7742,317.50,285.10
2008.10.20 06:40:35.632,0.77405,0.7742,108.00,202.00
2008.10.20 06:40:37.341,0.77405,0.7742,75.60,350.60
2008.10.20 06:40:37.511,0.774,0.7742,291.50,334.70
2008.10.20 06:40:37.681,0.774,0.7742,266.80,449.10
2008.10.20 06:40:37.971,0.774,0.77415,255.20,46.00
2008.10.20 06:40:38.361,0.774,0.77415,78.70,63.60
2008.10.20 06:40:38.531,0.77395,0.77415,95.90,60.40
2008.10.20 06:40:38.831,0.77395,0.77415,101.50,68.40
2008.10.20 06:40:39.391,0.774,0.7742,114.80,70.75
2008.10.20 06:40:39.691,0.774,0.77415,63.20,108.40
2008.10.20 06:40:40.330,0.77395,0.77415,40.70,118.00
2008.10.20 06:40:40.801,0.774,0.77415,35.00,117.20
2008.10.20 06:40:40.921,0.774,0.7742,146.80,427.60
2008.10.20 06:40:41.031,0.774,0.7742,103.90,410.00
2008.10.20 06:40:41.380,0.77395,0.77415,171.10,74.80
2008.10.20 06:40:41.670,0.77395,0.77415,48.30,111.60
2008.10.20 06:40:41.960,0.77395,0.77415,59.90,68.40
2008.10.20 06:40:42.430,0.774,0.77415,44.50,438.00
2008.10.20 06:40:42.650,0.77405,0.77425,80.80,648.10
2008.10.20 06:40:42.880,0.77405,0.7742,75.53,696.00
2008.10.20 06:40:43.110,0.774,0.7742,96.70,44.40
2008.10.20 06:40:43.340,0.77405,0.7742,53.60,487.50
2008.10.20 06:40:43.510,0.774,0.7742,109.20,495.50
2008.10.20 06:40:43.730,0.774,0.7742,104.20,516.20
2008.10.20 06:40:44.020,0.774,0.7742,187.40,556.40
2008.10.20 06:40:44.250,0.77405,0.7742,118.60,556.40
2008.10.20 06:40:44.610,0.77405,0.7742,133.90,596.20
2008.10.20 06:40:45.379,0.77405,0.7742,47.80,36.80
2008.10.20 06:40:45.550,0.774,0.77415,66.50,69.90
2008.10.20 06:40:46.749,0.774,0.77415,173.40,624.30
2008.10.20 06:40:47.039,0.774,0.77415,132.20,941.10
2008.10.20 06:40:47.279,0.774,0.77415,40.90,951.10
2008.10.20 06:40:56.257,0.774,0.77415,207.00,779.50
2008.10.20 06:40:56.537,0.774,0.77415,203.30,805.10
2008.10.20 06:40:56.597,0.774,0.77415,201.50,805.10
2008.10.20 06:40:56.817,0.77395,0.77415,258.70,813.00
2008.10.20 06:41:02.755,0.77395,0.77415,247.90,1204.80
2008.10.20 06:41:02.806,0.77395,0.7741,246.00,837.10
2008.10.20 06:41:03.025,0.77395,0.7741,74.60,49.30
2008.10.20 06:41:03.255,0.77395,0.7741,89.50,40.80
2008.10.20 06:41:03.415,0.77395,0.7741,88.40,41.10
2008.10.20 06:41:03.995,0.77395,0.77405,96.00,37.15
2008.10.20 06:41:04.225,0.77395,0.7741,186.00,52.00
2008.10.20 06:41:04.445,0.77395,0.7741,142.80,74.80
2008.10.20 06:41:04.675,0.77395,0.7741,151.90,68.50
2008.10.20 06:41:04.905,0.77395,0.77415,158.30,135.40
2008.10.20 06:41:05.484,0.77395,0.77415,163.10,767.10
2008.10.20 06:41:05.595,0.77395,0.77415,161.20,767.10
2008.10.20 06:41:05.714,0.77395,0.7741,190.80,169.10
2008.10.20 06:41:05.894,0.77395,0.7741,205.20,218.20
2008.10.20 06:41:06.584,0.77395,0.7741,215.50,1105.10
2008.10.20 06:41:06.944,0.77385,0.77405,181.70,274.00
2008.10.20 06:41:07.394,0.7738,0.774,283.70,96.80
2008.10.20 06:41:07.564,0.7738,0.774,285.50,96.80
2008.10.20 06:41:07.794,0.7738,0.774,221.90,96.40
2008.10.20 06:41:08.214,0.77385,0.774,43.80,190.80
2008.10.20 06:41:08.434,0.77375,0.77395,191.90,56.30
2008.10.20 06:41:08.714,0.77375,0.7739,174.30,96.30
2008.10.20 06:41:08.884,0.77375,0.77395,174.70,99.50
2008.10.20 06:41:10.443,0.77375,0.77395,59.10,155.50
2008.10.20 06:41:10.733,0.77375,0.77395,73.50,322.30
2008.10.20 06:41:12.333,0.77375,0.77395,75.10,659.10
2008.10.20 06:41:12.623,0.77375,0.7738,93.50,202.90
2008.10.20 06:41:12.853,0.7736,0.7738,157.20,243.50
2008.10.20 06:41:13.083,0.7736,0.77375,157.70,77.10
2008.10.20 06:41:13.383,0.77355,0.7737,83.10,61.50
2008.10.20 06:41:13.543,0.7735,0.77365,69.80,55.60
2008.10.20 06:41:13.663,0.7735,0.77365,56.70,50.60
2008.10.20 06:41:13.963,0.77345,0.77365,54.40,47.60
2008.10.20 06:41:14.193,0.7735,0.77365,64.00,159.50
2008.10.20 06:41:14.253,0.77345,0.77365,47.60,53.80
2008.10.20 06:41:15.632,0.77345,0.7736,48.20,55.56
2008.10.20 06:41:15.982,0.77345,0.7736,129.70,65.10
2008.10.20 06:41:16.102,0.77345,0.7736,131.50,65.10
2008.10.20 06:41:16.222,0.7734,0.7736,152.20,41.20
2008.10.20 06:41:17.251,0.77345,0.7736,118.90,49.20
2008.10.20 06:41:18.351,0.77345,0.7736,144.00,66.80
2008.10.20 06:41:20.581,0.77355,0.77365,233.60,96.30
2008.10.20 06:41:20.821,0.77355,0.77365,235.30,96.40
2008.10.20 06:41:21.001,0.77355,0.7737,272.30,150.80
2008.10.20 06:41:21.241,0.77355,0.77375,295.50,204.50
2008.10.20 06:41:21.421,0.77355,0.77375,316.50,93.30
2008.10.20 06:41:21.661,0.77355,0.77375,93.50,131.60
2008.10.20 06:41:21.901,0.77365,0.77375,40.60,178.05
2008.10.20 06:41:22.690,0.77365,0.77375,133.50,93.25
2008.10.20 06:41:22.910,0.77365,0.7738,50.30,132.05
2008.10.20 06:41:23.760,0.77365,0.77375,58.30,101.25
2008.10.20 06:41:24.000,0.77365,0.7738,50.30,128.05
2008.10.20 06:41:24.540,0.77365,0.77375,251.00,114.06
2008.10.20 06:41:24.780,0.77365,0.7738,192.70,173.90
2008.10.20 06:41:25.080,0.7736,0.77375,293.80,82.80
2008.10.20 06:41:25.310,0.7736,0.77375,329.10,98.80
2008.10.20 06:41:25.660,0.7736,0.77375,333.80,98.80
2008.10.20 06:41:25.890,0.7736,0.77375,334.10,96.46
2008.10.20 06:41:26.180,0.77365,0.7738,166.30,139.20
2008.10.20 06:41:26.579,0.77365,0.77375,107.40,147.20
2008.10.20 06:41:26.859,0.7737,0.7739,29.80,19.30
2008.10.20 06:41:27.479,0.7737,0.7739,46.60,119.10
2008.10.20 06:41:27.779,0.7737,0.7739,53.10,119.10
2008.10.20 06:41:27.939,0.7737,0.7739,70.20,79.10
2008.10.20 06:41:28.239,0.7737,0.7739,52.10,75.90
2008.10.20 06:41:28.529,0.7737,0.77385,74.60,128.50
2008.10.20 06:41:29.629,0.7737,0.7739,66.00,155.30
2008.10.20 06:41:29.839,0.7737,0.7739,82.30,197.20
2008.10.20 06:41:30.289,0.7737,0.7739,68.30,51.60
2008.10.20 06:41:31.748,0.77375,0.7739,111.40,96.30
2008.10.20 06:41:32.098,0.7738,0.77395,100.50,110.00
2008.10.20 06:41:32.378,0.7738,0.774,123.23,47.60
2008.10.20 06:41:32.958,0.77385,0.774,33.10,55.56
2008.10.20 06:41:33.298,0.77385,0.774,48.70,66.75
2008.10.20 06:41:33.578,0.7739,0.77405,31.40,90.70
2008.10.20 06:41:33.928,0.77395,0.77415,40.42,46.00
2008.10.20 06:41:34.168,0.77395,0.77415,48.80,25.20
2008.10.20 06:41:34.397,0.774,0.77415,199.80,87.60
2008.10.20 06:41:34.847,0.774,0.77415,215.30,87.60
2008.10.20 06:41:35.027,0.77395,0.774,203.20,34.90
2008.10.20 06:41:35.258,0.7738,0.774,207.20,53.96
2008.10.20 06:41:36.217,0.7738,0.774,250.10,163.10
2008.10.20 06:41:36.427,0.7738,0.774,258.10,175.30
2008.10.20 06:41:38.657,0.77385,0.774,179.90,293.10
2008.10.20 06:41:39.007,0.77385,0.774,205.20,165.20
2008.10.20 06:41:39.296,0.77385,0.77405,205.20,209.30
2008.10.20 06:41:40.556,0.7738,0.77405,276.80,258.90
2008.10.20 06:41:40.616,0.7738,0.774,276.80,205.20
2008.10.20 06:41:40.676,0.7738,0.774,275.70,205.10
2008.10.20 06:41:40.736,0.7738,0.774,274.90,225.30
2008.10.20 06:41:42.026,0.77375,0.77395,307.10,95.60
2008.10.20 06:41:42.306,0.7738,0.77395,274.70,236.40
2008.10.20 06:41:43.215,0.77375,0.77395,263.90,365.15
2008.10.20 06:41:43.565,0.77375,0.7739,84.40,158.30
2008.10.20 06:41:44.005,0.7737,0.77385,152.30,194.80
2008.10.20 06:41:44.185,0.7737,0.7739,89.00,388.00
2008.10.20 06:41:44.415,0.7737,0.77385,67.70,227.60
2008.10.20 06:41:44.645,0.77365,0.77385,78.30,389.30
2008.10.20 06:41:45.105,0.77365,0.77385,54.30,229.00
2008.10.20 06:41:45.485,0.7737,0.77385,52.20,73.30
2008.10.20 06:41:45.725,0.77375,0.7739,48.50,261.40
2008.10.20 06:41:45.945,0.77365,0.77385,96.70,257.80
2008.10.20 06:41:46.405,0.77365,0.77385,84.70,272.30
2008.10.20 06:41:46.585,0.7737,0.77385,54.40,183.55
2008.10.20 06:41:46.755,0.7737,0.77385,48.90,155.50
2008.10.20 06:41:47.494,0.7737,0.7739,96.20,538.60
2008.10.20 06:41:47.774,0.7737,0.77385,79.10,166.00
2008.10.20 06:41:48.654,0.77375,0.77385,45.70,36.40
2008.10.20 06:41:48.934,0.7737,0.77385,71.30,36.40
2008.10.20 06:41:49.044,0.7737,0.77385,86.80,234.70
2008.10.20 06:41:51.454,0.7737,0.77385,103.50,236.40
2008.10.20 06:41:51.564,0.7737,0.7739,140.50,409.40
2008.10.20 06:41:51.743,0.7737,0.77385,94.30,70.70
2008.10.20 06:41:52.073,0.7737,0.77385,63.10,77.20
2008.10.20 06:41:52.253,0.7737,0.77385,75.50,83.50
2008.10.20 06:41:52.433,0.77365,0.77385,76.30,83.50
2008.10.20 06:41:53.523,0.77365,0.77385,143.50,239.00
2008.10.20 06:41:53.763,0.77365,0.7738,150.40,61.20
2008.10.20 06:41:54.163,0.77365,0.7738,177.10,42.90
2008.10.20 06:41:54.333,0.7736,0.7738,185.50,105.80
2008.10.20 06:41:54.573,0.7736,0.7738,183.30,106.00
2008.10.20 06:41:54.743,0.7736,0.7738,154.90,264.90
2008.10.20 06:41:54.863,0.77355,0.77375,155.90,71.00
2008.10.20 06:41:55.273,0.77355,0.77375,108.30,64.80
2008.10.20 06:41:55.393,0.77355,0.77375,137.10,48.80
2008.10.20 06:41:55.572,0.77355,0.77375,135.90,70.00
2008.10.20 06:41:55.692,0.7736,0.7738,38.90,175.60
2008.10.20 06:41:56.022,0.7736,0.7738,247.20,378.60
2008.10.20 06:41:56.472,0.7737,0.7738,373.60,406.70
2008.10.20 06:41:56.812,0.7736,0.7738,433.10,579.70
2008.10.20 06:41:57.402,0.77355,0.77375,49.10,168.40
2008.10.20 06:41:57.692,0.7736,0.7738,47.50,362.40
2008.10.20 06:41:58.492,0.7736,0.7738,85.60,734.90
2008.10.20 06:41:58.762,0.77365,0.7738,79.50,407.60
2008.10.20 06:41:59.361,0.77365,0.7738,78.90,436.40
2008.10.20 06:42:00.231,0.77365,0.7738,87.20,444.40
2008.10.20 06:42:00.341,0.77365,0.77385,112.40,634.00
2008.10.20 06:42:00.502,0.77365,0.77385,121.60,513.80
2008.10.20 06:42:00.681,0.77365,0.77385,105.00,683.30
2008.10.20 06:42:00.791,0.77365,0.77385,105.20,683.30
2008.10.20 06:42:00.951,0.77365,0.77385,92.50,725.30
2008.10.20 06:42:01.221,0.7736,0.7738,177.50,49.00
2008.10.20 06:42:01.501,0.7736,0.7738,159.10,343.70
2008.10.20 06:42:01.741,0.7736,0.77375,147.30,89.90
2008.10.20 06:42:02.051,0.7736,0.77375,146.60,56.30
2008.10.20 06:42:02.341,0.77355,0.77375,202.20,64.30
2008.10.20 06:42:04.940,0.7736,0.77375,163.30,107.50
2008.10.20 06:42:06.940,0.77355,0.77375,216.20,166.60
2008.10.20 06:42:07.450,0.7736,0.77375,166.70,145.30
2008.10.20 06:42:07.690,0.7736,0.7738,261.80,174.70
2008.10.20 06:42:08.019,0.77365,0.77385,65.10,257.20
2008.10.20 06:42:08.730,0.77365,0.7738,52.30,47.60
2008.10.20 06:42:09.139,0.7736,0.7738,273.90,46.00
2008.10.20 06:42:09.489,0.7736,0.7738,303.90,132.30
2008.10.20 06:42:09.769,0.7736,0.7738,104.30,55.60
2008.10.20 06:42:10.459,0.7736,0.7738,73.60,169.20
2008.10.20 06:42:11.049,0.7736,0.77375,97.60,76.30
2008.10.20 06:42:11.919,0.7736,0.7738,113.60,223.60
2008.10.20 06:42:12.798,0.7736,0.77375,72.00,74.80
2008.10.20 06:42:13.268,0.7736,0.77375,72.60,242.40
2008.10.20 06:42:13.598,0.7736,0.77365,54.30,101.30
2008.10.20 06:42:13.818,0.7735,0.7737,72.80,127.60
2008.10.20 06:42:16.058,0.7735,0.7737,73.90,202.60
2008.10.20 06:42:16.227,0.7735,0.7737,74.80,202.60
2008.10.20 06:42:16.347,0.7735,0.7737,109.50,480.70
2008.10.20 06:42:16.397,0.7735,0.7737,125.00,209.00
2008.10.20 06:42:16.567,0.7735,0.7737,47.40,316.70
2008.10.20 06:42:16.687,0.7735,0.7737,67.90,276.70
2008.10.20 06:42:17.218,0.7735,0.7737,212.70,78.60
2008.10.20 06:42:17.667,0.7735,0.7737,261.60,158.80
2008.10.20 06:42:18.267,0.7735,0.7737,58.80,150.80
2008.10.20 06:42:18.547,0.7735,0.7737,120.30,78.60
2008.10.20 06:42:19.877,0.77355,0.7737,119.10,55.60
2008.10.20 06:42:20.106,0.7735,0.7737,217.10,70.00
2008.10.20 06:42:20.726,0.77355,0.7737,220.50,68.40
2008.10.20 06:42:21.936,0.7735,0.7737,278.30,213.00
2008.10.20 06:42:22.636,0.7735,0.7737,278.70,213.00
2008.10.20 06:42:23.676,0.77355,0.7737,168.50,66.00
2008.10.20 06:42:24.116,0.77355,0.7737,250.10,75.60
2008.10.20 06:42:24.335,0.77355,0.7737,270.90,61.20
2008.10.20 06:42:24.675,0.77355,0.7737,276.90,43.60
2008.10.20 06:42:24.915,0.77355,0.7737,333.70,49.30
2008.10.20 06:42:25.315,0.77355,0.7737,344.40,57.30
2008.10.20 06:42:25.645,0.77355,0.7737,376.90,65.30
2008.10.20 06:42:25.875,0.77355,0.7737,408.40,71.70
2008.10.20 06:42:26.785,0.77355,0.77375,174.00,307.30
2008.10.20 06:42:27.065,0.77355,0.77375,161.10,285.10
2008.10.20 06:42:27.305,0.77355,0.77375,144.70,138.00
2008.10.20 06:42:28.805,0.7736,0.77375,149.50,114.00
2008.10.20 06:42:29.085,0.77355,0.77375,270.30,114.00
2008.10.20 06:42:29.195,0.7736,0.77375,171.90,157.20
2008.10.20 06:42:29.764,0.7736,0.77375,73.80,408.40
2008.10.20 06:42:30.154,0.77355,0.7737,132.70,49.15
2008.10.20 06:42:32.364,0.77355,0.7737,70.40,291.60
2008.10.20 06:42:33.503,0.77355,0.7737,250.10,493.10
2008.10.20 06:42:36.523,0.77355,0.7737,97.20,504.36
2008.10.20 06:42:37.162,0.77355,0.7737,363.20,679.10
2008.10.20 06:42:37.392,0.7735,0.7737,364.70,538.00
2008.10.20 06:42:37.852,0.7735,0.7737,376.30,341.20
2008.10.20 06:42:38.702,0.77355,0.7737,383.70,349.20
2008.10.20 06:42:39.522,0.77355,0.7737,384.90,307.60
2008.10.20 06:42:40.272,0.77355,0.7737,311.90,64.30
2008.10.20 06:42:40.561,0.7735,0.7737,430.70,45.90
2008.10.20 06:42:44.011,0.7735,0.7737,452.30,53.90
2008.10.20 06:42:47.170,0.77355,0.7737,374.90,74.70
2008.10.20 06:42:47.590,0.77355,0.7737,226.90,74.00
2008.10.20 06:42:48.260,0.77355,0.7737,234.00,288.30
2008.10.20 06:42:48.440,0.77355,0.7737,250.80,296.30
2008.10.20 06:42:51.789,0.77355,0.7737,249.30,119.60
2008.10.20 06:42:52.139,0.77355,0.7737,265.20,127.50
2008.10.20 06:42:54.708,0.77355,0.77375,326.70,434.00
2008.10.20 06:42:54.948,0.77355,0.77375,337.90,83.60
2008.10.20 06:42:56.548,0.77355,0.7737,369.50,113.15
2008.10.20 06:42:56.718,0.77355,0.77375,369.50,415.10
2008.10.20 06:42:58.747,0.77355,0.7737,427.10,333.15
2008.10.20 06:43:02.306,0.7735,0.77365,83.20,46.80
2008.10.20 06:43:02.646,0.77355,0.7737,98.92,415.20
2008.10.20 06:43:03.006,0.77365,0.7737,74.00,360.45
2008.10.20 06:43:03.646,0.7737,0.7738,51.60,45.26
2008.10.20 06:43:09.675,0.77365,0.7737,79.60,53.26
2008.10.20 06:43:11.394,0.77365,0.77375,82.70,53.26
2008.10.20 06:43:13.573,0.77365,0.7738,92.60,72.46
2008.10.20 06:43:15.863,0.77365,0.7738,140.80,106.06
2008.10.20 06:43:15.973,0.7737,0.7738,63.10,78.00
2008.10.20 06:43:16.453,0.7737,0.77385,71.00,139.26
2008.10.20 06:43:16.873,0.7737,0.7738,71.00,27.66
2008.10.20 06:43:19.682,0.7737,0.7738,72.50,97.96
2008.10.20 06:43:19.922,0.7737,0.7738,64.60,120.20
2008.10.20 06:43:20.212,0.7736,0.7738,133.60,42.76
2008.10.20 06:43:26.890,0.7736,0.7738,169.70,82.60
2008.10.20 06:43:30.229,0.7736,0.7738,159.20,201.00
2008.10.20 06:43:31.499,0.7736,0.77375,177.20,108.40
2008.10.20 06:43:31.729,0.7736,0.77375,105.30,86.00
2008.10.20 06:43:32.079,0.7736,0.77375,105.30,75.60
2008.10.20 06:43:32.409,0.7736,0.77375,111.50,78.75
2008.10.20 06:43:33.009,0.7736,0.77375,84.30,203.10
2008.10.20 06:43:33.239,0.7736,0.77375,84.40,203.30
2008.10.20 06:43:34.298,0.7736,0.77375,83.00,149.20
2008.10.20 06:43:34.529,0.77355,0.77375,216.50,173.20
2008.10.20 06:43:39.128,0.7736,0.77375,81.40,178.80
2008.10.20 06:43:39.247,0.7736,0.77375,92.40,212.40
2008.10.20 06:43:39.487,0.7736,0.77375,110.70,188.05
2008.10.20 06:43:39.667,0.7736,0.77375,85.30,178.05
2008.10.20 06:43:39.837,0.7736,0.77375,93.10,188.00
2008.10.20 06:43:40.178,0.7736,0.7738,246.80,235.10
2008.10.20 06:43:40.347,0.7736,0.77375,288.80,178.76
2008.10.20 06:43:40.627,0.7736,0.7738,298.80,197.10
2008.10.20 06:43:41.207,0.77365,0.77385,141.50,238.90
2008.10.20 06:43:42.816,0.7736,0.77375,330.50,162.80
2008.10.20 06:43:43.096,0.7736,0.77375,171.10,176.40
2008.10.20 06:43:44.086,0.7736,0.7738,171.10,226.00
2008.10.20 06:43:45.336,0.7736,0.77375,180.70,202.00
2008.10.20 06:43:46.066,0.7736,0.77375,413.80,249.90
2008.10.20 06:43:46.176,0.77355,0.77375,204.70,247.10
2008.10.20 06:43:46.296,0.77355,0.77375,213.30,242.20
2008.10.20 06:43:46.466,0.77355,0.77375,159.20,271.20
2008.10.20 06:43:46.586,0.7735,0.77365,230.50,285.10
2008.10.20 06:43:48.255,0.7735,0.77365,252.90,217.60
2008.10.20 06:43:48.425,0.77345,0.77365,238.30,394.80
2008.10.20 06:43:48.945,0.77345,0.77365,294.30,339.20
2008.10.20 06:43:50.635,0.77345,0.77365,314.30,42.00
2008.10.20 06:43:50.855,0.7735,0.7737,342.50,200.80
2008.10.20 06:43:51.125,0.7735,0.77365,396.50,50.00
2008.10.20 06:43:51.524,0.7735,0.7737,376.90,240.80
2008.10.20 06:43:51.744,0.7735,0.7737,388.10,240.20
2008.10.20 06:43:51.914,0.7735,0.7737,384.00,48.40
2008.10.20 06:43:52.194,0.7735,0.77365,383.50,37.20
2008.10.20 06:43:52.884,0.77345,0.77365,387.20,77.00
2008.10.20 06:43:53.224,0.7735,0.7736,74.60,88.36
2008.10.20 06:43:53.934,0.7735,0.77365,82.90,120.30
2008.10.20 06:43:54.214,0.7735,0.77365,93.20,139.50
2008.10.20 06:43:54.934,0.77355,0.7737,104.00,183.60
2008.10.20 06:43:55.274,0.77355,0.77375,121.90,379.30
2008.10.20 06:43:55.563,0.77355,0.77375,132.70,389.70
2008.10.20 06:43:56.194,0.7736,0.77375,139.50,472.30
2008.10.20 06:43:56.763,0.77365,0.77375,42.80,273.20
2008.10.20 06:43:56.993,0.7736,0.77375,105.90,235.50
2008.10.20 06:43:58.653,0.77355,0.7737,203.80,281.95
2008.10.20 06:43:58.872,0.77355,0.7737,100.30,189.20
2008.10.20 06:44:02.342,0.77355,0.7737,182.20,221.20
2008.10.20 06:44:02.512,0.7735,0.7737,260.60,230.80
2008.10.20 06:44:02.742,0.7735,0.7737,259.00,222.00
2008.10.20 06:44:03.032,0.77355,0.7737,257.60,223.60
2008.10.20 06:44:03.322,0.7736,0.77375,157.50,332.40
2008.10.20 06:44:03.682,0.7736,0.77375,57.10,450.50
2008.10.20 06:44:03.982,0.7736,0.77375,63.70,354.00
2008.10.20 06:44:04.272,0.77365,0.7738,76.30,512.60
2008.10.20 06:44:04.561,0.77365,0.7738,86.50,446.70
2008.10.20 06:44:04.911,0.77365,0.77385,60.10,447.20
2008.10.20 06:44:05.151,0.77365,0.77385,68.10,510.80
2008.10.20 06:44:05.771,0.7737,0.77385,53.20,510.80
2008.10.20 06:44:06.191,0.7737,0.77385,65.10,301.10
2008.10.20 06:44:06.471,0.7737,0.7738,103.00,252.35
2008.10.20 06:44:06.831,0.7737,0.77385,76.30,333.20
2008.10.20 06:44:07.341,0.7737,0.7739,132.30,360.50
2008.10.20 06:44:07.681,0.77375,0.7739,50.20,322.70
2008.10.20 06:44:07.860,0.7738,0.7739,72.70,322.80
2008.10.20 06:44:08.090,0.7738,0.77395,141.90,458.50
2008.10.20 06:44:08.610,0.7738,0.77395,71.50,354.70
2008.10.20 06:44:10.690,0.7738,0.77395,76.50,160.30
2008.10.20 06:44:10.860,0.77375,0.77395,211.40,93.30
2008.10.20 06:44:11.100,0.77375,0.77395,103.50,91.70
2008.10.20 06:44:11.679,0.7737,0.7739,202.40,86.60
2008.10.20 06:44:12.549,0.77375,0.7739,86.50,93.00
2008.10.20 06:44:12.839,0.77375,0.7739,86.70,101.90
2008.10.20 06:44:13.459,0.77375,0.7739,57.00,116.30
2008.10.20 06:44:14.369,0.77375,0.7739,56.50,100.40
2008.10.20 06:44:14.429,0.7738,0.7739,54.00,100.50
2008.10.20 06:44:14.929,0.7738,0.77395,61.90,114.80
2008.10.20 06:44:15.159,0.77375,0.77395,128.30,156.35
2008.10.20 06:44:16.228,0.7738,0.77395,77.10,229.96
2008.10.20 06:44:17.408,0.77375,0.7739,108.70,194.70
2008.10.20 06:44:17.628,0.7738,0.7739,87.90,238.80
2008.10.20 06:44:17.808,0.7738,0.7739,83.30,371.20
2008.10.20 06:44:18.038,0.7738,0.77395,89.90,306.60
2008.10.20 06:44:18.338,0.7738,0.77395,90.70,306.80
2008.10.20 06:44:18.788,0.7738,0.77395,114.70,389.20
2008.10.20 06:44:19.128,0.7738,0.77395,118.70,410.00
2008.10.20 06:44:19.477,0.77375,0.7739,80.70,60.35
2008.10.20 06:44:19.858,0.7738,0.7739,53.90,595.20
2008.10.20 06:44:20.017,0.7738,0.77395,89.10,646.50
2008.10.20 06:44:20.298,0.77375,0.77395,228.00,628.10
2008.10.20 06:44:20.697,0.7738,0.77395,64.40,577.90
2008.10.20 06:44:21.107,0.7738,0.7739,76.60,553.20
2008.10.20 06:44:21.417,0.77375,0.7739,143.60,645.90
2008.10.20 06:44:21.717,0.77375,0.7739,85.60,645.90
2008.10.20 06:44:22.057,0.7737,0.77385,178.30,66.80
2008.10.20 06:44:22.797,0.7737,0.77385,195.50,607.60
2008.10.20 06:44:23.097,0.77375,0.7739,171.70,714.76
2008.10.20 06:44:23.337,0.77375,0.77385,89.10,714.80
2008.10.20 06:44:23.627,0.7737,0.77385,195.60,647.55
2008.10.20 06:44:24.347,0.7737,0.77385,51.70,657.80
2008.10.20 06:44:25.036,0.77365,0.7738,315.40,89.90
2008.10.20 06:44:25.446,0.77365,0.7738,61.60,993.10
2008.10.20 06:44:25.866,0.77355,0.7737,78.20,717.96
2008.10.20 06:44:26.386,0.77355,0.7737,54.20,154.80
2008.10.20 06:44:26.886,0.77355,0.7737,54.30,154.70
2008.10.20 06:44:27.066,0.7735,0.7737,90.30,85.90
2008.10.20 06:44:27.906,0.77355,0.77375,70.90,973.90
2008.10.20 06:44:28.306,0.77355,0.77375,84.00,925.90
2008.10.20 06:44:28.705,0.7736,0.77375,96.43,762.70
2008.10.20 06:44:29.046,0.77355,0.77375,104.30,935.70
2008.10.20 06:44:29.275,0.7735,0.7737,104.50,131.60
2008.10.20 06:44:29.565,0.7735,0.7737,146.00,214.60
2008.10.20 06:44:30.125,0.7735,0.7737,213.20,222.70
2008.10.20 06:44:30.355,0.7735,0.7737,222.70,89.20
2008.10.20 06:44:30.705,0.77355,0.7737,305.70,167.60
2008.10.20 06:44:31.055,0.77355,0.77375,296.80,963.30
2008.10.20 06:44:31.455,0.77355,0.77375,248.70,190.00
2008.10.20 06:44:32.155,0.77355,0.7737,293.50,68.36
2008.10.20 06:44:32.445,0.77355,0.7737,368.80,88.36
2008.10.20 06:44:32.675,0.77355,0.7737,301.80,120.36
2008.10.20 06:44:32.904,0.77355,0.7737,296.20,112.36
2008.10.20 06:44:33.524,0.77355,0.77375,360.40,224.20
2008.10.20 06:44:33.854,0.77355,0.77365,401.60,217.90
2008.10.20 06:44:34.194,0.7735,0.77365,561.50,262.76
2008.10.20 06:44:34.604,0.7735,0.77365,586.10,150.76
2008.10.20 06:44:35.514,0.7735,0.77365,593.70,100.36
2008.10.20 06:44:35.784,0.7735,0.7737,645.50,117.10
2008.10.20 06:44:36.254,0.7735,0.7737,541.30,246.60
2008.10.20 06:44:36.543,0.7735,0.77365,583.60,54.76
2008.10.20 06:44:37.113,0.7735,0.77365,471.90,67.50
2008.10.20 06:44:37.523,0.77355,0.7737,141.90,184.00
2008.10.20 06:44:37.993,0.77355,0.77375,121.50,75.40
2008.10.20 06:44:38.333,0.77355,0.77375,736.20,217.80
2008.10.20 06:44:39.213,0.7736,0.77375,81.90,120.40
2008.10.20 06:44:39.383,0.7736,0.7738,561.30,258.00
2008.10.20 06:44:39.783,0.77365,0.7738,549.20,223.60
2008.10.20 06:44:40.243,0.77365,0.7738,69.10,72.30
2008.10.20 06:44:40.652,0.77365,0.7738,57.10,78.00
2008.10.20 06:44:40.883,0.77365,0.77385,47.50,83.60
2008.10.20 06:44:41.393,0.77365,0.77385,57.10,106.90
2008.10.20 06:44:41.673,0.7736,0.77375,150.00,86.90
2008.10.20 06:44:42.062,0.77365,0.7738,59.80,73.80
2008.10.20 06:44:42.352,0.77365,0.7738,64.30,100.30
2008.10.20 06:44:42.982,0.77365,0.7738,59.50,129.30
2008.10.20 06:44:44.771,0.7736,0.77375,152.20,74.80
2008.10.20 06:44:45.101,0.77365,0.7738,72.30,95.60
2008.10.20 06:44:45.432,0.7736,0.7738,722.00,112.20
2008.10.20 06:44:45.771,0.77355,0.77375,764.50,103.60
2008.10.20 06:44:46.761,0.77355,0.77375,608.40,151.50
2008.10.20 06:44:46.941,0.7736,0.77375,107.30,180.20
2008.10.20 06:44:47.161,0.7736,0.77375,123.50,211.40
2008.10.20 06:44:47.621,0.77355,0.77375,624.50,216.40
2008.10.20 06:44:47.791,0.7735,0.77365,737.20,165.00
2008.10.20 06:44:48.121,0.7735,0.77365,580.20,105.96
2008.10.20 06:44:48.401,0.7735,0.7737,598.10,228.40
2008.10.20 06:44:48.801,0.77355,0.7737,63.50,198.40
2008.10.20 06:44:48.970,0.77355,0.7737,62.10,296.50
2008.10.20 06:44:49.200,0.7736,0.77375,85.10,336.20
2008.10.20 06:44:49.431,0.77355,0.77375,658.40,377.76
2008.10.20 06:44:49.651,0.77355,0.77375,658.30,300.00
2008.10.20 06:44:50.220,0.77355,0.7737,698.10,301.70
2008.10.20 06:44:50.560,0.77355,0.77375,729.30,406.00
2008.10.20 06:44:51.270,0.77355,0.77375,751.60,534.10
2008.10.20 06:44:51.510,0.77355,0.77375,774.10,534.30
2008.10.20 06:44:52.850,0.77355,0.77375,762.00,560.10
2008.10.20 06:44:53.139,0.77365,0.77375,57.10,611.50
2008.10.20 06:44:53.529,0.7736,0.77375,165.40,41.30
2008.10.20 06:44:53.929,0.7736,0.77375,205.40,64.70
2008.10.20 06:44:54.199,0.77365,0.77375,87.20,69.30
2008.10.20 06:44:54.429,0.77365,0.77375,56.60,74.10
2008.10.20 06:44:54.719,0.77365,0.77375,221.10,88.50
2008.10.20 06:44:54.949,0.7736,0.77375,1064.60,33.30
2008.10.20 06:44:55.179,0.77365,0.7738,256.00,86.00
2008.10.20 06:44:55.349,0.77365,0.7738,262.43,103.10
2008.10.20 06:44:55.529,0.77365,0.7738,256.43,118.10
2008.10.20 06:44:55.879,0.77365,0.7738,1153.60,87.60
2008.10.20 06:44:56.159,0.7737,0.77385,76.60,233.50
2008.10.20 06:44:56.609,0.77365,0.77385,333.50,200.20
2008.10.20 06:44:56.959,0.7737,0.77385,358.10,196.30
2008.10.20 06:44:57.298,0.7737,0.77385,394.30,252.80
2008.10.20 06:44:57.709,0.77365,0.7738,1242.70,279.70
2008.10.20 06:44:57.998,0.7737,0.7738,75.50,238.10
2008.10.20 06:44:58.298,0.7737,0.7739,87.90,139.30
2008.10.20 06:44:58.538,0.7737,0.7739,121.00,104.90
2008.10.20 06:44:58.948,0.7737,0.77385,111.40,51.60
2008.10.20 06:44:59.598,0.7737,0.7739,135.40,84.90
2008.10.20 06:44:59.948,0.7737,0.77385,169.00,73.20
2008.10.20 06:45:00.298,0.7737,0.7739,177.00,93.60
2008.10.20 06:45:00.708,0.77375,0.7739,193.90,90.80
2008.10.20 06:45:01.228,0.7737,0.7739,244.20,110.00
2008.10.20 06:45:01.687,0.7737,0.7739,251.50,148.90
2008.10.20 06:45:02.157,0.7737,0.7739,230.10,147.30
2008.10.20 06:45:02.508,0.77375,0.7739,41.90,115.60
2008.10.20 06:45:03.647,0.7738,0.7739,266.50,109.25
2008.10.20 06:45:03.937,0.7738,0.77395,402.70,225.90
2008.10.20 06:45:04.337,0.77385,0.77395,71.80,286.70
2008.10.20 06:45:04.747,0.77385,0.77395,41.10,103.65
2008.10.20 06:45:05.107,0.7739,0.774,60.40,99.60
2008.10.20 06:45:05.387,0.7739,0.774,293.90,70.20
2008.10.20 06:45:05.616,0.7739,0.774,326.00,88.50
2008.10.20 06:45:05.906,0.7739,0.774,145.50,76.60
2008.10.20 06:45:06.257,0.77395,0.774,95.70,74.90
2008.10.20 06:45:06.487,0.7739,0.7741,184.00,115.30
2008.10.20 06:45:06.786,0.7739,0.7741,108.30,153.30
2008.10.20 06:45:07.066,0.77395,0.7741,70.30,103.30
2008.10.20 06:45:07.706,0.7739,0.7741,251.70,86.10
2008.10.20 06:45:08.116,0.7739,0.7741,315.50,68.10
2008.10.20 06:45:08.446,0.7739,0.77405,45.00,42.70
2008.10.20 06:45:08.666,0.7739,0.7741,46.90,95.70
2008.10.20 06:45:09.136,0.77385,0.77405,348.30,66.80
2008.10.20 06:45:09.496,0.7739,0.7741,46.30,56.10
2008.10.20 06:45:09.836,0.7739,0.7741,389.10,98.10
2008.10.20 06:45:10.126,0.7739,0.7741,434.80,92.10
2008.10.20 06:45:10.455,0.7739,0.7741,850.50,174.10
2008.10.20 06:45:10.745,0.77385,0.77405,709.10,169.20
2008.10.20 06:45:12.145,0.7739,0.77405,534.80,177.10
2008.10.20 06:45:12.855,0.77385,0.77405,814.50,184.40
2008.10.20 06:45:13.205,0.77385,0.77405,622.90,192.40
2008.10.20 06:45:13.505,0.77385,0.77405,878.80,187.60
2008.10.20 06:45:13.794,0.77385,0.774,418.80,203.40
2008.10.20 06:45:14.015,0.7738,0.77395,421.20,62.00
2008.10.20 06:45:14.184,0.7738,0.774,366.10,233.20
2008.10.20 06:45:14.404,0.7738,0.774,518.00,242.80
2008.10.20 06:45:14.585,0.7738,0.77395,390.10,83.50
2008.10.20 06:45:14.874,0.7738,0.77395,373.00,75.60
2008.10.20 06:45:15.294,0.7738,0.774,378.70,381.70
2008.10.20 06:45:15.644,0.7738,0.774,401.10,390.90
2008.10.20 06:45:16.964,0.7738,0.774,413.90,302.80
2008.10.20 06:45:17.364,0.77385,0.774,438.70,460.90
2008.10.20 06:45:17.644,0.7738,0.77395,497.10,42.70
2008.10.20 06:45:19.943,0.7738,0.77395,526.20,113.10
2008.10.20 06:45:20.173,0.77375,0.7739,571.50,130.60
2008.10.20 06:45:20.283,0.77375,0.7739,571.50,142.00
2008.10.20 06:45:21.313,0.7737,0.7739,585.20,83.60
2008.10.20 06:45:21.653,0.7737,0.7739,585.50,67.40
2008.10.20 06:45:22.033,0.7737,0.7739,572.70,75.50
2008.10.20 06:45:23.292,0.7737,0.7739,181.80,97.80
2008.10.20 06:45:23.592,0.7737,0.77385,177.10,57.96
2008.10.20 06:45:23.762,0.7737,0.77385,181.70,110.75
2008.10.20 06:45:24.492,0.77365,0.77385,257.80,101.20
2008.10.20 06:45:25.532,0.77365,0.77385,257.50,149.10
2008.10.20 06:45:25.832,0.77365,0.7738,126.90,42.40
2008.10.20 06:45:25.952,0.77355,0.77375,132.50,42.00
2008.10.20 06:45:26.702,0.77355,0.7737,133.30,75.60
2008.10.20 06:45:27.332,0.77355,0.77375,163.70,276.90
2008.10.20 06:45:27.682,0.7735,0.7737,277.50,72.40
2008.10.20 06:45:28.101,0.7735,0.7737,242.30,343.10
2008.10.20 06:45:28.441,0.7735,0.7737,257.20,104.70
2008.10.20 06:45:28.841,0.77355,0.7737,132.90,49.10
2008.10.20 06:45:29.231,0.7736,0.77375,198.00,77.20
2008.10.20 06:45:29.621,0.7736,0.77375,44.40,93.10
2008.10.20 06:45:30.081,0.77355,0.77375,177.10,96.40
2008.10.20 06:45:30.741,0.7735,0.7737,244.40,145.90
2008.10.20 06:45:31.720,0.7735,0.7737,271.20,90.00
2008.10.20 06:45:32.010,0.7735,0.7737,298.70,74.00
2008.10.20 06:45:32.630,0.7735,0.7737,316.30,71.20
2008.10.20 06:45:33.090,0.7735,0.7737,247.90,93.50
2008.10.20 06:45:33.940,0.77355,0.7737,59.20,98.30
2008.10.20 06:45:34.670,0.77355,0.7737,64.80,40.70
2008.10.20 06:45:34.959,0.77355,0.7737,64.80,39.10
2008.10.20 06:45:35.419,0.77355,0.7737,93.60,45.50
2008.10.20 06:45:35.929,0.77355,0.7737,97.80,40.70
2008.10.20 06:45:36.169,0.77355,0.7737,97.80,39.10
2008.10.20 06:45:36.609,0.77355,0.7737,61.60,47.10
2008.10.20 06:45:36.959,0.7735,0.77365,79.90,43.80
2008.10.20 06:45:37.349,0.77345,0.7736,147.50,61.30
2008.10.20 06:45:37.699,0.77345,0.77365,110.20,75.50
2008.10.20 06:45:38.048,0.77345,0.77365,32.20,20.80
2008.10.20 06:45:38.609,0.77345,0.77365,90.00,87.90
2008.10.20 06:45:39.009,0.77345,0.7736,102.50,105.10
2008.10.20 06:45:39.179,0.77345,0.7736,185.20,143.50
2008.10.20 06:45:39.358,0.77345,0.7736,195.60,141.90
2008.10.20 06:45:39.758,0.77345,0.7736,192.20,185.50
2008.10.20 06:45:40.198,0.77345,0.7736,127.50,88.10
2008.10.20 06:45:40.908,0.77345,0.7736,51.60,99.50
2008.10.20 06:45:41.528,0.77345,0.7736,202.90,114.90
2008.10.20 06:45:41.808,0.77345,0.7736,183.40,86.20
2008.10.20 06:45:42.158,0.77345,0.7736,100.80,81.80
2008.10.20 06:45:42.558,0.77345,0.7736,59.10,97.90
2008.10.20 06:45:42.888,0.77345,0.7736,294.00,72.20
2008.10.20 06:45:43.238,0.77345,0.7736,300.40,80.70
2008.10.20 06:45:43.528,0.77345,0.7736,294.10,168.80
2008.10.20 06:45:45.137,0.77345,0.77355,332.90,177.30
2008.10.20 06:45:45.377,0.77345,0.7736,344.90,308.80
2008.10.20 06:45:45.617,0.77345,0.7736,386.00,166.10
2008.10.20 06:45:45.847,0.77345,0.77365,412.80,225.20
2008.10.20 06:45:46.027,0.77345,0.77365,439.60,236.40
2008.10.20 06:45:46.427,0.77345,0.77365,482.30,315.90
2008.10.20 06:45:46.937,0.77355,0.7737,86.30,128.30
2008.10.20 06:45:47.277,0.77355,0.7737,103.80,129.00
2008.10.20 06:45:47.627,0.77355,0.7737,112.70,137.00
2008.10.20 06:45:47.916,0.7735,0.7737,439.40,135.40
2008.10.20 06:45:48.156,0.7735,0.7737,481.10,166.00
2008.10.20 06:45:48.546,0.7735,0.7737,480.20,144.20
2008.10.20 06:45:48.826,0.7735,0.7737,619.80,157.10
2008.10.20 06:45:49.356,0.7735,0.77365,211.10,122.80
2008.10.20 06:45:49.636,0.7735,0.7737,556.80,146.70
2008.10.20 06:45:50.376,0.7735,0.7737,607.40,156.20
2008.10.20 06:45:50.596,0.7735,0.77365,397.70,159.50
2008.10.20 06:45:50.766,0.7735,0.77365,420.20,164.40
2008.10.20 06:45:51.096,0.7735,0.77365,111.30,223.70
2008.10.20 06:45:51.495,0.77345,0.7736,503.40,192.40
2008.10.20 06:45:53.395,0.77345,0.77365,93.10,231.70
2008.10.20 06:45:53.725,0.77345,0.7736,93.10,170.70
2008.10.20 06:45:54.025,0.77345,0.77365,117.10,258.90
2008.10.20 06:45:54.435,0.77345,0.77365,529.80,270.90
2008.10.20 06:45:54.845,0.7735,0.77365,126.50,190.70
2008.10.20 06:45:55.324,0.7735,0.77365,378.70,232.30
2008.10.20 06:45:55.444,0.7735,0.7737,378.70,309.70
2008.10.20 06:45:56.754,0.7735,0.7737,65.10,240.40
2008.10.20 06:45:57.394,0.77355,0.7737,118.50,266.70
2008.10.20 06:45:58.254,0.77355,0.7737,679.90,215.70
2008.10.20 06:45:58.374,0.77355,0.77375,631.90,254.50
2008.10.20 06:45:58.564,0.77355,0.77375,633.60,254.30
2008.10.20 06:45:59.854,0.77355,0.77375,311.10,201.80
2008.10.20 06:46:01.263,0.7736,0.7738,76.30,267.30
2008.10.20 06:46:01.553,0.7736,0.7738,41.10,207.20
2008.10.20 06:46:01.933,0.7736,0.7738,378.30,288.20
2008.10.20 06:46:02.223,0.7736,0.7738,390.70,373.10
2008.10.20 06:46:02.853,0.77365,0.7738,430.40,373.10
2008.10.20 06:46:03.093,0.77365,0.7738,154.00,395.20
2008.10.20 06:46:03.373,0.77365,0.7738,323.10,99.20
2008.10.20 06:46:03.773,0.77365,0.77375,377.50,85.10
2008.10.20 06:46:04.062,0.7736,0.77375,108.70,134.70
2008.10.20 06:46:04.182,0.7736,0.77375,55.60,125.10
2008.10.20 06:46:04.352,0.7736,0.77375,54.00,125.10
2008.10.20 06:46:04.642,0.77355,0.77375,58.70,96.20
2008.10.20 06:46:05.272,0.7736,0.77375,71.40,53.20
2008.10.20 06:46:06.032,0.77355,0.77375,230.70,79.20
2008.10.20 06:46:06.262,0.77355,0.77375,217.90,96.80
2008.10.20 06:46:06.552,0.77355,0.77375,232.50,116.00
2008.10.20 06:46:06.712,0.7735,0.7737,231.50,97.10
2008.10.20 06:46:07.832,0.7735,0.7737,228.30,53.90
2008.10.20 06:46:08.072,0.7735,0.7737,328.30,69.00
2008.10.20 06:46:08.811,0.7735,0.77365,342.80,49.20
2008.10.20 06:46:09.601,0.7735,0.7737,322.80,221.20
2008.10.20 06:46:09.891,0.77355,0.7737,228.20,179.60
2008.10.20 06:46:10.271,0.77355,0.7737,183.40,181.00
2008.10.20 06:46:10.621,0.77355,0.77375,241.60,131.60
2008.10.20 06:46:10.921,0.77355,0.77375,304.00,170.00
2008.10.20 06:46:11.560,0.7736,0.77375,98.00,170.00
2008.10.20 06:46:11.891,0.7736,0.77375,98.70,282.40
2008.10.20 06:46:12.060,0.77355,0.77375,287.60,314.10
2008.10.20 06:46:12.511,0.7736,0.77375,54.80,253.00
2008.10.20 06:46:12.920,0.7736,0.77375,62.80,226.00
2008.10.20 06:46:13.320,0.7736,0.7737,77.60,53.90
2008.10.20 06:46:13.720,0.7736,0.7737,298.50,65.15
2008.10.20 06:46:14.060,0.7736,0.7737,302.10,71.60
2008.10.20 06:46:14.550,0.7735,0.7737,295.50,125.80
2008.10.20 06:46:14.780,0.7735,0.77365,338.80,49.15
2008.10.20 06:46:15.240,0.7735,0.77365,343.70,39.50
2008.10.20 06:46:15.410,0.7735,0.77365,354.90,50.70
2008.10.20 06:46:16.349,0.7735,0.77365,382.80,201.90
2008.10.20 06:46:16.519,0.7735,0.77365,313.40,57.80
2008.10.20 06:46:16.639,0.7735,0.77365,336.40,56.30
2008.10.20 06:46:16.759,0.7735,0.77365,320.40,48.20
2008.10.20 06:46:17.059,0.7735,0.77365,326.40,56.20
2008.10.20 06:46:17.229,0.7735,0.7737,347.10,50.20
2008.10.20 06:46:17.589,0.7735,0.77365,413.60,104.40
2008.10.20 06:46:18.159,0.7735,0.77365,403.40,102.40
2008.10.20 06:46:18.559,0.7735,0.77365,403.40,119.20
2008.10.20 06:46:18.729,0.77345,0.77365,418.70,146.80
2008.10.20 06:46:18.909,0.77345,0.7736,418.70,145.90
2008.10.20 06:46:19.219,0.77345,0.7736,103.80,97.90
2008.10.20 06:46:19.499,0.77345,0.7736,95.80,76.70
2008.10.20 06:46:19.849,0.7734,0.77355,105.10,70.80
2008.10.20 06:46:20.528,0.77345,0.77355,109.90,94.30
2008.10.20 06:46:20.819,0.7734,0.77355,111.70,108.20
2008.10.20 06:46:21.048,0.7734,0.77355,154.50,113.90
2008.10.20 06:46:21.328,0.7734,0.77355,154.70,62.80
2008.10.20 06:46:21.488,0.7734,0.77355,154.70,65.90
2008.10.20 06:46:22.168,0.77335,0.77355,210.80,165.10
2008.10.20 06:46:22.508,0.7734,0.77355,205.20,131.50
2008.10.20 06:46:22.788,0.77335,0.77355,249.00,175.40
2008.10.20 06:46:23.028,0.77335,0.77355,315.50,183.60
2008.10.20 06:46:23.328,0.7734,0.77355,279.50,182.00
2008.10.20 06:46:24.897,0.7734,0.77355,335.50,200.30
2008.10.20 06:46:25.137,0.7734,0.77355,377.10,225.90
2008.10.20 06:46:25.547,0.7734,0.77355,468.30,278.50
2008.10.20 06:46:25.837,0.7734,0.7736,474.70,355.70
2008.10.20 06:46:27.577,0.7734,0.77355,481.80,385.20
2008.10.20 06:46:27.927,0.77335,0.77355,514.80,553.10
2008.10.20 06:46:28.147,0.77335,0.77355,389.90,328.40
2008.10.20 06:46:29.436,0.7734,0.77355,370.60,354.00
2008.10.20 06:46:29.666,0.7734,0.77355,401.10,413.20
2008.10.20 06:46:30.126,0.7734,0.77355,468.30,597.10
2008.10.20 06:46:30.296,0.77335,0.77355,570.20,621.10
2008.10.20 06:46:30.586,0.77335,0.77355,469.90,462.80
2008.10.20 06:46:30.816,0.77335,0.7735,469.90,52.40
2008.10.20 06:46:32.916,0.77335,0.77355,184.20,759.70
2008.10.20 06:46:33.315,0.77335,0.77355,311.70,592.40
2008.10.20 06:46:33.646,0.77335,0.7735,317.00,609.20
2008.10.20 06:46:34.115,0.77335,0.77355,402.60,832.90
2008.10.20 06:46:35.645,0.77335,0.7735,436.70,910.50
2008.10.20 06:46:35.885,0.77335,0.7735,484.70,744.20
2008.10.20 06:46:36.245,0.77335,0.7735,507.50,201.30
2008.10.20 06:46:36.475,0.77335,0.77355,507.50,704.40
2008.10.20 06:46:36.655,0.77335,0.77355,409.10,974.90
2008.10.20 06:46:36.774,0.77335,0.7735,409.80,718.00
2008.10.20 06:46:37.545,0.77335,0.77355,499.50,807.30
2008.10.20 06:46:38.804,0.7733,0.7735,698.70,63.10
2008.10.20 06:46:39.094,0.7733,0.7735,247.20,184.90
2008.10.20 06:46:39.434,0.7733,0.77345,256.20,108.50
2008.10.20 06:46:43.723,0.77325,0.77345,415.50,152.80
2008.10.20 06:46:44.303,0.77325,0.7734,406.70,140.50
2008.10.20 06:46:45.042,0.77325,0.7734,51.20,50.50
2008.10.20 06:46:45.272,0.77325,0.7734,49.60,56.50
2008.10.20 06:46:45.622,0.77325,0.7734,49.20,86.50
2008.10.20 06:46:45.742,0.77325,0.7734,103.60,147.70
2008.10.20 06:46:49.861,0.77325,0.7734,120.70,66.40
2008.10.20 06:46:50.251,0.77325,0.7734,143.20,72.30
2008.10.20 06:46:50.371,0.7732,0.7734,185.50,72.20
2008.10.20 06:46:50.481,0.77325,0.7734,167.70,67.40
2008.10.20 06:46:51.501,0.7732,0.7734,271.50,104.20
2008.10.20 06:46:52.381,0.77325,0.7734,235.20,102.60
2008.10.20 06:46:52.601,0.77325,0.7734,254.10,102.60
2008.10.20 06:46:54.310,0.7732,0.7734,325.10,96.20
2008.10.20 06:46:54.540,0.7732,0.7734,331.50,96.20
2008.10.20 06:46:54.780,0.7732,0.7734,351.10,105.80
2008.10.20 06:46:55.060,0.7732,0.7734,413.50,104.30
2008.10.20 06:46:55.290,0.77325,0.7734,231.80,142.00
2008.10.20 06:46:55.510,0.77325,0.7734,381.70,132.40
2008.10.20 06:46:56.080,0.77325,0.77345,329.60,141.20
2008.10.20 06:46:56.900,0.77325,0.77345,291.60,135.20
2008.10.20 06:46:57.780,0.77325,0.77345,101.20,237.30
2008.10.20 06:46:58.250,0.77325,0.77345,110.50,273.30
2008.10.20 06:46:58.419,0.77325,0.7734,290.90,181.00
2008.10.20 06:46:59.209,0.7732,0.7734,376.30,349.10
2008.10.20 06:46:59.829,0.77325,0.7734,118.70,395.10
2008.10.20 06:47:00.699,0.7732,0.77335,375.70,319.70
2008.10.20 06:47:00.859,0.7732,0.77335,349.50,71.70
2008.10.20 06:47:01.029,0.7732,0.77335,361.50,48.70
2008.10.20 06:47:01.189,0.7732,0.7733,482.40,46.90
2008.10.20 06:47:01.419,0.7731,0.7733,533.60,93.10
2008.10.20 06:47:01.828,0.7731,0.7733,411.90,109.80
2008.10.20 06:47:02.239,0.7731,0.7733,112.00,192.30
2008.10.20 06:47:02.528,0.7731,0.7733,157.60,156.50
2008.10.20 06:47:02.808,0.7731,0.7733,156.70,130.80
2008.10.20 06:47:03.088,0.7731,0.7733,155.90,130.80
2008.10.20 06:47:03.528,0.7731,0.77325,187.40,101.20
2008.10.20 06:47:03.868,0.7731,0.77325,170.80,130.00
2008.10.20 06:47:04.038,0.7731,0.77325,194.80,134.70
2008.10.20 06:47:04.198,0.77305,0.77325,266.30,139.50
2008.10.20 06:47:05.118,0.77305,0.7732,249.10,225.10
2008.10.20 06:47:05.857,0.77305,0.7732,253.20,221.15
2008.10.20 06:47:07.037,0.77305,0.7732,176.50,253.80
2008.10.20 06:47:07.397,0.77305,0.7732,175.73,73.80
2008.10.20 06:47:07.757,0.77305,0.7732,136.00,115.60
2008.10.20 06:47:08.207,0.77305,0.7732,140.50,309.10
2008.10.20 06:47:08.437,0.77305,0.7732,161.20,301.00
2008.10.20 06:47:09.467,0.77305,0.7732,217.30,133.10
2008.10.20 06:47:09.867,0.773,0.7732,338.30,168.20
2008.10.20 06:47:10.506,0.77305,0.7732,204.50,192.20
2008.10.20 06:47:10.786,0.77305,0.7732,252.50,454.70
2008.10.20 06:47:11.126,0.77305,0.7732,398.00,46.60
2008.10.20 06:47:11.576,0.77305,0.7732,439.60,80.30
2008.10.20 06:47:11.746,0.77305,0.77325,604.30,100.00
2008.10.20 06:47:12.046,0.77305,0.7732,534.40,63.60
2008.10.20 06:47:12.456,0.77305,0.7732,549.80,89.20
2008.10.20 06:47:13.436,0.77305,0.7732,63.50,45.40
2008.10.20 06:47:13.776,0.77305,0.77325,307.60,172.90
2008.10.20 06:47:14.056,0.77305,0.77325,331.50,206.90
2008.10.20 06:47:14.345,0.77305,0.7732,131.50,97.80
2008.10.20 06:47:14.645,0.77305,0.7732,131.20,77.00
2008.10.20 06:47:14.935,0.77305,0.7732,61.10,80.40
2008.10.20 06:47:15.225,0.77305,0.7732,402.70,216.30
2008.10.20 06:47:16.255,0.77305,0.7732,549.10,178.30
2008.10.20 06:47:16.545,0.77305,0.77325,715.70,90.00
2008.10.20 06:47:17.005,0.77305,0.77325,725.50,85.20
2008.10.20 06:47:17.815,0.77305,0.77325,807.70,129.20
2008.10.20 06:47:18.055,0.7731,0.77325,81.30,120.40
2008.10.20 06:47:18.454,0.77305,0.7732,541.00,57.15
2008.10.20 06:47:18.965,0.77305,0.7732,539.50,57.20
2008.10.20 06:47:19.305,0.77305,0.77325,460.50,98.80
2008.10.20 06:47:19.784,0.77305,0.77325,580.10,119.60
2008.10.20 06:47:21.314,0.77305,0.77325,497.60,87.60
2008.10.20 06:47:24.023,0.7731,0.7733,584.00,323.10
2008.10.20 06:47:24.253,0.7731,0.7733,584.00,245.20
2008.10.20 06:47:24.893,0.77315,0.7733,285.10,245.20
2008.10.20 06:47:25.123,0.77315,0.7733,285.10,244.40
2008.10.20 06:47:25.293,0.77315,0.7733,293.50,259.90
2008.10.20 06:47:25.523,0.77315,0.7733,651.90,260.00
2008.10.20 06:47:26.213,0.77315,0.7733,651.90,260.30
2008.10.20 06:47:26.432,0.77315,0.77335,651.50,358.90
2008.10.20 06:47:29.962,0.77315,0.77335,310.70,379.30
2008.10.20 06:47:31.601,0.77315,0.77335,373.90,224.90
2008.10.20 06:47:31.831,0.7731,0.7733,839.20,201.80
2008.10.20 06:47:32.231,0.7731,0.7733,851.70,193.20
2008.10.20 06:47:32.571,0.7731,0.7733,713.10,266.90
2008.10.20 06:47:32.901,0.7731,0.77325,722.70,210.70
2008.10.20 06:47:33.131,0.7731,0.7733,722.70,192.00
2008.10.20 06:47:33.431,0.7731,0.77325,722.70,65.10
2008.10.20 06:47:33.951,0.7731,0.7733,722.70,192.00
2008.10.20 06:47:34.331,0.7731,0.77325,722.70,198.70
2008.10.20 06:47:34.690,0.7731,0.77325,713.10,105.96
2008.10.20 06:47:35.320,0.7731,0.77325,713.10,106.00
2008.10.20 06:47:35.500,0.77315,0.77325,709.90,118.80
2008.10.20 06:47:35.960,0.77315,0.7733,385.70,75.50
2008.10.20 06:47:37.040,0.77315,0.7733,785.10,80.30
2008.10.20 06:47:37.560,0.77315,0.7733,801.10,71.60
2008.10.20 06:47:38.480,0.7731,0.77325,540.90,53.20
2008.10.20 06:47:38.840,0.7731,0.77325,946.70,112.30
2008.10.20 06:47:39.300,0.7731,0.77325,890.70,67.50
2008.10.20 06:47:39.469,0.7731,0.77325,898.70,72.40
2008.10.20 06:47:39.989,0.77315,0.77325,556.90,96.40
2008.10.20 06:47:40.279,0.7731,0.77325,444.30,112.40
2008.10.20 06:47:41.019,0.77315,0.77325,76.30,78.80
2008.10.20 06:47:41.239,0.77315,0.7733,97.10,105.20
2008.10.20 06:47:42.109,0.7732,0.7733,115.20,217.30
2008.10.20 06:47:42.529,0.7732,0.7734,53.90,125.60
2008.10.20 06:47:44.498,0.77315,0.77335,181.10,126.10
2008.10.20 06:47:52.956,0.77315,0.77335,311.50,273.70
2008.10.20 06:47:54.046,0.77315,0.77335,365.90,166.00
2008.10.20 06:47:54.626,0.77315,0.7733,290.20,258.00
2008.10.20 06:47:54.866,0.7731,0.7733,392.00,293.80
2008.10.20 06:47:55.145,0.7731,0.7733,441.00,353.00
2008.10.20 06:47:55.445,0.7731,0.7733,1011.50,353.20
2008.10.20 06:47:55.745,0.7731,0.77325,1011.50,393.90
2008.10.20 06:47:56.035,0.7731,0.77325,440.30,393.90
2008.10.20 06:47:56.795,0.77305,0.77325,748.30,490.10
2008.10.20 06:47:57.435,0.77305,0.7732,596.80,422.00
2008.10.20 06:47:57.735,0.773,0.7732,454.30,55.40
2008.10.20 06:47:58.005,0.77305,0.7732,561.60,63.40
2008.10.20 06:47:58.385,0.77305,0.7732,480.80,62.80
2008.10.20 06:47:59.295,0.77305,0.7732,481.90,40.40
2008.10.20 06:47:59.465,0.77305,0.77315,90.40,60.70
2008.10.20 06:47:59.584,0.773,0.77305,151.50,69.40
2008.10.20 06:47:59.754,0.773,0.77305,81.30,45.20
2008.10.20 06:48:00.394,0.773,0.77305,53.30,114.00
2008.10.20 06:48:00.624,0.7729,0.77305,129.70,62.10
2008.10.20 06:48:00.864,0.7729,0.773,175.50,207.30
2008.10.20 06:48:01.084,0.7729,0.773,76.00,245.20
2008.10.20 06:48:01.354,0.7729,0.773,115.30,70.90
2008.10.20 06:48:01.584,0.7729,0.773,195.50,115.70
2008.10.20 06:48:01.754,0.7729,0.773,144.10,82.10
2008.10.20 06:48:01.974,0.77285,0.773,154.60,53.30
2008.10.20 06:48:02.194,0.77285,0.773,195.50,53.30
2008.10.20 06:48:03.234,0.77285,0.773,196.60,115.50
2008.10.20 06:48:03.454,0.77285,0.773,127.50,390.10
2008.10.20 06:48:03.974,0.7728,0.773,165.20,410.10
2008.10.20 06:48:04.383,0.7728,0.773,175.70,420.10
2008.10.20 06:48:04.604,0.77285,0.773,161.60,200.40
2008.10.20 06:48:04.883,0.7728,0.773,145.70,217.20
2008.10.20 06:48:05.063,0.7728,0.773,169.90,78.00
2008.10.20 06:48:05.823,0.7728,0.773,123.10,94.00
2008.10.20 06:48:06.063,0.7728,0.773,199.90,98.80
2008.10.20 06:48:06.293,0.77285,0.773,192.80,112.30
2008.10.20 06:48:06.353,0.7728,0.773,253.10,71.60
2008.10.20 06:48:06.523,0.77285,0.773,140.80,281.90
2008.10.20 06:48:06.643,0.7729,0.773,218.10,299.60
2008.10.20 06:48:06.763,0.77285,0.773,229.60,307.50
2008.10.20 06:48:06.933,0.77285,0.773,273.80,349.10
2008.10.20 06:48:07.213,0.77285,0.773,313.30,334.80
2008.10.20 06:48:07.633,0.7729,0.773,156.30,77.40
2008.10.20 06:48:09.522,0.7729,0.773,82.40,147.60
2008.10.20 06:48:09.752,0.77285,0.773,164.70,154.00
2008.10.20 06:48:09.872,0.77285,0.773,169.80,157.10
2008.10.20 06:48:10.043,0.77285,0.773,179.40,168.30
2008.10.20 06:48:13.281,0.7729,0.773,67.30,218.20
2008.10.20 06:48:13.331,0.7729,0.773,106.73,55.00
2008.10.20 06:48:16.240,0.77285,0.773,385.30,50.00
2008.10.20 06:48:16.300,0.77285,0.773,305.60,50.00
2008.10.20 06:48:16.351,0.77285,0.773,305.10,50.00
2008.10.20 06:48:16.631,0.77285,0.773,393.60,325.20
2008.10.20 06:48:16.690,0.77285,0.773,393.60,325.30
2008.10.20 06:48:17.470,0.77285,0.773,418.70,344.40
2008.10.20 06:48:17.820,0.77285,0.773,456.00,101.30
2008.10.20 06:48:22.309,0.77285,0.773,513.60,98.40
2008.10.20 06:48:22.539,0.77285,0.773,529.60,129.60
2008.10.20 06:48:22.659,0.7729,0.773,404.90,128.90
2008.10.20 06:48:23.049,0.7729,0.773,404.70,128.90
2008.10.20 06:48:23.289,0.77285,0.773,530.00,128.90
2008.10.20 06:48:24.858,0.77285,0.773,571.10,64.90
2008.10.20 06:48:26.208,0.77285,0.773,582.80,75.70
2008.10.20 06:48:26.438,0.77285,0.773,588.70,85.30
2008.10.20 06:48:27.228,0.77285,0.773,590.80,94.90
2008.10.20 06:48:28.188,0.7729,0.773,493.20,105.70
2008.10.20 06:48:28.468,0.7729,0.773,494.50,105.70
2008.10.20 06:48:28.977,0.7729,0.773,494.30,105.70
2008.10.20 06:48:29.138,0.77285,0.773,646.80,105.70
2008.10.20 06:48:29.377,0.77285,0.773,646.80,105.60
2008.10.20 06:48:29.648,0.77285,0.773,512.50,61.40
2008.10.20 06:48:29.877,0.7728,0.773,690.70,67.40
2008.10.20 06:48:30.577,0.7728,0.773,338.30,43.80
2008.10.20 06:48:34.166,0.7728,0.77295,302.30,177.15
2008.10.20 06:48:35.696,0.7728,0.773,572.30,907.20
2008.10.20 06:48:37.795,0.7728,0.77295,575.50,472.15
2008.10.20 06:48:38.145,0.7728,0.77295,543.20,977.70
2008.10.20 06:48:38.365,0.7728,0.77295,626.00,912.10
2008.10.20 06:48:39.235,0.7728,0.77295,688.30,992.00
2008.10.20 06:48:39.515,0.77275,0.77295,97.20,1450.60
2008.10.20 06:48:39.865,0.77275,0.77295,97.20,1447.50
2008.10.20 06:48:41.114,0.77275,0.7729,145.60,1465.30
2008.10.20 06:48:41.284,0.77275,0.7729,155.60,584.80
2008.10.20 06:48:41.784,0.77275,0.7729,199.60,954.80
2008.10.20 06:48:42.005,0.77275,0.7729,136.40,604.80
2008.10.20 06:48:42.304,0.77275,0.7729,178.10,604.80
2008.10.20 06:48:42.475,0.7727,0.7729,218.80,942.60
2008.10.20 06:48:43.264,0.77275,0.7729,196.90,65.60
2008.10.20 06:48:43.485,0.77275,0.7729,248.00,620.00
2008.10.20 06:48:43.714,0.77275,0.7729,254.80,636.00
2008.10.20 06:48:44.004,0.7727,0.7729,327.10,618.40
2008.10.20 06:48:44.284,0.7727,0.7729,305.50,564.80
2008.10.20 06:48:45.613,0.77275,0.7729,90.50,600.00
2008.10.20 06:48:46.253,0.77275,0.7729,50.90,614.40
2008.10.20 06:48:46.423,0.77275,0.7729,53.80,38.60
2008.10.20 06:48:46.693,0.77275,0.77295,57.90,587.00
2008.10.20 06:48:49.233,0.77275,0.77295,57.90,634.60
2008.10.20 06:48:49.353,0.77275,0.77295,56.20,617.00
2008.10.20 06:48:49.463,0.77275,0.77295,141.50,632.20
2008.10.20 06:48:49.632,0.7728,0.77295,62.00,632.20
2008.10.20 06:48:49.683,0.7728,0.77295,139.50,632.20
2008.10.20 06:48:50.042,0.7728,0.77295,71.80,640.20
2008.10.20 06:48:50.363,0.77275,0.77295,150.60,601.80
2008.10.20 06:48:50.662,0.7728,0.77295,142.70,593.80
2008.10.20 06:48:51.702,0.7728,0.77295,64.30,600.90
2008.10.20 06:48:52.042,0.7728,0.77295,126.70,663.30
2008.10.20 06:48:52.562,0.7728,0.773,142.70,667.40
2008.10.20 06:48:53.471,0.77285,0.773,172.10,627.40
2008.10.20 06:48:55.311,0.77285,0.773,68.10,318.10
2008.10.20 06:48:55.591,0.77285,0.773,82.60,92.20
2008.10.20 06:48:56.741,0.77285,0.773,107.20,92.20
2008.10.20 06:48:57.151,0.77285,0.773,242.30,131.70
2008.10.20 06:48:57.321,0.77285,0.773,242.90,399.90
2008.10.20 06:48:57.550,0.77285,0.773,130.30,464.10
2008.10.20 06:49:02.380,0.77285,0.773,270.70,50.10
2008.10.20 06:49:05.539,0.7729,0.773,65.80,73.40
2008.10.20 06:49:05.889,0.7729,0.77305,141.90,73.30
2008.10.20 06:49:08.548,0.77295,0.77305,401.90,71.70
2008.10.20 06:49:08.768,0.77295,0.77305,58.90,84.60
2008.10.20 06:49:08.998,0.77295,0.7731,488.70,103.50
2008.10.20 06:49:09.878,0.773,0.77315,281.10,141.30
2008.10.20 06:49:10.177,0.7729,0.77305,748.40,149.10
2008.10.20 06:49:10.937,0.7729,0.77305,747.50,43.50
2008.10.20 06:49:11.697,0.7729,0.77305,636.90,80.30
2008.10.20 06:49:12.167,0.7729,0.77305,619.10,247.10
2008.10.20 06:49:13.137,0.7729,0.77305,748.30,301.10
2008.10.20 06:49:13.417,0.77295,0.77305,397.30,299.10
2008.10.20 06:49:13.707,0.7729,0.77305,806.60,155.50
2008.10.20 06:49:14.546,0.7729,0.77305,463.10,190.80
2008.10.20 06:49:14.837,0.77295,0.77305,67.30,189.20
2008.10.20 06:49:15.126,0.773,0.77305,68.50,308.70
2008.10.20 06:49:15.466,0.773,0.77315,69.40,238.40
2008.10.20 06:49:16.046,0.773,0.7732,75.10,362.80
2008.10.20 06:49:16.746,0.77305,0.7732,153.00,363.50
2008.10.20 06:49:16.926,0.77305,0.7732,116.30,370.00
2008.10.20 06:49:17.096,0.7731,0.7732,132.30,110.80
2008.10.20 06:49:17.486,0.7731,0.77325,163.50,159.40
2008.10.20 06:49:17.776,0.7731,0.77325,163.50,157.20
2008.10.20 06:49:18.176,0.7731,0.7733,93.10,281.70
2008.10.20 06:49:18.446,0.77305,0.77325,227.20,235.50
2008.10.20 06:49:18.776,0.77305,0.77325,209.20,359.10
2008.10.20 06:49:19.065,0.77305,0.77325,239.20,341.30
2008.10.20 06:49:19.405,0.77305,0.77325,250.00,361.50
2008.10.20 06:49:19.755,0.7731,0.77325,188.30,371.40
2008.10.20 06:49:20.045,0.77305,0.77325,231.60,392.20
2008.10.20 06:49:20.285,0.77305,0.77325,231.60,392.10
2008.10.20 06:49:20.855,0.77305,0.77325,262.00,366.00
2008.10.20 06:49:21.885,0.77305,0.77325,254.30,434.30
2008.10.20 06:49:22.175,0.7731,0.77325,207.50,342.80
2008.10.20 06:49:22.515,0.7731,0.77325,214.70,350.90
2008.10.20 06:49:23.044,0.77315,0.7733,48.90,414.00
2008.10.20 06:49:23.554,0.77315,0.7733,232.70,432.20
2008.10.20 06:49:24.284,0.77315,0.7733,335.50,455.60
2008.10.20 06:49:24.934,0.77315,0.7733,297.10,527.40
2008.10.20 06:49:25.384,0.7731,0.7733,359.60,216.70
2008.10.20 06:49:25.664,0.7731,0.7733,369.00,201.60
2008.10.20 06:49:25.954,0.7731,0.7733,363.50,201.60
2008.10.20 06:49:26.244,0.7731,0.77325,373.90,91.60
2008.10.20 06:49:27.343,0.7731,0.77325,306.70,274.20
2008.10.20 06:49:27.563,0.7731,0.77325,395.50,179.60
2008.10.20 06:49:27.853,0.7731,0.7733,400.30,337.60
2008.10.20 06:49:29.113,0.7731,0.7733,401.10,474.80
2008.10.20 06:49:29.223,0.7731,0.7733,401.00,474.80
2008.10.20 06:49:29.333,0.7731,0.77325,425.00,386.40
2008.10.20 06:49:29.503,0.7731,0.77325,423.50,386.40
2008.10.20 06:49:29.983,0.7731,0.77325,431.70,392.80
2008.10.20 06:49:30.163,0.7731,0.7733,447.70,544.80
2008.10.20 06:49:30.403,0.77305,0.77325,451.10,463.40
2008.10.20 06:49:30.693,0.77305,0.77325,450.80,362.20
2008.10.20 06:49:30.872,0.77305,0.7732,450.80,354.40
2008.10.20 06:49:31.632,0.77305,0.77325,446.80,395.20
2008.10.20 06:49:31.982,0.77305,0.77325,453.00,544.80
2008.10.20 06:49:32.332,0.77305,0.77325,451.53,401.60
2008.10.20 06:49:33.082,0.77305,0.7732,646.30,213.10
2008.10.20 06:49:33.312,0.77305,0.7732,408.33,543.80
2008.10.20 06:49:33.542,0.77305,0.7732,415.10,51.60
2008.10.20 06:49:33.832,0.7731,0.77325,426.30,106.70
2008.10.20 06:49:34.361,0.773,0.7732,285.50,105.20
2008.10.20 06:49:34.592,0.773,0.7732,303.50,133.80
2008.10.20 06:49:35.211,0.773,0.7732,227.60,202.30
2008.10.20 06:49:35.541,0.773,0.7732,225.80,224.30
2008.10.20 06:49:35.891,0.773,0.77315,248.90,178.80
2008.10.20 06:49:36.151,0.773,0.77315,237.80,62.80
2008.10.20 06:49:36.971,0.773,0.77315,238.10,67.70
2008.10.20 06:49:37.141,0.77305,0.7732,71.10,224.20
2008.10.20 06:49:37.321,0.77305,0.7732,58.33,212.30
2008.10.20 06:49:37.961,0.77305,0.7732,244.50,224.80
2008.10.20 06:49:38.181,0.773,0.77315,304.60,30.80
2008.10.20 06:49:38.751,0.77295,0.77315,369.70,47.60
2008.10.20 06:49:38.921,0.77295,0.77315,254.50,182.10
2008.10.20 06:49:39.080,0.7729,0.7731,412.20,136.20
2008.10.20 06:49:39.261,0.7729,0.77305,301.90,86.80
2008.10.20 06:49:39.770,0.77285,0.77305,307.10,87.56
2008.10.20 06:49:40.350,0.77285,0.77305,311.90,87.60
2008.10.20 06:49:40.530,0.7729,0.77305,330.70,135.55
2008.10.20 06:49:40.710,0.7729,0.77305,456.90,200.30
2008.10.20 06:49:41.400,0.7729,0.77305,419.30,50.76
2008.10.20 06:49:41.700,0.77295,0.7731,460.20,141.90
2008.10.20 06:49:42.040,0.77295,0.7731,313.20,146.30
2008.10.20 06:49:42.370,0.77295,0.7731,560.30,114.00
2008.10.20 06:49:43.069,0.77295,0.7731,135.60,184.70
2008.10.20 06:49:43.249,0.77295,0.7731,328.30,88.80
2008.10.20 06:49:43.599,0.77295,0.7731,153.20,178.70
2008.10.20 06:49:43.829,0.77295,0.7731,382.30,186.70
2008.10.20 06:49:45.409,0.77295,0.7731,424.70,47.50
2008.10.20 06:49:45.639,0.77295,0.7731,246.00,47.50
2008.10.20 06:49:45.879,0.77295,0.7731,280.20,77.80
2008.10.20 06:49:46.219,0.77295,0.77305,385.20,69.10
2008.10.20 06:49:46.609,0.77285,0.773,328.40,44.40
2008.10.20 06:49:47.469,0.77295,0.773,62.10,75.56
2008.10.20 06:49:47.808,0.77295,0.7731,71.60,169.10
2008.10.20 06:49:47.988,0.77295,0.7731,402.30,87.60
2008.10.20 06:49:48.558,0.77295,0.77315,402.30,132.60
2008.10.20 06:49:49.418,0.77295,0.77315,480.30,132.80
2008.10.20 06:49:52.347,0.77295,0.77315,277.12,70.40
2008.10.20 06:49:52.587,0.77295,0.77315,276.30,63.00
2008.10.20 06:49:56.046,0.77295,0.77315,338.70,154.30
2008.10.20 06:49:56.216,0.77295,0.77315,348.30,163.80
2008.10.20 06:49:57.606,0.77295,0.77315,800.70,267.60
2008.10.20 06:49:57.956,0.773,0.7731,412.70,58.90
2008.10.20 06:49:58.336,0.773,0.77315,95.20,70.80
2008.10.20 06:49:58.516,0.773,0.77315,428.80,55.10
2008.10.20 06:49:58.756,0.773,0.77315,83.20,54.70
2008.10.20 06:49:58.976,0.77295,0.77315,94.30,75.10
2008.10.20 06:49:59.156,0.77295,0.77315,94.30,54.80
2008.10.20 06:49:59.445,0.773,0.77315,71.20,90.00
2008.10.20 06:49:59.676,0.773,0.7731,73.50,53.30
2008.10.20 06:50:00.185,0.773,0.77315,79.90,162.40
2008.10.20 06:50:00.425,0.77295,0.77315,462.30,198.40
2008.10.20 06:50:00.775,0.773,0.77315,387.30,126.70
2008.10.20 06:50:01.225,0.773,0.77315,518.40,120.30
2008.10.20 06:50:02.325,0.773,0.7732,574.30,182.60
2008.10.20 06:50:02.495,0.77305,0.7732,200.60,182.80
2008.10.20 06:50:02.845,0.77305,0.7732,291.00,189.20
2008.10.20 06:50:03.375,0.773,0.7732,742.70,248.30
2008.10.20 06:50:04.225,0.77305,0.7732,359.50,41.20
2008.10.20 06:50:04.794,0.77305,0.77325,359.50,118.00
2008.10.20 06:50:05.384,0.77305,0.77325,359.50,148.90
2008.10.20 06:50:07.683,0.77305,0.7732,437.80,59.60
2008.10.20 06:50:08.643,0.77305,0.7732,389.80,79.40
2008.10.20 06:50:08.813,0.773,0.7732,830.30,67.40
2008.10.20 06:50:11.673,0.773,0.7732,897.60,126.80
2008.10.20 06:50:11.903,0.77305,0.77315,292.50,75.60
2008.10.20 06:50:12.822,0.773,0.77315,338.70,97.90
2008.10.20 06:50:14.312,0.773,0.7732,328.80,126.80
2008.10.20 06:50:14.662,0.773,0.7732,381.60,209.20
2008.10.20 06:50:14.842,0.77305,0.7732,349.10,180.40
2008.10.20 06:50:15.572,0.77305,0.7732,100.30,100.20
2008.10.20 06:50:15.861,0.77305,0.7732,121.00,36.30
2008.10.20 06:50:17.691,0.77305,0.7732,116.50,36.30
2008.10.20 06:50:17.921,0.773,0.7732,489.10,47.40
2008.10.20 06:50:21.840,0.773,0.77315,434.40,92.36
2008.10.20 06:50:22.730,0.773,0.7732,460.30,149.00
2008.10.20 06:50:24.400,0.773,0.7732,89.10,177.90
2008.10.20 06:50:24.809,0.77305,0.7732,66.60,201.90
2008.10.20 06:50:25.050,0.77305,0.7732,66.60,201.80
2008.10.20 06:50:25.289,0.77305,0.7732,85.60,285.10
2008.10.20 06:50:25.509,0.77305,0.7732,85.80,285.10
2008.10.20 06:50:26.449,0.773,0.7732,407.80,187.60
2008.10.20 06:50:26.729,0.77305,0.7732,58.50,85.00
2008.10.20 06:50:26.849,0.77305,0.7732,522.40,93.10
2008.10.20 06:50:27.069,0.77305,0.7732,522.70,93.10
2008.10.20 06:50:27.189,0.77305,0.7732,524.30,93.10
2008.10.20 06:50:29.148,0.77305,0.77325,604.30,96.80
2008.10.20 06:50:29.328,0.77305,0.77325,530.30,34.00
2008.10.20 06:50:31.118,0.7731,0.77325,119.70,34.00
2008.10.20 06:50:31.178,0.7731,0.77325,121.00,34.00
2008.10.20 06:50:31.748,0.7731,0.77325,154.90,50.00
2008.10.20 06:50:31.928,0.77305,0.77325,217.10,35.60
2008.10.20 06:50:38.706,0.7731,0.77325,180.50,206.00
2008.10.20 06:50:38.986,0.7731,0.77325,167.40,201.90
2008.10.20 06:50:39.276,0.7731,0.77325,254.70,215.70
2008.10.20 06:50:40.765,0.77305,0.77325,338.70,272.40
2008.10.20 06:50:40.996,0.77305,0.77325,193.10,383.50
2008.10.20 06:50:41.165,0.77305,0.77325,325.50,409.50
2008.10.20 06:50:41.385,0.77305,0.7732,322.70,293.10
2008.10.20 06:50:42.365,0.77305,0.7732,342.40,286.70
2008.10.20 06:50:42.655,0.77305,0.7732,394.70,230.70
2008.10.20 06:50:43.555,0.77305,0.7732,67.90,294.80
2008.10.20 06:50:43.845,0.7731,0.7732,73.10,281.20
2008.10.20 06:50:44.135,0.77305,0.77325,236.30,290.80
2008.10.20 06:50:54.223,0.77305,0.77325,340.70,323.70
2008.10.20 06:50:54.782,0.77305,0.77325,336.30,362.80
2008.10.20 06:50:58.071,0.77305,0.7732,430.30,450.80
2008.10.20 06:50:58.821,0.77305,0.77325,490.30,501.20
2008.10.20 06:50:59.721,0.7731,0.77325,220.80,586.80
2008.10.20 06:51:00.071,0.77305,0.77325,516.30,586.80
2008.10.20 06:51:05.980,0.77305,0.77325,560.70,651.60
2008.10.20 06:51:06.309,0.77305,0.77325,324.70,696.40
2008.10.20 06:51:06.420,0.7731,0.77325,55.80,897.30
2008.10.20 06:51:06.859,0.7731,0.77325,45.40,725.20
2008.10.20 06:51:08.249,0.7731,0.77325,67.80,672.40
2008.10.20 06:51:08.469,0.77305,0.77325,355.10,672.40
2008.10.20 06:51:08.859,0.7731,0.77325,127.00,706.00
2008.10.20 06:51:08.979,0.7731,0.77325,128.80,652.50
2008.10.20 06:51:09.279,0.7731,0.7733,48.80,714.80
2008.10.20 06:51:09.628,0.7731,0.77325,48.80,660.40
2008.10.20 06:51:09.988,0.7731,0.77325,49.10,682.70
2008.10.20 06:51:10.458,0.7731,0.77325,55.00,705.20
2008.10.20 06:51:10.578,0.77305,0.77325,293.10,716.40
2008.10.20 06:51:10.878,0.7731,0.7733,44.00,792.40
2008.10.20 06:51:11.398,0.77315,0.7733,78.90,782.80
2008.10.20 06:51:11.519,0.77315,0.7733,52.80,100.30
2008.10.20 06:51:11.808,0.77315,0.7733,56.13,98.30
2008.10.20 06:51:12.158,0.77315,0.7733,88.80,107.56
2008.10.20 06:51:12.458,0.77315,0.7733,52.50,185.20
2008.10.20 06:51:12.918,0.7731,0.7733,407.10,175.10
2008.10.20 06:51:13.388,0.77315,0.7733,74.40,141.20
2008.10.20 06:51:13.728,0.77315,0.77325,91.70,197.10
2008.10.20 06:51:14.137,0.77315,0.7732,85.60,157.10
2008.10.20 06:51:14.367,0.77315,0.7732,51.50,182.80
2008.10.20 06:51:14.648,0.7731,0.7732,91.70,203.70
2008.10.20 06:51:14.948,0.77305,0.7732,300.50,363.30
2008.10.20 06:51:18.247,0.77305,0.77325,103.90,329.80
2008.10.20 06:51:18.947,0.77305,0.7732,400.00,256.36
2008.10.20 06:51:19.127,0.77305,0.7732,385.60,259.55
2008.10.20 06:51:20.066,0.77305,0.77325,100.40,374.60
2008.10.20 06:51:20.406,0.77305,0.77325,407.10,453.30
2008.10.20 06:51:20.736,0.77305,0.77325,413.90,377.80
2008.10.20 06:51:26.175,0.7731,0.77325,111.20,393.80
2008.10.20 06:51:26.515,0.7731,0.77325,111.50,299.60
2008.10.20 06:51:26.745,0.7731,0.77325,340.10,296.40
2008.10.20 06:51:27.604,0.77305,0.77325,384.20,508.90
2008.10.20 06:51:28.004,0.7731,0.77325,121.60,424.30
2008.10.20 06:51:28.694,0.7731,0.7732,309.70,349.20
2008.10.20 06:51:28.934,0.77305,0.7732,334.20,448.40
2008.10.20 06:51:29.614,0.773,0.7732,431.50,589.20
2008.10.20 06:51:31.084,0.77305,0.7732,87.70,378.00
2008.10.20 06:51:31.263,0.77305,0.77325,94.70,472.20
2008.10.20 06:51:32.593,0.7731,0.77325,110.00,515.40
2008.10.20 06:51:35.213,0.7731,0.7732,114.40,451.55
2008.10.20 06:51:35.722,0.77305,0.7732,190.00,424.36
2008.10.20 06:51:36.073,0.77305,0.77325,215.90,414.80
2008.10.20 06:51:36.362,0.77305,0.77325,195.50,474.00
2008.10.20 06:51:36.882,0.7731,0.77325,236.00,534.76
2008.10.20 06:51:37.232,0.7731,0.77325,237.00,763.16
2008.10.20 06:51:38.861,0.77305,0.7732,482.30,833.20
2008.10.20 06:51:39.142,0.77305,0.7732,279.10,32.60
2008.10.20 06:51:39.321,0.77305,0.77325,505.10,159.00
2008.10.20 06:51:39.601,0.77305,0.77325,505.10,189.00
2008.10.20 06:51:39.881,0.77305,0.77325,156.70,203.80
2008.10.20 06:51:40.161,0.7731,0.77325,119.10,255.10
2008.10.20 06:51:42.091,0.7731,0.7732,120.00,238.70
2008.10.20 06:51:42.441,0.77305,0.7732,53.20,469.10
2008.10.20 06:51:42.731,0.77305,0.77325,82.80,186.20
2008.10.20 06:51:43.070,0.77305,0.77325,63.60,317.30
2008.10.20 06:51:43.500,0.77305,0.7732,276.70,85.10
2008.10.20 06:51:43.970,0.77305,0.7732,316.53,101.10
2008.10.20 06:51:44.370,0.773,0.7732,397.50,101.00
2008.10.20 06:51:45.440,0.773,0.7732,404.70,164.60
2008.10.20 06:51:45.670,0.7731,0.7732,408.90,96.60
2008.10.20 06:51:46.010,0.7731,0.7732,56.70,65.50
2008.10.20 06:51:46.180,0.7731,0.7732,45.00,56.80
2008.10.20 06:51:46.420,0.773,0.7732,87.60,68.00
2008.10.20 06:51:48.359,0.77305,0.7732,130.90,50.40
2008.10.20 06:51:48.599,0.77305,0.77325,172.50,111.30
2008.10.20 06:51:48.889,0.77305,0.77325,107.50,195.30
2008.10.20 06:51:49.229,0.77305,0.77325,221.30,251.70
2008.10.20 06:51:49.509,0.77305,0.77325,195.20,251.70
2008.10.20 06:51:49.859,0.77305,0.77325,198.40,275.70
2008.10.20 06:51:50.179,0.77305,0.7732,188.40,234.00
2008.10.20 06:51:50.469,0.77305,0.7732,210.60,234.00
2008.10.20 06:51:51.479,0.773,0.7732,226.80,248.40
2008.10.20 06:51:51.988,0.77305,0.7732,233.50,256.40
2008.10.20 06:51:52.168,0.77305,0.77325,90.80,50.40
2008.10.20 06:51:52.458,0.77305,0.77325,233.30,77.60
2008.10.20 06:51:52.738,0.77305,0.77325,233.30,109.20
2008.10.20 06:51:53.098,0.7731,0.77325,82.00,133.20
2008.10.20 06:51:53.328,0.7731,0.77325,97.10,160.40
2008.10.20 06:51:53.828,0.7731,0.7733,91.00,197.20
2008.10.20 06:51:53.998,0.77315,0.7733,50.50,158.60
2008.10.20 06:51:54.228,0.77315,0.7733,41.20,153.90
2008.10.20 06:51:54.558,0.77315,0.7733,52.50,243.20
2008.10.20 06:51:54.948,0.77315,0.7733,55.60,203.50
2008.10.20 06:51:56.167,0.77315,0.77335,47.60,261.30
2008.10.20 06:51:56.907,0.77315,0.77335,79.60,112.40
2008.10.20 06:51:57.197,0.77315,0.77335,61.50,136.50
2008.10.20 06:51:57.357,0.7732,0.77335,74.00,121.80
2008.10.20 06:51:59.307,0.7732,0.7734,77.90,139.60
2008.10.20 06:51:59.526,0.77325,0.7734,133.90,180.30
2008.10.20 06:51:59.917,0.77325,0.7734,72.30,212.40
2008.10.20 06:52:00.316,0.77325,0.77345,80.30,224.90
2008.10.20 06:52:00.646,0.77325,0.77345,191.70,339.20
2008.10.20 06:52:00.946,0.77325,0.7734,213.30,401.20
2008.10.20 06:52:01.286,0.77325,0.77345,179.70,447.60
2008.10.20 06:52:01.706,0.77325,0.7734,171.50,522.60
2008.10.20 06:52:02.046,0.77325,0.7734,165.10,399.60
2008.10.20 06:52:02.276,0.77325,0.7734,46.80,399.50
2008.10.20 06:52:02.626,0.77325,0.7734,46.70,506.50
2008.10.20 06:52:03.246,0.7733,0.77345,92.33,565.30
2008.10.20 06:52:03.476,0.77325,0.77345,193.10,576.90
2008.10.20 06:52:04.286,0.7733,0.7734,103.20,458.90
2008.10.20 06:52:04.585,0.77325,0.77345,224.43,637.30
2008.10.20 06:52:04.885,0.77325,0.7734,233.90,647.20
2008.10.20 06:52:05.335,0.77325,0.7734,68.30,369.30
2008.10.20 06:52:05.725,0.7733,0.77345,61.23,354.30
2008.10.20 06:52:06.005,0.7733,0.77345,54.80,263.60
2008.10.20 06:52:06.455,0.7733,0.77345,352.00,286.10
2008.10.20 06:52:07.175,0.7733,0.77345,370.90,249.30
2008.10.20 06:52:07.455,0.7733,0.7735,334.40,289.90
2008.10.20 06:52:08.105,0.7733,0.7735,100.80,309.20
2008.10.20 06:52:08.404,0.77335,0.7735,56.40,302.80
2008.10.20 06:52:08.744,0.77335,0.77355,100.80,343.40
2008.10.20 06:52:09.034,0.77335,0.77355,126.00,378.60
2008.10.20 06:52:09.365,0.77335,0.77355,138.90,442.00
2008.10.20 06:52:10.044,0.7734,0.77355,69.90,206.80
2008.10.20 06:52:10.394,0.77345,0.7736,64.30,90.50
2008.10.20 06:52:10.724,0.7735,0.77365,53.20,152.30
2008.10.20 06:52:11.694,0.7735,0.77365,85.90,113.20
2008.10.20 06:52:11.924,0.7735,0.7737,166.10,149.20
2008.10.20 06:52:12.533,0.7735,0.7737,135.50,171.60
2008.10.20 06:52:13.153,0.77345,0.7736,214.80,198.70
2008.10.20 06:52:13.533,0.77345,0.7736,152.50,193.90
2008.10.20 06:52:13.893,0.77345,0.7736,112.40,264.40
2008.10.20 06:52:14.673,0.77345,0.77365,218.90,388.00
2008.10.20 06:52:14.973,0.77335,0.77355,330.30,35.60
2008.10.20 06:52:16.063,0.7734,0.77355,154.80,371.50
2008.10.20 06:52:16.293,0.7734,0.77355,78.00,104.70
2008.10.20 06:52:16.522,0.7734,0.77355,148.40,397.90
2008.10.20 06:52:16.762,0.7734,0.77355,116.50,452.30
2008.10.20 06:52:17.302,0.7734,0.77355,177.20,682.00
2008.10.20 06:52:17.772,0.7734,0.77355,55.70,539.80
2008.10.20 06:52:19.362,0.77335,0.7735,32.10,260.30
2008.10.20 06:52:19.592,0.77335,0.77345,148.80,72.60
2008.10.20 06:52:19.932,0.77335,0.7735,149.70,95.60
2008.10.20 06:52:20.222,0.7733,0.7735,223.60,186.80
2008.10.20 06:52:20.751,0.7733,0.7735,232.80,129.96
2008.10.20 06:52:21.101,0.77335,0.7735,202.70,163.60
2008.10.20 06:52:21.561,0.77335,0.77355,226.70,525.20
2008.10.20 06:52:22.641,0.7734,0.77355,237.30,489.15
2008.10.20 06:52:22.931,0.7734,0.77355,202.10,139.60
2008.10.20 06:52:23.221,0.7734,0.7736,210.10,488.40
2008.10.20 06:52:23.561,0.7734,0.7736,245.30,487.90
2008.10.20 06:52:23.911,0.7734,0.77355,255.60,428.40
2008.10.20 06:52:24.330,0.7734,0.77355,255.50,501.30
2008.10.20 06:52:24.671,0.7734,0.77355,255.80,501.30
2008.10.20 06:52:25.001,0.77345,0.7736,307.70,497.10
2008.10.20 06:52:25.280,0.7734,0.77355,48.70,567.90
2008.10.20 06:52:25.570,0.7734,0.77355,53.60,73.00
2008.10.20 06:52:26.430,0.77335,0.77355,129.50,449.80
2008.10.20 06:52:26.720,0.77335,0.77355,128.80,450.00
2008.10.20 06:52:28.319,0.77335,0.7735,392.80,50.70
2008.10.20 06:52:29.010,0.77335,0.7735,273.20,62.00
2008.10.20 06:52:31.589,0.77335,0.7735,311.70,162.00
2008.10.20 06:52:32.049,0.77335,0.77345,337.30,66.75
2008.10.20 06:52:32.958,0.77335,0.7735,48.40,235.00
2008.10.20 06:52:33.399,0.7733,0.77335,27.70,24.10
2008.10.20 06:52:33.868,0.77305,0.7733,88.70,93.60
2008.10.20 06:52:34.228,0.77295,0.77325,94.40,49.60
2008.10.20 06:52:34.628,0.77295,0.77315,87.60,48.80
2008.10.20 06:52:36.318,0.773,0.77315,85.93,163.10
2008.10.20 06:52:36.498,0.773,0.77315,103.00,187.80
2008.10.20 06:52:36.898,0.77295,0.77315,136.20,71.60
2008.10.20 06:52:37.298,0.77295,0.7731,86.70,107.60
2008.10.20 06:52:38.747,0.77295,0.7731,89.50,160.30
2008.10.20 06:52:39.107,0.7729,0.77305,159.20,178.60
2008.10.20 06:52:39.397,0.7729,0.77305,104.30,193.20
2008.10.20 06:52:39.697,0.77295,0.77305,85.60,49.30
2008.10.20 06:52:40.037,0.77295,0.773,122.00,84.65
2008.10.20 06:52:40.377,0.77295,0.77305,125.60,310.70
2008.10.20 06:52:40.606,0.77285,0.77305,216.40,334.80
2008.10.20 06:52:40.947,0.77285,0.77305,214.90,342.00
2008.10.20 06:52:41.137,0.7729,0.77305,250.50,368.80
2008.10.20 06:52:41.486,0.7729,0.77305,315.50,384.40
2008.10.20 06:52:41.717,0.7729,0.77305,315.50,424.20
2008.10.20 06:52:42.056,0.7729,0.77305,345.90,459.60
2008.10.20 06:52:42.916,0.77285,0.77305,472.80,486.80
2008.10.20 06:52:43.216,0.7729,0.77305,373.10,509.90
2008.10.20 06:52:43.566,0.7729,0.77305,414.80,515.60
2008.10.20 06:52:43.846,0.7729,0.7731,454.80,542.00
2008.10.20 06:52:44.186,0.7729,0.7731,517.80,688.30
2008.10.20 06:52:44.526,0.7729,0.7731,417.10,543.60
2008.10.20 06:52:45.426,0.7729,0.77305,337.80,310.00
2008.10.20 06:52:45.665,0.7729,0.77305,117.50,732.10
2008.10.20 06:52:45.895,0.7729,0.77305,85.90,575.55
2008.10.20 06:52:46.185,0.7729,0.77305,109.80,593.20
2008.10.20 06:52:46.645,0.7729,0.77305,105.50,354.00
2008.10.20 06:52:47.625,0.7729,0.77305,134.20,372.40
2008.10.20 06:52:48.305,0.7729,0.77305,161.90,65.20
2008.10.20 06:52:51.174,0.77285,0.77305,135.10,489.80
2008.10.20 06:52:51.574,0.77285,0.77305,170.30,539.60
2008.10.20 06:52:52.164,0.7729,0.77305,180.40,577.10
2008.10.20 06:52:52.334,0.7729,0.77305,180.70,517.10
2008.10.20 06:52:56.323,0.7729,0.77305,238.90,566.80
2008.10.20 06:52:56.553,0.77285,0.77305,346.30,590.80
2008.10.20 06:52:57.013,0.7729,0.77305,266.20,614.80
2008.10.20 06:52:57.293,0.7729,0.77305,249.90,657.10
2008.10.20 06:53:01.112,0.77295,0.77305,83.60,507.60
2008.10.20 06:53:01.392,0.77295,0.77305,347.50,509.26
2008.10.20 06:53:01.742,0.77295,0.7731,355.50,528.30
2008.10.20 06:53:02.791,0.773,0.7731,68.00,534.80
2008.10.20 06:53:03.081,0.773,0.7731,131.50,757.26
2008.10.20 06:53:03.581,0.773,0.77315,389.10,119.60
2008.10.20 06:53:03.921,0.77305,0.77315,64.20,135.60
2008.10.20 06:53:04.311,0.77305,0.7732,67.10,159.50
2008.10.20 06:53:04.661,0.773,0.7732,417.90,112.40
2008.10.20 06:53:05.011,0.77305,0.7732,114.90,145.80
2008.10.20 06:53:05.551,0.773,0.77315,590.40,187.50
2008.10.20 06:53:05.841,0.773,0.77315,140.80,203.50
2008.10.20 06:53:06.140,0.773,0.77315,458.60,189.20
2008.10.20 06:53:06.490,0.773,0.7732,458.60,194.00
2008.10.20 06:53:06.880,0.773,0.7732,482.80,265.30
2008.10.20 06:53:07.110,0.773,0.7732,157.10,107.50
2008.10.20 06:53:07.520,0.77305,0.77325,186.60,112.80
2008.10.20 06:53:07.740,0.77305,0.77325,201.10,128.80
2008.10.20 06:53:08.030,0.77305,0.77325,202.90,122.40
2008.10.20 06:53:08.550,0.77305,0.77325,234.70,153.30
2008.10.20 06:53:09.230,0.7731,0.77325,120.90,104.10
2008.10.20 06:53:09.510,0.7731,0.77325,143.50,120.10
2008.10.20 06:53:09.690,0.7731,0.7733,144.70,128.90
2008.10.20 06:53:10.689,0.77315,0.7733,189.30,77.90
2008.10.20 06:53:10.989,0.77315,0.7733,175.50,119.60
2008.10.20 06:53:11.159,0.77315,0.7733,466.90,193.20
2008.10.20 06:53:11.439,0.77315,0.77335,466.90,192.50
2008.10.20 06:53:11.609,0.77315,0.77335,291.20,113.96
2008.10.20 06:53:11.899,0.77315,0.77335,292.10,114.00
2008.10.20 06:53:12.249,0.77315,0.77335,246.90,101.20
2008.10.20 06:53:13.379,0.77315,0.77335,414.50,200.40
2008.10.20 06:53:14.109,0.7732,0.77335,106.70,200.40
2008.10.20 06:53:15.028,0.7732,0.7734,95.50,210.00
2008.10.20 06:53:16.658,0.7732,0.77335,143.50,200.40
2008.10.20 06:53:17.108,0.7732,0.7734,293.70,208.40
2008.10.20 06:53:17.638,0.7732,0.77335,308.10,213.20
2008.10.20 06:53:18.038,0.77325,0.7734,215.50,243.60
2008.10.20 06:53:18.317,0.77325,0.7734,84.70,338.00
2008.10.20 06:53:18.597,0.7732,0.7734,295.60,315.50
2008.10.20 06:53:18.767,0.7732,0.7734,313.10,328.40
2008.10.20 06:53:19.167,0.7732,0.7734,312.80,328.30
2008.10.20 06:53:19.397,0.7732,0.7734,236.10,320.40
2008.10.20 06:53:20.697,0.7732,0.77335,301.30,235.60
2008.10.20 06:53:21.597,0.7732,0.7734,323.30,426.00
2008.10.20 06:53:22.007,0.7732,0.7734,122.00,404.70
2008.10.20 06:53:22.236,0.7732,0.77335,136.80,267.55
2008.10.20 06:53:22.457,0.7732,0.7734,151.40,287.40
2008.10.20 06:53:22.787,0.7732,0.7734,185.40,490.80
2008.10.20 06:53:23.126,0.77325,0.7734,67.80,95.50
2008.10.20 06:53:23.576,0.77325,0.7734,50.00,100.40
2008.10.20 06:53:23.976,0.77325,0.77345,229.50,76.10
2008.10.20 06:53:24.206,0.77325,0.77345,231.00,75.90
2008.10.20 06:53:24.486,0.77325,0.7734,237.20,63.56
2008.10.20 06:53:25.476,0.7732,0.7734,424.80,129.00
2008.10.20 06:53:25.926,0.7732,0.7734,424.50,129.00
2008.10.20 06:53:26.436,0.7732,0.7734,50.00,215.30
2008.10.20 06:53:26.666,0.77315,0.77335,332.40,197.80
2008.10.20 06:53:28.175,0.77315,0.77335,342.90,234.80
2008.10.20 06:53:28.525,0.77315,0.77335,338.40,234.80
2008.10.20 06:53:28.765,0.7732,0.7734,43.60,322.90
2008.10.20 06:53:29.065,0.7732,0.77335,48.30,264.30
2008.10.20 06:53:29.365,0.7732,0.77335,47.00,265.00
2008.10.20 06:53:29.725,0.7732,0.77335,48.30,122.00
2008.10.20 06:53:29.955,0.77315,0.77335,614.10,182.80
2008.10.20 06:53:30.635,0.77315,0.77335,382.70,225.30
2008.10.20 06:53:32.184,0.77315,0.7733,382.70,158.80
2008.10.20 06:53:33.514,0.7732,0.7733,52.20,275.60
2008.10.20 06:53:33.794,0.7732,0.77335,289.90,299.20
2008.10.20 06:53:35.583,0.77315,0.77335,446.10,221.00
2008.10.20 06:53:36.103,0.77315,0.7733,121.20,161.30
2008.10.20 06:53:36.333,0.77315,0.77335,85.10,323.50
2008.10.20 06:53:36.673,0.7732,0.77335,84.20,219.60
2008.10.20 06:53:36.893,0.77325,0.7734,49.40,184.40
2008.10.20 06:53:37.173,0.77325,0.7733,63.50,195.60
2008.10.20 06:53:37.463,0.77325,0.7733,101.50,176.46
2008.10.20 06:53:38.123,0.77325,0.7733,81.10,195.65
2008.10.20 06:53:38.682,0.7732,0.7733,74.90,148.40
2008.10.20 06:53:38.962,0.77315,0.7733,621.70,177.20
2008.10.20 06:53:39.472,0.77315,0.77335,653.30,346.00
2008.10.20 06:53:39.762,0.77315,0.77335,655.10,346.00
2008.10.20 06:53:40.462,0.77315,0.77335,658.80,346.00
2008.10.20 06:53:40.752,0.77315,0.7733,702.10,554.00
2008.10.20 06:53:41.562,0.77315,0.77335,99.13,370.00
2008.10.20 06:53:41.742,0.77315,0.77335,715.10,370.00
2008.10.20 06:53:41.972,0.77315,0.7733,721.70,248.40
2008.10.20 06:53:42.092,0.77315,0.7733,726.42,248.40
2008.10.20 06:53:42.422,0.77315,0.7733,727.12,248.40
2008.10.20 06:53:42.711,0.77315,0.7733,727.10,208.40
2008.10.20 06:53:43.401,0.77315,0.7733,719.90,246.80
2008.10.20 06:53:43.741,0.77315,0.7733,770.10,210.00
2008.10.20 06:53:44.041,0.77315,0.7733,791.60,224.40
2008.10.20 06:53:44.211,0.77315,0.7733,797.10,210.00
2008.10.20 06:53:45.302,0.77315,0.7733,842.80,251.60
2008.10.20 06:53:45.631,0.77315,0.7733,856.30,294.80
2008.10.20 06:53:45.921,0.77315,0.7733,867.10,195.50
2008.10.20 06:53:47.700,0.77315,0.7733,881.50,217.90
2008.10.20 06:53:47.930,0.77315,0.7733,890.00,230.70
2008.10.20 06:53:48.170,0.77315,0.7733,934.10,256.30
2008.10.20 06:53:48.610,0.7731,0.7733,944.30,379.20
2008.10.20 06:53:49.080,0.7731,0.7733,954.30,409.10
2008.10.20 06:53:50.160,0.7731,0.7733,978.30,463.20
2008.10.20 06:53:50.340,0.7731,0.7733,752.70,463.10
2008.10.20 06:53:50.620,0.7731,0.7733,752.70,463.20
2008.10.20 06:53:50.960,0.77315,0.77335,634.70,361.30
2008.10.20 06:53:51.599,0.77315,0.77335,636.20,355.30
2008.10.20 06:53:52.719,0.77315,0.77335,660.20,232.80
2008.10.20 06:53:52.839,0.7732,0.77335,59.90,237.60
2008.10.20 06:53:53.059,0.7732,0.77335,81.70,235.60
2008.10.20 06:53:53.519,0.7732,0.77335,696.30,310.50
2008.10.20 06:53:53.739,0.77315,0.77335,888.30,371.10
2008.10.20 06:53:53.909,0.77315,0.77335,886.80,371.30
2008.10.20 06:53:54.369,0.77315,0.77335,829.20,370.50
2008.10.20 06:53:54.769,0.77315,0.77335,851.70,353.30
2008.10.20 06:53:55.109,0.77315,0.77335,701.90,351.10
2008.10.20 06:53:55.789,0.77315,0.77335,726.70,398.90
2008.10.20 06:53:57.508,0.77315,0.7733,727.50,278.70
2008.10.20 06:53:57.968,0.7731,0.7733,966.30,302.70
2008.10.20 06:53:58.248,0.7731,0.7733,966.30,445.10
2008.10.20 06:53:59.458,0.7731,0.7733,1006.70,173.10
2008.10.20 06:53:59.748,0.77315,0.77335,45.90,395.60
2008.10.20 06:54:00.388,0.77315,0.77335,48.20,610.90
2008.10.20 06:54:00.677,0.77315,0.7733,789.80,479.60
2008.10.20 06:54:01.007,0.77315,0.7733,1043.90,462.60
2008.10.20 06:54:01.287,0.7731,0.77325,63.20,478.70
2008.10.20 06:54:01.747,0.7731,0.77325,49.20,365.10
2008.10.20 06:54:02.047,0.7731,0.77325,91.32,408.20
2008.10.20 06:54:02.337,0.7731,0.77325,103.20,357.10
2008.10.20 06:54:03.096,0.7731,0.77325,46.00,381.10
2008.10.20 06:54:03.367,0.7731,0.77325,110.10,398.70
2008.10.20 06:54:03.707,0.7731,0.77325,108.50,416.20
2008.10.20 06:54:03.936,0.77305,0.77325,107.10,751.30
2008.10.20 06:54:04.176,0.77305,0.77315,102.90,464.40
2008.10.20 06:54:04.396,0.773,0.77315,106.90,474.00
2008.10.20 06:54:04.896,0.773,0.77315,106.90,474.76
2008.10.20 06:54:05.256,0.773,0.77315,108.60,578.60
2008.10.20 06:54:05.426,0.77295,0.77315,138.80,785.10
2008.10.20 06:54:05.826,0.77295,0.77315,137.60,573.00
2008.10.20 06:54:06.046,0.773,0.77315,109.90,596.30
2008.10.20 06:54:07.606,0.773,0.77315,125.90,821.10
2008.10.20 06:54:09.895,0.773,0.77315,73.20,901.30
2008.10.20 06:54:10.405,0.773,0.77315,71.50,680.20
2008.10.20 06:54:10.635,0.773,0.77315,36.60,637.00
2008.10.20 06:54:10.915,0.77295,0.77315,61.30,637.20
2008.10.20 06:54:11.155,0.77295,0.77315,77.50,876.50
2008.10.20 06:54:11.445,0.77295,0.77315,86.90,650.00
2008.10.20 06:54:11.725,0.773,0.77315,78.30,664.40
2008.10.20 06:54:12.355,0.77295,0.77315,78.90,670.80
2008.10.20 06:54:12.524,0.77295,0.77315,156.30,677.20
2008.10.20 06:54:12.815,0.773,0.77315,163.50,676.30
2008.10.20 06:54:16.464,0.773,0.7732,65.90,992.90
2008.10.20 06:54:17.543,0.773,0.7732,172.20,757.60
2008.10.20 06:54:17.723,0.773,0.7732,173.00,772.00
2008.10.20 06:54:18.483,0.773,0.77315,314.50,802.80
2008.10.20 06:54:18.713,0.773,0.77315,192.20,936.40
2008.10.20 06:54:18.893,0.77305,0.77315,193.90,726.00
2008.10.20 06:54:19.123,0.77305,0.7732,53.10,169.30
2008.10.20 06:54:19.523,0.77305,0.7732,205.10,252.30
2008.10.20 06:54:19.803,0.77305,0.7732,263.50,209.20
2008.10.20 06:54:20.033,0.77305,0.7732,79.90,180.40
2008.10.20 06:54:20.203,0.77305,0.7732,240.70,368.30
2008.10.20 06:54:20.782,0.77305,0.77325,226.70,421.70
2008.10.20 06:54:21.412,0.77305,0.77325,247.50,409.30
2008.10.20 06:54:21.532,0.77305,0.7732,261.90,418.40
2008.10.20 06:54:21.592,0.77305,0.7732,261.90,418.30
2008.10.20 06:54:31.920,0.7731,0.7732,218.70,220.30
2008.10.20 06:54:32.040,0.7731,0.77325,241.10,122.00
2008.10.20 06:54:32.619,0.77305,0.77325,385.50,170.00
2008.10.20 06:54:32.850,0.77305,0.77325,341.70,178.00
2008.10.20 06:54:33.019,0.77305,0.77325,226.40,227.30
2008.10.20 06:54:35.869,0.7731,0.77325,78.60,250.00
2008.10.20 06:54:36.149,0.7731,0.77325,79.90,249.10
2008.10.20 06:54:37.739,0.7731,0.77325,105.50,340.30
2008.10.20 06:54:37.968,0.7731,0.7733,273.90,68.90
2008.10.20 06:54:38.188,0.77315,0.7733,112.00,96.90
2008.10.20 06:54:38.528,0.7731,0.77325,141.10,69.00
2008.10.20 06:54:38.758,0.7731,0.77325,305.00,68.50
2008.10.20 06:54:39.038,0.7731,0.7733,332.40,115.10
2008.10.20 06:54:39.508,0.7731,0.7733,363.70,99.60
2008.10.20 06:54:39.988,0.7731,0.7733,537.50,86.80
2008.10.20 06:54:41.497,0.7731,0.7733,381.80,56.20
2008.10.20 06:54:41.607,0.7731,0.7733,179.30,69.10
2008.10.20 06:54:41.658,0.77315,0.7733,72.70,80.30
2008.10.20 06:54:41.777,0.77315,0.7733,61.30,121.90
2008.10.20 06:54:41.897,0.77315,0.7733,77.90,163.60
2008.10.20 06:54:42.058,0.7731,0.7733,313.10,192.30
2008.10.20 06:54:42.277,0.7731,0.77325,80.20,105.30
2008.10.20 06:54:42.337,0.7731,0.77325,142.10,113.30
2008.10.20 06:54:43.087,0.7731,0.77325,181.60,90.90
2008.10.20 06:54:44.776,0.7731,0.77325,230.10,134.10
2008.10.20 06:54:45.646,0.7731,0.77325,269.60,180.50
2008.10.20 06:54:46.806,0.7731,0.77325,270.70,180.50
2008.10.20 06:54:46.976,0.77305,0.77325,553.10,205.20
2008.10.20 06:54:47.216,0.7731,0.77325,269.40,205.20
2008.10.20 06:54:47.956,0.77305,0.77325,573.10,205.20
2008.10.20 06:54:53.064,0.77305,0.77325,229.12,293.00
2008.10.20 06:54:53.534,0.77305,0.77325,233.50,155.40
2008.10.20 06:54:54.204,0.77305,0.77325,233.10,155.40
2008.10.20 06:54:54.554,0.77305,0.77325,258.40,173.50
2008.10.20 06:54:54.724,0.773,0.7732,568.80,231.30
2008.10.20 06:54:59.813,0.773,0.7732,672.10,198.80
2008.10.20 06:55:01.792,0.773,0.7732,791.60,230.00
2008.10.20 06:55:02.032,0.773,0.77315,824.00,96.40
2008.10.20 06:55:02.612,0.77295,0.77315,774.10,125.20
2008.10.20 06:55:14.620,0.77295,0.77315,460.32,61.20
2008.10.20 06:55:14.789,0.77295,0.77315,363.50,61.20
2008.10.20 06:55:15.199,0.773,0.77315,373.50,232.40
2008.10.20 06:55:15.739,0.77295,0.77315,445.10,259.60
2008.10.20 06:55:18.529,0.773,0.7732,351.50,290.00
2008.10.20 06:55:18.929,0.773,0.77315,361.10,43.60
2008.10.20 06:55:25.187,0.77295,0.77315,481.10,46.80
2008.10.20 06:55:30.755,0.773,0.7732,410.40,422.40
2008.10.20 06:55:32.235,0.773,0.7732,472.10,485.00
2008.10.20 06:55:32.635,0.77305,0.7732,466.10,502.60
2008.10.20 06:55:32.855,0.77305,0.7732,475.90,481.50
2008.10.20 06:55:34.025,0.7731,0.7732,174.10,419.60
2008.10.20 06:55:34.195,0.77305,0.7732,555.30,419.60
2008.10.20 06:55:34.375,0.7731,0.77325,189.40,700.50
2008.10.20 06:55:34.535,0.7731,0.77325,581.90,439.50
2008.10.20 06:55:35.104,0.77305,0.77325,264.80,789.30
2008.10.20 06:55:35.444,0.77305,0.7732,665.10,479.40
2008.10.20 06:55:35.784,0.77305,0.7732,705.70,526.80
2008.10.20 06:55:36.374,0.7731,0.7732,355.10,665.26
2008.10.20 06:55:36.674,0.77305,0.77325,122.70,207.60
2008.10.20 06:55:37.204,0.77305,0.7732,651.00,236.30
2008.10.20 06:55:37.454,0.77305,0.7732,661.50,313.60
2008.10.20 06:55:37.734,0.773,0.7732,748.00,343.60
2008.10.20 06:55:37.964,0.773,0.7732,571.60,66.40
2008.10.20 06:55:38.184,0.773,0.7732,571.30,66.40
2008.10.20 06:55:38.484,0.773,0.7731,67.50,46.06
2008.10.20 06:55:38.813,0.773,0.77315,100.70,137.10
2008.10.20 06:55:39.164,0.773,0.77315,101.90,131.50
2008.10.20 06:55:39.394,0.77305,0.77315,134.70,153.90
2008.10.20 06:55:39.903,0.77305,0.7732,46.90,189.20
2008.10.20 06:55:40.193,0.773,0.7732,240.20,170.00
2008.10.20 06:55:40.473,0.773,0.7732,243.50,166.80
2008.10.20 06:55:40.763,0.773,0.77315,193.50,73.20
2008.10.20 06:55:41.063,0.773,0.77315,200.30,84.40
2008.10.20 06:55:41.343,0.77295,0.77315,284.70,74.80
2008.10.20 06:55:41.523,0.77295,0.77315,296.30,87.40
2008.10.20 06:55:41.683,0.77295,0.77315,288.80,96.40
2008.10.20 06:55:43.402,0.773,0.77315,255.50,301.30
2008.10.20 06:55:43.592,0.773,0.77315,255.90,301.30
2008.10.20 06:55:44.052,0.773,0.77315,265.50,310.30
2008.10.20 06:55:45.262,0.773,0.77315,258.00,311.70
2008.10.20 06:55:45.492,0.77295,0.7731,334.20,242.10
2008.10.20 06:55:45.722,0.77295,0.77315,320.10,341.30
2008.10.20 06:55:45.942,0.77295,0.77315,429.60,270.80
2008.10.20 06:55:48.221,0.77295,0.77315,424.30,309.20
2008.10.20 06:55:49.141,0.773,0.77315,355.50,115.60
2008.10.20 06:55:49.741,0.77295,0.77315,161.60,289.90
2008.10.20 06:55:50.081,0.77295,0.7731,190.40,270.70
2008.10.20 06:55:50.531,0.77295,0.7731,160.50,274.00
2008.10.20 06:55:50.751,0.77295,0.7731,166.70,362.90
2008.10.20 06:55:51.160,0.77295,0.7731,206.10,29.20
2008.10.20 06:55:52.420,0.77295,0.7731,232.60,81.90
2008.10.20 06:55:52.580,0.7729,0.7731,324.70,105.90
2008.10.20 06:55:52.810,0.77295,0.7731,278.60,105.90
2008.10.20 06:55:52.930,0.77295,0.7731,321.60,40.40
2008.10.20 06:55:53.160,0.77295,0.7731,411.70,40.40
2008.10.20 06:55:53.490,0.7729,0.7731,451.50,139.50
2008.10.20 06:55:53.780,0.77295,0.773,256.00,113.90
2008.10.20 06:55:54.120,0.7729,0.773,85.30,55.60
2008.10.20 06:55:54.400,0.77285,0.773,82.40,275.20
2008.10.20 06:55:54.639,0.77285,0.77305,95.20,85.20
2008.10.20 06:55:55.140,0.77285,0.773,95.20,74.00
2008.10.20 06:55:55.840,0.7729,0.77305,117.90,85.30
2008.10.20 06:55:56.199,0.77285,0.77305,189.30,139.60
2008.10.20 06:55:57.169,0.7729,0.77305,158.20,313.30
2008.10.20 06:55:57.339,0.7729,0.77305,183.50,354.50
2008.10.20 06:55:57.669,0.77295,0.77305,175.60,405.50
2008.10.20 06:55:57.839,0.77295,0.77305,196.50,354.30
2008.10.20 06:55:57.999,0.77295,0.7731,223.90,362.10
2008.10.20 06:55:58.569,0.77295,0.7731,81.50,345.10
2008.10.20 06:55:58.909,0.77295,0.77315,271.90,468.90
2008.10.20 06:55:59.248,0.77295,0.7731,271.90,468.30
2008.10.20 06:55:59.938,0.77295,0.7731,317.90,492.30
2008.10.20 06:56:00.738,0.77305,0.7731,117.60,502.30
2008.10.20 06:56:00.918,0.77305,0.7731,71.60,70.86
2008.10.20 06:56:01.138,0.7731,0.7732,28.50,122.90
2008.10.20 06:56:01.358,0.77305,0.7731,51.30,37.20
2008.10.20 06:56:01.708,0.7731,0.7732,79.10,238.30
2008.10.20 06:56:02.108,0.7731,0.7732,110.50,77.10
2008.10.20 06:56:02.468,0.77305,0.7732,105.00,142.10
2008.10.20 06:56:02.748,0.77305,0.7732,58.40,103.10
2008.10.20 06:56:02.988,0.77305,0.7732,247.20,162.90
2008.10.20 06:56:03.518,0.773,0.7732,321.60,168.90
2008.10.20 06:56:03.798,0.773,0.7732,360.40,156.40
2008.10.20 06:56:04.087,0.773,0.7732,259.90,178.90
2008.10.20 06:56:04.367,0.773,0.7732,272.00,178.90
2008.10.20 06:56:04.648,0.77295,0.77315,353.10,114.60
2008.10.20 06:56:04.937,0.77295,0.77315,313.80,41.00
2008.10.20 06:56:05.217,0.77295,0.77315,364.20,252.00
2008.10.20 06:56:05.497,0.773,0.77315,52.20,182.80
2008.10.20 06:56:05.947,0.773,0.77315,117.90,187.40
2008.10.20 06:56:06.517,0.773,0.7732,151.50,198.80
2008.10.20 06:56:06.697,0.773,0.77315,161.10,213.90
2008.10.20 06:56:07.157,0.773,0.77315,67.80,322.10
2008.10.20 06:56:07.387,0.77295,0.7731,76.00,343.20
2008.10.20 06:56:07.777,0.7729,0.7731,409.30,270.80
2008.10.20 06:56:08.126,0.7729,0.7731,103.90,373.20
2008.10.20 06:56:08.716,0.77295,0.7731,81.70,283.90
2008.10.20 06:56:09.006,0.7729,0.77305,118.80,44.30
2008.10.20 06:56:09.236,0.77285,0.773,186.50,387.20
2008.10.20 06:56:09.566,0.77285,0.773,95.90,149.00
2008.10.20 06:56:09.856,0.77285,0.773,96.20,437.30
2008.10.20 06:56:10.146,0.7728,0.773,89.90,491.30
2008.10.20 06:56:10.546,0.7728,0.773,31.50,17.20
2008.10.20 06:56:10.886,0.7728,0.77295,63.90,83.50
2008.10.20 06:56:11.186,0.7729,0.773,83.50,100.40
2008.10.20 06:56:11.816,0.77295,0.7731,109.10,218.30
2008.10.20 06:56:12.216,0.77295,0.7731,137.10,209.20
2008.10.20 06:56:12.735,0.77295,0.77315,87.50,134.80
2008.10.20 06:56:13.075,0.77295,0.77315,127.40,133.30
2008.10.20 06:56:13.425,0.773,0.77315,73.40,123.50
2008.10.20 06:56:13.765,0.77295,0.77315,119.50,97.20
2008.10.20 06:56:14.065,0.77295,0.77315,280.80,110.00
2008.10.20 06:56:14.465,0.77295,0.77315,206.80,111.40
2008.10.20 06:56:14.805,0.773,0.7732,132.30,42.80
2008.10.20 06:56:15.724,0.77305,0.7732,149.60,32.30
2008.10.20 06:56:16.044,0.77305,0.7732,181.63,63.60
2008.10.20 06:56:16.335,0.773,0.7732,151.40,91.70
2008.10.20 06:56:16.664,0.773,0.77315,180.30,58.70
2008.10.20 06:56:17.164,0.77295,0.77315,371.10,93.80
2008.10.20 06:56:17.734,0.77295,0.77315,184.70,81.00
2008.10.20 06:56:18.604,0.773,0.77315,180.20,148.30
2008.10.20 06:56:19.164,0.773,0.7732,180.30,197.70
2008.10.20 06:56:19.384,0.773,0.77315,180.20,186.00
2008.10.20 06:56:19.834,0.773,0.7732,170.70,193.20
2008.10.20 06:56:20.354,0.77305,0.7732,168.50,193.20
2008.10.20 06:56:20.733,0.773,0.7732,507.20,252.40
2008.10.20 06:56:21.083,0.77295,0.77305,167.50,284.30
2008.10.20 06:56:21.363,0.7729,0.773,197.30,59.70
2008.10.20 06:56:21.643,0.77285,0.773,201.30,62.80
2008.10.20 06:56:22.093,0.7728,0.773,242.30,69.00
2008.10.20 06:56:22.443,0.77285,0.773,308.50,57.80
2008.10.20 06:56:22.733,0.7728,0.773,450.80,61.00
2008.10.20 06:56:23.023,0.7728,0.773,356.80,80.40
2008.10.20 06:56:23.253,0.7728,0.773,365.10,60.40
2008.10.20 06:56:23.593,0.77285,0.773,397.10,87.50
2008.10.20 06:56:26.332,0.77285,0.773,119.30,108.40
2008.10.20 06:56:27.122,0.7728,0.77295,73.90,75.60
2008.10.20 06:56:27.462,0.7728,0.773,94.30,318.90
2008.10.20 06:56:27.762,0.7728,0.773,67.40,114.00
2008.10.20 06:56:27.992,0.7728,0.773,68.20,114.00
2008.10.20 06:56:28.282,0.7728,0.773,141.50,138.00
2008.10.20 06:56:28.631,0.7728,0.77295,106.70,132.40
2008.10.20 06:56:31.201,0.7728,0.77295,195.70,120.40
2008.10.20 06:56:31.711,0.7729,0.77295,55.50,294.80
2008.10.20 06:56:31.930,0.7729,0.77305,41.30,380.50
2008.10.20 06:56:32.381,0.7729,0.77305,60.40,338.80
2008.10.20 06:56:34.200,0.7729,0.77305,271.60,216.50
2008.10.20 06:56:35.120,0.77295,0.77305,233.83,208.80
2008.10.20 06:56:35.410,0.77295,0.77315,209.80,274.40
2008.10.20 06:56:36.369,0.773,0.77315,56.20,275.20
2008.10.20 06:56:36.549,0.773,0.77315,81.50,275.20
2008.10.20 06:56:38.749,0.773,0.77315,121.10,329.30
2008.10.20 06:56:39.030,0.773,0.77315,120.30,262.00
2008.10.20 06:56:39.269,0.773,0.7732,137.90,276.80
2008.10.20 06:56:42.528,0.773,0.7732,174.70,304.00
2008.10.20 06:56:42.718,0.773,0.7732,175.40,71.60
2008.10.20 06:56:42.938,0.773,0.7732,176.20,71.60
2008.10.20 06:56:43.908,0.773,0.7732,175.40,71.60
2008.10.20 06:56:44.248,0.773,0.7732,174.70,71.60
2008.10.20 06:56:44.588,0.773,0.7732,176.20,71.60
2008.10.20 06:56:45.737,0.773,0.7732,181.00,91.70
2008.10.20 06:56:46.187,0.773,0.77315,202.70,106.70
2008.10.20 06:56:46.637,0.773,0.77315,225.50,141.80
2008.10.20 06:56:48.996,0.773,0.77315,224.20,89.00
2008.10.20 06:56:49.346,0.77295,0.77315,54.60,87.40
2008.10.20 06:56:49.726,0.77295,0.7731,57.80,101.90
2008.10.20 06:56:50.126,0.77295,0.7731,120.20,101.30
2008.10.20 06:56:50.746,0.77295,0.7731,255.70,174.00
2008.10.20 06:56:51.036,0.7729,0.7731,288.70,71.60
2008.10.20 06:56:53.606,0.7729,0.7731,316.30,162.80
2008.10.20 06:56:53.835,0.7729,0.77305,350.70,67.50
2008.10.20 06:56:54.235,0.7729,0.77305,197.50,102.10
2008.10.20 06:56:54.825,0.77285,0.77305,445.50,76.40
2008.10.20 06:56:55.665,0.7729,0.77305,352.40,73.20
2008.10.20 06:56:55.965,0.7729,0.77305,489.50,70.70
2008.10.20 06:56:56.485,0.7729,0.77305,391.50,115.50
2008.10.20 06:56:57.515,0.7729,0.77305,437.90,123.50
2008.10.20 06:57:00.734,0.7729,0.77305,481.50,85.20
2008.10.20 06:57:01.134,0.7729,0.7731,493.50,93.30
2008.10.20 06:57:01.774,0.7729,0.7731,503.30,134.00
2008.10.20 06:57:02.004,0.77295,0.7731,336.90,133.20
2008.10.20 06:57:02.234,0.773,0.7731,41.30,37.20
2008.10.20 06:57:02.554,0.773,0.7731,50.30,115.20
2008.10.20 06:57:02.913,0.773,0.7732,124.30,124.90
2008.10.20 06:57:03.253,0.773,0.77315,127.90,85.10
2008.10.20 06:57:03.883,0.77305,0.77315,55.40,113.90
2008.10.20 06:57:04.463,0.773,0.77315,67.40,97.90
2008.10.20 06:57:08.612,0.773,0.77315,543.00,113.90
2008.10.20 06:57:09.652,0.773,0.77315,536.20,113.20
2008.10.20 06:57:10.121,0.773,0.77315,43.30,121.10
2008.10.20 06:57:11.521,0.773,0.7732,288.30,290.50
2008.10.20 06:57:11.691,0.773,0.7732,72.70,290.90
2008.10.20 06:57:13.021,0.77305,0.7732,65.10,263.60
2008.10.20 06:57:13.841,0.77305,0.7732,81.10,296.20
2008.10.20 06:57:14.011,0.77305,0.7732,81.60,374.80
2008.10.20 06:57:14.190,0.77305,0.77315,49.40,308.30
2008.10.20 06:57:14.360,0.77305,0.77315,364.60,333.10
2008.10.20 06:57:15.380,0.77305,0.7732,195.40,413.10
2008.10.20 06:57:18.820,0.77305,0.7732,627.40,466.80
2008.10.20 06:57:19.169,0.773,0.7732,357.60,630.90
2008.10.20 06:57:19.399,0.773,0.77315,92.20,643.10
2008.10.20 06:57:20.269,0.773,0.77315,358.00,187.50
2008.10.20 06:57:20.499,0.773,0.77315,369.10,757.10
2008.10.20 06:57:21.019,0.773,0.77315,83.10,622.10
2008.10.20 06:57:21.648,0.773,0.77315,705.50,667.10
2008.10.20 06:57:22.398,0.77295,0.77315,947.20,676.90
2008.10.20 06:57:22.679,0.773,0.77315,425.90,130.00
2008.10.20 06:57:24.059,0.773,0.77315,65.10,61.30
2008.10.20 06:57:24.678,0.77305,0.77315,59.80,61.30
2008.10.20 06:57:24.858,0.77305,0.7732,62.60,604.40
2008.10.20 06:57:25.318,0.7731,0.7732,54.10,622.70
2008.10.20 06:57:25.728,0.77305,0.7732,106.70,777.10
2008.10.20 06:57:26.067,0.77305,0.77325,106.70,777.70
2008.10.20 06:57:26.468,0.77305,0.7732,126.60,42.00
2008.10.20 06:57:26.587,0.77305,0.7732,38.70,626.80
2008.10.20 06:57:26.767,0.77305,0.7732,46.70,788.90
2008.10.20 06:57:27.337,0.773,0.7732,672.70,828.90
2008.10.20 06:57:27.457,0.773,0.77315,562.70,686.70
2008.10.20 06:57:28.087,0.773,0.77315,289.10,693.10
2008.10.20 06:57:28.377,0.77305,0.77315,238.00,693.10
2008.10.20 06:57:28.727,0.77305,0.77315,244.00,701.10
2008.10.20 06:57:29.227,0.77305,0.77315,49.90,718.70
2008.10.20 06:57:29.697,0.773,0.77315,58.70,914.30
2008.10.20 06:57:30.687,0.773,0.77315,58.50,944.30
2008.10.20 06:57:30.917,0.77295,0.77315,67.80,788.80
2008.10.20 06:57:31.396,0.77295,0.7731,92.30,103.50
2008.10.20 06:57:31.686,0.77295,0.7731,419.70,160.40
2008.10.20 06:57:31.866,0.77295,0.7731,410.30,147.50
2008.10.20 06:57:32.036,0.773,0.7731,67.30,62.80
2008.10.20 06:57:32.386,0.773,0.7731,64.30,68.40
2008.10.20 06:57:32.616,0.77295,0.7731,475.40,241.00
2008.10.20 06:57:32.906,0.77295,0.7731,448.20,245.20
2008.10.20 06:57:33.756,0.77295,0.7731,98.70,257.10
2008.10.20 06:57:34.055,0.77295,0.7731,77.00,53.90
2008.10.20 06:57:34.355,0.7729,0.7731,510.00,274.00
2008.10.20 06:57:36.875,0.77295,0.7731,90.50,1261.50
2008.10.20 06:57:36.935,0.77295,0.7731,469.90,1261.50
2008.10.20 06:57:37.115,0.7729,0.7731,480.00,1262.50
2008.10.20 06:57:38.455,0.7729,0.7731,485.90,348.40
2008.10.20 06:57:38.685,0.77295,0.7731,94.70,345.00
2008.10.20 06:57:39.254,0.77295,0.7731,78.70,39.60
2008.10.20 06:57:40.904,0.77295,0.77305,52.80,39.70
2008.10.20 06:57:41.144,0.7729,0.77305,77.70,46.00
2008.10.20 06:57:41.374,0.7729,0.77305,553.80,49.10
2008.10.20 06:57:41.594,0.7729,0.77305,67.10,750.00
2008.10.20 06:57:41.984,0.77295,0.77305,131.30,112.40
2008.10.20 06:57:42.214,0.77295,0.77305,93.90,112.46
2008.10.20 06:57:42.504,0.77295,0.7731,109.90,982.30
2008.10.20 06:57:42.843,0.77295,0.77305,109.90,91.65
2008.10.20 06:57:42.963,0.7729,0.77305,142.50,38.80
2008.10.20 06:57:43.083,0.7729,0.77305,145.70,43.60
2008.10.20 06:57:43.503,0.77295,0.7731,113.10,933.10
2008.10.20 06:57:44.203,0.773,0.7731,88.80,943.60
2008.10.20 06:57:44.423,0.77305,0.7731,76.00,34.06
2008.10.20 06:57:44.663,0.77305,0.77315,60.20,47.60
2008.10.20 06:57:44.953,0.77305,0.77325,61.90,818.00
2008.10.20 06:57:45.593,0.77305,0.77325,216.30,844.00
2008.10.20 06:57:46.413,0.77305,0.77325,143.90,869.20
2008.10.20 06:57:47.392,0.7731,0.77325,169.70,1061.30
2008.10.20 06:57:47.732,0.7731,0.77325,110.70,80.30
2008.10.20 06:57:48.642,0.77315,0.77325,46.00,112.40
2008.10.20 06:57:48.922,0.77315,0.77325,61.60,166.70
2008.10.20 06:57:49.192,0.7731,0.77325,176.70,176.30
2008.10.20 06:57:49.732,0.7731,0.77325,381.10,132.40
2008.10.20 06:57:50.012,0.7731,0.77325,315.50,182.00
2008.10.20 06:57:50.352,0.7731,0.77325,307.10,182.00
2008.10.20 06:57:50.642,0.77305,0.77325,270.70,200.90
2008.10.20 06:57:51.941,0.77305,0.77325,190.70,155.60
2008.10.20 06:57:52.351,0.77305,0.77325,221.60,83.60
2008.10.20 06:57:52.581,0.77305,0.77325,109.13,58.40
2008.10.20 06:57:53.041,0.77305,0.77325,161.10,74.00
2008.10.20 06:57:53.521,0.773,0.7732,297.50,44.40
2008.10.20 06:57:54.601,0.773,0.7732,300.30,62.60
2008.10.20 06:57:54.901,0.773,0.7732,314.70,147.60
2008.10.20 06:57:57.150,0.773,0.77315,251.60,53.80
2008.10.20 06:57:57.450,0.773,0.77315,55.60,270.00
2008.10.20 06:57:57.790,0.773,0.77315,330.90,184.30
2008.10.20 06:57:58.200,0.77285,0.77305,107.40,236.50
2008.10.20 06:57:59.220,0.7729,0.77305,103.10,135.60
2008.10.20 06:58:00.139,0.7729,0.77305,99.50,183.50
2008.10.20 06:58:00.489,0.7729,0.7731,105.90,380.10
2008.10.20 06:58:00.849,0.77285,0.773,138.60,38.70
2008.10.20 06:58:01.129,0.77285,0.773,85.80,184.30
2008.10.20 06:58:01.399,0.77285,0.773,106.70,65.80
2008.10.20 06:58:01.999,0.77285,0.77305,127.50,93.20
2008.10.20 06:58:02.239,0.77285,0.773,95.50,41.90
2008.10.20 06:58:02.409,0.77285,0.773,105.50,193.90
2008.10.20 06:58:02.589,0.77285,0.773,112.60,84.00
2008.10.20 06:58:03.039,0.77285,0.773,95.50,62.80
2008.10.20 06:58:03.339,0.77285,0.773,115.90,69.10
2008.10.20 06:58:03.639,0.7729,0.773,148.20,98.06
2008.10.20 06:58:03.998,0.7729,0.77305,162.60,105.10
2008.10.20 06:58:04.908,0.77285,0.773,237.60,27.50
2008.10.20 06:58:05.088,0.7729,0.773,213.00,170.00
2008.10.20 06:58:05.378,0.7729,0.773,210.50,196.46
2008.10.20 06:58:05.558,0.7729,0.77305,253.50,334.90
2008.10.20 06:58:06.538,0.77285,0.773,322.10,48.50
2008.10.20 06:58:06.948,0.77285,0.773,346.60,229.10
2008.10.20 06:58:07.238,0.77285,0.77305,286.10,213.20
2008.10.20 06:58:08.257,0.77285,0.77305,262.90,213.60
2008.10.20 06:58:08.557,0.77285,0.77295,350.80,45.30
2008.10.20 06:58:08.897,0.7728,0.77295,481.50,46.70
2008.10.20 06:58:09.507,0.7728,0.77295,481.50,54.70
2008.10.20 06:58:11.327,0.77285,0.77305,481.50,392.70
2008.10.20 06:58:11.507,0.77285,0.77305,413.90,302.80
2008.10.20 06:58:11.797,0.7729,0.77305,226.70,330.00
2008.10.20 06:58:12.207,0.7729,0.77305,105.00,363.60
2008.10.20 06:58:12.427,0.77285,0.77305,245.10,363.60
2008.10.20 06:58:12.846,0.7729,0.77305,116.00,362.10
2008.10.20 06:58:13.236,0.7729,0.773,62.40,400.30
2008.10.20 06:58:13.586,0.77275,0.77295,380.40,50.60
2008.10.20 06:58:13.926,0.77275,0.77295,412.20,42.80
2008.10.20 06:58:14.216,0.7728,0.77295,261.70,58.60
2008.10.20 06:58:14.556,0.7728,0.77295,305.50,37.10
2008.10.20 06:58:16.865,0.7728,0.77295,101.40,99.60
2008.10.20 06:58:17.035,0.7729,0.77295,41.70,531.66
2008.10.20 06:58:17.445,0.7729,0.77305,69.10,66.80
2008.10.20 06:58:17.625,0.7729,0.7731,83.10,91.60
2008.10.20 06:58:18.025,0.77295,0.77305,48.90,30.06
2008.10.20 06:58:18.375,0.77295,0.7731,48.90,122.70
2008.10.20 06:58:18.765,0.773,0.77315,99.60,79.50
2008.10.20 06:58:18.925,0.773,0.77315,128.40,106.70
2008.10.20 06:58:19.085,0.77305,0.77315,49.70,121.30
2008.10.20 06:58:19.555,0.77295,0.773,90.50,117.20
2008.10.20 06:58:19.665,0.77295,0.77315,126.10,130.90
2008.10.20 06:58:19.955,0.77295,0.77315,127.60,129.30
2008.10.20 06:58:20.354,0.77295,0.77315,150.10,141.30
2008.10.20 06:58:20.695,0.77295,0.77315,98.70,169.30
2008.10.20 06:58:20.924,0.77295,0.7731,90.70,155.40
2008.10.20 06:58:21.215,0.77295,0.773,87.30,59.70
2008.10.20 06:58:21.444,0.77295,0.773,108.90,86.86
2008.10.20 06:58:21.684,0.77295,0.7731,104.40,280.30
2008.10.20 06:58:22.814,0.7729,0.7731,153.80,258.30
2008.10.20 06:58:23.144,0.7729,0.77305,145.10,273.20
2008.10.20 06:58:23.384,0.7729,0.77305,152.30,378.40
2008.10.20 06:58:23.664,0.7729,0.7731,162.40,393.10
2008.10.20 06:58:24.423,0.77295,0.7731,66.70,361.10
2008.10.20 06:58:26.043,0.77295,0.77315,168.30,389.70
2008.10.20 06:58:26.373,0.77295,0.77315,168.30,403.30
2008.10.20 06:58:26.713,0.77295,0.77315,226.00,461.30
2008.10.20 06:58:27.133,0.773,0.77315,101.90,541.10
2008.10.20 06:58:27.353,0.773,0.7732,82.70,378.80
2008.10.20 06:58:27.683,0.773,0.7732,272.70,317.80
2008.10.20 06:58:28.202,0.773,0.7732,310.30,531.10
2008.10.20 06:58:28.513,0.773,0.7732,310.70,531.10
2008.10.20 06:58:28.812,0.77305,0.77325,173.90,539.30
2008.10.20 06:58:29.112,0.77305,0.77325,184.00,593.30
2008.10.20 06:58:29.272,0.77305,0.77325,184.70,599.30
2008.10.20 06:58:29.732,0.77305,0.7732,202.30,477.20
2008.10.20 06:58:30.482,0.77305,0.7732,237.70,619.20
2008.10.20 06:58:30.872,0.773,0.7731,365.10,253.50
2008.10.20 06:58:31.172,0.7729,0.77305,293.00,189.80
2008.10.20 06:58:31.472,0.7729,0.77305,167.40,67.60
2008.10.20 06:58:31.772,0.7729,0.77305,167.40,68.20
2008.10.20 06:58:31.952,0.7729,0.77305,203.30,78.80
2008.10.20 06:58:32.362,0.7729,0.77305,218.50,78.60
2008.10.20 06:58:33.131,0.7729,0.77305,202.30,267.10
2008.10.20 06:58:33.351,0.7729,0.77305,261.20,102.70
2008.10.20 06:58:33.751,0.7729,0.77305,215.40,152.40
2008.10.20 06:58:34.081,0.7729,0.77305,215.20,170.00
2008.10.20 06:58:34.381,0.7729,0.77305,215.20,169.90
2008.10.20 06:58:35.241,0.77285,0.77305,336.30,224.20
2008.10.20 06:58:35.521,0.77285,0.77305,268.30,336.00
2008.10.20 06:58:35.881,0.77285,0.77305,274.70,332.90
2008.10.20 06:58:37.240,0.77285,0.773,298.70,377.20
2008.10.20 06:58:37.660,0.77285,0.77305,305.90,106.90
2008.10.20 06:58:38.630,0.77285,0.773,127.90,132.40
2008.10.20 06:58:39.510,0.77285,0.77295,128.80,135.90
2008.10.20 06:58:39.740,0.77285,0.77295,110.90,43.50
2008.10.20 06:58:39.980,0.77285,0.77295,169.80,78.80
2008.10.20 06:58:40.909,0.77285,0.7729,32.20,66.00
2008.10.20 06:58:41.149,0.77285,0.7729,32.20,98.20
2008.10.20 06:58:41.379,0.7728,0.7729,165.70,265.60
2008.10.20 06:58:41.609,0.77275,0.7729,168.20,150.40
2008.10.20 06:58:42.929,0.77275,0.7729,166.60,106.70
2008.10.20 06:58:43.149,0.77275,0.7729,64.10,63.60
2008.10.20 06:58:43.799,0.7727,0.7729,75.20,80.40
2008.10.20 06:58:44.609,0.77275,0.7729,70.50,122.00
2008.10.20 06:58:44.959,0.77275,0.7729,80.10,72.00
2008.10.20 06:58:45.189,0.77275,0.7729,80.90,70.40
2008.10.20 06:58:45.308,0.7727,0.7729,106.40,161.60
2008.10.20 06:58:45.648,0.77275,0.7729,100.40,161.60
2008.10.20 06:58:45.828,0.77275,0.7729,101.70,160.00
2008.10.20 06:58:46.179,0.77275,0.7729,69.70,202.70
2008.10.20 06:58:46.508,0.77275,0.7729,110.30,225.10
2008.10.20 06:58:46.748,0.77275,0.7729,135.90,225.90
2008.10.20 06:58:47.448,0.77275,0.77295,165.60,148.00
2008.10.20 06:58:49.258,0.77275,0.77295,241.60,54.00
2008.10.20 06:58:50.597,0.77275,0.77295,362.00,156.40
2008.10.20 06:58:50.817,0.77285,0.773,64.00,169.50
2008.10.20 06:58:51.037,0.77285,0.773,83.70,184.00
2008.10.20 06:58:51.267,0.7728,0.773,144.70,185.60
2008.10.20 06:58:51.837,0.7728,0.773,179.50,88.40
2008.10.20 06:58:52.177,0.77285,0.773,141.90,58.70
2008.10.20 06:58:52.587,0.77285,0.773,152.50,66.70
2008.10.20 06:58:52.707,0.7728,0.773,313.00,78.00
2008.10.20 06:58:52.827,0.7728,0.773,313.20,78.80
2008.10.20 06:58:52.946,0.7728,0.773,313.40,78.80
2008.10.20 06:58:53.057,0.7728,0.773,238.70,69.60
2008.10.20 06:58:53.526,0.7728,0.77295,248.60,49.20
2008.10.20 06:58:53.876,0.7728,0.77295,258.60,93.90
2008.10.20 06:58:54.816,0.77275,0.77295,268.70,59.60
2008.10.20 06:58:55.046,0.77275,0.77295,295.00,78.80
2008.10.20 06:58:55.326,0.7728,0.77295,294.20,85.20
2008.10.20 06:58:56.406,0.7728,0.77295,277.90,146.80
2008.10.20 06:58:57.455,0.7728,0.773,381.90,267.70
2008.10.20 06:58:59.035,0.7728,0.773,423.50,276.50
2008.10.20 06:58:59.395,0.7728,0.77295,402.70,244.30
2008.10.20 06:59:01.965,0.7728,0.77295,372.70,220.30
2008.10.20 06:59:02.254,0.77285,0.77295,327.70,296.30
2008.10.20 06:59:02.664,0.7728,0.77295,415.10,249.20
2008.10.20 06:59:02.904,0.7728,0.773,419.20,229.60
2008.10.20 06:59:03.594,0.77275,0.77295,462.40,102.70
2008.10.20 06:59:03.934,0.77275,0.77295,478.00,110.30
2008.10.20 06:59:04.204,0.77275,0.77295,518.60,137.40
2008.10.20 06:59:04.494,0.77275,0.77295,499.40,119.20
2008.10.20 06:59:04.854,0.77275,0.77295,493.90,100.40
2008.10.20 06:59:06.343,0.7728,0.77295,534.50,167.20
2008.10.20 06:59:07.023,0.7728,0.77295,577.00,199.60
2008.10.20 06:59:07.143,0.77275,0.77295,606.00,214.80
2008.10.20 06:59:07.423,0.7728,0.77295,552.10,222.70
2008.10.20 06:59:07.593,0.7728,0.77295,552.30,222.70
2008.10.20 06:59:09.533,0.7728,0.773,666.70,330.30
2008.10.20 06:59:10.113,0.7728,0.773,886.20,290.00
2008.10.20 06:59:10.352,0.7728,0.773,664.40,289.80
2008.10.20 06:59:10.592,0.7728,0.773,691.60,288.30
2008.10.20 06:59:11.333,0.7728,0.773,717.60,312.30
2008.10.20 06:59:11.502,0.77285,0.77305,657.10,366.80
2008.10.20 06:59:13.102,0.7729,0.77305,671.10,409.20
2008.10.20 06:59:14.482,0.7729,0.77305,130.80,225.20
2008.10.20 06:59:14.841,0.77295,0.77305,57.00,254.80
2008.10.20 06:59:15.071,0.77295,0.7731,189.00,351.30
2008.10.20 06:59:15.701,0.7729,0.7731,755.60,290.40
2008.10.20 06:59:16.151,0.7729,0.77305,769.90,360.30
2008.10.20 06:59:16.771,0.7729,0.7731,777.90,297.30
2008.10.20 06:59:17.291,0.7729,0.7731,793.90,232.80
2008.10.20 06:59:18.920,0.7729,0.7731,803.50,297.30
2008.10.20 06:59:19.260,0.77295,0.7731,226.70,151.70
2008.10.20 06:59:19.660,0.77295,0.7731,264.60,130.70
2008.10.20 06:59:20.770,0.773,0.7731,289.90,141.90
2008.10.20 06:59:21.560,0.773,0.7731,124.70,78.00
2008.10.20 06:59:21.730,0.77295,0.7731,360.20,82.70
2008.10.20 06:59:22.859,0.773,0.7731,170.30,94.30
2008.10.20 06:59:23.139,0.773,0.7731,401.80,113.30
2008.10.20 06:59:23.379,0.77295,0.7731,420.00,68.40
2008.10.20 06:59:23.600,0.77295,0.7731,447.20,68.30
2008.10.20 06:59:23.899,0.77295,0.7731,446.60,94.30
2008.10.20 06:59:26.378,0.77295,0.77315,489.90,176.30
2008.10.20 06:59:26.678,0.77295,0.77315,422.70,218.90
2008.10.20 06:59:27.098,0.77295,0.77315,255.50,172.40
2008.10.20 06:59:27.328,0.77295,0.7731,256.30,162.80
2008.10.20 06:59:28.158,0.7729,0.7731,523.50,219.50
2008.10.20 06:59:29.608,0.7729,0.7731,306.30,249.00
2008.10.20 06:59:29.898,0.7729,0.77305,314.30,79.10
2008.10.20 06:59:30.427,0.7729,0.77305,349.50,93.50
2008.10.20 06:59:31.027,0.7729,0.77305,348.00,109.60
2008.10.20 06:59:31.317,0.7729,0.77305,382.90,80.80
2008.10.20 06:59:31.617,0.7729,0.77305,1215.10,88.00
2008.10.20 06:59:31.897,0.7729,0.7731,453.90,328.40
2008.10.20 06:59:32.247,0.7729,0.77305,400.70,247.40
2008.10.20 06:59:32.367,0.7729,0.77305,412.70,98.80
2008.10.20 06:59:32.597,0.7729,0.77305,423.20,287.60
2008.10.20 06:59:32.827,0.7729,0.7731,1288.70,273.40
2008.10.20 06:59:33.187,0.7729,0.7731,460.30,261.40
2008.10.20 06:59:34.457,0.7729,0.7731,503.10,269.40
2008.10.20 06:59:34.957,0.7729,0.77305,64.70,114.80
2008.10.20 06:59:35.126,0.7729,0.77305,80.70,82.00
2008.10.20 06:59:35.706,0.77285,0.77305,825.90,114.00
2008.10.20 06:59:36.166,0.77285,0.773,671.40,341.20
2008.10.20 06:59:36.396,0.77285,0.773,697.00,88.40
2008.10.20 06:59:37.126,0.7729,0.773,712.30,368.80
2008.10.20 06:59:37.486,0.7729,0.773,35.20,149.15
2008.10.20 06:59:37.656,0.77295,0.773,54.20,67.60
2008.10.20 06:59:39.655,0.7729,0.773,161.50,30.80
2008.10.20 06:59:40.265,0.7729,0.77305,82.00,436.00
2008.10.20 06:59:40.425,0.7729,0.77305,864.90,468.00
2008.10.20 06:59:40.755,0.77295,0.7731,85.50,588.80
2008.10.20 06:59:41.325,0.77295,0.7731,869.50,482.00
2008.10.20 06:59:41.615,0.7729,0.7731,89.40,674.40
2008.10.20 06:59:42.065,0.7729,0.7731,104.00,536.00
2008.10.20 06:59:42.185,0.7729,0.7731,103.80,672.40
2008.10.20 06:59:42.415,0.7729,0.7731,135.40,722.40
2008.10.20 06:59:44.284,0.77285,0.77305,677.50,746.60
2008.10.20 06:59:44.634,0.7729,0.77305,119.50,782.80
2008.10.20 06:59:44.754,0.77285,0.77305,953.20,690.80
2008.10.20 06:59:44.924,0.77285,0.77305,953.00,690.80
2008.10.20 06:59:45.104,0.7729,0.77305,989.50,571.20
2008.10.20 06:59:46.114,0.77285,0.77305,834.80,685.10
2008.10.20 06:59:46.444,0.77285,0.77305,1105.00,565.20
2008.10.20 06:59:46.994,0.77285,0.773,850.40,91.60
2008.10.20 06:59:47.114,0.7729,0.773,54.40,92.30
2008.10.20 06:59:47.353,0.77285,0.77305,883.50,761.30
2008.10.20 06:59:47.464,0.7729,0.773,72.90,615.50
2008.10.20 06:59:47.753,0.77285,0.77305,900.40,787.70
2008.10.20 06:59:48.043,0.77285,0.77305,1143.10,636.00
2008.10.20 06:59:49.583,0.7729,0.77305,293.80,799.70
2008.10.20 06:59:50.623,0.7729,0.77305,318.80,799.70
2008.10.20 06:59:50.913,0.77295,0.77305,71.30,575.16
2008.10.20 06:59:51.093,0.77295,0.7731,1005.50,604.30
2008.10.20 06:59:52.342,0.77295,0.7731,366.10,779.30
2008.10.20 06:59:52.632,0.7729,0.77305,426.50,631.50
2008.10.20 06:59:52.742,0.7729,0.7731,1101.00,613.60
2008.10.20 06:59:52.962,0.7729,0.7731,1100.20,612.80
2008.10.20 06:59:53.192,0.7729,0.7731,1113.90,681.60
2008.10.20 06:59:53.702,0.77295,0.7731,479.90,684.30
2008.10.20 06:59:54.452,0.77295,0.7731,1241.10,747.50
2008.10.20 06:59:54.962,0.77295,0.77315,588.30,944.70
2008.10.20 06:59:55.311,0.77295,0.7731,588.30,947.30
2008.10.20 06:59:55.481,0.77295,0.7731,624.70,957.30
2008.10.20 06:59:55.961,0.773,0.77315,112.50,997.90
2008.10.20 06:59:56.311,0.773,0.77315,78.60,852.30
2008.10.20 06:59:56.931,0.773,0.77315,297.90,831.60
2008.10.20 06:59:57.951,0.77295,0.77315,731.90,858.80
2008.10.20 06:59:58.371,0.773,0.77315,350.30,1128.30
2008.10.20 06:59:58.821,0.773,0.7731,367.00,849.20
2008.10.20 06:59:59.261,0.77295,0.7731,809.00,59.90
2008.10.20 06:59:59.551,0.7729,0.77305,57.10,87.90
