2011.03.23 22:00:00.675,0.86767,0.86792,1.50,1.88
2011.03.23 22:00:00.894,0.86766,0.86792,2.63,1.50
2011.03.23 22:00:01.466,0.86768,0.86792,1.50,1.50
2011.03.23 22:00:04.049,0.86767,0.86794,1.50,2.88
2011.03.23 22:00:04.892,0.86768,0.86794,1.50,2.88
2011.03.23 22:00:05.003,0.8677,0.86794,1.50,2.88
2011.03.23 22:00:05.114,0.8677,0.86794,1.50,2.25
2011.03.23 22:00:05.223,0.8677,0.86794,1.50,2.25
2011.03.23 22:00:05.446,0.8677,0.86794,3.38,2.25
2011.03.23 22:00:05.785,0.86771,0.86798,1.50,1.38
2011.03.23 22:00:21.993,0.86772,0.86799,1.50,2.88
2011.03.23 22:00:22.324,0.8678,0.86805,1.50,2.25
2011.03.23 22:00:23.313,0.86781,0.86805,1.50,2.25
2011.03.23 22:00:23.997,0.86781,0.86805,1.50,2.25
2011.03.23 22:00:25.003,0.86781,0.86806,1.50,2.25
2011.03.23 22:00:26.383,0.86781,0.86806,1.50,2.25
2011.03.23 22:00:26.975,0.86781,0.86806,1.50,2.25
2011.03.23 22:00:33.092,0.86781,0.86799,1.50,0.75
2011.03.23 22:00:33.659,0.86782,0.86799,0.75,0.75
2011.03.23 22:00:34.453,0.86783,0.86799,0.75,0.75
2011.03.23 22:00:35.393,0.86782,0.86799,0.75,0.75
2011.03.23 22:00:36.056,0.86797,0.86813,0.75,0.75
2011.03.23 22:00:37.153,0.86796,0.86812,0.75,0.75
2011.03.23 22:00:37.704,0.86794,0.86808,1.50,0.75
2011.03.23 22:00:37.924,0.86791,0.86807,1.50,0.75
2011.03.23 22:00:38.914,0.86795,0.86807,0.75,0.75
2011.03.23 22:00:39.441,0.86795,0.86808,2.10,0.75
2011.03.23 22:00:39.564,0.86805,0.86822,0.60,0.75
2011.03.23 22:00:39.678,0.86803,0.86822,0.60,0.75
2011.03.23 22:00:40.234,0.86803,0.86823,0.60,0.75
2011.03.23 22:00:41.388,0.86804,0.86823,1.50,0.75
2011.03.23 22:00:41.726,0.86807,0.86823,0.75,0.75
2011.03.23 22:00:41.836,0.86805,0.86823,1.50,0.75
2011.03.23 22:00:42.056,0.86804,0.8682,0.75,0.75
2011.03.23 22:00:43.053,0.86803,0.8682,1.50,0.75
2011.03.23 22:00:43.383,0.86805,0.8682,0.75,0.75
2011.03.23 22:00:43.714,0.86805,0.86823,1.50,0.75
2011.03.23 22:00:44.264,0.86804,0.86822,1.50,0.75
2011.03.23 22:00:44.616,0.86803,0.86817,1.50,0.75
2011.03.23 22:00:44.947,0.86799,0.86817,1.50,0.75
2011.03.23 22:00:45.066,0.86797,0.86813,0.75,0.75
2011.03.23 22:00:48.374,0.86798,0.86813,0.75,0.75
2011.03.23 22:00:48.924,0.86799,0.86813,0.75,0.75
2011.03.23 22:00:49.366,0.86797,0.86813,0.75,0.75
2011.03.23 22:00:49.475,0.868,0.86816,0.75,0.75
2011.03.23 22:00:49.801,0.86798,0.86816,0.75,2.13
2011.03.23 22:00:50.036,0.868,0.86816,0.75,0.75
2011.03.23 22:00:56.615,0.86797,0.86813,0.75,0.75
2011.03.23 22:00:59.386,0.86798,0.86814,0.75,0.75
2011.03.23 22:00:59.508,0.86799,0.86817,0.75,0.90
2011.03.23 22:01:05.654,0.868,0.86817,0.75,0.75
2011.03.23 22:01:06.434,0.86799,0.86817,2.25,0.75
2011.03.23 22:01:07.023,0.868,0.86817,0.75,0.75
2011.03.23 22:01:10.113,0.86799,0.86817,2.25,0.75
2011.03.23 22:01:11.105,0.868,0.86818,0.75,0.75
2011.03.23 22:01:11.215,0.86803,0.86818,1.50,0.75
2011.03.23 22:01:11.767,0.86803,0.86819,1.50,0.75
2011.03.23 22:01:13.438,0.868,0.86817,1.50,0.75
2011.03.23 22:01:13.675,0.86803,0.86819,0.75,0.75
2011.03.23 22:01:21.323,0.86804,0.8682,0.75,0.75
2011.03.23 22:01:23.406,0.86801,0.86817,0.75,0.75
2011.03.23 22:01:24.183,0.86799,0.86817,1.50,0.75
2011.03.23 22:01:24.736,0.86802,0.86818,0.75,0.75
2011.03.23 22:01:25.074,0.86805,0.8682,0.75,0.75
2011.03.23 22:01:25.827,0.86806,0.8682,0.75,0.75
2011.03.23 22:01:26.055,0.86804,0.8682,0.75,0.75
2011.03.23 22:01:26.604,0.86803,0.8682,1.50,0.75
2011.03.23 22:01:27.153,0.86804,0.8682,0.75,0.75
2011.03.23 22:01:27.265,0.86802,0.8682,0.75,0.75
2011.03.23 22:01:28.036,0.868,0.86816,1.50,0.75
2011.03.23 22:01:28.377,0.86802,0.86817,0.75,0.75
2011.03.23 22:01:28.496,0.86803,0.86819,0.75,0.75
2011.03.23 22:01:30.386,0.86806,0.86819,0.75,0.75
2011.03.23 22:01:30.934,0.86806,0.8682,0.75,0.75
2011.03.23 22:01:31.267,0.86803,0.86819,0.75,0.75
2011.03.23 22:01:34.155,0.868,0.86816,1.50,0.75
2011.03.23 22:01:36.646,0.86804,0.86818,0.75,0.75
2011.03.23 22:01:36.875,0.86802,0.86818,0.75,0.75
2011.03.23 22:01:36.987,0.86803,0.86821,0.75,0.75
2011.03.23 22:01:37.216,0.86803,0.86819,0.75,0.75
2011.03.23 22:01:37.774,0.86802,0.8682,1.50,0.75
2011.03.23 22:01:38.435,0.86806,0.8682,0.75,0.75
2011.03.23 22:01:39.483,0.86807,0.8682,0.75,0.75
2011.03.23 22:01:40.093,0.86808,0.8682,0.75,0.75
2011.03.23 22:01:40.663,0.86807,0.8682,0.75,0.75
2011.03.23 22:01:41.233,0.86806,0.86819,0.75,0.75
2011.03.23 22:01:42.295,0.86805,0.8682,0.75,0.75
2011.03.23 22:01:42.734,0.86803,0.86819,2.25,0.75
2011.03.23 22:01:43.284,0.86804,0.86819,1.50,0.75
2011.03.23 22:01:44.384,0.86805,0.86819,0.75,0.75
2011.03.23 22:01:45.376,0.86804,0.86819,0.75,0.75
2011.03.23 22:01:45.925,0.86805,0.86819,0.75,0.75
2011.03.23 22:01:46.365,0.86807,0.86819,0.75,0.75
2011.03.23 22:01:46.879,0.86806,0.86821,0.75,0.75
2011.03.23 22:01:47.416,0.86806,0.8682,0.75,0.75
2011.03.23 22:01:48.293,0.86804,0.86821,1.50,0.75
2011.03.23 22:01:48.982,0.86804,0.86819,1.50,0.75
2011.03.23 22:01:49.533,0.86807,0.86821,0.75,0.75
2011.03.23 22:01:49.757,0.86807,0.86823,0.75,0.75
2011.03.23 22:01:50.314,0.86808,0.86822,0.75,0.75
2011.03.23 22:01:50.534,0.86805,0.86822,0.75,0.75
2011.03.23 22:01:51.084,0.86806,0.86822,0.75,0.75
2011.03.23 22:01:51.633,0.86805,0.86822,0.75,0.75
2011.03.23 22:01:52.186,0.86806,0.86822,0.75,0.75
2011.03.23 22:01:52.403,0.86806,0.86824,1.50,0.75
2011.03.23 22:01:52.515,0.86809,0.86824,0.75,0.75
2011.03.23 22:01:53.454,0.86807,0.86822,0.75,0.75
2011.03.23 22:01:54.145,0.86806,0.86822,0.75,0.75
2011.03.23 22:01:54.596,0.8681,0.86826,0.75,0.75
2011.03.23 22:01:55.165,0.86812,0.86826,0.75,0.75
2011.03.23 22:01:55.494,0.86808,0.86822,0.75,0.75
2011.03.23 22:01:55.933,0.86806,0.86823,0.75,0.75
2011.03.23 22:01:56.484,0.86807,0.86823,0.75,0.75
2011.03.23 22:01:56.703,0.86807,0.86821,0.75,0.75
2011.03.23 22:01:57.035,0.8681,0.86826,0.75,0.75
2011.03.23 22:01:57.441,0.86809,0.86822,0.75,0.75
2011.03.23 22:01:57.553,0.86807,0.86822,0.75,0.75
2011.03.23 22:01:58.104,0.86808,0.86822,1.50,0.75
2011.03.23 22:01:58.646,0.86811,0.86827,0.75,0.75
2011.03.23 22:01:59.205,0.8681,0.86826,1.50,0.75
2011.03.23 22:01:59.903,0.86811,0.86826,0.75,0.75
2011.03.23 22:02:00.347,0.86813,0.86826,1.50,0.75
2011.03.23 22:02:00.906,0.86812,0.86826,0.75,0.75
2011.03.23 22:02:02.205,0.86814,0.86828,1.50,0.75
2011.03.23 22:02:02.753,0.86816,0.86828,0.75,0.75
2011.03.23 22:02:03.194,0.86814,0.86828,1.50,0.75
2011.03.23 22:02:03.545,0.86816,0.86828,0.75,0.75
2011.03.23 22:02:03.654,0.86814,0.86828,1.50,0.75
2011.03.23 22:02:03.765,0.86811,0.86828,0.75,0.75
2011.03.23 22:02:03.875,0.86813,0.86828,0.75,0.75
2011.03.23 22:02:04.096,0.86811,0.86828,0.75,0.75
2011.03.23 22:02:04.424,0.86813,0.86827,0.75,0.75
2011.03.23 22:02:04.753,0.86811,0.86827,1.50,0.75
2011.03.23 22:02:07.404,0.8681,0.86822,0.75,0.75
2011.03.23 22:02:07.624,0.86807,0.86822,0.75,0.75
2011.03.23 22:02:07.844,0.86807,0.86824,0.75,0.75
2011.03.23 22:02:08.284,0.86807,0.86822,0.75,0.75
2011.03.23 22:02:08.834,0.86808,0.86824,0.75,0.75
2011.03.23 22:02:10.189,0.86808,0.86823,0.75,0.75
2011.03.23 22:02:10.887,0.86807,0.86823,0.75,0.75
2011.03.23 22:02:11.393,0.86808,0.86822,0.75,0.75
2011.03.23 22:02:12.004,0.86808,0.86823,0.75,0.75
2011.03.23 22:02:12.796,0.86806,0.86823,0.75,0.75
2011.03.23 22:02:13.923,0.86805,0.86822,1.50,0.75
2011.03.23 22:02:14.474,0.86806,0.86822,0.75,0.75
2011.03.23 22:02:14.923,0.86808,0.86823,0.75,0.75
2011.03.23 22:02:15.443,0.86807,0.86823,0.75,0.75
2011.03.23 22:02:16.354,0.86813,0.86827,0.75,1.54
2011.03.23 22:02:16.579,0.8681,0.86824,0.75,0.75
2011.03.23 22:02:16.696,0.86808,0.86824,0.75,0.75
2011.03.23 22:02:16.925,0.86805,0.86824,1.50,0.75
2011.03.23 22:02:17.473,0.86805,0.86823,0.75,0.75
2011.03.23 22:02:17.984,0.8681,0.86823,1.50,0.75
2011.03.23 22:02:18.314,0.86812,0.86823,0.75,0.75
2011.03.23 22:02:18.426,0.86813,0.86827,1.50,0.75
2011.03.23 22:02:18.840,0.86815,0.86829,0.75,0.75
2011.03.23 22:02:19.067,0.86815,0.86831,1.65,0.75
2011.03.23 22:02:19.192,0.8682,0.86836,0.75,0.75
2011.03.23 22:02:19.539,0.86815,0.86836,0.75,1.35
2011.03.23 22:02:19.654,0.86815,0.86833,0.75,0.75
2011.03.23 22:02:19.987,0.86812,0.86833,0.75,0.75
2011.03.23 22:02:20.103,0.8681,0.86833,0.75,0.75
2011.03.23 22:02:20.656,0.86809,0.86833,0.75,0.75
2011.03.23 22:02:20.874,0.86808,0.86828,0.75,0.75
2011.03.23 22:02:20.985,0.86806,0.86828,1.13,0.75
2011.03.23 22:02:21.865,0.86805,0.86828,1.50,0.75
2011.03.23 22:02:21.975,0.86804,0.86824,3.00,0.75
2011.03.23 22:02:22.305,0.86806,0.86824,0.75,0.75
2011.03.23 22:02:24.343,0.86808,0.86824,0.75,0.75
2011.03.23 22:02:24.795,0.86811,0.86824,0.75,0.75
2011.03.23 22:02:25.148,0.86817,0.8683,0.75,0.75
2011.03.23 22:02:25.270,0.86815,0.86829,0.75,0.75
2011.03.23 22:02:25.497,0.86817,0.86832,0.75,0.75
2011.03.23 22:02:25.723,0.86817,0.8683,0.75,0.75
2011.03.23 22:02:27.055,0.8682,0.86833,0.75,0.75
2011.03.23 22:02:27.276,0.8682,0.86842,0.75,0.75
2011.03.23 22:02:27.495,0.86819,0.86839,0.75,0.75
2011.03.23 22:02:29.283,0.8682,0.86839,0.75,0.75
2011.03.23 22:02:30.489,0.86819,0.86839,0.75,0.75
2011.03.23 22:02:31.485,0.86819,0.86839,0.75,0.79
2011.03.23 22:02:31.907,0.8681,0.86832,0.75,0.79
2011.03.23 22:02:32.134,0.8681,0.86829,0.75,0.75
2011.03.23 22:02:32.999,0.86816,0.86831,0.75,0.79
2011.03.23 22:02:33.226,0.86812,0.86829,0.75,0.75
2011.03.23 22:02:33.664,0.86816,0.86829,0.75,0.75
2011.03.23 22:02:33.884,0.86814,0.86829,0.75,0.75
2011.03.23 22:02:34.545,0.86816,0.86829,0.75,0.75
2011.03.23 22:02:34.766,0.86818,0.86837,0.75,0.42
2011.03.23 22:02:34.875,0.86818,0.86839,0.75,0.79
2011.03.23 22:02:35.423,0.86816,0.86839,0.75,0.75
2011.03.23 22:02:35.865,0.86814,0.86839,0.75,1.38
2011.03.23 22:02:36.086,0.86814,0.86838,0.75,0.79
2011.03.23 22:02:36.635,0.86814,0.86839,0.75,1.54
2011.03.23 22:02:37.213,0.86815,0.86837,0.75,0.79
2011.03.23 22:02:37.543,0.86815,0.86837,0.75,1.54
2011.03.23 22:02:37.874,0.86815,0.86832,0.75,0.75
2011.03.23 22:02:38.204,0.86814,0.86827,0.75,0.75
2011.03.23 22:02:38.645,0.86814,0.86829,0.75,0.75
2011.03.23 22:02:40.966,0.86805,0.86828,1.50,0.75
2011.03.23 22:02:41.294,0.86805,0.8683,1.50,0.75
2011.03.23 22:02:42.915,0.86806,0.8683,0.75,0.75
2011.03.23 22:02:45.444,0.86805,0.8683,1.50,0.75
2011.03.23 22:02:46.660,0.86805,0.86828,1.50,0.75
2011.03.23 22:02:49.856,0.86815,0.86828,0.75,0.75
2011.03.23 22:02:50.077,0.86815,0.8683,0.75,0.75
2011.03.23 22:02:50.305,0.86807,0.86829,0.75,0.75
2011.03.23 22:02:50.853,0.86806,0.86829,0.75,0.75
2011.03.23 22:02:51.778,0.86811,0.86829,0.75,0.75
2011.03.23 22:02:52.114,0.86816,0.86831,0.75,0.75
2011.03.23 22:02:52.225,0.86817,0.86835,0.75,0.75
2011.03.23 22:02:53.438,0.86817,0.86833,0.75,0.75
2011.03.23 22:02:53.670,0.86815,0.86833,0.75,0.75
2011.03.23 22:02:53.895,0.86815,0.8683,0.75,0.75
2011.03.23 22:02:54.225,0.86808,0.86829,2.25,0.75
2011.03.23 22:02:54.554,0.86806,0.86829,0.75,0.75
2011.03.23 22:02:55.289,0.86806,0.8683,0.75,0.75
2011.03.23 22:02:55.409,0.86809,0.8683,1.50,0.75
2011.03.23 22:02:55.745,0.86816,0.86831,0.75,0.75
2011.03.23 22:02:55.965,0.86818,0.86838,0.75,3.42
2011.03.23 22:02:56.183,0.86818,0.86838,0.75,0.75
2011.03.23 22:02:56.294,0.86816,0.86838,0.75,0.75
2011.03.23 22:02:57.574,0.86816,0.86838,0.75,0.79
2011.03.23 22:02:58.124,0.86815,0.86837,0.75,0.79
2011.03.23 22:02:58.454,0.86814,0.86834,0.75,0.75
2011.03.23 22:02:58.784,0.86814,0.86829,0.75,0.75
2011.03.23 22:02:59.433,0.86816,0.86829,0.75,0.75
2011.03.23 22:03:00.866,0.86815,0.86835,0.75,0.75
2011.03.23 22:03:01.646,0.86815,0.86833,0.75,0.75
2011.03.23 22:03:01.975,0.86815,0.86828,0.75,0.75
2011.03.23 22:03:02.678,0.86816,0.86829,0.75,0.75
2011.03.23 22:03:11.828,0.86814,0.86829,0.75,0.75
2011.03.23 22:03:14.333,0.86815,0.8683,0.75,0.75
2011.03.23 22:03:16.440,0.86816,0.86838,0.75,2.55
2011.03.23 22:03:16.994,0.86815,0.86838,0.75,0.75
2011.03.23 22:03:17.595,0.86816,0.86837,0.75,0.79
2011.03.23 22:03:17.851,0.86814,0.86837,0.75,0.79
2011.03.23 22:03:17.968,0.86814,0.86835,0.75,0.79
2011.03.23 22:03:22.895,0.86815,0.86825,0.75,0.38
2011.03.23 22:03:23.117,0.86813,0.86826,0.75,0.38
2011.03.23 22:03:23.457,0.86804,0.86823,2.25,0.79
2011.03.23 22:03:24.014,0.86805,0.86822,0.75,0.79
2011.03.23 22:03:26.088,0.86805,0.86823,0.75,0.79
2011.03.23 22:03:26.424,0.86805,0.86822,0.75,0.79
2011.03.23 22:03:27.064,0.86807,0.86822,0.75,0.79
2011.03.23 22:03:27.394,0.86807,0.86825,0.75,0.75
2011.03.23 22:03:28.166,0.86806,0.86825,0.15,1.50
2011.03.23 22:03:28.396,0.86805,0.86825,0.75,1.54
2011.03.23 22:03:29.775,0.86805,0.86825,0.75,0.75
2011.03.23 22:03:31.813,0.86807,0.86825,0.75,0.75
2011.03.23 22:03:32.365,0.86811,0.86825,0.75,0.75
2011.03.23 22:03:32.773,0.86815,0.86834,0.75,1.50
2011.03.23 22:03:33.326,0.86815,0.86833,0.75,0.75
2011.03.23 22:03:33.873,0.86815,0.86835,0.75,0.75
2011.03.23 22:03:34.864,0.86815,0.86833,0.75,0.75
2011.03.23 22:03:35.434,0.86816,0.86834,0.75,0.75
2011.03.23 22:03:41.214,0.86821,0.86834,0.75,0.75
2011.03.23 22:03:41.437,0.86818,0.86839,0.75,0.75
2011.03.23 22:03:41.560,0.86816,0.86839,1.50,0.75
2011.03.23 22:03:42.115,0.86817,0.86838,0.75,0.75
2011.03.23 22:03:42.767,0.86817,0.86839,0.75,0.75
2011.03.23 22:03:43.354,0.86816,0.86839,0.75,0.75
2011.03.23 22:03:44.103,0.86815,0.86839,1.50,0.75
2011.03.23 22:03:44.863,0.86816,0.86839,0.75,0.75
2011.03.23 22:03:45.495,0.86815,0.86839,1.50,0.75
2011.03.23 22:03:45.604,0.86817,0.86839,0.75,0.75
2011.03.23 22:03:45.934,0.86821,0.86839,0.75,0.75
2011.03.23 22:03:46.443,0.86821,0.8684,1.50,0.75
2011.03.23 22:03:46.776,0.86819,0.8684,0.75,0.75
2011.03.23 22:03:46.886,0.86817,0.8684,1.50,0.75
2011.03.23 22:03:47.433,0.86818,0.8684,0.75,0.75
2011.03.23 22:03:48.605,0.8682,0.8684,0.75,0.75
2011.03.23 22:03:49.155,0.86821,0.86847,0.75,1.23
2011.03.23 22:03:49.265,0.8682,0.86844,1.50,0.79
2011.03.23 22:03:49.598,0.86817,0.86841,1.50,0.79
2011.03.23 22:03:49.935,0.86817,0.86838,0.75,0.79
2011.03.23 22:03:50.819,0.86816,0.8684,0.75,1.54
2011.03.23 22:03:51.326,0.86816,0.86837,0.75,0.79
2011.03.23 22:03:51.544,0.86818,0.86839,0.75,0.79
2011.03.23 22:03:52.052,0.8683,0.86841,0.75,0.79
2011.03.23 22:03:52.294,0.86822,0.86844,0.75,0.79
2011.03.23 22:03:52.519,0.86822,0.86845,0.75,0.63
2011.03.23 22:03:52.635,0.86822,0.86839,0.75,0.75
2011.03.23 22:03:52.744,0.86819,0.86839,0.75,0.75
2011.03.23 22:03:53.794,0.86818,0.86839,1.50,0.75
2011.03.23 22:03:54.355,0.86817,0.86839,0.75,0.75
2011.03.23 22:03:57.144,0.86824,0.86839,0.75,0.75
2011.03.23 22:03:57.584,0.86831,0.86844,0.75,0.75
2011.03.23 22:03:57.806,0.86834,0.86854,1.50,0.75
2011.03.23 22:03:58.295,0.86838,0.86853,0.75,0.75
2011.03.23 22:03:58.599,0.86835,0.86853,0.38,0.75
2011.03.23 22:04:00.386,0.86836,0.86853,0.75,0.79
2011.03.23 22:04:00.496,0.86836,0.86851,0.75,0.79
2011.03.23 22:04:00.715,0.86836,0.86853,0.75,0.75
2011.03.23 22:04:01.268,0.86834,0.86854,1.50,0.79
2011.03.23 22:04:01.385,0.86834,0.86853,1.50,0.79
2011.03.23 22:04:01.824,0.86834,0.86853,1.50,0.79
2011.03.23 22:04:01.934,0.86836,0.86854,0.75,1.54
2011.03.23 22:04:02.615,0.86834,0.86853,1.50,0.38
2011.03.23 22:04:02.731,0.86834,0.86849,1.50,0.79
2011.03.23 22:04:03.064,0.86834,0.86849,1.50,0.79
2011.03.23 22:04:03.616,0.86835,0.86847,0.75,0.79
2011.03.23 22:04:04.166,0.86833,0.86847,0.75,0.79
2011.03.23 22:04:04.394,0.86828,0.86845,0.75,0.79
2011.03.23 22:04:04.725,0.86831,0.86846,0.75,0.79
2011.03.23 22:04:05.057,0.86831,0.86843,0.75,0.79
2011.03.23 22:04:05.179,0.86829,0.86843,0.75,0.79
2011.03.23 22:04:07.724,0.86829,0.86842,0.75,0.79
2011.03.23 22:04:08.425,0.86832,0.86844,0.75,0.79
2011.03.23 22:04:08.537,0.86834,0.86844,0.75,0.75
2011.03.23 22:04:08.768,0.86832,0.86845,0.75,0.79
2011.03.23 22:04:09.497,0.86831,0.86845,1.50,0.79
2011.03.23 22:04:09.622,0.86831,0.86848,0.75,0.79
2011.03.23 22:04:09.844,0.86831,0.86849,0.75,1.54
2011.03.23 22:04:10.504,0.86831,0.86849,0.75,1.54
2011.03.23 22:04:10.723,0.86831,0.86849,0.75,1.54
2011.03.23 22:04:10.837,0.86834,0.86849,0.75,0.79
2011.03.23 22:04:10.956,0.86834,0.8685,1.50,0.79
2011.03.23 22:04:11.178,0.86832,0.8685,0.75,1.54
2011.03.23 22:04:11.406,0.86831,0.8685,0.75,0.75
2011.03.23 22:04:11.517,0.8683,0.86853,0.75,0.79
2011.03.23 22:04:11.635,0.8683,0.86848,0.75,0.75
2011.03.23 22:04:12.183,0.86831,0.86849,0.75,0.75
2011.03.23 22:04:13.207,0.86834,0.86849,0.75,0.75
2011.03.23 22:04:13.545,0.86839,0.86857,0.75,1.76
2011.03.23 22:04:13.773,0.86839,0.86859,0.75,1.38
2011.03.23 22:04:13.889,0.86835,0.86857,0.75,0.75
2011.03.23 22:04:14.113,0.86836,0.86854,0.75,0.75
2011.03.23 22:04:14.825,0.86836,0.86855,0.75,0.75
2011.03.23 22:04:15.364,0.86836,0.86854,0.75,0.75
2011.03.23 22:04:16.688,0.86836,0.86855,0.75,0.75
2011.03.23 22:04:17.954,0.86834,0.86855,0.75,0.75
2011.03.23 22:04:18.394,0.86833,0.86854,0.75,0.79
2011.03.23 22:04:18.834,0.86833,0.86853,0.75,0.79
2011.03.23 22:04:19.164,0.86833,0.8685,0.75,0.79
2011.03.23 22:04:19.745,0.86832,0.8685,0.75,0.79
2011.03.23 22:04:20.184,0.86832,0.86848,0.75,0.79
2011.03.23 22:04:21.844,0.86834,0.86848,0.75,0.79
2011.03.23 22:04:22.065,0.86834,0.86852,0.75,0.79
2011.03.23 22:04:22.504,0.86833,0.8685,1.50,0.79
2011.03.23 22:04:25.148,0.86833,0.86852,1.50,0.79
2011.03.23 22:04:26.060,0.86831,0.8685,0.75,0.79
2011.03.23 22:04:26.613,0.86831,0.86848,0.75,0.79
2011.03.23 22:04:27.164,0.86831,0.86847,0.75,0.79
2011.03.23 22:04:27.717,0.86831,0.86845,0.75,0.79
2011.03.23 22:04:27.834,0.86829,0.86845,0.75,0.79
2011.03.23 22:04:28.403,0.86829,0.86845,0.75,0.79
2011.03.23 22:04:30.306,0.8683,0.86846,0.75,0.79
2011.03.23 22:04:30.853,0.86829,0.86846,0.75,0.79
2011.03.23 22:04:31.924,0.86829,0.86843,0.75,0.79
2011.03.23 22:04:32.473,0.86829,0.86843,0.75,0.79
2011.03.23 22:04:33.764,0.86832,0.86843,0.75,0.79
2011.03.23 22:04:33.984,0.86832,0.86847,0.75,0.79
2011.03.23 22:04:34.537,0.86831,0.86848,0.75,1.17
2011.03.23 22:04:34.656,0.86831,0.86845,0.75,0.79
2011.03.23 22:04:35.205,0.8683,0.86845,0.75,0.79
2011.03.23 22:04:36.597,0.8683,0.86848,0.75,0.79
2011.03.23 22:04:36.716,0.8683,0.86845,0.75,0.75
2011.03.23 22:04:37.497,0.8683,0.86845,0.75,0.79
2011.03.23 22:04:38.358,0.8683,0.86849,0.75,1.17
2011.03.23 22:04:38.587,0.8683,0.86845,0.75,0.79
2011.03.23 22:04:38.925,0.8683,0.86843,0.75,0.79
2011.03.23 22:04:40.013,0.8683,0.86842,0.75,0.79
2011.03.23 22:04:40.565,0.8683,0.86843,0.75,0.79
2011.03.23 22:04:41.206,0.86829,0.86843,0.75,0.79
2011.03.23 22:04:41.734,0.86828,0.86843,0.75,0.79
2011.03.23 22:04:42.283,0.86828,0.86842,0.75,0.79
2011.03.23 22:04:42.746,0.8683,0.86843,0.75,0.75
2011.03.23 22:04:43.195,0.86829,0.86849,3.00,0.79
2011.03.23 22:04:43.635,0.86831,0.86846,0.75,0.79
2011.03.23 22:04:44.165,0.86829,0.86844,0.75,0.79
2011.03.23 22:04:45.226,0.86822,0.86841,1.50,0.75
2011.03.23 22:04:45.887,0.86828,0.86843,0.75,1.54
2011.03.23 22:04:46.006,0.86828,0.86843,0.75,1.50
2011.03.23 22:04:47.853,0.86827,0.86843,0.75,0.79
2011.03.23 22:04:48.625,0.86827,0.86842,0.75,0.79
2011.03.23 22:04:48.736,0.86824,0.86842,0.75,0.79
2011.03.23 22:04:49.285,0.86824,0.86839,0.75,0.79
2011.03.23 22:04:49.833,0.86825,0.86838,0.75,0.79
2011.03.23 22:04:50.166,0.86818,0.86838,0.75,1.17
2011.03.23 22:04:50.669,0.86818,0.86834,0.75,0.79
2011.03.23 22:04:51.454,0.86818,0.86835,0.75,0.79
2011.03.23 22:04:52.006,0.86817,0.86834,1.50,0.79
2011.03.23 22:04:53.687,0.86823,0.86834,0.75,0.79
2011.03.23 22:04:53.909,0.86828,0.86841,0.75,0.63
2011.03.23 22:04:54.030,0.86828,0.86843,0.75,0.75
2011.03.23 22:04:54.476,0.86822,0.86836,1.50,0.75
2011.03.23 22:04:54.806,0.86828,0.86844,0.75,1.54
2011.03.23 22:04:57.534,0.86828,0.86844,0.75,1.54
2011.03.23 22:04:59.176,0.86824,0.86838,0.75,0.75
2011.03.23 22:04:59.724,0.86823,0.86838,1.50,0.75
2011.03.23 22:05:00.411,0.86827,0.8684,0.75,0.79
2011.03.23 22:05:00.648,0.86825,0.8684,1.50,0.75
2011.03.23 22:05:00.875,0.86824,0.86837,0.75,0.75
2011.03.23 22:05:01.210,0.86822,0.86837,0.75,0.75
2011.03.23 22:05:01.439,0.86818,0.86834,0.75,0.75
2011.03.23 22:05:02.877,0.86816,0.86833,0.75,0.75
2011.03.23 22:05:02.997,0.86815,0.8683,0.75,0.75
2011.03.23 22:05:03.775,0.86817,0.8683,0.75,0.75
2011.03.23 22:05:04.326,0.86816,0.86829,0.75,0.75
2011.03.23 22:05:04.436,0.86812,0.86829,0.75,0.75
2011.03.23 22:05:04.985,0.86811,0.86829,0.75,0.75
2011.03.23 22:05:06.618,0.86812,0.86829,0.75,0.75
2011.03.23 22:05:07.185,0.86811,0.86829,0.75,0.75
2011.03.23 22:05:08.617,0.8681,0.86828,0.75,0.75
2011.03.23 22:05:12.444,0.86812,0.8683,0.75,1.38
2011.03.23 22:05:12.994,0.86811,0.86829,0.75,0.75
2011.03.23 22:05:13.544,0.86812,0.8683,0.75,0.75
2011.03.23 22:05:13.765,0.86812,0.86828,0.75,0.75
2011.03.23 22:05:14.256,0.8681,0.86828,1.50,0.75
2011.03.23 22:05:14.867,0.86811,0.86829,0.75,0.75
2011.03.23 22:05:20.376,0.86807,0.86827,0.38,0.75
2011.03.23 22:05:20.486,0.86804,0.86826,0.75,0.75
2011.03.23 22:05:20.595,0.86807,0.86821,0.75,0.75
2011.03.23 22:05:20.816,0.86806,0.86825,0.75,0.75
2011.03.23 22:05:21.805,0.868,0.8682,0.75,0.75
2011.03.23 22:05:22.688,0.86808,0.8682,0.75,0.75
2011.03.23 22:05:22.806,0.86808,0.86831,0.75,2.92
2011.03.23 22:05:23.283,0.86806,0.86831,1.50,1.38
2011.03.23 22:05:23.396,0.86809,0.86831,0.75,0.75
2011.03.23 22:05:27.733,0.86807,0.86831,1.13,0.75
2011.03.23 22:05:27.955,0.86812,0.8683,0.75,0.75
2011.03.23 22:05:28.613,0.86811,0.8683,0.75,0.75
2011.03.23 22:05:29.194,0.86811,0.86831,1.50,0.75
2011.03.23 22:05:30.384,0.86811,0.86829,1.50,0.75
2011.03.23 22:05:30.604,0.86811,0.86831,1.50,0.75
2011.03.23 22:05:32.227,0.86811,0.8683,0.75,0.75
2011.03.23 22:05:33.216,0.86812,0.8683,0.75,0.75
2011.03.23 22:05:33.765,0.8681,0.8683,0.75,0.75
2011.03.23 22:05:34.203,0.86812,0.8683,0.75,0.75
2011.03.23 22:05:34.757,0.86811,0.86829,0.75,0.75
2011.03.23 22:05:35.746,0.86811,0.86831,0.75,0.75
2011.03.23 22:05:36.193,0.86811,0.86829,0.75,0.75
2011.03.23 22:05:36.703,0.86812,0.8683,0.75,0.75
2011.03.23 22:05:37.284,0.86811,0.86829,1.50,0.75
2011.03.23 22:05:37.859,0.86811,0.86831,0.75,0.75
2011.03.23 22:05:38.853,0.86808,0.8683,1.13,0.75
2011.03.23 22:05:40.294,0.8681,0.86831,0.75,0.75
2011.03.23 22:05:40.844,0.86807,0.86831,0.75,1.50
2011.03.23 22:05:42.926,0.86808,0.86831,0.75,0.75
2011.03.23 22:05:46.043,0.86808,0.8683,0.75,0.75
2011.03.23 22:05:46.913,0.86807,0.8683,0.75,0.75
2011.03.23 22:05:47.464,0.86808,0.8683,0.75,0.75
2011.03.23 22:05:50.674,0.86809,0.8683,0.75,0.75
2011.03.23 22:05:57.474,0.86809,0.86831,0.75,1.50
2011.03.23 22:06:06.234,0.86811,0.86831,0.75,0.75
2011.03.23 22:06:06.565,0.86809,0.86831,0.75,2.13
2011.03.23 22:06:07.287,0.86808,0.8683,0.75,0.75
2011.03.23 22:06:07.796,0.86808,0.86831,0.75,2.13
2011.03.23 22:06:10.824,0.8681,0.86831,0.75,0.75
2011.03.23 22:06:14.963,0.86808,0.86831,0.75,0.75
2011.03.23 22:06:21.325,0.86809,0.86831,0.75,1.38
2011.03.23 22:06:21.886,0.86809,0.8683,0.75,0.75
2011.03.23 22:06:29.354,0.8681,0.8683,0.75,0.75
2011.03.23 22:06:29.684,0.86807,0.8683,1.13,1.50
2011.03.23 22:06:30.134,0.86809,0.8683,0.75,0.75
2011.03.23 22:06:43.214,0.86809,0.86831,0.75,0.75
2011.03.23 22:06:44.875,0.86811,0.86831,0.75,0.75
2011.03.23 22:06:45.314,0.86814,0.86832,0.75,0.75
2011.03.23 22:06:45.693,0.86818,0.86831,1.50,0.75
2011.03.23 22:06:45.805,0.86818,0.86838,0.75,0.75
2011.03.23 22:06:46.355,0.86817,0.86837,0.75,0.75
2011.03.23 22:06:46.975,0.86817,0.8684,1.50,0.75
2011.03.23 22:06:50.615,0.86817,0.86838,1.50,0.75
2011.03.23 22:06:51.558,0.86818,0.86838,0.75,0.75
2011.03.23 22:06:51.676,0.86818,0.86841,0.75,1.38
2011.03.23 22:06:51.894,0.86816,0.86841,0.75,2.13
2011.03.23 22:06:55.505,0.86821,0.86841,0.75,0.75
2011.03.23 22:06:58.486,0.86819,0.86841,1.50,2.13
2011.03.23 22:07:01.303,0.86819,0.8684,0.75,0.63
2011.03.23 22:07:01.853,0.86819,0.86841,0.75,0.75
2011.03.23 22:07:03.404,0.86819,0.8684,0.75,0.63
2011.03.23 22:07:04.045,0.86819,0.86841,1.50,2.13
2011.03.23 22:07:12.415,0.8682,0.86838,0.75,0.75
2011.03.23 22:07:15.327,0.86819,0.86841,0.75,1.38
2011.03.23 22:07:15.555,0.86817,0.8684,0.75,1.38
2011.03.23 22:07:15.885,0.86817,0.86838,0.75,0.75
2011.03.23 22:07:18.645,0.86817,0.86837,0.75,0.63
2011.03.23 22:07:19.464,0.86817,0.86838,0.75,0.75
2011.03.23 22:07:23.915,0.86816,0.86837,0.75,0.75
2011.03.23 22:07:24.527,0.86815,0.86836,0.75,0.75
2011.03.23 22:07:26.874,0.86816,0.86837,0.75,0.75
2011.03.23 22:07:27.856,0.86821,0.86837,0.75,0.75
2011.03.23 22:07:30.905,0.86821,0.86838,0.75,0.75
2011.03.23 22:07:38.124,0.8682,0.86838,0.75,0.75
2011.03.23 22:07:47.554,0.86816,0.86838,0.38,0.75
2011.03.23 22:07:48.113,0.86815,0.86838,0.75,0.75
2011.03.23 22:07:50.941,0.86817,0.86838,0.38,0.75
2011.03.23 22:07:53.943,0.86815,0.86838,0.75,0.75
2011.03.23 22:08:01.203,0.86817,0.86838,0.38,0.75
2011.03.23 22:08:01.984,0.86821,0.86838,0.75,0.75
2011.03.23 22:08:07.723,0.86817,0.86838,0.38,0.75
2011.03.23 22:08:07.943,0.86815,0.86838,0.75,0.75
2011.03.23 22:08:14.584,0.8682,0.86838,0.75,0.75
2011.03.23 22:08:23.644,0.86819,0.86838,0.75,0.75
2011.03.23 22:08:24.256,0.86819,0.86837,0.75,0.75
2011.03.23 22:08:25.023,0.86819,0.86838,0.75,0.75
2011.03.23 22:08:27.053,0.86817,0.86838,0.75,0.75
2011.03.23 22:08:37.054,0.86817,0.86832,0.75,0.75
2011.03.23 22:08:37.280,0.86817,0.86837,0.75,0.75
2011.03.23 22:08:39.164,0.86819,0.86839,0.75,0.75
2011.03.23 22:08:39.824,0.8682,0.8684,0.75,0.75
2011.03.23 22:08:40.155,0.86816,0.86839,0.75,0.75
2011.03.23 22:08:46.074,0.86817,0.86839,0.38,1.38
2011.03.23 22:08:46.625,0.86817,0.86838,0.75,0.63
2011.03.23 22:08:47.195,0.86817,0.86835,1.50,0.75
2011.03.23 22:08:48.525,0.86817,0.86837,0.75,0.63
2011.03.23 22:08:48.746,0.86817,0.86835,0.75,0.63
2011.03.23 22:08:48.854,0.86815,0.86835,0.75,0.63
2011.03.23 22:08:49.186,0.86807,0.86836,0.75,2.13
2011.03.23 22:08:49.404,0.86806,0.86833,3.00,0.63
2011.03.23 22:08:49.955,0.86807,0.86836,0.75,2.13
2011.03.23 22:08:50.066,0.86811,0.86836,0.38,2.13
2011.03.23 22:08:50.395,0.86813,0.86838,0.75,0.63
2011.03.23 22:08:50.724,0.86817,0.86839,0.75,0.63
2011.03.23 22:08:51.274,0.86817,0.8684,0.75,1.38
2011.03.23 22:08:55.196,0.86817,0.86837,1.50,0.63
2011.03.23 22:08:55.761,0.86816,0.86835,0.75,0.75
2011.03.23 22:08:55.884,0.86808,0.86832,1.13,0.63
2011.03.23 22:08:56.675,0.86808,0.86831,0.75,1.38
2011.03.23 22:08:57.566,0.86809,0.86833,0.75,0.63
2011.03.23 22:08:57.676,0.86809,0.86835,0.75,0.63
2011.03.23 22:08:57.897,0.86814,0.86835,0.75,0.63
2011.03.23 22:08:58.224,0.86817,0.86836,0.75,1.38
2011.03.23 22:08:58.335,0.86817,0.86839,1.50,0.63
2011.03.23 22:08:59.066,0.86817,0.86838,1.50,0.63
2011.03.23 22:09:01.322,0.86817,0.86837,1.50,0.63
2011.03.23 22:09:02.384,0.86816,0.86837,0.75,0.63
2011.03.23 22:09:02.944,0.86816,0.86838,0.75,0.63
2011.03.23 22:09:04.814,0.86816,0.86837,0.75,0.63
2011.03.23 22:09:05.625,0.86817,0.86837,0.75,0.63
2011.03.23 22:09:06.368,0.86817,0.86838,0.75,0.63
2011.03.23 22:09:09.915,0.86817,0.86837,0.75,0.63
2011.03.23 22:09:15.926,0.86815,0.86835,0.75,0.63
2011.03.23 22:09:16.147,0.86811,0.86832,0.75,0.63
2011.03.23 22:09:16.475,0.86809,0.86831,0.75,0.63
2011.03.23 22:09:16.584,0.86809,0.86833,0.75,1.38
2011.03.23 22:09:17.134,0.86809,0.86832,0.75,0.63
2011.03.23 22:09:18.054,0.86808,0.86832,0.38,0.63
2011.03.23 22:09:18.385,0.86808,0.86834,0.75,0.63
2011.03.23 22:09:18.494,0.86808,0.86836,1.50,0.75
2011.03.23 22:09:18.734,0.86811,0.86836,0.75,0.75
2011.03.23 22:09:23.397,0.86811,0.86835,0.75,0.63
2011.03.23 22:09:24.054,0.86811,0.86836,0.75,0.63
2011.03.23 22:09:24.603,0.86811,0.86835,0.75,0.63
2011.03.23 22:09:25.195,0.86812,0.86834,0.38,0.63
2011.03.23 22:09:26.054,0.86809,0.86829,0.38,0.75
2011.03.23 22:09:26.388,0.86807,0.86829,1.13,0.75
2011.03.23 22:09:26.507,0.86807,0.86826,0.38,0.75
2011.03.23 22:09:27.055,0.86813,0.86826,0.75,0.75
2011.03.23 22:09:27.276,0.86812,0.86835,0.75,1.76
2011.03.23 22:09:27.386,0.86812,0.86831,0.75,0.75
2011.03.23 22:09:27.608,0.8681,0.86832,0.75,0.75
2011.03.23 22:09:27.836,0.86813,0.86831,0.75,0.75
2011.03.23 22:09:28.055,0.8681,0.86832,0.75,1.50
2011.03.23 22:09:28.275,0.86808,0.86832,0.75,2.13
2011.03.23 22:09:28.386,0.8681,0.86832,0.75,1.38
2011.03.23 22:09:28.717,0.86815,0.86832,0.75,0.75
2011.03.23 22:09:28.825,0.86816,0.86836,0.75,0.75
2011.03.23 22:09:30.735,0.86817,0.86833,0.75,0.75
2011.03.23 22:09:31.469,0.86808,0.86831,0.75,0.75
2011.03.23 22:09:31.696,0.86811,0.86831,0.75,0.75
2011.03.23 22:09:32.626,0.86808,0.8683,0.75,0.75
2011.03.23 22:09:32.844,0.86812,0.86832,0.75,0.75
2011.03.23 22:09:33.396,0.86815,0.86831,0.38,0.75
2011.03.23 22:09:33.505,0.86817,0.86835,0.75,0.75
2011.03.23 22:09:34.054,0.86818,0.86835,0.75,0.75
2011.03.23 22:09:35.655,0.86817,0.86835,1.50,0.75
2011.03.23 22:09:50.360,0.8681,0.8683,0.75,0.75
2011.03.23 22:09:50.925,0.86813,0.86831,0.75,0.75
2011.03.23 22:09:51.474,0.86812,0.8683,0.75,0.75
2011.03.23 22:09:52.024,0.86813,0.86831,0.75,0.75
2011.03.23 22:09:52.214,0.86811,0.86831,0.75,0.75
2011.03.23 22:09:55.624,0.86812,0.86832,0.75,0.75
2011.03.23 22:09:57.046,0.86812,0.86831,0.75,0.75
2011.03.23 22:09:57.621,0.86811,0.86831,0.75,1.38
2011.03.23 22:09:57.736,0.86809,0.86831,0.38,1.38
2011.03.23 22:09:58.370,0.86808,0.86831,1.50,1.38
2011.03.23 22:10:00.374,0.8681,0.8683,0.75,0.75
2011.03.23 22:10:01.363,0.86807,0.8683,0.75,0.75
2011.03.23 22:10:01.914,0.86808,0.86831,0.75,0.75
2011.03.23 22:10:03.234,0.86806,0.86831,0.75,0.75
2011.03.23 22:10:04.334,0.86806,0.8683,0.75,0.63
2011.03.23 22:10:09.194,0.86806,0.86829,0.75,0.63
2011.03.23 22:10:09.854,0.86806,0.86828,0.75,0.63
2011.03.23 22:10:10.373,0.86807,0.86827,0.75,1.38
2011.03.23 22:10:11.355,0.86804,0.86827,0.75,1.38
2011.03.23 22:10:11.794,0.86806,0.86827,0.75,1.38
2011.03.23 22:10:12.125,0.86801,0.86824,0.75,0.63
2011.03.23 22:10:12.235,0.86801,0.86826,0.75,1.38
2011.03.23 22:10:12.565,0.86801,0.86824,0.75,0.63
2011.03.23 22:10:13.235,0.86801,0.86825,0.75,2.13
2011.03.23 22:10:13.566,0.86802,0.86823,0.75,0.75
2011.03.23 22:10:13.677,0.86801,0.86825,0.75,0.63
2011.03.23 22:10:13.894,0.86802,0.8682,0.75,0.75
2011.03.23 22:10:16.196,0.86803,0.86821,0.75,0.75
2011.03.23 22:10:16.743,0.86801,0.86821,0.75,0.75
2011.03.23 22:10:20.906,0.86804,0.86821,0.75,0.75
2011.03.23 22:10:21.127,0.86806,0.86826,0.75,0.75
2011.03.23 22:10:21.565,0.86806,0.86823,0.75,0.75
2011.03.23 22:10:21.787,0.86802,0.8682,0.75,0.75
2011.03.23 22:10:22.334,0.86803,0.86821,0.75,0.75
2011.03.23 22:10:24.346,0.86802,0.8682,0.75,0.75
2011.03.23 22:10:24.784,0.86802,0.86822,0.75,0.75
2011.03.23 22:10:25.115,0.86802,0.8682,0.75,0.75
2011.03.23 22:10:25.556,0.86806,0.86821,0.75,0.75
2011.03.23 22:10:25.667,0.86801,0.86821,0.75,0.75
2011.03.23 22:10:27.247,0.86803,0.86819,0.75,0.63
2011.03.23 22:10:27.588,0.86802,0.86815,0.75,0.75
2011.03.23 22:10:27.705,0.868,0.86819,0.75,0.75
2011.03.23 22:10:29.807,0.86802,0.8682,0.75,0.75
2011.03.23 22:10:30.470,0.86807,0.8682,0.75,0.75
2011.03.23 22:10:30.590,0.86807,0.86826,0.75,0.75
2011.03.23 22:10:30.707,0.86807,0.86828,0.75,1.50
2011.03.23 22:10:30.827,0.86807,0.8683,0.75,0.75
2011.03.23 22:10:34.146,0.86807,0.86829,0.75,0.63
2011.03.23 22:10:34.874,0.86807,0.8683,0.75,1.38
2011.03.23 22:10:35.426,0.86807,0.86828,0.75,0.63
2011.03.23 22:10:39.845,0.86807,0.86826,0.75,0.63
2011.03.23 22:10:39.956,0.86807,0.86828,0.75,0.63
2011.03.23 22:10:40.288,0.86807,0.8683,0.75,1.88
2011.03.23 22:10:42.105,0.86807,0.86827,0.75,0.75
2011.03.23 22:10:42.656,0.86807,0.86828,0.75,1.38
2011.03.23 22:10:43.204,0.86805,0.86828,1.50,1.38
2011.03.23 22:10:43.785,0.86805,0.86827,1.50,0.63
2011.03.23 22:10:44.321,0.86805,0.86828,1.50,0.75
2011.03.23 22:10:45.313,0.86805,0.8683,1.50,1.50
2011.03.23 22:10:46.256,0.86806,0.8683,0.38,0.75
2011.03.23 22:10:47.467,0.86805,0.86828,1.13,0.75
2011.03.23 22:10:49.344,0.86806,0.86829,0.75,0.75
2011.03.23 22:10:53.235,0.86805,0.8683,1.50,0.75
2011.03.23 22:10:53.784,0.86806,0.8683,0.38,0.75
2011.03.23 22:11:04.934,0.86807,0.86827,0.75,0.75
2011.03.23 22:11:05.607,0.86807,0.86826,0.75,0.19
2011.03.23 22:11:10.654,0.86809,0.86826,0.75,0.19
2011.03.23 22:11:10.764,0.86809,0.8683,0.75,0.75
2011.03.23 22:11:18.075,0.86809,0.86829,0.75,0.63
2011.03.23 22:11:19.344,0.86809,0.86828,0.75,0.63
2011.03.23 22:11:20.207,0.86807,0.86826,0.75,0.63
2011.03.23 22:11:20.793,0.86806,0.86827,1.50,1.38
2011.03.23 22:11:21.134,0.86808,0.86826,0.75,0.63
2011.03.23 22:11:22.277,0.86808,0.86827,0.75,1.38
2011.03.23 22:11:23.914,0.86808,0.86826,0.75,0.63
2011.03.23 22:11:27.014,0.86808,0.86827,0.75,0.75
2011.03.23 22:11:27.673,0.86809,0.86827,0.75,0.63
2011.03.23 22:11:28.003,0.86809,0.86829,0.75,1.38
2011.03.23 22:11:28.224,0.86809,0.86827,0.75,0.75
2011.03.23 22:11:28.333,0.86809,0.86829,0.75,0.63
2011.03.23 22:11:28.774,0.86809,0.86827,0.75,0.63
2011.03.23 22:11:29.634,0.86809,0.86828,0.75,0.63
2011.03.23 22:11:30.184,0.86809,0.86827,0.75,0.63
2011.03.23 22:11:31.214,0.86809,0.86828,0.75,0.63
2011.03.23 22:11:32.343,0.86809,0.86827,0.75,0.63
2011.03.23 22:11:35.537,0.86809,0.86828,0.75,0.63
2011.03.23 22:11:37.893,0.86809,0.86829,0.75,1.38
2011.03.23 22:11:39.335,0.86809,0.86828,0.75,0.63
2011.03.23 22:11:41.034,0.86809,0.86829,0.75,1.38
2011.03.23 22:11:42.655,0.86809,0.86827,0.75,0.63
2011.03.23 22:11:43.204,0.86809,0.86828,0.75,0.63
2011.03.23 22:11:48.544,0.86809,0.86827,0.75,0.63
2011.03.23 22:11:49.134,0.86809,0.86828,0.75,0.63
2011.03.23 22:11:50.184,0.86809,0.86829,0.75,0.75
2011.03.23 22:11:53.814,0.86809,0.86828,0.75,0.63
2011.03.23 22:11:55.335,0.86807,0.86829,1.50,1.38
2011.03.23 22:11:55.555,0.86807,0.86827,1.50,1.38
2011.03.23 22:11:56.104,0.86807,0.86826,1.50,0.75
2011.03.23 22:11:59.595,0.86807,0.86828,1.50,0.63
2011.03.23 22:12:00.593,0.86807,0.86826,1.50,0.75
2011.03.23 22:12:02.974,0.86807,0.86827,1.50,1.38
2011.03.23 22:12:07.024,0.86807,0.86826,0.75,1.38
2011.03.23 22:12:07.935,0.86808,0.86826,0.75,0.75
2011.03.23 22:12:08.049,0.86808,0.86828,0.75,0.63
2011.03.23 22:12:08.166,0.86809,0.8683,0.75,0.63
2011.03.23 22:12:08.607,0.86806,0.86828,0.75,0.63
2011.03.23 22:12:08.726,0.86807,0.86825,1.50,0.75
2011.03.23 22:12:09.080,0.86807,0.86828,1.50,0.63
2011.03.23 22:12:09.306,0.86807,0.86826,1.50,1.38
2011.03.23 22:12:10.924,0.86807,0.86827,1.50,1.38
2011.03.23 22:12:11.543,0.86807,0.86826,0.75,0.75
2011.03.23 22:12:12.104,0.86806,0.86821,0.75,0.75
2011.03.23 22:12:12.325,0.86802,0.86821,1.13,0.75
2011.03.23 22:12:12.873,0.86803,0.86821,0.75,0.75
2011.03.23 22:12:16.603,0.86802,0.8682,0.75,0.75
2011.03.23 22:12:25.676,0.86803,0.86821,0.75,0.75
2011.03.23 22:12:26.616,0.86802,0.8682,0.75,0.75
2011.03.23 22:12:27.166,0.86803,0.86821,0.75,0.75
2011.03.23 22:12:27.824,0.86801,0.86821,0.75,0.75
2011.03.23 22:12:53.222,0.86801,0.86817,0.75,0.75
2011.03.23 22:12:56.727,0.868,0.86809,0.75,0.75
2011.03.23 22:12:56.947,0.86802,0.86816,0.75,0.75
2011.03.23 22:12:57.412,0.86798,0.86811,0.75,0.75
2011.03.23 22:12:58.175,0.86799,0.86812,0.75,0.75
2011.03.23 22:12:59.055,0.86798,0.86811,0.75,0.75
2011.03.23 22:12:59.385,0.868,0.86815,0.75,0.75
2011.03.23 22:12:59.824,0.868,0.86813,0.75,0.75
2011.03.23 22:13:02.914,0.868,0.86816,0.75,0.75
2011.03.23 22:13:03.484,0.86801,0.86817,0.75,0.75
2011.03.23 22:13:04.167,0.86802,0.8682,0.75,0.75
2011.03.23 22:13:09.265,0.86801,0.86819,0.75,0.75
2011.03.23 22:13:09.484,0.86805,0.8682,0.75,0.75
2011.03.23 22:13:10.036,0.86806,0.86821,0.75,0.75
2011.03.23 22:13:13.462,0.86806,0.86819,0.75,0.75
2011.03.23 22:13:15.986,0.86806,0.86827,1.50,1.38
2011.03.23 22:13:16.534,0.86806,0.86828,1.88,0.63
2011.03.23 22:13:17.126,0.86806,0.86829,1.88,1.38
2011.03.23 22:13:19.025,0.86806,0.86828,1.50,0.63
2011.03.23 22:13:19.134,0.86808,0.86828,0.75,0.63
2011.03.23 22:13:27.225,0.86808,0.86829,0.75,0.75
2011.03.23 22:13:30.184,0.86808,0.86818,0.75,0.75
2011.03.23 22:13:31.682,0.86808,0.86823,0.75,0.75
2011.03.23 22:13:32.015,0.86808,0.86829,0.75,0.63
2011.03.23 22:13:35.216,0.86808,0.8683,0.75,1.38
2011.03.23 22:13:35.546,0.86807,0.86827,0.75,0.75
2011.03.23 22:13:36.095,0.86808,0.86827,0.75,0.75
2011.03.23 22:13:36.643,0.86808,0.86828,0.75,0.75
2011.03.23 22:13:38.476,0.86808,0.86827,1.50,0.75
2011.03.23 22:13:40.285,0.86808,0.86817,0.75,0.75
2011.03.23 22:13:40.395,0.86806,0.86817,0.75,0.75
2011.03.23 22:13:40.615,0.86804,0.86817,1.88,0.75
2011.03.23 22:13:41.166,0.86802,0.86816,0.38,0.75
2011.03.23 22:13:41.527,0.868,0.86815,0.75,0.75
2011.03.23 22:13:43.624,0.86799,0.86814,0.75,0.75
2011.03.23 22:13:49.945,0.868,0.8682,0.75,0.75
2011.03.23 22:13:54.095,0.86804,0.8682,0.75,0.75
2011.03.23 22:13:54.425,0.86806,0.8682,0.75,0.75
2011.03.23 22:13:54.975,0.86806,0.86819,0.75,0.75
2011.03.23 22:13:56.984,0.86806,0.86821,0.75,0.75
2011.03.23 22:13:57.205,0.86809,0.86821,0.75,0.75
2011.03.23 22:13:57.316,0.86809,0.86825,0.75,0.63
2011.03.23 22:13:57.426,0.86809,0.86829,0.75,0.63
2011.03.23 22:13:57.974,0.86809,0.8683,0.75,1.38
2011.03.23 22:13:58.685,0.86809,0.86829,0.75,0.63
2011.03.23 22:14:01.316,0.86813,0.86829,0.75,1.38
2011.03.23 22:14:09.234,0.86812,0.8683,0.75,0.75
2011.03.23 22:14:13.327,0.86811,0.8683,0.75,0.75
2011.03.23 22:14:13.921,0.86811,0.86829,0.75,0.75
2011.03.23 22:14:18.145,0.86811,0.8683,0.75,0.75
2011.03.23 22:14:19.164,0.8681,0.8683,0.75,0.75
2011.03.23 22:14:22.856,0.8681,0.86829,0.75,0.63
2011.03.23 22:14:26.054,0.8681,0.8683,0.75,1.38
2011.03.23 22:14:26.554,0.8681,0.86829,0.75,0.63
2011.03.23 22:14:27.164,0.8681,0.8683,0.75,1.38
2011.03.23 22:14:28.045,0.8681,0.86829,0.75,0.63
2011.03.23 22:14:28.594,0.86811,0.8683,0.75,0.75
2011.03.23 22:14:31.974,0.86811,0.86829,0.75,0.63
2011.03.23 22:14:33.354,0.86811,0.8683,0.75,0.75
2011.03.23 22:15:14.616,0.86812,0.8683,0.75,0.75
2011.03.23 22:15:18.116,0.86812,0.86831,0.75,0.63
2011.03.23 22:15:18.884,0.86812,0.86833,0.75,0.63
2011.03.23 22:15:19.591,0.86811,0.86833,0.75,1.38
2011.03.23 22:15:22.944,0.86811,0.86831,0.75,0.63
2011.03.23 22:15:23.494,0.86811,0.86833,0.75,1.38
2011.03.23 22:15:24.177,0.86812,0.86833,0.75,0.63
2011.03.23 22:15:24.784,0.86812,0.86832,0.75,0.63
2011.03.23 22:15:25.844,0.86811,0.86832,0.75,0.63
2011.03.23 22:15:26.940,0.86808,0.86832,0.75,1.38
2011.03.23 22:15:27.606,0.86808,0.86831,0.75,1.38
2011.03.23 22:15:27.714,0.86806,0.86831,0.38,1.38
2011.03.23 22:15:28.965,0.86803,0.86832,0.60,1.38
2011.03.23 22:15:29.490,0.86804,0.86833,0.30,0.63
2011.03.23 22:15:30.043,0.86805,0.86832,0.30,0.78
2011.03.23 22:15:32.745,0.86804,0.86831,0.30,0.63
2011.03.23 22:15:32.855,0.86802,0.86829,0.30,0.63
2011.03.23 22:15:33.074,0.868,0.86829,1.05,0.63
2011.03.23 22:15:33.623,0.86801,0.8683,0.30,0.63
2011.03.23 22:15:34.174,0.86802,0.86829,0.30,0.63
2011.03.23 22:15:34.395,0.86802,0.86831,0.30,0.63
2011.03.23 22:15:34.945,0.86804,0.86831,0.30,1.38
2011.03.23 22:15:35.571,0.86803,0.86832,0.75,1.38
2011.03.23 22:15:36.299,0.86804,0.86831,0.75,1.38
2011.03.23 22:15:41.304,0.86804,0.86833,0.45,0.63
2011.03.23 22:15:45.344,0.86805,0.86832,0.30,0.63
2011.03.23 22:15:49.784,0.86804,0.86833,2.25,0.63
2011.03.23 22:15:50.537,0.86805,0.86832,0.30,0.63
2011.03.23 22:15:51.776,0.86807,0.86833,0.15,0.63
2011.03.23 22:15:52.344,0.86807,0.86832,0.15,0.63
2011.03.23 22:15:56.374,0.86806,0.86832,0.15,0.63
2011.03.23 22:15:58.754,0.86806,0.86833,0.15,0.63
2011.03.23 22:16:01.283,0.86806,0.86832,0.15,0.63
2011.03.23 22:16:01.912,0.86806,0.86831,0.15,0.63
2011.03.23 22:16:11.364,0.86807,0.86832,0.75,1.38
2011.03.23 22:16:11.883,0.86807,0.86831,0.75,1.38
2011.03.23 22:16:14.921,0.86807,0.86828,0.75,0.63
2011.03.23 22:16:15.146,0.86801,0.86824,0.75,0.63
2011.03.23 22:16:15.258,0.86805,0.86825,0.75,0.63
2011.03.23 22:16:15.816,0.86805,0.86824,0.75,0.63
2011.03.23 22:16:16.474,0.86805,0.86825,0.75,1.38
2011.03.23 22:16:17.025,0.86804,0.86826,0.75,2.13
2011.03.23 22:16:27.911,0.86803,0.86825,0.75,0.75
2011.03.23 22:16:28.616,0.86804,0.86826,0.75,2.17
2011.03.23 22:16:38.253,0.86804,0.86825,0.75,0.63
2011.03.23 22:16:44.217,0.86804,0.86826,0.75,0.79
2011.03.23 22:16:44.874,0.86804,0.86827,0.75,0.63
2011.03.23 22:16:45.424,0.86804,0.86826,0.75,2.13
2011.03.23 22:16:46.101,0.86804,0.86826,0.75,2.17
2011.03.23 22:16:59.065,0.86804,0.86823,0.75,0.63
2011.03.23 22:16:59.288,0.86799,0.86821,0.75,0.63
2011.03.23 22:16:59.599,0.86799,0.86819,0.75,0.75
2011.03.23 22:16:59.937,0.86802,0.8682,0.75,0.75
2011.03.23 22:17:00.395,0.86799,0.86819,0.75,0.75
2011.03.23 22:17:02.705,0.86799,0.86818,0.75,0.63
2011.03.23 22:17:05.696,0.86799,0.86819,0.75,1.38
2011.03.23 22:17:08.335,0.86799,0.86818,0.75,0.63
2011.03.23 22:17:10.895,0.86799,0.86819,0.75,1.38
2011.03.23 22:17:11.785,0.86799,0.86818,0.75,0.63
2011.03.23 22:17:15.665,0.86799,0.86819,0.75,0.75
2011.03.23 22:17:20.244,0.86799,0.86818,0.75,0.63
2011.03.23 22:17:21.714,0.86799,0.86819,0.75,0.75
2011.03.23 22:17:39.744,0.86801,0.86819,0.75,0.75
2011.03.23 22:17:52.330,0.86801,0.86821,0.75,0.75
2011.03.23 22:17:55.736,0.868,0.8682,0.75,0.75
2011.03.23 22:17:56.402,0.86799,0.86819,0.75,0.75
2011.03.23 22:17:57.186,0.86801,0.86819,0.75,0.75
2011.03.23 22:17:57.844,0.868,0.86818,0.75,0.75
2011.03.23 22:17:59.699,0.86801,0.86819,0.75,0.75
2011.03.23 22:18:01.704,0.86799,0.86819,0.75,0.75
2011.03.23 22:18:07.234,0.86801,0.86819,0.75,0.75
2011.03.23 22:18:07.814,0.868,0.86818,0.75,0.75
2011.03.23 22:18:10.734,0.868,0.8682,0.75,0.75
2011.03.23 22:18:21.254,0.868,0.86818,0.75,0.75
2011.03.23 22:18:26.431,0.868,0.8682,0.75,0.75
2011.03.23 22:19:03.714,0.868,0.86818,0.75,0.75
2011.03.23 22:19:13.058,0.86801,0.86819,0.75,0.75
2011.03.23 22:19:41.674,0.86801,0.86817,0.75,0.63
2011.03.23 22:19:42.275,0.86801,0.86819,0.75,1.38
2011.03.23 22:19:43.165,0.86799,0.86817,0.75,0.63
2011.03.23 22:19:43.826,0.86799,0.86818,0.75,0.63
2011.03.23 22:19:45.927,0.86799,0.86816,0.75,0.75
2011.03.23 22:19:46.474,0.86799,0.86817,0.75,1.38
2011.03.23 22:19:47.818,0.868,0.86817,0.75,1.38
2011.03.23 22:19:48.560,0.86799,0.86817,0.75,1.38
2011.03.23 22:19:50.018,0.86801,0.86817,0.75,1.38
2011.03.23 22:19:50.244,0.86799,0.86817,0.75,2.13
2011.03.23 22:19:50.795,0.868,0.86818,0.75,0.75
2011.03.23 22:19:52.714,0.86801,0.86819,0.75,0.75
2011.03.23 22:19:53.449,0.86801,0.86818,0.75,0.63
2011.03.23 22:19:53.784,0.86799,0.86818,0.75,0.63
2011.03.23 22:19:54.654,0.86799,0.86817,0.75,0.63
2011.03.23 22:19:54.874,0.86799,0.86819,0.75,1.38
2011.03.23 22:19:56.805,0.86801,0.86819,0.75,0.75
2011.03.23 22:20:29.259,0.86804,0.8682,0.15,0.75
2011.03.23 22:20:29.596,0.86807,0.86828,0.75,0.63
2011.03.23 22:20:30.173,0.86808,0.86829,0.75,1.38
2011.03.23 22:20:31.005,0.86809,0.86829,0.75,0.75
2011.03.23 22:20:34.516,0.8681,0.86829,0.75,0.75
2011.03.23 22:20:37.019,0.86811,0.86829,0.75,0.75
2011.03.23 22:20:43.485,0.8681,0.86829,0.75,0.75
2011.03.23 22:20:54.265,0.86811,0.86829,0.75,0.75
2011.03.23 22:20:57.175,0.8681,0.86829,0.75,0.75
2011.03.23 22:21:06.264,0.8681,0.86831,0.75,0.75
2011.03.23 22:21:06.814,0.86811,0.86831,0.75,0.75
2011.03.23 22:21:06.925,0.86811,0.86829,0.75,0.75
2011.03.23 22:21:07.456,0.86811,0.8683,0.75,0.75
2011.03.23 22:21:08.015,0.86811,0.86829,0.75,0.75
2011.03.23 22:21:14.786,0.86811,0.8683,0.75,0.75
2011.03.23 22:21:15.335,0.86812,0.8683,0.75,0.75
2011.03.23 22:21:16.216,0.86812,0.86835,0.75,0.75
2011.03.23 22:21:16.545,0.86815,0.86835,0.75,1.38
2011.03.23 22:21:17.366,0.86815,0.86834,0.75,0.63
2011.03.23 22:21:17.479,0.86813,0.86834,0.75,0.63
2011.03.23 22:21:17.707,0.86813,0.86829,0.75,0.75
2011.03.23 22:21:17.925,0.8681,0.86829,0.75,0.75
2011.03.23 22:21:18.635,0.86811,0.86829,0.75,0.75
2011.03.23 22:21:25.569,0.86813,0.86829,0.75,0.75
2011.03.23 22:21:26.236,0.86812,0.86829,0.75,0.75
2011.03.23 22:21:38.536,0.86811,0.86829,0.75,0.75
2011.03.23 22:21:45.285,0.86812,0.86829,0.75,0.75
2011.03.23 22:21:45.726,0.8681,0.86829,0.75,0.75
2011.03.23 22:22:02.248,0.86809,0.86829,0.75,0.75
2011.03.23 22:22:02.585,0.86807,0.86829,1.50,0.75
2011.03.23 22:22:05.875,0.86809,0.86829,0.75,0.75
2011.03.23 22:22:06.540,0.86807,0.86829,0.75,0.75
2011.03.23 22:22:06.765,0.86809,0.86829,0.75,0.75
2011.03.23 22:22:10.371,0.8681,0.86829,0.15,0.75
2011.03.23 22:22:14.885,0.86809,0.86829,0.75,0.75
2011.03.23 22:22:15.433,0.8681,0.86829,0.75,0.75
2011.03.23 22:22:17.647,0.8681,0.86834,0.75,0.63
2011.03.23 22:22:18.128,0.8681,0.8683,0.75,0.75
2011.03.23 22:22:36.106,0.86808,0.8683,0.90,0.75
2011.03.23 22:22:36.218,0.86805,0.8683,1.05,0.75
2011.03.23 22:22:45.097,0.86808,0.8683,0.15,0.75
2011.03.23 22:22:48.879,0.86807,0.8683,0.15,0.75
2011.03.23 22:22:51.337,0.86809,0.8683,0.15,0.75
2011.03.23 22:22:51.885,0.86808,0.8683,0.15,0.75
2011.03.23 22:22:56.029,0.86807,0.8683,0.15,0.75
2011.03.23 22:22:56.146,0.86805,0.8683,0.90,0.75
2011.03.23 22:22:56.695,0.86806,0.8683,0.15,0.75
2011.03.23 22:22:57.825,0.86805,0.8683,0.90,1.38
2011.03.23 22:22:58.374,0.86805,0.86829,0.90,0.63
2011.03.23 22:22:59.235,0.86805,0.86828,0.90,0.63
2011.03.23 22:22:59.456,0.86805,0.8683,0.75,1.38
2011.03.23 22:23:00.005,0.86804,0.86828,1.50,0.63
2011.03.23 22:23:00.644,0.86804,0.86829,1.50,0.75
2011.03.23 22:23:05.676,0.86805,0.8683,1.50,1.38
2011.03.23 22:23:08.257,0.86805,0.86828,1.50,0.75
2011.03.23 22:23:08.935,0.86806,0.86829,0.75,0.75
2011.03.23 22:23:12.796,0.86806,0.86824,0.75,0.75
2011.03.23 22:23:21.596,0.86806,0.86826,0.75,0.75
2011.03.23 22:23:29.547,0.86805,0.86825,0.75,0.75
2011.03.23 22:23:33.485,0.86806,0.86825,0.75,0.75
2011.03.23 22:23:40.746,0.86805,0.86825,1.65,0.75
2011.03.23 22:23:41.076,0.86808,0.86825,0.75,0.75
2011.03.23 22:23:43.175,0.86808,0.86826,0.75,0.75
2011.03.23 22:23:53.845,0.86808,0.86824,0.75,0.75
2011.03.23 22:24:02.625,0.86807,0.86824,0.75,0.75
2011.03.23 22:24:23.675,0.86806,0.86825,0.75,0.75
2011.03.23 22:24:34.047,0.86805,0.86825,0.75,0.75
2011.03.23 22:24:35.876,0.86806,0.86825,0.75,1.38
2011.03.23 22:24:40.994,0.86806,0.86826,1.50,0.75
2011.03.23 22:24:48.535,0.86806,0.86825,0.75,0.75
2011.03.23 22:24:50.770,0.86808,0.86825,1.50,0.75
2011.03.23 22:24:51.286,0.86808,0.86824,0.75,0.75
2011.03.23 22:24:51.725,0.86808,0.86826,0.75,0.75
2011.03.23 22:24:52.760,0.86807,0.86826,1.65,0.75
2011.03.23 22:24:52.876,0.86809,0.86826,0.15,0.75
2011.03.23 22:24:54.586,0.86809,0.86824,0.15,0.75
2011.03.23 22:24:56.334,0.86808,0.86824,0.15,0.75
2011.03.23 22:25:00.745,0.86807,0.86824,1.50,0.75
2011.03.23 22:25:05.135,0.86809,0.86824,0.75,0.75
2011.03.23 22:25:05.684,0.86809,0.86825,0.75,0.75
2011.03.23 22:25:09.795,0.86809,0.86826,0.75,0.75
2011.03.23 22:25:17.575,0.86809,0.86825,0.75,0.75
2011.03.23 22:25:22.476,0.86807,0.86825,0.75,0.75
2011.03.23 22:25:45.384,0.86807,0.86824,0.75,0.75
2011.03.23 22:26:05.665,0.86807,0.86825,1.50,0.75
2011.03.23 22:26:10.275,0.86807,0.86826,0.75,0.75
2011.03.23 22:26:10.835,0.86808,0.86825,0.75,0.75
2011.03.23 22:26:16.217,0.86806,0.8683,2.25,1.38
2011.03.23 22:26:17.015,0.86806,0.86831,2.25,2.13
2011.03.23 22:26:18.524,0.86805,0.8683,2.25,1.38
2011.03.23 22:26:19.036,0.86806,0.8683,1.50,1.38
2011.03.23 22:26:22.036,0.86805,0.86831,2.25,3.63
2011.03.23 22:26:23.786,0.86808,0.8683,1.50,1.38
2011.03.23 22:26:24.445,0.86807,0.86833,2.25,2.88
2011.03.23 22:26:24.555,0.86807,0.86833,2.25,2.25
2011.03.23 22:26:27.195,0.86809,0.86832,2.40,1.38
2011.03.23 22:26:27.971,0.8681,0.86833,1.50,2.88
2011.03.23 22:26:28.545,0.86809,0.86832,1.65,1.38
2011.03.23 22:26:29.095,0.86809,0.86832,1.65,1.38
2011.03.23 22:26:30.816,0.86809,0.86832,1.65,1.38
2011.03.23 22:26:31.357,0.86809,0.86833,1.65,2.25
2011.03.23 22:26:31.465,0.86809,0.86833,1.65,2.25
2011.03.23 22:26:32.027,0.8681,0.86833,1.65,2.25
2011.03.23 22:26:35.335,0.8681,0.86833,1.65,2.88
2011.03.23 22:26:35.885,0.8681,0.86832,1.65,1.38
2011.03.23 22:26:36.485,0.86808,0.86832,1.65,1.38
2011.03.23 22:26:37.035,0.86808,0.86833,2.40,2.88
2011.03.23 22:26:39.447,0.86811,0.86834,1.50,1.38
2011.03.23 22:26:39.775,0.8681,0.86834,1.65,1.38
2011.03.23 22:26:40.435,0.8681,0.86834,1.65,1.38
2011.03.23 22:26:40.876,0.8681,0.86834,1.65,2.88
2011.03.23 22:26:41.316,0.8681,0.86834,1.65,2.88
2011.03.23 22:26:41.864,0.86812,0.86835,1.65,2.25
2011.03.23 22:26:43.685,0.86812,0.86835,1.65,2.25
2011.03.23 22:26:47.857,0.86812,0.86835,1.95,2.25
2011.03.23 22:26:48.378,0.86812,0.86837,1.65,2.25
2011.03.23 22:26:48.496,0.86814,0.86837,1.50,2.25
2011.03.23 22:26:48.826,0.86812,0.86835,1.50,2.25
2011.03.23 22:26:49.926,0.86812,0.86835,1.65,2.25
2011.03.23 22:26:50.476,0.86813,0.86836,1.65,2.25
2011.03.23 22:26:51.029,0.86812,0.86835,1.50,2.25
2011.03.23 22:26:52.235,0.86812,0.86835,1.65,2.25
2011.03.23 22:26:52.785,0.86812,0.86835,1.65,2.25
2011.03.23 22:26:53.125,0.86812,0.86835,1.65,2.25
2011.03.23 22:27:09.645,0.86812,0.86833,1.65,2.25
2011.03.23 22:27:10.415,0.86812,0.86833,1.65,2.25
2011.03.23 22:27:10.855,0.86812,0.86833,1.65,2.25
2011.03.23 22:27:11.405,0.86812,0.86833,1.65,2.25
2011.03.23 22:27:41.508,0.86812,0.86833,1.65,2.25
2011.03.23 22:27:50.986,0.86813,0.86833,1.20,2.25
2011.03.23 22:27:51.424,0.86813,0.86832,1.95,2.25
2011.03.23 22:27:53.057,0.86815,0.86836,1.50,2.25
2011.03.23 22:27:53.276,0.86812,0.86836,1.65,2.25
2011.03.23 22:27:55.256,0.86813,0.86832,1.20,2.25
2011.03.23 22:27:55.697,0.86815,0.86836,1.50,2.25
2011.03.23 22:27:56.386,0.86814,0.86835,1.50,2.88
2011.03.23 22:27:56.498,0.86811,0.86832,1.35,2.25
2011.03.23 22:28:00.135,0.86811,0.86832,1.35,2.25
2011.03.23 22:28:16.898,0.86813,0.86833,1.50,2.25
2011.03.23 22:28:18.806,0.86815,0.86833,1.50,2.25
2011.03.23 22:28:19.646,0.86815,0.86833,1.50,2.25
2011.03.23 22:28:21.185,0.86815,0.86834,1.50,2.25
2011.03.23 22:28:21.715,0.86815,0.86834,1.50,2.25
2011.03.23 22:28:23.316,0.86814,0.86834,1.50,2.25
2011.03.23 22:28:25.445,0.86814,0.86834,1.50,2.25
2011.03.23 22:28:59.626,0.86813,0.86833,1.65,2.25
2011.03.23 22:29:03.266,0.86814,0.86833,1.50,2.25
2011.03.23 22:29:04.644,0.86814,0.86832,1.50,2.25
2011.03.23 22:29:04.976,0.86815,0.86832,1.50,2.25
2011.03.23 22:29:07.020,0.86815,0.86834,1.50,2.25
2011.03.23 22:29:07.585,0.86814,0.86834,3.00,2.25
2011.03.23 22:29:08.838,0.86816,0.86834,1.50,2.25
2011.03.23 22:29:10.636,0.86816,0.86835,2.25,2.25
2011.03.23 22:29:11.187,0.86817,0.86836,1.50,2.25
2011.03.23 22:29:11.736,0.86817,0.86834,1.50,2.25
2011.03.23 22:29:12.286,0.86819,0.86834,1.05,2.25
2011.03.23 22:29:12.945,0.8682,0.86834,1.50,2.25
2011.03.23 22:29:15.076,0.8682,0.86834,1.50,2.25
2011.03.23 22:29:15.406,0.86814,0.86834,3.15,2.25
2011.03.23 22:29:15.737,0.86815,0.86835,1.50,2.25
2011.03.23 22:29:16.167,0.86813,0.86833,1.65,2.25
2011.03.23 22:29:17.157,0.86814,0.86832,1.50,2.25
2011.03.23 22:29:23.674,0.86811,0.86832,1.50,2.25
2011.03.23 22:29:32.416,0.86809,0.86832,1.50,2.25
2011.03.23 22:29:39.953,0.86809,0.86832,1.50,2.25
2011.03.23 22:29:42.476,0.8681,0.86832,1.50,1.50
2011.03.23 22:29:45.558,0.8681,0.86832,2.25,2.25
2011.03.23 22:29:46.146,0.86811,0.86832,1.50,2.25
2011.03.23 22:29:46.698,0.86811,0.86832,1.50,2.25
2011.03.23 22:29:47.258,0.86811,0.86831,2.25,2.25
2011.03.23 22:29:47.807,0.86814,0.86833,1.50,2.25
2011.03.23 22:29:48.356,0.86814,0.86833,1.80,2.25
2011.03.23 22:29:48.688,0.86814,0.86831,1.80,1.50
2011.03.23 22:29:50.336,0.86814,0.86832,1.80,2.25
2011.03.23 22:29:50.886,0.86814,0.86831,1.50,1.50
2011.03.23 22:29:52.096,0.86813,0.86831,1.80,1.50
2011.03.23 22:29:52.647,0.86814,0.86833,1.80,2.25
2011.03.23 22:29:55.326,0.86814,0.86833,1.05,2.25
2011.03.23 22:29:56.776,0.86813,0.86833,1.65,2.25
2011.03.23 22:30:00.777,0.86814,0.86833,1.65,2.25
2011.03.23 22:30:01.321,0.86814,0.86833,1.65,2.25
2011.03.23 22:30:05.757,0.86814,0.86833,1.65,2.25
2011.03.23 22:30:06.306,0.86812,0.86831,1.50,2.25
2011.03.23 22:30:08.766,0.86811,0.86831,1.50,2.25
2011.03.23 22:30:09.346,0.86812,0.86831,1.50,2.25
2011.03.23 22:30:18.528,0.86809,0.8683,2.25,1.38
2011.03.23 22:30:18.637,0.86809,0.86831,2.25,3.63
2011.03.23 22:30:18.748,0.86809,0.86831,1.50,3.00
2011.03.23 22:30:31.777,0.86808,0.86831,1.50,2.25
2011.03.23 22:30:32.328,0.86808,0.8683,1.50,1.38
2011.03.23 22:30:35.098,0.86803,0.86831,5.25,2.88
2011.03.23 22:30:35.645,0.86803,0.86831,5.25,2.88
2011.03.23 22:31:02.338,0.86809,0.86831,1.50,2.25
2011.03.23 22:31:11.387,0.86809,0.86831,1.05,1.50
2011.03.23 22:31:12.156,0.86809,0.8683,1.05,1.38
2011.03.23 22:31:16.796,0.86808,0.8683,1.05,1.38
2011.03.23 22:31:19.396,0.86808,0.8683,1.05,1.38
2011.03.23 22:31:27.533,0.86809,0.86831,1.05,2.88
2011.03.23 22:32:00.536,0.8681,0.86831,1.50,3.63
2011.03.23 22:32:10.587,0.86806,0.86829,1.13,1.38
2011.03.23 22:32:10.918,0.86805,0.86827,1.88,1.50
2011.03.23 22:32:11.466,0.86805,0.86825,1.50,1.38
2011.03.23 22:32:27.458,0.86805,0.86827,1.50,2.88
2011.03.23 22:32:28.009,0.86803,0.86828,2.18,1.42
2011.03.23 22:32:28.118,0.86803,0.86827,1.80,1.38
2011.03.23 22:32:28.559,0.86806,0.86825,1.50,1.38
2011.03.23 22:32:28.811,0.86806,0.86825,1.50,1.38
2011.03.23 22:32:32.878,0.86807,0.86826,1.50,1.50
2011.03.23 22:32:32.988,0.86808,0.86828,1.50,1.98
2011.03.23 22:32:51.627,0.86807,0.86828,1.50,1.38
2011.03.23 22:32:51.959,0.86805,0.86827,1.50,1.38
2011.03.23 22:32:52.520,0.86803,0.86824,1.05,1.38
2011.03.23 22:32:52.639,0.86804,0.86825,1.50,1.38
2011.03.23 22:32:55.557,0.86805,0.86825,1.50,1.38
2011.03.23 22:32:56.106,0.86805,0.86824,1.50,1.38
2011.03.23 22:33:03.257,0.86806,0.86825,1.50,1.38
2011.03.23 22:33:04.920,0.86806,0.86825,1.50,1.38
2011.03.23 22:33:06.847,0.86801,0.86823,3.15,1.38
2011.03.23 22:33:07.859,0.86802,0.86824,1.13,1.98
2011.03.23 22:33:08.407,0.86805,0.86824,1.50,1.35
2011.03.23 22:33:12.706,0.86804,0.86824,1.50,1.35
2011.03.23 22:33:12.927,0.86805,0.86824,1.50,1.35
2011.03.23 22:33:14.848,0.86805,0.86824,1.88,1.35
2011.03.23 22:33:15.070,0.86806,0.86828,1.88,1.54
2011.03.23 22:33:15.191,0.86809,0.86829,1.13,1.38
2011.03.23 22:33:15.527,0.86806,0.86831,1.13,1.42
2011.03.23 22:33:18.192,0.86806,0.86828,1.88,1.38
2011.03.23 22:33:22.506,0.86807,0.86828,1.13,1.38
2011.03.23 22:33:26.442,0.86806,0.86828,1.88,1.38
2011.03.23 22:33:27.906,0.86806,0.86828,1.50,1.38
2011.03.23 22:33:45.407,0.86809,0.86828,1.50,1.38
2011.03.23 22:33:45.630,0.86807,0.86826,1.50,2.13
2011.03.23 22:33:45.858,0.86806,0.86825,1.88,1.38
2011.03.23 22:33:46.426,0.86804,0.86825,1.50,1.38
2011.03.23 22:33:57.318,0.86805,0.86827,1.88,2.13
2011.03.23 22:33:57.648,0.86808,0.86827,1.50,1.38
2011.03.23 22:33:58.308,0.86807,0.86829,1.50,1.38
2011.03.23 22:33:58.637,0.86807,0.86828,1.50,1.38
2011.03.23 22:34:04.267,0.86807,0.86825,1.50,1.38
2011.03.23 22:34:04.377,0.86806,0.86825,1.50,1.38
2011.03.23 22:34:05.037,0.86807,0.86826,1.50,1.38
2011.03.23 22:34:05.368,0.86806,0.86825,1.50,1.38
2011.03.23 22:34:05.916,0.86807,0.86825,1.50,1.38
2011.03.23 22:34:06.138,0.86804,0.86822,1.50,2.13
2011.03.23 22:34:06.357,0.868,0.86821,1.50,1.50
2011.03.23 22:34:06.687,0.868,0.8682,1.50,2.88
2011.03.23 22:34:09.358,0.86804,0.86821,1.50,1.38
2011.03.23 22:34:09.688,0.86807,0.86826,1.50,1.50
2011.03.23 22:34:09.798,0.86807,0.86828,1.50,2.88
2011.03.23 22:34:10.466,0.86807,0.86828,1.50,1.38
2011.03.23 22:34:10.907,0.86807,0.86828,1.50,1.38
2011.03.23 22:34:11.457,0.86806,0.86826,1.50,2.13
2011.03.23 22:34:16.207,0.86806,0.86825,1.50,1.38
2011.03.23 22:34:16.779,0.86806,0.86825,1.50,1.38
2011.03.23 22:34:37.117,0.86806,0.86824,1.50,1.38
2011.03.23 22:34:37.666,0.86806,0.86825,1.50,1.38
2011.03.23 22:34:38.247,0.86805,0.86825,1.50,1.38
2011.03.23 22:34:41.321,0.86804,0.86825,1.88,1.38
2011.03.23 22:34:49.747,0.86801,0.86823,1.13,2.13
2011.03.23 22:34:49.968,0.86797,0.86819,1.50,1.38
2011.03.23 22:35:20.158,0.86801,0.86821,1.50,1.50
2011.03.23 22:35:34.458,0.868,0.86821,1.50,2.13
2011.03.23 22:35:37.027,0.86795,0.86816,1.50,1.50
2011.03.23 22:35:37.687,0.86795,0.86815,1.50,1.38
2011.03.23 22:35:56.287,0.86795,0.86818,1.50,2.13
2011.03.23 22:35:56.856,0.86795,0.86818,1.50,2.13
2011.03.23 22:36:24.098,0.86797,0.86819,1.50,1.38
2011.03.23 22:36:30.966,0.86794,0.86818,2.25,1.38
2011.03.23 22:36:33.920,0.86799,0.86818,1.05,1.38
2011.03.23 22:36:34.479,0.86801,0.86821,1.50,1.38
2011.03.23 22:36:35.030,0.868,0.86822,1.50,1.38
2011.03.23 22:36:35.148,0.868,0.86822,1.88,1.38
2011.03.23 22:36:35.717,0.868,0.86821,1.50,1.38
2011.03.23 22:36:45.636,0.868,0.86822,1.50,2.13
2011.03.23 22:37:41.715,0.86798,0.86821,1.13,1.38
2011.03.23 22:37:42.706,0.86798,0.86822,1.13,1.38
2011.03.23 22:37:43.266,0.86798,0.86822,1.13,1.38
2011.03.23 22:37:45.828,0.86797,0.86822,1.13,1.38
2011.03.23 22:37:46.388,0.86798,0.86822,1.13,1.38
2011.03.23 22:37:47.148,0.86799,0.86822,1.13,1.38
2011.03.23 22:37:47.926,0.86799,0.86822,1.13,1.38
2011.03.23 22:37:49.605,0.86799,0.86822,1.13,1.38
2011.03.23 22:37:50.783,0.86799,0.86822,1.13,1.38
2011.03.23 22:37:54.206,0.86798,0.86822,1.13,1.38
2011.03.23 22:37:54.868,0.86798,0.86822,1.13,1.38
2011.03.23 22:37:59.267,0.86798,0.86822,1.13,1.38
2011.03.23 22:37:59.874,0.86795,0.86819,2.63,2.13
2011.03.23 22:38:40.968,0.86798,0.86819,1.50,1.38
2011.03.23 22:38:41.187,0.86797,0.86819,1.50,1.38
2011.03.23 22:39:03.837,0.86797,0.86819,1.50,1.38
2011.03.23 22:39:03.948,0.86795,0.86818,3.00,1.38
2011.03.23 22:39:04.498,0.86795,0.86818,2.25,1.38
2011.03.23 22:39:05.718,0.86797,0.8682,1.50,1.42
2011.03.23 22:39:06.266,0.86797,0.86819,1.50,1.38
2011.03.23 22:39:07.637,0.86797,0.86818,1.50,1.50
2011.03.23 22:39:07.748,0.86797,0.86818,1.50,1.50
2011.03.23 22:39:08.860,0.86797,0.86819,1.50,1.38
2011.03.23 22:39:09.297,0.86797,0.86819,1.50,1.38
2011.03.23 22:39:10.039,0.86797,0.86817,1.50,1.38
2011.03.23 22:39:11.398,0.86795,0.86817,1.50,1.38
2011.03.23 22:39:17.898,0.86796,0.86819,1.50,1.38
2011.03.23 22:39:18.780,0.86795,0.86819,2.25,1.50
2011.03.23 22:39:19.137,0.86797,0.86819,1.50,2.13
2011.03.23 22:39:19.468,0.86796,0.86818,2.25,1.50
2011.03.23 22:39:36.559,0.86799,0.8682,1.50,1.38
2011.03.23 22:39:37.017,0.86797,0.8682,1.50,1.38
2011.03.23 22:39:44.166,0.86796,0.86818,1.50,2.13
2011.03.23 22:39:44.608,0.86797,0.8682,2.25,1.38
2011.03.23 22:39:44.718,0.86797,0.86819,1.50,1.50
2011.03.23 22:39:45.047,0.86797,0.86819,1.50,2.13
2011.03.23 22:39:45.488,0.86796,0.86818,2.25,1.50
2011.03.23 22:39:45.709,0.86796,0.8682,1.50,1.38
2011.03.23 22:39:45.817,0.86797,0.8682,1.50,1.38
2011.03.23 22:39:47.507,0.86797,0.8682,1.50,1.38
2011.03.23 22:39:47.616,0.86797,0.8682,1.50,2.13
2011.03.23 22:39:49.558,0.86797,0.86819,1.50,1.50
2011.03.23 22:39:49.668,0.86796,0.86818,1.50,1.50
2011.03.23 22:39:49.997,0.86798,0.86819,1.50,1.38
2011.03.23 22:39:50.547,0.86796,0.86818,1.50,2.13
2011.03.23 22:39:50.658,0.86797,0.86819,1.50,1.38
2011.03.23 22:39:51.308,0.86797,0.8682,1.50,2.13
2011.03.23 22:39:53.427,0.86797,0.8682,1.50,2.13
2011.03.23 22:39:54.670,0.86795,0.86819,3.00,2.13
2011.03.23 22:39:55.838,0.86795,0.86819,3.00,2.13
2011.03.23 22:40:00.788,0.86795,0.86818,2.25,1.38
2011.03.23 22:40:41.037,0.86798,0.86819,1.50,2.13
2011.03.23 22:41:32.788,0.86798,0.86819,1.50,2.13
2011.03.23 22:41:47.067,0.868,0.8682,1.50,1.38
2011.03.23 22:41:47.397,0.86801,0.86821,1.50,3.63
2011.03.23 22:41:47.727,0.86801,0.86821,1.50,2.88
2011.03.23 22:41:48.366,0.86801,0.86821,2.25,2.88
2011.03.23 22:41:54.172,0.86802,0.86821,1.50,2.13
2011.03.23 22:41:54.397,0.86802,0.86821,1.50,1.38
2011.03.23 22:41:55.722,0.86802,0.86821,2.25,3.63
2011.03.23 22:42:13.668,0.86802,0.86821,1.50,1.38
2011.03.23 22:42:14.216,0.86801,0.86821,2.25,2.13
2011.03.23 22:42:14.327,0.86801,0.86821,2.25,2.13
2011.03.23 22:42:14.438,0.86802,0.86821,1.50,2.13
2011.03.23 22:42:17.028,0.86803,0.8682,1.50,1.38
2011.03.23 22:42:28.107,0.86801,0.86821,2.63,2.13
2011.03.23 22:42:28.439,0.86804,0.86822,1.50,1.50
2011.03.23 22:42:44.221,0.86805,0.86822,1.50,2.13
2011.03.23 22:42:59.158,0.86803,0.86823,1.50,1.38
2011.03.23 22:43:44.158,0.86802,0.86821,1.50,1.38
2011.03.23 22:43:44.268,0.86801,0.86821,1.50,1.38
2011.03.23 22:43:52.807,0.86802,0.86823,3.00,1.38
2011.03.23 22:43:58.587,0.86802,0.86822,1.50,1.38
2011.03.23 22:44:10.858,0.86801,0.86821,1.50,1.50
2011.03.23 22:44:16.958,0.86803,0.86821,1.50,1.38
2011.03.23 22:44:17.303,0.86804,0.86822,1.50,1.38
2011.03.23 22:44:17.870,0.86806,0.86825,1.50,1.38
2011.03.23 22:44:18.310,0.86806,0.86825,2.25,1.38
2011.03.23 22:44:22.652,0.86806,0.86824,1.50,2.13
2011.03.23 22:44:22.881,0.86806,0.86823,2.25,1.38
2011.03.23 22:44:23.448,0.86806,0.86824,2.25,1.38
2011.03.23 22:44:24.973,0.86806,0.86826,2.25,1.38
2011.03.23 22:44:25.212,0.86806,0.86823,1.50,1.38
2011.03.23 22:44:28.979,0.86804,0.86823,1.50,1.38
2011.03.23 22:44:57.438,0.868,0.86822,1.50,1.50
2011.03.23 22:44:59.040,0.868,0.86821,2.25,2.13
2011.03.23 22:44:59.151,0.868,0.86821,1.50,2.13
2011.03.23 22:44:59.489,0.86799,0.86821,1.50,2.13
2011.03.23 22:44:59.818,0.86799,0.86821,1.50,2.13
2011.03.23 22:45:01.486,0.868,0.86819,1.50,1.38
2011.03.23 22:45:01.929,0.86801,0.86821,1.50,2.13
2011.03.23 22:45:02.648,0.86803,0.86822,2.25,1.38
2011.03.23 22:45:02.769,0.86803,0.86825,2.25,2.13
2011.03.23 22:45:03.102,0.86804,0.86822,1.50,1.38
2011.03.23 22:45:03.770,0.86804,0.86823,3.00,1.38
2011.03.23 22:45:11.148,0.86804,0.86823,2.25,1.38
2011.03.23 22:45:11.369,0.86804,0.86826,2.25,2.88
2011.03.23 22:45:11.919,0.86805,0.86824,2.25,1.38
2011.03.23 22:45:12.248,0.86806,0.86826,1.50,2.13
2011.03.23 22:45:13.186,0.86805,0.86827,2.25,3.00
2011.03.23 22:45:13.306,0.868,0.86823,2.25,2.13
2011.03.23 22:45:43.108,0.868,0.86824,2.25,1.38
2011.03.23 22:45:43.670,0.86801,0.86825,1.50,1.50
2011.03.23 22:45:54.220,0.86803,0.86825,1.50,1.50
2011.03.23 22:45:54.439,0.86804,0.86826,1.50,2.88
2011.03.23 22:45:55.028,0.86803,0.86825,2.25,1.50
2011.03.23 22:46:29.848,0.86803,0.86825,2.25,1.50
2011.03.23 22:46:37.338,0.86803,0.86827,1.50,3.63
2011.03.23 22:46:51.045,0.86803,0.86826,1.50,2.13
2011.03.23 22:46:51.268,0.86803,0.86827,1.50,1.50
2011.03.23 22:47:27.648,0.86806,0.86827,1.50,2.25
2011.03.23 22:47:28.114,0.86806,0.86827,1.50,2.25
2011.03.23 22:47:30.888,0.86806,0.86828,1.50,1.35
2011.03.23 22:47:31.000,0.86805,0.86828,1.50,1.35
2011.03.23 22:47:31.219,0.86805,0.86827,1.88,2.25
2011.03.23 22:47:31.848,0.86806,0.86827,1.50,2.25
2011.03.23 22:47:32.570,0.86806,0.86827,1.50,2.25
2011.03.23 22:47:32.816,0.86806,0.86827,1.50,2.25
2011.03.23 22:47:33.367,0.86806,0.86827,1.50,2.25
2011.03.23 22:47:34.169,0.86806,0.86827,2.25,2.25
2011.03.23 22:47:35.158,0.86806,0.86827,1.50,2.25
2011.03.23 22:47:35.597,0.86805,0.86827,2.25,2.25
2011.03.23 22:47:36.482,0.86807,0.86828,2.25,1.35
2011.03.23 22:47:36.819,0.86807,0.86828,2.25,1.35
2011.03.23 22:47:36.930,0.8681,0.86828,1.50,1.35
2011.03.23 22:47:37.478,0.86812,0.86835,2.25,1.50
2011.03.23 22:47:37.588,0.86812,0.86835,2.25,1.50
2011.03.23 22:47:39.318,0.86813,0.86836,1.50,3.60
2011.03.23 22:47:39.652,0.86812,0.86836,1.50,2.10
2011.03.23 22:47:39.987,0.86815,0.86836,1.50,2.85
2011.03.23 22:47:40.540,0.86809,0.86833,1.50,2.13
2011.03.23 22:47:41.308,0.86811,0.86833,1.50,2.17
2011.03.23 22:47:41.967,0.86809,0.86831,1.50,1.38
2011.03.23 22:47:44.959,0.86809,0.86832,1.50,2.13
2011.03.23 22:47:45.728,0.86809,0.86832,1.50,1.38
2011.03.23 22:47:58.778,0.86811,0.86833,1.50,1.50
2011.03.23 22:48:03.148,0.86811,0.86833,1.50,1.50
2011.03.23 22:48:09.878,0.86812,0.86834,1.50,1.50
2011.03.23 22:48:14.298,0.8681,0.86833,1.50,1.50
2011.03.23 22:48:14.520,0.86811,0.86833,1.50,1.50
2011.03.23 22:48:56.054,0.86809,0.86833,1.50,1.50
2011.03.23 22:48:56.391,0.86808,0.86832,1.50,1.50
2011.03.23 22:49:00.608,0.86808,0.86832,1.50,1.50
2011.03.23 22:49:01.024,0.86808,0.86832,1.50,1.50
2011.03.23 22:49:01.730,0.86808,0.86832,1.50,1.50
2011.03.23 22:49:14.817,0.86808,0.86832,1.50,2.13
2011.03.23 22:49:17.193,0.86808,0.86832,1.50,1.50
2011.03.23 22:49:23.918,0.86808,0.86832,1.50,2.13
2011.03.23 22:49:24.608,0.86808,0.86832,1.50,1.50
2011.03.23 22:49:26.142,0.86806,0.86829,1.50,1.50
2011.03.23 22:49:26.261,0.86806,0.86828,1.50,1.50
2011.03.23 22:49:26.383,0.86806,0.86828,1.50,1.50
2011.03.23 22:49:26.940,0.86803,0.86825,1.50,1.50
2011.03.23 22:49:58.441,0.86803,0.86827,1.50,1.54
2011.03.23 22:49:58.879,0.86804,0.86828,1.50,1.50
2011.03.23 22:49:59.209,0.86803,0.86825,1.50,1.50
2011.03.23 22:49:59.649,0.86804,0.86828,1.50,1.50
2011.03.23 22:50:04.159,0.86805,0.86828,1.50,3.00
2011.03.23 22:50:04.708,0.86806,0.86828,1.50,3.63
2011.03.23 22:50:04.932,0.86803,0.86827,1.50,1.50
2011.03.23 22:50:05.270,0.86804,0.86827,1.50,1.50
2011.03.23 22:50:05.818,0.86805,0.86827,1.50,1.50
2011.03.23 22:50:06.612,0.86805,0.86827,1.50,1.50
2011.03.23 22:50:08.228,0.86805,0.86827,1.50,1.50
2011.03.23 22:50:08.669,0.86805,0.86827,1.50,1.50
2011.03.23 22:50:10.248,0.86805,0.86827,1.50,1.50
2011.03.23 22:50:10.578,0.86805,0.86828,1.50,3.00
2011.03.23 22:50:12.883,0.86805,0.86826,1.50,1.50
2011.03.23 22:50:24.500,0.86805,0.86825,1.50,1.50
2011.03.23 22:50:25.048,0.86806,0.86825,1.50,1.50
2011.03.23 22:50:27.572,0.86805,0.86825,1.50,1.50
2011.03.23 22:50:28.128,0.86803,0.86827,2.25,2.13
2011.03.23 22:50:34.327,0.86804,0.86827,1.50,1.50
2011.03.23 22:50:39.889,0.86804,0.86827,1.50,3.00
2011.03.23 22:50:42.312,0.86804,0.86827,1.50,3.00
2011.03.23 22:50:43.633,0.86804,0.86827,1.50,3.00
2011.03.23 22:51:27.867,0.86805,0.86826,1.50,2.25
2011.03.23 22:51:28.417,0.86805,0.86826,2.25,2.25
2011.03.23 22:51:30.328,0.86805,0.86826,2.25,2.25
2011.03.23 22:51:30.438,0.86805,0.86826,2.25,2.25
2011.03.23 22:51:43.785,0.86804,0.86827,2.40,2.25
2011.03.23 22:51:44.678,0.86805,0.86827,1.50,2.25
2011.03.23 22:52:00.677,0.86804,0.86827,2.40,2.25
2011.03.23 22:52:04.218,0.86804,0.86827,1.50,2.25
2011.03.23 22:52:13.938,0.86803,0.86827,1.65,2.25
2011.03.23 22:52:14.160,0.86805,0.86827,2.25,3.63
2011.03.23 22:52:14.269,0.86805,0.86827,1.50,2.88
2011.03.23 22:52:14.379,0.86801,0.86827,2.63,2.25
2011.03.23 22:52:14.488,0.86803,0.86827,1.50,2.88
2011.03.23 22:52:14.817,0.86801,0.86827,1.65,2.25
2011.03.23 22:52:15.369,0.86801,0.86827,1.50,3.63
2011.03.23 22:52:15.588,0.86801,0.86826,1.50,1.38
2011.03.23 22:52:16.137,0.86802,0.86827,1.65,2.88
2011.03.23 22:52:20.788,0.86802,0.86827,1.65,2.25
2011.03.23 22:52:21.009,0.86803,0.86827,1.50,2.25
2011.03.23 22:52:25.837,0.86802,0.86827,2.40,2.25
2011.03.23 22:52:31.908,0.86802,0.86827,1.65,2.25
2011.03.23 22:52:34.919,0.86803,0.86826,1.50,2.25
2011.03.23 22:52:35.138,0.86801,0.86826,1.65,2.25
2011.03.23 22:52:35.249,0.86803,0.86826,1.50,1.50
2011.03.23 22:52:35.934,0.86803,0.86826,2.40,1.50
2011.03.23 22:52:36.267,0.86803,0.86826,2.40,1.50
2011.03.23 22:52:38.068,0.86803,0.86826,2.40,1.50
2011.03.23 22:52:40.798,0.86802,0.86826,2.40,2.25
2011.03.23 22:52:42.180,0.86803,0.86826,1.65,2.25
2011.03.23 22:52:45.060,0.86805,0.86826,1.50,1.50
2011.03.23 22:52:45.388,0.86806,0.8683,1.50,2.13
2011.03.23 22:52:45.938,0.86805,0.86829,3.00,1.50
2011.03.23 22:52:46.489,0.86805,0.8683,2.25,1.50
2011.03.23 22:52:47.701,0.86806,0.8683,1.50,1.50
2011.03.23 22:52:48.531,0.86805,0.86829,1.50,1.50
2011.03.23 22:52:50.012,0.86805,0.8683,1.50,2.13
2011.03.23 22:52:52.918,0.86805,0.86829,1.50,1.50
2011.03.23 22:52:53.029,0.86805,0.86829,1.50,1.50
2011.03.23 22:52:53.408,0.86805,0.8683,1.50,1.50
2011.03.23 22:52:53.521,0.86805,0.8683,1.50,1.50
2011.03.23 22:52:53.753,0.86805,0.86829,2.25,1.50
2011.03.23 22:52:54.092,0.86804,0.86829,2.40,2.13
2011.03.23 22:52:54.212,0.86804,0.8683,2.40,2.51
2011.03.23 22:52:54.439,0.86804,0.86829,3.00,1.50
2011.03.23 22:52:54.991,0.86806,0.8683,1.50,1.50
2011.03.23 22:52:55.541,0.86806,0.8683,3.15,1.50
2011.03.23 22:52:55.868,0.86809,0.86832,1.50,1.50
2011.03.23 22:52:56.200,0.86808,0.8683,2.25,1.50
2011.03.23 22:52:56.531,0.86804,0.86828,1.88,1.50
2011.03.23 22:52:57.072,0.86805,0.86827,1.50,1.50
2011.03.23 22:52:57.638,0.86802,0.86824,1.50,1.50
2011.03.23 22:52:58.192,0.86801,0.86823,1.50,1.50
2011.03.23 22:52:58.749,0.86801,0.86823,1.50,1.50
2011.03.23 22:53:00.557,0.86801,0.86823,1.50,1.50
2011.03.23 22:53:01.399,0.86801,0.86823,1.50,1.50
2011.03.23 22:53:02.268,0.86801,0.86823,1.50,1.50
2011.03.23 22:53:05.958,0.868,0.86822,1.50,1.50
2011.03.23 22:53:11.659,0.868,0.86822,1.50,1.50
2011.03.23 22:53:12.368,0.868,0.86822,1.50,1.50
2011.03.23 22:53:14.699,0.868,0.86822,1.50,1.50
2011.03.23 22:53:15.342,0.868,0.86822,1.50,1.50
2011.03.23 22:53:22.210,0.868,0.86822,1.50,1.50
2011.03.23 22:53:51.001,0.868,0.86822,1.50,1.50
2011.03.23 22:53:53.829,0.868,0.86822,1.50,1.50
2011.03.23 22:54:01.288,0.86798,0.86822,3.00,1.50
2011.03.23 22:54:01.780,0.86798,0.86822,3.00,1.50
2011.03.23 22:54:02.280,0.86798,0.86822,3.00,1.50
2011.03.23 22:54:02.878,0.86799,0.86823,1.50,2.13
2011.03.23 22:54:03.360,0.86799,0.86823,1.50,1.50
2011.03.23 22:54:04.759,0.86799,0.86823,1.50,1.50
2011.03.23 22:54:06.128,0.86799,0.86823,1.50,1.50
2011.03.23 22:54:06.729,0.86799,0.86821,1.50,1.50
2011.03.23 22:54:06.950,0.868,0.86822,1.50,1.50
2011.03.23 22:54:07.398,0.868,0.86822,1.50,1.50
2011.03.23 22:54:08.009,0.868,0.86822,1.50,1.50
2011.03.23 22:54:09.958,0.86801,0.86823,1.50,1.50
2011.03.23 22:54:13.111,0.86801,0.86823,1.50,1.50
2011.03.23 22:54:16.999,0.868,0.86822,1.50,1.50
2011.03.23 22:54:20.261,0.868,0.86822,1.50,1.50
2011.03.23 22:54:20.599,0.868,0.86822,1.50,1.50
2011.03.23 22:54:21.251,0.868,0.86822,1.50,1.50
2011.03.23 22:54:21.589,0.868,0.86822,1.50,1.50
2011.03.23 22:54:22.248,0.868,0.86822,1.50,1.50
2011.03.23 22:54:40.891,0.868,0.86822,1.50,1.50
2011.03.23 22:54:41.438,0.868,0.86822,1.50,1.50
2011.03.23 22:54:42.608,0.868,0.86822,1.50,1.50
2011.03.23 22:54:43.971,0.868,0.86822,1.50,1.50
2011.03.23 22:54:44.910,0.868,0.86822,1.50,1.50
2011.03.23 22:54:46.259,0.868,0.86822,1.50,1.50
2011.03.23 22:54:54.546,0.868,0.86822,1.50,1.50
2011.03.23 22:54:55.279,0.868,0.86822,1.50,1.50
2011.03.23 22:55:09.240,0.868,0.86822,1.50,1.50
2011.03.23 22:55:09.898,0.868,0.86822,1.50,1.50
2011.03.23 22:55:17.408,0.86799,0.86821,1.50,1.50
2011.03.23 22:55:18.070,0.86799,0.86821,1.50,1.50
2011.03.23 22:55:29.970,0.86802,0.86826,1.50,3.00
2011.03.23 22:55:32.471,0.86799,0.86821,2.25,1.50
2011.03.23 22:55:38.755,0.86797,0.8682,2.25,1.50
2011.03.23 22:55:39.310,0.86799,0.86821,1.50,1.50
2011.03.23 22:56:06.399,0.86797,0.8682,1.50,1.50
2011.03.23 22:56:06.512,0.86797,0.86819,1.50,1.50
2011.03.23 22:56:06.841,0.86801,0.86821,1.50,1.50
2011.03.23 22:56:07.061,0.86799,0.8682,1.50,2.25
2011.03.23 22:57:07.049,0.86794,0.86819,1.88,1.28
2011.03.23 22:57:08.629,0.86798,0.86819,1.50,2.03
2011.03.23 22:57:08.850,0.86798,0.8682,1.50,2.25
2011.03.23 22:57:12.659,0.86797,0.86819,1.50,1.50
2011.03.23 22:57:13.209,0.86797,0.86819,1.50,1.50
2011.03.23 22:57:13.739,0.86797,0.86819,1.50,1.50
2011.03.23 22:57:15.834,0.86797,0.8682,1.50,3.00
2011.03.23 22:57:16.393,0.86797,0.86819,1.50,1.50
2011.03.23 22:57:16.744,0.8679,0.86818,1.50,1.50
2011.03.23 22:57:16.866,0.86795,0.86817,1.50,1.38
2011.03.23 22:57:17.748,0.86795,0.86819,1.50,3.00
2011.03.23 22:57:19.230,0.86794,0.86816,1.50,1.38
2011.03.23 22:57:19.779,0.86795,0.86817,1.50,2.13
2011.03.23 22:57:22.730,0.86795,0.86817,1.50,2.13
2011.03.23 22:57:26.703,0.86795,0.86817,1.50,2.13
2011.03.23 22:57:27.272,0.86795,0.86817,1.50,2.13
2011.03.23 22:57:31.450,0.86795,0.86817,1.50,2.13
2011.03.23 22:57:32.022,0.86795,0.86817,1.50,2.13
2011.03.23 22:57:34.090,0.86795,0.86817,1.50,1.38
2011.03.23 22:57:39.730,0.86795,0.86817,1.50,1.38
2011.03.23 22:58:19.299,0.86795,0.86817,1.50,2.13
2011.03.23 22:58:21.303,0.86795,0.86817,1.50,1.38
2011.03.23 22:58:29.539,0.86795,0.86818,1.50,2.13
2011.03.23 22:58:30.968,0.86795,0.86818,1.50,2.13
2011.03.23 22:58:39.771,0.86793,0.86818,1.13,2.13
2011.03.23 22:58:53.849,0.86793,0.86819,1.13,2.88
2011.03.23 22:58:54.231,0.86793,0.86817,1.13,1.38
2011.03.23 22:59:02.928,0.86793,0.86817,1.13,1.38
2011.03.23 22:59:03.149,0.86794,0.86818,1.13,2.13
2011.03.23 22:59:03.841,0.86797,0.8682,1.50,1.38
2011.03.23 22:59:04.729,0.86797,0.86821,2.63,1.50
2011.03.23 22:59:06.131,0.86797,0.8682,1.88,1.38
2011.03.23 22:59:06.240,0.86797,0.8682,2.63,1.38
2011.03.23 22:59:07.340,0.86796,0.8682,1.50,2.13
2011.03.23 22:59:10.731,0.86797,0.86816,1.50,1.38
2011.03.23 22:59:11.059,0.86797,0.8682,1.50,2.17
2011.03.23 22:59:13.112,0.86796,0.8682,1.50,2.92
2011.03.23 22:59:13.663,0.86796,0.8682,1.50,2.92
2011.03.23 22:59:14.251,0.86796,0.8682,1.50,2.92
2011.03.23 22:59:16.872,0.86796,0.8682,1.50,2.92
2011.03.23 22:59:18.258,0.86796,0.8682,1.50,2.92
2011.03.23 22:59:18.991,0.86796,0.8682,1.50,2.92
2011.03.23 22:59:19.671,0.86796,0.8682,1.50,2.92
2011.03.23 22:59:20.929,0.86796,0.8682,1.50,2.92
2011.03.23 22:59:21.481,0.86796,0.86818,1.50,1.38
2011.03.23 22:59:22.051,0.86796,0.86818,1.50,1.38
2011.03.23 22:59:24.250,0.86796,0.86818,1.50,1.42
2011.03.23 22:59:38.269,0.86796,0.86818,1.50,1.42
2011.03.23 22:59:39.168,0.86796,0.86818,1.50,1.42
2011.03.23 22:59:39.731,0.86796,0.86818,1.50,1.42
2011.03.23 22:59:41.209,0.86796,0.86818,1.50,2.17
2011.03.23 22:59:41.765,0.86797,0.8682,1.50,2.13
2011.03.23 22:59:42.430,0.86797,0.86822,1.50,2.88
2011.03.23 22:59:50.093,0.86797,0.86819,1.50,1.38
2011.03.23 22:59:50.650,0.86797,0.8682,1.50,1.38
