2008.07.03 05:00:08.397,0.79715,0.7973,1.00,1.00
2008.07.03 05:00:08.544,0.7971,0.7973,4.40,1.60
2008.07.03 05:00:08.656,0.79705,0.79725,6.10,1.00
2008.07.03 05:00:09.141,0.79705,0.79725,3.20,1.00
2008.07.03 05:00:13.888,0.79705,0.79725,12.80,1.00
2008.07.03 05:00:14.183,0.7971,0.7973,1.50,1.00
2008.07.03 05:00:23.045,0.7971,0.7973,1.50,1.60
2008.07.03 05:00:23.641,0.7971,0.79725,4.40,1.00
2008.07.03 05:00:27.453,0.7971,0.79725,3.40,1.00
2008.07.03 05:00:27.512,0.79705,0.79725,5.10,1.00
2008.07.03 05:00:28.136,0.79705,0.79725,2.20,1.00
2008.07.03 05:00:30.349,0.79705,0.79725,11.80,1.00
2008.07.03 05:00:30.418,0.7971,0.79725,1.00,1.00
2008.07.03 05:00:30.591,0.7971,0.7973,1.00,1.60
2008.07.03 05:00:30.650,0.79715,0.7973,1.00,1.60
2008.07.03 05:00:30.711,0.79715,0.7973,1.00,21.30
2008.07.03 05:00:30.848,0.79715,0.7973,1.00,3.60
2008.07.03 05:00:30.988,0.7972,0.7973,1.00,3.60
2008.07.03 05:00:31.253,0.7972,0.79735,1.00,3.60
2008.07.03 05:00:31.272,0.7972,0.79735,1.00,1.00
2008.07.03 05:00:31.399,0.79715,0.79735,2.80,2.40
2008.07.03 05:00:31.619,0.7971,0.79735,7.30,2.40
2008.07.03 05:00:31.739,0.79715,0.79735,1.00,2.40
2008.07.03 05:00:32.218,0.7971,0.79735,3.40,2.40
2008.07.03 05:00:32.375,0.7971,0.79735,4.40,2.40
2008.07.03 05:00:39.018,0.7971,0.79735,4.40,1.60
2008.07.03 05:00:39.113,0.7971,0.79735,3.40,1.60
2008.07.03 05:00:39.210,0.79715,0.79735,1.00,1.60
2008.07.03 05:00:40.256,0.7971,0.79735,4.40,1.60
2008.07.03 05:00:42.491,0.7971,0.7973,4.40,1.00
2008.07.03 05:00:42.598,0.7971,0.7973,4.40,1.60
2008.07.03 05:00:42.655,0.7971,0.7973,3.40,1.60
2008.07.03 05:00:42.728,0.79715,0.7973,1.00,1.60
2008.07.03 05:00:42.860,0.79715,0.7973,1.00,1.00
2008.07.03 05:00:42.914,0.79715,0.7973,1.00,1.60
2008.07.03 05:00:43.065,0.79715,0.79735,1.00,2.40
2008.07.03 05:00:43.156,0.79715,0.79735,1.00,1.60
2008.07.03 05:00:46.114,0.79715,0.79735,1.30,1.60
2008.07.03 05:00:47.464,0.79715,0.79735,1.00,1.60
2008.07.03 05:00:47.606,0.79715,0.79735,1.00,2.40
2008.07.03 05:00:49.953,0.79715,0.7973,1.00,1.00
2008.07.03 05:00:59.711,0.7971,0.7973,2.20,1.00
2008.07.03 05:01:00.141,0.7971,0.79735,2.20,2.40
2008.07.03 05:01:00.267,0.7972,0.79735,1.00,1.00
2008.07.03 05:01:00.727,0.7972,0.79735,1.00,1.60
2008.07.03 05:01:00.924,0.79715,0.79735,1.30,2.40
2008.07.03 05:01:01.304,0.79715,0.79735,1.30,1.60
2008.07.03 05:01:01.543,0.79715,0.79735,1.00,1.60
2008.07.03 05:01:01.928,0.7971,0.79735,1.30,2.40
2008.07.03 05:01:02.221,0.7971,0.79735,1.50,2.40
2008.07.03 05:01:03.078,0.7971,0.79735,1.00,2.40
2008.07.03 05:01:03.325,0.7971,0.7973,1.00,1.60
2008.07.03 05:01:06.100,0.7971,0.7973,6.30,2.40
2008.07.03 05:01:06.251,0.79715,0.7973,1.30,1.60
2008.07.03 05:01:10.264,0.79715,0.7973,1.00,1.60
2008.07.03 05:01:10.763,0.79715,0.7973,3.40,1.60
2008.07.03 05:01:16.619,0.79715,0.7973,3.40,2.60
2008.07.03 05:01:16.733,0.79715,0.79725,3.40,1.00
2008.07.03 05:01:16.984,0.7972,0.79725,2.80,1.00
2008.07.03 05:01:17.215,0.7971,0.79725,1.30,1.00
2008.07.03 05:01:18.279,0.7971,0.7973,1.30,2.60
2008.07.03 05:01:34.810,0.7971,0.7973,1.30,1.60
2008.07.03 05:01:35.377,0.7971,0.7973,4.20,1.60
2008.07.03 05:01:35.794,0.79715,0.7973,1.00,1.60
2008.07.03 05:01:37.022,0.7971,0.7973,1.30,1.60
2008.07.03 05:01:43.611,0.7971,0.7973,4.20,1.60
2008.07.03 05:01:43.721,0.79715,0.7973,1.00,1.60
2008.07.03 05:01:45.060,0.7971,0.7973,1.30,1.60
2008.07.03 05:01:58.809,0.7971,0.7973,4.20,1.60
2008.07.03 05:01:58.955,0.79715,0.7973,1.00,1.60
2008.07.03 05:02:03.158,0.79715,0.7973,1.00,2.60
2008.07.03 05:02:03.508,0.7971,0.7973,1.30,2.60
2008.07.03 05:02:29.326,0.7971,0.7973,4.20,2.60
2008.07.03 05:02:29.506,0.79715,0.7973,1.00,2.60
2008.07.03 05:02:30.972,0.79715,0.7973,1.00,1.60
2008.07.03 05:03:00.884,0.79715,0.7973,1.00,3.60
2008.07.03 05:03:04.530,0.79715,0.7973,1.00,1.60
2008.07.03 05:03:05.484,0.7971,0.7973,1.30,1.60
2008.07.03 05:03:05.937,0.7971,0.7973,1.30,2.40
2008.07.03 05:03:08.974,0.7971,0.7973,1.30,1.60
2008.07.03 05:03:18.129,0.7971,0.79725,1.30,1.00
2008.07.03 05:03:18.808,0.7971,0.79725,3.40,1.00
2008.07.03 05:03:18.876,0.79705,0.79725,5.10,1.00
2008.07.03 05:03:19.003,0.79705,0.79725,2.20,1.00
2008.07.03 05:03:22.205,0.79705,0.7973,2.20,2.40
2008.07.03 05:03:22.800,0.79705,0.79725,2.20,1.00
2008.07.03 05:03:24.099,0.79705,0.7973,2.20,2.40
2008.07.03 05:03:24.174,0.79705,0.7973,2.20,1.40
2008.07.03 05:03:24.404,0.7971,0.7973,1.00,1.40
2008.07.03 05:03:24.426,0.7971,0.7973,1.00,2.40
2008.07.03 05:03:27.757,0.7971,0.7973,11.10,2.40
2008.07.03 05:03:27.898,0.79715,0.7973,1.00,1.60
2008.07.03 05:03:30.235,0.7971,0.7973,1.30,1.60
2008.07.03 05:03:35.415,0.7971,0.7973,1.30,2.40
2008.07.03 05:03:37.177,0.7971,0.7973,6.80,2.40
2008.07.03 05:03:37.253,0.7971,0.7973,3.40,2.40
2008.07.03 05:03:37.319,0.79705,0.7973,5.10,2.40
2008.07.03 05:03:37.458,0.79705,0.7973,2.20,2.40
2008.07.03 05:03:39.526,0.79705,0.79725,2.20,1.00
2008.07.03 05:03:41.030,0.79705,0.79725,5.10,1.00
2008.07.03 05:03:43.598,0.79705,0.7973,5.10,2.40
2008.07.03 05:03:43.622,0.79705,0.7973,8.00,2.40
2008.07.03 05:03:43.669,0.7971,0.7973,3.40,2.40
2008.07.03 05:03:44.268,0.7971,0.7973,3.40,1.40
2008.07.03 05:03:44.566,0.7971,0.7973,4.40,1.40
2008.07.03 05:03:44.877,0.7971,0.7973,4.40,15.10
2008.07.03 05:03:45.312,0.7971,0.7973,4.40,15.60
2008.07.03 05:03:45.412,0.79705,0.79725,6.10,1.40
2008.07.03 05:03:45.511,0.79705,0.79725,3.20,4.30
2008.07.03 05:03:45.780,0.79705,0.79725,2.20,4.30
2008.07.03 05:03:46.175,0.79705,0.79725,2.20,3.60
2008.07.03 05:03:46.231,0.79705,0.79725,5.10,3.60
2008.07.03 05:03:46.291,0.79705,0.7972,5.10,2.80
2008.07.03 05:03:46.395,0.79705,0.79725,5.10,3.60
2008.07.03 05:03:46.571,0.79705,0.79725,8.00,1.00
2008.07.03 05:03:47.670,0.79705,0.79725,8.50,1.00
2008.07.03 05:03:53.411,0.79705,0.79725,8.00,1.00
2008.07.03 05:03:58.769,0.79705,0.79725,8.50,1.00
2008.07.03 05:03:59.419,0.79705,0.79725,8.00,1.00
2008.07.03 05:04:08.760,0.79705,0.79725,8.50,1.00
2008.07.03 05:04:11.160,0.79705,0.79725,8.00,1.00
2008.07.03 05:04:11.797,0.79705,0.79725,8.50,1.00
2008.07.03 05:04:11.876,0.79705,0.79725,5.10,1.00
2008.07.03 05:04:12.075,0.79705,0.79725,2.20,3.60
2008.07.03 05:04:14.974,0.7971,0.79725,1.00,3.60
2008.07.03 05:04:15.055,0.7971,0.7972,1.00,2.80
2008.07.03 05:04:15.146,0.7971,0.7973,1.00,18.90
2008.07.03 05:04:15.305,0.7971,0.7973,1.00,15.10
2008.07.03 05:04:15.574,0.7971,0.7973,3.40,17.00
2008.07.03 05:04:15.994,0.7971,0.7973,3.40,18.00
2008.07.03 05:04:16.161,0.7971,0.7973,3.40,19.90
2008.07.03 05:04:16.875,0.7971,0.7973,3.40,20.80
2008.07.03 05:04:16.954,0.7971,0.7973,3.40,18.00
2008.07.03 05:04:17.394,0.7971,0.7973,3.40,17.00
2008.07.03 05:04:17.545,0.7971,0.7973,3.40,1.00
2008.07.03 05:04:17.642,0.7971,0.79735,4.20,6.20
2008.07.03 05:04:17.724,0.79715,0.79735,1.00,6.20
2008.07.03 05:04:18.728,0.79715,0.79735,1.00,7.20
2008.07.03 05:04:19.269,0.79715,0.79735,1.00,3.30
2008.07.03 05:04:19.624,0.7971,0.79735,3.40,5.20
2008.07.03 05:04:19.818,0.7971,0.79735,3.40,6.20
2008.07.03 05:04:21.033,0.7971,0.79735,3.40,7.20
2008.07.03 05:04:21.113,0.7971,0.7973,3.40,1.00
2008.07.03 05:04:21.182,0.7971,0.7973,3.40,1.60
2008.07.03 05:04:22.268,0.7971,0.7973,3.40,6.40
2008.07.03 05:04:22.394,0.7971,0.7973,3.40,2.40
2008.07.03 05:04:22.593,0.7971,0.7973,3.40,3.30
2008.07.03 05:04:22.652,0.7971,0.7973,1.00,3.30
2008.07.03 05:04:27.422,0.7971,0.7973,1.00,2.40
2008.07.03 05:04:29.401,0.7971,0.7973,1.00,3.30
2008.07.03 05:04:31.921,0.79705,0.79725,1.00,1.00
2008.07.03 05:04:39.518,0.79705,0.79725,1.00,1.60
2008.07.03 05:04:39.811,0.797,0.79725,2.20,1.60
2008.07.03 05:04:39.892,0.797,0.7972,2.20,4.00
2008.07.03 05:04:40.038,0.797,0.7972,2.20,6.90
2008.07.03 05:04:43.816,0.797,0.7972,2.20,1.40
2008.07.03 05:04:44.227,0.797,0.7972,2.20,6.90
2008.07.03 05:05:09.398,0.79705,0.7972,1.00,6.90
2008.07.03 05:05:23.163,0.79705,0.79725,1.00,8.60
2008.07.03 05:05:24.672,0.79705,0.7972,1.00,6.90
2008.07.03 05:05:24.883,0.79705,0.79725,1.00,8.60
2008.07.03 05:05:26.062,0.79705,0.7972,1.00,6.90
2008.07.03 05:05:26.284,0.79705,0.79725,1.00,8.60
2008.07.03 05:05:27.881,0.79705,0.7972,1.00,6.90
2008.07.03 05:05:28.200,0.79705,0.79725,1.00,8.60
2008.07.03 05:05:28.631,0.79705,0.7972,1.00,6.90
2008.07.03 05:05:28.851,0.79705,0.79725,1.00,8.60
2008.07.03 05:05:31.606,0.79705,0.7972,1.00,6.90
2008.07.03 05:05:31.817,0.79705,0.79725,1.00,8.60
2008.07.03 05:05:32.130,0.79705,0.7972,1.00,6.90
2008.07.03 05:05:32.349,0.79705,0.79725,1.00,8.60
2008.07.03 05:05:34.056,0.79705,0.7972,1.00,8.80
2008.07.03 05:05:34.186,0.797,0.7972,2.20,1.40
2008.07.03 05:05:43.267,0.797,0.7972,2.20,8.80
2008.07.03 05:05:45.594,0.797,0.7972,2.20,1.40
2008.07.03 05:05:45.728,0.797,0.7972,2.20,8.80
2008.07.03 05:05:45.973,0.797,0.7972,2.20,1.40
2008.07.03 05:05:50.174,0.797,0.7972,2.20,9.80
2008.07.03 05:05:53.888,0.797,0.7972,2.20,10.80
2008.07.03 05:05:54.290,0.797,0.7972,2.20,1.40
2008.07.03 05:05:56.291,0.797,0.7972,1.50,1.40
2008.07.03 05:05:56.583,0.797,0.7972,2.20,1.40
2008.07.03 05:06:00.774,0.797,0.7972,1.50,1.40
2008.07.03 05:06:00.932,0.797,0.7972,2.20,1.40
2008.07.03 05:06:03.780,0.797,0.7972,2.20,10.80
2008.07.03 05:06:06.388,0.79705,0.7972,1.00,10.80
2008.07.03 05:06:07.227,0.79705,0.7972,1.00,1.40
2008.07.03 05:06:30.523,0.797,0.7972,1.30,1.40
2008.07.03 05:06:31.660,0.797,0.7972,3.40,1.40
2008.07.03 05:06:31.829,0.797,0.79715,3.40,1.00
2008.07.03 05:06:37.570,0.797,0.79715,6.80,1.00
2008.07.03 05:06:37.669,0.797,0.7972,6.80,1.40
2008.07.03 05:06:39.322,0.797,0.7972,7.80,1.40
2008.07.03 05:06:39.620,0.797,0.7972,1.50,1.40
2008.07.03 05:06:39.805,0.797,0.7972,2.20,1.40
2008.07.03 05:06:40.325,0.797,0.7972,1.50,1.40
2008.07.03 05:06:44.290,0.797,0.7972,2.20,1.40
2008.07.03 05:06:46.141,0.797,0.7972,1.50,1.40
2008.07.03 05:06:48.911,0.797,0.7972,2.20,1.40
2008.07.03 05:06:49.354,0.797,0.7972,1.50,1.40
2008.07.03 05:06:57.645,0.797,0.7972,1.50,2.40
2008.07.03 05:06:57.991,0.797,0.7972,6.30,2.40
2008.07.03 05:06:58.614,0.797,0.7972,3.40,2.40
2008.07.03 05:06:58.778,0.79695,0.79715,1.30,1.40
2008.07.03 05:07:02.274,0.79695,0.79715,4.20,1.40
2008.07.03 05:07:02.359,0.79695,0.79715,4.20,1.00
2008.07.03 05:07:02.556,0.79695,0.79715,7.00,1.00
2008.07.03 05:07:12.101,0.79695,0.79715,9.00,1.00
2008.07.03 05:07:12.137,0.797,0.79715,8.20,1.00
2008.07.03 05:07:12.251,0.797,0.7972,8.20,2.40
2008.07.03 05:07:14.568,0.797,0.7972,9.20,2.40
2008.07.03 05:07:15.121,0.797,0.7972,8.20,2.40
2008.07.03 05:07:15.575,0.797,0.7972,1.30,2.40
2008.07.03 05:07:15.694,0.797,0.7972,6.30,2.40
2008.07.03 05:07:17.089,0.797,0.79715,6.30,1.00
2008.07.03 05:07:17.170,0.797,0.79715,3.40,1.00
2008.07.03 05:07:17.295,0.79695,0.79715,4.20,1.00
2008.07.03 05:07:17.320,0.79695,0.79715,4.20,1.40
2008.07.03 05:07:17.583,0.79695,0.79715,1.30,1.40
2008.07.03 05:07:17.624,0.79695,0.79715,1.30,1.00
2008.07.03 05:07:17.697,0.79695,0.79715,4.20,1.00
2008.07.03 05:07:17.748,0.79695,0.7972,4.20,5.20
2008.07.03 05:07:17.854,0.79695,0.7972,4.20,2.40
2008.07.03 05:07:17.916,0.79695,0.7972,7.00,2.40
2008.07.03 05:07:18.181,0.79695,0.79715,4.20,1.40
2008.07.03 05:07:18.467,0.79695,0.79715,1.30,1.40
2008.07.03 05:07:38.767,0.79695,0.79715,1.00,1.40
2008.07.03 05:07:46.199,0.79695,0.79715,1.00,1.00
2008.07.03 05:07:57.382,0.79695,0.79715,1.00,1.40
2008.07.03 05:08:09.876,0.79695,0.79715,1.30,1.40
2008.07.03 05:08:17.229,0.79695,0.79715,2.20,1.40
2008.07.03 05:08:17.469,0.79695,0.79715,5.10,1.40
2008.07.03 05:08:18.466,0.79695,0.79715,5.10,1.00
2008.07.03 05:08:21.936,0.79695,0.79715,5.10,1.40
2008.07.03 05:08:50.110,0.79695,0.79715,5.10,1.00
2008.07.03 05:09:05.838,0.797,0.79715,1.00,1.00
2008.07.03 05:09:05.937,0.797,0.7972,1.00,2.40
2008.07.03 05:09:06.235,0.797,0.7972,1.00,1.40
2008.07.03 05:09:10.045,0.797,0.7972,1.50,1.40
2008.07.03 05:09:18.516,0.797,0.7972,2.20,1.40
2008.07.03 05:09:26.490,0.797,0.7972,1.50,1.40
2008.07.03 05:09:39.404,0.797,0.7972,2.20,1.40
2008.07.03 05:09:47.344,0.797,0.7972,1.50,1.40
2008.07.03 05:09:50.161,0.797,0.7972,2.20,1.40
2008.07.03 05:09:53.397,0.79705,0.7972,1.00,1.40
2008.07.03 05:09:56.819,0.79705,0.7972,1.00,1.20
2008.07.03 05:09:57.105,0.79705,0.7972,1.00,6.70
2008.07.03 05:09:57.171,0.79705,0.79725,1.00,4.30
2008.07.03 05:09:57.458,0.79705,0.79725,1.90,4.30
2008.07.03 05:09:57.539,0.7971,0.7972,1.00,4.00
2008.07.03 05:09:57.969,0.7971,0.7972,1.00,3.60
2008.07.03 05:09:58.312,0.7971,0.79725,1.00,4.30
2008.07.03 05:09:58.494,0.7971,0.79725,1.00,7.20
2008.07.03 05:09:58.672,0.79705,0.79725,1.30,7.20
2008.07.03 05:09:59.013,0.79705,0.79725,3.40,4.80
2008.07.03 05:09:59.202,0.79705,0.79725,7.00,1.90
2008.07.03 05:09:59.461,0.79705,0.79725,4.20,4.80
2008.07.03 05:09:59.564,0.79705,0.79725,3.40,4.80
2008.07.03 05:09:59.730,0.79705,0.79725,1.00,7.60
2008.07.03 05:10:14.094,0.79705,0.79725,1.00,7.20
2008.07.03 05:10:27.354,0.79705,0.79725,1.50,7.20
2008.07.03 05:10:41.081,0.79705,0.79725,1.50,4.30
2008.07.03 05:10:41.140,0.79705,0.79725,2.20,3.60
2008.07.03 05:10:41.205,0.79705,0.7972,2.20,2.80
2008.07.03 05:10:41.290,0.79705,0.7973,2.20,2.40
2008.07.03 05:10:44.862,0.79705,0.7973,5.10,2.40
2008.07.03 05:10:44.990,0.7971,0.7973,1.30,1.40
2008.07.03 05:10:45.759,0.7971,0.7973,1.00,1.40
2008.07.03 05:10:46.445,0.7971,0.7973,15.00,1.40
2008.07.03 05:11:00.691,0.7971,0.7973,15.00,2.40
2008.07.03 05:11:02.309,0.7971,0.7973,1.30,2.40
2008.07.03 05:11:02.640,0.7971,0.7973,1.30,1.60
2008.07.03 05:12:36.124,0.7971,0.7973,1.30,6.40
2008.07.03 05:12:46.256,0.7971,0.7973,1.30,6.90
2008.07.03 05:12:46.585,0.7971,0.7973,1.30,6.40
2008.07.03 05:13:07.074,0.7971,0.7973,1.30,6.90
2008.07.03 05:13:09.461,0.7971,0.7973,1.30,6.40
2008.07.03 05:13:09.683,0.7971,0.7973,1.30,6.90
2008.07.03 05:13:17.961,0.7971,0.7973,1.30,1.60
2008.07.03 05:13:18.387,0.7971,0.7973,1.30,6.90
2008.07.03 05:13:19.766,0.7971,0.79735,2.20,8.60
2008.07.03 05:13:19.883,0.7971,0.79735,2.20,8.10
2008.07.03 05:13:23.874,0.7971,0.79735,2.20,8.60
2008.07.03 05:13:23.954,0.79715,0.79735,1.00,8.60
2008.07.03 05:13:27.725,0.79715,0.7973,1.00,1.00
2008.07.03 05:13:46.946,0.79715,0.79735,1.00,8.60
2008.07.03 05:13:47.088,0.79715,0.79735,1.30,8.60
2008.07.03 05:13:47.145,0.79715,0.79735,4.20,5.70
2008.07.03 05:13:54.668,0.79715,0.79735,3.40,5.70
2008.07.03 05:13:54.712,0.79715,0.7973,3.40,1.00
2008.07.03 05:13:58.283,0.79715,0.79735,4.20,5.70
2008.07.03 05:14:44.209,0.79715,0.79735,7.00,2.80
2008.07.03 05:14:44.423,0.79715,0.79735,7.00,2.40
2008.07.03 05:14:45.499,0.79715,0.79735,7.00,2.80
2008.07.03 05:14:46.546,0.79715,0.79735,7.00,1.90
2008.07.03 05:14:50.813,0.79715,0.79735,7.00,1.40
2008.07.03 05:14:54.907,0.79715,0.79735,7.00,1.90
2008.07.03 05:14:59.648,0.79715,0.79735,7.00,1.40
2008.07.03 05:14:59.667,0.79715,0.79735,7.00,1.00
2008.07.03 05:15:02.027,0.79715,0.79735,4.20,1.00
2008.07.03 05:15:02.057,0.79715,0.79735,4.20,1.40
2008.07.03 05:15:06.125,0.79715,0.79735,5.10,1.40
2008.07.03 05:15:06.343,0.79715,0.79735,5.10,1.00
2008.07.03 05:15:07.470,0.79715,0.79735,6.70,1.00
2008.07.03 05:15:09.247,0.79715,0.79735,8.10,1.00
2008.07.03 05:15:09.554,0.7972,0.7974,4.90,1.40
2008.07.03 05:15:09.620,0.7972,0.7974,1.50,1.40
2008.07.03 05:15:09.778,0.7972,0.7974,2.20,1.40
2008.07.03 05:15:11.774,0.7972,0.7974,1.50,1.40
2008.07.03 05:15:12.198,0.7972,0.7974,7.30,2.40
2008.07.03 05:15:12.506,0.7972,0.7974,4.40,2.40
2008.07.03 05:15:12.737,0.79715,0.79735,5.10,1.00
2008.07.03 05:15:13.635,0.79715,0.79735,6.70,1.00
2008.07.03 05:15:13.805,0.79715,0.7974,6.70,1.40
2008.07.03 05:15:13.975,0.79715,0.7974,3.80,1.40
2008.07.03 05:15:14.758,0.7972,0.7974,1.50,1.40
2008.07.03 05:15:14.990,0.7972,0.7974,1.50,2.40
2008.07.03 05:15:23.282,0.7972,0.7974,1.50,1.60
2008.07.03 05:15:26.074,0.7972,0.7974,1.50,15.10
2008.07.03 05:15:37.557,0.7972,0.7974,4.90,15.10
2008.07.03 05:15:37.610,0.7972,0.7974,1.30,15.10
2008.07.03 05:15:43.064,0.7972,0.7974,2.80,15.10
2008.07.03 05:15:43.172,0.7972,0.79745,2.80,2.40
2008.07.03 05:15:47.388,0.7972,0.79745,5.70,2.40
2008.07.03 05:15:47.427,0.79725,0.79745,1.00,2.40
2008.07.03 05:15:53.012,0.79725,0.79745,1.30,2.40
2008.07.03 05:15:53.165,0.79725,0.79745,1.00,2.40
2008.07.03 05:15:55.099,0.7972,0.79745,1.30,2.40
2008.07.03 05:15:55.274,0.7972,0.7974,1.30,1.00
2008.07.03 05:15:59.240,0.7972,0.79745,1.30,2.40
2008.07.03 05:15:59.651,0.7972,0.7974,1.30,1.00
2008.07.03 05:16:11.016,0.7972,0.7974,1.30,1.40
2008.07.03 05:16:15.565,0.7972,0.7974,6.80,1.40
2008.07.03 05:16:15.831,0.7972,0.7974,6.80,2.40
2008.07.03 05:16:49.555,0.7972,0.7974,1.30,2.40
2008.07.03 05:16:50.063,0.7972,0.7974,1.30,1.40
2008.07.03 05:16:50.159,0.7972,0.7974,1.30,1.00
2008.07.03 05:16:50.733,0.7972,0.79745,1.30,3.30
2008.07.03 05:16:51.848,0.7972,0.7974,1.30,1.00
2008.07.03 05:16:51.962,0.7972,0.7974,1.30,1.60
2008.07.03 05:16:52.021,0.7972,0.7974,1.30,1.00
2008.07.03 05:16:56.292,0.7972,0.79745,1.30,3.30
2008.07.03 05:16:57.782,0.7972,0.7974,1.30,1.00
2008.07.03 05:17:10.851,0.7972,0.7974,1.30,1.40
2008.07.03 05:18:12.090,0.7972,0.7974,1.30,2.40
2008.07.03 05:18:26.560,0.7972,0.79735,1.30,1.00
2008.07.03 05:18:26.679,0.7972,0.7974,6.80,2.40
2008.07.03 05:18:29.533,0.7972,0.79735,6.80,1.00
2008.07.03 05:18:29.774,0.79715,0.79735,7.50,1.00
2008.07.03 05:18:30.022,0.7972,0.79735,6.80,1.00
2008.07.03 05:18:30.268,0.7972,0.79735,6.80,1.60
2008.07.03 05:18:31.085,0.7972,0.79735,6.80,2.40
2008.07.03 05:18:36.589,0.7972,0.79735,6.80,1.60
2008.07.03 05:18:44.384,0.7972,0.79735,6.80,2.60
2008.07.03 05:18:44.586,0.7972,0.79735,6.80,3.30
2008.07.03 05:18:44.921,0.7972,0.79735,6.30,3.30
2008.07.03 05:18:44.944,0.79715,0.79735,7.00,3.30
2008.07.03 05:18:49.279,0.79715,0.79735,7.00,2.60
2008.07.03 05:18:57.693,0.79715,0.79735,7.00,3.30
2008.07.03 05:18:59.680,0.79715,0.79735,7.00,2.60
2008.07.03 05:19:04.099,0.79715,0.79735,7.00,3.30
2008.07.03 05:19:28.147,0.79715,0.79735,4.20,3.30
2008.07.03 05:19:38.101,0.79715,0.79735,7.00,3.30
2008.07.03 05:19:38.572,0.79715,0.79735,7.00,2.60
2008.07.03 05:19:39.464,0.79715,0.79735,4.20,2.60
2008.07.03 05:19:40.044,0.79715,0.79735,7.00,2.60
2008.07.03 05:19:41.580,0.79715,0.79735,4.20,2.60
2008.07.03 05:19:41.671,0.79715,0.7973,4.20,1.00
2008.07.03 05:19:49.140,0.79715,0.79735,4.20,2.60
2008.07.03 05:19:49.214,0.79715,0.79735,7.00,2.60
2008.07.03 05:19:49.371,0.79715,0.79735,9.90,2.60
2008.07.03 05:19:49.433,0.7972,0.79735,6.30,2.60
2008.07.03 05:19:57.057,0.7972,0.7973,6.30,1.00
2008.07.03 05:19:57.144,0.7972,0.7973,3.40,1.00
2008.07.03 05:19:57.527,0.79715,0.7973,4.20,1.00
2008.07.03 05:20:01.397,0.7971,0.79724,4.90,1.00
2008.07.03 05:20:05.045,0.79713,0.79723,1.20,3.70
2008.07.03 05:20:08.571,0.79714,0.79724,1.00,1.00
2008.07.03 05:20:10.812,0.79714,0.79724,2.10,1.00
2008.07.03 05:20:11.422,0.79713,0.79723,1.60,2.70
2008.07.03 05:20:11.488,0.79712,0.79722,3.10,2.70
2008.07.03 05:20:11.837,0.79713,0.79723,1.60,1.00
2008.07.03 05:20:11.927,0.79715,0.79725,1.60,1.00
2008.07.03 05:20:12.156,0.79716,0.79726,3.10,2.70
2008.07.03 05:20:12.213,0.79718,0.79733,1.60,1.00
2008.07.03 05:20:12.323,0.7972,0.7973,2.60,1.00
2008.07.03 05:20:26.349,0.79715,0.7973,1.00,1.00
2008.07.03 05:20:26.395,0.79712,0.79727,4.40,1.90
2008.07.03 05:20:30.363,0.79713,0.79723,1.20,3.70
2008.07.03 05:20:30.880,0.7971,0.79725,4.90,1.90
2008.07.03 05:20:30.913,0.79712,0.79722,1.00,1.00
2008.07.03 05:20:32.152,0.7971,0.79725,4.90,1.90
2008.07.03 05:20:32.299,0.7971,0.79725,2.60,1.00
2008.07.03 05:20:33.897,0.79709,0.79724,4.90,1.00
2008.07.03 05:20:35.289,0.79707,0.79722,4.90,1.90
2008.07.03 05:20:35.753,0.79705,0.7972,1.60,1.00
2008.07.03 05:20:39.197,0.79704,0.79719,1.00,1.90
2008.07.03 05:20:39.371,0.79705,0.79715,3.20,2.70
2008.07.03 05:20:44.720,0.79701,0.79711,1.00,2.70
2008.07.03 05:20:45.110,0.79698,0.79712,1.60,1.00
2008.07.03 05:20:46.847,0.79702,0.79712,1.20,1.00
2008.07.03 05:20:46.990,0.79706,0.79716,2.10,1.80
2008.07.03 05:20:47.923,0.79708,0.79718,4.90,1.00
2008.07.03 05:20:48.606,0.79709,0.79719,1.00,2.70
2008.07.03 05:20:52.551,0.79708,0.79723,1.60,2.70
2008.07.03 05:20:55.196,0.79712,0.79722,3.20,2.70
2008.07.03 05:20:55.265,0.7971,0.7972,2.60,1.00
2008.07.03 05:20:55.350,0.79709,0.79719,3.20,2.70
2008.07.03 05:20:55.630,0.79707,0.79717,1.00,2.70
2008.07.03 05:21:15.604,0.79715,0.7973,7.00,1.00
2008.07.03 05:21:15.705,0.7972,0.7973,3.40,1.00
2008.07.03 05:21:16.090,0.79715,0.7973,4.20,1.00
2008.07.03 05:21:41.455,0.79715,0.7973,4.20,1.90
2008.07.03 05:21:41.877,0.79715,0.7973,3.40,1.90
2008.07.03 05:21:42.246,0.79715,0.7973,1.00,1.90
2008.07.03 05:21:43.634,0.79715,0.7973,1.00,2.60
2008.07.03 05:21:47.397,0.79715,0.79725,1.00,1.00
2008.07.03 05:21:50.996,0.7971,0.79725,4.20,1.00
2008.07.03 05:21:51.102,0.7971,0.79725,1.30,1.00
2008.07.03 05:22:41.205,0.7971,0.7973,1.30,2.60
2008.07.03 05:22:41.337,0.79715,0.7973,1.00,2.60
2008.07.03 05:22:55.023,0.79715,0.7973,1.00,1.60
2008.07.03 05:22:55.080,0.79715,0.7973,1.00,6.40
2008.07.03 05:22:55.175,0.79715,0.79735,1.00,8.10
2008.07.03 05:22:55.515,0.79715,0.79735,1.30,8.10
2008.07.03 05:22:55.653,0.79715,0.79735,1.30,2.40
2008.07.03 05:22:55.835,0.7972,0.79735,1.00,1.60
2008.07.03 05:22:55.990,0.79715,0.7973,1.30,1.00
2008.07.03 05:22:56.715,0.79715,0.7973,4.20,1.00
2008.07.03 05:22:58.183,0.79715,0.79735,4.20,2.60
2008.07.03 05:22:58.775,0.79715,0.7973,4.20,1.00
2008.07.03 05:23:12.142,0.7972,0.7973,3.40,1.00
2008.07.03 05:23:16.075,0.79715,0.7973,4.20,1.00
2008.07.03 05:24:04.637,0.79715,0.7973,7.00,1.00
2008.07.03 05:24:04.755,0.79715,0.79735,7.00,2.60
2008.07.03 05:24:17.546,0.79715,0.79735,4.20,2.60
2008.07.03 05:24:17.726,0.79715,0.7973,4.20,1.00
2008.07.03 05:24:18.832,0.79715,0.7973,7.00,1.00
2008.07.03 05:24:19.177,0.79715,0.79735,7.00,2.60
2008.07.03 05:24:19.385,0.79715,0.79735,4.20,2.60
2008.07.03 05:24:19.602,0.79715,0.7973,4.20,1.00
2008.07.03 05:24:21.639,0.79715,0.7973,4.20,1.60
2008.07.03 05:24:35.253,0.79715,0.7973,4.20,1.00
2008.07.03 05:24:35.300,0.79715,0.7973,7.00,1.00
2008.07.03 05:24:35.501,0.79715,0.79735,7.00,2.60
2008.07.03 05:25:22.777,0.79715,0.79735,4.20,2.60
2008.07.03 05:25:22.955,0.79715,0.7973,4.20,1.00
2008.07.03 05:25:41.618,0.79715,0.7973,4.20,1.60
2008.07.03 05:25:59.239,0.79715,0.7973,3.40,1.60
2008.07.03 05:26:15.052,0.79715,0.7973,1.00,1.60
2008.07.03 05:26:26.397,0.7971,0.7973,1.30,1.60
2008.07.03 05:26:35.400,0.79715,0.7973,1.00,1.60
2008.07.03 05:26:35.620,0.79715,0.7973,3.40,1.60
2008.07.03 05:27:20.085,0.79715,0.7973,3.40,2.60
2008.07.03 05:27:20.414,0.7972,0.7973,2.80,2.60
2008.07.03 05:27:20.655,0.7971,0.7973,1.30,2.60
2008.07.03 05:27:27.831,0.7971,0.7973,4.20,2.60
2008.07.03 05:27:27.953,0.79715,0.7973,1.00,2.60
2008.07.03 05:27:31.670,0.7971,0.7973,1.30,2.60
2008.07.03 05:28:03.293,0.7971,0.7973,4.20,2.60
2008.07.03 05:28:03.625,0.79715,0.7973,1.00,2.60
2008.07.03 05:28:07.702,0.7971,0.7973,1.30,2.60
2008.07.03 05:28:15.145,0.7971,0.7973,4.20,2.60
2008.07.03 05:28:15.361,0.79715,0.7973,1.00,2.60
2008.07.03 05:28:17.189,0.7971,0.7973,1.30,2.60
2008.07.03 05:28:18.584,0.7971,0.7973,4.20,2.60
2008.07.03 05:28:18.750,0.79715,0.7973,1.00,2.60
2008.07.03 05:28:20.528,0.7971,0.7973,1.30,2.60
2008.07.03 05:28:29.350,0.7971,0.7973,4.20,2.60
2008.07.03 05:28:29.538,0.79715,0.7973,1.00,2.60
2008.07.03 05:28:35.357,0.79715,0.7973,1.00,1.60
2008.07.03 05:28:53.251,0.79715,0.7973,1.00,2.60
2008.07.03 05:29:10.565,0.79715,0.7973,1.00,1.60
2008.07.03 05:30:35.490,0.79715,0.7973,1.00,8.80
2008.07.03 05:30:35.558,0.79715,0.7973,1.00,7.90
2008.07.03 05:30:35.805,0.79715,0.7973,1.30,7.40
2008.07.03 05:30:36.006,0.79715,0.79735,1.30,8.40
2008.07.03 05:30:36.110,0.79715,0.79735,1.30,5.50
2008.07.03 05:30:43.611,0.79715,0.79735,1.30,6.40
2008.07.03 05:30:45.765,0.79715,0.79735,1.00,6.40
2008.07.03 05:30:45.809,0.79715,0.79735,1.00,9.60
2008.07.03 05:30:45.904,0.79715,0.7973,1.00,6.90
2008.07.03 05:30:46.113,0.79715,0.79735,1.00,9.60
2008.07.03 05:30:46.166,0.79715,0.79735,1.00,10.50
2008.07.03 05:30:46.334,0.79715,0.7973,1.30,7.90
2008.07.03 05:30:47.416,0.79715,0.7973,1.00,7.90
2008.07.03 05:30:47.568,0.79715,0.7973,1.00,1.60
2008.07.03 05:30:47.741,0.7971,0.7973,1.30,1.60
2008.07.03 05:30:48.108,0.79715,0.7973,1.00,1.60
2008.07.03 05:30:48.613,0.7971,0.7973,1.30,1.60
2008.07.03 05:30:58.080,0.79715,0.7973,1.00,1.60
2008.07.03 05:30:58.300,0.7971,0.7973,1.30,1.60
2008.07.03 05:31:01.618,0.79715,0.7973,1.00,1.60
2008.07.03 05:31:01.747,0.7971,0.7973,1.30,1.60
2008.07.03 05:31:02.655,0.79715,0.7973,1.00,1.60
2008.07.03 05:31:02.776,0.79715,0.7973,3.40,1.60
2008.07.03 05:31:05.554,0.79715,0.7973,3.40,2.60
2008.07.03 05:31:05.789,0.7972,0.7973,2.80,2.60
2008.07.03 05:31:06.161,0.7971,0.7973,1.30,2.60
2008.07.03 05:31:11.018,0.7971,0.7973,1.30,3.30
2008.07.03 05:31:13.182,0.7971,0.7973,10.60,3.30
2008.07.03 05:31:18.381,0.79705,0.79725,10.60,1.00
2008.07.03 05:31:18.860,0.79705,0.7972,10.60,1.00
2008.07.03 05:31:18.892,0.79705,0.7972,7.80,1.00
2008.07.03 05:31:18.921,0.7971,0.7972,7.80,1.00
2008.07.03 05:31:18.992,0.7971,0.7972,7.30,1.00
2008.07.03 05:31:19.026,0.79705,0.7972,8.00,1.00
2008.07.03 05:31:19.121,0.79705,0.79725,8.00,4.40
2008.07.03 05:31:19.172,0.79705,0.7972,8.00,3.70
2008.07.03 05:31:19.355,0.79705,0.7972,11.40,1.00
2008.07.03 05:31:20.269,0.7971,0.7972,10.60,1.00
2008.07.03 05:31:25.783,0.7971,0.7972,1.30,1.00
2008.07.03 05:31:25.977,0.7971,0.7972,8.70,1.00
2008.07.03 05:31:26.043,0.7971,0.7972,3.40,1.00
2008.07.03 05:31:26.144,0.7971,0.79725,3.40,1.80
2008.07.03 05:31:26.229,0.79705,0.7972,5.70,1.50
2008.07.03 05:31:26.255,0.79705,0.7972,2.80,1.50
2008.07.03 05:31:26.472,0.797,0.7972,2.20,1.50
2008.07.03 05:31:32.721,0.797,0.79725,2.20,2.50
2008.07.03 05:31:33.700,0.797,0.79725,2.20,1.50
2008.07.03 05:31:36.564,0.797,0.79725,2.20,4.40
2008.07.03 05:31:36.786,0.797,0.7972,2.20,1.50
2008.07.03 05:31:39.156,0.797,0.79715,1.50,1.00
2008.07.03 05:31:40.399,0.797,0.7972,1.50,1.40
2008.07.03 05:31:40.805,0.797,0.7972,1.50,3.60
2008.07.03 05:31:41.142,0.797,0.7972,1.50,4.00
2008.07.03 05:31:41.256,0.797,0.7972,1.50,5.80
2008.07.03 05:31:41.367,0.797,0.7972,1.50,1.40
2008.07.03 05:31:42.214,0.797,0.7972,1.50,3.60
2008.07.03 05:31:42.275,0.797,0.7972,1.50,4.40
2008.07.03 05:31:43.917,0.797,0.7972,1.50,18.00
2008.07.03 05:31:45.205,0.797,0.7972,1.50,1.40
2008.07.03 05:31:48.713,0.797,0.7972,2.20,1.40
2008.07.03 05:31:48.926,0.797,0.7972,1.50,1.40
2008.07.03 05:32:00.016,0.797,0.79715,1.50,1.00
2008.07.03 05:32:03.157,0.797,0.79715,6.80,1.00
2008.07.03 05:32:03.472,0.797,0.79715,3.40,1.00
2008.07.03 05:32:03.624,0.79695,0.79715,3.40,1.00
2008.07.03 05:32:03.810,0.79695,0.79715,1.00,1.00
2008.07.03 05:32:04.030,0.7969,0.79715,2.20,1.40
2008.07.03 05:32:10.318,0.79695,0.79715,1.00,1.40
2008.07.03 05:32:12.415,0.79695,0.79715,1.30,1.40
2008.07.03 05:32:19.039,0.79695,0.79715,2.20,1.40
2008.07.03 05:32:19.366,0.79695,0.79715,5.10,1.40
2008.07.03 05:32:26.947,0.79695,0.79715,5.10,1.00
2008.07.03 05:33:14.808,0.79695,0.79715,9.90,1.00
2008.07.03 05:33:15.016,0.797,0.79715,3.40,1.00
2008.07.03 05:33:23.567,0.797,0.79715,1.30,1.00
2008.07.03 05:33:32.139,0.797,0.79715,6.80,1.00
2008.07.03 05:33:32.289,0.797,0.79715,6.30,1.20
2008.07.03 05:33:32.468,0.79695,0.79715,7.30,1.20
2008.07.03 05:33:32.522,0.79695,0.79715,7.30,6.00
2008.07.03 05:33:33.606,0.79695,0.79715,7.30,6.90
2008.07.03 05:33:34.238,0.79695,0.79715,7.30,6.40
2008.07.03 05:33:34.317,0.79695,0.79715,8.00,6.40
2008.07.03 05:33:37.733,0.79695,0.79715,8.00,7.40
2008.07.03 05:33:37.911,0.79695,0.79715,7.00,7.40
2008.07.03 05:33:38.128,0.79695,0.7971,7.00,1.00
2008.07.03 05:33:40.617,0.79695,0.7971,4.20,1.00
2008.07.03 05:33:40.840,0.79695,0.7971,3.40,1.00
2008.07.03 05:33:40.955,0.797,0.7971,2.80,2.40
2008.07.03 05:33:41.068,0.7969,0.7971,3.40,2.40
2008.07.03 05:33:41.619,0.7969,0.797,3.40,1.00
2008.07.03 05:33:41.677,0.7969,0.797,3.40,1.20
2008.07.03 05:33:42.008,0.79685,0.797,4.40,1.20
2008.07.03 05:33:43.794,0.79685,0.797,4.40,1.00
2008.07.03 05:33:43.836,0.79685,0.7971,5.10,2.40
2008.07.03 05:33:43.874,0.79685,0.7971,19.50,2.40
2008.07.03 05:33:43.970,0.7969,0.7971,3.40,1.60
2008.07.03 05:33:44.467,0.79685,0.7971,18.80,2.40
2008.07.03 05:33:44.510,0.79685,0.7971,3.40,1.40
2008.07.03 05:33:44.592,0.7969,0.7971,3.40,1.40
2008.07.03 05:33:44.956,0.7969,0.7971,1.00,1.40
2008.07.03 05:33:45.384,0.7969,0.7971,1.00,2.40
2008.07.03 05:33:47.244,0.7969,0.7971,1.00,1.40
2008.07.03 05:33:50.766,0.7969,0.797,1.00,1.00
2008.07.03 05:33:50.888,0.7969,0.79705,1.00,1.40
2008.07.03 05:33:51.087,0.7969,0.79705,1.00,5.70
2008.07.03 05:33:51.125,0.7968,0.79705,3.40,6.40
2008.07.03 05:33:51.601,0.7968,0.79705,3.40,7.40
2008.07.03 05:33:51.969,0.7968,0.79705,1.00,7.40
2008.07.03 05:33:52.410,0.7968,0.79705,3.40,7.40
2008.07.03 05:33:52.684,0.7968,0.79705,3.40,21.80
2008.07.03 05:33:56.392,0.7968,0.79705,4.40,21.80
2008.07.03 05:33:56.735,0.79685,0.797,1.00,1.00
2008.07.03 05:33:57.602,0.7968,0.797,5.10,5.50
2008.07.03 05:33:58.053,0.7968,0.797,2.20,5.50
2008.07.03 05:33:58.252,0.7968,0.797,2.20,19.90
2008.07.03 05:34:02.143,0.7968,0.797,5.10,5.50
2008.07.03 05:34:02.275,0.79685,0.797,1.00,5.50
2008.07.03 05:34:02.391,0.79685,0.797,1.00,1.00
2008.07.03 05:34:04.779,0.79685,0.79705,1.00,3.30
2008.07.03 05:34:04.811,0.79685,0.79705,1.00,2.60
2008.07.03 05:34:05.098,0.79685,0.79705,1.00,1.60
2008.07.03 05:34:05.269,0.79685,0.79705,1.00,1.00
2008.07.03 05:34:05.362,0.79685,0.7971,10.20,1.60
2008.07.03 05:34:05.410,0.79685,0.7971,10.20,7.40
2008.07.03 05:34:05.462,0.79685,0.7971,10.20,4.50
2008.07.03 05:34:05.550,0.7969,0.79715,1.00,3.30
2008.07.03 05:34:11.508,0.7969,0.79715,1.00,2.40
2008.07.03 05:34:16.697,0.7969,0.7971,1.00,2.80
2008.07.03 05:34:17.025,0.7968,0.79705,5.10,1.00
2008.07.03 05:34:18.405,0.7968,0.79705,2.20,1.00
2008.07.03 05:34:18.499,0.7968,0.79705,2.20,1.60
2008.07.03 05:34:18.673,0.7968,0.79705,2.20,16.00
2008.07.03 05:34:23.904,0.7968,0.797,2.20,15.10
2008.07.03 05:34:25.163,0.7968,0.797,2.20,1.00
2008.07.03 05:34:25.355,0.7968,0.79705,5.10,2.40
2008.07.03 05:34:25.457,0.7968,0.79705,5.10,1.40
2008.07.03 05:34:26.838,0.7968,0.79705,5.10,1.00
2008.07.03 05:34:27.082,0.7968,0.79705,2.20,1.00
2008.07.03 05:34:27.144,0.7968,0.79705,16.60,1.00
2008.07.03 05:34:27.281,0.79685,0.7971,1.00,1.40
2008.07.03 05:34:27.802,0.7969,0.7971,1.00,1.40
2008.07.03 05:34:31.249,0.7969,0.797,1.00,1.00
2008.07.03 05:34:31.377,0.7969,0.797,1.00,1.20
2008.07.03 05:34:31.460,0.7969,0.797,1.00,6.00
2008.07.03 05:34:31.520,0.7968,0.797,1.50,6.00
2008.07.03 05:34:32.211,0.7968,0.797,1.50,5.50
2008.07.03 05:34:32.264,0.7968,0.79705,1.50,6.40
2008.07.03 05:34:32.645,0.7968,0.79705,2.20,6.40
2008.07.03 05:34:33.463,0.7968,0.79705,2.20,20.80
2008.07.03 05:34:34.609,0.7968,0.79705,1.50,20.80
2008.07.03 05:34:34.742,0.7968,0.79705,2.20,20.80
2008.07.03 05:34:34.832,0.7968,0.797,2.20,19.90
2008.07.03 05:34:34.942,0.7968,0.797,2.20,15.10
2008.07.03 05:34:34.984,0.7968,0.797,1.50,15.10
2008.07.03 05:34:35.065,0.7968,0.797,2.20,15.10
2008.07.03 05:34:35.264,0.7968,0.797,1.50,15.10
2008.07.03 05:34:35.386,0.7968,0.797,2.20,15.10
2008.07.03 05:34:35.530,0.7968,0.797,5.10,15.10
2008.07.03 05:34:36.347,0.7968,0.797,2.20,15.10
2008.07.03 05:34:36.906,0.7968,0.797,1.50,15.10
2008.07.03 05:34:37.014,0.7968,0.797,1.50,19.90
2008.07.03 05:34:37.417,0.7968,0.797,2.20,19.90
2008.07.03 05:34:37.724,0.7968,0.797,1.50,19.90
2008.07.03 05:34:37.837,0.7968,0.797,1.50,20.80
2008.07.03 05:34:37.913,0.7968,0.79695,1.30,1.00
2008.07.03 05:34:38.444,0.7968,0.79695,3.40,1.00
2008.07.03 05:34:38.522,0.79675,0.79695,9.90,1.00
2008.07.03 05:34:38.619,0.79675,0.79695,8.00,1.00
2008.07.03 05:34:39.186,0.79675,0.79695,7.30,1.00
2008.07.03 05:34:39.533,0.79675,0.79695,5.10,1.00
2008.07.03 05:34:39.706,0.79675,0.79695,8.00,1.00
2008.07.03 05:34:40.013,0.79675,0.79695,7.30,1.00
2008.07.03 05:34:40.513,0.79675,0.79695,4.20,1.00
2008.07.03 05:34:40.673,0.79675,0.79695,4.20,1.60
2008.07.03 05:34:40.827,0.79675,0.79695,3.40,1.60
2008.07.03 05:34:41.094,0.79675,0.79695,1.00,1.60
2008.07.03 05:34:46.624,0.79675,0.7969,1.00,1.00
2008.07.03 05:34:46.692,0.7967,0.7969,3.40,1.00
2008.07.03 05:34:47.049,0.7967,0.7969,1.00,1.00
2008.07.03 05:34:51.080,0.7967,0.7969,3.40,1.60
2008.07.03 05:34:51.889,0.7967,0.7969,1.00,1.60
2008.07.03 05:34:52.410,0.7967,0.7969,3.40,1.60
2008.07.03 05:34:52.480,0.79665,0.7969,8.00,1.40
2008.07.03 05:34:52.775,0.7967,0.7969,3.40,19.90
2008.07.03 05:34:53.028,0.7967,0.7969,3.40,1.60
2008.07.03 05:34:54.011,0.7967,0.7969,3.40,19.90
2008.07.03 05:34:54.625,0.7967,0.7969,3.40,15.10
2008.07.03 05:35:00.363,0.7967,0.7969,3.40,1.00
2008.07.03 05:35:00.611,0.79675,0.7969,1.00,1.00
2008.07.03 05:35:04.655,0.7967,0.7969,5.10,1.00
2008.07.03 05:35:05.353,0.7967,0.7969,5.10,15.10
2008.07.03 05:35:10.936,0.7967,0.7969,1.30,1.60
2008.07.03 05:35:11.426,0.7967,0.7969,6.30,1.60
2008.07.03 05:35:11.576,0.7967,0.7969,3.40,1.60
2008.07.03 05:35:11.632,0.7967,0.7969,1.00,1.60
2008.07.03 05:35:22.014,0.7967,0.79685,1.00,1.00
2008.07.03 05:35:26.640,0.7967,0.79685,1.00,1.60
2008.07.03 05:35:32.724,0.79665,0.79685,1.00,1.60
2008.07.03 05:35:33.897,0.79665,0.79685,1.00,1.00
2008.07.03 05:35:33.996,0.7967,0.7969,1.00,1.60
2008.07.03 05:35:35.243,0.79665,0.7969,3.40,2.40
2008.07.03 05:35:35.560,0.79665,0.7969,1.00,2.40
2008.07.03 05:35:36.550,0.7966,0.79685,11.10,1.00
2008.07.03 05:35:36.634,0.7966,0.79685,1.50,1.00
2008.07.03 05:35:38.300,0.7966,0.79685,2.20,1.00
2008.07.03 05:35:38.359,0.7966,0.79685,5.10,1.00
2008.07.03 05:35:39.447,0.7966,0.79685,4.40,1.00
2008.07.03 05:35:39.501,0.7966,0.79685,15.90,1.00
2008.07.03 05:35:39.637,0.79665,0.7969,1.00,2.40
2008.07.03 05:35:40.040,0.79665,0.79685,1.00,1.00
2008.07.03 05:35:40.144,0.7966,0.79685,5.10,1.60
2008.07.03 05:35:40.619,0.7966,0.79685,4.40,1.60
2008.07.03 05:35:40.830,0.7966,0.79685,1.50,1.60
2008.07.03 05:35:41.037,0.7966,0.79685,2.20,1.60
2008.07.03 05:35:41.257,0.7966,0.7968,2.20,1.00
2008.07.03 05:35:42.096,0.7966,0.7968,1.30,1.00
2008.07.03 05:35:42.427,0.7966,0.7968,6.80,1.00
2008.07.03 05:35:42.623,0.79655,0.7968,7.00,1.00
2008.07.03 05:35:42.837,0.79655,0.7968,1.30,1.00
2008.07.03 05:35:42.948,0.79655,0.7968,1.00,1.60
2008.07.03 05:35:51.964,0.79655,0.7968,1.00,7.40
2008.07.03 05:35:51.986,0.79655,0.7967,1.00,1.00
2008.07.03 05:35:52.185,0.79655,0.7967,1.00,1.20
2008.07.03 05:35:52.245,0.7965,0.7967,1.50,1.20
2008.07.03 05:35:52.410,0.7965,0.79675,1.50,2.10
2008.07.03 05:35:52.438,0.7965,0.79675,1.50,1.60
2008.07.03 05:35:52.810,0.7965,0.79675,2.20,1.60
2008.07.03 05:35:53.125,0.7965,0.79675,7.00,1.00
2008.07.03 05:35:53.335,0.79655,0.7968,1.00,2.40
2008.07.03 05:35:53.550,0.79655,0.7968,1.00,1.60
2008.07.03 05:36:00.144,0.79655,0.79675,1.00,1.60
2008.07.03 05:36:02.541,0.79655,0.79675,1.00,2.40
2008.07.03 05:36:08.047,0.7965,0.7967,4.40,1.00
2008.07.03 05:36:08.088,0.7965,0.7967,4.40,1.20
2008.07.03 05:36:08.128,0.7965,0.7967,4.40,1.60
2008.07.03 05:36:08.160,0.7965,0.7967,1.50,1.60
2008.07.03 05:36:08.387,0.7965,0.7967,1.00,2.40
2008.07.03 05:36:08.413,0.79645,0.7967,7.50,2.40
2008.07.03 05:36:08.583,0.79645,0.79665,3.40,2.10
2008.07.03 05:36:08.750,0.7965,0.79665,2.80,2.80
2008.07.03 05:36:08.914,0.7964,0.79665,1.30,2.80
2008.07.03 05:36:09.092,0.7964,0.79665,1.30,2.10
2008.07.03 05:36:09.271,0.7964,0.79665,1.30,1.60
2008.07.03 05:36:09.450,0.7964,0.79665,1.30,1.00
2008.07.03 05:36:09.648,0.7964,0.79665,4.20,1.00
2008.07.03 05:36:09.820,0.79645,0.7967,1.00,3.60
2008.07.03 05:36:10.143,0.79645,0.7967,20.70,1.00
2008.07.03 05:36:10.310,0.7965,0.79675,9.20,2.40
2008.07.03 05:36:10.487,0.7965,0.79675,1.50,2.40
2008.07.03 05:36:10.664,0.7965,0.79675,4.40,2.40
2008.07.03 05:36:12.835,0.79655,0.79675,1.00,2.40
2008.07.03 05:36:15.081,0.79655,0.79675,1.30,1.60
2008.07.03 05:36:15.970,0.79655,0.79675,1.00,1.60
2008.07.03 05:36:16.185,0.7965,0.79675,2.20,2.40
2008.07.03 05:36:16.294,0.7965,0.7967,1.50,1.00
2008.07.03 05:36:19.449,0.79645,0.79665,7.30,1.00
2008.07.03 05:36:19.539,0.79645,0.79665,3.40,1.00
2008.07.03 05:36:19.862,0.79645,0.7966,3.40,1.00
2008.07.03 05:36:19.951,0.7965,0.79665,5.70,1.00
2008.07.03 05:36:20.044,0.7965,0.79665,2.80,1.00
2008.07.03 05:36:20.150,0.79645,0.79665,3.80,3.60
2008.07.03 05:36:20.340,0.79645,0.79665,3.80,1.00
2008.07.03 05:36:20.494,0.79645,0.7967,1.50,1.00
2008.07.03 05:36:20.790,0.79645,0.7967,4.40,1.00
2008.07.03 05:36:23.639,0.79645,0.7967,7.30,1.00
2008.07.03 05:36:23.778,0.7965,0.79675,3.40,1.40
2008.07.03 05:36:28.081,0.7965,0.79675,4.40,1.40
2008.07.03 05:36:29.147,0.7965,0.79675,4.40,2.40
2008.07.03 05:36:29.292,0.79655,0.79675,1.00,1.60
2008.07.03 05:36:30.209,0.79655,0.79675,1.00,1.00
2008.07.03 05:36:31.685,0.79655,0.7968,1.30,2.40
2008.07.03 05:36:32.162,0.79655,0.7968,6.10,2.40
2008.07.03 05:36:32.218,0.79655,0.7968,16.60,2.40
2008.07.03 05:36:32.360,0.7966,0.7968,5.40,1.60
2008.07.03 05:36:32.749,0.7966,0.7968,3.40,1.60
2008.07.03 05:36:40.113,0.79655,0.7968,8.00,2.40
2008.07.03 05:36:42.533,0.79655,0.7968,5.10,2.40
2008.07.03 05:36:51.795,0.79655,0.79675,5.10,1.00
2008.07.03 05:36:53.548,0.79655,0.79675,8.00,1.00
2008.07.03 05:36:53.714,0.79655,0.7968,8.00,2.40
2008.07.03 05:36:55.007,0.79655,0.7968,8.00,1.40
2008.07.03 05:36:59.314,0.79655,0.7968,9.90,1.40
2008.07.03 05:36:59.534,0.7966,0.7968,3.40,15.10
2008.07.03 05:37:03.517,0.7966,0.7968,4.40,15.10
2008.07.03 05:37:03.554,0.7966,0.7968,1.50,15.10
2008.07.03 05:37:04.208,0.7966,0.7968,2.20,15.10
2008.07.03 05:37:24.494,0.7966,0.7968,2.20,1.00
2008.07.03 05:37:24.597,0.7966,0.79685,2.20,2.40
2008.07.03 05:37:25.164,0.7966,0.79685,2.20,1.40
2008.07.03 05:37:25.197,0.79665,0.79685,1.00,1.00
2008.07.03 05:37:29.606,0.79665,0.7969,4.20,2.40
2008.07.03 05:37:29.761,0.79665,0.7969,4.20,1.40
2008.07.03 05:37:31.675,0.79665,0.7969,5.10,1.40
2008.07.03 05:37:32.335,0.79665,0.7969,2.20,1.40
2008.07.03 05:37:34.801,0.79665,0.7969,2.20,2.40
2008.07.03 05:37:38.578,0.79665,0.7969,2.20,1.40
2008.07.03 05:37:39.143,0.79665,0.7969,5.10,1.40
2008.07.03 05:37:42.713,0.7967,0.7969,1.00,1.40
2008.07.03 05:37:48.089,0.79665,0.7969,2.20,1.40
2008.07.03 05:38:09.508,0.79665,0.7969,1.50,1.40
2008.07.03 05:38:12.120,0.79665,0.7969,1.50,21.30
2008.07.03 05:38:12.343,0.79665,0.7969,1.50,22.30
2008.07.03 05:38:26.848,0.79665,0.7969,1.50,1.60
2008.07.03 05:38:35.255,0.79665,0.7969,6.30,1.60
2008.07.03 05:38:43.120,0.79665,0.7969,7.00,1.60
2008.07.03 05:38:47.728,0.79665,0.7969,7.00,22.30
2008.07.03 05:38:55.643,0.79665,0.7969,9.90,22.30
2008.07.03 05:38:56.031,0.79665,0.7969,9.20,22.30
2008.07.03 05:38:56.224,0.79665,0.7969,4.40,22.30
2008.07.03 05:38:56.273,0.7967,0.79695,1.00,24.00
2008.07.03 05:38:56.335,0.7967,0.79695,1.00,24.90
2008.07.03 05:38:56.579,0.79665,0.7969,4.40,22.30
2008.07.03 05:38:59.583,0.79665,0.7969,1.50,22.30
2008.07.03 05:39:16.134,0.79665,0.7969,4.40,22.30
2008.07.03 05:39:16.283,0.79665,0.7969,9.20,22.30
2008.07.03 05:39:16.665,0.79665,0.7969,6.30,22.30
2008.07.03 05:39:17.294,0.79665,0.7969,9.20,22.30
2008.07.03 05:39:20.514,0.79665,0.7969,6.30,22.30
2008.07.03 05:39:27.073,0.79665,0.7969,9.20,22.30
2008.07.03 05:39:30.411,0.7967,0.79695,5.40,24.00
2008.07.03 05:39:30.497,0.7967,0.79695,5.40,23.00
2008.07.03 05:39:32.033,0.7967,0.79695,5.40,8.60
2008.07.03 05:39:32.960,0.7967,0.79695,19.80,8.60
2008.07.03 05:39:39.151,0.7967,0.79695,2.10,8.60
2008.07.03 05:39:39.595,0.7967,0.79695,2.10,7.60
2008.07.03 05:39:39.671,0.7967,0.79695,3.10,7.60
2008.07.03 05:39:50.310,0.79675,0.79695,1.00,7.60
2008.07.03 05:39:50.869,0.79675,0.79695,1.00,7.20
2008.07.03 05:39:56.469,0.79675,0.79695,1.00,6.40
2008.07.03 05:39:56.663,0.79675,0.79695,1.00,3.60
2008.07.03 05:39:56.944,0.79675,0.79695,2.50,3.60
2008.07.03 05:39:57.094,0.79675,0.797,7.90,5.20
2008.07.03 05:39:57.319,0.79675,0.797,7.90,2.40
2008.07.03 05:39:58.936,0.79675,0.797,7.90,1.60
2008.07.03 05:39:59.239,0.79675,0.797,7.90,23.50
2008.07.03 05:39:59.392,0.79675,0.797,15.10,20.50
2008.07.03 05:39:59.607,0.7968,0.797,1.00,20.50
2008.07.03 05:40:02.537,0.7968,0.797,1.00,6.10
2008.07.03 05:40:02.755,0.7968,0.797,1.50,6.10
2008.07.03 05:40:03.046,0.7968,0.797,3.10,6.10
2008.07.03 05:40:05.084,0.7968,0.797,2.50,6.10
2008.07.03 05:40:05.119,0.7968,0.797,1.00,6.10
2008.07.03 05:40:05.361,0.7968,0.797,1.00,9.00
2008.07.03 05:40:05.983,0.7968,0.797,1.00,20.50
2008.07.03 05:40:06.271,0.7968,0.797,1.00,20.40
2008.07.03 05:40:12.409,0.7968,0.797,1.00,23.20
2008.07.03 05:40:13.653,0.79675,0.797,16.80,23.20
2008.07.03 05:40:13.936,0.79675,0.797,13.40,23.20
2008.07.03 05:40:14.056,0.79675,0.797,8.60,23.20
2008.07.03 05:40:14.471,0.79675,0.797,6.70,1.60
2008.07.03 05:40:14.744,0.79675,0.797,11.50,23.20
2008.07.03 05:40:15.006,0.7968,0.797,1.50,8.80
2008.07.03 05:40:15.264,0.7968,0.797,3.10,8.80
2008.07.03 05:40:15.831,0.7968,0.797,3.10,8.70
2008.07.03 05:40:23.690,0.7968,0.79705,3.10,8.10
2008.07.03 05:40:25.749,0.7968,0.79705,3.10,8.00
2008.07.03 05:40:27.509,0.7968,0.79705,3.10,5.10
2008.07.03 05:40:34.306,0.7968,0.79705,1.50,5.10
2008.07.03 05:40:35.025,0.7968,0.79705,1.50,19.50
2008.07.03 05:40:38.624,0.7968,0.797,1.50,18.70
2008.07.03 05:40:41.247,0.7968,0.79705,1.50,19.50
2008.07.03 05:40:41.578,0.7968,0.797,1.50,18.70
2008.07.03 05:40:43.365,0.7968,0.797,1.50,19.60
2008.07.03 05:40:43.446,0.7968,0.797,6.80,19.60
2008.07.03 05:40:43.524,0.7968,0.797,3.40,22.50
2008.07.03 05:40:43.698,0.79675,0.797,7.90,22.50
2008.07.03 05:40:43.776,0.79675,0.797,5.00,22.50
2008.07.03 05:40:45.923,0.79675,0.797,5.50,22.50
2008.07.03 05:40:46.100,0.79675,0.797,6.20,22.50
2008.07.03 05:40:47.615,0.79675,0.797,3.30,22.50
2008.07.03 05:40:47.795,0.79675,0.797,2.80,22.50
2008.07.03 05:40:47.839,0.79675,0.797,2.10,22.50
2008.07.03 05:40:49.969,0.79675,0.797,2.60,7.20
2008.07.03 05:40:50.161,0.79675,0.797,3.30,7.20
2008.07.03 05:40:50.223,0.7968,0.797,5.80,7.20
2008.07.03 05:40:50.434,0.7968,0.797,5.40,7.20
2008.07.03 05:40:50.502,0.7968,0.797,2.10,7.20
2008.07.03 05:40:51.253,0.7968,0.797,3.10,7.20
2008.07.03 05:40:51.635,0.7968,0.797,3.10,4.30
2008.07.03 05:40:52.806,0.7968,0.797,3.10,4.00
2008.07.03 05:40:52.975,0.7968,0.797,3.10,7.90
2008.07.03 05:40:53.398,0.7968,0.797,2.10,7.90
2008.07.03 05:40:53.494,0.7968,0.797,11.60,7.90
2008.07.03 05:40:53.588,0.79675,0.797,12.90,7.90
2008.07.03 05:40:54.072,0.79675,0.797,8.80,7.90
2008.07.03 05:40:54.255,0.79675,0.797,6.00,7.90
2008.07.03 05:40:54.394,0.79675,0.797,3.10,7.90
2008.07.03 05:40:55.100,0.79675,0.797,3.10,22.30
2008.07.03 05:40:56.195,0.79675,0.797,6.00,22.30
2008.07.03 05:40:56.329,0.7968,0.797,1.00,22.30
2008.07.03 05:40:56.563,0.7968,0.79705,1.00,23.00
2008.07.03 05:41:01.447,0.7968,0.79705,1.50,20.10
2008.07.03 05:41:01.574,0.79685,0.79705,1.00,5.20
2008.07.03 05:41:01.645,0.79685,0.79705,1.00,3.60
2008.07.03 05:41:02.472,0.79685,0.79705,1.00,4.00
2008.07.03 05:41:02.771,0.79685,0.79705,1.90,3.60
2008.07.03 05:41:02.933,0.7969,0.79705,1.00,3.60
2008.07.03 05:41:03.092,0.7969,0.79705,1.00,4.00
2008.07.03 05:41:03.452,0.7969,0.79705,1.00,1.20
2008.07.03 05:41:05.750,0.7969,0.79705,5.70,1.20
2008.07.03 05:41:06.030,0.7969,0.79705,2.80,1.20
2008.07.03 05:41:06.224,0.7969,0.79705,2.80,1.90
2008.07.03 05:41:06.319,0.7968,0.79705,3.10,4.80
2008.07.03 05:41:06.640,0.7968,0.79705,3.10,4.00
2008.07.03 05:41:07.102,0.7968,0.79705,3.10,4.80
2008.07.03 05:41:08.197,0.7968,0.79705,3.10,4.00
2008.07.03 05:41:08.367,0.7968,0.79705,3.10,4.80
2008.07.03 05:41:08.577,0.7968,0.79705,3.10,4.00
2008.07.03 05:41:09.875,0.7968,0.79705,3.10,4.80
2008.07.03 05:41:09.982,0.7968,0.79705,3.10,4.00
2008.07.03 05:41:10.204,0.7968,0.79705,3.10,4.80
2008.07.03 05:41:10.414,0.7968,0.79705,3.10,4.00
2008.07.03 05:41:12.896,0.7968,0.79705,3.10,4.80
2008.07.03 05:41:13.075,0.7968,0.79705,3.10,4.00
2008.07.03 05:41:13.231,0.7968,0.79705,3.10,4.80
2008.07.03 05:41:20.781,0.7968,0.79705,3.10,5.70
2008.07.03 05:41:23.534,0.79685,0.79705,1.50,5.00
2008.07.03 05:41:23.675,0.79685,0.79705,4.40,4.50
2008.07.03 05:41:23.817,0.7969,0.797,1.00,1.00
2008.07.03 05:41:24.145,0.7969,0.7971,1.00,1.60
2008.07.03 05:41:26.125,0.7969,0.7971,1.00,1.60
2008.07.03 05:41:26.214,0.7969,0.7971,8.20,1.60
2008.07.03 05:41:26.249,0.7969,0.7971,1.30,1.60
2008.07.03 05:41:26.304,0.79695,0.79715,1.00,5.50
2008.07.03 05:41:26.406,0.79695,0.79715,1.00,2.60
2008.07.03 05:41:26.733,0.7969,0.7971,3.40,1.60
2008.07.03 05:41:26.884,0.7969,0.7971,1.00,1.60
2008.07.03 05:41:27.324,0.7969,0.7971,1.00,5.50
2008.07.03 05:41:27.471,0.79685,0.79705,5.00,1.00
2008.07.03 05:41:27.554,0.79685,0.79705,2.10,1.00
2008.07.03 05:41:27.943,0.79685,0.7971,2.10,5.50
2008.07.03 05:41:29.071,0.79685,0.7971,2.10,19.90
2008.07.03 05:41:29.704,0.7969,0.7971,1.00,5.50
2008.07.03 05:41:29.968,0.7969,0.7971,1.00,1.00
2008.07.03 05:41:29.987,0.7969,0.79715,1.30,2.40
2008.07.03 05:41:30.054,0.7969,0.79715,1.00,2.40
2008.07.03 05:41:30.243,0.7969,0.79715,2.10,2.40
2008.07.03 05:41:31.093,0.7969,0.79715,2.80,2.40
2008.07.03 05:41:31.222,0.7969,0.79715,3.80,2.40
2008.07.03 05:41:31.730,0.79695,0.79715,1.00,2.40
2008.07.03 05:41:32.393,0.79695,0.79715,3.80,2.40
2008.07.03 05:41:32.906,0.79695,0.79715,3.80,3.30
2008.07.03 05:41:37.981,0.79695,0.79715,4.40,3.30
2008.07.03 05:41:40.051,0.79695,0.79715,4.40,2.60
2008.07.03 05:41:46.637,0.79695,0.79715,4.40,1.60
2008.07.03 05:41:47.890,0.79695,0.79715,4.40,1.00
2008.07.03 05:41:48.498,0.79695,0.79715,1.50,1.00
2008.07.03 05:41:58.123,0.79695,0.79715,3.10,1.00
2008.07.03 05:41:58.438,0.79695,0.79715,3.10,1.60
2008.07.03 05:41:58.787,0.79695,0.79715,1.50,1.60
2008.07.03 05:41:58.836,0.79695,0.79715,1.00,1.60
2008.07.03 05:41:58.976,0.7969,0.79715,6.70,1.60
2008.07.03 05:41:59.180,0.7969,0.79715,6.00,1.60
2008.07.03 05:41:59.408,0.7969,0.79715,3.10,6.40
2008.07.03 05:41:59.630,0.7969,0.7971,3.10,1.40
2008.07.03 05:41:59.847,0.7969,0.7971,3.10,6.40
2008.07.03 05:42:00.179,0.7969,0.7971,1.50,9.30
2008.07.03 05:42:00.287,0.7969,0.7971,1.50,6.40
2008.07.03 05:42:01.308,0.7969,0.7971,1.50,20.80
2008.07.03 05:42:08.476,0.7969,0.7971,1.50,21.80
2008.07.03 05:42:08.555,0.7969,0.7971,6.80,21.80
2008.07.03 05:42:08.823,0.79685,0.79705,5.70,1.00
2008.07.03 05:42:08.944,0.7968,0.79705,6.70,1.00
2008.07.03 05:42:10.656,0.79685,0.79705,1.50,1.00
2008.07.03 05:42:10.731,0.79685,0.7971,2.10,1.60
2008.07.03 05:42:11.092,0.79685,0.7971,2.10,4.50
2008.07.03 05:42:11.191,0.79685,0.79705,1.50,1.00
2008.07.03 05:42:11.385,0.7968,0.79705,6.70,1.00
2008.07.03 05:42:11.914,0.79685,0.79705,1.50,1.00
2008.07.03 05:42:12.202,0.79685,0.7971,2.10,1.60
2008.07.03 05:42:13.372,0.79685,0.7971,2.10,4.50
2008.07.03 05:42:13.461,0.79685,0.79705,1.50,1.00
2008.07.03 05:42:14.001,0.7968,0.79705,6.70,1.00
2008.07.03 05:42:37.131,0.79685,0.79705,1.00,1.00
2008.07.03 05:42:37.237,0.7969,0.79705,3.30,1.00
2008.07.03 05:42:37.303,0.79685,0.7971,4.60,5.20
2008.07.03 05:42:37.366,0.79685,0.7971,4.60,2.40
2008.07.03 05:42:37.443,0.79685,0.7971,7.50,2.40
2008.07.03 05:42:38.224,0.79685,0.7971,9.10,2.40
2008.07.03 05:43:01.028,0.79685,0.79705,9.10,1.00
2008.07.03 05:43:14.842,0.79685,0.79705,9.10,1.60
2008.07.03 05:43:15.048,0.79685,0.79705,8.50,1.60
2008.07.03 05:43:15.328,0.7969,0.79705,6.20,1.60
2008.07.03 05:43:16.018,0.7969,0.79705,3.30,1.60
2008.07.03 05:43:16.259,0.7969,0.79705,2.80,2.10
2008.07.03 05:43:16.385,0.7969,0.797,2.80,1.00
2008.07.03 05:43:16.700,0.7969,0.797,6.20,1.00
2008.07.03 05:43:16.862,0.7969,0.797,6.20,1.00
2008.07.03 05:43:16.930,0.7969,0.797,5.70,1.00
2008.07.03 05:43:25.726,0.7969,0.79695,5.70,1.00
2008.07.03 05:43:25.755,0.7969,0.79695,2.80,1.00
2008.07.03 05:43:25.882,0.7969,0.79695,2.80,1.60
2008.07.03 05:43:26.176,0.79675,0.79695,4.40,1.60
2008.07.03 05:43:26.286,0.7968,0.79695,2.80,1.60
2008.07.03 05:43:26.393,0.7968,0.79695,2.80,1.00
2008.07.03 05:43:26.674,0.7967,0.79695,7.30,1.00
2008.07.03 05:43:26.754,0.7967,0.79695,3.40,1.00
2008.07.03 05:43:26.866,0.7967,0.79695,3.40,3.60
2008.07.03 05:43:27.184,0.79665,0.7969,8.80,1.00
2008.07.03 05:43:35.767,0.7967,0.79695,3.40,1.00
2008.07.03 05:43:38.902,0.7967,0.79695,6.30,1.00
2008.07.03 05:43:39.031,0.79675,0.797,1.00,1.60
2008.07.03 05:43:40.975,0.79675,0.797,1.00,19.90
2008.07.03 05:43:52.317,0.79675,0.797,2.00,19.90
2008.07.03 05:43:52.929,0.79675,0.797,3.60,19.90
2008.07.03 05:43:53.088,0.79675,0.797,6.40,19.90
2008.07.03 05:43:55.335,0.79675,0.797,6.00,19.90
2008.07.03 05:43:55.548,0.79675,0.797,6.00,20.80
2008.07.03 05:43:55.609,0.79675,0.797,6.00,1.60
2008.07.03 05:43:55.723,0.79675,0.797,6.00,2.60
2008.07.03 05:43:55.959,0.79675,0.797,4.40,2.60
2008.07.03 05:43:56.067,0.79675,0.79695,3.80,1.00
2008.07.03 05:43:56.121,0.79675,0.79695,1.00,1.00
2008.07.03 05:43:56.528,0.79675,0.79695,3.80,1.00
2008.07.03 05:44:04.135,0.79675,0.79695,3.80,1.40
2008.07.03 05:44:04.358,0.7968,0.79695,2.80,1.40
2008.07.03 05:44:04.417,0.7968,0.79695,2.80,1.90
2008.07.03 05:44:04.996,0.7967,0.7969,1.00,5.50
2008.07.03 05:44:05.655,0.7967,0.7969,1.00,19.90
2008.07.03 05:44:06.685,0.7967,0.79695,1.50,20.60
2008.07.03 05:44:07.268,0.7967,0.79695,3.10,21.60
2008.07.03 05:44:07.342,0.7967,0.79695,3.10,6.40
2008.07.03 05:44:07.420,0.7967,0.79695,6.00,6.40
2008.07.03 05:44:07.555,0.7967,0.79695,6.00,5.50
2008.07.03 05:44:07.636,0.7967,0.79695,6.00,1.00
2008.07.03 05:44:07.985,0.7967,0.79695,6.70,1.00
2008.07.03 05:44:08.129,0.79675,0.797,1.00,4.50
2008.07.03 05:44:08.216,0.79675,0.797,2.10,21.30
2008.07.03 05:44:08.477,0.79675,0.797,2.10,18.00
2008.07.03 05:44:08.733,0.79675,0.797,2.10,15.10
2008.07.03 05:44:19.711,0.79675,0.797,1.00,15.10
2008.07.03 05:44:22.848,0.79675,0.797,1.50,15.10
2008.07.03 05:44:24.449,0.79675,0.797,3.10,15.10
2008.07.03 05:44:25.867,0.79675,0.797,3.10,19.90
2008.07.03 05:44:25.935,0.79675,0.797,3.10,1.60
2008.07.03 05:44:26.012,0.79675,0.797,1.50,1.60
2008.07.03 05:44:26.194,0.79675,0.797,4.40,1.60
2008.07.03 05:44:27.680,0.79675,0.797,3.40,1.60
2008.07.03 05:44:27.910,0.79675,0.797,3.40,4.50
2008.07.03 05:44:28.003,0.7968,0.79695,2.80,1.00
2008.07.03 05:44:28.196,0.7967,0.79695,5.00,1.00
2008.07.03 05:44:28.513,0.7967,0.79695,2.10,1.00
2008.07.03 05:44:28.824,0.7967,0.79695,2.10,1.60
2008.07.03 05:44:28.979,0.7967,0.79695,1.50,1.60
2008.07.03 05:44:29.340,0.7967,0.79695,1.50,4.50
2008.07.03 05:44:29.503,0.7967,0.7969,1.00,1.00
2008.07.03 05:44:30.070,0.7967,0.7969,1.00,15.10
2008.07.03 05:44:30.780,0.7967,0.7969,1.00,1.00
2008.07.03 05:44:31.023,0.7967,0.79695,1.50,1.60
2008.07.03 05:44:35.375,0.7967,0.79695,1.50,4.50
2008.07.03 05:44:35.496,0.7967,0.7969,1.00,1.00
2008.07.03 05:44:36.154,0.7967,0.7969,1.00,15.10
2008.07.03 05:44:40.347,0.79665,0.7969,2.10,15.10
2008.07.03 05:44:40.415,0.79665,0.7969,2.10,1.60
2008.07.03 05:44:40.669,0.79665,0.7969,3.10,1.60
2008.07.03 05:44:40.908,0.79665,0.7969,2.10,1.60
2008.07.03 05:44:41.652,0.79665,0.7969,2.10,4.50
2008.07.03 05:44:41.890,0.7966,0.79685,1.00,1.00
2008.07.03 05:44:42.421,0.7966,0.79685,3.40,1.00
2008.07.03 05:44:43.291,0.7966,0.79685,2.10,1.00
2008.07.03 05:44:43.515,0.7966,0.79685,3.40,1.00
2008.07.03 05:44:44.177,0.79655,0.7968,8.80,1.00
2008.07.03 05:44:44.511,0.7966,0.79685,3.40,3.60
2008.07.03 05:44:44.887,0.7966,0.79685,3.40,1.00
2008.07.03 05:44:45.069,0.7966,0.79685,3.10,1.00
2008.07.03 05:44:45.448,0.7966,0.79685,2.10,1.00
2008.07.03 05:44:47.034,0.7966,0.79685,6.40,1.00
2008.07.03 05:44:47.351,0.79665,0.7969,1.00,4.50
2008.07.03 05:44:47.446,0.79665,0.7969,1.00,1.60
2008.07.03 05:44:47.558,0.79665,0.7969,1.00,1.60
2008.07.03 05:44:47.840,0.79665,0.7969,1.00,15.60
2008.07.03 05:44:48.119,0.79665,0.7969,2.60,15.60
2008.07.03 05:44:49.809,0.79665,0.7969,5.50,15.60
2008.07.03 05:44:50.124,0.79665,0.7969,5.50,15.10
2008.07.03 05:44:50.508,0.79665,0.7969,5.50,1.00
2008.07.03 05:44:50.605,0.79665,0.7969,7.40,1.00
2008.07.03 05:44:50.766,0.7967,0.79695,1.00,1.00
2008.07.03 05:44:54.138,0.7967,0.79695,1.00,1.60
2008.07.03 05:44:58.175,0.7967,0.79695,1.00,1.00
2008.07.03 05:44:58.208,0.7967,0.79695,1.00,1.60
2008.07.03 05:44:58.237,0.7967,0.79695,1.00,2.10
2008.07.03 05:44:58.374,0.7967,0.79695,1.00,2.80
2008.07.03 05:44:58.603,0.79665,0.7969,7.40,1.20
2008.07.03 05:44:58.821,0.79665,0.7969,2.60,1.20
2008.07.03 05:44:59.168,0.79665,0.7969,2.60,15.60
2008.07.03 05:45:01.562,0.79665,0.7969,2.60,15.10
2008.07.03 05:45:02.071,0.79665,0.7969,4.00,15.10
2008.07.03 05:45:02.179,0.79665,0.7969,8.80,1.00
2008.07.03 05:45:02.266,0.79665,0.7969,7.40,1.00
2008.07.03 05:45:02.353,0.7967,0.79695,1.00,1.60
2008.07.03 05:45:04.495,0.7967,0.79695,1.00,2.80
2008.07.03 05:45:04.605,0.7967,0.79695,1.00,5.70
2008.07.03 05:45:04.676,0.7967,0.79695,1.00,5.20
2008.07.03 05:45:04.894,0.79665,0.7969,2.60,1.00
2008.07.03 05:45:05.212,0.7967,0.79695,1.00,1.60
2008.07.03 05:45:06.177,0.79675,0.79695,2.00,1.00
2008.07.03 05:45:06.360,0.79675,0.797,2.60,5.50
2008.07.03 05:45:06.796,0.79675,0.797,2.60,16.50
2008.07.03 05:45:06.970,0.7968,0.797,1.00,15.60
2008.07.03 05:45:07.689,0.7968,0.797,1.00,15.10
2008.07.03 05:45:08.091,0.7968,0.797,1.30,1.00
2008.07.03 05:45:08.235,0.7968,0.797,3.40,1.00
2008.07.03 05:45:08.443,0.7968,0.797,5.70,1.00
2008.07.03 05:45:08.701,0.79685,0.79705,1.00,1.00
2008.07.03 05:45:12.900,0.7968,0.79705,2.80,1.00
2008.07.03 05:45:13.161,0.7968,0.79705,1.00,1.60
2008.07.03 05:45:13.311,0.7968,0.79705,1.00,2.80
2008.07.03 05:45:13.600,0.7968,0.797,1.00,1.20
2008.07.03 05:45:13.701,0.7968,0.797,1.00,1.00
2008.07.03 05:45:13.941,0.7968,0.797,1.00,1.00
2008.07.03 05:45:14.219,0.79675,0.797,3.40,1.00
2008.07.03 05:45:15.251,0.79675,0.797,1.00,1.00
2008.07.03 05:45:15.333,0.79675,0.797,1.00,5.50
2008.07.03 05:45:15.412,0.7967,0.79695,1.00,1.00
2008.07.03 05:45:15.949,0.7967,0.79695,3.40,1.00
2008.07.03 05:45:20.094,0.7967,0.79695,1.00,1.00
2008.07.03 05:45:20.254,0.7967,0.79695,5.80,1.00
2008.07.03 05:45:20.410,0.7967,0.79695,11.50,1.00
2008.07.03 05:45:20.545,0.79675,0.797,1.00,1.20
2008.07.03 05:45:25.756,0.79675,0.797,1.00,2.10
2008.07.03 05:45:25.877,0.79675,0.797,1.00,1.60
2008.07.03 05:45:26.197,0.79675,0.797,1.00,2.10
2008.07.03 05:45:27.883,0.79675,0.797,1.00,1.60
2008.07.03 05:45:28.215,0.79675,0.797,1.00,2.10
2008.07.03 05:45:28.891,0.79675,0.797,1.00,1.60
2008.07.03 05:45:29.027,0.7968,0.79705,1.00,4.50
2008.07.03 05:45:29.167,0.7968,0.79705,1.00,1.60
2008.07.03 05:45:31.615,0.7968,0.797,1.00,1.60
2008.07.03 05:45:32.693,0.7968,0.79705,1.00,1.60
2008.07.03 05:45:33.030,0.7968,0.797,1.00,1.60
2008.07.03 05:45:34.454,0.79675,0.797,3.40,1.60
2008.07.03 05:45:34.784,0.79675,0.797,3.40,2.10
2008.07.03 05:45:34.903,0.79675,0.797,1.00,2.10
2008.07.03 05:45:35.213,0.79675,0.797,1.00,1.60
2008.07.03 05:45:35.334,0.79675,0.797,3.40,1.60
2008.07.03 05:45:35.614,0.79675,0.797,3.40,2.10
2008.07.03 05:45:35.877,0.79675,0.797,3.40,1.60
2008.07.03 05:45:36.010,0.7968,0.797,1.00,1.60
2008.07.03 05:45:36.935,0.79675,0.797,1.00,1.60
2008.07.03 05:45:37.689,0.79675,0.797,1.00,2.10
2008.07.03 05:45:40.507,0.79675,0.797,1.00,3.20
2008.07.03 05:45:42.584,0.79675,0.797,1.00,3.20
2008.07.03 05:45:42.675,0.79675,0.797,1.00,2.10
2008.07.03 05:45:42.785,0.7968,0.79705,1.00,6.00
2008.07.03 05:45:42.883,0.7968,0.79705,1.00,5.50
2008.07.03 05:45:43.016,0.7968,0.79705,1.00,2.60
2008.07.03 05:45:44.608,0.7968,0.79705,1.00,2.40
2008.07.03 05:45:45.800,0.7968,0.79705,1.00,2.40
2008.07.03 05:45:45.985,0.79675,0.797,15.00,1.40
2008.07.03 05:45:46.172,0.79675,0.797,15.00,2.40
2008.07.03 05:45:46.225,0.79675,0.797,3.40,2.80
2008.07.03 05:45:46.354,0.79675,0.797,3.40,1.60
2008.07.03 05:45:46.697,0.79675,0.797,1.00,1.60
2008.07.03 05:45:46.954,0.79675,0.797,1.00,2.80
2008.07.03 05:45:56.934,0.79675,0.797,1.00,2.40
2008.07.03 05:45:57.178,0.79675,0.797,1.00,2.80
2008.07.03 05:45:58.567,0.79675,0.797,1.00,2.40
2008.07.03 05:45:58.697,0.79675,0.797,1.00,2.80
2008.07.03 05:46:05.727,0.7967,0.79695,6.90,1.00
2008.07.03 05:46:05.768,0.7967,0.79695,5.40,1.00
2008.07.03 05:46:05.810,0.7967,0.79695,3.40,1.00
2008.07.03 05:46:06.445,0.7967,0.79695,1.00,1.00
2008.07.03 05:46:21.069,0.79685,0.79695,1.00,1.00
2008.07.03 05:46:33.604,0.7969,0.79695,1.00,1.00
2008.07.03 05:46:34.764,0.7967,0.79695,1.00,1.00
2008.07.03 05:46:47.079,0.79665,0.7969,3.40,1.00
2008.07.03 05:46:51.959,0.79665,0.7969,1.00,2.10
2008.07.03 05:46:54.081,0.7966,0.79685,5.40,1.00
2008.07.03 05:46:54.104,0.7966,0.79685,3.40,1.00
2008.07.03 05:46:54.835,0.7966,0.79685,5.40,1.00
2008.07.03 05:46:55.016,0.79665,0.7969,1.00,2.10
2008.07.03 05:47:02.619,0.79665,0.7969,1.00,1.60
2008.07.03 05:47:03.255,0.7967,0.79695,1.00,1.00
2008.07.03 05:47:24.483,0.7967,0.79695,3.40,1.00
2008.07.03 05:47:24.623,0.79675,0.797,1.00,1.90
2008.07.03 05:47:27.349,0.79675,0.797,1.00,2.80
2008.07.03 05:47:27.504,0.79675,0.797,1.00,1.60
2008.07.03 05:47:27.649,0.7967,0.79695,1.00,1.00
2008.07.03 05:47:32.877,0.7967,0.79695,3.40,1.00
2008.07.03 05:47:33.055,0.79675,0.797,1.00,2.80
2008.07.03 05:47:33.554,0.79675,0.797,1.00,1.60
2008.07.03 05:47:33.614,0.79675,0.797,1.00,4.50
2008.07.03 05:47:33.674,0.7967,0.79695,1.00,1.00
2008.07.03 05:47:34.345,0.7967,0.79695,3.40,1.00
2008.07.03 05:47:34.471,0.79675,0.797,1.00,1.60
2008.07.03 05:47:34.534,0.79675,0.797,1.00,2.80
2008.07.03 05:47:39.872,0.79675,0.797,1.00,3.60
2008.07.03 05:47:39.907,0.79675,0.797,1.00,4.50
2008.07.03 05:47:40.172,0.7967,0.79695,3.40,1.00
2008.07.03 05:47:40.201,0.7967,0.79695,1.00,1.00
2008.07.03 05:47:43.654,0.7967,0.79695,1.00,1.00
2008.07.03 05:47:51.859,0.79665,0.797,5.80,10.50
2008.07.03 05:47:52.386,0.7967,0.797,1.00,1.00
2008.07.03 05:47:54.534,0.7967,0.79695,1.00,1.00
2008.07.03 05:47:57.482,0.79665,0.797,5.80,10.50
2008.07.03 05:47:57.764,0.7967,0.797,1.00,1.00
2008.07.03 05:47:59.709,0.7967,0.79695,1.00,1.00
2008.07.03 05:48:02.429,0.7967,0.79695,3.90,1.00
2008.07.03 05:48:02.706,0.79675,0.797,1.00,10.30
2008.07.03 05:48:02.742,0.79675,0.797,1.00,2.80
2008.07.03 05:48:09.006,0.79675,0.797,1.00,2.40
2008.07.03 05:48:09.228,0.79675,0.797,3.40,2.40
2008.07.03 05:48:09.441,0.79675,0.797,3.40,1.40
2008.07.03 05:48:09.893,0.7968,0.79705,1.00,1.40
2008.07.03 05:48:12.044,0.7968,0.797,1.00,1.40
2008.07.03 05:48:13.802,0.7968,0.79705,1.00,1.40
2008.07.03 05:48:16.233,0.7968,0.79705,1.00,4.30
2008.07.03 05:48:16.327,0.79675,0.797,3.40,1.40
2008.07.03 05:48:16.656,0.79675,0.797,1.00,1.40
2008.07.03 05:48:21.752,0.79675,0.797,3.40,1.40
2008.07.03 05:48:21.794,0.7968,0.797,1.00,1.40
2008.07.03 05:48:21.829,0.79675,0.797,3.40,1.40
2008.07.03 05:48:22.152,0.79675,0.797,1.00,1.40
2008.07.03 05:48:24.575,0.79675,0.797,1.00,2.20
2008.07.03 05:48:24.706,0.79675,0.797,1.00,2.70
2008.07.03 05:48:24.830,0.79675,0.797,2.10,2.70
2008.07.03 05:48:25.101,0.79675,0.797,5.00,2.70
2008.07.03 05:48:25.146,0.79675,0.797,2.10,2.70
2008.07.03 05:48:25.298,0.79675,0.797,1.00,2.70
2008.07.03 05:48:25.813,0.7967,0.79695,5.00,1.00
2008.07.03 05:48:26.336,0.7967,0.79695,5.70,1.00
2008.07.03 05:48:26.534,0.79675,0.797,1.00,3.60
2008.07.03 05:48:26.646,0.79675,0.797,1.00,2.70
2008.07.03 05:48:27.071,0.79675,0.797,2.10,2.70
2008.07.03 05:48:28.937,0.79675,0.797,1.00,2.70
2008.07.03 05:48:32.574,0.79675,0.797,1.00,2.20
2008.07.03 05:48:32.889,0.79675,0.797,3.40,2.20
2008.07.03 05:48:33.420,0.79675,0.797,1.00,2.20
2008.07.03 05:48:37.308,0.79675,0.797,3.40,2.20
2008.07.03 05:48:37.852,0.79675,0.797,1.00,2.20
2008.07.03 05:48:39.688,0.79675,0.797,1.00,2.10
2008.07.03 05:48:39.864,0.79675,0.797,1.00,2.00
2008.07.03 05:48:40.199,0.79675,0.797,3.40,2.50
2008.07.03 05:48:40.358,0.7968,0.797,1.00,2.50
2008.07.03 05:48:44.038,0.7968,0.797,1.00,2.00
2008.07.03 05:48:44.220,0.7968,0.797,3.40,2.00
2008.07.03 05:48:44.282,0.7968,0.79705,3.40,2.50
2008.07.03 05:48:44.700,0.7968,0.79705,3.40,2.00
2008.07.03 05:48:45.158,0.7968,0.797,1.00,2.00
2008.07.03 05:48:45.831,0.79675,0.797,1.00,2.00
2008.07.03 05:48:45.918,0.79675,0.797,1.00,2.50
2008.07.03 05:48:46.187,0.79675,0.797,3.40,2.50
2008.07.03 05:48:46.676,0.79675,0.797,3.40,2.00
2008.07.03 05:49:00.084,0.79675,0.797,3.40,2.50
2008.07.03 05:49:00.393,0.79675,0.797,1.00,2.50
2008.07.03 05:49:01.223,0.79675,0.797,1.00,16.90
2008.07.03 05:49:09.980,0.79675,0.797,1.00,19.30
2008.07.03 05:49:40.186,0.79675,0.797,1.00,3.60
2008.07.03 05:49:40.434,0.7967,0.79695,3.10,1.00
2008.07.03 05:49:49.699,0.7967,0.79695,6.40,1.00
2008.07.03 05:49:49.735,0.79675,0.797,1.00,2.00
2008.07.03 05:49:50.160,0.79675,0.797,1.00,1.00
2008.07.03 05:50:03.171,0.79675,0.797,1.00,1.60
2008.07.03 05:50:03.419,0.79675,0.797,1.00,4.50
2008.07.03 05:50:03.443,0.7967,0.79695,3.60,1.00
2008.07.03 05:50:08.087,0.7967,0.79695,3.10,1.00
2008.07.03 05:50:08.638,0.7967,0.79695,3.10,1.60
2008.07.03 05:50:08.853,0.7967,0.7969,2.50,1.00
2008.07.03 05:50:08.925,0.7967,0.7969,1.50,1.00
2008.07.03 05:50:09.038,0.79665,0.7969,23.50,1.00
2008.07.03 05:50:09.098,0.79665,0.7969,24.40,1.00
2008.07.03 05:50:09.249,0.79665,0.7969,6.70,1.00
2008.07.03 05:50:09.327,0.79665,0.7969,4.40,1.00
2008.07.03 05:50:09.440,0.79665,0.7969,1.50,1.00
2008.07.03 05:50:11.131,0.79665,0.7969,4.40,1.00
2008.07.03 05:50:11.378,0.79665,0.7969,4.90,1.00
2008.07.03 05:50:11.649,0.7967,0.7969,1.50,1.00
2008.07.03 05:50:12.115,0.7967,0.79695,2.10,1.00
2008.07.03 05:50:13.236,0.7967,0.79695,1.00,1.00
2008.07.03 05:50:20.598,0.7967,0.79695,1.00,1.60
2008.07.03 05:50:20.704,0.79665,0.7969,3.10,1.00
2008.07.03 05:50:21.224,0.7967,0.7969,1.50,1.00
2008.07.03 05:50:21.530,0.7967,0.79695,2.10,5.50
2008.07.03 05:50:21.863,0.7967,0.79695,2.10,1.00
2008.07.03 05:50:31.428,0.7967,0.79695,15.00,1.00
2008.07.03 05:50:31.503,0.7967,0.79695,1.00,1.00
2008.07.03 05:50:32.270,0.79665,0.7969,7.90,1.00
2008.07.03 05:50:32.401,0.79665,0.7969,3.10,1.00
2008.07.03 05:50:35.733,0.79665,0.7969,12.70,1.00
2008.07.03 05:50:35.765,0.7967,0.79695,1.00,1.00
2008.07.03 05:50:36.108,0.7967,0.79695,2.10,1.00
2008.07.03 05:50:41.348,0.7967,0.79695,2.10,3.60
2008.07.03 05:50:41.422,0.7967,0.7969,1.50,1.00
2008.07.03 05:50:41.851,0.79665,0.7969,7.20,1.00
2008.07.03 05:50:43.329,0.79665,0.7969,8.10,15.10
2008.07.03 05:50:43.387,0.7967,0.79695,1.50,18.00
2008.07.03 05:50:43.442,0.7967,0.79695,1.50,15.10
2008.07.03 05:50:43.760,0.7967,0.79695,1.50,15.80
2008.07.03 05:50:46.158,0.7967,0.79695,1.50,1.40
2008.07.03 05:50:46.312,0.79675,0.797,1.00,11.20
2008.07.03 05:50:46.370,0.79675,0.797,1.00,1.60
2008.07.03 05:50:49.354,0.79675,0.797,1.00,4.50
2008.07.03 05:50:49.496,0.7967,0.79695,6.00,1.00
2008.07.03 05:50:56.946,0.7967,0.79695,3.10,1.00
2008.07.03 05:50:57.296,0.7967,0.79695,18.30,1.00
2008.07.03 05:50:57.407,0.7967,0.79695,1.00,3.60
2008.07.03 05:50:57.520,0.79665,0.7969,4.40,1.00
2008.07.03 05:50:57.900,0.79665,0.7969,5.70,1.00
2008.07.03 05:50:58.017,0.7967,0.79695,6.00,1.00
2008.07.03 05:50:58.746,0.79675,0.797,1.00,15.40
2008.07.03 05:50:59.155,0.79675,0.797,1.00,3.60
2008.07.03 05:50:59.306,0.7967,0.79695,6.00,1.00
2008.07.03 05:51:02.896,0.7967,0.79695,8.40,1.00
2008.07.03 05:51:02.983,0.79675,0.797,1.00,15.40
2008.07.03 05:51:03.243,0.79675,0.797,1.50,15.40
2008.07.03 05:51:04.674,0.79675,0.797,1.50,15.90
2008.07.03 05:51:04.728,0.79675,0.797,3.10,15.90
2008.07.03 05:51:04.813,0.79675,0.797,3.10,5.20
2008.07.03 05:51:04.938,0.79675,0.79695,2.50,1.00
2008.07.03 05:51:05.445,0.79675,0.79695,1.00,1.00
2008.07.03 05:51:06.841,0.7967,0.79695,2.10,1.00
2008.07.03 05:51:07.232,0.7967,0.79695,1.00,1.00
2008.07.03 05:51:08.311,0.7967,0.79695,1.00,15.60
2008.07.03 05:51:08.374,0.7967,0.79695,1.00,16.50
2008.07.03 05:51:08.594,0.7967,0.79695,1.00,26.80
2008.07.03 05:51:08.702,0.79665,0.7969,1.50,15.60
2008.07.03 05:51:09.227,0.79665,0.7969,2.80,1.00
2008.07.03 05:51:09.290,0.79665,0.7969,7.60,1.00
2008.07.03 05:51:09.472,0.79665,0.7969,9.30,1.00
2008.07.03 05:51:09.622,0.7967,0.79695,4.40,1.00
2008.07.03 05:51:09.767,0.7967,0.79695,6.00,1.00
2008.07.03 05:51:10.344,0.79675,0.797,1.00,19.30
2008.07.03 05:51:22.261,0.79675,0.797,1.00,18.80
2008.07.03 05:51:22.341,0.79675,0.797,1.00,15.90
2008.07.03 05:51:39.772,0.7967,0.79695,7.90,1.00
2008.07.03 05:51:39.856,0.7967,0.79695,6.00,1.00
2008.07.03 05:51:40.529,0.7967,0.79695,3.10,1.00
2008.07.03 05:51:40.992,0.7967,0.79695,6.00,1.00
2008.07.03 05:51:41.436,0.79675,0.797,1.00,2.40
2008.07.03 05:51:42.398,0.79675,0.797,1.50,2.40
2008.07.03 05:51:42.758,0.79675,0.79695,1.00,1.00
2008.07.03 05:51:43.994,0.79675,0.797,1.50,15.90
2008.07.03 05:51:52.154,0.79675,0.797,3.10,15.90
2008.07.03 05:51:53.269,0.79675,0.797,3.10,1.50
2008.07.03 05:51:54.518,0.79675,0.797,25.20,1.50
2008.07.03 05:52:04.494,0.79675,0.797,25.20,1.00
2008.07.03 05:52:04.586,0.7968,0.797,5.40,1.00
2008.07.03 05:52:04.799,0.7968,0.797,1.00,1.00
2008.07.03 05:52:05.405,0.7968,0.797,1.00,15.40
2008.07.03 05:52:08.858,0.7968,0.797,1.00,15.30
2008.07.03 05:52:09.198,0.79675,0.797,3.10,15.30
2008.07.03 05:52:14.975,0.79675,0.797,3.10,1.00
2008.07.03 05:52:15.130,0.79675,0.797,6.00,1.00
2008.07.03 05:52:15.158,0.7968,0.797,1.00,1.00
2008.07.03 05:52:15.330,0.7968,0.797,5.40,1.00
2008.07.03 05:52:16.117,0.7968,0.797,19.80,1.00
2008.07.03 05:52:19.548,0.7968,0.797,5.40,1.00
2008.07.03 05:52:19.704,0.79675,0.797,10.80,1.00
2008.07.03 05:52:19.736,0.79675,0.797,7.90,1.00
2008.07.03 05:52:19.757,0.79675,0.797,3.10,1.00
2008.07.03 05:52:20.523,0.79675,0.797,3.10,15.30
2008.07.03 05:52:25.881,0.79675,0.797,1.50,15.30
2008.07.03 05:52:29.597,0.79675,0.797,6.30,15.30
2008.07.03 05:52:29.769,0.79675,0.797,7.90,15.30
2008.07.03 05:52:30.397,0.79675,0.797,3.10,15.30
2008.07.03 05:52:30.517,0.79675,0.797,1.50,15.30
2008.07.03 05:52:32.891,0.79675,0.797,4.90,15.30
2008.07.03 05:52:32.970,0.79675,0.797,5.60,15.30
2008.07.03 05:52:48.574,0.79675,0.797,8.50,15.30
2008.07.03 05:52:49.977,0.79675,0.797,5.60,15.30
2008.07.03 05:52:50.450,0.79675,0.797,5.60,16.30
2008.07.03 05:53:03.331,0.79675,0.797,4.90,1.40
2008.07.03 05:53:03.439,0.79675,0.797,4.90,2.40
2008.07.03 05:53:03.469,0.79675,0.797,4.90,1.60
2008.07.03 05:53:03.597,0.79675,0.79695,4.30,1.00
2008.07.03 05:53:03.631,0.79675,0.79695,3.80,1.00
2008.07.03 05:53:03.956,0.79675,0.79695,4.30,1.00
2008.07.03 05:53:04.125,0.79675,0.797,4.90,1.60
2008.07.03 05:53:04.534,0.79675,0.797,5.60,1.60
2008.07.03 05:53:07.486,0.79675,0.797,4.90,1.60
2008.07.03 05:53:07.595,0.79675,0.79695,4.90,1.00
2008.07.03 05:53:10.146,0.79675,0.797,5.60,1.60
2008.07.03 05:53:12.542,0.79675,0.797,4.90,1.60
2008.07.03 05:53:12.608,0.79675,0.797,4.90,4.50
2008.07.03 05:53:12.778,0.79675,0.797,5.60,4.50
2008.07.03 05:53:12.813,0.79675,0.79695,4.90,1.00
2008.07.03 05:53:13.184,0.79675,0.797,5.60,1.60
2008.07.03 05:53:20.470,0.79675,0.797,4.90,1.60
2008.07.03 05:53:20.578,0.79675,0.797,5.60,1.60
2008.07.03 05:53:20.773,0.79675,0.79695,4.90,1.00
2008.07.03 05:53:22.629,0.79675,0.79695,4.30,1.00
2008.07.03 05:53:23.470,0.79675,0.79695,4.90,1.00
2008.07.03 05:53:23.602,0.79675,0.797,5.60,1.60
2008.07.03 05:53:23.835,0.79675,0.797,4.90,1.60
2008.07.03 05:53:23.972,0.79675,0.797,5.60,1.60
2008.07.03 05:53:35.183,0.79675,0.797,4.90,1.60
2008.07.03 05:53:35.646,0.79675,0.797,5.60,1.60
2008.07.03 05:53:36.058,0.79675,0.797,5.60,20.60
2008.07.03 05:53:36.220,0.79675,0.797,7.20,5.20
2008.07.03 05:53:37.008,0.79675,0.797,7.20,1.90
2008.07.03 05:53:37.317,0.79675,0.797,7.20,1.00
2008.07.03 05:53:37.956,0.79675,0.797,21.60,1.00
2008.07.03 05:53:39.913,0.79675,0.797,22.90,1.00
2008.07.03 05:53:40.054,0.79675,0.797,25.80,1.00
2008.07.03 05:53:40.296,0.79675,0.797,31.50,1.00
2008.07.03 05:53:40.375,0.7968,0.797,1.00,1.00
2008.07.03 05:53:40.668,0.7968,0.797,2.50,1.00
2008.07.03 05:53:40.719,0.7968,0.79705,3.10,1.00
2008.07.03 05:53:44.418,0.7968,0.797,3.10,1.00
2008.07.03 05:53:46.340,0.7968,0.797,2.50,1.00
2008.07.03 05:54:16.889,0.7968,0.797,3.10,1.00
2008.07.03 05:54:21.442,0.7968,0.797,2.50,1.00
2008.07.03 05:54:22.048,0.7968,0.797,3.10,1.00
2008.07.03 05:54:31.355,0.7968,0.797,2.50,1.00
2008.07.03 05:54:32.867,0.7968,0.797,1.50,1.00
2008.07.03 05:54:33.174,0.79675,0.797,21.90,1.00
2008.07.03 05:54:33.385,0.79675,0.797,22.90,1.00
2008.07.03 05:54:33.493,0.79675,0.797,21.60,1.00
2008.07.03 05:54:33.934,0.79675,0.797,22.90,1.00
2008.07.03 05:54:34.236,0.7968,0.797,1.50,1.00
2008.07.03 05:54:34.374,0.7968,0.797,2.50,1.00
2008.07.03 05:54:34.532,0.7968,0.79705,3.10,1.00
2008.07.03 05:54:36.492,0.7968,0.797,3.10,1.00
2008.07.03 05:54:36.824,0.7968,0.797,2.50,1.00
2008.07.03 05:54:37.204,0.7968,0.797,18.30,1.00
2008.07.03 05:54:37.602,0.79675,0.797,24.20,1.00
2008.07.03 05:54:38.362,0.79675,0.797,25.80,1.00
2008.07.03 05:54:38.554,0.79675,0.797,24.40,1.00
2008.07.03 05:54:38.743,0.79675,0.797,21.60,1.00
2008.07.03 05:54:39.976,0.79675,0.797,22.90,1.00
2008.07.03 05:54:55.432,0.79675,0.797,21.60,1.00
2008.07.03 05:55:01.545,0.79675,0.797,21.10,1.00
2008.07.03 05:55:01.859,0.79675,0.797,6.70,3.60
2008.07.03 05:55:01.977,0.79675,0.79695,6.10,1.00
2008.07.03 05:55:02.207,0.79675,0.79695,6.60,1.00
2008.07.03 05:55:02.417,0.79675,0.79695,4.90,1.00
2008.07.03 05:55:03.747,0.7968,0.79695,3.30,1.00
2008.07.03 05:55:03.848,0.7968,0.79695,3.30,1.60
2008.07.03 05:55:05.905,0.7968,0.79695,3.30,1.00
2008.07.03 05:55:07.342,0.79675,0.797,4.60,2.60
2008.07.03 05:55:07.498,0.79675,0.797,4.60,1.60
2008.07.03 05:55:08.147,0.79675,0.797,19.00,1.60
2008.07.03 05:55:10.696,0.79675,0.797,19.00,4.50
2008.07.03 05:55:10.778,0.7968,0.79695,17.70,1.00
2008.07.03 05:55:11.684,0.7968,0.79695,17.70,1.60
2008.07.03 05:55:11.850,0.7968,0.79695,3.30,1.60
2008.07.03 05:55:14.327,0.7968,0.79695,3.30,1.00
2008.07.03 05:55:14.807,0.79675,0.797,4.60,4.30
2008.07.03 05:55:14.857,0.79675,0.797,4.60,1.40
2008.07.03 05:55:15.131,0.7968,0.79695,3.30,1.00
2008.07.03 05:55:15.456,0.79675,0.797,19.00,1.40
2008.07.03 05:55:15.721,0.79675,0.797,19.00,1.90
2008.07.03 05:55:18.153,0.79675,0.797,4.60,1.90
2008.07.03 05:55:18.409,0.79675,0.79695,4.60,1.00
2008.07.03 05:55:18.442,0.7968,0.79695,3.30,1.60
2008.07.03 05:55:21.252,0.7968,0.79695,3.30,1.00
2008.07.03 05:55:21.634,0.79675,0.797,4.60,4.50
2008.07.03 05:55:21.863,0.79675,0.797,4.60,1.60
2008.07.03 05:55:22.758,0.79675,0.797,19.00,1.60
2008.07.03 05:55:39.754,0.79675,0.797,4.20,1.60
2008.07.03 05:55:39.788,0.79675,0.797,3.40,1.60
2008.07.03 05:55:39.935,0.79675,0.79695,3.40,1.00
2008.07.03 05:55:40.081,0.7968,0.79695,3.30,1.60
2008.07.03 05:55:42.319,0.7968,0.79695,3.30,1.00
2008.07.03 05:55:47.821,0.7968,0.79695,3.30,1.60
2008.07.03 05:55:50.789,0.7967,0.79695,3.20,2.10
2008.07.03 05:55:50.841,0.7967,0.79695,3.20,3.10
2008.07.03 05:55:51.005,0.79675,0.79695,1.00,3.10
2008.07.03 05:55:51.073,0.7968,0.79695,3.30,2.60
2008.07.03 05:55:51.452,0.7968,0.79695,3.30,1.60
2008.07.03 05:55:51.699,0.7968,0.79695,3.30,1.00
2008.07.03 05:55:51.772,0.79675,0.797,3.40,1.60
2008.07.03 05:55:52.024,0.79675,0.797,3.90,1.60
2008.07.03 05:55:52.253,0.79675,0.797,4.60,1.00
2008.07.03 05:55:52.589,0.79675,0.797,3.90,1.00
2008.07.03 05:55:53.753,0.79675,0.797,18.30,1.00
2008.07.03 05:55:55.924,0.79675,0.797,19.00,1.60
2008.07.03 05:56:01.759,0.79675,0.797,4.60,1.60
2008.07.03 05:56:01.826,0.79675,0.797,4.60,4.50
2008.07.03 05:56:01.901,0.7968,0.79695,2.80,1.00
2008.07.03 05:56:02.212,0.7968,0.79695,3.30,1.00
2008.07.03 05:56:35.650,0.7968,0.79695,17.70,1.00
2008.07.03 05:56:43.516,0.79675,0.797,19.00,5.50
2008.07.03 05:56:43.580,0.79675,0.797,19.00,2.60
2008.07.03 05:56:44.734,0.79675,0.797,4.60,2.60
2008.07.03 05:56:58.840,0.7968,0.79695,3.30,1.00
2008.07.03 05:56:59.190,0.79675,0.797,4.60,5.50
2008.07.03 05:56:59.302,0.79675,0.797,4.60,2.60
2008.07.03 05:57:00.014,0.79675,0.797,3.90,2.60
2008.07.03 05:57:03.145,0.79675,0.797,4.60,2.60
2008.07.03 05:57:11.278,0.79675,0.797,3.90,2.60
2008.07.03 05:57:11.380,0.79675,0.79695,3.90,1.00
2008.07.03 05:57:11.419,0.79675,0.79695,4.60,1.00
2008.07.03 05:57:11.596,0.7968,0.79695,3.30,1.60
2008.07.03 05:57:11.761,0.7968,0.79695,3.30,2.60
2008.07.03 05:57:11.865,0.7968,0.79695,2.80,2.60
2008.07.03 05:57:15.125,0.7968,0.79695,3.30,2.60
2008.07.03 05:57:20.840,0.7969,0.79695,1.00,2.60
2008.07.03 05:57:31.307,0.7969,0.79695,1.00,2.60
2008.07.03 05:57:33.565,0.7969,0.79695,1.00,1.60
2008.07.03 05:57:33.639,0.7969,0.79695,1.00,1.00
2008.07.03 05:57:33.680,0.7969,0.797,1.00,5.20
2008.07.03 05:57:33.749,0.7969,0.797,1.00,4.30
2008.07.03 05:57:33.800,0.7969,0.797,1.00,1.40
2008.07.03 05:57:34.000,0.7969,0.797,1.00,19.20
2008.07.03 05:57:34.156,0.7969,0.797,1.00,16.30
2008.07.03 05:57:34.247,0.7969,0.797,1.00,1.60
2008.07.03 05:57:34.380,0.7969,0.797,1.00,4.50
2008.07.03 05:57:34.592,0.7969,0.79695,1.00,1.00
2008.07.03 05:57:34.841,0.7969,0.797,1.00,1.60
2008.07.03 05:57:35.190,0.7969,0.79695,1.00,1.00
2008.07.03 05:57:37.960,0.7969,0.79695,1.00,1.60
2008.07.03 05:57:38.062,0.7969,0.79695,1.00,2.10
2008.07.03 05:57:38.312,0.7969,0.79695,1.00,3.10
2008.07.03 05:57:38.412,0.7969,0.79695,1.00,2.60
2008.07.03 05:57:40.787,0.7969,0.79695,1.00,3.30
2008.07.03 05:57:40.997,0.7967,0.7969,22.40,1.00
2008.07.03 05:57:41.642,0.79665,0.79685,1.90,1.00
2008.07.03 05:57:53.346,0.79665,0.79685,3.20,1.00
2008.07.03 05:57:53.439,0.7968,0.79685,1.00,1.00
2008.07.03 05:57:53.506,0.7968,0.7969,1.00,2.80
2008.07.03 05:57:53.581,0.7968,0.79695,1.00,3.30
2008.07.03 05:57:54.618,0.7968,0.79695,1.00,2.60
2008.07.03 05:57:58.438,0.7967,0.79695,2.10,2.60
2008.07.03 05:57:58.568,0.7967,0.79695,1.50,7.40
2008.07.03 05:57:58.694,0.7967,0.7969,1.50,2.80
2008.07.03 05:57:59.046,0.79665,0.79685,3.40,1.00
2008.07.03 05:58:11.621,0.79665,0.7969,4.00,15.10
2008.07.03 05:58:11.668,0.79665,0.7969,4.00,1.40
2008.07.03 05:58:11.722,0.79665,0.7969,2.50,1.40
2008.07.03 05:58:11.810,0.79665,0.7969,2.50,2.40
2008.07.03 05:58:14.631,0.79665,0.7969,1.50,2.40
2008.07.03 05:58:15.490,0.79665,0.7969,1.50,1.40
2008.07.03 05:58:24.974,0.79665,0.7969,1.50,15.30
2008.07.03 05:58:25.073,0.79665,0.7969,1.50,1.00
2008.07.03 05:58:25.104,0.79665,0.7969,4.40,1.00
2008.07.03 05:58:25.239,0.79665,0.7969,6.00,1.00
2008.07.03 05:58:25.418,0.7967,0.79695,1.00,2.60
2008.07.03 05:58:25.935,0.7967,0.79695,15.00,2.60
2008.07.03 05:58:26.466,0.7967,0.79695,15.00,8.80
2008.07.03 05:58:26.576,0.79665,0.7969,20.40,4.00
2008.07.03 05:58:26.689,0.79665,0.7969,21.10,4.00
2008.07.03 05:58:32.195,0.7967,0.79695,15.00,5.00
2008.07.03 05:58:32.322,0.7967,0.79695,15.00,4.00
2008.07.03 05:58:32.385,0.7967,0.79695,15.00,4.80
2008.07.03 05:58:32.493,0.7967,0.79695,15.00,4.00
2008.07.03 05:58:34.414,0.7967,0.79695,15.00,4.80
2008.07.03 05:58:34.890,0.7967,0.79695,15.00,4.00
2008.07.03 05:58:35.022,0.7967,0.79695,15.00,4.80
2008.07.03 05:58:36.390,0.7967,0.79695,15.00,4.00
2008.07.03 05:58:36.631,0.7967,0.79695,15.00,4.80
2008.07.03 05:58:37.000,0.7967,0.79695,15.00,4.00
2008.07.03 05:58:37.036,0.7967,0.79695,15.90,4.00
2008.07.03 05:58:37.063,0.7967,0.79695,1.50,6.90
2008.07.03 05:58:37.093,0.7967,0.7969,1.00,4.00
2008.07.03 05:59:00.719,0.7967,0.79695,1.50,5.00
2008.07.03 05:59:00.811,0.7967,0.79695,3.10,5.00
2008.07.03 05:59:00.876,0.7967,0.79695,3.10,6.00
2008.07.03 05:59:01.129,0.7967,0.79695,2.10,6.40
2008.07.03 05:59:01.237,0.7967,0.79695,2.10,6.90
2008.07.03 05:59:02.174,0.7967,0.79695,2.10,7.40
2008.07.03 05:59:02.334,0.7967,0.79695,2.10,6.90
2008.07.03 05:59:10.078,0.7967,0.79695,2.10,6.40
2008.07.03 05:59:13.542,0.7967,0.79695,2.80,6.40
2008.07.03 05:59:13.591,0.7967,0.79695,2.80,6.90
2008.07.03 05:59:13.666,0.7967,0.7969,2.80,1.00
2008.07.03 05:59:14.238,0.7967,0.7969,1.30,1.00
2008.07.03 05:59:16.465,0.7967,0.7969,1.30,1.90
2008.07.03 05:59:27.821,0.7967,0.7969,4.20,1.90
2008.07.03 05:59:31.313,0.7967,0.7969,1.30,1.90
2008.07.03 05:59:36.644,0.7967,0.7969,2.80,1.90
2008.07.03 05:59:36.992,0.7967,0.7969,2.80,1.00
