2007.07.31 05:00:00.526,0.6749,0.675,10.40,2.40
2007.07.31 05:00:00.546,0.6749,0.675,10.40,10.40
2007.07.31 05:00:04.036,0.6749,0.675,8.00,10.40
2007.07.31 05:00:04.112,0.67485,0.675,8.80,10.40
2007.07.31 05:00:06.097,0.67485,0.675,4.80,10.40
2007.07.31 05:00:06.143,0.67485,0.675,4.80,14.40
2007.07.31 05:00:10.415,0.67485,0.675,4.80,10.40
2007.07.31 05:00:10.422,0.67485,0.675,8.80,10.40
2007.07.31 05:00:10.685,0.67485,0.675,4.80,10.40
2007.07.31 05:00:10.698,0.67485,0.675,4.80,12.80
2007.07.31 05:00:10.742,0.67485,0.675,4.80,19.20
2007.07.31 05:00:10.941,0.67485,0.675,4.80,20.00
2007.07.31 05:00:14.254,0.67485,0.675,4.80,16.80
2007.07.31 05:00:14.277,0.67485,0.675,4.80,14.40
2007.07.31 05:00:15.191,0.67485,0.675,4.80,18.40
2007.07.31 05:00:15.264,0.67485,0.675,4.80,23.20
2007.07.31 05:00:16.048,0.6749,0.675,2.40,23.20
2007.07.31 05:00:16.124,0.6749,0.675,10.40,15.20
2007.07.31 05:00:16.149,0.6749,0.675,10.40,9.60
2007.07.31 05:00:16.240,0.6749,0.675,10.40,5.60
2007.07.31 05:00:16.268,0.6749,0.675,10.40,4.80
2007.07.31 05:00:16.288,0.6749,0.675,10.40,4.00
2007.07.31 05:00:16.308,0.6749,0.67505,10.40,8.80
2007.07.31 05:00:16.363,0.6749,0.67505,10.40,9.60
2007.07.31 05:00:16.640,0.6749,0.675,2.40,8.00
2007.07.31 05:00:16.770,0.67485,0.675,10.40,10.40
2007.07.31 05:00:16.811,0.67485,0.675,5.60,10.40
2007.07.31 05:00:16.843,0.67485,0.675,5.60,14.40
2007.07.31 05:00:16.959,0.67485,0.675,5.60,6.40
2007.07.31 05:00:16.969,0.67485,0.675,4.80,6.40
2007.07.31 05:00:17.057,0.67485,0.675,8.80,6.40
2007.07.31 05:00:17.188,0.67485,0.675,8.80,2.40
2007.07.31 05:00:19.607,0.67485,0.675,4.80,2.40
2007.07.31 05:00:19.642,0.67485,0.675,4.80,6.40
2007.07.31 05:00:25.071,0.6749,0.675,2.40,6.40
2007.07.31 05:00:25.132,0.6749,0.675,10.40,6.40
2007.07.31 05:00:25.245,0.6749,0.675,10.40,2.40
2007.07.31 05:00:25.588,0.6749,0.675,8.00,2.40
2007.07.31 05:00:25.654,0.67485,0.675,8.80,6.40
2007.07.31 05:00:25.777,0.67485,0.675,4.80,8.00
2007.07.31 05:00:25.883,0.67485,0.675,4.80,8.80
2007.07.31 05:00:28.794,0.67485,0.675,4.80,8.00
2007.07.31 05:00:28.891,0.67485,0.675,4.80,7.20
2007.07.31 05:00:28.923,0.67485,0.675,4.80,6.40
2007.07.31 05:00:29.149,0.67485,0.675,8.80,6.40
2007.07.31 05:00:29.197,0.67485,0.675,8.80,2.40
2007.07.31 05:00:29.431,0.67485,0.675,8.80,10.40
2007.07.31 05:00:29.837,0.67485,0.675,8.80,2.40
2007.07.31 05:00:30.629,0.6749,0.675,2.40,2.40
2007.07.31 05:00:30.728,0.6749,0.675,10.40,2.40
2007.07.31 05:00:33.251,0.6749,0.675,4.20,2.40
2007.07.31 05:00:53.112,0.67485,0.675,16.80,2.40
2007.07.31 05:00:53.177,0.67485,0.675,2.80,10.40
2007.07.31 05:00:53.250,0.67485,0.675,0.60,18.40
2007.07.31 05:00:53.611,0.67485,0.675,7.20,18.40
2007.07.31 05:00:53.710,0.67485,0.675,15.20,18.40
2007.07.31 05:00:53.890,0.67485,0.675,15.20,20.00
2007.07.31 05:00:54.109,0.67485,0.675,7.20,20.00
2007.07.31 05:00:54.129,0.6748,0.675,24.80,20.00
2007.07.31 05:00:54.223,0.6748,0.675,40.60,12.00
2007.07.31 05:00:54.249,0.67485,0.675,1.30,12.00
2007.07.31 05:00:55.019,0.67485,0.675,2.60,10.40
2007.07.31 05:01:02.637,0.67485,0.675,4.80,10.40
2007.07.31 05:01:02.647,0.67485,0.675,0.80,14.40
2007.07.31 05:01:02.687,0.67485,0.675,0.80,24.70
2007.07.31 05:01:02.745,0.6748,0.67495,25.50,0.80
2007.07.31 05:01:03.606,0.6748,0.67495,4.50,0.80
2007.07.31 05:01:07.683,0.67475,0.67495,39.10,0.80
2007.07.31 05:01:07.773,0.67475,0.67495,39.90,0.80
2007.07.31 05:01:07.793,0.67475,0.67495,40.70,0.80
2007.07.31 05:01:08.084,0.6748,0.675,31.90,33.50
2007.07.31 05:01:08.175,0.6748,0.675,36.60,28.00
2007.07.31 05:01:08.304,0.67485,0.675,2.40,22.40
2007.07.31 05:01:08.311,0.6748,0.675,43.80,18.40
2007.07.31 05:01:08.589,0.67475,0.675,47.80,18.40
2007.07.31 05:01:08.714,0.67475,0.67495,39.90,0.80
2007.07.31 05:01:08.800,0.67475,0.67495,37.50,3.20
2007.07.31 05:01:08.823,0.6748,0.67495,12.10,3.20
2007.07.31 05:01:09.124,0.67475,0.67495,33.50,3.20
2007.07.31 05:01:19.198,0.6748,0.67495,2.40,3.20
2007.07.31 05:01:19.714,0.6748,0.67495,6.70,4.00
2007.07.31 05:01:19.830,0.67475,0.67495,21.50,4.80
2007.07.31 05:01:20.421,0.67475,0.67495,21.50,5.60
2007.07.31 05:01:21.354,0.6748,0.6749,5.80,0.80
2007.07.31 05:01:21.373,0.67475,0.6749,17.50,8.00
2007.07.31 05:01:22.385,0.67475,0.6749,17.50,8.80
2007.07.31 05:01:22.398,0.67475,0.6749,17.50,9.60
2007.07.31 05:01:22.588,0.67475,0.67485,17.50,0.80
2007.07.31 05:01:22.668,0.67475,0.67485,17.50,1.60
2007.07.31 05:01:22.795,0.67475,0.67485,17.50,3.20
2007.07.31 05:01:22.931,0.6748,0.67485,5.40,7.20
2007.07.31 05:01:22.998,0.67475,0.67485,17.50,5.60
2007.07.31 05:01:23.202,0.6748,0.67485,4.40,5.60
2007.07.31 05:01:23.234,0.67475,0.67485,1.60,5.60
2007.07.31 05:01:23.334,0.67475,0.6748,1.40,4.00
2007.07.31 05:01:23.446,0.6747,0.67485,24.70,5.60
2007.07.31 05:01:23.521,0.6747,0.67485,23.90,4.80
2007.07.31 05:01:23.541,0.67475,0.67485,1.80,2.40
2007.07.31 05:01:23.737,0.67465,0.67485,32.70,2.40
2007.07.31 05:01:23.768,0.6747,0.67485,6.00,2.40
2007.07.31 05:01:23.806,0.6747,0.6749,0.60,31.10
2007.07.31 05:01:23.836,0.67465,0.6749,22.40,35.10
2007.07.31 05:01:23.962,0.6747,0.6749,1.50,34.30
2007.07.31 05:01:24.232,0.67465,0.6749,23.20,30.30
2007.07.31 05:01:24.296,0.6747,0.6749,6.80,30.30
2007.07.31 05:01:24.351,0.67465,0.6749,31.20,29.50
2007.07.31 05:01:24.390,0.6747,0.6749,7.60,28.70
2007.07.31 05:01:24.452,0.6747,0.6749,26.40,28.70
2007.07.31 05:01:24.462,0.6747,0.6749,26.40,27.90
2007.07.31 05:01:24.501,0.6747,0.6749,34.30,20.00
2007.07.31 05:01:25.021,0.67475,0.6749,1.60,16.00
2007.07.31 05:01:25.344,0.6747,0.6749,38.30,12.00
2007.07.31 05:01:25.408,0.6747,0.6749,38.30,8.00
2007.07.31 05:01:25.768,0.6747,0.67495,42.30,16.00
2007.07.31 05:01:25.823,0.67475,0.6749,0.70,0.60
2007.07.31 05:01:25.907,0.6747,0.67495,38.30,23.20
2007.07.31 05:01:26.022,0.6747,0.67495,38.30,22.40
2007.07.31 05:01:26.027,0.6747,0.67495,38.30,21.60
2007.07.31 05:01:26.046,0.67475,0.6749,0.80,0.70
2007.07.31 05:01:26.315,0.6747,0.67495,38.30,21.60
2007.07.31 05:01:26.333,0.6747,0.67495,38.30,9.60
2007.07.31 05:01:26.750,0.67475,0.6749,0.80,0.90
2007.07.31 05:01:26.828,0.67465,0.67495,24.70,22.40
2007.07.31 05:01:26.853,0.6747,0.6749,0.90,0.80
2007.07.31 05:01:26.976,0.67465,0.67495,16.80,35.10
2007.07.31 05:01:27.097,0.6747,0.67485,0.50,0.80
2007.07.31 05:01:27.128,0.67465,0.6749,16.80,30.30
2007.07.31 05:01:27.341,0.6747,0.67485,0.90,0.80
2007.07.31 05:01:27.701,0.67465,0.6749,14.40,34.30
2007.07.31 05:01:28.770,0.67465,0.6749,14.40,35.90
2007.07.31 05:01:28.931,0.6747,0.6749,0.70,0.70
2007.07.31 05:01:29.178,0.67465,0.67495,14.40,37.50
2007.07.31 05:01:29.288,0.67465,0.67495,14.40,35.10
2007.07.31 05:01:29.385,0.67465,0.67495,16.80,35.10
2007.07.31 05:01:31.937,0.67465,0.67495,16.80,37.70
2007.07.31 05:01:32.130,0.6747,0.67495,9.60,37.70
2007.07.31 05:01:32.253,0.6747,0.67495,9.60,40.10
2007.07.31 05:01:32.262,0.67475,0.6749,0.80,0.60
2007.07.31 05:01:32.290,0.67475,0.6748,0.50,0.70
2007.07.31 05:01:32.328,0.67465,0.67485,24.70,6.40
2007.07.31 05:01:32.355,0.67465,0.67485,16.00,6.40
2007.07.31 05:01:32.476,0.6747,0.6748,0.90,0.50
2007.07.31 05:01:32.756,0.67465,0.67485,14.40,12.80
2007.07.31 05:01:32.791,0.6747,0.67485,15.20,20.80
2007.07.31 05:01:32.831,0.6747,0.67495,19.20,35.40
2007.07.31 05:01:32.889,0.6747,0.67495,23.20,35.40
2007.07.31 05:01:33.089,0.6747,0.6749,23.20,0.50
2007.07.31 05:01:34.696,0.67475,0.6749,4.00,0.90
2007.07.31 05:01:34.754,0.67475,0.67495,4.00,24.00
2007.07.31 05:01:34.902,0.67475,0.67495,4.80,24.00
2007.07.31 05:01:34.932,0.67475,0.67495,4.80,24.00
2007.07.31 05:01:36.012,0.67475,0.67495,4.80,27.20
2007.07.31 05:01:36.055,0.67475,0.67495,4.80,28.00
2007.07.31 05:01:36.755,0.67475,0.6749,4.80,0.90
2007.07.31 05:01:36.839,0.67475,0.6749,4.80,0.60
2007.07.31 05:01:36.875,0.67475,0.67495,4.00,30.40
2007.07.31 05:01:36.953,0.67475,0.6749,4.00,0.60
2007.07.31 05:01:37.101,0.67475,0.67485,4.00,3.20
2007.07.31 05:01:37.177,0.6747,0.67485,12.70,5.60
2007.07.31 05:01:37.290,0.6747,0.67485,4.80,5.60
2007.07.31 05:01:38.222,0.6747,0.6748,7.20,0.70
2007.07.31 05:01:38.261,0.6747,0.6748,15.20,0.70
2007.07.31 05:01:38.453,0.6747,0.67485,19.20,5.60
2007.07.31 05:01:38.739,0.6747,0.6748,19.20,0.50
2007.07.31 05:01:39.198,0.6747,0.6748,19.10,0.60
2007.07.31 05:01:39.240,0.6748,0.67495,10.40,24.00
2007.07.31 05:01:39.294,0.6748,0.6749,10.40,0.80
2007.07.31 05:01:39.323,0.6748,0.67495,10.40,12.80
2007.07.31 05:01:39.333,0.6748,0.67495,10.40,12.80
2007.07.31 05:01:39.404,0.6748,0.67495,10.40,8.80
2007.07.31 05:01:39.928,0.6748,0.675,10.40,33.50
2007.07.31 05:01:42.221,0.67475,0.675,4.80,37.50
2007.07.31 05:01:42.429,0.67475,0.67495,4.80,0.60
2007.07.31 05:01:42.515,0.67475,0.67495,4.80,0.80
2007.07.31 05:01:44.040,0.67475,0.675,4.80,41.50
2007.07.31 05:01:45.279,0.67475,0.67495,4.80,11.20
2007.07.31 05:01:45.416,0.67475,0.67495,4.80,15.20
2007.07.31 05:01:45.536,0.67475,0.6749,4.80,0.60
2007.07.31 05:01:45.630,0.67475,0.6749,4.80,0.60
2007.07.31 05:01:45.688,0.67475,0.6749,4.80,0.90
2007.07.31 05:01:47.810,0.67475,0.67495,4.80,16.00
2007.07.31 05:01:47.873,0.67475,0.67495,4.80,16.00
2007.07.31 05:01:48.374,0.67475,0.67495,4.80,16.00
2007.07.31 05:01:48.894,0.67475,0.6749,4.80,0.90
2007.07.31 05:01:50.388,0.67475,0.6749,4.80,0.50
2007.07.31 05:01:50.436,0.67475,0.6749,4.80,0.80
2007.07.31 05:01:50.466,0.67475,0.67495,4.80,0.50
2007.07.31 05:01:50.635,0.67475,0.675,4.80,41.50
2007.07.31 05:02:08.056,0.67475,0.67495,8.80,10.40
2007.07.31 05:02:08.749,0.67475,0.6749,8.80,8.00
2007.07.31 05:02:08.761,0.67475,0.6749,8.80,10.40
2007.07.31 05:02:08.860,0.6748,0.6749,4.00,10.40
2007.07.31 05:02:09.373,0.67475,0.6749,4.80,14.40
2007.07.31 05:02:12.961,0.6747,0.6749,38.30,14.40
2007.07.31 05:02:15.247,0.67475,0.6749,7.20,14.40
2007.07.31 05:02:15.279,0.6748,0.6749,1.60,14.40
2007.07.31 05:02:18.421,0.6748,0.6749,2.90,6.40
2007.07.31 05:02:18.820,0.6748,0.6749,3.40,4.00
2007.07.31 05:02:18.833,0.67475,0.67495,15.20,7.20
2007.07.31 05:02:20.787,0.6748,0.67495,8.30,6.40
2007.07.31 05:02:20.891,0.67475,0.67495,35.10,6.40
2007.07.31 05:02:20.911,0.67475,0.67495,35.10,2.40
2007.07.31 05:02:20.995,0.67475,0.675,35.10,31.90
2007.07.31 05:02:22.951,0.67475,0.675,35.90,29.50
2007.07.31 05:02:23.021,0.6748,0.675,30.30,29.50
2007.07.31 05:02:23.963,0.67485,0.67495,2.00,2.40
2007.07.31 05:02:24.060,0.6748,0.67495,1.10,2.40
2007.07.31 05:02:24.079,0.67475,0.67495,41.50,2.40
2007.07.31 05:02:24.761,0.67475,0.67495,39.90,2.40
2007.07.31 05:02:24.986,0.67475,0.67495,40.70,2.40
2007.07.31 05:02:25.265,0.6748,0.67495,14.30,2.40
2007.07.31 05:02:25.613,0.6748,0.67495,36.70,2.40
2007.07.31 05:02:26.668,0.67475,0.67495,46.30,2.40
2007.07.31 05:02:27.418,0.67475,0.67495,43.90,2.40
2007.07.31 05:02:27.464,0.6748,0.67495,4.20,2.40
2007.07.31 05:02:27.559,0.6748,0.67495,10.80,2.40
2007.07.31 05:02:38.334,0.67475,0.67495,41.50,2.40
2007.07.31 05:02:38.373,0.67475,0.67495,41.50,2.40
2007.07.31 05:02:38.800,0.67485,0.67495,0.60,2.40
2007.07.31 05:02:38.988,0.6748,0.67495,37.50,2.40
2007.07.31 05:02:39.080,0.67485,0.67495,2.50,2.40
2007.07.31 05:02:39.294,0.6749,0.67495,1.10,2.40
2007.07.31 05:02:39.354,0.6749,0.67505,4.70,0.80
2007.07.31 05:02:39.607,0.67485,0.675,24.00,2.40
2007.07.31 05:02:40.115,0.67485,0.67505,38.40,3.20
2007.07.31 05:02:44.228,0.6749,0.675,10.40,0.70
2007.07.31 05:02:44.442,0.6749,0.675,14.40,0.70
2007.07.31 05:02:44.855,0.6749,0.675,10.40,0.50
2007.07.31 05:02:45.268,0.6749,0.67505,14.40,3.20
2007.07.31 05:02:45.891,0.6749,0.67505,10.40,3.20
2007.07.31 05:02:46.424,0.6749,0.67505,14.40,3.20
2007.07.31 05:02:46.834,0.6749,0.675,10.40,0.70
2007.07.31 05:02:47.299,0.6749,0.67505,10.40,9.60
2007.07.31 05:02:47.340,0.6749,0.67505,10.40,17.60
2007.07.31 05:02:47.457,0.6749,0.675,10.40,0.50
2007.07.31 05:02:49.320,0.6749,0.67505,10.40,17.60
2007.07.31 05:02:50.057,0.6749,0.67505,10.40,21.60
2007.07.31 05:02:50.681,0.6749,0.675,10.40,0.50
2007.07.31 05:02:50.715,0.6749,0.675,10.40,0.60
2007.07.31 05:02:51.383,0.6749,0.67505,14.40,3.20
2007.07.31 05:02:51.832,0.6749,0.67505,12.00,3.20
2007.07.31 05:02:51.915,0.6749,0.67505,4.00,3.20
2007.07.31 05:02:52.327,0.6749,0.67505,4.00,5.60
2007.07.31 05:02:52.354,0.6749,0.67505,4.00,8.00
2007.07.31 05:02:52.421,0.6749,0.67505,4.00,16.00
2007.07.31 05:02:52.541,0.67485,0.67505,8.00,27.90
2007.07.31 05:02:52.621,0.67485,0.675,4.00,0.50
2007.07.31 05:02:52.649,0.6748,0.67505,31.20,31.90
2007.07.31 05:02:52.757,0.6748,0.675,30.40,0.50
2007.07.31 05:02:52.946,0.6748,0.675,28.80,0.60
2007.07.31 05:02:52.962,0.6748,0.67505,26.40,31.90
2007.07.31 05:02:53.125,0.6748,0.67505,25.60,31.90
2007.07.31 05:02:53.179,0.6748,0.67505,24.80,31.90
2007.07.31 05:02:53.876,0.6748,0.67505,24.80,29.50
2007.07.31 05:02:53.938,0.67485,0.675,4.00,0.60
2007.07.31 05:02:54.011,0.67485,0.67505,4.00,21.50
2007.07.31 05:02:54.411,0.67485,0.67505,4.00,17.50
2007.07.31 05:02:57.308,0.67485,0.67505,4.00,15.10
2007.07.31 05:02:57.508,0.67485,0.675,8.00,0.90
2007.07.31 05:02:57.529,0.67485,0.675,8.00,0.90
2007.07.31 05:02:57.721,0.67485,0.67505,8.80,7.20
2007.07.31 05:02:57.802,0.67485,0.675,9.60,0.90
2007.07.31 05:02:57.825,0.6749,0.67505,14.40,3.20
2007.07.31 05:02:58.863,0.6749,0.67505,6.40,3.20
2007.07.31 05:02:58.938,0.6749,0.675,4.00,0.50
2007.07.31 05:02:59.043,0.6749,0.6751,4.00,30.20
2007.07.31 05:02:59.373,0.6749,0.675,6.40,4.80
2007.07.31 05:02:59.399,0.6749,0.67495,14.40,0.80
2007.07.31 05:02:59.554,0.6749,0.67505,14.40,17.60
2007.07.31 05:02:59.603,0.6749,0.675,10.40,0.90
2007.07.31 05:03:00.862,0.6749,0.67505,10.40,9.60
2007.07.31 05:03:00.892,0.6749,0.675,10.40,0.90
2007.07.31 05:03:00.962,0.6749,0.67505,14.40,7.20
2007.07.31 05:03:03.375,0.6749,0.67505,14.40,5.60
2007.07.31 05:03:03.514,0.6749,0.67505,14.40,13.60
2007.07.31 05:03:03.617,0.6749,0.67505,10.40,17.60
2007.07.31 05:03:03.819,0.6749,0.675,2.40,0.60
2007.07.31 05:03:03.875,0.67485,0.67505,4.00,17.60
2007.07.31 05:03:12.176,0.6748,0.675,43.90,12.80
2007.07.31 05:03:15.246,0.67485,0.675,2.00,10.40
2007.07.31 05:03:15.273,0.67485,0.675,1.50,2.40
2007.07.31 05:03:15.328,0.6748,0.675,42.30,2.40
2007.07.31 05:03:15.465,0.67485,0.675,2.70,6.40
2007.07.31 05:03:15.607,0.67485,0.675,2.10,6.40
2007.07.31 05:03:18.276,0.6748,0.675,43.90,8.80
2007.07.31 05:03:18.293,0.67485,0.675,1.50,16.80
2007.07.31 05:03:23.841,0.6749,0.675,0.50,16.80
2007.07.31 05:03:23.962,0.67485,0.675,18.40,12.80
2007.07.31 05:03:24.042,0.6749,0.675,1.30,10.40
2007.07.31 05:03:26.405,0.6749,0.675,7.10,8.00
2007.07.31 05:03:26.447,0.67485,0.67505,22.40,3.20
2007.07.31 05:04:00.075,0.67485,0.67495,4.30,45.50
2007.07.31 05:04:00.689,0.67483,0.67493,10.40,19.10
2007.07.31 05:04:00.904,0.67479,0.67494,6.70,0.70
2007.07.31 05:04:01.304,0.67483,0.67493,0.80,37.50
2007.07.31 05:04:02.339,0.67485,0.67495,11.20,36.70
2007.07.31 05:04:02.636,0.67483,0.67498,10.40,39.90
2007.07.31 05:04:02.738,0.67486,0.67496,5.00,35.10
2007.07.31 05:04:02.832,0.67485,0.67495,4.20,4.00
2007.07.31 05:04:02.841,0.67486,0.67491,11.20,37.50
2007.07.31 05:04:03.131,0.67485,0.6749,12.00,34.30
2007.07.31 05:04:03.240,0.67484,0.67489,0.80,0.60
2007.07.31 05:04:03.259,0.67483,0.67493,8.00,4.00
2007.07.31 05:04:03.344,0.67483,0.67493,10.40,38.30
2007.07.31 05:04:03.370,0.67485,0.67495,11.20,36.70
2007.07.31 05:04:03.476,0.67484,0.67494,6.60,35.10
2007.07.31 05:04:03.772,0.67482,0.67492,10.40,39.90
2007.07.31 05:04:03.871,0.67481,0.67491,10.60,0.80
2007.07.31 05:04:03.973,0.67479,0.67489,8.20,4.00
2007.07.31 05:04:04.001,0.67478,0.67488,5.80,4.00
2007.07.31 05:04:10.681,0.67479,0.67489,0.80,0.60
2007.07.31 05:04:10.956,0.67483,0.67488,5.00,35.90
2007.07.31 05:04:10.969,0.67484,0.67489,13.00,0.80
2007.07.31 05:04:19.600,0.67483,0.67493,10.40,24.70
2007.07.31 05:04:19.652,0.67483,0.67493,11.20,36.70
2007.07.31 05:04:19.716,0.67487,0.67492,11.20,42.30
2007.07.31 05:04:20.016,0.67483,0.67498,11.20,0.70
2007.07.31 05:04:20.112,0.67483,0.67498,11.50,0.80
2007.07.31 05:04:20.367,0.67483,0.67498,5.00,36.70
2007.07.31 05:04:20.428,0.67484,0.67494,8.00,37.50
2007.07.31 05:04:21.629,0.67483,0.67493,11.20,37.50
2007.07.31 05:04:23.393,0.67484,0.67489,10.60,39.90
2007.07.31 05:04:23.498,0.67484,0.67489,10.40,37.50
2007.07.31 05:04:23.601,0.67481,0.67491,2.40,37.50
2007.07.31 05:04:23.701,0.67482,0.67492,3.40,4.00
2007.07.31 05:04:24.320,0.67483,0.67493,0.80,42.30
2007.07.31 05:04:24.525,0.67484,0.67494,4.30,45.50
2007.07.31 05:04:25.035,0.67483,0.67498,5.80,4.00
2007.07.31 05:04:26.074,0.67485,0.675,10.40,29.50
2007.07.31 05:04:33.509,0.67487,0.67497,4.30,0.70
2007.07.31 05:04:34.437,0.67485,0.67495,5.80,4.00
2007.07.31 05:04:34.960,0.67485,0.67495,0.80,0.60
2007.07.31 05:04:35.269,0.67484,0.67499,2.40,0.60
2007.07.31 05:04:35.467,0.67487,0.67497,2.40,4.00
2007.07.31 05:04:35.511,0.67485,0.67495,12.80,36.70
2007.07.31 05:04:38.921,0.67484,0.67494,8.20,4.00
2007.07.31 05:04:38.987,0.67487,0.67492,10.40,37.50
2007.07.31 05:04:39.716,0.67484,0.67499,6.70,0.70
2007.07.31 05:04:42.973,0.67489,0.67499,9.10,0.80
2007.07.31 05:04:44.666,0.67489,0.67499,2.40,0.20
2007.07.31 05:04:45.002,0.67487,0.67497,5.80,4.00
2007.07.31 05:04:45.421,0.67483,0.67498,0.80,37.50
2007.07.31 05:04:46.376,0.67483,0.67498,12.00,34.30
2007.07.31 05:04:48.075,0.67482,0.67497,5.00,47.90
2007.07.31 05:04:49.199,0.6748,0.67495,12.00,34.30
2007.07.31 05:04:49.396,0.67482,0.67492,13.00,0.20
2007.07.31 05:04:49.598,0.6748,0.67495,10.60,0.80
2007.07.31 05:04:49.803,0.67479,0.67494,10.60,0.20
2007.07.31 05:04:49.887,0.67479,0.67494,8.80,53.50
2007.07.31 05:04:50.305,0.67483,0.67493,10.40,4.00
2007.07.31 05:04:51.016,0.67481,0.67496,10.40,0.20
2007.07.31 05:04:51.213,0.67485,0.67495,5.00,36.70
2007.07.31 05:04:51.362,0.67485,0.67495,1.60,37.50
2007.07.31 05:04:51.463,0.67483,0.67493,5.00,47.90
2007.07.31 05:04:53.096,0.67482,0.67497,10.60,0.20
2007.07.31 05:04:53.152,0.67481,0.67496,11.20,34.30
2007.07.31 05:04:53.245,0.6748,0.67495,4.30,0.70
2007.07.31 05:04:53.294,0.67481,0.67491,8.00,4.00
2007.07.31 05:04:53.307,0.67479,0.67494,5.80,45.50
2007.07.31 05:04:53.425,0.67483,0.67493,4.00,0.50
2007.07.31 05:04:53.499,0.67484,0.67494,5.80,43.10
2007.07.31 05:04:53.718,0.67483,0.67498,5.00,35.90
2007.07.31 05:04:53.830,0.67483,0.67498,11.20,44.70
2007.07.31 05:04:58.258,0.67483,0.67498,9.10,0.80
2007.07.31 05:04:58.297,0.67483,0.67498,9.00,35.10
2007.07.31 05:04:58.323,0.67481,0.67497,11.20,37.50
2007.07.31 05:05:02.158,0.6749,0.675,12.00,2.40
2007.07.31 05:05:02.307,0.6749,0.675,4.00,10.40
2007.07.31 05:05:06.388,0.67485,0.675,8.00,10.40
2007.07.31 05:05:06.663,0.67485,0.675,8.00,0.80
2007.07.31 05:05:08.459,0.6749,0.67505,4.00,17.60
2007.07.31 05:05:09.392,0.67485,0.67505,8.00,17.60
2007.07.31 05:05:12.288,0.6749,0.67505,4.00,17.60
2007.07.31 05:05:19.658,0.6749,0.67505,12.00,13.60
2007.07.31 05:05:19.730,0.6749,0.675,14.40,0.50
2007.07.31 05:05:25.617,0.6749,0.675,18.40,0.50
2007.07.31 05:05:25.669,0.6749,0.67505,26.30,11.20
2007.07.31 05:05:25.771,0.6749,0.67505,26.30,0.70
2007.07.31 05:05:25.831,0.6749,0.67515,26.30,39.10
2007.07.31 05:05:25.847,0.6749,0.6751,30.30,0.80
2007.07.31 05:05:26.144,0.6749,0.6751,30.30,0.50
2007.07.31 05:05:26.353,0.6749,0.67515,30.30,37.50
2007.07.31 05:05:27.776,0.6749,0.6751,0.90,0.50
2007.07.31 05:05:28.277,0.6749,0.6751,0.70,0.80
2007.07.31 05:05:29.193,0.67485,0.67515,35.10,28.70
2007.07.31 05:05:29.206,0.6749,0.6751,0.60,0.90
2007.07.31 05:05:30.357,0.67495,0.6751,0.50,0.60
2007.07.31 05:05:30.432,0.6749,0.67515,42.30,17.60
2007.07.31 05:05:47.243,0.6749,0.6751,42.30,16.80
2007.07.31 05:05:48.196,0.67495,0.6751,0.80,20.00
2007.07.31 05:05:48.300,0.6749,0.6751,12.90,20.00
2007.07.31 05:05:48.386,0.6749,0.6751,4.40,27.90
2007.07.31 05:05:52.411,0.67485,0.6751,37.50,27.10
2007.07.31 05:05:56.648,0.67485,0.6751,37.50,24.70
2007.07.31 05:05:56.665,0.6749,0.6751,13.80,16.70
2007.07.31 05:05:56.865,0.6749,0.6751,34.30,16.70
2007.07.31 05:05:56.886,0.6749,0.6751,42.30,8.80
2007.07.31 05:06:04.648,0.67495,0.6751,4.00,4.80
2007.07.31 05:06:04.656,0.67495,0.6751,4.00,8.00
2007.07.31 05:06:04.778,0.67495,0.6751,4.00,20.00
2007.07.31 05:06:04.856,0.6749,0.6751,40.70,20.00
2007.07.31 05:06:04.876,0.6749,0.6751,32.70,27.90
2007.07.31 05:06:05.265,0.6749,0.6751,32.70,27.10
2007.07.31 05:06:07.337,0.6749,0.6751,32.70,27.90
2007.07.31 05:06:08.147,0.6749,0.6751,32.70,27.10
2007.07.31 05:06:18.709,0.6749,0.6751,32.70,27.90
2007.07.31 05:06:20.680,0.6749,0.6751,32.70,27.10
2007.07.31 05:06:40.452,0.6749,0.6751,32.70,27.90
2007.07.31 05:06:46.426,0.6749,0.6751,32.70,27.10
2007.07.31 05:06:49.823,0.6749,0.6751,30.30,27.10
2007.07.31 05:06:59.827,0.6749,0.6751,30.30,27.90
2007.07.31 05:07:01.160,0.6749,0.6751,30.30,27.10
2007.07.31 05:07:04.451,0.6749,0.6751,6.20,27.10
2007.07.31 05:07:10.333,0.67485,0.6751,35.10,27.90
2007.07.31 05:07:10.429,0.6749,0.6751,3.40,27.10
2007.07.31 05:07:11.350,0.6749,0.6751,34.30,27.10
2007.07.31 05:07:11.416,0.67495,0.6751,0.80,19.20
2007.07.31 05:07:14.820,0.6749,0.6751,26.40,27.10
2007.07.31 05:07:14.827,0.67485,0.67505,27.20,3.20
2007.07.31 05:07:14.925,0.6749,0.67505,1.60,3.20
2007.07.31 05:07:14.938,0.67485,0.67505,23.20,3.20
2007.07.31 05:07:49.281,0.6749,0.675,14.40,2.40
2007.07.31 05:07:49.475,0.6749,0.675,10.40,2.40
2007.07.31 05:08:08.677,0.6749,0.67505,10.40,3.20
2007.07.31 05:08:09.401,0.6749,0.67505,14.40,3.20
2007.07.31 05:08:09.469,0.6749,0.67505,22.30,3.20
2007.07.31 05:08:10.750,0.6749,0.6751,22.30,35.20
2007.07.31 05:08:11.223,0.6749,0.67505,22.30,11.20
2007.07.31 05:08:11.251,0.6749,0.67505,22.30,13.60
2007.07.31 05:08:12.357,0.6749,0.67505,14.40,13.60
2007.07.31 05:08:12.473,0.6749,0.675,10.40,0.80
2007.07.31 05:08:18.778,0.6749,0.675,8.00,0.70
2007.07.31 05:08:18.806,0.67485,0.67505,8.80,13.60
2007.07.31 05:08:19.228,0.67485,0.67505,8.80,21.60
2007.07.31 05:08:19.693,0.6749,0.675,2.40,0.80
2007.07.31 05:08:19.734,0.6749,0.67505,10.40,21.60
2007.07.31 05:08:19.938,0.6749,0.67505,10.40,13.60
2007.07.31 05:08:20.210,0.6749,0.67505,8.00,13.60
2007.07.31 05:08:20.270,0.67485,0.67505,8.80,21.60
2007.07.31 05:08:21.204,0.67485,0.675,8.80,0.50
2007.07.31 05:08:21.891,0.67485,0.67505,8.80,21.60
2007.07.31 05:08:22.569,0.67485,0.67505,8.00,26.40
2007.07.31 05:08:24.711,0.67485,0.675,8.00,0.50
2007.07.31 05:08:24.866,0.67485,0.67505,4.00,34.40
2007.07.31 05:08:25.040,0.67485,0.675,4.00,0.70
2007.07.31 05:08:25.053,0.67485,0.67505,4.00,40.00
2007.07.31 05:08:25.152,0.67485,0.67505,4.00,40.80
2007.07.31 05:08:25.336,0.67485,0.67505,4.00,48.70
2007.07.31 05:08:25.366,0.6748,0.67505,23.20,48.70
2007.07.31 05:08:25.631,0.6748,0.67505,23.20,47.90
2007.07.31 05:08:25.748,0.6748,0.67505,23.20,46.20
2007.07.31 05:08:26.056,0.6748,0.675,23.20,0.60
2007.07.31 05:08:26.163,0.6748,0.67505,23.20,43.80
2007.07.31 05:08:26.464,0.6748,0.67505,23.20,42.30
2007.07.31 05:08:27.705,0.6748,0.675,23.20,0.80
2007.07.31 05:08:28.001,0.6748,0.6749,23.20,4.80
2007.07.31 05:08:28.406,0.6748,0.67485,19.20,0.80
2007.07.31 05:08:28.556,0.6748,0.67495,15.20,20.00
2007.07.31 05:08:28.628,0.6748,0.67495,10.40,24.00
2007.07.31 05:08:28.954,0.6748,0.6749,10.40,0.80
2007.07.31 05:08:29.580,0.6748,0.67495,18.40,13.60
2007.07.31 05:08:30.468,0.6748,0.675,18.40,0.60
2007.07.31 05:08:30.502,0.6748,0.67505,18.40,35.90
2007.07.31 05:08:30.668,0.6748,0.67505,22.40,35.90
2007.07.31 05:08:30.710,0.6748,0.67505,30.30,36.00
2007.07.31 05:08:31.935,0.6748,0.67505,30.30,35.20
2007.07.31 05:08:31.983,0.6748,0.67505,30.30,34.40
2007.07.31 05:08:32.103,0.6748,0.675,30.30,0.80
2007.07.31 05:08:33.322,0.6748,0.675,18.40,33.50
2007.07.31 05:08:33.377,0.6748,0.67495,14.40,0.70
2007.07.31 05:08:33.397,0.6748,0.67495,18.40,0.80
2007.07.31 05:08:33.831,0.6748,0.67495,14.40,0.50
2007.07.31 05:08:34.129,0.6748,0.675,16.80,29.50
2007.07.31 05:08:34.175,0.6748,0.67495,18.40,0.50
2007.07.31 05:08:34.448,0.6748,0.675,22.40,29.50
2007.07.31 05:08:35.275,0.6748,0.675,21.60,29.50
2007.07.31 05:08:35.378,0.6748,0.675,16.80,29.50
2007.07.31 05:08:35.523,0.6748,0.675,12.00,33.50
2007.07.31 05:08:35.617,0.6748,0.67495,11.20,0.60
2007.07.31 05:08:35.819,0.6748,0.67495,10.40,0.70
2007.07.31 05:08:37.958,0.6748,0.67495,14.40,0.70
2007.07.31 05:08:38.055,0.6748,0.675,22.30,29.60
2007.07.31 05:08:38.067,0.6748,0.675,22.30,28.80
2007.07.31 05:08:38.080,0.6748,0.675,26.30,23.20
2007.07.31 05:08:38.111,0.6748,0.675,30.30,19.20
2007.07.31 05:08:38.177,0.6748,0.675,30.30,0.80
2007.07.31 05:08:38.499,0.6748,0.67505,32.70,24.00
2007.07.31 05:08:39.530,0.6748,0.67505,33.50,24.00
2007.07.31 05:08:39.626,0.6748,0.67505,33.50,20.00
2007.07.31 05:08:39.641,0.6748,0.67505,34.30,20.00
2007.07.31 05:08:39.704,0.6748,0.675,35.10,0.80
2007.07.31 05:08:40.137,0.6748,0.67505,35.10,24.00
2007.07.31 05:08:43.256,0.6748,0.675,35.10,15.20
2007.07.31 05:08:43.465,0.6748,0.675,34.30,15.20
2007.07.31 05:08:43.565,0.6748,0.675,33.50,27.20
2007.07.31 05:08:43.647,0.6748,0.675,32.70,27.20
2007.07.31 05:08:44.167,0.67485,0.675,4.00,27.20
2007.07.31 05:08:44.202,0.67485,0.675,4.00,20.80
2007.07.31 05:08:44.218,0.67485,0.675,4.00,12.80
2007.07.31 05:08:44.815,0.67485,0.675,4.00,4.80
2007.07.31 05:08:45.036,0.67485,0.675,4.00,11.20
2007.07.31 05:08:45.087,0.6748,0.675,35.10,11.20
2007.07.31 05:08:45.142,0.6748,0.675,27.20,27.10
2007.07.31 05:08:45.223,0.6748,0.675,26.40,27.10
2007.07.31 05:08:45.315,0.6748,0.675,25.60,27.10
2007.07.31 05:08:45.695,0.6748,0.675,24.80,27.10
2007.07.31 05:08:46.116,0.6748,0.675,24.80,24.70
2007.07.31 05:08:46.147,0.6748,0.675,36.70,10.40
2007.07.31 05:08:46.235,0.67485,0.675,4.00,10.40
2007.07.31 05:08:46.564,0.67485,0.675,4.00,16.80
2007.07.31 05:08:46.634,0.6748,0.675,38.30,16.80
2007.07.31 05:08:46.655,0.6748,0.675,26.40,24.70
2007.07.31 05:08:46.746,0.6748,0.675,25.60,24.70
2007.07.31 05:08:46.869,0.6748,0.675,25.60,16.70
2007.07.31 05:08:46.894,0.6748,0.675,24.80,16.70
2007.07.31 05:08:47.279,0.6748,0.675,24.80,24.70
2007.07.31 05:08:47.487,0.6748,0.675,24.80,18.30
2007.07.31 05:08:47.693,0.6748,0.675,36.70,10.40
2007.07.31 05:08:47.779,0.67485,0.675,4.00,10.40
2007.07.31 05:08:48.018,0.67485,0.675,4.00,12.80
2007.07.31 05:08:48.093,0.6748,0.675,35.10,12.80
2007.07.31 05:08:48.112,0.6748,0.675,27.20,24.70
2007.07.31 05:08:48.325,0.6748,0.675,27.20,16.70
2007.07.31 05:08:48.526,0.6748,0.675,27.20,12.70
2007.07.31 05:08:49.059,0.6748,0.675,26.40,10.30
2007.07.31 05:08:49.113,0.67485,0.675,4.00,10.30
2007.07.31 05:08:49.162,0.67485,0.675,4.00,2.40
2007.07.31 05:08:49.187,0.67485,0.675,8.00,2.40
2007.07.31 05:08:50.100,0.6749,0.675,4.00,2.40
2007.07.31 05:08:50.516,0.6749,0.675,12.00,2.40
2007.07.31 05:08:50.555,0.6749,0.6751,19.20,34.30
2007.07.31 05:08:50.614,0.6749,0.6751,27.90,38.30
2007.07.31 05:08:50.734,0.6749,0.6751,28.70,38.30
2007.07.31 05:08:50.756,0.6749,0.6751,29.50,38.30
2007.07.31 05:08:50.774,0.6749,0.6751,30.30,38.30
2007.07.31 05:08:50.824,0.6749,0.6751,32.70,37.50
2007.07.31 05:08:50.865,0.6749,0.6751,35.10,36.70
2007.07.31 05:08:51.048,0.6749,0.6751,35.10,35.90
2007.07.31 05:08:51.557,0.6749,0.6751,35.90,35.90
2007.07.31 05:08:51.575,0.67495,0.6751,0.80,35.90
2007.07.31 05:08:51.855,0.67495,0.6751,0.80,31.90
2007.07.31 05:08:51.884,0.67495,0.6751,1.60,31.90
2007.07.31 05:08:52.097,0.67495,0.6751,1.60,27.90
2007.07.31 05:08:52.264,0.67495,0.6751,1.60,23.90
2007.07.31 05:08:52.371,0.67495,0.6751,1.60,19.90
2007.07.31 05:08:53.000,0.67495,0.6751,1.60,19.10
2007.07.31 05:08:53.094,0.67495,0.6751,1.60,21.50
2007.07.31 05:08:54.330,0.67495,0.67515,1.60,27.90
2007.07.31 05:08:56.210,0.67495,0.67515,1.60,25.50
2007.07.31 05:08:58.033,0.67495,0.67515,1.60,22.30
2007.07.31 05:08:58.093,0.67495,0.6751,1.60,0.90
2007.07.31 05:08:58.247,0.67505,0.67515,0.80,13.50
2007.07.31 05:08:58.301,0.6751,0.67515,4.00,4.80
2007.07.31 05:08:58.325,0.6751,0.67525,4.00,19.80
2007.07.31 05:08:58.493,0.6751,0.6752,4.00,0.80
2007.07.31 05:08:58.553,0.6751,0.6752,4.00,0.50
2007.07.31 05:08:58.583,0.6751,0.67525,4.00,16.00
2007.07.31 05:08:58.691,0.6751,0.67525,4.00,16.80
2007.07.31 05:08:58.758,0.6751,0.67525,4.00,19.20
2007.07.31 05:08:58.799,0.67505,0.67525,5.60,23.20
2007.07.31 05:08:58.870,0.67505,0.67525,4.80,23.20
2007.07.31 05:08:58.908,0.67505,0.67525,4.80,15.20
2007.07.31 05:08:58.964,0.67505,0.6752,4.00,0.70
2007.07.31 05:08:59.001,0.6751,0.67525,8.00,13.60
2007.07.31 05:08:59.071,0.6751,0.67525,10.40,13.60
2007.07.31 05:08:59.119,0.6751,0.6752,14.40,0.80
2007.07.31 05:08:59.160,0.6751,0.6752,14.40,0.90
2007.07.31 05:08:59.415,0.6751,0.67525,10.40,8.80
2007.07.31 05:08:59.483,0.6751,0.6752,8.00,0.90
2007.07.31 05:08:59.524,0.67505,0.6752,8.80,0.80
2007.07.31 05:08:59.575,0.67505,0.67525,8.80,0.70
2007.07.31 05:08:59.683,0.67505,0.6753,12.00,41.50
2007.07.31 05:08:59.791,0.67505,0.67525,10.40,0.60
2007.07.31 05:09:00.034,0.6751,0.6753,15.90,41.50
2007.07.31 05:09:00.104,0.6751,0.6753,22.30,41.50
2007.07.31 05:09:00.157,0.6751,0.67525,26.30,0.70
2007.07.31 05:09:00.293,0.6751,0.67525,26.30,0.70
2007.07.31 05:09:00.309,0.6751,0.67535,26.30,46.30
2007.07.31 05:09:01.703,0.6751,0.6753,18.30,0.70
2007.07.31 05:09:01.899,0.6751,0.67525,18.30,8.80
2007.07.31 05:09:01.956,0.6751,0.67525,15.90,12.80
2007.07.31 05:09:02.326,0.6751,0.6752,8.00,0.90
2007.07.31 05:09:02.381,0.6751,0.6752,4.00,0.90
2007.07.31 05:09:04.716,0.6751,0.6752,12.00,0.90
2007.07.31 05:09:04.736,0.6751,0.67525,14.40,0.90
2007.07.31 05:09:04.945,0.6751,0.6753,14.40,47.00
2007.07.31 05:09:05.039,0.6751,0.6753,12.00,47.00
2007.07.31 05:09:05.133,0.6751,0.67525,4.00,11.90
2007.07.31 05:09:05.237,0.67505,0.67525,0.80,19.90
2007.07.31 05:09:05.262,0.675,0.6752,28.70,0.80
2007.07.31 05:09:05.458,0.67505,0.67525,4.00,13.60
2007.07.31 05:09:05.547,0.6751,0.67525,23.80,13.60
2007.07.31 05:09:05.560,0.67515,0.67525,4.80,14.40
2007.07.31 05:09:05.657,0.67515,0.67525,4.80,0.50
2007.07.31 05:09:05.663,0.67515,0.67525,4.80,0.70
2007.07.31 05:09:05.781,0.67515,0.6753,4.80,28.80
2007.07.31 05:09:07.069,0.67515,0.6753,4.00,30.40
2007.07.31 05:09:07.117,0.67515,0.67525,4.00,0.80
2007.07.31 05:09:07.300,0.67515,0.6752,4.00,0.80
2007.07.31 05:09:07.325,0.67515,0.67525,4.00,3.20
2007.07.31 05:09:07.401,0.6751,0.6752,37.40,0.80
2007.07.31 05:09:07.434,0.6751,0.6752,29.50,0.60
2007.07.31 05:09:07.466,0.6751,0.6752,29.50,0.70
2007.07.31 05:09:07.504,0.6751,0.6752,23.10,0.60
2007.07.31 05:09:07.537,0.6751,0.67525,7.20,14.40
2007.07.31 05:09:07.621,0.6751,0.67525,4.00,14.40
2007.07.31 05:09:07.720,0.675,0.67525,32.70,16.80
2007.07.31 05:09:07.794,0.67505,0.67525,4.00,20.80
2007.07.31 05:09:08.603,0.675,0.67525,40.70,20.80
2007.07.31 05:09:08.737,0.675,0.67525,40.70,24.80
2007.07.31 05:09:13.574,0.675,0.6752,39.90,0.60
2007.07.31 05:09:13.641,0.675,0.67525,36.70,37.60
2007.07.31 05:09:13.838,0.675,0.6752,36.70,0.70
2007.07.31 05:09:13.933,0.675,0.67525,36.70,25.60
2007.07.31 05:09:14.043,0.67505,0.67525,4.00,20.80
2007.07.31 05:09:14.057,0.67505,0.6752,4.00,0.60
2007.07.31 05:09:14.090,0.6751,0.6752,2.40,0.80
2007.07.31 05:09:14.148,0.6751,0.67525,10.40,8.00
2007.07.31 05:09:14.189,0.6751,0.6752,14.40,0.70
2007.07.31 05:09:14.262,0.6751,0.6752,22.30,0.90
2007.07.31 05:09:14.300,0.6751,0.6752,26.30,0.70
2007.07.31 05:09:14.321,0.6751,0.67525,27.10,7.20
2007.07.31 05:09:14.350,0.6751,0.67525,31.10,7.20
2007.07.31 05:09:14.468,0.6751,0.67525,31.10,3.20
2007.07.31 05:09:14.816,0.6751,0.67525,31.10,0.70
2007.07.31 05:09:15.111,0.6751,0.6753,39.10,31.90
2007.07.31 05:09:16.229,0.6751,0.6753,37.70,23.10
2007.07.31 05:09:16.239,0.6751,0.6753,36.40,23.10
2007.07.31 05:09:16.669,0.6751,0.67525,40.40,0.90
2007.07.31 05:09:17.257,0.6751,0.6753,41.70,19.10
2007.07.31 05:09:17.376,0.6751,0.6753,43.10,19.10
2007.07.31 05:09:17.551,0.6751,0.6753,43.90,19.10
2007.07.31 05:09:17.781,0.6751,0.67535,43.90,19.90
2007.07.31 05:09:17.822,0.6751,0.67535,43.90,19.90
2007.07.31 05:09:17.974,0.6751,0.67535,44.70,19.90
2007.07.31 05:09:21.600,0.6751,0.6753,47.10,15.10
2007.07.31 05:09:23.051,0.6751,0.6753,39.10,12.70
2007.07.31 05:09:23.267,0.6751,0.6753,39.90,4.80
2007.07.31 05:09:23.289,0.6752,0.6753,10.40,4.80
2007.07.31 05:09:24.064,0.6751,0.6753,39.90,4.80
2007.07.31 05:09:24.189,0.6751,0.6753,40.70,4.80
2007.07.31 05:09:24.350,0.6752,0.6753,10.40,4.80
2007.07.31 05:09:25.701,0.6752,0.6753,10.40,2.40
2007.07.31 05:09:25.763,0.6752,0.6753,12.00,2.40
2007.07.31 05:09:25.819,0.6752,0.6753,13.60,2.40
2007.07.31 05:09:25.955,0.6752,0.6753,15.20,2.40
2007.07.31 05:09:25.985,0.6752,0.6753,16.00,2.40
2007.07.31 05:09:26.121,0.6752,0.6753,17.60,2.40
2007.07.31 05:09:26.362,0.6752,0.67535,10.40,6.40
2007.07.31 05:09:26.574,0.6752,0.67535,10.40,2.40
2007.07.31 05:09:26.739,0.6752,0.6754,10.40,35.00
2007.07.31 05:09:26.869,0.6752,0.6753,10.40,2.40
2007.07.31 05:09:26.890,0.6752,0.6753,10.40,6.40
2007.07.31 05:09:27.104,0.6752,0.6754,10.40,31.80
2007.07.31 05:09:27.302,0.6752,0.6754,10.40,38.20
2007.07.31 05:09:27.924,0.6752,0.6754,11.20,38.20
2007.07.31 05:09:27.956,0.6752,0.6754,12.00,40.60
2007.07.31 05:09:28.168,0.6752,0.6754,12.80,40.60
2007.07.31 05:09:28.362,0.6752,0.6754,20.80,40.60
2007.07.31 05:09:28.664,0.6752,0.6754,20.80,38.20
2007.07.31 05:09:28.903,0.6752,0.6754,20.80,37.40
2007.07.31 05:09:29.096,0.6752,0.67535,20.80,3.20
2007.07.31 05:09:29.194,0.6752,0.67535,20.80,2.40
2007.07.31 05:09:29.692,0.6752,0.6753,20.80,8.00
2007.07.31 05:09:29.707,0.6752,0.6753,20.80,10.40
2007.07.31 05:09:29.894,0.6752,0.6753,12.80,10.40
2007.07.31 05:09:30.111,0.6752,0.6753,20.80,10.40
2007.07.31 05:09:31.564,0.6752,0.67535,20.80,12.80
2007.07.31 05:09:34.124,0.6752,0.67535,24.80,10.40
2007.07.31 05:09:34.162,0.6752,0.67535,31.90,0.50
2007.07.31 05:09:34.178,0.6752,0.6754,31.10,35.90
2007.07.31 05:09:34.269,0.6752,0.6754,35.10,27.90
2007.07.31 05:09:34.331,0.6752,0.67535,37.50,0.70
2007.07.31 05:09:34.414,0.6752,0.6754,38.30,27.90
2007.07.31 05:09:34.738,0.6752,0.67545,38.30,30.30
2007.07.31 05:09:35.181,0.6752,0.6754,38.30,0.50
2007.07.31 05:09:35.202,0.6752,0.67545,42.30,26.30
2007.07.31 05:09:35.256,0.6752,0.6754,42.30,27.90
2007.07.31 05:09:37.693,0.67525,0.6754,4.00,19.20
2007.07.31 05:09:37.822,0.67525,0.6754,4.00,0.70
2007.07.31 05:09:43.059,0.6753,0.6754,8.00,0.50
2007.07.31 05:09:43.174,0.6753,0.67545,12.00,5.60
2007.07.31 05:09:43.270,0.6753,0.67555,26.30,33.60
2007.07.31 05:09:43.374,0.6753,0.67555,30.30,33.60
2007.07.31 05:09:43.411,0.6753,0.67555,31.10,33.60
2007.07.31 05:09:43.573,0.6753,0.67555,35.10,33.60
2007.07.31 05:09:43.694,0.6753,0.67555,35.10,28.70
2007.07.31 05:09:43.829,0.6753,0.67555,35.10,27.90
2007.07.31 05:09:43.894,0.6753,0.67545,43.10,0.90
2007.07.31 05:09:43.970,0.6753,0.6755,47.10,28.70
2007.07.31 05:09:44.296,0.6753,0.67555,47.10,27.10
2007.07.31 05:09:44.698,0.67535,0.6755,0.80,0.80
2007.07.31 05:09:44.737,0.67535,0.67555,1.60,27.10
2007.07.31 05:09:44.804,0.67535,0.6755,1.60,24.70
2007.07.31 05:09:45.215,0.6754,0.6755,0.80,24.70
2007.07.31 05:09:45.267,0.6754,0.67545,1.60,0.50
2007.07.31 05:09:45.279,0.6753,0.67545,46.30,0.60
2007.07.31 05:09:45.691,0.6753,0.67545,47.10,0.70
2007.07.31 05:09:45.828,0.6753,0.67555,47.10,27.10
2007.07.31 05:09:45.985,0.6753,0.6755,50.30,0.80
2007.07.31 05:09:46.064,0.6754,0.6755,0.80,0.80
2007.07.31 05:09:46.139,0.67535,0.6755,0.80,22.30
2007.07.31 05:09:46.546,0.67535,0.6755,1.60,21.50
2007.07.31 05:09:47.175,0.6754,0.67545,4.00,0.70
2007.07.31 05:09:47.276,0.6754,0.6756,4.00,0.90
2007.07.31 05:09:47.336,0.6754,0.6757,4.00,16.70
2007.07.31 05:09:47.409,0.67555,0.6756,4.00,0.70
2007.07.31 05:09:47.583,0.6756,0.6757,4.00,18.20
2007.07.31 05:09:47.637,0.6756,0.67575,4.00,10.70
2007.07.31 05:09:47.688,0.6756,0.67585,4.00,20.80
2007.07.31 05:09:47.729,0.6756,0.6758,8.00,0.90
2007.07.31 05:09:47.850,0.6756,0.67585,11.90,27.90
2007.07.31 05:09:48.102,0.6756,0.6758,11.90,0.70
2007.07.31 05:09:48.153,0.6756,0.67585,15.90,31.10
2007.07.31 05:09:48.201,0.6756,0.6757,19.10,0.80
2007.07.31 05:09:48.243,0.6756,0.6758,19.90,32.70
2007.07.31 05:09:48.279,0.6756,0.6758,20.70,32.70
2007.07.31 05:09:48.578,0.6756,0.67575,24.70,0.80
2007.07.31 05:09:48.681,0.6756,0.6758,32.70,12.80
2007.07.31 05:09:48.719,0.67565,0.6758,4.00,0.80
2007.07.31 05:09:48.786,0.6757,0.67585,4.00,7.20
2007.07.31 05:09:48.931,0.6757,0.67585,4.00,3.20
2007.07.31 05:09:48.979,0.6757,0.6759,4.00,26.30
2007.07.31 05:09:49.433,0.6757,0.6759,4.00,25.50
2007.07.31 05:09:50.215,0.6757,0.6759,4.00,25.50
2007.07.31 05:09:50.236,0.67565,0.6759,8.00,33.50
2007.07.31 05:09:50.252,0.67565,0.6759,8.00,38.30
2007.07.31 05:09:50.642,0.67565,0.67585,8.00,10.40
2007.07.31 05:09:50.727,0.67565,0.67585,4.00,10.40
2007.07.31 05:09:50.761,0.67565,0.67585,4.00,14.40
2007.07.31 05:09:51.188,0.67565,0.67585,4.00,12.00
2007.07.31 05:09:51.251,0.67565,0.67585,8.00,8.00
2007.07.31 05:09:51.275,0.6757,0.6759,4.00,43.90
2007.07.31 05:09:52.733,0.67565,0.6758,8.00,0.60
2007.07.31 05:09:52.863,0.67565,0.67585,4.00,12.00
2007.07.31 05:09:55.689,0.67565,0.67585,4.00,14.40
2007.07.31 05:09:55.717,0.67565,0.6758,4.00,0.50
2007.07.31 05:09:55.792,0.6756,0.67585,46.30,22.40
2007.07.31 05:09:55.836,0.6756,0.67585,38.30,30.30
2007.07.31 05:09:56.201,0.6756,0.6758,38.30,0.60
2007.07.31 05:09:57.182,0.6756,0.6758,38.30,0.80
2007.07.31 05:09:58.142,0.6756,0.67585,34.30,26.30
2007.07.31 05:09:58.224,0.6756,0.6758,26.40,0.70
2007.07.31 05:09:58.255,0.6756,0.67575,22.40,6.40
2007.07.31 05:09:58.329,0.6756,0.67575,14.40,6.40
2007.07.31 05:09:58.961,0.6756,0.6757,12.80,2.40
2007.07.31 05:09:59.262,0.6756,0.6757,4.80,2.40
2007.07.31 05:09:59.963,0.6756,0.6757,4.80,6.40
2007.07.31 05:10:00.179,0.6756,0.6757,4.00,6.40
2007.07.31 05:10:00.187,0.6756,0.6757,3.20,6.40
2007.07.31 05:10:00.288,0.6756,0.6757,3.20,2.40
2007.07.31 05:10:00.346,0.6756,0.6757,2.40,2.40
2007.07.31 05:10:03.695,0.6756,0.67575,2.40,7.20
2007.07.31 05:10:04.106,0.6756,0.6757,2.40,10.40
2007.07.31 05:10:04.228,0.6756,0.6757,4.00,10.40
2007.07.31 05:10:04.308,0.6756,0.6757,4.80,10.40
2007.07.31 05:10:05.652,0.67555,0.6757,18.40,10.40
2007.07.31 05:10:09.612,0.67555,0.6757,18.40,2.40
2007.07.31 05:10:09.644,0.6756,0.6757,1.60,2.40
2007.07.31 05:10:09.670,0.6756,0.67575,1.90,7.20
2007.07.31 05:10:09.715,0.6756,0.67575,1.40,7.20
2007.07.31 05:10:09.764,0.67555,0.67575,12.80,7.20
2007.07.31 05:10:09.823,0.6756,0.67575,1.60,7.20
2007.07.31 05:10:09.890,0.6756,0.67575,1.10,7.20
2007.07.31 05:10:09.965,0.67555,0.67575,15.20,7.20
2007.07.31 05:10:10.192,0.67555,0.6757,14.40,2.40
2007.07.31 05:10:10.242,0.67555,0.6757,13.60,2.40
2007.07.31 05:10:10.374,0.67555,0.6757,12.80,2.40
2007.07.31 05:10:10.387,0.67555,0.6757,12.00,2.40
2007.07.31 05:10:11.602,0.67555,0.67575,15.20,7.20
2007.07.31 05:10:12.718,0.6756,0.67575,2.10,3.20
2007.07.31 05:10:12.749,0.67555,0.67575,13.60,2.40
2007.07.31 05:10:12.840,0.6756,0.67575,9.30,2.40
2007.07.31 05:10:12.919,0.67555,0.67575,51.30,2.40
2007.07.31 05:10:12.993,0.67565,0.67575,3.20,2.40
2007.07.31 05:10:13.264,0.6757,0.67575,1.40,3.20
2007.07.31 05:10:13.277,0.6756,0.67575,24.20,3.20
2007.07.31 05:10:13.457,0.6756,0.67575,1.10,3.20
2007.07.31 05:10:13.860,0.6756,0.67575,1.20,3.20
2007.07.31 05:10:13.953,0.6756,0.67575,1.60,3.20
2007.07.31 05:10:14.277,0.67555,0.67575,24.80,3.20
2007.07.31 05:10:14.782,0.6756,0.67575,2.50,3.20
2007.07.31 05:10:16.628,0.6756,0.6757,3.20,2.40
2007.07.31 05:10:17.407,0.6756,0.6757,1.00,2.40
2007.07.31 05:10:18.176,0.6756,0.67575,1.60,6.40
2007.07.31 05:10:18.312,0.6756,0.67575,6.50,6.40
2007.07.31 05:10:18.378,0.67555,0.67575,32.80,2.40
2007.07.31 05:10:18.404,0.67555,0.67575,44.70,2.40
2007.07.31 05:10:18.729,0.67555,0.6757,33.60,8.00
2007.07.31 05:10:18.782,0.67555,0.6757,26.40,10.40
2007.07.31 05:10:18.833,0.6756,0.6757,4.10,10.40
2007.07.31 05:10:18.889,0.6756,0.6757,8.00,10.40
2007.07.31 05:10:18.904,0.6756,0.6757,2.50,10.40
2007.07.31 05:10:18.936,0.6756,0.6757,2.60,10.40
2007.07.31 05:10:19.095,0.67555,0.6757,21.60,10.40
2007.07.31 05:10:19.139,0.6756,0.6757,3.60,10.40
2007.07.31 05:10:19.306,0.6756,0.6757,0.70,10.40
2007.07.31 05:10:19.764,0.6756,0.6757,0.90,10.40
2007.07.31 05:10:19.864,0.67555,0.6757,12.00,14.40
2007.07.31 05:10:19.910,0.6756,0.6757,0.50,16.80
2007.07.31 05:10:20.757,0.67555,0.6757,11.20,14.40
2007.07.31 05:10:22.154,0.6756,0.6757,0.50,6.40
2007.07.31 05:10:22.299,0.67555,0.6757,19.10,6.40
2007.07.31 05:10:22.325,0.67555,0.6757,27.10,4.00
2007.07.31 05:10:22.362,0.67555,0.67575,31.10,6.40
2007.07.31 05:10:22.475,0.67555,0.67575,35.10,6.40
2007.07.31 05:10:22.569,0.67555,0.67575,35.90,6.40
2007.07.31 05:10:22.607,0.67555,0.67575,36.70,6.40
2007.07.31 05:10:22.687,0.6756,0.67575,1.10,6.40
2007.07.31 05:10:22.889,0.67555,0.67575,40.70,6.40
2007.07.31 05:10:25.149,0.6756,0.67575,12.10,6.40
2007.07.31 05:10:25.181,0.67555,0.6757,38.30,2.40
2007.07.31 05:10:25.274,0.67555,0.6757,35.10,2.40
2007.07.31 05:10:25.352,0.6756,0.6757,2.40,6.40
2007.07.31 05:10:25.371,0.67555,0.6757,15.20,6.40
2007.07.31 05:10:25.678,0.67555,0.6757,9.60,6.40
2007.07.31 05:10:25.802,0.6756,0.6757,0.90,6.40
2007.07.31 05:10:26.931,0.67555,0.6757,11.20,8.80
2007.07.31 05:10:27.330,0.67555,0.6757,11.20,6.40
2007.07.31 05:10:39.255,0.6756,0.6757,4.00,6.40
2007.07.31 05:10:39.261,0.6756,0.6757,4.80,6.40
2007.07.31 05:10:39.557,0.6756,0.6757,6.40,6.40
2007.07.31 05:10:44.846,0.6756,0.6757,4.80,6.40
2007.07.31 05:10:45.029,0.6756,0.6757,2.40,6.40
2007.07.31 05:10:45.419,0.6756,0.6757,2.40,8.80
2007.07.31 05:10:46.011,0.6756,0.67575,2.40,13.60
2007.07.31 05:10:46.854,0.6756,0.6757,2.40,6.40
2007.07.31 05:10:50.747,0.6756,0.6757,2.40,8.80
2007.07.31 05:10:52.723,0.67555,0.6757,4.00,8.80
2007.07.31 05:10:52.812,0.67555,0.6757,4.00,12.80
2007.07.31 05:10:52.820,0.6755,0.6757,39.00,12.80
2007.07.31 05:10:52.848,0.6755,0.6757,27.10,24.70
2007.07.31 05:10:52.917,0.6755,0.6757,24.70,24.70
2007.07.31 05:10:53.019,0.6755,0.6757,23.90,24.70
2007.07.31 05:10:53.054,0.6755,0.6757,23.10,24.70
2007.07.31 05:10:53.078,0.6755,0.6757,22.30,24.70
2007.07.31 05:10:53.775,0.6755,0.6757,16.70,24.70
2007.07.31 05:10:54.922,0.6755,0.6757,16.70,28.70
2007.07.31 05:10:54.958,0.6755,0.6757,16.70,29.50
2007.07.31 05:10:54.977,0.6755,0.6757,16.70,31.10
2007.07.31 05:10:55.767,0.6755,0.6757,20.70,31.10
2007.07.31 05:10:55.787,0.67555,0.6757,4.00,31.10
2007.07.31 05:10:55.847,0.67555,0.6757,4.00,27.20
2007.07.31 05:10:56.099,0.67555,0.6757,4.00,26.40
2007.07.31 05:10:56.185,0.67555,0.6757,4.00,21.60
2007.07.31 05:10:56.240,0.67555,0.6757,4.00,20.80
2007.07.31 05:10:56.341,0.67555,0.6757,4.00,20.00
2007.07.31 05:10:56.380,0.67555,0.6757,4.00,9.60
2007.07.31 05:10:56.416,0.67555,0.6757,4.00,8.80
2007.07.31 05:10:56.624,0.67555,0.6757,4.00,4.80
2007.07.31 05:10:58.302,0.6755,0.6757,38.30,4.80
2007.07.31 05:10:58.343,0.6755,0.6757,37.60,16.70
2007.07.31 05:10:58.409,0.6755,0.6757,37.00,16.70
2007.07.31 05:10:58.446,0.6755,0.6757,33.00,20.70
2007.07.31 05:10:58.503,0.6755,0.6757,29.00,24.70
2007.07.31 05:10:58.650,0.6755,0.6757,27.20,24.70
2007.07.31 05:10:58.759,0.6755,0.6757,26.40,27.10
2007.07.31 05:10:58.826,0.6755,0.6757,24.70,27.10
2007.07.31 05:10:58.965,0.6755,0.6757,16.70,27.10
2007.07.31 05:10:59.427,0.6755,0.6757,16.70,28.70
2007.07.31 05:10:59.491,0.6755,0.6757,16.70,30.30
2007.07.31 05:10:59.568,0.6755,0.6757,16.70,31.10
2007.07.31 05:11:01.749,0.6755,0.6757,6.40,31.10
2007.07.31 05:11:01.796,0.6755,0.6756,2.40,2.40
2007.07.31 05:11:02.196,0.6755,0.6756,2.40,4.80
2007.07.31 05:11:02.274,0.6754,0.6756,33.40,4.80
2007.07.31 05:11:02.280,0.6754,0.6756,32.70,12.70
2007.07.31 05:11:02.359,0.6754,0.6756,32.70,16.70
2007.07.31 05:11:07.754,0.6754,0.6756,32.70,20.70
2007.07.31 05:11:07.863,0.6754,0.6756,28.70,20.70
2007.07.31 05:11:08.018,0.6754,0.6756,24.70,20.70
2007.07.31 05:11:08.076,0.6754,0.6756,24.70,24.70
2007.07.31 05:11:08.777,0.6754,0.6756,28.70,24.70
2007.07.31 05:11:08.815,0.6754,0.6756,28.70,20.70
2007.07.31 05:11:08.911,0.6754,0.6756,28.70,24.70
2007.07.31 05:11:09.069,0.6754,0.6756,24.70,24.70
2007.07.31 05:11:09.747,0.6754,0.6756,24.70,27.10
2007.07.31 05:11:10.253,0.6754,0.6756,24.70,24.70
2007.07.31 05:11:10.493,0.6754,0.6756,28.70,20.70
2007.07.31 05:11:10.515,0.6754,0.6756,28.70,20.70
2007.07.31 05:11:10.781,0.6754,0.6756,20.70,23.10
2007.07.31 05:11:10.888,0.6754,0.6756,20.70,27.10
2007.07.31 05:11:11.025,0.6754,0.6756,16.70,27.10
2007.07.31 05:11:11.205,0.6754,0.6756,24.70,27.10
2007.07.31 05:11:11.296,0.6754,0.6756,28.70,27.10
2007.07.31 05:11:11.360,0.6754,0.6756,28.70,24.70
2007.07.31 05:11:11.394,0.6754,0.6756,28.70,20.70
2007.07.31 05:11:11.710,0.6754,0.6756,28.70,23.10
2007.07.31 05:11:12.307,0.67545,0.6756,4.00,23.10
2007.07.31 05:11:12.325,0.67545,0.6756,4.00,19.10
2007.07.31 05:11:12.349,0.67545,0.6756,4.00,4.80
2007.07.31 05:11:14.109,0.67545,0.6756,4.00,8.80
2007.07.31 05:11:14.358,0.6754,0.6756,32.60,8.80
2007.07.31 05:11:14.405,0.6754,0.6756,24.70,16.70
2007.07.31 05:11:14.726,0.6754,0.6756,24.70,20.70
2007.07.31 05:11:14.855,0.6754,0.6756,14.30,27.10
2007.07.31 05:11:15.353,0.6754,0.6756,16.70,27.10
2007.07.31 05:11:15.403,0.67545,0.6756,4.00,27.10
2007.07.31 05:11:15.444,0.67545,0.6756,4.00,23.20
2007.07.31 05:11:15.673,0.67545,0.6756,4.00,15.20
2007.07.31 05:11:15.767,0.67545,0.6756,4.00,19.20
2007.07.31 05:11:15.866,0.67545,0.6756,4.00,23.20
2007.07.31 05:11:15.916,0.67545,0.6756,4.00,27.20
2007.07.31 05:11:16.417,0.6754,0.6756,32.60,27.20
2007.07.31 05:11:16.477,0.6754,0.6756,24.70,27.20
2007.07.31 05:11:18.264,0.6754,0.6756,22.30,27.20
2007.07.31 05:11:18.349,0.6754,0.6756,4.00,27.10
2007.07.31 05:11:18.382,0.67535,0.6756,10.60,27.10
2007.07.31 05:11:18.555,0.67535,0.6756,10.60,28.70
2007.07.31 05:11:18.588,0.67535,0.67555,9.70,4.00
2007.07.31 05:11:18.760,0.67535,0.6755,9.70,4.00
2007.07.31 05:11:18.798,0.67535,0.6755,8.80,4.00
2007.07.31 05:11:18.888,0.67535,0.6755,8.00,4.00
2007.07.31 05:11:18.959,0.67535,0.67555,8.00,4.00
2007.07.31 05:11:19.437,0.67535,0.67555,4.00,4.00
2007.07.31 05:11:19.475,0.67535,0.6755,4.00,4.00
2007.07.31 05:11:23.354,0.67535,0.6755,8.00,4.00
2007.07.31 05:11:23.420,0.6754,0.67555,8.00,2.40
2007.07.31 05:11:23.812,0.6754,0.67555,4.00,2.40
2007.07.31 05:11:23.933,0.6754,0.6756,4.00,28.70
2007.07.31 05:11:24.331,0.6754,0.6756,10.40,28.70
2007.07.31 05:11:24.381,0.6754,0.6756,20.70,28.80
2007.07.31 05:11:24.440,0.6754,0.67555,20.70,2.40
2007.07.31 05:11:24.799,0.6754,0.67555,28.70,2.40
2007.07.31 05:11:25.355,0.6754,0.6756,28.70,24.80
2007.07.31 05:11:25.965,0.6754,0.67555,28.70,2.40
2007.07.31 05:11:28.506,0.6754,0.67555,31.10,2.40
2007.07.31 05:11:28.528,0.6754,0.67555,31.90,2.40
2007.07.31 05:11:28.756,0.6754,0.67555,34.30,2.40
2007.07.31 05:11:30.797,0.6754,0.67555,31.90,2.40
2007.07.31 05:11:30.822,0.6754,0.67555,31.10,2.40
2007.07.31 05:11:31.006,0.6754,0.67555,28.70,2.40
2007.07.31 05:11:31.311,0.6754,0.67555,26.30,2.40
2007.07.31 05:11:31.403,0.6754,0.67555,8.00,2.40
2007.07.31 05:11:33.782,0.6754,0.6756,26.30,27.20
2007.07.31 05:11:37.817,0.6754,0.6756,26.30,32.80
2007.07.31 05:11:37.939,0.6754,0.6756,28.70,24.80
2007.07.31 05:11:37.982,0.67545,0.6756,4.00,24.80
2007.07.31 05:11:38.145,0.67545,0.6756,4.00,16.80
2007.07.31 05:11:38.372,0.67545,0.6756,4.00,19.20
2007.07.31 05:11:38.412,0.6754,0.6756,28.70,19.20
2007.07.31 05:11:38.449,0.6754,0.6756,20.80,31.20
2007.07.31 05:11:40.324,0.6754,0.6756,18.40,31.20
2007.07.31 05:11:40.433,0.6754,0.6756,12.80,31.10
2007.07.31 05:11:40.862,0.67535,0.6756,24.80,31.10
2007.07.31 05:11:42.397,0.6754,0.6756,1.50,31.10
2007.07.31 05:11:43.838,0.6754,0.6756,3.90,31.10
2007.07.31 05:11:43.933,0.6754,0.6756,0.70,31.10
2007.07.31 05:11:44.160,0.67535,0.6756,32.80,35.10
2007.07.31 05:11:45.925,0.67535,0.6756,22.40,31.10
2007.07.31 05:11:52.363,0.6754,0.6756,3.60,31.10
2007.07.31 05:11:52.460,0.6754,0.6755,1.20,8.00
2007.07.31 05:11:52.469,0.6754,0.6755,0.70,10.40
2007.07.31 05:11:56.892,0.67535,0.6755,11.20,10.40
2007.07.31 05:11:56.987,0.67535,0.6755,19.10,10.40
2007.07.31 05:11:58.764,0.67535,0.6755,23.90,14.40
2007.07.31 05:12:00.510,0.6754,0.6755,4.70,14.40
2007.07.31 05:12:00.538,0.6754,0.6755,0.90,14.40
2007.07.31 05:12:02.458,0.67535,0.6755,0.50,14.40
2007.07.31 05:12:02.656,0.67535,0.6755,2.40,16.80
2007.07.31 05:12:04.358,0.6754,0.6755,1.20,16.80
2007.07.31 05:12:04.395,0.67535,0.6755,15.20,16.80
2007.07.31 05:12:05.152,0.6754,0.6755,5.40,14.40
2007.07.31 05:12:12.338,0.6754,0.6755,8.00,14.40
2007.07.31 05:12:12.447,0.6753,0.6755,23.20,14.40
2007.07.31 05:12:12.454,0.6753,0.6755,19.20,18.40
2007.07.31 05:12:12.469,0.6753,0.6755,20.80,30.30
2007.07.31 05:12:12.539,0.6753,0.6755,20.80,32.70
2007.07.31 05:12:13.877,0.6753,0.6755,18.40,32.70
2007.07.31 05:12:13.981,0.6753,0.6755,8.00,32.70
2007.07.31 05:12:13.992,0.6753,0.67545,8.00,4.00
2007.07.31 05:12:14.072,0.6753,0.67545,4.00,4.00
2007.07.31 05:12:14.090,0.67525,0.67545,9.60,4.00
2007.07.31 05:12:14.169,0.67525,0.67545,8.80,4.00
2007.07.31 05:12:14.249,0.67525,0.67545,8.00,4.00
2007.07.31 05:12:14.392,0.67535,0.67545,4.00,4.00
2007.07.31 05:12:14.514,0.67535,0.6755,4.00,20.80
2007.07.31 05:12:14.590,0.67535,0.6755,4.00,18.40
2007.07.31 05:12:15.934,0.6753,0.6755,35.00,18.40
2007.07.31 05:12:15.967,0.6753,0.6755,26.30,22.30
2007.07.31 05:12:16.027,0.6753,0.67545,26.30,2.40
2007.07.31 05:12:16.118,0.6753,0.67545,22.30,2.40
2007.07.31 05:12:16.885,0.6753,0.67545,24.70,2.40
2007.07.31 05:12:17.102,0.6753,0.67545,32.70,2.40
2007.07.31 05:12:20.494,0.6753,0.67545,36.70,2.40
2007.07.31 05:12:20.539,0.67535,0.67545,4.00,2.40
2007.07.31 05:12:21.555,0.6753,0.67545,36.70,2.40
2007.07.31 05:12:21.888,0.6753,0.67545,34.30,2.40
2007.07.31 05:12:22.057,0.6753,0.67545,30.30,2.40
2007.07.31 05:12:22.307,0.6753,0.67545,22.30,2.40
2007.07.31 05:12:24.483,0.6753,0.67545,30.30,2.40
2007.07.31 05:12:24.551,0.6753,0.6755,30.30,27.10
2007.07.31 05:12:24.585,0.6753,0.6755,30.30,31.10
2007.07.31 05:12:27.481,0.6753,0.6755,22.30,27.10
2007.07.31 05:12:37.543,0.6753,0.6755,30.30,31.10
2007.07.31 05:12:40.020,0.6753,0.6755,22.30,27.10
2007.07.31 05:12:41.590,0.6753,0.6755,22.30,31.10
2007.07.31 05:12:42.079,0.6753,0.6755,22.30,32.70
2007.07.31 05:12:42.088,0.6753,0.6755,22.30,29.50
2007.07.31 05:12:42.218,0.6753,0.6755,22.30,31.10
2007.07.31 05:12:43.444,0.6753,0.67545,15.90,2.40
2007.07.31 05:12:43.454,0.67525,0.67545,8.00,2.40
2007.07.31 05:12:43.520,0.67525,0.67545,8.00,6.40
2007.07.31 05:12:43.764,0.67525,0.6754,8.00,4.00
2007.07.31 05:12:43.782,0.67525,0.6754,4.00,4.00
2007.07.31 05:12:44.874,0.67525,0.6754,4.00,6.40
2007.07.31 05:12:44.996,0.67525,0.6754,4.00,8.80
2007.07.31 05:12:46.077,0.67525,0.67545,4.00,15.20
2007.07.31 05:12:46.513,0.67525,0.67545,4.00,16.00
2007.07.31 05:12:50.190,0.67525,0.67545,4.00,13.60
2007.07.31 05:12:50.734,0.6753,0.67545,2.40,13.60
2007.07.31 05:12:50.780,0.6753,0.6754,10.40,0.90
2007.07.31 05:12:51.093,0.6753,0.6754,10.40,0.70
2007.07.31 05:12:51.657,0.6753,0.6754,8.00,0.50
2007.07.31 05:12:51.719,0.67525,0.67545,8.00,9.60
2007.07.31 05:12:51.809,0.67525,0.67545,8.00,13.60
2007.07.31 05:12:52.043,0.67525,0.67545,4.00,13.60
2007.07.31 05:12:54.101,0.6752,0.6754,39.00,0.60
2007.07.31 05:12:54.127,0.6752,0.67545,31.10,28.70
2007.07.31 05:12:54.325,0.6752,0.67545,29.50,29.50
2007.07.31 05:12:54.435,0.6752,0.67545,21.50,29.50
2007.07.31 05:12:54.474,0.6752,0.67545,17.50,29.50
2007.07.31 05:12:54.546,0.6752,0.6754,16.70,0.70
2007.07.31 05:12:54.842,0.6752,0.67545,16.70,33.50
2007.07.31 05:12:54.973,0.6752,0.67545,20.70,33.50
2007.07.31 05:12:55.252,0.6752,0.67545,16.70,33.50
2007.07.31 05:12:55.258,0.6752,0.67545,14.30,33.50
2007.07.31 05:12:55.351,0.6752,0.6754,14.30,0.60
2007.07.31 05:12:56.115,0.6752,0.6754,14.30,0.90
2007.07.31 05:12:56.269,0.6752,0.67545,14.30,31.10
2007.07.31 05:12:56.393,0.6752,0.6754,14.30,0.60
2007.07.31 05:12:56.527,0.6752,0.67545,16.70,36.70
2007.07.31 05:12:56.631,0.6752,0.67545,16.70,35.90
2007.07.31 05:12:56.691,0.6752,0.67545,16.70,34.30
2007.07.31 05:12:56.802,0.6752,0.6754,16.70,0.70
2007.07.31 05:13:00.025,0.6752,0.6754,14.30,0.90
2007.07.31 05:13:00.150,0.6752,0.6754,18.30,0.90
2007.07.31 05:13:00.446,0.6752,0.6754,18.30,0.70
2007.07.31 05:13:00.559,0.6752,0.6754,20.70,0.70
2007.07.31 05:13:00.690,0.6752,0.6754,16.70,0.80
2007.07.31 05:13:03.992,0.67515,0.67545,8.80,31.10
2007.07.31 05:13:04.076,0.67515,0.67535,4.80,0.60
2007.07.31 05:13:04.096,0.67515,0.6754,4.00,29.50
2007.07.31 05:13:04.194,0.67515,0.6753,4.00,0.80
2007.07.31 05:13:14.904,0.67515,0.6753,4.80,4.00
2007.07.31 05:13:14.919,0.67515,0.6753,5.60,4.00
2007.07.31 05:13:15.030,0.67515,0.67535,5.60,6.40
2007.07.31 05:13:15.431,0.6752,0.67535,4.00,6.40
2007.07.31 05:13:15.479,0.6752,0.67535,4.00,2.40
2007.07.31 05:13:15.633,0.6752,0.6754,4.00,32.70
2007.07.31 05:13:16.470,0.6752,0.6754,11.90,32.70
2007.07.31 05:13:16.556,0.6752,0.6754,14.30,32.70
2007.07.31 05:13:16.575,0.6752,0.6754,22.30,31.10
2007.07.31 05:13:18.071,0.6752,0.6754,31.80,12.80
2007.07.31 05:13:18.098,0.67525,0.6754,4.80,12.80
2007.07.31 05:13:18.166,0.67525,0.6754,4.80,8.80
2007.07.31 05:13:18.196,0.67525,0.6754,4.80,6.40
2007.07.31 05:13:18.349,0.67525,0.6754,4.80,2.40
2007.07.31 05:13:26.687,0.67525,0.6754,8.80,2.40
2007.07.31 05:13:39.701,0.67525,0.6754,4.80,2.40
2007.07.31 05:13:39.766,0.67525,0.6754,4.80,6.40
2007.07.31 05:13:40.069,0.67525,0.6754,4.80,18.30
2007.07.31 05:13:40.082,0.6752,0.6754,37.50,20.70
2007.07.31 05:13:40.183,0.6752,0.6754,29.50,28.70
2007.07.31 05:13:40.202,0.6752,0.6754,25.50,32.70
2007.07.31 05:13:41.659,0.6752,0.6754,25.50,31.10
2007.07.31 05:13:41.755,0.6752,0.6754,29.50,31.10
2007.07.31 05:13:41.767,0.6752,0.6754,37.50,31.10
2007.07.31 05:13:42.124,0.6752,0.67535,37.50,2.40
2007.07.31 05:13:42.245,0.6752,0.67535,33.50,2.40
2007.07.31 05:13:42.949,0.6752,0.67535,32.70,2.40
2007.07.31 05:13:47.094,0.6752,0.67535,36.70,2.40
2007.07.31 05:13:47.168,0.6752,0.6754,36.70,31.10
2007.07.31 05:13:52.423,0.67515,0.6754,43.10,31.10
2007.07.31 05:13:52.508,0.67525,0.6754,0.80,28.70
2007.07.31 05:13:52.532,0.67525,0.6754,1.90,20.80
2007.07.31 05:13:52.639,0.6752,0.6754,39.20,16.80
2007.07.31 05:13:52.685,0.67525,0.6754,4.30,12.80
2007.07.31 05:13:57.036,0.67525,0.6754,2.30,12.80
2007.07.31 05:13:57.088,0.6752,0.6754,33.60,18.30
2007.07.31 05:13:57.130,0.6752,0.6754,32.80,18.30
2007.07.31 05:13:57.210,0.6752,0.6754,28.80,26.30
2007.07.31 05:13:57.237,0.6752,0.6754,28.80,28.70
2007.07.31 05:13:57.269,0.67515,0.6754,36.80,32.70
2007.07.31 05:14:01.848,0.6752,0.6754,6.20,32.70
2007.07.31 05:14:06.678,0.6752,0.6754,5.90,32.70
2007.07.31 05:14:06.705,0.67515,0.6754,38.40,32.70
2007.07.31 05:14:06.776,0.67515,0.6754,39.20,32.70
2007.07.31 05:14:09.619,0.67515,0.6754,47.10,27.20
2007.07.31 05:14:09.661,0.6752,0.6754,39.90,27.20
2007.07.31 05:14:09.728,0.6752,0.6754,37.60,19.20
2007.07.31 05:14:09.747,0.6752,0.6754,41.60,15.20
2007.07.31 05:14:11.634,0.6752,0.6754,41.50,7.20
2007.07.31 05:14:11.782,0.67525,0.6754,1.90,4.80
2007.07.31 05:14:11.817,0.6752,0.6754,41.50,2.40
2007.07.31 05:14:14.050,0.6753,0.6754,0.70,2.40
2007.07.31 05:14:14.172,0.6753,0.6754,1.40,2.40
2007.07.31 05:14:16.707,0.67525,0.6754,11.20,2.40
2007.07.31 05:14:16.724,0.6752,0.6754,40.70,2.40
2007.07.31 05:14:16.804,0.6752,0.6754,40.70,14.40
2007.07.31 05:14:17.455,0.6752,0.6754,40.70,14.40
2007.07.31 05:14:17.646,0.6753,0.6754,0.80,14.40
2007.07.31 05:14:17.673,0.6753,0.6754,5.40,10.40
2007.07.31 05:14:17.878,0.6753,0.6754,2.60,2.40
2007.07.31 05:14:17.985,0.67525,0.6754,15.20,6.40
2007.07.31 05:14:18.325,0.6753,0.6754,5.50,2.40
2007.07.31 05:14:21.669,0.6753,0.6754,3.00,2.40
2007.07.31 05:14:21.701,0.67525,0.6754,8.00,14.40
2007.07.31 05:14:22.588,0.6753,0.6754,2.40,14.40
2007.07.31 05:14:22.721,0.6753,0.6754,10.40,2.40
2007.07.31 05:14:26.114,0.67525,0.6754,8.80,2.40
2007.07.31 05:14:26.231,0.67525,0.6754,8.80,10.40
2007.07.31 05:14:26.284,0.67525,0.6754,4.80,10.40
2007.07.31 05:14:26.338,0.67525,0.6754,4.80,14.40
2007.07.31 05:14:26.675,0.67525,0.6754,4.80,18.40
2007.07.31 05:14:26.792,0.67525,0.6754,4.00,18.40
2007.07.31 05:14:28.229,0.67525,0.6754,4.00,19.20
2007.07.31 05:14:28.273,0.67525,0.6754,4.00,20.00
2007.07.31 05:14:28.377,0.67525,0.6754,4.00,20.80
2007.07.31 05:14:29.192,0.67525,0.6754,8.00,20.80
2007.07.31 05:14:29.270,0.67525,0.6754,8.00,12.00
2007.07.31 05:14:29.289,0.67525,0.6754,8.80,12.00
2007.07.31 05:14:29.361,0.67525,0.6754,8.80,11.20
2007.07.31 05:14:29.462,0.67525,0.6754,8.80,10.40
2007.07.31 05:14:29.925,0.67525,0.6754,8.80,2.40
2007.07.31 05:14:30.041,0.67525,0.6754,8.80,3.20
2007.07.31 05:14:30.117,0.67525,0.6754,8.80,12.00
2007.07.31 05:14:30.234,0.67525,0.6754,8.80,11.20
2007.07.31 05:14:30.289,0.67525,0.6754,4.80,12.00
2007.07.31 05:14:30.359,0.67525,0.6754,4.80,31.00
2007.07.31 05:14:30.401,0.67525,0.6754,4.80,30.20
2007.07.31 05:14:30.448,0.67525,0.6754,4.80,26.20
2007.07.31 05:14:30.495,0.67525,0.6754,4.00,26.20
2007.07.31 05:14:30.667,0.67525,0.6754,4.00,28.00
2007.07.31 05:14:30.876,0.67525,0.6754,4.00,29.60
2007.07.31 05:14:30.916,0.67525,0.6754,4.00,31.20
2007.07.31 05:14:30.988,0.6752,0.6754,30.40,32.00
2007.07.31 05:14:31.018,0.6752,0.6754,23.20,39.20
2007.07.31 05:14:31.022,0.6752,0.6754,23.20,40.80
2007.07.31 05:14:31.094,0.6752,0.6754,23.20,36.80
2007.07.31 05:14:31.129,0.6752,0.6754,24.00,36.80
2007.07.31 05:14:31.225,0.6752,0.6754,28.70,31.10
2007.07.31 05:14:31.248,0.6752,0.6754,27.90,31.10
2007.07.31 05:14:31.344,0.67525,0.67535,4.00,0.80
2007.07.31 05:14:31.440,0.67525,0.67535,4.00,1.60
2007.07.31 05:14:31.540,0.67525,0.67535,4.80,1.60
2007.07.31 05:14:31.617,0.67525,0.67535,4.80,0.80
2007.07.31 05:14:31.637,0.67525,0.6754,4.80,37.50
2007.07.31 05:14:31.735,0.67525,0.67535,4.80,2.40
2007.07.31 05:14:31.916,0.67525,0.67535,0.80,2.40
2007.07.31 05:14:32.045,0.6752,0.67535,4.00,2.40
2007.07.31 05:14:32.505,0.67515,0.6753,8.00,4.00
2007.07.31 05:14:32.549,0.67515,0.6753,4.00,4.00
2007.07.31 05:14:32.852,0.67515,0.6753,8.00,4.00
2007.07.31 05:14:33.268,0.67515,0.6753,8.00,11.90
2007.07.31 05:14:33.289,0.67515,0.6754,4.00,23.90
2007.07.31 05:14:33.440,0.67515,0.6753,4.00,16.70
2007.07.31 05:14:33.702,0.6751,0.6753,31.10,16.70
2007.07.31 05:14:34.255,0.6751,0.6753,31.10,20.70
2007.07.31 05:14:34.421,0.6751,0.6753,30.30,20.70
2007.07.31 05:14:34.532,0.6751,0.6753,29.50,20.70
2007.07.31 05:14:34.613,0.6751,0.6753,26.30,20.70
2007.07.31 05:14:34.719,0.6751,0.6753,10.40,20.70
2007.07.31 05:14:34.821,0.6751,0.6753,6.40,20.70
2007.07.31 05:14:34.846,0.6751,0.6753,4.00,27.10
2007.07.31 05:14:34.918,0.6751,0.6753,4.00,27.90
2007.07.31 05:14:34.955,0.6751,0.6753,4.00,28.70
2007.07.31 05:14:35.069,0.6751,0.6753,4.00,29.50
2007.07.31 05:14:35.635,0.67505,0.6753,8.80,29.50
2007.07.31 05:14:35.690,0.67505,0.6753,8.80,29.60
2007.07.31 05:14:35.744,0.67505,0.6753,8.00,29.60
2007.07.31 05:14:35.855,0.67505,0.67525,8.00,6.40
2007.07.31 05:14:37.439,0.67505,0.67525,4.00,6.40
2007.07.31 05:14:37.510,0.67505,0.6752,4.00,4.00
2007.07.31 05:14:39.758,0.67505,0.6752,4.00,18.40
2007.07.31 05:14:39.834,0.67505,0.6752,4.00,22.40
2007.07.31 05:14:40.000,0.67505,0.6752,4.00,18.40
2007.07.31 05:14:40.126,0.67505,0.6752,4.00,14.40
2007.07.31 05:14:40.170,0.675,0.6752,26.30,14.40
2007.07.31 05:14:40.205,0.675,0.6752,8.00,30.30
2007.07.31 05:14:40.309,0.675,0.6752,4.00,30.30
2007.07.31 05:14:40.412,0.67495,0.67515,12.80,4.00
2007.07.31 05:14:40.683,0.67495,0.67515,12.00,4.00
2007.07.31 05:14:40.885,0.67495,0.67515,11.20,4.00
2007.07.31 05:14:40.946,0.67495,0.67515,6.40,4.00
2007.07.31 05:14:40.957,0.67495,0.6751,6.40,4.00
2007.07.31 05:14:41.295,0.67495,0.6751,4.00,4.00
2007.07.31 05:14:42.115,0.675,0.6751,2.40,4.00
2007.07.31 05:14:42.256,0.675,0.67515,22.30,6.40
2007.07.31 05:14:42.283,0.675,0.67515,22.30,2.40
2007.07.31 05:14:42.326,0.675,0.67515,26.30,2.40
2007.07.31 05:14:43.654,0.675,0.6751,23.90,2.40
2007.07.31 05:14:43.738,0.675,0.6751,15.90,2.40
2007.07.31 05:14:43.937,0.675,0.6751,11.90,6.40
2007.07.31 05:14:44.150,0.675,0.6751,4.00,6.40
2007.07.31 05:14:44.175,0.67495,0.6751,8.80,4.00
2007.07.31 05:14:44.281,0.67495,0.6751,8.00,4.00
2007.07.31 05:14:44.468,0.67495,0.6751,8.80,4.00
2007.07.31 05:14:44.485,0.67495,0.6751,5.60,4.00
2007.07.31 05:14:44.722,0.67495,0.6751,1.50,4.00
2007.07.31 05:14:44.741,0.67495,0.6751,5.20,4.00
2007.07.31 05:14:44.815,0.67495,0.67515,13.60,2.40
2007.07.31 05:14:45.225,0.6749,0.67515,46.20,2.40
2007.07.31 05:14:45.275,0.67495,0.67515,2.40,6.40
2007.07.31 05:14:45.722,0.6749,0.67515,43.00,6.40
2007.07.31 05:14:45.772,0.675,0.67515,0.90,6.40
2007.07.31 05:14:46.855,0.67495,0.67515,14.40,2.40
2007.07.31 05:14:48.376,0.67495,0.67515,18.40,2.40
2007.07.31 05:14:48.887,0.67495,0.6752,18.40,27.20
2007.07.31 05:14:49.220,0.67495,0.6753,22.40,10.10
2007.07.31 05:14:49.317,0.67495,0.6753,22.40,23.60
2007.07.31 05:14:49.413,0.675,0.6753,6.90,25.20
2007.07.31 05:14:49.515,0.67495,0.6753,31.10,22.30
2007.07.31 05:14:49.530,0.67495,0.6753,31.10,22.30
2007.07.31 05:14:49.634,0.67495,0.6753,31.10,26.30
2007.07.31 05:14:49.741,0.67495,0.6753,37.50,26.30
2007.07.31 05:14:49.812,0.675,0.6752,13.80,6.40
2007.07.31 05:14:49.823,0.675,0.6752,2.70,4.00
2007.07.31 05:14:50.165,0.675,0.6752,2.30,14.40
2007.07.31 05:14:50.226,0.67495,0.6752,40.70,16.80
2007.07.31 05:14:52.171,0.67495,0.6752,41.50,14.40
2007.07.31 05:14:52.310,0.675,0.67525,15.80,6.40
2007.07.31 05:14:52.584,0.67495,0.67525,44.70,6.40
2007.07.31 05:14:52.603,0.675,0.67525,2.70,6.40
2007.07.31 05:14:52.711,0.67495,0.6752,43.10,2.40
2007.07.31 05:14:52.825,0.67495,0.6752,43.10,4.80
2007.07.31 05:14:52.911,0.67495,0.6752,41.50,12.80
2007.07.31 05:14:53.741,0.675,0.6752,12.90,14.40
2007.07.31 05:14:54.184,0.67495,0.6752,38.30,14.40
2007.07.31 05:14:54.247,0.675,0.6752,9.30,14.40
2007.07.31 05:14:54.271,0.67495,0.6752,39.90,16.80
2007.07.31 05:14:54.387,0.67495,0.6752,35.90,20.80
2007.07.31 05:14:54.413,0.67495,0.6752,35.10,24.80
2007.07.31 05:14:54.644,0.675,0.6752,5.00,24.80
2007.07.31 05:14:54.700,0.67495,0.6752,20.80,24.80
2007.07.31 05:14:54.754,0.675,0.6752,2.60,24.80
2007.07.31 05:14:54.844,0.675,0.6752,0.80,27.20
2007.07.31 05:14:55.257,0.675,0.67515,0.80,4.00
2007.07.31 05:14:55.342,0.67495,0.67515,0.60,4.00
2007.07.31 05:14:55.365,0.6749,0.67515,32.80,6.40
2007.07.31 05:14:55.759,0.67495,0.67515,13.60,6.40
2007.07.31 05:14:55.776,0.675,0.67515,0.60,2.40
2007.07.31 05:14:55.868,0.67495,0.6752,14.40,27.20
2007.07.31 05:14:56.916,0.67495,0.67515,14.40,4.00
2007.07.31 05:14:57.369,0.67495,0.67515,1.30,4.00
2007.07.31 05:14:57.617,0.67495,0.67515,1.20,4.00
2007.07.31 05:14:58.325,0.675,0.67515,1.60,4.00
2007.07.31 05:14:58.417,0.67495,0.6752,13.60,27.20
2007.07.31 05:15:01.817,0.67495,0.6752,13.60,24.80
2007.07.31 05:15:04.293,0.675,0.6752,3.60,28.70
2007.07.31 05:15:07.169,0.67495,0.6752,28.00,28.70
2007.07.31 05:15:07.243,0.67495,0.6752,32.00,20.80
2007.07.31 05:15:07.264,0.67495,0.6752,34.40,16.80
2007.07.31 05:15:07.339,0.67495,0.6752,37.60,16.80
2007.07.31 05:15:07.367,0.675,0.6752,34.40,16.80
2007.07.31 05:15:07.679,0.675,0.6752,34.40,12.80
2007.07.31 05:15:08.326,0.675,0.6752,34.40,16.80
2007.07.31 05:15:08.501,0.67495,0.6752,37.60,16.80
2007.07.31 05:15:12.711,0.67505,0.6752,2.00,14.40
2007.07.31 05:15:12.726,0.675,0.6752,36.80,14.40
2007.07.31 05:15:12.796,0.67505,0.6752,13.60,10.40
2007.07.31 05:15:12.840,0.6751,0.6752,5.60,0.50
2007.07.31 05:15:16.306,0.6751,0.67525,4.80,13.60
2007.07.31 05:15:16.724,0.6751,0.67525,12.80,13.60
2007.07.31 05:15:16.748,0.6751,0.67525,15.20,11.20
2007.07.31 05:15:16.869,0.6751,0.67535,15.20,36.60
2007.07.31 05:15:17.140,0.6751,0.67535,15.20,34.20
2007.07.31 05:15:17.273,0.6751,0.67535,17.60,31.90
2007.07.31 05:15:17.352,0.6751,0.6753,21.60,0.50
2007.07.31 05:15:17.468,0.6751,0.67535,22.40,32.70
2007.07.31 05:15:17.529,0.6751,0.67535,27.20,31.90
2007.07.31 05:15:17.584,0.6751,0.67535,28.00,35.10
2007.07.31 05:15:17.688,0.6751,0.67535,25.60,31.10
2007.07.31 05:15:17.773,0.67515,0.67535,4.00,26.30
2007.07.31 05:15:17.800,0.67515,0.67535,4.00,8.00
2007.07.31 05:15:17.898,0.67515,0.6754,5.60,29.50
2007.07.31 05:15:18.201,0.67515,0.6754,9.60,27.90
2007.07.31 05:15:18.509,0.67515,0.6754,9.60,27.90
2007.07.31 05:15:18.551,0.6752,0.6754,4.00,27.90
2007.07.31 05:15:19.205,0.6752,0.67535,8.00,0.90
2007.07.31 05:15:19.413,0.6752,0.67545,8.00,36.80
2007.07.31 05:15:19.506,0.6752,0.67545,4.00,36.80
2007.07.31 05:15:19.654,0.6752,0.6754,4.00,34.40
2007.07.31 05:15:19.939,0.6752,0.67535,4.00,0.90
2007.07.31 05:15:19.989,0.6752,0.6754,4.00,41.50
2007.07.31 05:15:20.133,0.6752,0.6754,4.00,42.30
2007.07.31 05:15:20.443,0.67515,0.6754,8.00,35.10
2007.07.31 05:15:20.555,0.67515,0.67535,8.00,0.50
2007.07.31 05:15:20.761,0.67515,0.6754,8.00,33.50
2007.07.31 05:15:20.929,0.67515,0.6753,8.00,0.50
2007.07.31 05:15:21.045,0.67515,0.67535,4.00,12.80
2007.07.31 05:15:21.805,0.6752,0.67535,4.00,10.40
2007.07.31 05:15:21.932,0.6752,0.67545,4.00,27.90
2007.07.31 05:15:22.307,0.6752,0.67545,8.00,31.10
2007.07.31 05:15:24.175,0.6752,0.67545,8.00,27.90
2007.07.31 05:15:24.242,0.6752,0.6754,8.00,0.60
2007.07.31 05:15:24.336,0.6752,0.6754,8.00,0.50
2007.07.31 05:15:24.459,0.6752,0.67545,8.00,16.80
2007.07.31 05:15:24.785,0.6752,0.67545,8.00,24.70
2007.07.31 05:15:24.984,0.6752,0.6754,12.00,0.80
2007.07.31 05:15:25.094,0.6752,0.6754,12.00,0.80
2007.07.31 05:15:25.221,0.6752,0.67555,13.60,18.10
2007.07.31 05:15:25.279,0.6752,0.67555,14.40,18.10
2007.07.31 05:15:25.302,0.6752,0.6755,14.40,0.90
2007.07.31 05:15:25.413,0.6752,0.67555,14.40,22.10
2007.07.31 05:15:25.531,0.6752,0.6755,14.40,0.50
2007.07.31 05:15:25.560,0.6752,0.6754,14.40,0.50
2007.07.31 05:15:25.711,0.6752,0.67545,16.80,10.40
2007.07.31 05:15:25.741,0.6752,0.67545,43.10,10.40
2007.07.31 05:15:25.809,0.67525,0.6754,4.00,0.90
2007.07.31 05:15:25.873,0.67525,0.6754,4.00,0.60
2007.07.31 05:15:25.914,0.67525,0.67545,4.00,12.80
2007.07.31 05:15:26.236,0.67525,0.67545,4.00,15.20
2007.07.31 05:15:26.331,0.6752,0.6754,39.90,0.50
2007.07.31 05:15:26.377,0.6752,0.67545,27.90,23.10
2007.07.31 05:15:26.451,0.6752,0.67545,27.10,23.10
2007.07.31 05:15:26.500,0.6752,0.6754,26.30,0.80
2007.07.31 05:15:26.724,0.6752,0.6754,10.40,0.60
2007.07.31 05:15:26.743,0.6752,0.6754,8.00,0.50
2007.07.31 05:15:26.793,0.6752,0.6754,8.00,0.70
2007.07.31 05:15:26.924,0.6752,0.6754,8.00,0.90
2007.07.31 05:15:27.089,0.6752,0.6754,4.00,0.80
2007.07.31 05:15:27.475,0.6752,0.67545,4.00,30.30
2007.07.31 05:15:28.895,0.6752,0.67545,4.00,31.10
2007.07.31 05:15:28.943,0.6752,0.67545,4.00,31.90
2007.07.31 05:15:28.994,0.6752,0.6754,4.00,0.60
2007.07.31 05:15:29.402,0.6752,0.6754,4.00,29.50
2007.07.31 05:15:29.519,0.6752,0.67535,4.00,0.80
2007.07.31 05:15:35.115,0.6752,0.67535,4.00,10.40
2007.07.31 05:15:35.475,0.67515,0.67535,4.00,10.40
2007.07.31 05:15:40.237,0.67515,0.6753,4.00,12.00
2007.07.31 05:15:40.284,0.67515,0.6753,4.00,14.40
2007.07.31 05:15:40.330,0.67515,0.6753,4.00,20.80
2007.07.31 05:15:40.387,0.6751,0.6753,35.80,20.80
2007.07.31 05:15:40.452,0.6751,0.6753,35.90,20.80
2007.07.31 05:15:48.943,0.6751,0.6753,35.90,12.80
2007.07.31 05:15:49.463,0.6751,0.6753,35.90,20.80
2007.07.31 05:15:49.778,0.6751,0.6753,35.90,12.80
2007.07.31 05:15:57.134,0.6751,0.6753,35.90,20.80
2007.07.31 05:15:59.453,0.6751,0.6753,35.90,12.80
2007.07.31 05:15:59.872,0.6751,0.6753,35.90,20.80
2007.07.31 05:16:00.079,0.6751,0.6753,35.90,12.80
2007.07.31 05:16:00.253,0.6751,0.6753,35.90,10.40
2007.07.31 05:16:00.285,0.6751,0.6753,35.90,8.00
2007.07.31 05:16:00.424,0.6751,0.6753,35.90,4.00
2007.07.31 05:16:00.447,0.67515,0.6753,4.00,4.00
2007.07.31 05:16:02.969,0.67515,0.6753,2.00,4.00
2007.07.31 05:16:05.786,0.67515,0.6753,12.00,4.00
2007.07.31 05:16:05.797,0.6752,0.6753,7.30,4.00
2007.07.31 05:16:05.901,0.67515,0.67535,23.20,6.40
2007.07.31 05:16:05.952,0.6752,0.67535,4.30,2.40
2007.07.31 05:16:06.000,0.6752,0.6754,6.70,34.40
2007.07.31 05:16:13.702,0.6752,0.6754,3.90,34.40
2007.07.31 05:16:13.713,0.67515,0.6754,16.80,34.30
2007.07.31 05:16:13.878,0.6752,0.67535,2.60,4.00
2007.07.31 05:16:13.950,0.6752,0.67535,1.70,4.00
2007.07.31 05:16:15.229,0.6752,0.6753,0.80,2.40
2007.07.31 05:16:15.273,0.67515,0.6753,8.80,14.40
2007.07.31 05:16:15.435,0.6751,0.6753,36.70,14.40
2007.07.31 05:16:16.966,0.67515,0.6753,0.60,6.40
2007.07.31 05:16:17.916,0.6751,0.6753,40.60,18.40
2007.07.31 05:16:18.226,0.6751,0.6753,37.40,18.40
2007.07.31 05:16:18.239,0.67515,0.6753,2.10,19.20
2007.07.31 05:16:18.328,0.6751,0.6753,37.40,25.60
2007.07.31 05:16:18.337,0.6751,0.6753,33.40,26.40
2007.07.31 05:16:18.840,0.6751,0.6753,9.30,26.40
2007.07.31 05:16:18.877,0.6751,0.6753,8.20,34.30
2007.07.31 05:16:18.985,0.67505,0.6753,29.50,36.70
2007.07.31 05:16:19.037,0.6751,0.6753,5.10,41.50
2007.07.31 05:16:20.868,0.67505,0.6753,27.10,40.70
2007.07.31 05:16:20.977,0.67505,0.6753,27.10,39.90
2007.07.31 05:16:21.086,0.67505,0.6753,27.10,39.10
2007.07.31 05:16:21.180,0.67505,0.6753,27.10,38.30
2007.07.31 05:16:21.190,0.67505,0.6753,27.10,37.50
2007.07.31 05:16:21.290,0.6751,0.6753,8.70,36.70
2007.07.31 05:16:23.701,0.67505,0.6753,24.70,36.70
2007.07.31 05:16:23.973,0.67505,0.67525,24.70,1.60
2007.07.31 05:16:24.092,0.6751,0.67525,5.80,2.40
2007.07.31 05:16:24.300,0.67505,0.6752,21.50,2.40
2007.07.31 05:16:24.330,0.6751,0.6752,2.90,10.40
2007.07.31 05:16:25.320,0.67505,0.6752,29.50,10.40
2007.07.31 05:16:25.335,0.67505,0.6752,31.90,10.40
2007.07.31 05:16:26.255,0.67505,0.6752,23.90,10.40
2007.07.31 05:16:26.271,0.67505,0.6752,21.50,10.40
2007.07.31 05:16:26.868,0.6751,0.6752,3.30,10.40
2007.07.31 05:16:26.887,0.675,0.6752,25.60,22.30
2007.07.31 05:16:27.071,0.67505,0.6752,0.80,24.70
2007.07.31 05:16:27.112,0.675,0.6752,16.80,28.70
2007.07.31 05:16:27.147,0.675,0.67515,12.80,4.00
2007.07.31 05:16:27.287,0.675,0.67515,5.90,4.00
2007.07.31 05:16:27.343,0.67495,0.67515,14.40,4.00
2007.07.31 05:16:27.382,0.6749,0.67515,59.70,4.00
2007.07.31 05:16:28.514,0.67495,0.6751,2.60,4.00
2007.07.31 05:16:28.581,0.6749,0.6751,50.30,4.00
2007.07.31 05:16:28.848,0.675,0.6751,1.40,4.00
2007.07.31 05:16:28.942,0.67495,0.6751,27.20,4.00
2007.07.31 05:16:29.037,0.67495,0.6751,31.20,4.00
2007.07.31 05:16:29.141,0.67495,0.6752,36.80,24.60
2007.07.31 05:16:29.244,0.675,0.6752,7.00,24.70
2007.07.31 05:16:29.350,0.675,0.6752,15.80,24.70
2007.07.31 05:16:29.553,0.67495,0.6752,49.50,22.30
2007.07.31 05:16:29.778,0.67495,0.6752,51.10,22.30
2007.07.31 05:16:29.867,0.67505,0.6752,0.70,22.30
2007.07.31 05:16:29.965,0.675,0.6752,44.70,22.30
2007.07.31 05:16:30.171,0.675,0.6752,43.90,22.30
2007.07.31 05:16:30.324,0.675,0.6752,43.90,18.30
2007.07.31 05:16:30.404,0.675,0.6752,43.90,10.40
2007.07.31 05:16:30.504,0.675,0.6752,50.30,10.40
2007.07.31 05:16:30.758,0.675,0.6752,50.30,10.40
2007.07.31 05:16:31.754,0.67505,0.6752,0.50,8.00
2007.07.31 05:16:31.783,0.675,0.67525,51.80,4.00
2007.07.31 05:16:31.838,0.675,0.6753,51.80,31.40
2007.07.31 05:16:31.857,0.67505,0.6753,3.00,31.00
2007.07.31 05:16:31.889,0.675,0.6753,51.80,35.00
2007.07.31 05:16:31.963,0.6751,0.6753,1.90,35.00
2007.07.31 05:16:32.002,0.67505,0.6753,14.80,32.00
2007.07.31 05:16:32.061,0.6751,0.6753,1.70,32.80
2007.07.31 05:16:32.188,0.67505,0.6753,14.40,33.60
2007.07.31 05:16:32.225,0.67505,0.6753,14.40,39.10
2007.07.31 05:16:32.327,0.67505,0.6753,14.40,33.60
2007.07.31 05:16:32.354,0.675,0.6753,55.10,33.60
2007.07.31 05:16:32.422,0.67505,0.6753,1.70,33.50
2007.07.31 05:16:32.586,0.675,0.67525,47.10,4.00
2007.07.31 05:16:32.978,0.67505,0.67525,2.50,4.00
2007.07.31 05:16:33.146,0.67505,0.67525,1.00,4.00
2007.07.31 05:16:33.185,0.67505,0.67525,11.20,4.00
2007.07.31 05:16:33.295,0.6751,0.67525,1.30,4.00
2007.07.31 05:16:33.777,0.67505,0.6753,20.00,35.00
2007.07.31 05:16:33.808,0.6751,0.6753,3.20,35.00
2007.07.31 05:16:33.996,0.6751,0.67525,7.10,2.40
2007.07.31 05:16:34.017,0.67505,0.67525,20.80,2.40
2007.07.31 05:16:34.051,0.67505,0.67525,20.80,6.40
2007.07.31 05:16:34.203,0.67505,0.6752,18.40,2.40
2007.07.31 05:16:34.228,0.675,0.6752,46.10,10.40
2007.07.31 05:16:34.318,0.6751,0.6752,1.60,10.40
2007.07.31 05:16:34.432,0.67505,0.6752,20.80,10.40
2007.07.31 05:16:34.636,0.67505,0.6752,28.80,10.40
2007.07.31 05:16:34.754,0.67505,0.6752,20.80,10.40
2007.07.31 05:16:35.030,0.6751,0.6752,2.20,12.80
2007.07.31 05:16:35.340,0.6751,0.6752,4.80,10.40
2007.07.31 05:16:36.237,0.6751,0.6752,0.70,10.40
2007.07.31 05:16:36.255,0.675,0.6752,47.90,10.40
2007.07.31 05:16:36.567,0.67505,0.6752,4.50,10.40
2007.07.31 05:16:36.866,0.6751,0.6752,1.50,2.40
2007.07.31 05:16:36.878,0.6751,0.67525,3.90,6.40
2007.07.31 05:16:37.074,0.6751,0.67525,1.50,2.40
2007.07.31 05:16:37.174,0.67505,0.67525,21.60,2.40
2007.07.31 05:16:37.253,0.6751,0.67525,2.20,2.40
2007.07.31 05:16:37.893,0.67505,0.67525,37.50,2.40
2007.07.31 05:16:37.968,0.6751,0.67525,2.40,2.40
2007.07.31 05:16:38.104,0.67505,0.6753,42.30,32.70
2007.07.31 05:16:38.726,0.6751,0.6753,16.30,30.30
2007.07.31 05:16:38.922,0.6751,0.6753,7.10,30.30
2007.07.31 05:16:38.959,0.6751,0.6753,2.30,34.30
2007.07.31 05:16:39.365,0.67505,0.6753,36.70,34.30
2007.07.31 05:16:40.231,0.6751,0.6753,6.20,34.30
2007.07.31 05:16:40.942,0.67505,0.6753,34.30,34.30
2007.07.31 05:16:40.967,0.6751,0.6753,6.40,34.30
2007.07.31 05:16:41.065,0.67505,0.6753,35.10,32.70
2007.07.31 05:16:41.581,0.67505,0.6753,31.90,35.10
2007.07.31 05:16:41.843,0.6751,0.6753,7.80,35.10
2007.07.31 05:16:42.048,0.67505,0.6753,29.50,35.10
2007.07.31 05:16:42.071,0.67505,0.6753,30.30,35.10
2007.07.31 05:16:42.117,0.6751,0.6753,10.90,35.10
2007.07.31 05:16:42.222,0.67505,0.6753,31.90,35.10
2007.07.31 05:16:42.252,0.6751,0.6753,8.30,35.10
2007.07.31 05:16:42.579,0.67505,0.6753,41.50,35.10
2007.07.31 05:16:42.680,0.6751,0.6753,7.60,35.10
2007.07.31 05:16:42.787,0.67505,0.6753,39.10,32.70
2007.07.31 05:16:42.855,0.6751,0.6753,9.30,32.70
2007.07.31 05:16:42.891,0.6751,0.6753,9.00,32.70
2007.07.31 05:16:43.039,0.67505,0.6753,34.30,32.70
2007.07.31 05:16:45.291,0.6751,0.6753,6.10,32.70
2007.07.31 05:16:45.307,0.67505,0.6753,43.90,32.70
2007.07.31 05:16:45.995,0.67505,0.6753,45.50,32.70
2007.07.31 05:16:46.115,0.6751,0.6753,17.70,32.70
2007.07.31 05:16:46.963,0.67505,0.6753,39.90,32.70
2007.07.31 05:16:47.042,0.6751,0.6753,7.10,32.70
2007.07.31 05:16:47.168,0.67505,0.6753,38.30,24.70
2007.07.31 05:16:47.215,0.67505,0.67535,70.20,27.50
2007.07.31 05:16:47.388,0.67505,0.67535,38.30,35.50
2007.07.31 05:16:48.262,0.67505,0.67535,38.30,37.10
2007.07.31 05:16:48.342,0.6751,0.6753,0.90,0.60
2007.07.31 05:16:48.696,0.67505,0.67535,27.90,37.50
2007.07.31 05:16:48.783,0.6751,0.6753,0.90,0.60
2007.07.31 05:16:48.828,0.6751,0.6753,0.90,0.60
2007.07.31 05:16:49.843,0.6751,0.67535,19.10,41.50
2007.07.31 05:16:49.934,0.6751,0.67535,19.10,33.50
2007.07.31 05:16:50.235,0.6751,0.67535,19.10,34.30
2007.07.31 05:16:50.673,0.6751,0.6753,19.10,0.90
2007.07.31 05:16:50.771,0.6751,0.67535,19.10,39.90
2007.07.31 05:16:54.557,0.6751,0.6753,19.10,0.80
2007.07.31 05:16:54.640,0.6751,0.6753,19.10,0.60
2007.07.31 05:16:54.658,0.6751,0.6753,19.10,0.70
2007.07.31 05:16:54.968,0.6751,0.67535,27.90,37.50
2007.07.31 05:16:55.088,0.6751,0.67535,28.70,39.10
2007.07.31 05:16:55.235,0.6751,0.6753,29.50,0.50
2007.07.31 05:16:56.669,0.6751,0.67535,31.90,39.10
2007.07.31 05:16:56.893,0.6751,0.6753,31.90,0.50
2007.07.31 05:16:56.933,0.67515,0.67535,0.80,28.70
2007.07.31 05:16:57.114,0.67515,0.67535,1.60,27.90
2007.07.31 05:16:57.931,0.67515,0.67535,1.60,20.00
2007.07.31 05:16:57.968,0.67515,0.67535,5.60,20.00
2007.07.31 05:16:58.000,0.67515,0.67535,9.60,20.00
2007.07.31 05:16:58.155,0.67515,0.67535,9.60,20.00
2007.07.31 05:16:58.789,0.67515,0.6753,5.60,0.60
2007.07.31 05:16:58.877,0.67515,0.67535,5.60,24.00
2007.07.31 05:16:58.986,0.67515,0.67535,5.60,20.00
2007.07.31 05:16:59.125,0.67515,0.67535,9.60,20.00
2007.07.31 05:16:59.192,0.67515,0.67535,9.60,17.60
2007.07.31 05:16:59.382,0.67515,0.67535,4.80,17.60
2007.07.31 05:16:59.401,0.6752,0.6753,2.40,0.80
2007.07.31 05:16:59.611,0.6752,0.6753,6.40,0.80
2007.07.31 05:17:00.959,0.6752,0.6754,6.40,0.50
2007.07.31 05:17:00.992,0.6752,0.67545,6.40,30.30
2007.07.31 05:17:01.034,0.6752,0.67545,10.40,30.30
2007.07.31 05:17:01.099,0.6752,0.67545,18.30,30.40
2007.07.31 05:17:04.054,0.6752,0.6754,18.30,0.50
2007.07.31 05:17:05.088,0.6752,0.67545,18.30,30.30
2007.07.31 05:17:05.452,0.6752,0.67545,15.90,30.30
2007.07.31 05:17:05.512,0.6752,0.67545,18.30,30.30
2007.07.31 05:17:05.573,0.6752,0.6754,18.30,29.50
2007.07.31 05:17:05.721,0.6752,0.67535,14.30,8.00
2007.07.31 05:17:05.815,0.6752,0.6754,14.30,29.50
2007.07.31 05:17:05.870,0.6752,0.6754,16.70,29.50
2007.07.31 05:17:05.929,0.6752,0.67535,22.30,0.60
2007.07.31 05:17:06.120,0.6752,0.6754,22.30,0.60
2007.07.31 05:17:06.445,0.6752,0.6754,14.30,0.80
2007.07.31 05:17:06.479,0.6752,0.6754,11.90,0.50
2007.07.31 05:17:06.552,0.6752,0.6754,11.90,0.80
2007.07.31 05:17:06.613,0.6752,0.67535,11.90,8.00
2007.07.31 05:17:07.399,0.6752,0.6753,19.90,0.90
2007.07.31 05:17:07.520,0.6752,0.67535,22.30,0.80
2007.07.31 05:17:07.628,0.6752,0.67545,22.30,30.30
2007.07.31 05:17:07.981,0.6752,0.6754,22.30,0.60
2007.07.31 05:17:08.128,0.6752,0.67545,22.30,31.90
2007.07.31 05:17:08.341,0.6752,0.67545,18.30,31.90
2007.07.31 05:17:08.404,0.6752,0.6754,18.30,31.10
2007.07.31 05:17:08.438,0.6752,0.67535,15.90,0.90
2007.07.31 05:17:08.496,0.67515,0.6754,8.00,31.10
2007.07.31 05:17:09.442,0.67515,0.6754,4.00,31.10
2007.07.31 05:17:09.856,0.67515,0.67535,4.00,8.00
2007.07.31 05:17:17.158,0.67515,0.6753,4.00,6.40
2007.07.31 05:17:17.224,0.67515,0.6753,4.00,10.40
2007.07.31 05:17:17.317,0.67515,0.6753,4.00,12.80
2007.07.31 05:17:18.469,0.67515,0.6753,4.00,20.80
2007.07.31 05:17:19.629,0.67515,0.6753,4.00,24.80
2007.07.31 05:17:19.747,0.6751,0.6753,29.50,24.80
2007.07.31 05:17:20.102,0.6751,0.6753,29.50,27.20
2007.07.31 05:17:20.167,0.6751,0.6753,29.50,28.00
2007.07.31 05:17:20.256,0.6751,0.6753,29.50,30.40
2007.07.31 05:17:23.134,0.6751,0.6753,27.10,28.00
2007.07.31 05:17:24.167,0.6751,0.6753,24.70,28.00
2007.07.31 05:17:24.836,0.6751,0.6753,20.70,28.00
2007.07.31 05:17:25.009,0.6751,0.67525,20.70,0.80
2007.07.31 05:17:25.075,0.6751,0.67525,20.70,1.60
2007.07.31 05:17:25.435,0.6751,0.67525,23.10,1.60
2007.07.31 05:17:25.514,0.6751,0.6752,23.10,2.40
2007.07.31 05:17:25.557,0.6751,0.6752,23.10,10.40
2007.07.31 05:17:27.961,0.6751,0.6752,20.70,10.40
2007.07.31 05:17:27.998,0.6751,0.6752,12.70,10.40
2007.07.31 05:17:28.622,0.6751,0.6752,12.70,0.70
2007.07.31 05:17:28.943,0.6751,0.67525,12.70,21.60
2007.07.31 05:17:29.365,0.6751,0.67525,12.70,17.60
2007.07.31 05:17:29.387,0.6751,0.6752,8.70,0.80
2007.07.31 05:17:29.474,0.6751,0.67525,0.80,17.60
2007.07.31 05:17:30.414,0.6751,0.6752,16.70,0.60
2007.07.31 05:17:31.453,0.6751,0.67525,12.70,13.60
2007.07.31 05:17:31.871,0.6751,0.6752,12.70,0.80
2007.07.31 05:17:32.003,0.6751,0.67525,4.00,29.50
2007.07.31 05:17:32.086,0.6751,0.6752,4.00,0.90
2007.07.31 05:17:32.095,0.6751,0.67525,4.00,33.50
2007.07.31 05:17:32.260,0.6751,0.67525,4.00,29.50
2007.07.31 05:17:32.300,0.675,0.67525,31.10,31.90
2007.07.31 05:17:32.377,0.675,0.67525,31.10,31.90
2007.07.31 05:17:32.463,0.675,0.67525,31.10,23.90
2007.07.31 05:17:32.567,0.675,0.6752,31.10,0.70
2007.07.31 05:17:32.671,0.675,0.6752,35.10,0.90
2007.07.31 05:17:32.989,0.675,0.67525,35.10,31.10
2007.07.31 05:17:33.009,0.675,0.67525,35.10,31.10
2007.07.31 05:17:33.022,0.675,0.6752,35.10,0.80
2007.07.31 05:17:33.421,0.675,0.6752,34.30,0.60
2007.07.31 05:17:33.847,0.675,0.67525,30.30,31.10
2007.07.31 05:17:33.900,0.675,0.67525,30.30,31.10
2007.07.31 05:17:34.958,0.675,0.6752,30.30,28.70
2007.07.31 05:17:34.977,0.675,0.67515,30.30,0.70
2007.07.31 05:17:35.484,0.675,0.6751,30.30,0.50
2007.07.31 05:17:35.590,0.675,0.67515,26.30,4.80
2007.07.31 05:17:37.504,0.675,0.6751,8.00,0.60
2007.07.31 05:17:37.517,0.675,0.67515,1.60,4.80
2007.07.31 05:17:37.601,0.67495,0.67515,9.60,4.80
2007.07.31 05:17:37.721,0.67495,0.67515,9.60,0.60
2007.07.31 05:17:37.755,0.67495,0.6752,9.60,37.50
2007.07.31 05:17:37.912,0.675,0.6752,4.00,36.70
2007.07.31 05:17:37.932,0.675,0.6752,4.00,34.30
2007.07.31 05:17:38.242,0.675,0.67515,4.00,14.40
2007.07.31 05:17:38.471,0.675,0.6751,4.00,0.50
2007.07.31 05:17:38.591,0.67495,0.6751,9.60,0.70
2007.07.31 05:17:39.181,0.67495,0.67515,9.60,14.40
2007.07.31 05:17:39.205,0.67495,0.6752,9.60,36.70
2007.07.31 05:17:39.477,0.675,0.6752,4.00,36.70
2007.07.31 05:17:39.524,0.675,0.6752,19.90,36.70
2007.07.31 05:17:39.613,0.675,0.6752,26.30,32.70
2007.07.31 05:17:39.638,0.675,0.67515,31.90,0.60
2007.07.31 05:17:39.688,0.675,0.67525,31.90,30.30
2007.07.31 05:17:39.736,0.675,0.6752,31.90,0.60
2007.07.31 05:17:39.922,0.675,0.67525,32.70,29.50
2007.07.31 05:17:39.957,0.675,0.6752,35.10,0.60
2007.07.31 05:17:40.064,0.675,0.67525,29.50,29.50
2007.07.31 05:17:40.185,0.675,0.67525,29.50,21.60
2007.07.31 05:17:40.302,0.675,0.67525,35.80,19.20
2007.07.31 05:17:40.438,0.67505,0.6752,4.00,0.60
2007.07.31 05:17:40.494,0.67505,0.67525,4.00,9.60
2007.07.31 05:17:40.600,0.67505,0.6752,4.00,0.60
2007.07.31 05:17:40.917,0.67505,0.67525,4.00,9.60
2007.07.31 05:17:41.054,0.6751,0.6752,2.40,0.80
2007.07.31 05:17:41.242,0.67505,0.67525,4.80,11.20
2007.07.31 05:17:41.342,0.67505,0.6752,4.80,0.90
2007.07.31 05:17:41.433,0.6751,0.67525,2.40,20.00
2007.07.31 05:17:41.576,0.6751,0.6752,2.40,0.60
2007.07.31 05:17:44.596,0.6751,0.6752,14.30,0.90
2007.07.31 05:17:44.615,0.6751,0.67525,18.30,7.20
2007.07.31 05:17:44.726,0.6751,0.6753,18.30,35.10
2007.07.31 05:17:44.777,0.6751,0.67535,22.30,36.70
2007.07.31 05:17:45.023,0.6751,0.6753,10.40,0.60
2007.07.31 05:17:45.075,0.6751,0.67535,6.40,31.10
2007.07.31 05:17:45.237,0.6751,0.67535,2.40,41.40
2007.07.31 05:17:45.244,0.6751,0.67545,2.40,16.50
2007.07.31 05:17:45.341,0.6751,0.67525,2.40,0.90
2007.07.31 05:17:45.435,0.6751,0.6753,2.40,38.20
2007.07.31 05:17:46.068,0.6751,0.6752,2.40,0.80
2007.07.31 05:17:46.077,0.6751,0.67525,2.40,13.60
2007.07.31 05:17:47.035,0.6751,0.67525,10.30,9.60
2007.07.31 05:17:47.097,0.6751,0.67525,14.30,0.80
2007.07.31 05:17:47.197,0.6751,0.67525,11.90,0.90
2007.07.31 05:17:47.317,0.6751,0.67525,11.90,0.50
2007.07.31 05:17:47.471,0.6751,0.67525,11.90,11.20
2007.07.31 05:17:48.527,0.6751,0.67525,11.90,0.70
2007.07.31 05:17:49.566,0.6751,0.67525,14.30,0.90
2007.07.31 05:17:49.579,0.6751,0.67525,22.30,0.50
2007.07.31 05:17:49.655,0.6751,0.6753,22.30,35.90
2007.07.31 05:17:49.674,0.6751,0.6753,22.30,35.10
2007.07.31 05:17:50.177,0.6751,0.67535,22.30,37.50
2007.07.31 05:17:51.560,0.6751,0.6753,22.30,35.10
2007.07.31 05:17:53.729,0.6751,0.6752,22.30,0.80
2007.07.31 05:17:53.750,0.6751,0.6752,22.30,0.80
2007.07.31 05:17:53.849,0.6751,0.67525,22.30,18.40
2007.07.31 05:17:54.475,0.6751,0.67525,18.30,18.40
2007.07.31 05:17:54.490,0.6751,0.67525,10.40,18.40
2007.07.31 05:17:55.187,0.6751,0.6752,10.40,0.60
2007.07.31 05:17:55.221,0.6751,0.67525,10.40,8.00
2007.07.31 05:17:55.327,0.6751,0.67525,10.40,0.90
2007.07.31 05:17:55.392,0.6751,0.6753,14.40,35.10
2007.07.31 05:17:55.423,0.6751,0.67525,22.30,0.80
2007.07.31 05:18:00.879,0.6751,0.6753,22.30,39.10
2007.07.31 05:18:00.905,0.6751,0.6753,22.30,33.50
2007.07.31 05:18:02.145,0.6751,0.6753,22.30,37.50
2007.07.31 05:18:02.306,0.6751,0.6753,22.30,33.60
2007.07.31 05:18:02.593,0.6751,0.67525,22.30,4.00
2007.07.31 05:18:04.192,0.6751,0.6753,22.30,33.60
2007.07.31 05:18:08.675,0.6751,0.6753,22.30,37.50
2007.07.31 05:18:09.069,0.6751,0.6753,22.30,36.70
2007.07.31 05:18:09.189,0.6751,0.6753,22.30,37.50
2007.07.31 05:18:09.274,0.6751,0.6753,22.30,36.70
2007.07.31 05:18:09.789,0.6751,0.6753,22.30,34.30
2007.07.31 05:18:18.704,0.6751,0.6753,22.30,28.70
2007.07.31 05:18:29.225,0.6751,0.6753,22.30,34.30
2007.07.31 05:18:30.758,0.6751,0.6753,24.70,34.30
2007.07.31 05:18:35.749,0.6751,0.6753,22.30,34.30
2007.07.31 05:18:35.898,0.6751,0.67525,22.30,4.00
2007.07.31 05:18:36.301,0.6751,0.67525,18.30,4.00
2007.07.31 05:18:36.383,0.6751,0.67525,10.40,4.00
2007.07.31 05:18:36.600,0.6751,0.6752,10.40,2.40
2007.07.31 05:18:36.689,0.6751,0.6752,10.40,10.40
2007.07.31 05:18:37.625,0.6751,0.6752,8.00,10.40
2007.07.31 05:18:37.748,0.67505,0.6752,8.80,14.40
2007.07.31 05:18:37.784,0.67505,0.6752,4.80,14.40
2007.07.31 05:18:39.167,0.67505,0.6752,4.80,12.00
2007.07.31 05:18:39.201,0.67505,0.6752,4.80,4.00
2007.07.31 05:18:39.369,0.6751,0.6752,4.00,4.00
2007.07.31 05:18:39.415,0.6751,0.6752,11.90,4.00
2007.07.31 05:18:39.668,0.6751,0.6752,11.90,12.00
2007.07.31 05:18:39.675,0.6751,0.6752,11.90,14.40
2007.07.31 05:18:39.979,0.6751,0.6752,11.90,15.20
2007.07.31 05:18:40.112,0.6751,0.6752,11.90,16.00
2007.07.31 05:18:40.149,0.6751,0.6752,11.90,16.80
2007.07.31 05:18:40.194,0.6751,0.6752,11.90,16.00
2007.07.31 05:18:40.247,0.6751,0.6752,14.30,12.80
2007.07.31 05:18:40.292,0.6751,0.6752,22.30,4.80
2007.07.31 05:18:40.388,0.6751,0.6752,22.30,4.00
2007.07.31 05:18:40.650,0.6751,0.6752,18.30,6.40
2007.07.31 05:18:40.699,0.6751,0.6752,10.40,22.40
2007.07.31 05:18:40.816,0.6751,0.6752,10.40,14.40
2007.07.31 05:18:41.130,0.6751,0.6752,10.40,6.40
2007.07.31 05:18:41.156,0.6751,0.6752,14.40,4.00
2007.07.31 05:18:41.242,0.6751,0.6752,22.30,4.00
2007.07.31 05:18:43.206,0.6751,0.6752,19.90,6.40
2007.07.31 05:18:43.220,0.6751,0.6752,19.90,10.40
2007.07.31 05:18:43.231,0.6751,0.6752,11.90,18.40
2007.07.31 05:18:43.317,0.6751,0.6752,7.90,18.40
2007.07.31 05:18:43.333,0.67505,0.6752,4.00,18.40
2007.07.31 05:18:43.712,0.67505,0.6752,4.00,14.40
2007.07.31 05:18:43.731,0.67505,0.6752,4.80,14.40
2007.07.31 05:18:43.747,0.67505,0.6752,4.80,6.40
2007.07.31 05:18:44.675,0.67505,0.6752,4.80,14.40
2007.07.31 05:18:46.606,0.6751,0.6752,2.40,14.40
2007.07.31 05:18:46.826,0.6751,0.6752,10.40,14.40
2007.07.31 05:18:47.146,0.6751,0.6752,10.40,6.40
2007.07.31 05:18:47.864,0.6751,0.6752,10.40,14.40
2007.07.31 05:18:48.140,0.6751,0.6752,8.00,15.20
2007.07.31 05:18:48.187,0.6751,0.6752,8.00,20.00
2007.07.31 05:18:48.294,0.67505,0.6752,4.00,20.00
2007.07.31 05:18:48.336,0.67505,0.6752,4.00,20.80
2007.07.31 05:18:53.066,0.67505,0.6752,4.00,19.20
2007.07.31 05:18:53.191,0.67505,0.6752,4.00,18.40
2007.07.31 05:18:53.963,0.67505,0.6752,4.00,19.20
2007.07.31 05:18:53.991,0.67505,0.6752,4.00,20.80
2007.07.31 05:18:54.095,0.67505,0.6752,4.00,22.40
2007.07.31 05:18:55.012,0.67505,0.6752,4.00,21.60
2007.07.31 05:18:55.036,0.67505,0.6752,4.00,20.80
2007.07.31 05:19:01.696,0.6751,0.6752,8.00,16.80
2007.07.31 05:19:01.711,0.6751,0.6752,10.40,16.80
2007.07.31 05:19:01.781,0.6751,0.6752,10.40,16.00
2007.07.31 05:19:01.800,0.6751,0.6752,10.40,15.20
2007.07.31 05:19:02.023,0.6751,0.6752,10.40,14.40
2007.07.31 05:19:09.459,0.6751,0.6752,10.40,6.40
2007.07.31 05:19:13.169,0.6751,0.6752,10.40,14.40
2007.07.31 05:19:14.233,0.67505,0.6752,4.80,16.00
2007.07.31 05:19:14.505,0.67505,0.6752,4.80,16.80
2007.07.31 05:19:17.236,0.67505,0.6752,4.80,20.80
2007.07.31 05:19:17.330,0.67505,0.6752,4.00,20.80
2007.07.31 05:19:20.159,0.67505,0.6752,4.00,16.80
2007.07.31 05:19:20.321,0.67505,0.6752,4.80,16.80
2007.07.31 05:19:21.819,0.67505,0.6752,4.80,16.00
2007.07.31 05:19:21.942,0.67505,0.6752,4.80,15.20
2007.07.31 05:19:21.967,0.67505,0.6752,4.80,14.40
2007.07.31 05:19:23.700,0.6751,0.6752,2.40,12.00
2007.07.31 05:19:23.878,0.6751,0.6752,10.40,4.00
2007.07.31 05:19:23.904,0.6751,0.6752,14.40,4.00
2007.07.31 05:19:23.972,0.6751,0.6752,22.30,4.00
2007.07.31 05:19:25.143,0.67505,0.6752,27.10,4.00
2007.07.31 05:20:00.171,0.6751,0.6752,8.00,14.40
2007.07.31 05:20:00.339,0.6751,0.6752,10.40,14.40
2007.07.31 05:20:00.378,0.6751,0.6752,10.40,6.40
2007.07.31 05:20:01.212,0.6751,0.6752,10.40,14.40
2007.07.31 05:20:01.783,0.6751,0.6752,10.40,12.00
2007.07.31 05:20:01.844,0.6751,0.6752,10.40,4.00
2007.07.31 05:20:01.885,0.6751,0.6752,14.40,4.00
2007.07.31 05:20:01.937,0.6751,0.6752,22.30,4.00
2007.07.31 05:20:04.244,0.6751,0.6752,22.30,6.40
2007.07.31 05:20:04.330,0.6751,0.6752,22.30,14.40
2007.07.31 05:20:04.424,0.6751,0.6752,14.40,14.40
2007.07.31 05:20:04.457,0.6751,0.6752,10.40,14.40
2007.07.31 05:20:07.263,0.67505,0.6752,15.20,14.40
2007.07.31 05:20:09.377,0.6751,0.6752,3.50,15.20
2007.07.31 05:20:09.409,0.6751,0.6752,1.20,16.00
2007.07.31 05:20:09.418,0.6751,0.6752,3.60,16.80
2007.07.31 05:20:09.677,0.67505,0.6752,12.80,16.80
2007.07.31 05:20:09.708,0.675,0.6752,44.70,16.80
2007.07.31 05:20:10.809,0.67505,0.6752,0.80,16.80
2007.07.31 05:20:10.846,0.675,0.6752,29.60,28.70
2007.07.31 05:20:10.905,0.675,0.6752,3.00,31.10
2007.07.31 05:20:10.915,0.67495,0.6752,35.20,35.10
2007.07.31 05:20:14.277,0.67495,0.6752,43.10,29.60
2007.07.31 05:20:14.307,0.67505,0.6752,1.30,27.20
2007.07.31 05:20:14.395,0.675,0.6752,37.50,23.20
2007.07.31 05:20:14.891,0.67505,0.6752,0.80,27.20
2007.07.31 05:20:18.282,0.67505,0.6752,6.40,27.20
2007.07.31 05:20:18.311,0.6751,0.6752,2.20,27.20
2007.07.31 05:20:18.332,0.67505,0.6752,14.40,23.20
2007.07.31 05:20:18.418,0.67505,0.6752,14.40,19.20
2007.07.31 05:20:18.516,0.67505,0.6752,14.40,12.80
2007.07.31 05:20:18.831,0.6751,0.6752,1.70,12.80
2007.07.31 05:20:18.843,0.67505,0.6752,0.50,12.80
2007.07.31 05:20:18.941,0.675,0.6752,42.30,12.80
2007.07.31 05:20:24.841,0.67505,0.6752,12.00,12.80
2007.07.31 05:20:24.987,0.6751,0.6752,4.40,12.80
2007.07.31 05:20:37.417,0.6751,0.6752,10.40,12.00
2007.07.31 05:20:37.427,0.6751,0.6752,10.40,11.20
2007.07.31 05:20:37.449,0.6751,0.6752,10.40,10.40
2007.07.31 05:20:38.411,0.6751,0.6752,10.40,0.70
2007.07.31 05:20:38.868,0.6751,0.6752,8.00,0.70
2007.07.31 05:20:38.875,0.67505,0.6752,4.00,0.70
2007.07.31 05:20:39.389,0.67505,0.6752,4.00,0.90
2007.07.31 05:20:39.401,0.67505,0.67525,4.00,23.20
2007.07.31 05:20:39.541,0.67505,0.6752,4.00,0.90
2007.07.31 05:20:39.708,0.67505,0.67525,4.00,28.00
2007.07.31 05:20:39.792,0.675,0.67525,34.30,25.60
2007.07.31 05:20:39.827,0.675,0.67525,34.30,28.20
2007.07.31 05:20:39.904,0.675,0.6752,34.30,0.50
2007.07.31 05:20:39.926,0.675,0.67525,19.20,36.70
2007.07.31 05:20:40.094,0.675,0.6752,15.20,0.70
2007.07.31 05:20:40.846,0.675,0.67525,15.20,44.70
2007.07.31 05:20:40.919,0.675,0.67525,15.20,41.50
2007.07.31 05:20:40.946,0.675,0.67525,19.20,41.50
2007.07.31 05:20:40.963,0.675,0.67525,19.20,35.90
2007.07.31 05:20:49.953,0.675,0.67525,19.20,36.70
2007.07.31 05:20:50.133,0.675,0.67525,19.20,37.50
2007.07.31 05:20:51.004,0.675,0.67525,19.20,36.70
2007.07.31 05:20:51.037,0.675,0.67525,19.20,35.90
2007.07.31 05:20:51.923,0.675,0.67525,19.20,36.70
2007.07.31 05:20:52.068,0.675,0.6752,19.20,0.70
2007.07.31 05:20:53.485,0.675,0.6752,27.20,0.50
2007.07.31 05:20:55.455,0.675,0.67525,19.20,29.50
2007.07.31 05:20:58.888,0.675,0.67525,27.20,29.50
2007.07.31 05:20:59.085,0.675,0.6752,19.20,0.90
2007.07.31 05:21:00.125,0.675,0.6752,27.20,0.90
2007.07.31 05:21:01.147,0.675,0.6752,19.20,0.50
2007.07.31 05:21:01.973,0.675,0.67525,27.20,29.50
2007.07.31 05:21:02.580,0.675,0.6752,0.70,0.80
2007.07.31 05:21:03.123,0.67495,0.67525,33.60,27.10
2007.07.31 05:21:03.435,0.675,0.6752,0.60,0.70
2007.07.31 05:21:03.476,0.675,0.6752,0.70,0.90
2007.07.31 05:21:03.516,0.67495,0.6752,32.80,24.70
2007.07.31 05:21:06.848,0.67495,0.67515,24.80,2.40
2007.07.31 05:21:07.485,0.67495,0.67515,28.80,2.40
2007.07.31 05:21:07.602,0.67495,0.67515,29.60,2.40
2007.07.31 05:21:07.702,0.67495,0.67515,34.40,2.40
2007.07.31 05:21:07.912,0.675,0.67515,7.00,2.40
2007.07.31 05:21:08.926,0.67495,0.67515,44.80,2.40
2007.07.31 05:21:08.936,0.67495,0.67515,45.60,2.40
2007.07.31 05:21:08.966,0.675,0.6752,11.20,31.90
2007.07.31 05:21:09.042,0.675,0.6752,2.30,27.90
2007.07.31 05:21:11.962,0.675,0.6752,19.20,24.70
2007.07.31 05:21:11.989,0.675,0.6752,10.20,23.90
2007.07.31 05:21:12.150,0.675,0.6752,13.40,20.70
2007.07.31 05:21:12.866,0.675,0.6752,42.40,20.70
2007.07.31 05:21:12.980,0.675,0.6752,49.50,6.40
2007.07.31 05:21:13.036,0.675,0.6752,49.50,2.40
2007.07.31 05:21:16.362,0.675,0.6752,46.40,2.40
2007.07.31 05:21:16.412,0.6751,0.6752,0.90,2.40
2007.07.31 05:21:16.458,0.67505,0.6752,15.20,2.40
2007.07.31 05:21:16.523,0.67505,0.6752,19.20,2.40
2007.07.31 05:21:16.572,0.6751,0.6753,3.20,37.50
2007.07.31 05:21:17.564,0.67505,0.6753,23.20,36.70
2007.07.31 05:21:17.982,0.67505,0.6753,23.20,37.50
2007.07.31 05:21:20.167,0.67505,0.6752,23.20,2.40
2007.07.31 05:21:23.644,0.67505,0.6752,20.80,2.40
2007.07.31 05:21:23.663,0.6751,0.6752,1.30,2.40
2007.07.31 05:21:24.299,0.675,0.6752,42.30,2.40
2007.07.31 05:21:25.695,0.67505,0.6752,12.00,2.40
2007.07.31 05:21:25.733,0.6751,0.6752,0.60,2.40
2007.07.31 05:21:31.954,0.6751,0.6752,4.00,2.40
2007.07.31 05:21:32.467,0.6751,0.67525,4.00,5.60
2007.07.31 05:21:32.567,0.6751,0.67525,4.00,4.00
2007.07.31 05:21:32.913,0.6751,0.67525,6.40,4.00
2007.07.31 05:21:32.994,0.6751,0.67525,14.40,4.00
2007.07.31 05:21:33.118,0.6751,0.67525,18.40,4.00
2007.07.31 05:21:34.749,0.6751,0.67525,18.40,3.20
2007.07.31 05:21:34.832,0.6751,0.67525,18.40,2.40
2007.07.31 05:21:39.548,0.6751,0.67525,20.80,2.40
2007.07.31 05:21:40.739,0.6751,0.6753,20.80,39.10
2007.07.31 05:21:47.485,0.6751,0.6753,20.80,28.70
2007.07.31 05:22:02.878,0.6751,0.6753,20.80,24.70
2007.07.31 05:22:02.997,0.6751,0.6753,24.80,20.70
2007.07.31 05:22:03.542,0.67515,0.6753,4.00,20.70
2007.07.31 05:22:03.802,0.6751,0.6753,24.80,20.70
2007.07.31 05:22:04.730,0.6751,0.6753,28.00,20.70
2007.07.31 05:22:04.745,0.6751,0.6753,20.00,20.70
2007.07.31 05:22:04.881,0.6752,0.6754,10.40,23.90
2007.07.31 05:22:05.218,0.6752,0.6754,2.40,23.90
2007.07.31 05:22:05.229,0.67515,0.6754,4.00,23.90
2007.07.31 05:22:05.406,0.67515,0.6753,4.00,20.70
2007.07.31 05:22:05.437,0.67515,0.6753,8.00,20.70
2007.07.31 05:22:05.486,0.67515,0.6753,8.00,12.80
2007.07.31 05:22:05.541,0.67515,0.6753,8.00,10.40
2007.07.31 05:22:05.587,0.67515,0.6753,8.00,2.40
2007.07.31 05:22:05.651,0.67515,0.6754,12.80,32.70
2007.07.31 05:22:05.691,0.6752,0.6754,4.00,32.70
2007.07.31 05:22:05.788,0.6752,0.6754,4.00,32.60
2007.07.31 05:22:06.101,0.6752,0.6754,4.00,36.60
2007.07.31 05:22:06.262,0.6752,0.6754,4.00,39.00
2007.07.31 05:22:07.948,0.6752,0.6754,5.60,39.00
2007.07.31 05:22:07.967,0.6752,0.6754,6.40,39.00
2007.07.31 05:22:08.007,0.6752,0.6754,8.00,39.00
2007.07.31 05:22:08.209,0.6752,0.6754,10.40,39.00
2007.07.31 05:22:08.273,0.6752,0.6754,18.40,35.00
2007.07.31 05:22:08.485,0.6752,0.6754,18.40,35.20
2007.07.31 05:22:08.520,0.6752,0.6754,26.40,35.20
2007.07.31 05:22:08.570,0.6752,0.6754,26.40,35.10
2007.07.31 05:22:08.694,0.6752,0.6754,26.40,31.10
2007.07.31 05:22:10.974,0.6752,0.6754,28.00,31.10
2007.07.31 05:22:11.186,0.6752,0.6754,28.00,39.10
2007.07.31 05:22:15.632,0.6752,0.6754,28.80,39.10
2007.07.31 05:22:15.688,0.6752,0.6754,29.60,39.10
2007.07.31 05:22:16.986,0.6752,0.6754,28.80,39.10
2007.07.31 05:22:17.150,0.6752,0.6754,28.00,39.10
2007.07.31 05:22:20.626,0.6752,0.6754,28.00,38.30
2007.07.31 05:22:20.724,0.6752,0.6754,28.00,37.50
2007.07.31 05:22:20.851,0.6752,0.6754,31.20,24.70
2007.07.31 05:22:20.942,0.67525,0.6754,4.00,24.70
2007.07.31 05:22:21.078,0.67525,0.6754,4.80,24.70
2007.07.31 05:22:22.267,0.67525,0.6754,4.80,12.80
2007.07.31 05:22:22.295,0.67525,0.6754,8.80,10.40
2007.07.31 05:22:22.327,0.67525,0.6754,12.80,10.40
2007.07.31 05:22:29.816,0.67525,0.6754,8.80,10.40
2007.07.31 05:22:29.986,0.67525,0.6754,8.80,14.40
2007.07.31 05:22:29.997,0.67525,0.6754,5.60,14.40
2007.07.31 05:22:32.336,0.67525,0.6754,4.80,14.40
2007.07.31 05:22:32.378,0.67525,0.6754,4.00,14.40
2007.07.31 05:22:33.583,0.67525,0.6754,4.00,12.00
2007.07.31 05:22:33.602,0.67525,0.6754,4.00,4.00
2007.07.31 05:22:33.651,0.67525,0.6754,8.00,4.00
2007.07.31 05:22:33.693,0.67525,0.67545,8.00,8.00
2007.07.31 05:22:34.624,0.67525,0.6754,4.00,2.40
2007.07.31 05:22:34.642,0.67525,0.6754,4.00,18.40
2007.07.31 05:22:34.753,0.6752,0.6754,37.60,22.40
2007.07.31 05:22:34.858,0.6752,0.6754,33.60,22.40
2007.07.31 05:22:36.310,0.6752,0.6754,32.80,18.40
2007.07.31 05:22:36.400,0.6752,0.6754,24.00,18.40
2007.07.31 05:22:36.457,0.6752,0.6754,20.80,19.20
2007.07.31 05:22:36.622,0.6752,0.6754,19.20,20.00
2007.07.31 05:22:36.642,0.6752,0.6754,18.40,20.80
2007.07.31 05:22:37.134,0.6752,0.6754,18.40,28.80
2007.07.31 05:22:37.180,0.6752,0.6754,14.40,28.80
2007.07.31 05:22:37.288,0.6752,0.6754,14.40,31.20
2007.07.31 05:22:37.427,0.6752,0.6754,14.40,30.40
2007.07.31 05:22:37.443,0.6752,0.6754,14.40,29.60
2007.07.31 05:22:37.663,0.6752,0.6754,6.40,25.50
2007.07.31 05:22:37.695,0.67515,0.6754,9.60,27.90
2007.07.31 05:22:38.003,0.67515,0.6753,9.60,10.40
2007.07.31 05:22:38.082,0.67515,0.6753,9.60,14.40
2007.07.31 05:22:38.308,0.67515,0.6753,5.60,14.40
2007.07.31 05:22:40.504,0.67515,0.6753,2.80,14.40
2007.07.31 05:22:42.734,0.6751,0.6753,47.10,10.40
2007.07.31 05:22:42.745,0.6751,0.6753,47.10,10.40
2007.07.31 05:22:43.147,0.67515,0.6753,13.60,10.40
2007.07.31 05:22:43.223,0.6752,0.6754,0.50,29.50
2007.07.31 05:22:43.561,0.67515,0.6754,13.60,33.50
2007.07.31 05:22:43.647,0.6752,0.67535,2.40,2.40
2007.07.31 05:22:46.096,0.67515,0.6753,13.60,2.40
2007.07.31 05:22:46.143,0.6752,0.6753,2.00,10.40
2007.07.31 05:22:46.260,0.67515,0.6753,3.20,10.40
2007.07.31 05:22:51.011,0.6752,0.6753,0.90,10.40
2007.07.31 05:22:51.123,0.6752,0.6753,2.20,8.00
2007.07.31 05:22:51.134,0.67515,0.67535,13.60,2.40
2007.07.31 05:22:56.683,0.67515,0.6753,13.60,2.40
2007.07.31 05:22:56.722,0.6751,0.6753,40.70,14.40
2007.07.31 05:22:56.736,0.6751,0.6753,40.70,14.40
2007.07.31 05:23:00.588,0.67515,0.6753,8.00,14.40
2007.07.31 05:23:00.668,0.67515,0.6753,16.00,14.40
2007.07.31 05:23:03.668,0.6752,0.6753,9.50,4.00
2007.07.31 05:23:03.769,0.67515,0.67535,36.00,2.40
2007.07.31 05:23:03.866,0.67515,0.67535,36.80,2.40
2007.07.31 05:23:05.943,0.67515,0.67535,36.00,2.40
2007.07.31 05:23:06.163,0.67515,0.67535,28.00,2.40
2007.07.31 05:23:08.625,0.6752,0.67535,2.30,2.40
2007.07.31 05:23:08.646,0.67515,0.67535,17.60,2.40
2007.07.31 05:23:08.720,0.6752,0.67535,1.70,2.40
2007.07.31 05:23:08.742,0.67515,0.67535,13.60,6.40
2007.07.31 05:23:08.956,0.67515,0.67535,0.50,6.40
2007.07.31 05:23:09.014,0.67515,0.67535,9.60,7.20
2007.07.31 05:23:09.118,0.67515,0.67535,9.60,8.00
2007.07.31 05:23:12.610,0.67515,0.67535,9.60,7.20
2007.07.31 05:23:12.635,0.67515,0.67535,9.60,6.40
2007.07.31 05:23:12.887,0.67515,0.67535,9.60,2.40
2007.07.31 05:23:13.236,0.6752,0.67535,4.00,2.40
2007.07.31 05:23:18.314,0.67515,0.67535,9.60,2.40
2007.07.31 05:23:18.342,0.67515,0.67535,9.60,6.40
2007.07.31 05:23:18.597,0.67515,0.6753,9.60,2.40
2007.07.31 05:23:18.721,0.67515,0.6753,9.60,10.40
2007.07.31 05:23:18.890,0.67515,0.6753,8.80,10.40
2007.07.31 05:23:18.908,0.67515,0.6753,8.00,10.40
2007.07.31 05:23:19.124,0.67515,0.6753,4.00,10.40
2007.07.31 05:23:19.171,0.6751,0.6753,35.80,10.40
2007.07.31 05:23:19.233,0.6751,0.6753,29.60,20.70
2007.07.31 05:23:19.327,0.6751,0.6753,28.80,20.70
2007.07.31 05:23:19.347,0.6751,0.6753,32.70,24.70
2007.07.31 05:23:19.419,0.6751,0.6753,33.50,24.70
2007.07.31 05:23:19.445,0.6751,0.6753,34.30,24.70
2007.07.31 05:23:19.465,0.6751,0.6753,35.10,24.70
2007.07.31 05:23:19.644,0.6751,0.6753,28.80,24.70
2007.07.31 05:23:19.731,0.6751,0.6753,26.40,24.70
2007.07.31 05:23:19.741,0.6751,0.6753,21.60,28.70
2007.07.31 05:23:19.757,0.6751,0.6753,12.80,28.70
2007.07.31 05:23:19.861,0.6751,0.6753,8.80,28.70
2007.07.31 05:23:20.039,0.6751,0.6753,8.00,28.70
2007.07.31 05:23:20.677,0.6751,0.6753,8.00,26.30
2007.07.31 05:23:20.793,0.6751,0.6753,4.00,26.30
2007.07.31 05:23:20.861,0.6751,0.6753,4.00,28.70
2007.07.31 05:23:22.752,0.6751,0.6753,4.00,32.70
2007.07.31 05:23:25.184,0.6751,0.6753,4.00,30.30
2007.07.31 05:23:25.275,0.6751,0.6753,4.00,18.30
2007.07.31 05:23:25.467,0.6751,0.6753,4.00,10.40
2007.07.31 05:23:47.662,0.6751,0.6753,4.00,12.80
2007.07.31 05:23:47.763,0.6751,0.6753,6.40,21.60
2007.07.31 05:23:47.828,0.6751,0.6753,6.40,22.40
2007.07.31 05:23:47.864,0.6751,0.6753,6.40,23.20
2007.07.31 05:23:48.176,0.6751,0.6753,6.40,27.20
2007.07.31 05:23:48.270,0.6751,0.6753,6.40,35.10
2007.07.31 05:23:49.696,0.6751,0.67525,6.40,4.00
2007.07.31 05:23:49.725,0.6751,0.67525,4.00,4.00
2007.07.31 05:23:59.268,0.6751,0.6753,4.00,35.10
2007.07.31 05:23:59.351,0.6751,0.6753,8.00,35.10
2007.07.31 05:23:59.671,0.6751,0.6753,8.00,34.30
2007.07.31 05:23:59.780,0.6751,0.6753,10.40,34.30
2007.07.31 05:23:59.808,0.6751,0.6753,10.40,33.50
2007.07.31 05:23:59.837,0.6751,0.6753,10.40,32.70
2007.07.31 05:24:00.083,0.6751,0.6753,18.40,32.70
2007.07.31 05:24:00.175,0.6751,0.6753,18.40,24.80
2007.07.31 05:24:00.201,0.6751,0.6753,18.40,22.40
2007.07.31 05:24:00.290,0.6751,0.6753,18.40,14.40
2007.07.31 05:24:00.800,0.6751,0.6753,18.40,10.40
2007.07.31 05:24:03.178,0.6751,0.6753,18.40,12.80
2007.07.31 05:24:03.313,0.6751,0.6753,8.00,27.20
2007.07.31 05:24:03.522,0.6751,0.6753,8.00,28.00
2007.07.31 05:24:03.559,0.6751,0.6753,8.00,28.80
2007.07.31 05:24:03.585,0.6751,0.6753,8.00,29.60
2007.07.31 05:24:03.744,0.6751,0.6753,10.40,27.20
2007.07.31 05:24:05.298,0.6751,0.6753,6.40,23.20
2007.07.31 05:24:05.320,0.6751,0.6752,6.40,4.00
2007.07.31 05:24:05.338,0.6751,0.6752,6.40,4.80
2007.07.31 05:24:05.393,0.6751,0.6752,6.40,5.60
2007.07.31 05:24:05.559,0.6751,0.6752,6.40,6.40
2007.07.31 05:24:05.742,0.6751,0.6752,6.40,8.80
2007.07.31 05:24:05.825,0.6751,0.6752,4.00,16.80
2007.07.31 05:24:05.845,0.67505,0.6752,4.00,16.80
2007.07.31 05:24:06.214,0.67505,0.6752,4.00,12.80
2007.07.31 05:24:06.257,0.67505,0.6752,4.00,15.20
2007.07.31 05:24:06.308,0.67505,0.6752,4.00,14.40
2007.07.31 05:24:06.346,0.67505,0.6752,8.00,13.60
2007.07.31 05:24:06.368,0.67505,0.6752,8.00,12.80
2007.07.31 05:24:06.580,0.67505,0.6752,4.00,12.80
2007.07.31 05:24:06.833,0.67505,0.6752,4.00,16.80
2007.07.31 05:24:07.292,0.67505,0.6752,4.00,14.40
2007.07.31 05:24:07.344,0.67505,0.6752,4.00,10.40
2007.07.31 05:24:07.355,0.67505,0.6752,8.00,10.40
2007.07.31 05:24:09.647,0.67505,0.6752,8.00,8.00
2007.07.31 05:24:09.755,0.67505,0.67525,8.00,8.00
2007.07.31 05:24:09.787,0.67505,0.67525,8.00,2.40
2007.07.31 05:24:10.036,0.6751,0.67525,4.00,2.40
2007.07.31 05:24:17.644,0.6751,0.67525,6.40,2.40
2007.07.31 05:24:17.830,0.6751,0.67525,16.80,2.40
2007.07.31 05:24:18.240,0.6751,0.67525,24.70,2.40
2007.07.31 05:24:18.263,0.6751,0.6753,28.70,23.20
2007.07.31 05:24:19.723,0.6751,0.6753,28.70,26.40
2007.07.31 05:24:19.785,0.6751,0.6753,26.30,18.40
2007.07.31 05:24:19.927,0.6751,0.6753,22.30,22.40
2007.07.31 05:24:19.998,0.6751,0.6753,14.40,26.40
2007.07.31 05:24:20.237,0.6751,0.6753,14.40,23.20
2007.07.31 05:24:20.316,0.6751,0.6753,14.40,35.10
2007.07.31 05:24:21.536,0.6751,0.6753,18.40,31.10
2007.07.31 05:24:23.204,0.6751,0.6753,26.30,18.40
2007.07.31 05:24:23.305,0.6751,0.6753,23.90,18.40
2007.07.31 05:24:23.411,0.67505,0.6752,4.00,22.30
2007.07.31 05:24:23.568,0.675,0.6752,40.80,22.30
2007.07.31 05:24:23.920,0.675,0.6752,38.40,22.30
2007.07.31 05:24:23.940,0.675,0.6752,42.30,22.30
2007.07.31 05:24:24.758,0.675,0.6752,43.90,22.30
2007.07.31 05:24:24.867,0.675,0.6752,43.90,18.30
2007.07.31 05:24:24.901,0.67505,0.6752,4.00,18.30
2007.07.31 05:24:24.940,0.67505,0.6752,5.60,18.30
2007.07.31 05:24:25.179,0.67505,0.6752,6.40,18.30
2007.07.31 05:24:25.384,0.6751,0.6752,4.00,10.40
2007.07.31 05:24:26.939,0.67505,0.6752,6.40,22.30
2007.07.31 05:24:26.995,0.67505,0.6752,2.40,22.30
2007.07.31 05:24:27.798,0.67505,0.6752,6.40,22.30
2007.07.31 05:24:27.882,0.67505,0.6752,6.40,14.40
2007.07.31 05:24:27.944,0.67505,0.6752,10.40,14.40
2007.07.31 05:24:28.093,0.67505,0.6752,6.40,14.40
2007.07.31 05:24:29.896,0.67505,0.6752,5.60,14.40
2007.07.31 05:24:32.965,0.67505,0.6752,5.60,0.60
2007.07.31 05:24:33.494,0.67505,0.67525,1.60,24.80
2007.07.31 05:24:36.272,0.67505,0.67525,1.60,27.20
2007.07.31 05:24:36.459,0.67505,0.6752,5.60,0.60
2007.07.31 05:24:38.624,0.67505,0.6752,4.80,0.60
2007.07.31 05:24:38.633,0.67505,0.67525,4.00,28.00
2007.07.31 05:24:38.759,0.67505,0.6752,4.00,0.50
2007.07.31 05:24:39.176,0.67505,0.67525,4.00,28.00
2007.07.31 05:24:40.930,0.67505,0.6752,4.00,0.60
2007.07.31 05:24:40.972,0.67505,0.6752,4.00,0.70
2007.07.31 05:24:41.025,0.67505,0.67525,4.00,30.40
2007.07.31 05:24:41.321,0.675,0.6752,30.30,0.90
2007.07.31 05:24:41.371,0.675,0.6752,22.40,0.90
2007.07.31 05:24:41.498,0.675,0.67525,22.40,34.40
2007.07.31 05:24:41.550,0.675,0.67525,18.40,38.40
2007.07.31 05:24:41.872,0.675,0.67525,16.00,38.40
2007.07.31 05:24:44.157,0.675,0.67525,16.00,34.40
2007.07.31 05:24:44.371,0.675,0.67525,16.00,30.40
2007.07.31 05:24:44.388,0.675,0.67525,20.00,30.40
2007.07.31 05:24:45.195,0.675,0.6752,22.40,0.50
2007.07.31 05:24:46.852,0.675,0.67525,22.40,34.40
2007.07.31 05:24:47.049,0.675,0.6752,22.40,0.60
2007.07.31 05:24:47.082,0.675,0.67525,22.40,32.00
2007.07.31 05:24:47.152,0.675,0.67525,30.40,32.00
2007.07.31 05:24:47.453,0.675,0.6752,22.40,0.90
2007.07.31 05:24:47.987,0.675,0.67525,22.40,32.80
2007.07.31 05:24:48.198,0.675,0.67525,22.40,33.60
2007.07.31 05:24:49.957,0.675,0.67525,24.00,29.60
2007.07.31 05:24:50.027,0.675,0.6752,24.00,0.90
2007.07.31 05:24:50.368,0.675,0.67525,32.00,29.60
2007.07.31 05:24:52.355,0.675,0.67525,24.00,29.60
2007.07.31 05:24:53.328,0.675,0.6752,24.00,0.60
2007.07.31 05:24:53.363,0.675,0.67525,20.00,29.60
2007.07.31 05:24:53.823,0.675,0.67525,20.00,29.60
2007.07.31 05:24:53.888,0.675,0.67525,28.00,29.60
2007.07.31 05:24:53.992,0.675,0.67525,32.00,29.60
2007.07.31 05:24:55.637,0.675,0.67525,30.40,29.60
2007.07.31 05:24:56.886,0.675,0.6752,26.40,0.70
2007.07.31 05:24:56.902,0.675,0.67525,24.80,33.60
2007.07.31 05:24:57.013,0.675,0.6752,20.80,0.70
2007.07.31 05:25:06.361,0.675,0.6752,24.80,31.20
2007.07.31 05:25:06.450,0.675,0.6752,24.80,21.60
2007.07.31 05:25:06.609,0.675,0.6752,24.80,20.80
2007.07.31 05:25:06.644,0.675,0.6752,24.80,19.20
2007.07.31 05:25:06.882,0.675,0.6752,24.80,15.20
2007.07.31 05:25:06.950,0.675,0.6752,28.80,15.20
2007.07.31 05:25:09.953,0.675,0.6752,28.80,19.20
2007.07.31 05:25:10.086,0.675,0.6752,24.80,19.20
2007.07.31 05:25:12.485,0.675,0.6752,24.80,15.20
2007.07.31 05:25:15.661,0.675,0.6752,29.60,15.20
2007.07.31 05:25:18.129,0.675,0.6752,32.00,15.20
2007.07.31 05:25:24.875,0.675,0.6752,32.00,12.80
2007.07.31 05:25:25.552,0.67505,0.6752,4.00,12.80
2007.07.31 05:25:28.277,0.67505,0.6752,4.00,0.90
2007.07.31 05:25:28.394,0.675,0.6752,35.20,0.50
2007.07.31 05:25:28.525,0.675,0.6752,35.20,0.60
2007.07.31 05:25:28.617,0.675,0.6752,34.40,0.90
2007.07.31 05:25:28.676,0.675,0.67525,33.60,25.60
2007.07.31 05:25:28.780,0.675,0.67525,32.80,25.60
2007.07.31 05:25:29.147,0.675,0.67525,33.60,25.60
2007.07.31 05:25:29.194,0.675,0.6752,34.40,0.70
2007.07.31 05:25:29.285,0.675,0.6752,35.20,0.50
2007.07.31 05:25:31.957,0.67505,0.6752,0.80,0.60
2007.07.31 05:25:32.050,0.67505,0.67525,1.60,25.60
2007.07.31 05:25:32.257,0.6751,0.67525,2.40,21.60
2007.07.31 05:25:32.270,0.6751,0.6752,10.40,0.70
2007.07.31 05:26:11.235,0.6751,0.6752,10.40,8.80
2007.07.31 05:26:11.249,0.6751,0.6752,10.40,6.40
2007.07.31 05:26:11.859,0.6751,0.6752,18.40,6.40
2007.07.31 05:26:13.415,0.6751,0.6752,18.40,2.40
2007.07.31 05:26:14.795,0.6751,0.6752,19.20,2.40
2007.07.31 05:26:14.836,0.6751,0.6752,20.00,2.40
2007.07.31 05:26:14.862,0.6751,0.6752,20.80,2.40
2007.07.31 05:26:15.143,0.6751,0.67525,20.80,7.20
2007.07.31 05:26:15.244,0.67515,0.67525,0.80,7.20
2007.07.31 05:26:15.326,0.67515,0.67525,1.60,7.20
2007.07.31 05:26:15.561,0.67515,0.67525,0.80,7.20
2007.07.31 05:26:15.575,0.6751,0.67525,20.00,7.20
2007.07.31 05:26:15.655,0.6751,0.67525,20.80,7.20
2007.07.31 05:26:15.690,0.6751,0.67525,21.60,7.20
2007.07.31 05:26:15.832,0.67515,0.67525,0.80,7.20
2007.07.31 05:26:16.072,0.67515,0.67525,0.80,3.20
2007.07.31 05:26:16.075,0.67515,0.67525,1.60,3.20
2007.07.31 05:26:16.275,0.67515,0.67525,0.80,3.20
2007.07.31 05:26:16.323,0.6751,0.67525,26.40,3.20
2007.07.31 05:26:16.482,0.6751,0.6752,26.40,2.40
2007.07.31 05:26:16.524,0.6751,0.6752,26.40,10.40
2007.07.31 05:26:16.627,0.6751,0.6752,25.60,10.40
2007.07.31 05:26:16.938,0.6751,0.6752,24.80,10.40
2007.07.31 05:26:18.466,0.6751,0.6752,20.80,10.40
2007.07.31 05:26:19.424,0.6751,0.6752,12.80,10.40
2007.07.31 05:26:20.571,0.6751,0.6752,24.80,10.40
2007.07.31 05:26:20.756,0.67505,0.6752,33.60,10.40
2007.07.31 05:26:29.482,0.67505,0.6752,41.50,2.40
2007.07.31 05:26:29.579,0.67505,0.6753,41.50,28.00
2007.07.31 05:26:29.601,0.67505,0.6753,41.50,23.20
2007.07.31 05:26:29.641,0.67505,0.6753,41.50,23.20
2007.07.31 05:26:38.575,0.67505,0.6753,41.50,19.20
2007.07.31 05:26:42.480,0.67505,0.6753,41.50,23.20
2007.07.31 05:26:42.653,0.67505,0.6753,37.50,23.20
2007.07.31 05:26:53.540,0.6751,0.6753,37.50,23.20
2007.07.31 05:26:53.645,0.6751,0.6753,38.30,23.20
2007.07.31 05:26:53.655,0.6751,0.6753,38.30,19.20
2007.07.31 05:26:56.226,0.6751,0.6753,35.90,19.20
2007.07.31 05:26:56.441,0.6751,0.6753,27.90,19.20
2007.07.31 05:26:56.503,0.6751,0.6753,27.90,23.20
2007.07.31 05:26:56.647,0.6751,0.6753,29.50,23.20
2007.07.31 05:26:56.669,0.6751,0.6753,31.10,23.20
2007.07.31 05:26:56.744,0.6751,0.6753,29.90,23.20
2007.07.31 05:26:56.848,0.6751,0.6753,29.90,27.20
2007.07.31 05:26:56.967,0.6751,0.6753,29.60,27.20
2007.07.31 05:26:57.060,0.6751,0.6753,29.60,24.80
2007.07.31 05:26:57.088,0.6751,0.6753,28.80,24.80
2007.07.31 05:26:57.278,0.6751,0.6753,36.80,20.80
2007.07.31 05:26:59.978,0.6751,0.6753,36.80,21.60
2007.07.31 05:27:00.053,0.6751,0.6753,36.80,22.40
2007.07.31 05:27:00.079,0.6751,0.6753,36.80,23.20
2007.07.31 05:27:00.380,0.6751,0.6753,28.80,23.20
2007.07.31 05:27:00.897,0.6751,0.6753,28.80,24.80
2007.07.31 05:27:01.052,0.6751,0.6753,28.80,26.40
2007.07.31 05:27:01.055,0.6751,0.67535,28.80,32.80
2007.07.31 05:27:01.606,0.6751,0.67535,28.80,35.20
2007.07.31 05:27:01.717,0.6751,0.67535,40.80,35.20
2007.07.31 05:27:01.801,0.6751,0.67535,40.80,32.00
2007.07.31 05:27:01.814,0.6751,0.6753,40.80,0.50
2007.07.31 05:27:01.877,0.6751,0.67535,40.80,28.80
2007.07.31 05:27:02.655,0.6751,0.67535,36.80,28.80
2007.07.31 05:27:02.758,0.6751,0.6753,32.00,0.60
2007.07.31 05:27:10.412,0.6751,0.6753,32.00,0.50
2007.07.31 05:27:10.426,0.6751,0.6753,32.00,0.90
2007.07.31 05:27:10.528,0.6751,0.67535,32.00,36.00
2007.07.31 05:27:10.962,0.6751,0.67535,24.00,36.80
2007.07.31 05:27:11.082,0.6751,0.67525,24.00,0.80
2007.07.31 05:27:11.128,0.6751,0.6753,24.00,30.40
2007.07.31 05:27:15.143,0.6751,0.6753,24.00,29.60
2007.07.31 05:27:15.227,0.6751,0.6753,24.00,0.70
2007.07.31 05:27:15.713,0.6751,0.6753,23.50,0.70
2007.07.31 05:27:15.781,0.6751,0.67535,23.10,36.80
2007.07.31 05:27:15.912,0.6751,0.67535,31.10,36.00
2007.07.31 05:27:17.576,0.6751,0.67535,33.50,36.00
2007.07.31 05:27:18.823,0.6751,0.67535,25.50,36.00
2007.07.31 05:27:19.241,0.6751,0.67535,33.50,36.00
2007.07.31 05:27:24.231,0.6751,0.67535,34.30,36.00
2007.07.31 05:27:24.278,0.6751,0.6753,35.10,0.60
2007.07.31 05:27:24.325,0.6751,0.6753,34.30,0.50
2007.07.31 05:27:24.381,0.6751,0.6753,33.50,0.70
2007.07.31 05:27:25.921,0.6751,0.67535,32.70,33.60
2007.07.31 05:27:25.966,0.6751,0.67535,31.90,33.60
2007.07.31 05:27:26.041,0.6751,0.6753,31.10,0.80
2007.07.31 05:27:26.145,0.6751,0.67535,26.30,33.60
2007.07.31 05:27:26.184,0.6751,0.6753,18.40,0.50
2007.07.31 05:27:26.200,0.6751,0.6753,18.40,31.20
2007.07.31 05:27:26.287,0.67505,0.6753,2.40,31.90
2007.07.31 05:27:26.349,0.67505,0.67525,2.40,0.80
2007.07.31 05:27:26.474,0.67505,0.6752,2.40,0.80
2007.07.31 05:27:26.698,0.67505,0.67525,2.40,0.70
2007.07.31 05:27:26.725,0.67505,0.67525,6.40,0.60
2007.07.31 05:27:28.208,0.6751,0.67525,2.40,0.90
2007.07.31 05:27:28.276,0.6751,0.6753,10.40,33.50
2007.07.31 05:27:28.332,0.6751,0.6753,12.80,29.50
2007.07.31 05:27:28.372,0.6751,0.6753,20.70,29.60
2007.07.31 05:27:28.542,0.6751,0.6753,20.70,29.60
2007.07.31 05:27:28.566,0.6751,0.6753,21.50,29.60
2007.07.31 05:27:28.619,0.6751,0.67525,22.30,0.50
2007.07.31 05:27:28.812,0.6751,0.67525,23.10,0.50
2007.07.31 05:27:28.895,0.6751,0.6753,31.10,29.60
2007.07.31 05:27:28.993,0.6751,0.67525,31.90,0.60
2007.07.31 05:27:29.019,0.67515,0.6753,0.80,28.00
2007.07.31 05:27:29.087,0.67515,0.6753,1.60,27.20
2007.07.31 05:27:29.329,0.67515,0.6753,1.60,0.70
2007.07.31 05:27:29.828,0.67515,0.6753,1.60,0.60
2007.07.31 05:27:30.930,0.67515,0.6753,0.80,20.80
2007.07.31 05:27:31.253,0.6751,0.6753,35.10,20.80
2007.07.31 05:27:31.274,0.6751,0.6753,34.30,24.80
2007.07.31 05:27:31.699,0.6751,0.6753,34.30,27.20
2007.07.31 05:27:31.974,0.6751,0.6753,33.50,27.20
2007.07.31 05:27:34.869,0.67515,0.6753,0.80,27.20
2007.07.31 05:27:35.094,0.67515,0.6753,0.80,24.80
2007.07.31 05:27:35.128,0.67515,0.6753,1.60,24.80
2007.07.31 05:27:35.215,0.67515,0.6753,1.60,20.80
2007.07.31 05:27:36.768,0.67515,0.6753,1.60,16.80
2007.07.31 05:27:40.125,0.67515,0.67535,1.60,25.60
2007.07.31 05:27:41.816,0.67515,0.6753,1.60,0.50
2007.07.31 05:27:42.790,0.67515,0.67535,1.60,29.60
2007.07.31 05:27:45.149,0.67515,0.67535,1.60,32.00
2007.07.31 05:27:45.361,0.67515,0.67535,1.60,29.60
2007.07.31 05:27:45.457,0.67515,0.6753,1.60,0.60
2007.07.31 05:27:48.250,0.67515,0.67535,0.80,29.60
2007.07.31 05:27:48.550,0.6751,0.6753,39.10,0.70
2007.07.31 05:27:48.659,0.6751,0.6753,37.50,0.90
2007.07.31 05:27:48.782,0.6751,0.6753,31.90,0.50
2007.07.31 05:27:48.851,0.6751,0.67525,31.90,0.80
2007.07.31 05:27:48.983,0.6751,0.6753,31.10,27.20
2007.07.31 05:27:49.077,0.6751,0.67525,23.10,0.80
2007.07.31 05:27:49.599,0.6751,0.6753,8.00,29.50
2007.07.31 05:27:49.802,0.6751,0.6753,4.00,35.10
2007.07.31 05:27:49.813,0.6751,0.6753,4.80,35.10
2007.07.31 05:27:50.131,0.6751,0.67525,7.20,0.60
2007.07.31 05:27:50.190,0.6751,0.6753,15.20,36.70
2007.07.31 05:27:50.219,0.6751,0.67525,17.60,0.60
2007.07.31 05:27:50.321,0.6751,0.6753,33.50,23.20
2007.07.31 05:27:50.334,0.6751,0.6753,33.50,22.40
2007.07.31 05:28:00.261,0.67515,0.6753,0.80,28.80
2007.07.31 05:28:00.278,0.67515,0.6753,1.60,27.20
2007.07.31 05:28:00.676,0.67515,0.67535,1.60,29.60
2007.07.31 05:28:00.816,0.67515,0.67535,1.60,25.60
2007.07.31 05:28:07.386,0.67515,0.6753,0.80,20.80
2007.07.31 05:28:07.552,0.6751,0.6753,39.10,20.80
2007.07.31 05:28:07.761,0.6751,0.6753,39.10,27.20
2007.07.31 05:28:07.867,0.6751,0.6753,38.30,27.20
2007.07.31 05:28:07.888,0.6751,0.6753,34.30,27.20
2007.07.31 05:28:07.973,0.6751,0.6753,32.70,27.20
2007.07.31 05:28:08.152,0.6751,0.6753,31.90,27.20
2007.07.31 05:28:08.210,0.6751,0.6753,31.10,27.20
2007.07.31 05:28:08.717,0.6751,0.67525,31.10,2.40
2007.07.31 05:28:16.981,0.6751,0.67525,31.90,2.40
2007.07.31 05:28:17.029,0.6751,0.67525,32.70,2.40
2007.07.31 05:28:17.120,0.6751,0.67525,33.50,2.40
2007.07.31 05:28:24.522,0.67515,0.67525,0.80,2.40
2007.07.31 05:28:24.532,0.67515,0.67525,1.60,2.40
2007.07.31 05:28:24.722,0.67515,0.6753,1.60,27.20
2007.07.31 05:28:24.756,0.67515,0.6753,1.60,24.80
2007.07.31 05:28:24.855,0.67515,0.6753,1.60,20.80
2007.07.31 05:28:27.703,0.67515,0.6753,1.60,16.80
2007.07.31 05:28:28.357,0.67515,0.67535,1.60,25.60
2007.07.31 05:28:30.158,0.67515,0.6753,1.60,0.50
2007.07.31 05:28:32.748,0.6752,0.6753,8.00,0.90
2007.07.31 05:28:32.903,0.6752,0.67535,8.80,20.00
2007.07.31 05:28:32.918,0.6752,0.67535,11.20,20.00
2007.07.31 05:28:32.975,0.6752,0.67535,12.00,20.00
2007.07.31 05:28:33.074,0.6752,0.67535,12.80,20.00
2007.07.31 05:28:33.280,0.6752,0.67535,12.80,17.60
2007.07.31 05:28:33.363,0.6752,0.67535,12.80,9.60
2007.07.31 05:28:34.707,0.6752,0.67535,10.40,9.60
2007.07.31 05:28:34.803,0.6752,0.67525,10.40,0.70
2007.07.31 05:28:34.816,0.6752,0.6753,2.40,4.80
2007.07.31 05:28:35.219,0.6752,0.6753,10.40,4.80
2007.07.31 05:28:35.226,0.6752,0.67525,12.80,0.70
2007.07.31 05:28:35.527,0.6752,0.67535,12.80,9.60
2007.07.31 05:28:35.950,0.6752,0.67535,13.60,9.60
2007.07.31 05:28:36.026,0.67525,0.67535,0.80,9.60
2007.07.31 05:28:36.141,0.67525,0.67535,1.60,9.60
2007.07.31 05:28:36.319,0.67525,0.6753,0.80,0.80
2007.07.31 05:28:36.346,0.67525,0.67535,0.80,5.60
2007.07.31 05:28:36.448,0.6752,0.6753,10.40,0.90
2007.07.31 05:28:36.679,0.6752,0.67535,9.60,5.60
2007.07.31 05:28:36.754,0.6752,0.6753,9.60,0.80
2007.07.31 05:28:36.785,0.6752,0.67535,9.60,16.00
2007.07.31 05:28:36.858,0.6752,0.67535,8.80,16.00
2007.07.31 05:28:36.893,0.6752,0.6753,0.80,0.60
2007.07.31 05:28:36.932,0.67515,0.6753,5.60,0.50
2007.07.31 05:28:37.197,0.67515,0.67535,4.80,20.00
2007.07.31 05:28:37.274,0.6752,0.67535,2.40,20.00
2007.07.31 05:28:37.314,0.6752,0.6753,10.40,0.60
2007.07.31 05:28:37.472,0.6752,0.6753,10.40,0.90
2007.07.31 05:28:37.673,0.6752,0.67535,10.40,20.00
2007.07.31 05:28:37.781,0.6752,0.6753,8.00,0.60
2007.07.31 05:28:37.820,0.67515,0.67535,4.80,31.90
2007.07.31 05:28:37.825,0.67515,0.6753,0.80,0.70
2007.07.31 05:28:37.873,0.67515,0.67535,0.80,31.90
2007.07.31 05:28:38.293,0.6751,0.6753,32.70,0.70
2007.07.31 05:28:45.356,0.6751,0.67535,33.50,31.90
2007.07.31 05:28:45.369,0.6751,0.67535,34.30,31.90
2007.07.31 05:28:45.465,0.6751,0.67535,35.10,31.90
2007.07.31 05:28:47.733,0.67515,0.67535,4.00,31.90
2007.07.31 05:28:47.770,0.6752,0.67535,8.00,24.00
2007.07.31 05:28:47.804,0.6752,0.67535,10.40,24.00
2007.07.31 05:28:47.865,0.6752,0.67535,10.40,20.00
2007.07.31 05:28:52.411,0.6752,0.6753,0.90,0.80
2007.07.31 05:29:18.853,0.67515,0.6753,17.60,10.40
2007.07.31 05:29:44.671,0.6752,0.6753,10.40,10.40
2007.07.31 05:29:47.989,0.6752,0.67535,10.40,20.00
2007.07.31 05:30:07.923,0.6752,0.67535,8.00,16.80
2007.07.31 05:30:08.011,0.67515,0.6753,4.80,0.90
2007.07.31 05:30:08.029,0.67515,0.67535,4.00,17.60
2007.07.31 05:30:08.095,0.67515,0.67535,4.00,21.60
2007.07.31 05:30:10.994,0.6752,0.6753,10.40,0.90
2007.07.31 05:30:11.086,0.6752,0.67535,10.40,17.60
2007.07.31 05:30:16.253,0.6752,0.6753,8.00,10.40
2007.07.31 05:30:16.302,0.67515,0.6753,8.80,10.40
2007.07.31 05:30:16.447,0.67515,0.6753,8.00,10.40
2007.07.31 05:30:16.697,0.67515,0.6753,7.20,10.40
2007.07.31 05:30:17.978,0.67515,0.6753,3.20,10.40
2007.07.31 05:30:18.004,0.6751,0.6753,38.20,12.80
2007.07.31 05:30:18.080,0.6751,0.6753,37.50,28.70
2007.07.31 05:30:19.265,0.6751,0.6753,37.50,0.60
2007.07.31 05:30:21.504,0.6751,0.67535,37.50,35.90
2007.07.31 05:30:27.832,0.6751,0.6753,38.30,0.80
2007.07.31 05:30:28.034,0.6751,0.67535,39.10,34.30
2007.07.31 05:30:31.434,0.67515,0.6753,0.80,0.50
2007.07.31 05:30:31.460,0.67515,0.67535,1.60,34.30
2007.07.31 05:30:31.542,0.67515,0.67535,1.60,35.10
2007.07.31 05:30:45.504,0.67515,0.67535,0.80,35.10
2007.07.31 05:30:45.513,0.6751,0.6753,39.10,0.70
2007.07.31 05:30:45.584,0.6751,0.67535,38.30,35.10
2007.07.31 05:30:45.710,0.6751,0.67535,38.30,35.10
2007.07.31 05:30:45.826,0.6751,0.6753,39.10,0.80
2007.07.31 05:30:45.925,0.6751,0.67535,39.90,35.10
2007.07.31 05:30:45.943,0.6751,0.6753,39.10,0.50
2007.07.31 05:30:46.034,0.67515,0.67535,0.80,35.10
2007.07.31 05:30:46.125,0.67515,0.67535,1.60,35.10
2007.07.31 05:30:46.540,0.6752,0.6753,2.40,24.70
2007.07.31 05:30:46.571,0.6752,0.6753,10.40,24.70
2007.07.31 05:30:46.666,0.6752,0.6753,10.40,16.80
2007.07.31 05:30:52.005,0.6752,0.6753,2.40,16.80
2007.07.31 05:30:52.062,0.67515,0.6753,4.00,16.80
2007.07.31 05:31:00.049,0.67515,0.6753,8.80,16.80
2007.07.31 05:31:00.083,0.6752,0.6753,8.00,16.80
2007.07.31 05:31:00.145,0.6752,0.6753,10.40,14.40
2007.07.31 05:31:00.170,0.6752,0.6753,10.40,10.40
2007.07.31 05:31:08.813,0.6752,0.6753,18.40,10.40
2007.07.31 05:31:09.038,0.6752,0.6753,20.80,10.40
2007.07.31 05:31:09.148,0.6752,0.6753,12.80,10.40
2007.07.31 05:31:10.529,0.6752,0.6753,12.80,8.00
2007.07.31 05:31:10.638,0.6752,0.6753,13.60,8.00
2007.07.31 05:31:10.713,0.6752,0.6753,8.00,8.00
2007.07.31 05:31:10.749,0.6752,0.6753,5.60,10.40
2007.07.31 05:31:10.765,0.6752,0.6753,6.40,10.40
2007.07.31 05:31:10.848,0.6752,0.6753,2.40,10.40
2007.07.31 05:31:10.934,0.6752,0.6753,2.40,14.40
2007.07.31 05:31:11.055,0.6752,0.6753,12.80,14.40
2007.07.31 05:31:11.067,0.6752,0.6753,15.20,14.40
2007.07.31 05:31:11.152,0.6752,0.6753,15.20,10.40
2007.07.31 05:31:11.375,0.6752,0.6753,7.20,10.40
2007.07.31 05:31:11.575,0.6752,0.6753,4.80,10.40
2007.07.31 05:31:11.821,0.6752,0.6753,12.80,10.40
2007.07.31 05:31:11.882,0.6752,0.6753,12.80,12.80
2007.07.31 05:31:11.916,0.6752,0.6753,12.00,12.80
2007.07.31 05:31:12.061,0.6752,0.6753,11.20,12.80
2007.07.31 05:31:12.094,0.6752,0.6753,10.40,12.80
2007.07.31 05:31:12.211,0.6752,0.6753,2.40,12.80
2007.07.31 05:31:14.542,0.6752,0.6753,2.40,10.40
2007.07.31 05:31:14.611,0.6752,0.6754,2.40,24.70
2007.07.31 05:31:14.654,0.6752,0.6754,7.20,30.20
2007.07.31 05:31:15.124,0.6752,0.6754,11.20,30.20
2007.07.31 05:31:15.163,0.6752,0.6754,31.10,30.30
2007.07.31 05:31:15.271,0.6752,0.6754,31.90,30.30
2007.07.31 05:31:15.290,0.6752,0.6754,32.70,30.30
2007.07.31 05:31:15.363,0.6752,0.6754,33.50,30.30
2007.07.31 05:31:15.495,0.6752,0.6754,34.30,30.30
2007.07.31 05:31:15.578,0.67525,0.67535,0.80,0.90
2007.07.31 05:31:15.770,0.6752,0.6754,33.50,28.70
2007.07.31 05:31:15.865,0.67525,0.6754,0.80,28.70
2007.07.31 05:31:15.972,0.67525,0.67535,1.60,0.50
2007.07.31 05:31:17.210,0.67525,0.67545,1.60,18.30
2007.07.31 05:31:19.571,0.67525,0.67545,1.60,20.70
2007.07.31 05:31:19.604,0.67525,0.6754,1.60,0.60
2007.07.31 05:31:19.706,0.67525,0.67545,1.60,28.70
2007.07.31 05:31:21.018,0.6753,0.67545,2.40,28.70
2007.07.31 05:31:21.076,0.6753,0.67545,18.30,12.80
2007.07.31 05:31:21.123,0.6753,0.67555,20.70,23.20
2007.07.31 05:31:21.286,0.6753,0.67555,23.10,28.80
2007.07.31 05:31:21.313,0.6753,0.67555,23.10,34.40
2007.07.31 05:31:21.340,0.6753,0.67555,23.10,39.20
2007.07.31 05:31:21.404,0.6753,0.67555,23.10,37.60
2007.07.31 05:31:22.158,0.6753,0.6755,20.70,0.70
2007.07.31 05:31:23.093,0.6753,0.6755,20.70,27.20
2007.07.31 05:31:23.362,0.6753,0.6755,20.70,0.80
2007.07.31 05:31:24.123,0.6753,0.6755,20.70,27.20
2007.07.31 05:31:24.181,0.6753,0.6755,18.30,27.20
2007.07.31 05:31:24.358,0.6753,0.6755,10.30,27.20
2007.07.31 05:31:24.384,0.6753,0.6755,7.90,31.20
2007.07.31 05:31:24.449,0.67525,0.6755,6.40,31.20
2007.07.31 05:31:24.643,0.67525,0.6755,2.40,27.20
2007.07.31 05:31:24.666,0.67525,0.67545,2.40,8.00
2007.07.31 05:31:25.130,0.67525,0.6754,6.40,0.70
2007.07.31 05:31:25.208,0.67525,0.6755,6.40,28.00
2007.07.31 05:31:26.904,0.67525,0.67545,6.40,10.40
2007.07.31 05:31:26.975,0.67525,0.6754,2.40,0.50
2007.07.31 05:31:30.268,0.67525,0.67545,2.40,12.80
2007.07.31 05:31:30.305,0.67525,0.67545,2.40,19.20
2007.07.31 05:31:30.318,0.67525,0.6754,2.40,0.60
2007.07.31 05:31:30.450,0.6752,0.67545,43.00,25.60
2007.07.31 05:31:30.474,0.6752,0.6754,37.50,0.70
2007.07.31 05:31:30.757,0.6752,0.67545,37.50,33.50
2007.07.31 05:31:32.417,0.6752,0.67545,35.10,32.70
2007.07.31 05:31:34.981,0.6752,0.6754,37.50,0.80
2007.07.31 05:31:35.109,0.6752,0.6754,37.50,0.90
2007.07.31 05:31:35.310,0.6752,0.67545,36.70,33.50
2007.07.31 05:31:35.415,0.6752,0.6754,36.70,0.70
2007.07.31 05:31:35.516,0.6752,0.67545,37.50,33.50
2007.07.31 05:31:35.689,0.6752,0.67545,37.50,33.50
2007.07.31 05:31:36.197,0.6752,0.67545,37.50,33.50
2007.07.31 05:31:37.244,0.6752,0.67545,38.30,33.50
2007.07.31 05:31:37.348,0.6752,0.67545,39.10,33.50
2007.07.31 05:31:38.361,0.6752,0.67545,38.30,33.50
2007.07.31 05:31:38.387,0.6752,0.67545,37.50,33.50
2007.07.31 05:31:39.132,0.6752,0.6754,38.30,0.90
2007.07.31 05:31:39.499,0.6752,0.67545,39.10,30.30
2007.07.31 05:31:39.699,0.67525,0.6754,0.80,0.90
2007.07.31 05:31:39.750,0.67525,0.6754,0.80,0.60
2007.07.31 05:31:39.806,0.67525,0.67545,1.60,26.30
2007.07.31 05:31:40.106,0.67525,0.6754,4.00,0.80
2007.07.31 05:31:40.178,0.67525,0.67545,4.00,14.40
2007.07.31 05:31:40.309,0.67525,0.67545,4.00,10.40
2007.07.31 05:31:40.334,0.67525,0.67545,8.00,9.60
2007.07.31 05:31:40.421,0.67525,0.67545,8.00,8.80
2007.07.31 05:31:41.957,0.67525,0.67545,8.80,6.40
2007.07.31 05:31:43.595,0.67525,0.67545,9.60,6.40
2007.07.31 05:31:44.129,0.6753,0.6754,2.40,2.40
2007.07.31 05:31:45.057,0.6753,0.6755,10.40,39.80
2007.07.31 05:31:45.062,0.6753,0.6754,10.40,2.40
2007.07.31 05:31:45.667,0.6753,0.6755,10.40,36.60
2007.07.31 05:31:45.764,0.6753,0.6755,12.80,32.60
2007.07.31 05:31:45.800,0.6753,0.6755,20.70,28.70
2007.07.31 05:31:45.821,0.6753,0.6755,24.70,24.70
2007.07.31 05:31:45.922,0.6753,0.6755,24.70,20.70
2007.07.31 05:31:52.183,0.6753,0.6755,32.70,20.70
2007.07.31 05:31:52.412,0.6753,0.6755,24.70,20.70
2007.07.31 05:31:57.070,0.6753,0.6755,32.70,20.70
2007.07.31 05:31:57.289,0.6753,0.6755,24.70,20.70
2007.07.31 05:31:57.712,0.6753,0.6755,27.10,20.70
2007.07.31 05:31:57.811,0.6753,0.6755,35.10,20.70
2007.07.31 05:31:58.675,0.6753,0.6755,27.10,20.70
2007.07.31 05:31:59.215,0.6753,0.6755,35.10,20.70
2007.07.31 05:31:59.411,0.6753,0.6755,27.90,20.70
2007.07.31 05:31:59.446,0.6753,0.6755,28.70,20.70
2007.07.31 05:31:59.644,0.6753,0.6755,29.50,20.70
2007.07.31 05:31:59.732,0.6753,0.6755,37.50,20.70
2007.07.31 05:32:03.809,0.6753,0.6755,37.50,24.70
2007.07.31 05:32:03.820,0.6753,0.6755,37.50,28.70
2007.07.31 05:32:04.126,0.67535,0.6755,0.80,28.70
2007.07.31 05:32:04.366,0.67535,0.6755,1.60,28.70
2007.07.31 05:32:04.865,0.67535,0.6755,1.60,24.70
2007.07.31 05:32:05.835,0.67535,0.6755,1.60,20.70
2007.07.31 05:32:28.824,0.67535,0.6755,1.60,24.70
2007.07.31 05:32:28.884,0.67535,0.6755,1.60,22.30
2007.07.31 05:32:34.733,0.67535,0.67545,1.60,3.20
2007.07.31 05:32:40.684,0.67535,0.67545,1.60,2.40
2007.07.31 05:32:45.265,0.67535,0.6754,1.60,8.00
2007.07.31 05:32:45.279,0.67535,0.6754,1.60,10.40
2007.07.31 05:32:45.486,0.67535,0.6754,0.80,10.40
2007.07.31 05:32:45.683,0.67535,0.6754,0.80,2.40
2007.07.31 05:32:45.693,0.6753,0.6754,31.10,2.40
2007.07.31 05:32:45.812,0.6753,0.6754,23.10,2.40
2007.07.31 05:32:45.834,0.6753,0.67545,25.50,2.40
2007.07.31 05:32:45.926,0.6753,0.67545,24.70,2.40
2007.07.31 05:32:46.239,0.6753,0.6754,16.00,8.00
2007.07.31 05:32:46.252,0.6753,0.6754,12.80,10.40
2007.07.31 05:32:46.357,0.6753,0.6754,10.40,10.40
2007.07.31 05:32:46.758,0.6753,0.6754,10.40,14.40
2007.07.31 05:32:47.914,0.6753,0.6754,11.20,14.40
2007.07.31 05:32:48.080,0.6753,0.6754,12.00,14.40
2007.07.31 05:32:48.172,0.6753,0.6754,12.80,14.40
2007.07.31 05:32:48.348,0.6753,0.6754,12.80,10.40
2007.07.31 05:32:48.673,0.6753,0.6754,12.00,10.40
2007.07.31 05:32:48.698,0.6753,0.6754,11.20,10.40
2007.07.31 05:32:48.840,0.6753,0.6754,10.40,10.40
2007.07.31 05:32:49.210,0.6753,0.6754,2.40,10.40
2007.07.31 05:32:49.217,0.67525,0.6754,8.80,10.40
2007.07.31 05:32:49.417,0.67525,0.6754,8.80,12.80
2007.07.31 05:32:49.428,0.67525,0.6754,8.80,16.80
2007.07.31 05:32:49.825,0.67525,0.6754,8.00,16.80
2007.07.31 05:32:49.920,0.67525,0.6754,4.00,16.80
2007.07.31 05:32:52.400,0.67525,0.6754,4.80,16.80
2007.07.31 05:32:55.267,0.6753,0.6754,2.40,16.80
2007.07.31 05:32:55.380,0.6753,0.6754,10.40,16.80
2007.07.31 05:32:59.785,0.6753,0.6754,10.40,14.40
2007.07.31 05:32:59.900,0.6753,0.6754,10.40,10.40
2007.07.31 05:33:17.430,0.6753,0.6754,10.40,14.40
2007.07.31 05:33:22.431,0.6753,0.6754,12.00,14.40
2007.07.31 05:33:22.632,0.6753,0.6754,12.00,14.40
2007.07.31 05:33:22.748,0.6753,0.6754,13.60,14.40
2007.07.31 05:33:22.845,0.6753,0.6754,12.80,14.40
2007.07.31 05:33:50.654,0.6753,0.6754,12.00,14.40
2007.07.31 05:33:50.787,0.6753,0.6754,11.20,14.40
2007.07.31 05:33:50.856,0.6753,0.6754,3.20,22.30
2007.07.31 05:33:50.890,0.6753,0.6754,2.40,22.30
2007.07.31 05:33:50.989,0.67525,0.6754,2.40,22.30
2007.07.31 05:33:51.026,0.67525,0.6754,2.40,26.30
2007.07.31 05:33:51.290,0.67525,0.6754,2.40,28.70
2007.07.31 05:33:52.626,0.67525,0.6754,2.40,24.70
2007.07.31 05:33:53.154,0.67525,0.6754,1.60,24.70
2007.07.31 05:33:54.174,0.67525,0.6754,2.40,24.70
2007.07.31 05:33:54.874,0.6753,0.6754,10.60,16.70
2007.07.31 05:33:54.900,0.6753,0.6754,13.00,14.30
2007.07.31 05:33:54.946,0.67535,0.6754,2.40,14.30
2007.07.31 05:33:54.971,0.67535,0.6754,2.40,6.40
2007.07.31 05:33:55.511,0.67535,0.6754,2.40,2.40
2007.07.31 05:33:55.705,0.6753,0.6754,24.00,2.40
2007.07.31 05:33:55.926,0.6753,0.6754,22.40,2.40
2007.07.31 05:33:58.070,0.6753,0.6755,24.80,27.20
2007.07.31 05:33:58.469,0.6753,0.6755,24.80,31.10
2007.07.31 05:33:58.574,0.6753,0.67545,24.80,2.40
2007.07.31 05:33:59.039,0.6753,0.67545,25.60,2.40
2007.07.31 05:33:59.932,0.67535,0.67545,1.60,2.40
2007.07.31 05:34:00.063,0.6754,0.67545,2.40,2.40
2007.07.31 05:34:00.836,0.67535,0.67545,1.60,2.40
2007.07.31 05:34:00.856,0.6753,0.67545,34.60,2.40
2007.07.31 05:34:00.894,0.6753,0.67545,28.00,2.40
2007.07.31 05:34:01.030,0.6753,0.67545,32.00,2.40
2007.07.31 05:34:01.167,0.6753,0.6755,36.00,14.40
2007.07.31 05:34:01.180,0.6754,0.6755,10.40,10.40
2007.07.31 05:34:02.394,0.6754,0.6755,10.40,8.00
2007.07.31 05:34:02.492,0.6754,0.6755,18.40,4.00
2007.07.31 05:34:02.575,0.6754,0.67555,22.40,5.60
2007.07.31 05:34:02.609,0.6754,0.6755,22.40,2.40
2007.07.31 05:34:04.409,0.6754,0.6755,14.40,2.40
2007.07.31 05:34:04.454,0.6754,0.6755,12.00,2.40
2007.07.31 05:34:04.509,0.6754,0.6755,8.00,2.40
2007.07.31 05:34:04.878,0.6754,0.6755,8.00,7.20
2007.07.31 05:34:05.019,0.6754,0.6755,8.00,23.10
2007.07.31 05:34:05.048,0.67535,0.6755,4.00,27.10
2007.07.31 05:34:05.425,0.6753,0.6755,34.30,27.10
2007.07.31 05:34:05.680,0.6753,0.6755,32.70,27.10
2007.07.31 05:34:05.989,0.6753,0.6755,31.10,27.10
2007.07.31 05:34:07.438,0.6753,0.6755,31.90,27.10
2007.07.31 05:34:07.933,0.6754,0.6755,2.40,22.30
2007.07.31 05:34:08.045,0.67545,0.6756,4.00,8.00
2007.07.31 05:34:08.078,0.67545,0.6756,4.00,19.10
2007.07.31 05:34:08.196,0.67545,0.6756,4.00,15.10
2007.07.31 05:34:08.398,0.67545,0.6756,4.00,23.10
2007.07.31 05:34:08.483,0.6755,0.6756,8.00,26.30
2007.07.31 05:34:08.555,0.6755,0.6756,10.40,31.10
2007.07.31 05:34:08.602,0.6755,0.6756,10.40,27.10
2007.07.31 05:34:08.814,0.6755,0.6756,10.40,23.10
2007.07.31 05:34:08.937,0.6755,0.6756,2.40,15.10
2007.07.31 05:34:10.535,0.6755,0.6756,2.40,7.20
2007.07.31 05:34:10.919,0.67545,0.67565,4.00,6.40
2007.07.31 05:34:11.280,0.67545,0.67555,4.00,2.40
2007.07.31 05:34:11.393,0.6754,0.67555,39.10,2.40
2007.07.31 05:34:11.519,0.6754,0.67555,39.00,2.40
2007.07.31 05:34:11.926,0.6754,0.67555,35.00,2.40
2007.07.31 05:34:12.031,0.6754,0.67555,35.80,2.40
2007.07.31 05:34:12.053,0.67545,0.67555,0.80,2.40
2007.07.31 05:34:12.185,0.67545,0.67555,1.60,2.40
2007.07.31 05:34:12.257,0.6755,0.67565,4.00,6.40
2007.07.31 05:34:12.378,0.6755,0.67565,4.00,2.40
2007.07.31 05:34:12.390,0.67545,0.67565,9.60,2.40
2007.07.31 05:34:12.460,0.67545,0.67565,17.60,2.40
2007.07.31 05:34:12.489,0.6755,0.67565,1.40,2.40
2007.07.31 05:34:12.577,0.6755,0.67555,7.50,2.40
2007.07.31 05:34:12.665,0.67545,0.67555,16.00,2.40
2007.07.31 05:34:12.698,0.67545,0.6756,16.00,11.20
2007.07.31 05:34:12.804,0.67545,0.6756,12.00,16.80
2007.07.31 05:34:12.907,0.6755,0.6756,1.60,16.80
2007.07.31 05:34:12.923,0.6754,0.6756,36.60,16.80
2007.07.31 05:34:13.041,0.67535,0.6756,37.40,16.80
2007.07.31 05:34:13.107,0.6754,0.67555,6.00,2.40
2007.07.31 05:34:15.938,0.67535,0.67555,37.40,2.40
2007.07.31 05:34:16.012,0.67535,0.67555,43.00,2.40
2007.07.31 05:34:16.081,0.6754,0.67555,11.00,2.40
2007.07.31 05:34:16.132,0.67535,0.67555,30.30,2.40
2007.07.31 05:34:16.192,0.67535,0.67555,29.50,2.40
2007.07.31 05:34:16.381,0.67535,0.67555,23.90,4.80
2007.07.31 05:34:16.451,0.6754,0.67555,0.80,4.80
2007.07.31 05:34:16.492,0.67535,0.67555,7.20,4.80
2007.07.31 05:34:16.555,0.6753,0.67555,33.50,4.80
2007.07.31 05:34:17.633,0.6753,0.6755,32.80,2.40
2007.07.31 05:34:17.936,0.6753,0.6756,28.00,31.80
2007.07.31 05:34:17.993,0.6753,0.6755,28.00,4.80
2007.07.31 05:34:18.029,0.67535,0.6755,0.80,24.70
2007.07.31 05:34:18.035,0.67535,0.6755,0.80,27.10
2007.07.31 05:34:18.439,0.67535,0.6755,8.80,19.10
2007.07.31 05:34:18.500,0.67535,0.6755,12.00,16.70
2007.07.31 05:34:18.531,0.67535,0.6756,16.00,23.10
2007.07.31 05:34:18.546,0.6754,0.6756,6.10,28.70
2007.07.31 05:34:18.590,0.67535,0.6755,20.00,10.30
2007.07.31 05:34:18.676,0.67535,0.6755,20.00,2.40
2007.07.31 05:34:18.917,0.6754,0.6755,4.20,4.80
2007.07.31 05:34:18.999,0.67535,0.6755,10.40,12.80
2007.07.31 05:34:19.406,0.67535,0.6755,6.40,4.80
2007.07.31 05:34:19.423,0.67535,0.6755,6.40,2.40
2007.07.31 05:34:19.522,0.6754,0.67555,0.80,9.60
2007.07.31 05:34:19.731,0.67535,0.67555,6.40,8.80
2007.07.31 05:34:20.462,0.67535,0.6755,6.40,10.40
2007.07.31 05:34:20.659,0.6754,0.6755,0.80,14.40
2007.07.31 05:34:20.961,0.6754,0.6755,1.70,12.00
2007.07.31 05:34:20.985,0.6754,0.67555,2.70,6.40
2007.07.31 05:34:21.332,0.6754,0.67555,2.80,2.40
2007.07.31 05:34:21.622,0.67535,0.67555,23.20,2.40
2007.07.31 05:34:21.924,0.67535,0.67555,22.40,2.40
2007.07.31 05:34:22.917,0.6754,0.67555,1.40,2.40
2007.07.31 05:34:22.985,0.67535,0.67555,16.00,2.40
2007.07.31 05:34:23.096,0.67535,0.67555,12.00,2.40
2007.07.31 05:34:23.125,0.67535,0.67555,12.80,2.40
2007.07.31 05:34:23.205,0.6754,0.6755,2.60,8.00
2007.07.31 05:34:23.312,0.67535,0.6755,19.20,8.00
2007.07.31 05:34:23.330,0.6754,0.6755,2.40,10.40
2007.07.31 05:34:23.435,0.67535,0.6755,24.80,10.40
2007.07.31 05:34:23.534,0.67535,0.6755,24.00,10.40
2007.07.31 05:34:23.636,0.67535,0.6755,26.40,10.40
2007.07.31 05:34:23.759,0.6754,0.6755,3.30,10.40
2007.07.31 05:34:23.773,0.6754,0.6755,8.80,8.00
2007.07.31 05:34:23.786,0.6754,0.67555,9.90,6.40
2007.07.31 05:34:23.857,0.67535,0.67555,28.00,6.40
2007.07.31 05:34:23.881,0.6754,0.67555,7.50,6.40
2007.07.31 05:34:23.946,0.67535,0.67555,29.60,7.20
2007.07.31 05:34:23.983,0.67535,0.67555,21.60,3.20
2007.07.31 05:34:24.150,0.6754,0.6755,2.60,2.40
2007.07.31 05:34:24.172,0.6754,0.6755,4.70,2.40
2007.07.31 05:34:24.644,0.6754,0.67555,8.00,3.20
2007.07.31 05:34:26.503,0.67535,0.67555,29.60,2.40
2007.07.31 05:34:27.325,0.67535,0.67555,29.60,3.20
2007.07.31 05:34:29.890,0.6754,0.67555,3.90,2.40
2007.07.31 05:34:29.950,0.67535,0.67555,28.00,2.40
2007.07.31 05:34:30.294,0.6754,0.67555,10.30,4.80
2007.07.31 05:34:30.817,0.67535,0.67555,25.60,5.60
2007.07.31 05:34:31.967,0.6754,0.6755,9.20,8.00
2007.07.31 05:34:32.473,0.6754,0.6755,6.50,10.40
2007.07.31 05:34:32.500,0.6754,0.6755,5.70,10.40
2007.07.31 05:34:32.904,0.67535,0.6755,16.00,10.40
2007.07.31 05:34:32.980,0.6754,0.6755,1.30,10.40
2007.07.31 05:34:33.009,0.67535,0.6755,3.50,10.40
2007.07.31 05:34:33.044,0.6753,0.6755,43.00,10.40
2007.07.31 05:34:33.072,0.6753,0.6755,43.00,12.80
2007.07.31 05:34:33.329,0.6753,0.6755,43.00,16.80
2007.07.31 05:34:33.394,0.67535,0.6755,0.70,16.80
2007.07.31 05:34:34.925,0.6753,0.6755,42.20,6.40
2007.07.31 05:34:34.982,0.6753,0.6755,42.20,6.40
2007.07.31 05:34:35.149,0.6753,0.6755,42.20,2.40
2007.07.31 05:34:36.990,0.6753,0.6755,40.60,2.40
2007.07.31 05:34:37.198,0.67535,0.6755,1.20,4.80
2007.07.31 05:34:37.258,0.67535,0.6755,2.00,12.80
2007.07.31 05:34:37.293,0.6753,0.6755,39.00,12.80
2007.07.31 05:34:37.309,0.67535,0.6755,1.80,12.80
2007.07.31 05:34:37.482,0.67535,0.6755,0.80,20.70
2007.07.31 05:34:37.499,0.6753,0.6755,38.30,23.10
2007.07.31 05:34:37.785,0.67535,0.6755,1.30,27.10
2007.07.31 05:34:37.919,0.6753,0.6755,10.60,27.10
2007.07.31 05:34:49.214,0.6753,0.6755,35.90,27.10
2007.07.31 05:34:49.229,0.6753,0.6755,35.10,27.10
2007.07.31 05:34:49.538,0.6753,0.6755,35.10,29.50
2007.07.31 05:34:49.728,0.67535,0.6755,0.80,29.50
2007.07.31 05:34:49.764,0.67535,0.6755,0.80,27.10
2007.07.31 05:34:49.986,0.67535,0.6755,1.60,27.10
2007.07.31 05:34:50.474,0.67535,0.6755,2.40,27.10
2007.07.31 05:34:50.502,0.67535,0.6755,2.40,23.10
2007.07.31 05:34:50.537,0.67535,0.6755,6.40,23.10
2007.07.31 05:34:50.972,0.67535,0.6755,6.40,20.70
2007.07.31 05:34:51.036,0.67535,0.6755,6.40,12.70
2007.07.31 05:34:51.126,0.67535,0.6756,6.40,23.10
2007.07.31 05:34:51.556,0.67535,0.6756,6.40,19.10
2007.07.31 05:34:51.584,0.67535,0.6756,6.40,22.30
2007.07.31 05:34:51.675,0.67535,0.6755,6.40,23.10
2007.07.31 05:34:51.978,0.6754,0.6755,8.00,15.10
2007.07.31 05:34:51.997,0.6754,0.6755,10.40,12.70
2007.07.31 05:34:52.084,0.6754,0.6755,18.40,4.80
2007.07.31 05:34:52.099,0.6754,0.6755,18.40,2.40
2007.07.31 05:34:52.517,0.6754,0.6755,10.40,2.40
2007.07.31 05:34:53.793,0.6754,0.6755,18.40,2.40
2007.07.31 05:34:54.038,0.6754,0.6755,19.20,2.40
2007.07.31 05:34:54.083,0.6754,0.6755,20.00,2.40
2007.07.31 05:34:54.196,0.6754,0.6755,20.80,2.40
2007.07.31 05:34:54.398,0.6754,0.6755,21.60,2.40
2007.07.31 05:34:54.446,0.6754,0.6755,22.40,2.40
2007.07.31 05:34:54.661,0.6754,0.67555,22.40,4.80
2007.07.31 05:34:56.936,0.6754,0.67555,21.60,4.80
2007.07.31 05:34:57.027,0.6754,0.67555,20.80,4.80
2007.07.31 05:35:00.922,0.6754,0.67555,21.60,4.80
2007.07.31 05:35:00.976,0.6754,0.67555,22.40,4.80
2007.07.31 05:35:02.267,0.6754,0.67555,21.60,4.80
2007.07.31 05:35:02.288,0.6754,0.67555,20.80,4.80
2007.07.31 05:35:21.530,0.6754,0.6755,20.80,2.40
2007.07.31 05:35:21.594,0.6754,0.6755,12.80,10.40
2007.07.31 05:35:22.035,0.6754,0.6755,12.80,8.00
2007.07.31 05:35:22.127,0.6754,0.67555,12.80,8.80
2007.07.31 05:35:22.437,0.6754,0.67555,16.00,8.80
2007.07.31 05:35:22.528,0.6754,0.67555,15.20,4.80
2007.07.31 05:35:22.746,0.6754,0.67555,14.40,4.80
2007.07.31 05:35:23.024,0.6754,0.67555,14.40,8.80
2007.07.31 05:35:23.069,0.6754,0.6755,12.00,4.80
2007.07.31 05:35:23.150,0.67535,0.6755,4.00,20.70
2007.07.31 05:35:23.168,0.67535,0.6755,4.00,23.10
2007.07.31 05:35:23.240,0.67535,0.6755,4.00,27.10
2007.07.31 05:35:23.312,0.6753,0.6755,30.30,27.10
2007.07.31 05:35:23.356,0.6753,0.6755,28.70,27.10
2007.07.31 05:35:23.559,0.6753,0.6755,12.80,27.10
2007.07.31 05:35:23.580,0.6753,0.6755,10.40,27.10
2007.07.31 05:35:25.525,0.6752,0.6755,23.00,27.10
2007.07.31 05:35:25.553,0.6752,0.6755,26.20,35.10
2007.07.31 05:35:25.633,0.6752,0.67545,23.80,4.80
2007.07.31 05:35:26.043,0.6753,0.67545,10.40,4.80
2007.07.31 05:35:26.062,0.6753,0.67545,18.40,4.80
2007.07.31 05:35:26.166,0.67535,0.67545,4.00,4.80
2007.07.31 05:35:26.268,0.6754,0.6756,4.00,30.30
2007.07.31 05:35:26.348,0.6754,0.67555,4.00,2.40
2007.07.31 05:35:27.073,0.6754,0.67555,6.40,3.20
2007.07.31 05:35:27.112,0.6754,0.67555,14.40,3.20
2007.07.31 05:35:27.212,0.6754,0.67555,17.00,3.20
2007.07.31 05:35:27.280,0.6754,0.6755,17.00,2.40
2007.07.31 05:35:27.430,0.6754,0.6755,24.90,2.40
2007.07.31 05:35:27.543,0.6754,0.6755,28.90,2.40
2007.07.31 05:35:27.586,0.6754,0.6756,32.10,25.60
2007.07.31 05:35:27.623,0.6754,0.6756,23.10,28.70
2007.07.31 05:35:27.684,0.6755,0.6756,10.40,31.10
2007.07.31 05:35:27.751,0.6755,0.6756,10.40,23.10
2007.07.31 05:35:28.073,0.6755,0.6756,2.40,23.10
2007.07.31 05:35:28.095,0.67545,0.67555,0.80,2.40
2007.07.31 05:35:28.413,0.6754,0.67555,22.30,2.40
2007.07.31 05:35:28.591,0.6754,0.67555,14.30,2.40
2007.07.31 05:35:28.613,0.6754,0.67555,11.90,2.40
2007.07.31 05:35:28.742,0.67535,0.67555,5.60,4.80
2007.07.31 05:35:28.968,0.67535,0.67555,4.80,4.80
2007.07.31 05:35:29.023,0.67535,0.67555,4.00,4.80
2007.07.31 05:35:31.587,0.6754,0.67555,10.40,4.80
2007.07.31 05:35:31.604,0.6754,0.67555,12.80,4.80
2007.07.31 05:35:32.102,0.6754,0.67555,20.80,4.80
2007.07.31 05:35:32.220,0.6754,0.67555,10.40,4.80
2007.07.31 05:35:32.337,0.6754,0.67555,18.40,4.80
2007.07.31 05:35:32.416,0.6754,0.67555,18.40,5.60
2007.07.31 05:35:32.729,0.6754,0.67555,18.40,3.20
2007.07.31 05:35:33.354,0.6754,0.67555,18.40,2.40
2007.07.31 05:35:34.046,0.6754,0.67555,18.40,3.20
2007.07.31 05:35:37.882,0.6754,0.67555,10.40,3.20
2007.07.31 05:35:38.200,0.6754,0.67555,18.40,3.20
2007.07.31 05:35:42.065,0.6754,0.67555,20.80,3.20
2007.07.31 05:35:42.119,0.6754,0.67555,28.70,3.20
2007.07.31 05:35:42.133,0.6754,0.67555,32.70,3.20
2007.07.31 05:35:42.153,0.6754,0.67555,32.70,2.40
2007.07.31 05:35:42.745,0.6754,0.67555,35.10,2.40
2007.07.31 05:35:55.018,0.6754,0.67555,32.70,2.40
2007.07.31 05:35:59.962,0.6754,0.67555,34.30,2.40
2007.07.31 05:35:59.967,0.6754,0.67555,35.10,2.40
2007.07.31 05:36:00.662,0.6754,0.6756,35.10,25.50
2007.07.31 05:36:13.233,0.6754,0.6756,35.10,29.50
2007.07.31 05:36:14.191,0.6754,0.6756,34.30,29.50
2007.07.31 05:36:14.201,0.6754,0.6756,33.50,29.50
2007.07.31 05:36:14.285,0.6754,0.6756,33.50,31.10
2007.07.31 05:36:14.296,0.6754,0.6756,28.70,31.10
2007.07.31 05:36:14.926,0.6754,0.67555,28.70,2.40
2007.07.31 05:36:18.140,0.6754,0.67555,26.30,2.40
2007.07.31 05:36:18.222,0.6754,0.67555,26.30,4.80
2007.07.31 05:36:18.238,0.6754,0.67555,15.90,4.80
2007.07.31 05:36:18.345,0.6754,0.67555,8.00,4.80
2007.07.31 05:36:18.649,0.6754,0.67555,10.40,4.80
2007.07.31 05:36:18.664,0.6754,0.67555,12.80,4.80
2007.07.31 05:36:18.750,0.6754,0.67555,20.80,4.80
2007.07.31 05:36:18.846,0.6754,0.67555,20.80,2.40
2007.07.31 05:36:18.874,0.6754,0.67555,32.70,2.40
2007.07.31 05:36:20.141,0.6754,0.67555,33.50,2.40
2007.07.31 05:36:20.166,0.6754,0.67555,34.30,2.40
2007.07.31 05:36:20.215,0.6754,0.67555,35.10,2.40
2007.07.31 05:36:20.678,0.6754,0.6756,35.10,27.10
2007.07.31 05:36:21.690,0.6754,0.6756,35.10,23.10
2007.07.31 05:36:22.914,0.6754,0.6756,34.30,23.10
2007.07.31 05:36:22.949,0.6754,0.6756,33.50,23.10
2007.07.31 05:36:23.170,0.6754,0.6756,32.70,23.10
2007.07.31 05:36:23.370,0.6754,0.67555,32.70,2.40
2007.07.31 05:36:24.686,0.6754,0.67555,33.50,2.40
2007.07.31 05:36:24.702,0.6754,0.67555,38.30,2.40
2007.07.31 05:36:24.795,0.6754,0.67555,37.50,2.40
2007.07.31 05:36:24.807,0.6754,0.67555,36.70,2.40
2007.07.31 05:36:24.892,0.6754,0.67555,39.10,2.40
2007.07.31 05:36:24.912,0.6754,0.67555,41.50,2.40
2007.07.31 05:36:25.038,0.6754,0.6756,41.50,4.00
2007.07.31 05:36:25.039,0.6754,0.6756,42.30,4.00
2007.07.31 05:36:25.202,0.6754,0.6756,34.30,4.00
2007.07.31 05:36:25.222,0.6755,0.6756,10.30,4.00
2007.07.31 05:36:25.331,0.6755,0.6757,31.90,24.00
2007.07.31 05:36:25.435,0.6755,0.6757,31.90,31.10
2007.07.31 05:36:25.743,0.6755,0.6757,22.30,31.10
2007.07.31 05:36:25.841,0.6755,0.6757,18.30,31.10
2007.07.31 05:36:26.202,0.6755,0.6757,10.40,31.10
2007.07.31 05:36:26.251,0.6755,0.6757,2.40,19.90
2007.07.31 05:36:26.361,0.6755,0.6756,2.40,8.00
2007.07.31 05:36:26.681,0.6755,0.6756,2.40,10.40
2007.07.31 05:36:26.790,0.6755,0.6756,2.40,14.30
2007.07.31 05:36:27.916,0.6755,0.6757,2.40,12.00
2007.07.31 05:36:27.928,0.6755,0.6757,2.40,14.10
2007.07.31 05:36:28.448,0.6755,0.6757,2.40,10.10
2007.07.31 05:36:29.270,0.6755,0.6757,2.40,19.90
2007.07.31 05:36:29.695,0.6755,0.6757,2.40,23.90
2007.07.31 05:36:29.736,0.6755,0.6756,2.40,9.50
2007.07.31 05:36:30.009,0.6754,0.67555,34.30,2.40
2007.07.31 05:36:30.023,0.6754,0.67555,35.10,2.40
2007.07.31 05:36:30.269,0.6754,0.67555,34.30,2.40
2007.07.31 05:36:30.418,0.6754,0.67555,32.70,2.40
2007.07.31 05:36:30.712,0.6754,0.67555,28.70,2.40
2007.07.31 05:36:30.856,0.6754,0.6756,32.70,15.10
2007.07.31 05:36:30.867,0.6754,0.67555,32.70,2.40
2007.07.31 05:36:31.127,0.6754,0.67555,32.70,2.40
2007.07.31 05:36:31.243,0.6754,0.67555,28.70,2.40
2007.07.31 05:36:31.850,0.6754,0.67555,30.30,2.40
2007.07.31 05:36:31.878,0.6754,0.67555,27.90,2.40
2007.07.31 05:36:31.965,0.6755,0.67555,4.00,2.40
2007.07.31 05:36:32.347,0.67545,0.67555,6.40,2.40
2007.07.31 05:36:32.517,0.67545,0.67555,1.60,2.40
2007.07.31 05:36:32.685,0.6754,0.67555,34.30,2.40
2007.07.31 05:36:32.877,0.6754,0.67555,35.90,2.40
2007.07.31 05:36:33.013,0.6754,0.67555,33.50,2.40
2007.07.31 05:36:33.088,0.6754,0.67555,31.10,2.40
2007.07.31 05:36:34.004,0.6754,0.6756,31.10,16.70
2007.07.31 05:36:34.394,0.6754,0.67555,27.10,0.50
2007.07.31 05:36:34.958,0.6754,0.6756,23.10,27.10
2007.07.31 05:36:35.726,0.6754,0.6756,27.10,27.10
2007.07.31 05:36:36.836,0.6754,0.6756,31.10,19.10
2007.07.31 05:36:37.461,0.6754,0.6756,31.90,12.70
2007.07.31 05:36:37.558,0.67545,0.6756,0.80,12.70
2007.07.31 05:36:37.599,0.67545,0.6756,1.60,12.70
2007.07.31 05:36:37.707,0.6755,0.67555,2.40,0.70
2007.07.31 05:36:37.783,0.6755,0.67555,10.40,0.70
2007.07.31 05:36:37.812,0.6755,0.6756,10.40,0.60
2007.07.31 05:36:42.774,0.6755,0.67565,2.40,25.50
2007.07.31 05:36:42.794,0.67545,0.67565,1.60,27.90
2007.07.31 05:36:42.858,0.67545,0.6756,1.60,0.80
2007.07.31 05:36:43.067,0.67545,0.67565,0.80,31.90
2007.07.31 05:36:43.162,0.6754,0.67565,31.90,31.90
2007.07.31 05:36:43.269,0.6754,0.67565,32.70,31.90
2007.07.31 05:36:43.291,0.6754,0.6756,27.90,0.50
2007.07.31 05:36:43.356,0.6754,0.6756,23.90,0.70
2007.07.31 05:36:43.383,0.6754,0.6756,23.10,0.90
2007.07.31 05:36:43.486,0.6754,0.6756,23.10,0.90
2007.07.31 05:36:43.583,0.6754,0.6756,21.50,0.60
2007.07.31 05:36:43.892,0.6754,0.67565,20.70,36.70
2007.07.31 05:36:44.192,0.6754,0.6756,18.30,35.90
2007.07.31 05:36:44.215,0.6754,0.67555,2.40,0.70
2007.07.31 05:36:44.572,0.6754,0.6756,2.40,35.90
2007.07.31 05:36:46.150,0.6754,0.6756,4.80,35.90
2007.07.31 05:36:46.295,0.6754,0.6756,12.80,30.30
2007.07.31 05:36:46.414,0.6754,0.67555,20.70,0.90
2007.07.31 05:36:46.457,0.6754,0.67555,24.70,0.80
2007.07.31 05:36:48.860,0.6754,0.67555,28.70,0.90
2007.07.31 05:36:49.710,0.6754,0.6756,20.70,21.60
2007.07.31 05:36:49.742,0.6754,0.6756,18.30,21.60
2007.07.31 05:36:49.816,0.6754,0.67555,10.40,0.80
2007.07.31 05:36:49.849,0.6754,0.67555,6.40,0.50
2007.07.31 05:36:49.914,0.6754,0.6756,2.40,33.50
2007.07.31 05:36:54.265,0.6754,0.6756,4.80,34.30
2007.07.31 05:36:54.303,0.6754,0.6756,20.70,30.40
2007.07.31 05:36:54.349,0.6754,0.67555,24.70,0.90
2007.07.31 05:36:54.998,0.6754,0.6756,28.70,21.60
2007.07.31 05:36:56.548,0.6754,0.67555,24.70,0.70
2007.07.31 05:37:08.375,0.6754,0.67555,28.70,2.40
2007.07.31 05:37:09.058,0.6754,0.67555,24.70,2.40
2007.07.31 05:37:09.337,0.6754,0.67555,20.70,2.40
2007.07.31 05:37:10.755,0.6754,0.67555,23.90,2.40
2007.07.31 05:37:10.769,0.6754,0.67555,23.80,2.40
2007.07.31 05:37:10.915,0.6755,0.67555,11.20,2.40
2007.07.31 05:37:11.094,0.6755,0.6756,11.20,3.20
2007.07.31 05:37:12.123,0.6755,0.6756,11.20,2.40
2007.07.31 05:37:15.716,0.6755,0.6756,8.80,6.40
2007.07.31 05:37:15.753,0.6755,0.6756,0.80,14.30
2007.07.31 05:37:15.857,0.67545,0.6756,4.00,14.30
2007.07.31 05:37:16.012,0.67545,0.6756,4.00,16.70
2007.07.31 05:37:16.069,0.6754,0.6756,35.10,20.70
2007.07.31 05:37:16.263,0.6754,0.6756,34.30,24.70
2007.07.31 05:37:16.323,0.6754,0.6756,33.50,24.70
2007.07.31 05:37:16.349,0.6754,0.6756,28.70,24.70
2007.07.31 05:37:16.379,0.6754,0.6756,28.70,28.70
2007.07.31 05:37:17.040,0.6754,0.67555,28.70,2.40
2007.07.31 05:37:18.904,0.6754,0.6756,28.70,28.70
2007.07.31 05:37:20.182,0.67535,0.6756,34.30,28.70
2007.07.31 05:37:20.237,0.67545,0.6756,0.80,28.70
2007.07.31 05:37:20.293,0.67545,0.6756,8.80,24.70
2007.07.31 05:37:20.309,0.67545,0.6756,8.80,20.70
2007.07.31 05:37:20.350,0.67545,0.6756,11.20,20.70
2007.07.31 05:37:20.405,0.6755,0.6756,2.80,16.70
2007.07.31 05:37:26.323,0.67545,0.6756,11.20,14.30
2007.07.31 05:37:34.852,0.6755,0.6756,1.10,6.40
2007.07.31 05:37:34.875,0.6755,0.67565,4.90,8.80
2007.07.31 05:37:35.277,0.67545,0.6756,11.20,2.40
2007.07.31 05:37:35.363,0.67545,0.6756,11.20,10.40
2007.07.31 05:37:35.376,0.6755,0.6756,3.70,14.40
2007.07.31 05:37:35.491,0.67545,0.6756,11.20,22.30
2007.07.31 05:37:36.220,0.67545,0.6756,3.20,30.30
2007.07.31 05:37:36.247,0.67545,0.6756,0.80,30.30
2007.07.31 05:37:36.302,0.6755,0.6756,0.50,30.30
2007.07.31 05:37:36.358,0.6755,0.6756,4.70,30.30
2007.07.31 05:37:36.418,0.67545,0.6756,11.20,22.30
2007.07.31 05:37:36.660,0.6755,0.6756,3.50,22.30
2007.07.31 05:37:36.745,0.67545,0.6756,0.80,22.30
2007.07.31 05:37:37.161,0.6754,0.6756,27.10,30.30
2007.07.31 05:37:38.974,0.6754,0.6756,27.10,31.10
2007.07.31 05:37:39.005,0.67545,0.6756,0.80,31.90
2007.07.31 05:37:39.136,0.6754,0.6756,27.10,32.70
2007.07.31 05:37:39.322,0.6755,0.6756,0.50,32.70
2007.07.31 05:37:39.405,0.6755,0.6756,2.80,24.70
2007.07.31 05:37:39.673,0.67545,0.6756,11.20,23.90
2007.07.31 05:37:39.700,0.67545,0.6756,11.20,23.10
2007.07.31 05:37:39.726,0.67545,0.6756,11.20,22.30
2007.07.31 05:37:48.845,0.6755,0.6756,10.40,14.30
2007.07.31 05:37:48.880,0.6755,0.6756,10.40,11.90
2007.07.31 05:37:50.898,0.6755,0.6756,10.40,19.90
2007.07.31 05:37:50.933,0.6755,0.6756,10.40,22.30
2007.07.31 05:37:52.890,0.6755,0.6756,10.40,11.90
2007.07.31 05:37:57.336,0.6755,0.6756,10.40,19.90
2007.07.31 05:37:57.384,0.6755,0.6756,10.40,22.30
2007.07.31 05:37:59.341,0.6755,0.6756,10.40,19.90
2007.07.31 05:37:59.422,0.6755,0.6756,10.40,11.90
2007.07.31 05:38:00.881,0.6755,0.6756,10.40,19.90
2007.07.31 05:38:00.906,0.6755,0.6756,10.40,22.30
2007.07.31 05:38:05.909,0.6755,0.6756,10.40,18.30
2007.07.31 05:38:05.963,0.6755,0.6756,10.40,10.40
2007.07.31 05:38:06.420,0.6755,0.6756,10.40,8.00
2007.07.31 05:38:06.483,0.6755,0.67565,10.40,4.00
2007.07.31 05:38:07.221,0.67555,0.67565,1.60,4.00
2007.07.31 05:38:07.367,0.67555,0.6756,1.60,2.40
2007.07.31 05:38:07.418,0.67555,0.6756,1.60,10.40
2007.07.31 05:38:07.484,0.6755,0.6756,12.10,10.40
2007.07.31 05:38:07.614,0.6755,0.6756,10.40,10.40
2007.07.31 05:38:13.311,0.6755,0.6756,1.00,10.40
2007.07.31 05:38:17.388,0.67545,0.6756,16.00,14.40
2007.07.31 05:38:17.408,0.6754,0.6756,6.40,16.80
2007.07.31 05:38:17.448,0.67535,0.6756,42.30,28.70
2007.07.31 05:38:19.422,0.6754,0.6756,7.90,31.10
2007.07.31 05:38:19.533,0.67535,0.6756,42.30,27.10
2007.07.31 05:38:19.678,0.67535,0.6756,42.30,27.10
2007.07.31 05:38:19.924,0.67535,0.6756,42.30,27.10
2007.07.31 05:38:20.049,0.67535,0.6756,42.30,23.10
2007.07.31 05:38:21.400,0.67535,0.6756,42.30,20.70
2007.07.31 05:38:21.491,0.6754,0.6756,39.10,16.70
2007.07.31 05:38:21.503,0.67545,0.6756,1.90,7.20
2007.07.31 05:38:21.534,0.67545,0.6757,10.40,20.00
2007.07.31 05:38:21.819,0.67545,0.6757,15.20,19.20
2007.07.31 05:38:21.917,0.67545,0.6757,15.20,16.80
2007.07.31 05:38:21.952,0.67545,0.6756,17.60,12.80
2007.07.31 05:38:22.012,0.67545,0.6756,17.60,6.40
2007.07.31 05:38:23.149,0.67545,0.6756,16.00,4.00
2007.07.31 05:38:23.165,0.67545,0.6756,13.60,4.00
2007.07.31 05:38:23.276,0.6754,0.6756,36.00,4.00
2007.07.31 05:38:24.410,0.67545,0.6756,19.90,4.00
2007.07.31 05:38:24.508,0.67545,0.67565,23.90,6.40
2007.07.31 05:38:24.519,0.67545,0.67565,31.10,4.80
2007.07.31 05:38:24.538,0.6755,0.6757,8.10,35.20
2007.07.31 05:38:24.615,0.67545,0.67565,35.90,2.40
2007.07.31 05:38:24.930,0.6755,0.67565,28.70,2.40
2007.07.31 05:38:25.354,0.6755,0.6757,35.10,23.20
2007.07.31 05:38:26.474,0.6755,0.6757,16.80,31.90
2007.07.31 05:38:26.490,0.6755,0.6757,1.50,36.70
2007.07.31 05:38:26.617,0.6755,0.6757,2.00,41.50
2007.07.31 05:38:26.669,0.6754,0.6757,47.10,37.60
2007.07.31 05:38:26.766,0.6754,0.6757,46.30,39.20
2007.07.31 05:38:26.784,0.67545,0.6757,5.20,40.80
2007.07.31 05:38:26.988,0.67545,0.6757,5.20,40.70
2007.07.31 05:38:27.094,0.6754,0.67565,46.20,2.40
2007.07.31 05:38:27.172,0.67545,0.67565,2.00,6.40
2007.07.31 05:38:27.428,0.67545,0.67565,2.00,6.40
2007.07.31 05:38:27.485,0.6754,0.6756,42.20,4.00
2007.07.31 05:38:29.907,0.6754,0.6756,40.60,12.00
2007.07.31 05:38:29.962,0.6754,0.6756,40.60,14.40
2007.07.31 05:38:39.399,0.67545,0.6756,2.60,14.40
2007.07.31 05:38:39.585,0.67545,0.6756,1.30,14.40
2007.07.31 05:38:40.001,0.6754,0.6756,11.40,14.40
2007.07.31 05:38:40.058,0.6754,0.6756,10.60,16.80
2007.07.31 05:38:40.093,0.6754,0.6756,2.10,20.80
2007.07.31 05:38:40.115,0.67535,0.6756,39.90,23.20
2007.07.31 05:38:40.170,0.6754,0.6756,3.60,23.20
2007.07.31 05:38:40.798,0.6754,0.6756,2.70,27.20
2007.07.31 05:38:40.939,0.6754,0.6756,8.00,27.20
2007.07.31 05:38:41.265,0.67535,0.6756,35.10,23.20
2007.07.31 05:38:42.461,0.6754,0.6756,1.00,19.20
2007.07.31 05:38:42.603,0.6754,0.6756,32.70,19.20
2007.07.31 05:38:42.713,0.6754,0.6756,32.70,23.20
2007.07.31 05:38:42.869,0.6754,0.6756,28.70,23.20
2007.07.31 05:38:43.399,0.6754,0.6756,20.70,23.20
2007.07.31 05:38:43.834,0.6754,0.6756,20.70,19.20
2007.07.31 05:38:43.919,0.6754,0.6756,28.70,19.20
2007.07.31 05:38:44.124,0.6754,0.6756,32.70,19.20
2007.07.31 05:38:44.245,0.6754,0.6756,32.70,16.80
2007.07.31 05:38:45.084,0.6754,0.6756,32.70,20.80
2007.07.31 05:38:45.147,0.6754,0.6756,28.70,20.80
2007.07.31 05:38:46.408,0.6754,0.6756,32.70,20.80
2007.07.31 05:38:46.449,0.6754,0.6756,32.70,16.80
2007.07.31 05:38:46.972,0.6754,0.6756,32.70,20.80
2007.07.31 05:38:47.117,0.6754,0.6756,28.70,20.80
2007.07.31 05:38:47.272,0.6754,0.6756,28.70,16.80
2007.07.31 05:38:47.351,0.6754,0.6756,32.70,16.80
2007.07.31 05:38:50.038,0.6754,0.6756,32.70,20.80
2007.07.31 05:38:50.660,0.6754,0.6756,32.70,23.20
2007.07.31 05:38:50.932,0.6754,0.6756,32.70,27.20
2007.07.31 05:38:50.971,0.6754,0.6756,20.70,27.20
2007.07.31 05:38:51.273,0.6754,0.6756,28.70,27.20
2007.07.31 05:38:51.524,0.6754,0.6756,24.70,27.20
2007.07.31 05:38:51.563,0.6754,0.6756,24.70,23.20
2007.07.31 05:38:53.259,0.6754,0.6756,16.70,23.20
2007.07.31 05:38:53.346,0.6754,0.6756,24.70,23.20
2007.07.31 05:39:02.994,0.6754,0.6756,14.40,26.40
2007.07.31 05:39:03.006,0.6754,0.67555,10.40,0.80
2007.07.31 05:39:03.101,0.6754,0.67555,10.40,3.20
2007.07.31 05:39:05.858,0.6754,0.67555,22.30,2.40
2007.07.31 05:39:14.059,0.6754,0.6756,22.30,26.40
2007.07.31 05:39:18.371,0.6754,0.6756,23.10,29.60
2007.07.31 05:39:18.381,0.6754,0.6756,23.90,29.60
2007.07.31 05:39:18.440,0.6754,0.6756,24.70,29.60
2007.07.31 05:39:19.415,0.6754,0.67555,23.10,0.70
2007.07.31 05:39:20.624,0.6754,0.67555,23.90,0.90
2007.07.31 05:39:21.140,0.6754,0.67555,24.70,0.70
2007.07.31 05:39:31.041,0.6754,0.67555,24.70,5.60
2007.07.31 05:39:31.300,0.6754,0.67555,16.70,5.60
2007.07.31 05:39:31.327,0.6754,0.6755,15.90,0.50
2007.07.31 05:39:31.341,0.6754,0.6755,15.10,0.80
2007.07.31 05:39:31.401,0.6754,0.6755,14.30,0.50
2007.07.31 05:39:32.118,0.6754,0.67555,13.50,5.60
2007.07.31 05:39:35.226,0.6754,0.67555,21.50,5.60
2007.07.31 05:39:36.900,0.6754,0.67555,13.50,5.60
2007.07.31 05:39:37.010,0.6754,0.6756,13.50,24.80
2007.07.31 05:39:37.103,0.6754,0.6756,21.50,24.80
2007.07.31 05:39:40.951,0.6754,0.6756,23.10,22.40
2007.07.31 05:39:41.127,0.6754,0.67555,23.90,3.20
2007.07.31 05:39:42.765,0.6754,0.67555,27.90,3.20
2007.07.31 05:39:43.069,0.6754,0.67555,23.90,3.20
2007.07.31 05:39:46.125,0.6754,0.67555,11.70,3.20
2007.07.31 05:40:01.843,0.67535,0.6755,28.70,2.40
2007.07.31 05:40:01.889,0.67535,0.6755,20.70,2.40
2007.07.31 05:40:02.225,0.67535,0.6755,28.70,2.40
2007.07.31 05:40:08.712,0.6754,0.67555,7.50,3.20
2007.07.31 05:40:08.822,0.6754,0.67555,7.50,3.20
2007.07.31 05:40:09.239,0.67535,0.6755,32.70,2.40
2007.07.31 05:40:09.554,0.67535,0.6755,31.90,2.40
2007.07.31 05:40:09.634,0.67535,0.6755,31.10,2.40
2007.07.31 05:40:09.658,0.67535,0.6755,30.30,2.40
2007.07.31 05:40:09.999,0.6754,0.6755,4.40,2.40
2007.07.31 05:40:10.214,0.67545,0.6755,1.10,2.40
2007.07.31 05:40:10.385,0.6755,0.67555,0.80,3.20
2007.07.31 05:40:10.407,0.6755,0.67555,0.70,3.20
2007.07.31 05:40:10.484,0.6755,0.67555,1.00,3.20
2007.07.31 05:40:10.586,0.67545,0.67555,6.40,3.20
2007.07.31 05:40:10.711,0.67545,0.67555,5.60,2.40
2007.07.31 05:40:10.828,0.6755,0.6756,2.40,8.80
2007.07.31 05:40:10.851,0.6755,0.6756,2.40,8.80
2007.07.31 05:40:11.174,0.6755,0.6756,4.00,8.80
2007.07.31 05:40:11.309,0.67555,0.6756,1.60,6.40
2007.07.31 05:40:11.429,0.6755,0.6756,19.40,2.40
2007.07.31 05:40:11.558,0.6755,0.6756,19.40,2.40
2007.07.31 05:40:11.725,0.6755,0.6757,18.60,35.10
2007.07.31 05:40:11.730,0.6755,0.6757,18.60,31.10
2007.07.31 05:40:12.019,0.6755,0.6756,18.60,2.40
2007.07.31 05:40:12.036,0.6755,0.6756,17.80,2.40
2007.07.31 05:40:12.279,0.67545,0.67565,31.90,2.40
2007.07.31 05:40:12.362,0.6755,0.67565,10.70,2.40
2007.07.31 05:40:12.559,0.67545,0.6756,40.70,10.40
2007.07.31 05:40:12.959,0.67545,0.6756,32.70,10.40
2007.07.31 05:40:13.193,0.6755,0.6756,5.40,10.40
2007.07.31 05:40:14.648,0.67545,0.6756,38.30,2.40
2007.07.31 05:40:14.723,0.67545,0.67565,37.50,2.40
2007.07.31 05:40:14.753,0.67545,0.67565,40.10,2.40
2007.07.31 05:40:14.814,0.67545,0.67565,40.90,2.40
2007.07.31 05:40:15.286,0.67545,0.67565,38.50,2.40
2007.07.31 05:40:15.389,0.67545,0.67565,38.50,2.40
2007.07.31 05:40:15.637,0.67555,0.6757,9.60,29.50
2007.07.31 05:40:15.691,0.67555,0.6757,17.60,18.40
2007.07.31 05:40:15.710,0.67555,0.6757,15.20,14.40
2007.07.31 05:40:15.800,0.67555,0.6757,15.20,10.40
2007.07.31 05:40:22.181,0.67555,0.6757,12.00,10.40
2007.07.31 05:40:22.219,0.6755,0.6757,37.50,10.40
2007.07.31 05:40:22.609,0.67555,0.6757,6.40,10.40
2007.07.31 05:40:22.635,0.67555,0.6757,14.40,10.40
2007.07.31 05:40:28.266,0.6756,0.6757,5.40,10.40
2007.07.31 05:40:28.321,0.67555,0.6757,17.60,10.40
2007.07.31 05:40:28.443,0.6756,0.6757,5.50,10.40
2007.07.31 05:40:28.672,0.67555,0.67575,19.20,7.20
2007.07.31 05:40:29.147,0.67555,0.67575,27.20,7.20
2007.07.31 05:40:29.545,0.6756,0.67575,0.80,0.60
2007.07.31 05:40:29.676,0.67555,0.6758,19.20,43.00
2007.07.31 05:40:31.762,0.67555,0.6758,27.20,43.00
2007.07.31 05:40:32.377,0.6756,0.67575,0.70,0.50
2007.07.31 05:40:32.393,0.6756,0.67575,0.90,0.90
2007.07.31 05:40:32.425,0.67555,0.6758,39.20,39.90
2007.07.31 05:40:33.007,0.67555,0.6758,41.60,31.90
2007.07.31 05:40:33.076,0.67555,0.6758,44.00,31.90
2007.07.31 05:40:35.999,0.6756,0.6758,32.80,31.90
2007.07.31 05:40:36.154,0.6756,0.6758,30.40,31.90
2007.07.31 05:40:36.272,0.6756,0.6758,30.40,32.70
2007.07.31 05:40:36.364,0.6756,0.6758,26.40,40.70
2007.07.31 05:40:37.350,0.6756,0.6758,18.40,40.60
2007.07.31 05:40:40.257,0.6756,0.6758,22.40,40.60
2007.07.31 05:40:40.299,0.6756,0.6758,22.40,40.60
2007.07.31 05:40:40.892,0.6756,0.6758,23.20,40.60
2007.07.31 05:40:40.996,0.6756,0.6758,24.00,40.60
2007.07.31 05:40:43.652,0.6756,0.6758,28.00,40.60
2007.07.31 05:40:43.773,0.6756,0.6758,33.60,39.10
2007.07.31 05:40:43.868,0.6756,0.6758,33.60,39.10
2007.07.31 05:40:43.898,0.6756,0.67575,33.60,0.80
2007.07.31 05:40:43.968,0.6756,0.67575,32.00,0.80
2007.07.31 05:40:44.068,0.6756,0.6758,30.40,39.10
2007.07.31 05:40:44.169,0.6756,0.67575,30.40,3.20
2007.07.31 05:40:44.191,0.6756,0.67575,30.40,11.20
2007.07.31 05:40:44.513,0.6756,0.6757,31.20,0.80
2007.07.31 05:40:46.641,0.6756,0.67575,31.20,8.80
2007.07.31 05:40:46.662,0.6756,0.6758,31.20,31.10
2007.07.31 05:40:48.658,0.6756,0.67575,35.20,0.80
2007.07.31 05:40:48.713,0.6756,0.67585,35.20,31.10
2007.07.31 05:40:48.763,0.6756,0.67585,35.20,28.70
2007.07.31 05:40:49.157,0.6756,0.67585,35.20,31.10
2007.07.31 05:40:49.775,0.6756,0.67585,35.20,28.70
2007.07.31 05:40:49.853,0.6756,0.67585,35.20,26.30
2007.07.31 05:40:49.895,0.6756,0.67585,36.00,26.30
2007.07.31 05:40:50.147,0.6756,0.67585,36.80,26.30
2007.07.31 05:40:50.409,0.6756,0.67585,39.20,26.30
2007.07.31 05:40:50.553,0.6756,0.6758,41.60,0.90
2007.07.31 05:40:51.364,0.6756,0.67585,36.80,26.30
2007.07.31 05:40:52.286,0.6756,0.6758,38.60,0.80
2007.07.31 05:40:52.509,0.6756,0.6758,37.80,0.70
2007.07.31 05:40:52.727,0.6756,0.6758,37.80,26.30
2007.07.31 05:40:52.926,0.6756,0.6758,35.20,26.30
2007.07.31 05:40:53.232,0.6756,0.6758,31.20,26.30
2007.07.31 05:40:55.661,0.6756,0.67575,31.20,3.20
2007.07.31 05:40:55.697,0.6756,0.67575,31.20,11.20
2007.07.31 05:40:55.767,0.6756,0.67575,32.00,11.20
2007.07.31 05:40:55.908,0.6756,0.6757,32.80,0.80
2007.07.31 05:40:56.118,0.6756,0.6757,32.00,0.90
2007.07.31 05:40:56.179,0.6756,0.67575,31.20,11.20
2007.07.31 05:40:56.237,0.6756,0.6757,31.20,0.70
2007.07.31 05:40:56.287,0.6756,0.6758,31.20,26.30
2007.07.31 05:40:56.709,0.6756,0.67575,31.20,3.20
2007.07.31 05:40:56.759,0.6756,0.67575,30.40,11.20
2007.07.31 05:40:56.796,0.6756,0.67575,29.60,11.20
2007.07.31 05:40:56.869,0.6756,0.67575,21.60,11.20
2007.07.31 05:40:57.001,0.6756,0.67575,20.80,11.20
2007.07.31 05:40:59.244,0.6756,0.6757,19.20,10.40
2007.07.31 05:41:01.623,0.6756,0.6757,19.20,10.20
2007.07.31 05:41:03.160,0.6756,0.6757,15.20,10.20
2007.07.31 05:41:03.175,0.6756,0.6757,14.40,10.20
2007.07.31 05:41:03.280,0.6756,0.6757,4.00,10.20
2007.07.31 05:41:03.365,0.6756,0.6757,4.00,12.60
2007.07.31 05:41:03.690,0.67555,0.6757,4.00,16.60
2007.07.31 05:41:03.770,0.6755,0.6757,39.00,16.60
2007.07.31 05:41:03.815,0.6755,0.6757,35.20,24.50
2007.07.31 05:41:03.907,0.6755,0.6757,39.10,24.50
2007.07.31 05:41:04.275,0.67555,0.6757,0.80,24.50
2007.07.31 05:41:04.287,0.67555,0.6757,4.80,24.50
2007.07.31 05:41:04.319,0.67555,0.6757,4.80,16.60
2007.07.31 05:41:04.381,0.67555,0.6757,5.60,16.60
2007.07.31 05:41:04.903,0.67555,0.6757,5.60,14.20
2007.07.31 05:41:06.249,0.67555,0.6757,4.80,14.20
2007.07.31 05:41:06.385,0.67555,0.6757,4.00,14.20
2007.07.31 05:41:06.798,0.67555,0.6757,4.00,16.60
2007.07.31 05:41:06.874,0.67555,0.6757,4.00,19.00
2007.07.31 05:41:06.915,0.67555,0.6757,4.00,27.00
2007.07.31 05:41:07.065,0.67555,0.6757,4.00,31.00
2007.07.31 05:41:07.185,0.6755,0.6757,32.60,31.00
2007.07.31 05:41:07.217,0.6755,0.6757,32.70,31.00
2007.07.31 05:41:07.392,0.6755,0.67565,32.70,2.40
2007.07.31 05:41:07.404,0.6755,0.67565,24.70,2.40
2007.07.31 05:41:08.250,0.6755,0.67565,32.70,2.40
2007.07.31 05:41:08.875,0.6755,0.67565,24.70,2.40
2007.07.31 05:41:09.180,0.6755,0.67565,28.70,2.40
2007.07.31 05:41:09.490,0.6755,0.67565,32.70,2.40
2007.07.31 05:41:09.538,0.67555,0.67565,4.00,2.40
2007.07.31 05:41:10.384,0.67555,0.6757,4.00,19.00
2007.07.31 05:41:10.398,0.67555,0.6757,4.00,15.00
2007.07.31 05:41:12.988,0.67555,0.6757,4.80,15.00
2007.07.31 05:41:13.133,0.67555,0.6757,7.20,15.00
2007.07.31 05:41:13.206,0.67555,0.6757,7.20,12.60
2007.07.31 05:41:14.673,0.67555,0.6757,6.50,12.60
2007.07.31 05:41:14.799,0.6756,0.6757,10.40,12.60
2007.07.31 05:41:15.208,0.67555,0.6757,4.00,12.60
2007.07.31 05:41:20.731,0.6756,0.6757,2.40,10.40
2007.07.31 05:41:20.793,0.6756,0.6757,10.40,2.40
2007.07.31 05:41:24.211,0.6756,0.6757,2.40,10.40
2007.07.31 05:41:24.236,0.67555,0.6757,5.60,12.80
2007.07.31 05:41:26.501,0.67555,0.6757,4.80,12.80
2007.07.31 05:41:26.584,0.67555,0.6757,4.00,12.80
2007.07.31 05:41:28.110,0.67555,0.6757,4.00,16.80
2007.07.31 05:41:28.615,0.67555,0.6757,4.00,12.80
2007.07.31 05:41:29.356,0.6755,0.6757,33.40,12.80
2007.07.31 05:41:29.415,0.6755,0.6757,33.60,20.70
2007.07.31 05:41:29.440,0.6755,0.6757,32.80,20.70
2007.07.31 05:41:29.716,0.6755,0.6757,32.80,24.70
2007.07.31 05:41:29.845,0.6755,0.6757,36.70,32.70
2007.07.31 05:41:29.974,0.6755,0.6757,36.70,35.10
2007.07.31 05:41:30.019,0.6755,0.6757,36.70,31.90
2007.07.31 05:41:30.038,0.6755,0.6757,36.70,34.30
2007.07.31 05:41:30.411,0.6755,0.6757,36.70,38.30
2007.07.31 05:41:31.686,0.6755,0.6757,36.70,40.70
2007.07.31 05:41:32.385,0.6755,0.6757,32.70,40.70
2007.07.31 05:41:34.389,0.6755,0.6757,32.70,39.10
2007.07.31 05:41:34.496,0.6755,0.6757,32.70,37.50
2007.07.31 05:41:34.868,0.67545,0.6757,43.90,37.50
2007.07.31 05:41:34.903,0.6755,0.6757,9.60,36.70
2007.07.31 05:41:34.915,0.6755,0.6757,16.70,35.10
2007.07.31 05:41:39.258,0.6755,0.6757,15.40,32.70
2007.07.31 05:41:39.354,0.67545,0.6757,43.90,24.70
2007.07.31 05:41:39.412,0.67555,0.6757,0.50,24.70
2007.07.31 05:41:39.478,0.6755,0.6757,38.30,16.80
2007.07.31 05:41:39.507,0.6755,0.6757,42.30,12.80
2007.07.31 05:41:40.781,0.6755,0.6757,42.30,16.80
2007.07.31 05:41:40.987,0.6755,0.6757,2.40,24.70
2007.07.31 05:41:41.129,0.67545,0.6757,38.30,32.70
2007.07.31 05:41:41.226,0.67545,0.6757,30.30,35.10
2007.07.31 05:41:41.252,0.6755,0.6757,2.90,35.10
2007.07.31 05:41:41.367,0.6755,0.6757,7.00,35.10
2007.07.31 05:41:41.436,0.67545,0.6757,18.40,35.10
2007.07.31 05:41:41.968,0.6755,0.6757,0.80,35.10
2007.07.31 05:41:42.176,0.67545,0.6757,18.40,35.10
2007.07.31 05:41:42.276,0.67545,0.6757,14.40,35.10
2007.07.31 05:41:42.622,0.67545,0.6757,0.80,35.10
2007.07.31 05:41:42.722,0.67545,0.6757,12.00,39.10
2007.07.31 05:41:42.778,0.6755,0.6757,3.80,39.00
2007.07.31 05:41:42.823,0.67545,0.6757,23.20,35.00
2007.07.31 05:41:42.888,0.6755,0.6757,2.40,35.10
2007.07.31 05:41:45.166,0.67545,0.6757,39.10,35.10
2007.07.31 05:41:46.103,0.6755,0.6757,8.60,35.10
2007.07.31 05:41:48.170,0.67545,0.6757,39.10,35.10
2007.07.31 05:41:48.780,0.6755,0.6757,11.30,32.70
2007.07.31 05:41:48.892,0.67545,0.6757,25.50,36.70
2007.07.31 05:41:48.997,0.67545,0.6757,17.60,44.60
2007.07.31 05:41:49.414,0.6754,0.6757,38.30,44.60
2007.07.31 05:41:50.623,0.6754,0.67565,35.90,2.40
2007.07.31 05:41:51.723,0.67545,0.67565,3.80,6.40
2007.07.31 05:41:53.789,0.6755,0.67565,2.40,6.40
2007.07.31 05:41:53.815,0.67545,0.67565,13.60,2.40
2007.07.31 05:41:55.275,0.67545,0.6757,12.00,42.20
2007.07.31 05:41:56.459,0.6755,0.6757,4.30,38.20
2007.07.31 05:41:56.495,0.6755,0.67565,2.10,2.40
2007.07.31 05:41:56.706,0.6755,0.67565,2.40,2.40
2007.07.31 05:41:56.769,0.6755,0.67565,2.40,2.40
2007.07.31 05:41:56.867,0.67545,0.67565,22.40,2.40
2007.07.31 05:41:57.228,0.6755,0.67565,0.50,2.40
2007.07.31 05:41:57.302,0.6754,0.67565,38.30,2.40
2007.07.31 05:41:57.433,0.67545,0.67565,12.00,2.40
2007.07.31 05:41:57.636,0.6755,0.6757,0.60,36.60
2007.07.31 05:42:03.690,0.67545,0.6757,14.40,36.60
2007.07.31 05:42:03.731,0.67545,0.6757,22.40,36.60
2007.07.31 05:42:03.939,0.6755,0.6757,22.40,32.60
2007.07.31 05:42:04.304,0.6755,0.6757,26.40,28.60
2007.07.31 05:42:04.341,0.6755,0.6757,34.30,28.80
2007.07.31 05:42:04.554,0.6755,0.6757,34.30,32.70
2007.07.31 05:42:04.606,0.6755,0.67565,34.30,2.40
2007.07.31 05:42:05.739,0.6755,0.67565,31.90,2.40
2007.07.31 05:42:05.809,0.6755,0.67565,23.90,2.40
2007.07.31 05:42:06.214,0.6755,0.67565,31.90,2.40
2007.07.31 05:42:06.272,0.6755,0.67565,34.30,2.40
2007.07.31 05:42:07.225,0.6755,0.67565,26.30,2.40
2007.07.31 05:42:07.303,0.6755,0.67565,23.90,2.40
2007.07.31 05:42:08.378,0.6755,0.67565,15.90,2.40
2007.07.31 05:42:08.418,0.6755,0.67565,11.90,2.40
2007.07.31 05:42:08.479,0.67545,0.67565,9.60,2.40
2007.07.31 05:42:08.689,0.6755,0.67565,8.00,2.40
2007.07.31 05:42:08.729,0.6755,0.67565,10.40,2.40
2007.07.31 05:42:08.841,0.6755,0.6756,10.40,2.40
2007.07.31 05:42:08.907,0.6755,0.6756,18.40,10.40
2007.07.31 05:42:09.008,0.6755,0.6756,10.40,10.40
2007.07.31 05:42:09.355,0.6755,0.6756,8.00,10.40
2007.07.31 05:42:09.489,0.67545,0.6756,9.60,10.40
2007.07.31 05:42:10.733,0.67545,0.6756,5.60,10.40
2007.07.31 05:42:11.755,0.67545,0.6756,9.60,10.40
2007.07.31 05:42:12.824,0.6755,0.6756,2.40,8.00
2007.07.31 05:42:12.928,0.6755,0.6756,6.40,8.00
2007.07.31 05:42:13.042,0.6755,0.67565,18.40,2.40
2007.07.31 05:42:13.136,0.6755,0.67565,34.30,2.40
2007.07.31 05:42:14.184,0.6755,0.6756,30.30,8.00
2007.07.31 05:42:14.197,0.6755,0.6756,30.30,10.40
2007.07.31 05:42:14.283,0.6755,0.6756,22.30,10.40
2007.07.31 05:42:14.398,0.6755,0.6756,10.40,10.40
2007.07.31 05:42:14.704,0.67545,0.6756,9.70,10.40
2007.07.31 05:42:14.838,0.67545,0.67565,9.70,12.80
2007.07.31 05:42:15.828,0.67545,0.6756,9.70,0.80
2007.07.31 05:42:15.845,0.67545,0.67565,9.70,0.80
2007.07.31 05:42:15.957,0.6755,0.6757,4.00,37.50
2007.07.31 05:42:15.986,0.6755,0.6757,4.00,37.50
2007.07.31 05:42:16.373,0.67545,0.6757,9.70,41.40
2007.07.31 05:42:16.498,0.67545,0.6757,9.70,41.40
2007.07.31 05:42:17.147,0.67545,0.67565,9.60,0.80
2007.07.31 05:42:18.463,0.6755,0.6757,4.00,40.70
2007.07.31 05:42:18.549,0.67545,0.67565,9.60,0.60
2007.07.31 05:42:21.345,0.67545,0.6757,8.80,40.70
2007.07.31 05:42:21.560,0.67545,0.6757,8.00,40.70
2007.07.31 05:42:21.866,0.67545,0.6757,4.00,40.70
2007.07.31 05:42:21.956,0.67545,0.67565,4.00,10.40
2007.07.31 05:42:22.071,0.67545,0.67565,4.00,10.40
2007.07.31 05:42:23.322,0.67545,0.6756,4.00,0.50
2007.07.31 05:42:23.395,0.67545,0.67565,8.00,6.40
2007.07.31 05:42:23.689,0.67545,0.6756,8.80,0.60
2007.07.31 05:42:23.903,0.67545,0.6756,9.60,0.50
2007.07.31 05:42:23.951,0.6755,0.6756,4.00,0.90
2007.07.31 05:42:23.992,0.6755,0.67575,4.00,44.60
2007.07.31 05:42:24.318,0.6755,0.6757,4.00,44.60
2007.07.31 05:42:24.613,0.6755,0.67565,6.40,0.70
2007.07.31 05:42:24.660,0.6755,0.6757,14.40,44.60
2007.07.31 05:42:25.442,0.6755,0.6757,18.40,44.60
2007.07.31 05:42:27.673,0.6755,0.67565,10.40,0.90
2007.07.31 05:42:27.728,0.6755,0.67565,8.00,0.50
2007.07.31 05:42:28.192,0.6755,0.6757,16.00,40.70
2007.07.31 05:42:28.234,0.6755,0.6757,18.40,40.70
2007.07.31 05:42:34.008,0.6755,0.67565,26.40,0.60
2007.07.31 05:42:34.326,0.6755,0.6757,18.40,40.70
2007.07.31 05:42:35.145,0.6755,0.67565,26.40,0.70
2007.07.31 05:42:37.234,0.6755,0.67565,30.40,0.90
2007.07.31 05:42:37.825,0.6755,0.6757,34.40,39.10
2007.07.31 05:42:37.956,0.6755,0.67565,36.80,0.90
2007.07.31 05:42:38.125,0.6755,0.6757,39.20,37.50
2007.07.31 05:42:38.171,0.6755,0.6757,40.00,29.50
2007.07.31 05:42:38.945,0.6755,0.6757,38.40,35.10
2007.07.31 05:42:38.979,0.6755,0.6757,36.80,35.10
2007.07.31 05:42:39.903,0.6755,0.6757,38.40,27.10
2007.07.31 05:42:39.960,0.6755,0.6757,40.00,27.10
2007.07.31 05:42:41.899,0.6755,0.6757,39.20,27.10
2007.07.31 05:42:42.021,0.6755,0.67565,38.40,0.90
2007.07.31 05:42:42.184,0.6755,0.6757,39.20,27.10
2007.07.31 05:42:42.316,0.6755,0.67565,40.00,0.50
2007.07.31 05:42:43.937,0.6755,0.67565,38.40,2.40
2007.07.31 05:42:44.055,0.6755,0.67565,36.80,2.40
2007.07.31 05:42:45.402,0.6755,0.67565,32.80,2.40
2007.07.31 05:42:45.415,0.67555,0.67575,4.00,4.80
2007.07.31 05:42:45.949,0.67555,0.67565,4.00,2.40
2007.07.31 05:42:46.035,0.67555,0.67565,2.40,2.40
2007.07.31 05:42:46.222,0.67555,0.67565,1.60,2.40
2007.07.31 05:42:46.627,0.67555,0.6757,1.60,20.70
2007.07.31 05:42:49.989,0.67555,0.6757,1.60,24.70
2007.07.31 05:42:50.967,0.6756,0.6757,0.80,24.70
2007.07.31 05:42:51.003,0.6756,0.6757,1.60,24.70
2007.07.31 05:42:51.030,0.6755,0.6757,39.90,24.70
2007.07.31 05:42:51.376,0.6756,0.6757,4.80,24.70
2007.07.31 05:42:51.425,0.6756,0.6757,12.80,12.80
2007.07.31 05:42:51.680,0.6756,0.6757,12.80,10.40
2007.07.31 05:42:51.927,0.6756,0.6757,12.00,10.40
2007.07.31 05:42:51.993,0.6756,0.6757,11.20,10.40
2007.07.31 05:42:52.193,0.6756,0.6757,10.40,10.40
2007.07.31 05:42:52.405,0.6756,0.6757,8.00,10.40
2007.07.31 05:42:52.489,0.67555,0.6757,2.40,18.30
2007.07.31 05:42:52.604,0.67555,0.6757,2.40,20.70
2007.07.31 05:42:52.644,0.67555,0.6757,2.40,24.70
2007.07.31 05:42:53.016,0.67555,0.6757,1.60,24.70
2007.07.31 05:42:53.789,0.67555,0.6757,1.60,20.70
2007.07.31 05:42:55.478,0.67555,0.6757,0.80,20.70
2007.07.31 05:42:55.620,0.6755,0.6757,42.30,20.70
2007.07.31 05:42:55.970,0.67555,0.6757,0.80,24.70
2007.07.31 05:42:56.023,0.67555,0.6757,1.60,24.70
2007.07.31 05:42:56.090,0.67555,0.6757,1.60,28.70
2007.07.31 05:42:56.212,0.67555,0.67565,1.60,2.40
2007.07.31 05:42:57.741,0.67555,0.6757,1.60,24.70
2007.07.31 05:43:00.726,0.67555,0.6757,1.60,20.70
2007.07.31 05:43:01.623,0.67555,0.6757,1.60,24.70
2007.07.31 05:43:04.903,0.6756,0.6757,2.40,24.70
2007.07.31 05:43:05.020,0.6756,0.6757,10.40,16.80
2007.07.31 05:43:05.026,0.6756,0.6757,10.40,12.80
2007.07.31 05:43:11.679,0.6756,0.6757,10.40,15.20
2007.07.31 05:43:11.763,0.6756,0.6757,10.40,23.10
2007.07.31 05:43:16.143,0.6756,0.6757,1.70,23.10
2007.07.31 05:43:16.710,0.67555,0.6757,12.00,20.70
2007.07.31 05:43:16.724,0.67555,0.6757,12.00,12.70
2007.07.31 05:43:16.927,0.67555,0.6757,12.00,12.70
2007.07.31 05:43:16.941,0.6756,0.6757,2.90,12.70
2007.07.31 05:43:17.022,0.67555,0.6757,12.80,15.10
2007.07.31 05:43:17.037,0.6756,0.6757,3.70,23.10
2007.07.31 05:43:17.161,0.6755,0.6757,10.80,23.10
2007.07.31 05:43:21.487,0.67545,0.6757,35.90,15.20
2007.07.31 05:43:21.550,0.67555,0.6757,13.60,12.80
2007.07.31 05:43:21.646,0.67555,0.6757,13.60,10.40
2007.07.31 05:43:23.068,0.67555,0.6757,12.80,10.40
2007.07.31 05:43:23.096,0.67555,0.6757,12.00,10.40
2007.07.31 05:43:23.296,0.6756,0.6757,2.70,10.40
2007.07.31 05:43:23.521,0.67555,0.6757,8.80,15.20
2007.07.31 05:43:23.570,0.6755,0.6757,31.20,23.10
2007.07.31 05:43:23.720,0.6755,0.6757,1.80,23.10
2007.07.31 05:43:23.950,0.6755,0.6757,4.90,23.10
2007.07.31 05:43:24.129,0.6755,0.67565,1.00,2.40
2007.07.31 05:43:24.216,0.6755,0.67565,8.30,2.40
2007.07.31 05:43:24.607,0.6755,0.67565,3.90,2.40
2007.07.31 05:43:24.641,0.67545,0.67565,35.90,2.40
2007.07.31 05:43:24.855,0.6755,0.67565,8.80,2.40
2007.07.31 05:43:25.094,0.67545,0.67565,40.70,2.40
2007.07.31 05:43:25.132,0.67545,0.67565,36.70,2.40
2007.07.31 05:43:25.559,0.6755,0.6757,13.70,23.10
2007.07.31 05:43:28.063,0.6755,0.6757,0.90,27.10
2007.07.31 05:43:28.157,0.6755,0.6757,2.30,27.10
2007.07.31 05:43:28.254,0.67545,0.6757,41.50,16.70
2007.07.31 05:43:28.405,0.67545,0.6757,41.50,12.70
2007.07.31 05:43:28.556,0.67545,0.6757,41.50,15.10
2007.07.31 05:43:28.573,0.6755,0.6757,1.10,23.10
2007.07.31 05:43:28.760,0.67545,0.6757,40.70,27.10
2007.07.31 05:43:28.773,0.6755,0.6757,9.90,27.10
2007.07.31 05:43:28.868,0.6755,0.6757,15.10,27.10
2007.07.31 05:43:28.963,0.6755,0.6757,15.80,27.10
2007.07.31 05:43:28.978,0.67545,0.6757,42.30,27.10
2007.07.31 05:43:28.996,0.67545,0.6757,43.10,27.10
2007.07.31 05:43:29.075,0.67545,0.6757,42.30,29.50
2007.07.31 05:43:29.165,0.67545,0.67565,42.30,2.40
2007.07.31 05:43:32.406,0.67545,0.67565,42.30,2.40
2007.07.31 05:43:32.548,0.6755,0.67565,8.30,2.40
2007.07.31 05:43:32.576,0.67545,0.67565,40.70,2.40
2007.07.31 05:43:32.707,0.67545,0.67565,39.90,2.40
2007.07.31 05:43:33.002,0.67545,0.67565,31.90,2.40
2007.07.31 05:43:33.160,0.6756,0.6757,4.10,29.50
2007.07.31 05:43:33.206,0.67555,0.6757,13.60,27.10
2007.07.31 05:43:33.288,0.67555,0.6757,13.60,23.10
2007.07.31 05:43:35.699,0.6756,0.6757,1.30,23.10
2007.07.31 05:43:35.728,0.67555,0.6757,12.00,23.10
2007.07.31 05:43:35.933,0.67555,0.6757,12.00,23.10
2007.07.31 05:43:36.022,0.6756,0.6757,0.60,23.10
2007.07.31 05:43:36.040,0.67555,0.6757,1.10,23.10
2007.07.31 05:43:36.120,0.67555,0.6757,0.70,27.10
2007.07.31 05:43:36.214,0.6755,0.6757,33.50,31.10
2007.07.31 05:43:36.270,0.67555,0.6757,1.00,31.10
2007.07.31 05:43:36.824,0.67555,0.6757,0.80,31.10
2007.07.31 05:43:36.962,0.67545,0.6757,43.10,31.10
2007.07.31 05:43:37.076,0.6755,0.6757,12.40,31.10
2007.07.31 05:43:37.157,0.6755,0.6757,2.20,31.10
2007.07.31 05:43:37.168,0.67545,0.67565,42.30,2.40
2007.07.31 05:43:37.687,0.67545,0.67565,39.90,2.40
2007.07.31 05:43:37.698,0.67545,0.67565,39.10,2.40
2007.07.31 05:43:37.997,0.6755,0.67565,2.70,2.40
2007.07.31 05:43:38.202,0.67545,0.67565,28.80,4.80
2007.07.31 05:43:43.199,0.6755,0.67565,6.00,4.80
2007.07.31 05:43:43.236,0.6755,0.67565,0.60,4.80
2007.07.31 05:43:43.304,0.67545,0.67565,8.00,4.80
2007.07.31 05:43:43.511,0.6755,0.6756,0.90,4.00
2007.07.31 05:43:43.701,0.67545,0.6756,1.30,4.00
2007.07.31 05:43:43.711,0.6754,0.6756,7.10,4.00
2007.07.31 05:43:43.749,0.67535,0.6756,43.00,6.40
2007.07.31 05:43:44.218,0.67535,0.6756,42.20,6.40
2007.07.31 05:43:44.542,0.6754,0.6756,10.70,6.40
2007.07.31 05:43:44.636,0.6754,0.6756,2.40,2.40
2007.07.31 05:43:44.771,0.6755,0.6756,0.80,2.40
2007.07.31 05:43:44.967,0.6755,0.6756,4.50,2.40
2007.07.31 05:43:45.039,0.67545,0.6756,1.10,2.40
2007.07.31 05:43:45.093,0.6754,0.6756,8.10,2.40
2007.07.31 05:43:45.141,0.6754,0.6756,7.00,6.40
2007.07.31 05:43:45.410,0.67545,0.6756,4.00,6.40
2007.07.31 05:43:45.666,0.67545,0.6756,4.00,2.40
2007.07.31 05:43:46.002,0.67545,0.6756,4.80,2.40
2007.07.31 05:43:46.094,0.6755,0.6756,4.00,2.40
2007.07.31 05:43:46.239,0.6755,0.6756,6.40,2.40
2007.07.31 05:43:46.290,0.6755,0.6756,8.80,2.40
2007.07.31 05:43:46.745,0.6755,0.67565,8.80,4.80
2007.07.31 05:43:47.115,0.6755,0.67565,16.80,4.80
2007.07.31 05:43:47.164,0.6755,0.67565,16.80,2.40
2007.07.31 05:43:47.208,0.6755,0.67565,24.70,2.40
2007.07.31 05:43:47.954,0.6755,0.67565,16.70,2.40
2007.07.31 05:43:48.996,0.6755,0.67565,24.70,2.40
2007.07.31 05:43:49.203,0.6755,0.67565,16.70,2.40
2007.07.31 05:43:50.286,0.6755,0.67565,16.70,6.40
2007.07.31 05:43:50.348,0.6755,0.67565,12.70,6.40
2007.07.31 05:43:50.391,0.6755,0.6757,12.70,37.50
2007.07.31 05:43:50.822,0.6755,0.6757,12.70,37.50
2007.07.31 05:43:50.931,0.6755,0.67565,16.70,0.60
2007.07.31 05:43:51.251,0.6755,0.6757,24.70,37.50
2007.07.31 05:43:51.361,0.6755,0.67565,16.70,0.70
2007.07.31 05:43:51.566,0.6755,0.6757,24.70,37.50
2007.07.31 05:43:52.187,0.6755,0.6757,16.70,37.50
2007.07.31 05:43:53.121,0.6755,0.6757,24.70,37.50
2007.07.31 05:43:54.290,0.6755,0.67565,16.70,0.60
2007.07.31 05:43:54.576,0.6755,0.6757,24.70,35.10
2007.07.31 05:44:05.128,0.6755,0.67565,25.50,0.90
2007.07.31 05:44:05.165,0.6755,0.6757,25.50,0.60
2007.07.31 05:44:07.206,0.6755,0.6757,25.50,0.90
2007.07.31 05:44:07.305,0.6755,0.6757,25.50,0.60
2007.07.31 05:44:08.241,0.6755,0.6757,25.50,0.50
2007.07.31 05:44:10.945,0.6755,0.67575,25.50,37.50
2007.07.31 05:44:11.566,0.6755,0.67575,26.30,37.50
2007.07.31 05:44:11.659,0.6755,0.6757,27.10,0.70
2007.07.31 05:44:11.709,0.6755,0.6757,27.90,0.90
2007.07.31 05:44:11.877,0.6755,0.6757,27.90,0.90
2007.07.31 05:44:13.214,0.6755,0.67575,27.90,37.50
2007.07.31 05:44:15.203,0.6755,0.6757,27.10,0.50
2007.07.31 05:44:23.586,0.6755,0.6757,24.70,37.50
2007.07.31 05:44:26.701,0.6755,0.6757,27.10,37.50
2007.07.31 05:44:30.235,0.6755,0.6757,24.70,37.50
2007.07.31 05:44:31.169,0.6755,0.6757,27.10,37.50
2007.07.31 05:44:32.560,0.6755,0.67575,27.10,39.90
2007.07.31 05:44:34.672,0.6755,0.67575,24.70,39.90
2007.07.31 05:44:35.608,0.6755,0.67575,27.10,39.90
2007.07.31 05:44:39.652,0.6755,0.67575,24.70,39.90
2007.07.31 05:44:43.201,0.6755,0.6757,19.10,0.80
2007.07.31 05:44:44.231,0.6755,0.6757,27.10,0.50
2007.07.31 05:44:56.870,0.6755,0.67575,31.10,39.90
2007.07.31 05:44:57.695,0.6755,0.6757,27.10,0.90
2007.07.31 05:44:59.880,0.6755,0.6757,27.10,0.80
2007.07.31 05:45:00.086,0.6755,0.6757,27.10,0.70
2007.07.31 05:45:04.955,0.6755,0.6757,27.10,29.50
2007.07.31 05:45:05.391,0.6755,0.6757,27.10,37.50
2007.07.31 05:45:06.208,0.6755,0.6757,27.10,29.50
2007.07.31 05:45:09.416,0.67555,0.6757,0.80,29.50
2007.07.31 05:45:09.713,0.67555,0.6757,1.60,29.50
2007.07.31 05:45:09.740,0.67555,0.6757,1.60,27.10
2007.07.31 05:45:10.531,0.67555,0.6757,1.60,28.70
2007.07.31 05:45:11.289,0.67555,0.6757,1.60,32.70
2007.07.31 05:45:37.452,0.67555,0.6757,1.60,30.30
2007.07.31 05:45:37.838,0.67555,0.6757,1.60,38.30
2007.07.31 05:45:46.041,0.67555,0.6757,1.60,36.70
2007.07.31 05:45:47.853,0.67555,0.6757,1.60,28.70
2007.07.31 05:45:47.905,0.67555,0.6757,0.80,28.70
2007.07.31 05:45:48.089,0.6755,0.6757,25.50,28.70
2007.07.31 05:45:48.161,0.6755,0.6757,24.70,31.10
2007.07.31 05:45:48.268,0.6755,0.6757,23.90,31.10
2007.07.31 05:45:48.400,0.6755,0.6757,24.70,31.10
2007.07.31 05:45:50.774,0.6755,0.6757,22.30,31.10
2007.07.31 05:45:51.282,0.6755,0.6757,14.30,31.10
2007.07.31 05:45:56.164,0.67545,0.6757,23.10,31.10
2007.07.31 05:45:56.780,0.6755,0.6757,3.10,31.10
2007.07.31 05:45:56.881,0.67545,0.6757,33.50,31.10
2007.07.31 05:45:59.776,0.6755,0.6757,8.50,31.10
2007.07.31 05:46:01.239,0.6755,0.6757,7.00,31.10
2007.07.31 05:46:16.901,0.67545,0.6757,34.30,31.10
2007.07.31 05:46:17.085,0.67545,0.6757,35.10,31.10
2007.07.31 05:46:24.465,0.67545,0.6757,35.10,23.10
2007.07.31 05:46:26.233,0.67545,0.6757,61.40,23.10
2007.07.31 05:46:39.391,0.6755,0.6757,4.30,23.10
2007.07.31 05:46:39.427,0.67545,0.6757,36.70,23.10
2007.07.31 05:46:47.896,0.67545,0.6757,35.90,23.10
2007.07.31 05:46:48.011,0.67545,0.6757,35.10,23.10
2007.07.31 05:46:48.067,0.67545,0.6757,34.30,23.10
2007.07.31 05:46:48.263,0.6755,0.6757,3.30,23.10
2007.07.31 05:46:50.179,0.67545,0.6757,33.50,20.70
2007.07.31 05:47:14.123,0.6755,0.6757,11.40,20.70
2007.07.31 05:47:14.446,0.6755,0.6757,11.30,20.70
2007.07.31 05:47:15.465,0.67545,0.6757,37.50,20.70
2007.07.31 05:47:15.485,0.67545,0.6757,39.90,20.70
2007.07.31 05:47:16.019,0.67545,0.6757,38.30,20.70
2007.07.31 05:47:16.076,0.67545,0.6757,36.70,20.70
2007.07.31 05:47:22.633,0.67555,0.6757,0.80,20.70
2007.07.31 05:47:22.782,0.6755,0.6757,28.70,20.70
2007.07.31 05:47:32.149,0.67555,0.6757,0.80,20.70
2007.07.31 05:47:32.313,0.6755,0.6757,0.90,20.70
2007.07.31 05:47:32.575,0.67545,0.6757,27.90,20.70
2007.07.31 05:47:32.606,0.6755,0.67565,2.20,2.40
2007.07.31 05:47:32.706,0.67545,0.67565,30.30,6.40
2007.07.31 05:47:33.202,0.67545,0.67565,21.50,6.40
2007.07.31 05:47:34.457,0.67545,0.67565,25.50,6.40
2007.07.31 05:47:34.510,0.67545,0.67565,25.50,2.40
2007.07.31 05:47:34.856,0.67545,0.67565,33.50,2.40
2007.07.31 05:47:35.413,0.67545,0.67565,34.30,2.40
2007.07.31 05:47:35.944,0.67545,0.67565,34.30,2.40
2007.07.31 05:47:39.300,0.67545,0.67565,35.10,2.40
2007.07.31 05:47:39.311,0.67545,0.67565,35.90,2.40
2007.07.31 05:47:39.495,0.67545,0.67565,37.50,2.40
2007.07.31 05:47:39.712,0.67545,0.6757,37.50,20.70
2007.07.31 05:47:41.012,0.67545,0.6757,37.50,23.10
2007.07.31 05:47:41.466,0.67545,0.6757,36.70,23.10
2007.07.31 05:47:41.556,0.6755,0.6757,7.20,23.10
2007.07.31 05:47:41.667,0.67545,0.6757,35.10,23.10
2007.07.31 05:47:42.328,0.6755,0.67565,2.50,2.40
2007.07.31 05:47:51.300,0.6755,0.67565,22.30,4.80
2007.07.31 05:47:51.383,0.6755,0.67565,14.40,4.80
2007.07.31 05:47:59.643,0.6755,0.67565,14.40,2.40
2007.07.31 05:47:59.742,0.6755,0.67565,22.30,2.40
2007.07.31 05:48:03.715,0.67545,0.67565,32.70,2.40
2007.07.31 05:48:16.717,0.67545,0.67565,31.90,2.40
2007.07.31 05:48:21.915,0.67545,0.67565,32.70,2.40
2007.07.31 05:48:21.926,0.6755,0.67565,8.20,2.40
2007.07.31 05:48:22.123,0.67545,0.67565,32.70,2.40
2007.07.31 05:48:22.473,0.67545,0.67565,32.70,2.40
2007.07.31 05:48:22.887,0.6755,0.67565,4.50,2.40
2007.07.31 05:48:23.010,0.6755,0.67565,0.50,2.40
2007.07.31 05:48:23.060,0.67545,0.67565,35.90,2.40
2007.07.31 05:48:23.215,0.6755,0.67565,2.00,2.40
2007.07.31 05:48:23.326,0.6755,0.67565,15.90,2.40
2007.07.31 05:48:24.033,0.6755,0.67565,2.60,2.40
2007.07.31 05:48:24.083,0.67545,0.67565,29.50,2.40
2007.07.31 05:48:24.129,0.6756,0.67565,3.20,2.40
2007.07.31 05:48:24.146,0.6756,0.67565,3.30,2.40
2007.07.31 05:48:24.437,0.67555,0.6757,11.20,15.10
2007.07.31 05:48:25.566,0.6756,0.6757,3.10,15.10
2007.07.31 05:48:25.588,0.6755,0.6757,38.30,15.10
2007.07.31 05:48:25.670,0.6755,0.6757,32.70,19.10
2007.07.31 05:48:25.726,0.67555,0.6757,0.80,23.10
2007.07.31 05:48:25.767,0.67545,0.67565,38.30,2.40
2007.07.31 05:48:26.099,0.6755,0.67565,7.60,2.40
2007.07.31 05:48:26.182,0.67545,0.67565,33.50,2.40
2007.07.31 05:48:26.205,0.67545,0.6757,56.60,23.10
2007.07.31 05:48:31.387,0.6755,0.67565,27.10,0.90
2007.07.31 05:48:31.826,0.6755,0.6757,31.10,19.10
2007.07.31 05:48:32.441,0.6755,0.6757,31.90,15.10
2007.07.31 05:48:32.471,0.67555,0.6757,0.80,15.10
2007.07.31 05:48:32.569,0.67555,0.67565,1.60,0.50
2007.07.31 05:48:33.301,0.67555,0.67575,1.60,19.90
2007.07.31 05:48:34.587,0.6756,0.67575,8.00,19.90
2007.07.31 05:48:34.639,0.6756,0.67575,10.40,17.50
2007.07.31 05:48:36.354,0.6756,0.67575,2.40,17.50
2007.07.31 05:48:37.277,0.6756,0.6757,10.40,0.60
2007.07.31 05:48:37.908,0.6756,0.6757,2.40,0.90
2007.07.31 05:48:40.217,0.6756,0.6757,2.40,0.90
2007.07.31 05:48:40.357,0.6756,0.67575,2.40,27.90
2007.07.31 05:48:41.177,0.6756,0.6757,2.40,0.90
2007.07.31 05:48:41.665,0.67555,0.67575,1.60,27.90
2007.07.31 05:48:41.757,0.67555,0.6757,1.60,0.80
2007.07.31 05:48:42.161,0.67555,0.6757,1.60,0.50
2007.07.31 05:48:45.470,0.6755,0.67575,24.70,27.90
2007.07.31 05:48:54.039,0.67555,0.6757,0.60,0.80
2007.07.31 05:48:54.324,0.67555,0.6757,0.50,0.60
2007.07.31 05:48:54.849,0.67555,0.6757,0.50,0.60
2007.07.31 05:48:55.136,0.6755,0.67575,28.70,27.90
2007.07.31 05:49:00.152,0.6756,0.6757,0.60,24.70
2007.07.31 05:49:00.174,0.67555,0.6757,12.00,16.70
2007.07.31 05:49:00.353,0.67555,0.6757,12.00,19.10
2007.07.31 05:49:00.908,0.67555,0.6757,12.00,15.10
2007.07.31 05:49:01.658,0.67555,0.6757,12.00,12.70
2007.07.31 05:49:04.679,0.6756,0.6757,3.20,15.10
2007.07.31 05:49:04.703,0.67555,0.6757,12.00,19.10
2007.07.31 05:49:04.715,0.67555,0.6757,12.00,27.10
2007.07.31 05:49:36.813,0.6755,0.6757,28.70,27.10
2007.07.31 05:49:36.897,0.6755,0.6757,30.30,27.10
2007.07.31 05:49:37.153,0.6755,0.6757,29.50,27.10
2007.07.31 05:49:37.346,0.6755,0.6757,28.70,31.10
2007.07.31 05:49:37.370,0.6755,0.6757,24.70,31.10
2007.07.31 05:49:38.876,0.6755,0.6757,26.30,31.10
2007.07.31 05:49:38.932,0.6755,0.6757,27.90,31.10
2007.07.31 05:49:39.142,0.6755,0.6757,31.90,31.10
2007.07.31 05:49:39.350,0.6755,0.6757,31.90,27.10
2007.07.31 05:49:39.442,0.6755,0.6757,35.90,27.10
2007.07.31 05:49:42.150,0.6755,0.6757,35.90,23.10
2007.07.31 05:49:43.383,0.67555,0.6757,1.60,23.10
2007.07.31 05:49:43.684,0.6756,0.6757,2.40,23.10
2007.07.31 05:49:43.729,0.6756,0.6757,10.40,23.10
2007.07.31 05:49:44.491,0.6756,0.6757,10.40,27.10
2007.07.31 05:49:51.859,0.67555,0.6757,12.00,27.10
2007.07.31 05:49:57.011,0.6756,0.6757,10.40,23.10
2007.07.31 05:49:58.529,0.6756,0.6757,10.40,27.10
2007.07.31 05:50:00.787,0.6756,0.6757,11.20,27.10
2007.07.31 05:50:00.834,0.6756,0.6757,12.00,27.10
2007.07.31 05:50:00.851,0.6756,0.6757,12.80,27.10
2007.07.31 05:50:01.150,0.6756,0.6757,20.80,27.10
2007.07.31 05:50:01.368,0.6756,0.6757,20.80,23.10
2007.07.31 05:50:03.491,0.6756,0.6757,20.80,23.90
2007.07.31 05:50:04.675,0.6756,0.6757,20.00,23.90
2007.07.31 05:50:04.703,0.6756,0.6757,19.20,23.90
2007.07.31 05:50:04.764,0.6756,0.6757,18.40,23.90
2007.07.31 05:50:05.305,0.6756,0.6757,10.40,23.90
2007.07.31 05:50:16.531,0.6756,0.6757,10.40,24.70
2007.07.31 05:50:16.735,0.6756,0.6757,10.40,22.30
2007.07.31 05:50:19.799,0.6756,0.6757,10.40,24.70
2007.07.31 05:50:20.624,0.6756,0.6757,10.40,22.30
2007.07.31 05:50:20.961,0.6756,0.6757,11.20,22.30
2007.07.31 05:50:20.989,0.6756,0.6757,20.80,14.30
2007.07.31 05:50:21.056,0.6756,0.6757,22.40,14.30
2007.07.31 05:50:21.255,0.6756,0.6757,22.40,10.30
2007.07.31 05:50:21.270,0.6756,0.6757,22.40,2.40
2007.07.31 05:50:21.568,0.6756,0.67575,22.40,11.20
2007.07.31 05:50:25.931,0.6756,0.67575,7.00,11.20
2007.07.31 05:50:28.387,0.67555,0.67575,33.40,11.20
2007.07.31 05:50:28.664,0.67555,0.67575,33.40,7.20
2007.07.31 05:50:28.807,0.67555,0.67575,29.40,7.20
2007.07.31 05:50:28.817,0.67555,0.67575,29.40,11.20
2007.07.31 05:50:30.428,0.6756,0.67575,1.40,11.20
2007.07.31 05:50:30.448,0.6756,0.67575,3.30,7.20
2007.07.31 05:50:30.741,0.67555,0.67575,33.40,11.20
2007.07.31 05:50:30.907,0.67555,0.67575,28.60,11.20
2007.07.31 05:50:31.001,0.67555,0.67575,27.30,11.20
2007.07.31 05:50:32.020,0.67555,0.67575,27.30,7.20
2007.07.31 05:50:32.652,0.6756,0.6757,4.80,2.40
2007.07.31 05:50:32.711,0.67555,0.6757,27.20,10.40
2007.07.31 05:50:34.167,0.6756,0.6757,1.50,2.40
2007.07.31 05:50:34.206,0.67555,0.67575,27.20,11.20
2007.07.31 05:50:35.941,0.67555,0.67575,28.00,11.20
2007.07.31 05:50:35.980,0.6756,0.67575,1.70,11.20
2007.07.31 05:50:39.110,0.6756,0.67575,9.30,11.20
2007.07.31 05:50:40.693,0.67555,0.67575,29.60,11.20
2007.07.31 05:50:40.795,0.67555,0.67575,28.80,11.20
2007.07.31 05:50:41.000,0.6756,0.67575,7.70,11.20
2007.07.31 05:50:41.091,0.6756,0.67575,4.00,11.20
2007.07.31 05:50:41.304,0.67555,0.6757,27.20,10.40
2007.07.31 05:50:41.715,0.67555,0.6757,21.60,10.40
2007.07.31 05:50:41.735,0.67555,0.6757,20.80,10.40
2007.07.31 05:50:42.128,0.6756,0.6757,0.60,12.80
2007.07.31 05:50:42.348,0.67555,0.6757,12.80,12.80
2007.07.31 05:50:42.886,0.6756,0.6757,7.10,12.80
2007.07.31 05:50:45.406,0.6756,0.6757,5.00,10.40
2007.07.31 05:50:45.714,0.6756,0.6757,7.40,2.40
2007.07.31 05:50:45.753,0.67555,0.67575,26.40,11.20
2007.07.31 05:50:45.906,0.67555,0.67575,28.00,11.20
2007.07.31 05:50:45.974,0.6756,0.67575,4.30,11.20
2007.07.31 05:50:46.060,0.67555,0.67575,28.80,11.20
2007.07.31 05:50:47.052,0.6756,0.67575,3.50,11.20
2007.07.31 05:50:47.184,0.6756,0.67575,12.30,11.20
2007.07.31 05:50:47.759,0.6756,0.67575,4.10,7.20
2007.07.31 05:50:54.443,0.6756,0.67575,23.20,7.20
2007.07.31 05:50:54.581,0.6756,0.67575,22.40,7.20
2007.07.31 05:50:55.157,0.6756,0.67575,22.40,11.20
2007.07.31 05:51:20.475,0.6756,0.67575,22.40,7.20
2007.07.31 05:51:26.213,0.6756,0.67575,22.40,11.20
2007.07.31 05:51:26.489,0.6756,0.67575,22.40,7.20
2007.07.31 05:51:26.529,0.6756,0.67575,24.00,7.20
2007.07.31 05:51:26.657,0.6756,0.67575,24.00,4.80
2007.07.31 05:51:29.253,0.6756,0.6758,24.00,47.00
2007.07.31 05:51:33.303,0.6756,0.6758,24.00,46.20
2007.07.31 05:51:33.920,0.67565,0.6758,0.80,46.20
2007.07.31 05:51:33.954,0.67565,0.6758,1.60,46.20
2007.07.31 05:51:34.443,0.67565,0.67585,1.60,39.10
2007.07.31 05:51:34.988,0.67565,0.67585,5.60,35.10
2007.07.31 05:51:35.020,0.6757,0.67585,8.00,21.60
2007.07.31 05:51:35.082,0.6757,0.67585,10.40,14.40
2007.07.31 05:51:35.436,0.6757,0.67585,10.40,6.40
2007.07.31 05:51:35.503,0.6757,0.67585,10.40,0.90
2007.07.31 05:51:35.551,0.6757,0.6759,18.40,41.40
2007.07.31 05:51:39.374,0.6757,0.67585,10.40,0.90
2007.07.31 05:51:41.577,0.6757,0.6759,18.40,41.40
2007.07.31 05:51:42.274,0.6757,0.6759,10.40,45.40
2007.07.31 05:51:42.494,0.6757,0.67585,18.40,0.80
2007.07.31 05:51:43.203,0.6757,0.6759,10.40,45.40
2007.07.31 05:51:44.146,0.6757,0.6759,18.40,45.40
2007.07.31 05:51:44.357,0.6757,0.6759,10.40,45.40
2007.07.31 05:51:44.780,0.6757,0.6759,18.40,45.40
2007.07.31 05:51:49.451,0.6757,0.67585,18.40,6.40
2007.07.31 05:51:49.514,0.6757,0.67585,18.40,14.40
2007.07.31 05:51:49.982,0.6757,0.67585,18.40,12.00
2007.07.31 05:51:50.056,0.6757,0.67585,18.40,0.70
2007.07.31 05:51:55.856,0.6757,0.6759,10.40,45.40
2007.07.31 05:51:56.168,0.6757,0.67585,18.40,0.50
2007.07.31 05:51:56.908,0.6757,0.6759,10.40,41.40
2007.07.31 05:51:58.153,0.6757,0.67585,10.40,6.40
2007.07.31 05:51:58.189,0.6757,0.67585,18.40,6.40
2007.07.31 05:51:58.261,0.6757,0.6758,18.40,0.60
2007.07.31 05:51:58.371,0.6757,0.6758,10.40,0.90
2007.07.31 05:52:16.277,0.6757,0.6758,8.00,10.40
2007.07.31 05:52:16.309,0.67565,0.6758,4.80,10.40
2007.07.31 05:52:22.032,0.67565,0.6758,4.00,10.40
2007.07.31 05:52:22.421,0.67565,0.6758,4.00,22.30
2007.07.31 05:52:22.439,0.67565,0.6758,4.00,26.30
2007.07.31 05:52:22.480,0.6756,0.6758,34.30,26.30
2007.07.31 05:52:22.643,0.6756,0.6758,33.50,26.30
2007.07.31 05:52:24.422,0.67565,0.6758,0.80,26.30
2007.07.31 05:52:24.856,0.67565,0.6758,4.80,26.30
2007.07.31 05:52:24.990,0.67565,0.6758,4.80,22.30
2007.07.31 05:52:25.386,0.67565,0.6758,4.00,18.30
2007.07.31 05:52:25.418,0.67565,0.6758,4.00,10.40
2007.07.31 05:52:25.999,0.6756,0.6758,34.20,10.40
2007.07.31 05:52:26.061,0.6756,0.6758,33.40,10.40
2007.07.31 05:52:26.273,0.6756,0.6758,33.40,14.40
2007.07.31 05:52:26.363,0.6756,0.6758,34.20,18.40
2007.07.31 05:52:26.388,0.6756,0.6758,35.10,18.40
2007.07.31 05:52:26.494,0.6756,0.6758,35.90,18.40
2007.07.31 05:52:26.903,0.6756,0.6758,35.10,18.40
2007.07.31 05:52:26.981,0.6756,0.6758,34.30,18.40
2007.07.31 05:52:27.028,0.6756,0.6758,33.50,18.40
2007.07.31 05:52:31.115,0.6756,0.6758,31.10,18.40
2007.07.31 05:52:31.121,0.67565,0.6758,4.00,18.40
2007.07.31 05:52:31.250,0.67565,0.6758,4.00,14.40
2007.07.31 05:52:31.701,0.6757,0.6758,2.40,14.40
2007.07.31 05:52:31.743,0.6757,0.6758,10.40,14.40
2007.07.31 05:52:32.115,0.6757,0.6758,10.40,10.40
2007.07.31 05:52:32.292,0.6757,0.6758,14.40,10.40
2007.07.31 05:52:32.328,0.6757,0.6758,12.00,10.40
2007.07.31 05:52:32.392,0.6757,0.6758,4.00,10.40
2007.07.31 05:52:32.605,0.67565,0.6758,0.80,14.40
2007.07.31 05:52:33.252,0.6756,0.6758,29.50,14.40
2007.07.31 05:52:33.940,0.6756,0.67585,29.50,26.40
2007.07.31 05:52:36.221,0.6756,0.6758,32.70,0.50
2007.07.31 05:52:36.258,0.6756,0.67585,25.60,26.40
2007.07.31 05:52:36.288,0.6756,0.67585,26.40,26.40
2007.07.31 05:52:36.382,0.6756,0.6758,26.40,0.60
2007.07.31 05:52:36.596,0.6757,0.6758,10.40,0.80
2007.07.31 05:52:37.643,0.6757,0.67585,14.40,18.40
2007.07.31 05:52:37.765,0.6757,0.6758,10.40,0.90
2007.07.31 05:52:38.382,0.6757,0.6758,14.40,0.70
2007.07.31 05:52:41.749,0.6757,0.6758,6.40,0.80
2007.07.31 05:52:41.760,0.6757,0.67585,4.00,18.40
2007.07.31 05:52:41.961,0.67565,0.67585,4.00,22.40
2007.07.31 05:52:42.007,0.6756,0.67585,29.50,26.40
2007.07.31 05:52:42.292,0.6756,0.6758,29.50,0.50
2007.07.31 05:52:42.409,0.6756,0.67585,29.60,38.30
2007.07.31 05:52:42.694,0.6756,0.67585,32.80,38.30
2007.07.31 05:52:42.716,0.6756,0.6758,24.80,0.50
2007.07.31 05:52:42.857,0.6757,0.6758,10.40,0.60
2007.07.31 05:52:42.919,0.6757,0.67585,14.40,29.50
2007.07.31 05:52:43.037,0.6757,0.67585,10.40,29.50
2007.07.31 05:52:43.147,0.6757,0.67585,10.40,14.40
2007.07.31 05:52:43.376,0.6757,0.6758,14.40,0.50
2007.07.31 05:52:43.759,0.6757,0.6758,4.00,0.70
2007.07.31 05:52:43.783,0.67565,0.6758,4.80,0.80
2007.07.31 05:52:43.888,0.6757,0.6758,4.00,0.70
2007.07.31 05:52:44.042,0.6757,0.67585,4.00,16.00
2007.07.31 05:52:44.104,0.6757,0.6759,4.00,39.10
2007.07.31 05:52:44.163,0.6757,0.6759,6.40,39.90
2007.07.31 05:52:44.204,0.6757,0.67585,14.40,0.80
2007.07.31 05:52:44.264,0.6757,0.67585,14.40,0.60
2007.07.31 05:52:44.339,0.6757,0.6759,14.40,32.70
2007.07.31 05:52:44.572,0.6757,0.67585,14.40,6.40
2007.07.31 05:52:44.625,0.6757,0.6758,14.40,0.50
2007.07.31 05:52:45.084,0.6757,0.67585,14.40,12.00
2007.07.31 05:52:45.154,0.6757,0.67585,14.40,0.50
2007.07.31 05:52:45.697,0.6757,0.67585,12.00,0.90
2007.07.31 05:52:45.795,0.6757,0.6759,4.00,39.10
2007.07.31 05:52:46.096,0.6757,0.67585,4.00,12.00
2007.07.31 05:52:46.117,0.6757,0.67585,4.00,14.40
2007.07.31 05:52:46.509,0.67565,0.67585,4.80,14.40
2007.07.31 05:52:47.513,0.67565,0.67585,4.80,31.10
2007.07.31 05:52:47.552,0.67565,0.67585,0.80,35.90
2007.07.31 05:52:47.568,0.67565,0.67585,0.80,31.10
2007.07.31 05:52:49.070,0.6756,0.6758,34.30,0.60
2007.07.31 05:52:49.091,0.6756,0.67585,33.50,39.90
2007.07.31 05:52:49.645,0.67565,0.67585,4.00,39.90
2007.07.31 05:52:49.700,0.67565,0.67585,4.00,35.90
2007.07.31 05:52:50.210,0.6757,0.67585,2.40,35.90
2007.07.31 05:52:50.240,0.6757,0.6758,10.40,0.90
2007.07.31 05:52:50.408,0.6757,0.6758,10.40,0.60
2007.07.31 05:52:50.443,0.6757,0.67585,10.40,24.00
2007.07.31 05:52:53.660,0.6757,0.6758,2.40,0.80
2007.07.31 05:52:53.698,0.67565,0.6758,4.00,0.70
2007.07.31 05:52:54.073,0.67565,0.67585,4.00,27.10
2007.07.31 05:52:54.109,0.67565,0.67585,4.00,32.70
2007.07.31 05:53:01.227,0.67565,0.6758,4.00,0.90
2007.07.31 05:53:01.439,0.6756,0.6758,37.50,0.90
2007.07.31 05:53:05.985,0.6756,0.6758,37.50,27.10
2007.07.31 05:53:06.027,0.6756,0.6758,37.50,27.90
2007.07.31 05:53:06.083,0.6756,0.6758,37.50,28.70
2007.07.31 05:53:06.190,0.6756,0.6758,35.10,28.70
2007.07.31 05:53:06.203,0.6756,0.6758,31.10,28.70
2007.07.31 05:53:06.820,0.6756,0.6758,31.90,28.70
2007.07.31 05:53:07.012,0.6756,0.6758,32.70,28.70
2007.07.31 05:53:07.040,0.6756,0.6758,33.50,28.70
2007.07.31 05:53:08.377,0.6756,0.6758,31.10,26.30
2007.07.31 05:53:12.157,0.6756,0.6758,31.10,27.10
2007.07.31 05:53:12.214,0.6756,0.6758,31.10,27.90
2007.07.31 05:53:12.672,0.6756,0.6758,30.30,27.90
2007.07.31 05:53:12.752,0.6756,0.6758,28.70,27.90
2007.07.31 05:53:12.953,0.6756,0.6758,28.70,29.50
2007.07.31 05:53:12.981,0.6756,0.6758,28.70,31.10
2007.07.31 05:53:14.228,0.6756,0.6758,28.70,30.30
2007.07.31 05:53:14.301,0.6756,0.6758,28.70,29.50
2007.07.31 05:53:14.381,0.6756,0.6758,28.70,28.70
2007.07.31 05:53:14.435,0.6756,0.6758,28.70,27.90
2007.07.31 05:53:14.749,0.67565,0.6758,0.80,27.10
2007.07.31 05:53:14.770,0.67565,0.6758,0.80,22.30
2007.07.31 05:53:14.825,0.67565,0.6758,0.80,14.40
2007.07.31 05:53:15.097,0.67565,0.6758,0.80,14.40
2007.07.31 05:53:15.113,0.6757,0.6758,4.30,14.40
2007.07.31 05:53:15.157,0.6757,0.6758,0.70,18.40
2007.07.31 05:53:15.169,0.6757,0.67575,4.30,4.00
2007.07.31 05:53:15.242,0.6756,0.67575,16.80,4.00
2007.07.31 05:53:15.266,0.67555,0.67575,16.80,4.00
2007.07.31 05:53:15.333,0.6756,0.67575,2.10,4.00
2007.07.31 05:53:15.434,0.67555,0.67575,12.80,4.00
2007.07.31 05:53:15.704,0.6756,0.67575,5.70,4.00
2007.07.31 05:53:16.181,0.6756,0.67575,2.50,4.00
2007.07.31 05:53:16.294,0.6756,0.67575,10.00,4.00
2007.07.31 05:53:16.388,0.67555,0.67575,30.40,4.00
2007.07.31 05:53:16.395,0.6756,0.6758,5.60,28.70
2007.07.31 05:53:16.523,0.67555,0.6758,30.40,24.70
2007.07.31 05:53:17.209,0.6756,0.6758,12.60,24.70
2007.07.31 05:53:18.252,0.67555,0.6758,30.40,24.70
2007.07.31 05:53:20.698,0.67555,0.6758,36.80,22.30
2007.07.31 05:53:27.133,0.6756,0.6758,10.00,22.30
2007.07.31 05:53:27.255,0.6756,0.6758,12.20,22.30
2007.07.31 05:53:27.464,0.67555,0.6758,32.80,26.30
2007.07.31 05:53:27.473,0.6756,0.6758,5.70,30.30
2007.07.31 05:53:27.813,0.6756,0.6758,12.70,26.30
2007.07.31 05:53:27.996,0.67555,0.6758,36.80,22.30
2007.07.31 05:53:29.131,0.67555,0.6758,36.80,24.70
2007.07.31 05:53:33.675,0.6756,0.6758,0.70,28.70
2007.07.31 05:53:33.914,0.67555,0.6758,34.40,29.50
2007.07.31 05:53:33.991,0.67555,0.6758,34.40,30.30
2007.07.31 05:53:34.054,0.67555,0.6758,32.00,31.10
2007.07.31 05:53:34.203,0.67555,0.6758,32.00,27.90
2007.07.31 05:53:34.256,0.67555,0.6758,32.00,28.70
2007.07.31 05:53:34.317,0.67555,0.6758,24.00,28.70
2007.07.31 05:53:34.413,0.6756,0.6758,3.70,28.70
2007.07.31 05:53:34.729,0.67555,0.6758,32.00,27.10
2007.07.31 05:53:34.783,0.6756,0.6758,10.80,26.30
2007.07.31 05:53:34.818,0.6756,0.6758,9.40,26.30
2007.07.31 05:53:34.883,0.67555,0.6758,34.40,24.70
2007.07.31 05:53:45.707,0.6756,0.6758,29.60,22.30
2007.07.31 05:53:48.108,0.6756,0.6758,25.60,22.30
2007.07.31 05:53:49.265,0.6756,0.6758,29.60,22.30
2007.07.31 05:53:49.682,0.6756,0.6758,31.20,22.30
2007.07.31 05:53:49.774,0.6756,0.6758,32.00,22.30
2007.07.31 05:54:01.708,0.6756,0.6758,33.60,22.30
2007.07.31 05:54:01.921,0.6756,0.6758,33.60,23.10
2007.07.31 05:54:02.163,0.6756,0.6758,33.60,23.90
2007.07.31 05:54:02.199,0.6756,0.6758,33.60,24.70
2007.07.31 05:54:03.351,0.6756,0.6758,32.00,24.70
2007.07.31 05:54:08.560,0.6756,0.6758,32.80,24.70
2007.07.31 05:54:08.673,0.67565,0.6758,0.80,24.70
2007.07.31 05:54:08.687,0.67565,0.6758,1.60,24.70
2007.07.31 05:54:08.765,0.67565,0.6758,1.60,27.10
2007.07.31 05:54:09.458,0.67565,0.6758,0.80,27.10
2007.07.31 05:54:09.478,0.6756,0.6758,34.40,27.10
2007.07.31 05:54:09.572,0.6756,0.6758,35.20,27.10
2007.07.31 05:54:09.659,0.6756,0.6758,34.40,27.10
2007.07.31 05:54:09.867,0.6756,0.6758,33.60,27.10
2007.07.31 05:54:10.190,0.6756,0.6758,32.80,27.10
2007.07.31 05:54:10.701,0.6756,0.6758,32.00,27.10
2007.07.31 05:54:12.158,0.6756,0.6758,32.00,26.30
2007.07.31 05:54:12.224,0.6756,0.6758,32.00,25.50
2007.07.31 05:54:12.333,0.6756,0.6758,32.00,24.70
2007.07.31 05:54:16.481,0.67565,0.6758,0.80,24.70
2007.07.31 05:54:16.550,0.67565,0.6758,1.60,24.70
2007.07.31 05:54:16.849,0.67565,0.6758,1.60,22.30
2007.07.31 05:54:19.623,0.67565,0.6758,0.80,22.30
2007.07.31 05:54:19.695,0.6756,0.6758,32.80,22.30
2007.07.31 05:54:19.745,0.6756,0.6758,32.00,22.30
2007.07.31 05:54:19.931,0.6756,0.6758,32.80,22.30
2007.07.31 05:54:20.162,0.6756,0.6758,32.00,22.30
2007.07.31 05:54:31.554,0.6756,0.6758,31.20,22.30
2007.07.31 05:54:31.592,0.6756,0.6758,30.40,22.30
2007.07.31 05:54:31.650,0.6756,0.6758,29.60,22.30
2007.07.31 05:54:31.704,0.6756,0.6758,27.20,24.70
2007.07.31 05:54:37.765,0.6756,0.6758,27.20,28.70
2007.07.31 05:54:37.781,0.6756,0.6758,23.20,28.70
2007.07.31 05:54:38.313,0.6756,0.6758,27.20,28.70
2007.07.31 05:54:38.357,0.6756,0.6758,27.20,24.70
2007.07.31 05:54:40.776,0.6756,0.6758,29.60,24.70
2007.07.31 05:54:45.811,0.67565,0.6758,4.00,24.70
2007.07.31 05:54:45.862,0.6757,0.6758,8.00,16.80
2007.07.31 05:54:45.902,0.6757,0.6758,10.40,12.80
2007.07.31 05:54:46.696,0.6757,0.6758,10.40,10.40
2007.07.31 05:55:26.866,0.6757,0.6758,14.40,10.40
2007.07.31 05:55:26.944,0.6757,0.6758,15.20,10.40
2007.07.31 05:55:26.962,0.6757,0.6758,24.00,10.40
2007.07.31 05:55:27.163,0.6757,0.6758,24.80,10.40
2007.07.31 05:55:27.260,0.6757,0.6758,24.80,8.00
2007.07.31 05:55:27.283,0.6757,0.67585,24.80,7.20
2007.07.31 05:55:29.450,0.6757,0.6758,24.80,8.00
2007.07.31 05:55:29.533,0.6757,0.6758,24.80,10.40
2007.07.31 05:55:29.659,0.6757,0.6758,20.80,10.40
2007.07.31 05:55:29.858,0.6757,0.6758,12.80,10.40
2007.07.31 05:55:33.717,0.6757,0.6758,16.80,10.40
2007.07.31 05:55:35.163,0.6757,0.6758,12.80,10.40
2007.07.31 05:55:40.486,0.6757,0.6758,20.80,10.40
2007.07.31 05:55:44.324,0.6757,0.6758,12.80,10.40
2007.07.31 05:55:45.556,0.6757,0.6758,12.80,14.40
2007.07.31 05:55:50.054,0.6757,0.6758,12.00,14.40
2007.07.31 05:55:50.092,0.6757,0.6758,11.20,14.40
2007.07.31 05:55:50.108,0.6757,0.6758,10.40,14.40
2007.07.31 05:55:53.008,0.6757,0.6758,10.40,0.70
2007.07.31 05:56:05.961,0.6756,0.67585,24.80,27.20
2007.07.31 05:56:05.991,0.6756,0.6758,31.10,0.70
2007.07.31 05:56:06.132,0.6756,0.67585,29.60,32.80
2007.07.31 05:56:09.542,0.6756,0.67585,30.40,32.80
2007.07.31 05:56:09.560,0.6756,0.67585,31.20,33.60
2007.07.31 05:56:09.622,0.6756,0.67585,32.00,33.60
2007.07.31 05:56:10.027,0.6756,0.67585,29.60,33.60
2007.07.31 05:56:11.168,0.6756,0.6758,29.60,0.70
2007.07.31 05:56:11.208,0.6756,0.6758,29.60,0.60
2007.07.31 05:56:11.345,0.6756,0.67585,29.60,33.60
2007.07.31 05:56:22.448,0.6756,0.67585,25.60,33.60
2007.07.31 05:56:22.532,0.6756,0.67585,25.60,33.60
2007.07.31 05:56:22.696,0.6756,0.6758,29.60,0.60
2007.07.31 05:56:23.797,0.6756,0.67585,28.80,33.60
2007.07.31 05:56:23.973,0.6756,0.6758,28.00,0.70
2007.07.31 05:56:24.018,0.6756,0.67585,27.20,33.60
2007.07.31 05:56:28.705,0.6756,0.67585,27.20,32.80
2007.07.31 05:56:28.718,0.6756,0.6758,27.20,0.90
2007.07.31 05:56:28.826,0.6756,0.6758,31.20,0.60
2007.07.31 05:56:28.912,0.6756,0.67585,32.00,33.60
2007.07.31 05:56:28.930,0.6756,0.67585,33.60,33.60
2007.07.31 05:56:34.609,0.6756,0.6758,32.00,0.70
2007.07.31 05:56:42.282,0.6756,0.67585,32.00,31.20
2007.07.31 05:56:42.362,0.6756,0.67585,32.00,27.20
2007.07.31 05:56:42.488,0.6756,0.67585,28.00,27.20
2007.07.31 05:56:42.881,0.6756,0.6758,32.80,0.50
2007.07.31 05:56:42.907,0.6756,0.6758,32.00,0.90
2007.07.31 05:56:43.439,0.6756,0.67585,32.00,33.50
2007.07.31 05:56:43.527,0.6756,0.67585,32.00,37.50
2007.07.31 05:56:50.320,0.67555,0.6758,34.40,28.70
2007.07.31 05:56:50.892,0.6756,0.6758,2.20,28.70
2007.07.31 05:56:52.043,0.6756,0.6758,36.70,28.70
2007.07.31 05:56:52.243,0.6756,0.6758,35.90,28.70
2007.07.31 05:56:53.592,0.6756,0.6758,28.00,29.50
2007.07.31 05:56:53.673,0.6756,0.67575,28.00,4.80
2007.07.31 05:56:53.774,0.6756,0.67575,24.00,4.80
2007.07.31 05:57:03.325,0.6756,0.67575,21.60,4.80
2007.07.31 05:57:03.546,0.6756,0.6757,21.60,2.40
2007.07.31 05:57:03.643,0.6756,0.6757,20.80,2.40
2007.07.31 05:57:03.654,0.6756,0.6757,20.00,10.40
2007.07.31 05:57:03.773,0.6756,0.6757,19.20,10.40
2007.07.31 05:57:06.741,0.6756,0.6757,11.20,10.40
2007.07.31 05:57:08.211,0.6756,0.6757,19.20,10.40
2007.07.31 05:57:08.307,0.6756,0.6757,11.20,10.40
2007.07.31 05:57:09.145,0.6756,0.6757,19.20,10.40
2007.07.31 05:57:13.694,0.6756,0.6757,19.20,2.40
2007.07.31 05:57:13.725,0.6756,0.67575,19.20,4.80
2007.07.31 05:57:15.321,0.67555,0.67575,24.00,4.80
2007.07.31 05:57:24.179,0.67555,0.6757,24.80,8.00
2007.07.31 05:57:24.198,0.67555,0.6757,25.60,10.40
2007.07.31 05:57:31.119,0.6756,0.6757,2.40,18.30
2007.07.31 05:57:31.170,0.67555,0.6757,14.40,22.30
2007.07.31 05:57:31.239,0.6756,0.6757,2.60,22.30
2007.07.31 05:57:34.171,0.6756,0.6757,2.10,19.90
2007.07.31 05:57:34.249,0.67555,0.6757,24.00,11.90
2007.07.31 05:57:34.347,0.6756,0.6757,9.00,11.90
2007.07.31 05:57:34.375,0.6756,0.6757,1.80,7.90
2007.07.31 05:57:34.471,0.6756,0.67575,4.60,7.20
2007.07.31 05:57:34.753,0.67555,0.67575,28.80,7.20
2007.07.31 05:57:39.191,0.67555,0.6757,29.60,2.40
2007.07.31 05:57:39.199,0.67555,0.6757,29.60,10.40
2007.07.31 05:57:48.970,0.67555,0.6757,21.60,10.40
2007.07.31 05:57:50.196,0.67555,0.6757,29.60,10.40
2007.07.31 05:57:50.933,0.6756,0.6757,7.90,10.40
2007.07.31 05:57:57.248,0.67555,0.67565,21.60,0.80
2007.07.31 05:57:58.184,0.6756,0.67565,5.90,0.80
2007.07.31 05:57:58.295,0.67555,0.67565,16.00,0.80
2007.07.31 05:57:58.306,0.67555,0.6757,12.00,29.50
2007.07.31 05:57:58.412,0.6756,0.6757,3.90,25.50
2007.07.31 05:57:58.484,0.67555,0.6757,12.00,17.60
2007.07.31 05:57:59.126,0.6756,0.6757,5.40,16.80
2007.07.31 05:57:59.413,0.6756,0.6757,0.80,0.50
2007.07.31 05:58:03.215,0.6756,0.6757,0.80,0.60
2007.07.31 05:58:03.384,0.67555,0.67575,18.40,15.20
2007.07.31 05:58:10.626,0.6756,0.6757,4.00,0.80
2007.07.31 05:58:14.453,0.6756,0.67575,12.00,15.20
2007.07.31 05:58:18.417,0.6756,0.67575,4.00,19.20
2007.07.31 05:58:19.378,0.6756,0.6757,12.00,0.90
2007.07.31 05:58:24.316,0.6756,0.6757,11.20,0.50
2007.07.31 05:58:35.205,0.6756,0.6757,19.20,10.40
2007.07.31 05:58:35.817,0.6756,0.6757,11.20,10.40
2007.07.31 05:58:36.625,0.6756,0.6757,15.20,10.40
2007.07.31 05:58:38.418,0.67565,0.6757,4.00,10.40
2007.07.31 05:58:41.227,0.6756,0.6757,15.20,10.40
2007.07.31 05:58:52.257,0.6755,0.6757,27.90,14.40
2007.07.31 05:58:52.390,0.6755,0.6757,27.20,22.30
2007.07.31 05:58:52.408,0.6755,0.6757,36.70,30.30
2007.07.31 05:58:52.508,0.6755,0.6757,35.10,30.30
2007.07.31 05:58:52.519,0.67555,0.6757,4.00,34.30
2007.07.31 05:58:52.576,0.67555,0.6757,4.00,36.70
2007.07.31 05:58:52.712,0.67555,0.6757,1.70,36.70
2007.07.31 05:58:54.805,0.6755,0.6757,36.70,39.10
2007.07.31 05:59:07.236,0.6755,0.6757,36.70,36.70
2007.07.31 05:59:09.934,0.6755,0.6757,36.70,39.90
2007.07.31 05:59:10.024,0.6755,0.6757,36.70,43.10
2007.07.31 05:59:10.058,0.6755,0.6757,36.70,43.90
2007.07.31 05:59:10.229,0.6755,0.6757,36.70,47.90
2007.07.31 05:59:10.352,0.6755,0.67565,18.70,4.00
2007.07.31 05:59:10.437,0.67545,0.67565,30.40,4.00
2007.07.31 05:59:10.450,0.67545,0.67565,29.60,8.00
2007.07.31 05:59:24.238,0.67555,0.67565,4.00,4.00
2007.07.31 05:59:24.505,0.67555,0.6757,4.00,35.20
2007.07.31 05:59:24.637,0.67555,0.6757,4.00,34.40
2007.07.31 05:59:24.807,0.67555,0.6757,4.00,33.60
2007.07.31 05:59:24.834,0.67555,0.6757,4.00,32.80
2007.07.31 05:59:25.432,0.67555,0.6757,4.80,32.80
2007.07.31 05:59:25.464,0.67555,0.6757,5.60,32.80
2007.07.31 05:59:25.470,0.67555,0.6757,5.60,28.80
2007.07.31 05:59:29.873,0.6756,0.6757,2.40,28.80
2007.07.31 05:59:29.928,0.6756,0.6757,10.40,28.80
2007.07.31 05:59:29.972,0.6756,0.6757,10.40,24.80
2007.07.31 05:59:30.344,0.6756,0.6757,10.40,16.80
2007.07.31 05:59:30.381,0.6756,0.6757,10.40,14.40
2007.07.31 05:59:30.402,0.6756,0.6757,14.40,10.40
2007.07.31 05:59:30.436,0.6756,0.6757,22.40,10.40
2007.07.31 05:59:30.857,0.6756,0.6757,22.40,2.40
2007.07.31 05:59:34.483,0.6756,0.67575,22.40,11.20
2007.07.31 05:59:34.863,0.67565,0.67575,4.00,7.20
2007.07.31 05:59:34.874,0.67565,0.67575,4.00,2.40
2007.07.31 05:59:34.991,0.67565,0.6758,4.00,28.80
2007.07.31 05:59:35.410,0.67565,0.67575,4.00,4.00
2007.07.31 05:59:36.450,0.67565,0.6758,4.00,32.80
2007.07.31 05:59:37.167,0.67565,0.67575,4.00,2.40
2007.07.31 05:59:38.906,0.67565,0.67575,4.00,6.40
2007.07.31 05:59:39.105,0.67565,0.67575,4.00,10.40
2007.07.31 05:59:39.901,0.67565,0.67575,4.00,6.40
2007.07.31 05:59:40.347,0.67565,0.67575,4.00,2.40
2007.07.31 05:59:40.549,0.67565,0.6758,4.00,28.80
2007.07.31 05:59:41.378,0.67565,0.6758,4.00,24.80
2007.07.31 05:59:41.436,0.6757,0.6758,8.00,16.80
2007.07.31 05:59:41.474,0.6757,0.6758,10.40,14.40
2007.07.31 05:59:41.492,0.6757,0.6758,14.40,10.40
2007.07.31 05:59:41.647,0.6757,0.6758,22.40,10.40
2007.07.31 05:59:41.949,0.6757,0.6758,22.40,2.40
2007.07.31 05:59:42.682,0.6757,0.6758,22.40,10.40
2007.07.31 05:59:42.704,0.6757,0.6758,22.40,12.80
2007.07.31 05:59:42.800,0.6757,0.6758,18.40,16.80
2007.07.31 05:59:43.310,0.6757,0.6758,10.40,24.80
2007.07.31 05:59:43.905,0.6757,0.6758,14.40,24.80
2007.07.31 05:59:43.975,0.6757,0.6758,14.40,22.40
2007.07.31 05:59:44.034,0.6757,0.6758,14.40,14.40
2007.07.31 05:59:45.270,0.6757,0.6758,6.40,14.40
2007.07.31 05:59:46.658,0.6757,0.6758,4.00,14.40
2007.07.31 05:59:47.478,0.6757,0.6758,12.00,14.40
2007.07.31 05:59:47.493,0.6757,0.6758,14.40,14.40
2007.07.31 05:59:48.253,0.6757,0.6758,22.40,14.40
2007.07.31 05:59:48.424,0.6757,0.6758,22.40,10.40
2007.07.31 05:59:48.895,0.6757,0.6758,14.40,10.40
2007.07.31 05:59:48.923,0.6757,0.6758,14.40,14.40
2007.07.31 05:59:55.351,0.6757,0.6758,6.40,14.40
2007.07.31 05:59:56.169,0.6757,0.6758,14.40,14.40
2007.07.31 05:59:57.228,0.6757,0.6758,6.40,14.40
2007.07.31 05:59:57.416,0.6757,0.6758,14.40,14.40
