2016.06.23 04:00:05.569,0.7666,0.76672,1.50,1.50
2016.06.23 04:00:06.077,0.7666,0.76672,1.87,1.50
2016.06.23 04:00:24.332,0.7666,0.76672,3.22,1.50
2016.06.23 04:00:26.831,0.7666,0.76672,2.05,1.50
2016.06.23 04:00:27.204,0.76663,0.76673,2.47,1.50
2016.06.23 04:00:27.306,0.76666,0.76676,1.00,1.50
2016.06.23 04:00:27.509,0.76667,0.76676,2.25,1.50
2016.06.23 04:00:28.047,0.76666,0.76677,1.75,1.50
2016.06.23 04:00:28.586,0.76667,0.76677,1.00,1.50
2016.06.23 04:00:31.487,0.76666,0.76677,1.00,1.50
2016.06.23 04:00:32.690,0.76665,0.76677,1.00,1.50
2016.06.23 04:00:33.200,0.76664,0.76676,1.00,1.50
2016.06.23 04:00:37.725,0.76665,0.76676,1.00,1.50
2016.06.23 04:00:41.095,0.76664,0.76676,1.00,1.50
2016.06.23 04:00:43.727,0.76662,0.76676,2.25,1.50
2016.06.23 04:00:44.235,0.76661,0.76675,1.12,1.50
2016.06.23 04:00:44.727,0.76663,0.76677,1.50,1.00
2016.06.23 04:00:45.266,0.76663,0.76678,1.50,2.62
2016.06.23 04:00:50.284,0.76663,0.76678,1.50,3.37
2016.06.23 04:00:50.436,0.76663,0.76678,1.50,1.50
2016.06.23 04:00:52.107,0.76663,0.76676,1.50,1.00
2016.06.23 04:00:53.308,0.76663,0.76678,1.50,2.25
2016.06.23 04:00:53.820,0.7666,0.76676,2.25,1.50
2016.06.23 04:00:54.175,0.7666,0.76675,1.87,1.37
2016.06.23 04:00:54.550,0.76657,0.76672,1.12,1.50
2016.06.23 04:00:55.064,0.76656,0.76671,1.50,1.00
2016.06.23 04:00:55.593,0.76655,0.76671,3.22,3.00
2016.06.23 04:00:56.115,0.76654,0.76669,1.87,1.12
2016.06.23 04:00:59.571,0.76654,0.76669,1.87,1.87
2016.06.23 04:01:03.061,0.76654,0.76666,1.50,1.00
2016.06.23 04:01:06.272,0.76656,0.76666,1.50,1.00
2016.06.23 04:01:08.382,0.76654,0.76666,1.50,1.00
2016.06.23 04:01:08.963,0.76653,0.76666,1.50,1.00
2016.06.23 04:01:09.064,0.76651,0.76664,1.00,1.50
2016.06.23 04:01:09.571,0.76649,0.76664,1.87,2.62
2016.06.23 04:01:10.063,0.76649,0.76664,1.50,2.62
2016.06.23 04:01:11.477,0.76649,0.76664,1.87,2.62
2016.06.23 04:01:13.310,0.76649,0.76664,1.87,2.25
2016.06.23 04:01:14.774,0.7665,0.76665,1.50,4.12
2016.06.23 04:01:15.384,0.76649,0.76664,2.25,1.50
2016.06.23 04:01:17.095,0.76649,0.76664,2.25,1.50
2016.06.23 04:01:21.138,0.76649,0.76664,1.87,1.50
2016.06.23 04:01:26.104,0.76649,0.76664,3.00,1.50
2016.06.23 04:01:28.241,0.76649,0.76664,1.50,1.50
2016.06.23 04:01:31.366,0.76649,0.76664,1.87,1.87
2016.06.23 04:01:31.575,0.76652,0.76665,1.50,2.25
2016.06.23 04:01:31.879,0.76652,0.76666,1.50,4.72
2016.06.23 04:01:34.265,0.76652,0.76666,1.50,4.72
2016.06.23 04:01:35.736,0.76652,0.76666,1.50,4.72
2016.06.23 04:01:37.195,0.76651,0.76664,1.50,1.00
2016.06.23 04:01:40.043,0.76651,0.76665,1.50,2.25
2016.06.23 04:01:41.176,0.76651,0.76665,1.87,1.50
2016.06.23 04:01:42.033,0.76651,0.76665,1.50,2.47
2016.06.23 04:01:45.236,0.76651,0.76663,1.50,1.50
2016.06.23 04:01:45.674,0.76649,0.76663,2.25,1.50
2016.06.23 04:01:51.947,0.76649,0.76661,1.50,1.50
2016.06.23 04:01:55.521,0.76646,0.7666,1.87,1.50
2016.06.23 04:01:55.726,0.76646,0.76658,1.87,1.50
2016.06.23 04:01:56.146,0.76646,0.7666,2.62,1.50
2016.06.23 04:01:56.754,0.76646,0.76659,1.00,1.50
2016.06.23 04:01:58.421,0.76647,0.76658,1.50,1.50
2016.06.23 04:01:58.966,0.76646,0.76658,1.00,1.50
2016.06.23 04:02:02.497,0.76647,0.76658,1.00,1.50
2016.06.23 04:02:03.129,0.76647,0.76659,1.00,1.50
2016.06.23 04:02:03.678,0.76646,0.76659,2.25,1.50
2016.06.23 04:02:08.175,0.76648,0.76658,1.50,1.50
2016.06.23 04:02:09.658,0.76646,0.76659,2.25,1.50
2016.06.23 04:02:13.352,0.76647,0.76659,1.50,1.50
2016.06.23 04:02:14.170,0.76647,0.7666,2.25,1.50
2016.06.23 04:02:16.122,0.76646,0.7666,2.62,1.50
2016.06.23 04:02:16.173,0.76646,0.7666,3.00,1.50
2016.06.23 04:02:16.781,0.76647,0.7666,3.00,1.50
2016.06.23 04:02:17.947,0.76649,0.76659,1.12,1.50
2016.06.23 04:02:18.470,0.76649,0.7666,2.62,1.50
2016.06.23 04:02:18.973,0.76649,0.7666,2.62,1.50
2016.06.23 04:02:19.529,0.76649,0.7666,1.75,1.50
2016.06.23 04:02:21.197,0.7665,0.7666,1.12,1.50
2016.06.23 04:02:32.603,0.76651,0.7666,1.12,1.50
2016.06.23 04:02:33.144,0.76651,0.76659,1.00,1.50
2016.06.23 04:02:34.091,0.76648,0.76659,1.37,1.50
2016.06.23 04:02:34.967,0.76648,0.76659,1.00,1.50
2016.06.23 04:02:35.600,0.76648,0.76658,1.12,1.50
2016.06.23 04:02:36.419,0.76648,0.76657,1.12,1.50
2016.06.23 04:02:36.522,0.7665,0.76657,1.00,1.50
2016.06.23 04:02:36.726,0.7665,0.76661,1.00,1.00
2016.06.23 04:02:37.624,0.76646,0.7666,1.12,1.00
2016.06.23 04:02:39.029,0.76646,0.7666,1.75,3.00
2016.06.23 04:02:41.422,0.76646,0.76657,1.00,1.50
2016.06.23 04:02:43.526,0.76646,0.76658,1.00,1.50
2016.06.23 04:02:45.604,0.76646,0.76658,1.37,1.50
2016.06.23 04:02:46.113,0.76646,0.76658,1.00,1.50
2016.06.23 04:02:46.673,0.76647,0.76658,1.00,1.50
2016.06.23 04:02:46.856,0.76646,0.76661,3.37,1.42
2016.06.23 04:02:47.358,0.76646,0.76661,1.12,2.62
2016.06.23 04:02:47.731,0.76646,0.76659,1.12,1.50
2016.06.23 04:02:48.293,0.76646,0.76659,1.37,1.50
2016.06.23 04:02:48.547,0.76648,0.76662,1.37,1.50
2016.06.23 04:02:49.054,0.76648,0.76662,1.50,1.50
2016.06.23 04:02:49.910,0.76648,0.76662,1.50,1.50
2016.06.23 04:02:51.652,0.76648,0.76661,1.37,1.50
2016.06.23 04:02:53.570,0.76648,0.76662,1.37,1.50
2016.06.23 04:02:54.075,0.76648,0.76663,1.37,1.50
2016.06.23 04:02:54.577,0.76648,0.76663,1.50,1.50
2016.06.23 04:02:56.230,0.76648,0.76663,1.50,1.50
2016.06.23 04:02:56.339,0.76648,0.76661,1.12,1.50
2016.06.23 04:02:56.852,0.76648,0.7666,1.00,1.50
2016.06.23 04:02:59.553,0.76649,0.7666,1.00,1.50
2016.06.23 04:03:03.952,0.76648,0.7666,1.00,1.50
2016.06.23 04:03:07.580,0.76647,0.76659,1.37,1.50
2016.06.23 04:03:08.087,0.76647,0.7666,1.37,1.50
2016.06.23 04:03:08.664,0.76645,0.7666,1.75,1.50
2016.06.23 04:03:12.843,0.76646,0.7666,1.75,2.25
2016.06.23 04:03:13.098,0.76647,0.76662,1.75,1.50
2016.06.23 04:03:13.302,0.76648,0.76663,1.37,1.87
2016.06.23 04:03:13.506,0.76648,0.76662,2.62,1.50
2016.06.23 04:03:14.045,0.76648,0.76662,1.37,2.25
2016.06.23 04:03:14.198,0.76648,0.76662,1.12,1.50
2016.06.23 04:03:14.706,0.76648,0.76661,1.00,1.50
2016.06.23 04:03:15.591,0.76648,0.76661,1.37,1.50
2016.06.23 04:03:23.612,0.76649,0.76662,1.12,1.50
2016.06.23 04:03:25.613,0.76648,0.76661,1.37,1.50
2016.06.23 04:03:26.120,0.76648,0.76661,1.12,1.50
2016.06.23 04:03:27.509,0.76647,0.76661,1.75,1.50
2016.06.23 04:03:28.016,0.76648,0.76662,1.12,1.50
2016.06.23 04:03:28.522,0.76648,0.76662,1.37,1.50
2016.06.23 04:03:30.330,0.76648,0.76663,1.50,1.87
2016.06.23 04:03:31.045,0.76649,0.76665,1.75,3.37
2016.06.23 04:03:31.400,0.7665,0.76665,1.37,3.00
2016.06.23 04:03:31.928,0.7665,0.76664,1.37,1.50
2016.06.23 04:03:33.443,0.7665,0.76664,1.12,1.50
2016.06.23 04:03:33.647,0.76649,0.7666,1.75,1.50
2016.06.23 04:03:34.813,0.76648,0.76662,2.25,1.50
2016.06.23 04:03:35.321,0.7665,0.76661,1.37,1.50
2016.06.23 04:03:36.456,0.7665,0.76661,1.12,1.50
2016.06.23 04:03:37.454,0.7665,0.7666,1.00,1.50
2016.06.23 04:03:37.961,0.76647,0.7666,1.75,1.50
2016.06.23 04:03:40.369,0.76647,0.7666,1.87,1.50
2016.06.23 04:03:40.471,0.76646,0.7666,1.75,1.50
2016.06.23 04:03:40.777,0.76647,0.76658,1.00,1.50
2016.06.23 04:03:41.737,0.76649,0.76658,1.00,1.50
2016.06.23 04:03:44.659,0.76648,0.76658,1.00,1.50
2016.06.23 04:03:47.027,0.76648,0.7666,1.12,1.50
2016.06.23 04:03:47.230,0.76648,0.76657,1.00,1.50
2016.06.23 04:03:47.738,0.76645,0.76658,1.12,1.50
2016.06.23 04:03:48.785,0.76648,0.76658,1.00,1.50
2016.06.23 04:03:49.287,0.76648,0.76659,1.00,1.50
2016.06.23 04:03:52.551,0.76648,0.76659,1.37,1.50
2016.06.23 04:03:53.087,0.76648,0.76659,1.00,1.50
2016.06.23 04:03:53.646,0.76648,0.76658,1.00,1.50
2016.06.23 04:03:55.356,0.76648,0.76658,1.37,1.50
2016.06.23 04:03:56.059,0.76648,0.7666,1.37,1.50
2016.06.23 04:03:56.263,0.76649,0.76662,1.12,2.62
2016.06.23 04:03:56.367,0.76649,0.7666,1.00,1.50
2016.06.23 04:03:56.859,0.76649,0.76662,1.00,1.50
2016.06.23 04:03:59.236,0.76648,0.76662,1.50,1.50
2016.06.23 04:04:02.665,0.76648,0.7666,1.37,1.50
2016.06.23 04:04:03.172,0.76648,0.7666,1.12,1.50
2016.06.23 04:04:03.864,0.76648,0.76662,3.00,1.50
2016.06.23 04:04:03.967,0.7665,0.76665,1.37,4.12
2016.06.23 04:04:04.140,0.76649,0.76665,3.00,2.85
2016.06.23 04:04:05.010,0.76649,0.76665,2.25,1.50
2016.06.23 04:04:05.682,0.76651,0.76662,1.12,1.50
2016.06.23 04:04:07.334,0.7665,0.76662,1.00,1.50
2016.06.23 04:04:08.362,0.76648,0.76662,3.00,1.50
2016.06.23 04:04:08.869,0.76648,0.76661,1.50,1.50
2016.06.23 04:04:12.288,0.76648,0.76661,1.37,1.50
2016.06.23 04:04:12.818,0.76649,0.76662,1.00,1.50
2016.06.23 04:04:13.770,0.76648,0.76662,2.25,1.50
2016.06.23 04:04:16.927,0.76649,0.76663,1.12,1.50
2016.06.23 04:04:17.234,0.76649,0.76665,2.62,1.87
2016.06.23 04:04:26.019,0.76652,0.76664,1.87,1.50
2016.06.23 04:04:26.306,0.76652,0.76666,1.87,3.37
2016.06.23 04:04:29.407,0.76654,0.76666,1.50,1.50
2016.06.23 04:04:29.560,0.76654,0.76668,1.87,2.62
2016.06.23 04:04:30.079,0.76656,0.76669,1.50,1.37
2016.06.23 04:04:30.587,0.76655,0.76669,2.62,3.60
2016.06.23 04:04:31.109,0.76655,0.76669,2.62,1.72
2016.06.23 04:04:33.076,0.76655,0.76668,1.12,1.00
2016.06.23 04:04:33.586,0.76655,0.76669,1.37,3.00
2016.06.23 04:04:34.461,0.76655,0.76668,1.37,1.00
2016.06.23 04:04:35.575,0.76655,0.76668,2.62,1.50
2016.06.23 04:04:35.676,0.76655,0.76669,1.50,3.60
2016.06.23 04:04:39.738,0.76655,0.76669,1.50,1.50
2016.06.23 04:04:40.258,0.76655,0.76669,1.12,1.50
2016.06.23 04:04:41.153,0.76654,0.76668,3.75,1.00
2016.06.23 04:04:44.660,0.76654,0.76667,1.50,2.25
2016.06.23 04:04:58.672,0.76654,0.76665,1.12,1.50
2016.06.23 04:04:59.220,0.76654,0.76665,1.37,1.50
2016.06.23 04:04:59.770,0.76654,0.76666,1.37,1.50
2016.06.23 04:05:00.296,0.76653,0.76665,1.12,1.50
2016.06.23 04:05:00.806,0.76652,0.76664,1.37,1.50
2016.06.23 04:05:01.347,0.76653,0.76665,1.00,1.50
2016.06.23 04:05:01.400,0.76653,0.76665,1.37,1.50
2016.06.23 04:05:04.003,0.76653,0.76665,1.87,1.50
2016.06.23 04:05:05.149,0.76651,0.76663,3.75,1.50
2016.06.23 04:05:05.665,0.76651,0.76662,1.75,1.50
2016.06.23 04:05:08.498,0.76651,0.76662,1.37,1.50
2016.06.23 04:05:09.011,0.76651,0.76662,1.12,1.50
2016.06.23 04:05:10.146,0.76652,0.76662,1.00,1.50
2016.06.23 04:05:13.011,0.76651,0.76663,3.00,1.50
2016.06.23 04:05:13.114,0.76651,0.76665,3.75,1.50
2016.06.23 04:05:13.623,0.76652,0.76666,2.25,1.50
2016.06.23 04:05:15.673,0.76651,0.76665,3.75,1.50
2016.06.23 04:05:26.527,0.76652,0.76664,1.75,1.50
2016.06.23 04:05:26.578,0.76652,0.76664,1.12,1.50
2016.06.23 04:05:36.364,0.76652,0.76663,1.12,1.50
2016.06.23 04:05:36.821,0.76649,0.76662,1.37,1.50
2016.06.23 04:05:37.793,0.76649,0.76662,1.00,1.50
2016.06.23 04:05:41.015,0.7665,0.76662,1.00,1.50
2016.06.23 04:05:44.353,0.76649,0.76662,2.25,1.50
2016.06.23 04:05:46.532,0.76649,0.76662,2.25,1.50
2016.06.23 04:05:48.973,0.76649,0.76662,2.62,1.50
2016.06.23 04:05:51.526,0.76648,0.76662,1.00,2.25
2016.06.23 04:05:51.577,0.76648,0.76659,1.00,1.50
2016.06.23 04:05:51.884,0.76648,0.76656,1.37,1.50
2016.06.23 04:05:52.444,0.76648,0.76657,1.37,1.50
2016.06.23 04:05:52.953,0.76648,0.76657,1.00,1.50
2016.06.23 04:05:53.874,0.76648,0.76656,2.25,1.50
2016.06.23 04:06:00.758,0.76647,0.76658,2.25,1.50
2016.06.23 04:06:01.556,0.76645,0.76656,3.37,1.50
2016.06.23 04:06:01.660,0.76645,0.76659,1.12,2.25
2016.06.23 04:06:01.762,0.76645,0.76656,2.62,1.50
2016.06.23 04:06:01.865,0.76645,0.76658,2.62,1.50
2016.06.23 04:06:02.372,0.76648,0.76657,1.00,1.50
2016.06.23 04:06:07.099,0.76645,0.76657,1.12,1.50
2016.06.23 04:06:07.647,0.76645,0.76658,2.62,1.50
2016.06.23 04:06:08.163,0.76646,0.76658,1.75,1.50
2016.06.23 04:06:08.693,0.76648,0.76658,1.00,1.50
2016.06.23 04:06:14.217,0.76645,0.76656,1.12,1.50
2016.06.23 04:06:14.319,0.76644,0.76657,1.87,1.00
2016.06.23 04:06:14.472,0.76643,0.76656,2.25,2.25
2016.06.23 04:06:14.830,0.76643,0.76653,1.50,1.00
2016.06.23 04:06:15.368,0.76642,0.76654,1.50,2.25
2016.06.23 04:06:16.014,0.76644,0.76653,1.50,1.50
2016.06.23 04:06:19.176,0.76643,0.76656,1.50,3.75
2016.06.23 04:06:19.683,0.76642,0.76656,1.50,1.00
2016.06.23 04:06:20.023,0.76642,0.76653,1.50,1.50
2016.06.23 04:06:20.200,0.76639,0.76654,2.25,2.25
2016.06.23 04:06:21.657,0.76639,0.76653,1.87,1.00
2016.06.23 04:06:24.252,0.76639,0.76654,1.50,2.25
2016.06.23 04:06:28.645,0.76639,0.76654,2.25,1.50
2016.06.23 04:06:31.544,0.7664,0.76654,2.62,1.50
2016.06.23 04:06:32.104,0.76641,0.76654,1.00,1.00
2016.06.23 04:06:33.065,0.7664,0.76655,2.62,2.25
2016.06.23 04:06:33.709,0.76641,0.76655,1.00,2.25
2016.06.23 04:06:34.678,0.76641,0.76654,1.50,1.00
2016.06.23 04:06:35.212,0.76641,0.76655,1.87,1.00
2016.06.23 04:06:35.763,0.76641,0.76654,2.62,1.00
2016.06.23 04:06:38.947,0.76641,0.76655,1.50,1.00
2016.06.23 04:06:39.473,0.7664,0.76655,1.50,1.00
2016.06.23 04:06:40.262,0.7664,0.76655,3.00,1.00
2016.06.23 04:06:43.151,0.7664,0.76654,1.87,1.00
2016.06.23 04:06:46.080,0.7664,0.76654,2.25,1.50
2016.06.23 04:06:46.587,0.7664,0.76654,1.87,1.50
2016.06.23 04:06:51.071,0.7664,0.76654,1.87,1.50
2016.06.23 04:06:51.613,0.76641,0.76655,1.87,1.50
2016.06.23 04:06:52.136,0.76641,0.76654,1.87,1.50
2016.06.23 04:07:00.273,0.7664,0.76655,1.00,2.25
2016.06.23 04:07:02.556,0.7664,0.76654,1.00,1.50
2016.06.23 04:07:03.132,0.76638,0.76653,2.25,1.50
2016.06.23 04:07:04.710,0.76639,0.76652,1.00,1.00
2016.06.23 04:07:07.643,0.7664,0.76653,1.87,2.25
2016.06.23 04:07:08.153,0.7664,0.76653,1.50,2.25
2016.06.23 04:07:09.103,0.7664,0.76652,1.87,1.00
2016.06.23 04:07:10.500,0.7664,0.76651,1.50,1.00
2016.06.23 04:07:10.704,0.76638,0.76651,1.00,2.25
2016.06.23 04:07:14.653,0.76637,0.76651,2.25,2.25
2016.06.23 04:07:15.242,0.76637,0.76651,2.25,1.50
2016.06.23 04:07:18.822,0.76637,0.76651,2.25,1.50
2016.06.23 04:07:19.350,0.76637,0.76651,2.25,1.50
2016.06.23 04:07:19.862,0.76638,0.7665,1.00,1.00
2016.06.23 04:07:21.888,0.76637,0.76651,3.00,2.62
2016.06.23 04:07:23.084,0.76636,0.76651,1.50,2.25
2016.06.23 04:07:23.591,0.76638,0.76651,1.00,1.50
2016.06.23 04:07:26.757,0.76635,0.76651,3.37,1.50
2016.06.23 04:07:32.103,0.76636,0.76651,1.37,1.50
2016.06.23 04:07:32.306,0.76636,0.76651,2.62,1.50
2016.06.23 04:07:32.509,0.76639,0.76653,1.87,1.87
2016.06.23 04:07:33.018,0.7664,0.76654,1.87,1.50
2016.06.23 04:07:33.554,0.7664,0.76655,3.00,2.62
2016.06.23 04:07:35.284,0.7664,0.76655,3.00,2.25
2016.06.23 04:07:35.899,0.76639,0.76654,2.25,2.25
2016.06.23 04:07:36.450,0.76638,0.76653,3.00,1.50
2016.06.23 04:07:38.273,0.76638,0.76653,3.75,2.25
2016.06.23 04:07:40.012,0.7664,0.76652,1.00,1.50
2016.06.23 04:07:45.113,0.76638,0.76652,3.75,1.50
2016.06.23 04:07:45.921,0.76637,0.76652,2.62,1.50
2016.06.23 04:07:46.226,0.76639,0.7665,2.25,1.50
2016.06.23 04:07:46.429,0.76638,0.76651,1.50,1.50
2016.06.23 04:07:47.224,0.76638,0.7665,2.62,1.50
2016.06.23 04:07:47.763,0.76638,0.76651,1.12,1.50
2016.06.23 04:07:52.741,0.76637,0.7665,1.87,1.50
2016.06.23 04:07:55.180,0.76637,0.7665,2.25,1.50
2016.06.23 04:07:55.714,0.76638,0.76651,1.87,1.50
2016.06.23 04:08:00.253,0.76638,0.76651,1.87,1.50
2016.06.23 04:08:00.508,0.76637,0.76651,1.00,2.25
2016.06.23 04:08:01.056,0.76636,0.76651,1.12,2.25
2016.06.23 04:08:05.179,0.76636,0.76651,1.87,1.50
2016.06.23 04:08:08.783,0.76636,0.76649,1.87,1.50
2016.06.23 04:08:08.835,0.76636,0.76649,1.00,1.50
2016.06.23 04:08:09.397,0.76635,0.76649,2.25,1.50
2016.06.23 04:08:09.498,0.76636,0.76649,1.12,1.50
2016.06.23 04:08:10.045,0.76636,0.7665,2.25,2.25
2016.06.23 04:08:11.933,0.76636,0.7665,2.25,1.50
2016.06.23 04:08:12.476,0.76636,0.7665,1.50,1.50
2016.06.23 04:08:13.929,0.76637,0.7665,2.25,2.25
2016.06.23 04:08:14.455,0.76638,0.7665,1.87,1.50
2016.06.23 04:08:14.983,0.76637,0.76651,2.25,2.62
2016.06.23 04:08:15.531,0.76635,0.7665,3.37,1.50
2016.06.23 04:08:17.720,0.76635,0.7665,3.37,2.25
2016.06.23 04:08:18.320,0.76635,0.7665,3.37,1.50
2016.06.23 04:08:19.541,0.76635,0.7665,3.37,1.50
2016.06.23 04:08:20.175,0.76635,0.76649,1.87,1.50
2016.06.23 04:08:20.682,0.76636,0.76649,1.87,1.50
2016.06.23 04:08:24.215,0.76635,0.7665,1.00,2.25
2016.06.23 04:08:25.815,0.76634,0.7665,3.00,2.25
2016.06.23 04:08:26.389,0.76634,0.76649,3.00,1.00
2016.06.23 04:08:30.169,0.76635,0.7665,1.87,2.25
2016.06.23 04:08:35.844,0.76635,0.76649,2.10,1.00
2016.06.23 04:08:36.411,0.76635,0.7665,1.87,2.25
2016.06.23 04:08:38.227,0.76635,0.7665,1.87,2.25
2016.06.23 04:08:39.920,0.76637,0.7665,1.50,1.50
2016.06.23 04:08:40.470,0.76637,0.7665,1.87,2.25
2016.06.23 04:08:45.365,0.76636,0.7665,1.87,1.00
2016.06.23 04:08:50.195,0.76635,0.76649,3.00,1.00
2016.06.23 04:08:54.924,0.76636,0.7665,1.00,2.25
2016.06.23 04:09:00.120,0.76638,0.76651,1.50,2.25
2016.06.23 04:09:00.657,0.76636,0.7665,3.00,1.00
2016.06.23 04:09:01.180,0.76636,0.7665,1.50,1.00
2016.06.23 04:09:02.428,0.76636,0.76649,1.37,1.00
2016.06.23 04:09:06.860,0.76636,0.76649,1.12,1.00
2016.06.23 04:09:07.381,0.76636,0.7665,1.12,1.00
2016.06.23 04:09:10.193,0.76636,0.76649,2.62,1.00
2016.06.23 04:09:11.893,0.76636,0.7665,2.62,1.00
2016.06.23 04:09:12.401,0.76637,0.7665,1.87,1.00
2016.06.23 04:09:12.936,0.76636,0.76651,3.00,3.00
2016.06.23 04:09:15.178,0.76636,0.76651,1.87,3.00
2016.06.23 04:09:15.515,0.76635,0.76649,3.37,1.00
2016.06.23 04:09:16.290,0.76636,0.76649,2.25,1.00
2016.06.23 04:09:16.799,0.76636,0.7665,3.00,1.00
2016.06.23 04:09:17.307,0.76637,0.7665,1.50,1.00
2016.06.23 04:09:21.733,0.76636,0.76651,3.75,2.25
2016.06.23 04:09:22.242,0.76636,0.7665,2.25,1.00
2016.06.23 04:09:24.324,0.76637,0.76649,1.87,1.00
2016.06.23 04:09:24.832,0.76637,0.7665,2.25,1.00
2016.06.23 04:09:25.944,0.76637,0.76649,1.87,1.00
2016.06.23 04:09:26.248,0.7664,0.76652,1.50,2.25
2016.06.23 04:09:26.765,0.76641,0.76652,1.50,2.25
2016.06.23 04:09:27.273,0.7664,0.76652,1.50,1.50
2016.06.23 04:09:33.880,0.7664,0.76653,1.50,2.25
2016.06.23 04:09:34.207,0.76642,0.76653,1.50,2.25
2016.06.23 04:09:36.243,0.76641,0.76653,1.50,2.25
2016.06.23 04:09:36.751,0.76642,0.76653,1.50,1.00
2016.06.23 04:09:37.614,0.76641,0.76653,1.50,1.00
2016.06.23 04:09:38.404,0.76643,0.76652,1.50,1.50
2016.06.23 04:09:38.506,0.76639,0.76652,2.25,1.50
2016.06.23 04:09:38.659,0.76639,0.76654,2.25,1.00
2016.06.23 04:09:39.189,0.76639,0.76655,3.00,2.25
2016.06.23 04:09:43.776,0.76639,0.76654,3.00,1.00
2016.06.23 04:09:44.274,0.76641,0.76655,1.50,1.50
2016.06.23 04:09:44.579,0.76645,0.76656,1.50,1.50
2016.06.23 04:09:45.115,0.76644,0.76655,1.87,1.50
2016.06.23 04:09:46.830,0.76644,0.76656,1.87,1.50
2016.06.23 04:09:47.415,0.76645,0.76656,1.50,1.50
2016.06.23 04:10:01.210,0.76645,0.76656,1.87,2.25
2016.06.23 04:10:01.714,0.76645,0.76656,1.50,1.50
2016.06.23 04:10:06.160,0.76644,0.76655,1.87,1.50
2016.06.23 04:10:06.262,0.76643,0.76657,5.47,1.50
2016.06.23 04:10:06.364,0.76643,0.76657,3.37,1.50
2016.06.23 04:10:06.568,0.76645,0.76655,1.50,1.50
2016.06.23 04:10:06.872,0.76641,0.76655,2.25,1.50
2016.06.23 04:10:07.380,0.76641,0.76656,2.25,2.25
2016.06.23 04:10:11.263,0.76641,0.76656,1.12,3.00
2016.06.23 04:10:11.364,0.76641,0.76656,1.75,3.00
2016.06.23 04:10:11.907,0.76641,0.76656,1.75,3.00
2016.06.23 04:10:15.365,0.76641,0.76656,2.25,1.50
2016.06.23 04:10:21.476,0.76641,0.76656,1.50,1.50
2016.06.23 04:10:22.057,0.7664,0.76656,4.50,1.50
2016.06.23 04:10:23.621,0.76643,0.76657,1.00,2.25
2016.06.23 04:10:24.129,0.76641,0.76657,3.00,2.25
2016.06.23 04:10:25.250,0.76643,0.76657,1.00,2.25
2016.06.23 04:10:28.468,0.76641,0.76657,3.00,1.50
2016.06.23 04:10:28.773,0.76642,0.76656,1.00,1.50
2016.06.23 04:10:29.320,0.7664,0.76656,6.37,3.00
2016.06.23 04:10:29.921,0.7664,0.76656,3.75,1.50
2016.06.23 04:10:33.596,0.76641,0.76656,1.75,2.25
2016.06.23 04:10:34.403,0.7664,0.76655,1.87,2.25
2016.06.23 04:10:34.577,0.76641,0.76654,1.00,1.50
2016.06.23 04:10:34.731,0.76639,0.76653,1.12,1.00
2016.06.23 04:10:35.265,0.76639,0.76652,1.37,1.00
2016.06.23 04:10:35.772,0.76638,0.76653,1.37,1.00
2016.06.23 04:10:40.774,0.76638,0.76653,1.00,1.00
2016.06.23 04:10:41.706,0.76637,0.76653,3.37,1.00
2016.06.23 04:10:42.237,0.76637,0.76652,3.37,1.00
2016.06.23 04:10:42.880,0.76637,0.76653,3.00,1.00
2016.06.23 04:10:45.386,0.76639,0.76653,1.87,1.00
2016.06.23 04:10:45.708,0.7664,0.76655,1.00,2.25
2016.06.23 04:10:46.317,0.76639,0.76654,1.75,2.25
2016.06.23 04:10:46.420,0.76639,0.76653,1.12,1.00
2016.06.23 04:10:46.929,0.76639,0.76652,1.12,1.00
2016.06.23 04:10:47.032,0.76637,0.76654,3.37,2.25
2016.06.23 04:10:47.539,0.76637,0.76653,3.00,1.00
2016.06.23 04:10:47.641,0.76639,0.76651,1.00,1.00
2016.06.23 04:10:48.149,0.76636,0.76652,2.62,2.25
2016.06.23 04:10:50.294,0.76636,0.76652,2.25,2.25
2016.06.23 04:10:52.812,0.76636,0.76652,3.37,2.25
2016.06.23 04:10:53.323,0.76641,0.76652,1.50,2.25
2016.06.23 04:10:54.516,0.76641,0.76653,1.50,2.25
2016.06.23 04:10:58.221,0.7664,0.76652,1.50,2.25
2016.06.23 04:10:58.729,0.76641,0.76653,1.50,2.25
2016.06.23 04:10:59.248,0.76641,0.76652,1.50,1.00
2016.06.23 04:10:59.759,0.76641,0.76651,1.50,1.00
2016.06.23 04:11:00.213,0.76637,0.76652,1.72,2.25
2016.06.23 04:11:00.264,0.76636,0.7665,2.62,1.00
2016.06.23 04:11:01.178,0.76635,0.7665,2.25,1.00
2016.06.23 04:11:01.852,0.76635,0.76651,2.25,2.25
2016.06.23 04:11:02.157,0.7664,0.7665,1.50,1.50
2016.06.23 04:11:09.538,0.7664,0.76651,1.50,2.25
2016.06.23 04:11:12.645,0.7664,0.7665,1.50,1.00
2016.06.23 04:11:13.162,0.7664,0.76651,1.50,1.50
2016.06.23 04:11:20.582,0.76641,0.76652,1.50,1.50
2016.06.23 04:11:21.091,0.76642,0.76653,1.50,1.50
2016.06.23 04:11:31.584,0.76642,0.76652,1.50,1.00
2016.06.23 04:11:39.183,0.76639,0.76652,1.50,1.00
2016.06.23 04:11:39.285,0.76638,0.7665,1.00,1.00
2016.06.23 04:11:39.798,0.76637,0.76651,2.25,1.00
2016.06.23 04:11:40.704,0.76637,0.76652,2.25,1.00
2016.06.23 04:11:45.182,0.76637,0.76651,2.25,1.00
2016.06.23 04:11:47.874,0.76637,0.76652,1.87,1.00
2016.06.23 04:11:48.179,0.76638,0.76652,2.25,1.00
2016.06.23 04:11:48.687,0.76638,0.76653,1.87,1.00
2016.06.23 04:11:49.283,0.76638,0.76653,2.25,1.00
2016.06.23 04:11:49.792,0.7664,0.76653,1.50,1.00
2016.06.23 04:11:50.303,0.76639,0.76653,1.87,1.00
2016.06.23 04:11:51.574,0.76639,0.76652,1.50,1.00
2016.06.23 04:11:52.111,0.76637,0.76653,2.25,2.25
2016.06.23 04:11:52.713,0.76637,0.76653,1.87,2.25
2016.06.23 04:11:53.302,0.76637,0.76652,1.87,1.00
2016.06.23 04:11:53.685,0.76636,0.7665,2.25,1.00
2016.06.23 04:11:54.193,0.76636,0.76651,2.25,1.00
2016.06.23 04:11:54.706,0.76636,0.7665,1.87,1.00
2016.06.23 04:11:55.759,0.76636,0.7665,2.25,1.00
2016.06.23 04:11:55.810,0.76636,0.76652,2.25,2.25
2016.06.23 04:11:57.013,0.76635,0.76651,2.70,1.50
2016.06.23 04:11:58.404,0.76635,0.7665,2.70,1.00
2016.06.23 04:12:00.615,0.76641,0.76649,1.50,1.50
2016.06.23 04:12:00.717,0.76638,0.7665,1.00,1.50
2016.06.23 04:12:00.819,0.7664,0.76651,1.50,1.50
2016.06.23 04:12:01.317,0.76641,0.76653,1.50,1.50
2016.06.23 04:12:01.573,0.76638,0.76653,2.25,1.50
2016.06.23 04:12:04.783,0.76638,0.76652,2.25,1.00
2016.06.23 04:12:05.153,0.76639,0.76654,1.87,2.25
2016.06.23 04:12:05.677,0.76639,0.76653,1.87,1.00
2016.06.23 04:12:06.210,0.76639,0.76654,1.87,2.25
2016.06.23 04:12:06.832,0.76641,0.76654,1.50,1.50
2016.06.23 04:12:07.380,0.76638,0.76655,4.12,2.62
2016.06.23 04:12:08.055,0.76638,0.76655,3.37,2.62
2016.06.23 04:12:08.737,0.76638,0.76654,2.25,1.00
2016.06.23 04:12:09.605,0.76638,0.76655,2.25,2.25
2016.06.23 04:12:11.569,0.76639,0.76655,1.00,3.00
2016.06.23 04:12:11.621,0.76639,0.76652,1.00,1.00
2016.06.23 04:12:12.128,0.76637,0.76653,2.62,2.25
2016.06.23 04:12:14.466,0.76642,0.76654,1.50,2.25
2016.06.23 04:12:14.973,0.76643,0.76653,1.50,1.50
2016.06.23 04:12:15.557,0.76644,0.76653,1.50,1.50
2016.06.23 04:12:21.779,0.76643,0.76653,1.50,1.50
2016.06.23 04:12:22.373,0.76643,0.76652,1.50,1.50
2016.06.23 04:12:22.476,0.76641,0.76652,1.50,1.50
2016.06.23 04:12:22.986,0.76641,0.76651,1.50,1.50
2016.06.23 04:12:23.578,0.7664,0.76651,1.50,1.50
2016.06.23 04:12:24.564,0.76639,0.76649,1.50,1.50
2016.06.23 04:12:24.869,0.76641,0.76651,1.50,1.50
2016.06.23 04:12:26.700,0.76642,0.76654,1.50,3.00
2016.06.23 04:12:28.389,0.76642,0.76653,1.50,1.50
2016.06.23 04:12:28.896,0.76642,0.76652,1.50,1.50
2016.06.23 04:12:31.614,0.76643,0.76652,1.50,1.50
2016.06.23 04:12:31.817,0.76641,0.76652,1.50,1.50
2016.06.23 04:12:33.918,0.76643,0.76653,1.37,1.50
2016.06.23 04:12:34.021,0.76643,0.76656,4.72,1.00
2016.06.23 04:12:34.123,0.7665,0.76657,1.50,1.00
2016.06.23 04:12:34.296,0.76644,0.76658,1.00,3.37
2016.06.23 04:12:34.348,0.76641,0.76654,1.50,1.30
2016.06.23 04:12:34.602,0.76635,0.7665,1.00,1.50
2016.06.23 04:12:34.755,0.76635,0.76648,1.12,1.00
2016.06.23 04:12:34.959,0.76634,0.7665,1.87,2.25
2016.06.23 04:12:36.308,0.76634,0.76649,1.37,1.50
2016.06.23 04:12:41.848,0.76634,0.76649,1.12,1.50
2016.06.23 04:12:41.899,0.76635,0.76651,2.25,3.00
2016.06.23 04:12:43.120,0.76638,0.76651,1.50,1.50
2016.06.23 04:12:43.628,0.76639,0.76652,1.50,1.00
2016.06.23 04:12:44.199,0.76639,0.76651,1.50,1.00
2016.06.23 04:12:44.402,0.76637,0.76651,2.25,1.00
2016.06.23 04:12:44.744,0.7664,0.76652,1.50,2.25
2016.06.23 04:12:45.000,0.76637,0.76651,1.00,1.50
2016.06.23 04:12:45.153,0.76635,0.76649,2.10,1.00
2016.06.23 04:12:45.559,0.76634,0.76648,1.12,1.00
2016.06.23 04:12:46.081,0.76635,0.76649,1.50,2.25
2016.06.23 04:12:54.332,0.76634,0.76649,2.62,2.25
2016.06.23 04:13:09.745,0.76635,0.76649,1.50,2.25
2016.06.23 04:13:16.977,0.76632,0.76648,2.25,2.25
2016.06.23 04:13:17.501,0.76633,0.76647,1.00,1.00
2016.06.23 04:13:18.052,0.76634,0.76647,1.50,2.25
2016.06.23 04:13:19.274,0.76632,0.76646,1.00,1.50
2016.06.23 04:13:19.376,0.7663,0.76644,2.62,1.50
2016.06.23 04:13:19.529,0.76628,0.76643,2.25,2.25
2016.06.23 04:13:19.682,0.76628,0.76641,1.50,1.50
2016.06.23 04:13:19.988,0.76629,0.76644,1.50,2.62
2016.06.23 04:13:20.141,0.76627,0.76646,3.00,2.47
2016.06.23 04:13:20.349,0.76631,0.76644,1.50,1.00
2016.06.23 04:13:20.856,0.76629,0.76645,3.97,1.00
2016.06.23 04:13:21.008,0.7663,0.76643,1.35,1.00
2016.06.23 04:13:21.544,0.76629,0.76644,2.85,1.00
2016.06.23 04:13:22.084,0.76629,0.76644,2.47,1.00
2016.06.23 04:13:24.387,0.76629,0.76645,2.85,1.00
2016.06.23 04:13:24.894,0.76629,0.76644,2.85,1.00
2016.06.23 04:13:28.004,0.7663,0.76643,1.00,1.00
2016.06.23 04:13:28.514,0.76629,0.76644,2.85,1.00
2016.06.23 04:13:29.078,0.7663,0.76644,1.50,1.50
2016.06.23 04:13:29.384,0.76631,0.76641,1.30,1.50
2016.06.23 04:13:29.487,0.76628,0.76641,1.12,1.50
2016.06.23 04:13:29.994,0.76628,0.76642,3.00,1.50
2016.06.23 04:13:30.525,0.76628,0.76642,3.00,1.50
2016.06.23 04:13:31.711,0.76628,0.76642,1.12,1.50
2016.06.23 04:13:34.315,0.76628,0.76642,1.37,1.50
2016.06.23 04:13:34.578,0.76631,0.76645,1.87,1.00
2016.06.23 04:13:35.100,0.76631,0.76646,1.87,1.00
2016.06.23 04:13:35.714,0.7663,0.76645,1.87,1.00
2016.06.23 04:13:36.594,0.7663,0.76646,1.87,1.00
2016.06.23 04:13:39.082,0.7663,0.76645,1.87,1.00
2016.06.23 04:13:39.599,0.7663,0.76646,1.87,1.00
2016.06.23 04:13:40.986,0.7663,0.76645,1.87,1.00
2016.06.23 04:13:42.758,0.7663,0.76643,1.87,1.00
2016.06.23 04:13:42.912,0.76628,0.76643,1.00,2.92
2016.06.23 04:13:43.444,0.76626,0.76643,1.50,1.12
2016.06.23 04:13:43.951,0.76626,0.76643,1.12,1.12
2016.06.23 04:13:45.044,0.76629,0.76643,1.50,1.00
2016.06.23 04:13:49.407,0.76628,0.76642,1.50,2.25
2016.06.23 04:13:49.908,0.76629,0.76643,1.50,1.00
2016.06.23 04:13:50.722,0.76629,0.76644,1.50,2.62
2016.06.23 04:13:51.838,0.76629,0.76644,1.50,2.62
2016.06.23 04:13:56.750,0.76629,0.76644,1.50,1.00
2016.06.23 04:13:57.947,0.76629,0.76642,1.50,1.50
2016.06.23 04:14:00.836,0.76629,0.76644,1.50,1.00
2016.06.23 04:14:02.448,0.7663,0.76644,1.50,1.00
2016.06.23 04:14:02.726,0.76632,0.76645,1.50,1.87
2016.06.23 04:14:03.031,0.76631,0.76648,2.25,1.87
2016.06.23 04:14:03.336,0.76632,0.76648,2.47,1.12
2016.06.23 04:14:03.641,0.76635,0.76652,2.25,2.47
2016.06.23 04:14:03.817,0.76635,0.7665,1.50,1.00
2016.06.23 04:14:03.919,0.76633,0.76649,1.50,1.00
2016.06.23 04:14:04.327,0.76632,0.76649,1.87,2.25
2016.06.23 04:14:08.620,0.76634,0.76648,1.87,1.00
2016.06.23 04:14:09.231,0.76634,0.76649,1.50,2.62
2016.06.23 04:14:12.888,0.76634,0.76649,2.25,2.25
2016.06.23 04:14:13.143,0.76634,0.76649,1.50,2.25
2016.06.23 04:14:13.675,0.76634,0.76648,1.50,1.00
2016.06.23 04:14:16.730,0.76634,0.76649,1.50,2.25
2016.06.23 04:14:20.150,0.76635,0.76649,1.50,1.00
2016.06.23 04:14:20.678,0.76636,0.76648,1.50,1.00
2016.06.23 04:14:20.831,0.76636,0.7665,1.50,1.12
2016.06.23 04:14:21.399,0.76636,0.76651,1.50,2.85
2016.06.23 04:14:25.483,0.76636,0.7665,1.50,1.00
2016.06.23 04:14:26.009,0.76636,0.76649,1.50,1.00
2016.06.23 04:14:29.730,0.76636,0.7665,1.50,1.00
2016.06.23 04:14:30.135,0.76636,0.76648,1.50,1.00
2016.06.23 04:14:31.132,0.76636,0.76649,1.50,1.00
2016.06.23 04:14:33.864,0.76636,0.7665,1.50,1.00
2016.06.23 04:14:34.169,0.76637,0.76648,1.50,1.50
2016.06.23 04:14:35.686,0.76636,0.7665,1.50,1.00
2016.06.23 04:14:39.664,0.76636,0.76649,1.50,1.00
2016.06.23 04:14:44.146,0.76635,0.76649,1.50,1.50
2016.06.23 04:14:45.940,0.76634,0.76649,1.50,1.50
2016.06.23 04:14:46.042,0.76633,0.76647,1.50,1.50
2016.06.23 04:14:46.349,0.76633,0.76645,1.50,2.25
2016.06.23 04:14:51.078,0.76632,0.76646,1.50,1.00
2016.06.23 04:15:03.937,0.76633,0.76646,1.50,1.00
2016.06.23 04:15:04.468,0.76633,0.76645,1.50,1.50
2016.06.23 04:15:17.180,0.76633,0.76647,1.50,2.25
2016.06.23 04:15:23.282,0.76631,0.76646,1.87,1.50
2016.06.23 04:15:23.385,0.7663,0.76644,1.50,2.25
2016.06.23 04:15:28.689,0.7663,0.76643,1.50,1.00
2016.06.23 04:15:31.989,0.76629,0.76643,1.50,1.00
2016.06.23 04:15:32.792,0.76629,0.76644,1.50,1.00
2016.06.23 04:15:40.015,0.76629,0.76643,3.00,1.00
2016.06.23 04:15:40.524,0.7663,0.76644,1.50,2.62
2016.06.23 04:15:40.787,0.76627,0.76643,3.37,1.50
2016.06.23 04:15:41.110,0.76629,0.76643,1.50,2.25
2016.06.23 04:15:41.415,0.76631,0.76645,1.50,1.50
2016.06.23 04:15:41.923,0.76632,0.76645,1.50,1.00
2016.06.23 04:15:42.464,0.76632,0.76646,1.50,2.47
2016.06.23 04:15:43.307,0.76634,0.76645,1.50,1.50
2016.06.23 04:15:50.005,0.76632,0.76646,1.50,1.50
2016.06.23 04:15:50.333,0.76634,0.76646,1.50,1.00
2016.06.23 04:15:50.435,0.76635,0.76648,1.50,1.12
2016.06.23 04:15:50.970,0.76636,0.7665,1.50,2.85
2016.06.23 04:15:51.521,0.76635,0.7665,1.50,4.72
2016.06.23 04:15:53.368,0.76635,0.7665,1.50,4.35
2016.06.23 04:15:54.494,0.76635,0.7665,1.50,4.72
2016.06.23 04:16:01.271,0.76635,0.76645,1.50,1.50
2016.06.23 04:16:02.236,0.76635,0.76644,1.50,1.50
2016.06.23 04:16:05.073,0.76634,0.76644,1.50,1.50
2016.06.23 04:16:05.602,0.76635,0.76645,1.50,1.50
2016.06.23 04:16:25.202,0.76634,0.76645,1.50,1.50
2016.06.23 04:16:28.076,0.76631,0.76645,2.62,1.72
2016.06.23 04:16:28.178,0.7663,0.76641,2.62,1.50
2016.06.23 04:16:28.428,0.76631,0.76645,1.00,1.35
2016.06.23 04:16:28.479,0.76633,0.76646,1.50,2.25
2016.06.23 04:16:28.784,0.76636,0.76645,1.50,1.50
2016.06.23 04:16:30.692,0.76634,0.76644,1.50,1.50
2016.06.23 04:16:32.100,0.76633,0.76644,1.50,1.50
2016.06.23 04:16:32.981,0.76634,0.76645,1.50,1.50
2016.06.23 04:16:38.204,0.76633,0.76645,1.50,1.50
2016.06.23 04:16:38.336,0.76632,0.76643,1.50,1.50
2016.06.23 04:16:43.198,0.7663,0.76639,2.62,1.50
2016.06.23 04:16:43.300,0.76629,0.76639,2.25,1.50
2016.06.23 04:16:43.403,0.76629,0.76644,1.50,1.50
2016.06.23 04:16:43.819,0.76629,0.76642,1.87,1.50
2016.06.23 04:16:49.106,0.76629,0.76644,2.62,2.25
2016.06.23 04:16:49.686,0.76631,0.76642,1.50,1.50
2016.06.23 04:16:49.990,0.76629,0.76642,3.37,1.50
2016.06.23 04:16:55.927,0.76629,0.76641,1.50,1.50
2016.06.23 04:16:56.029,0.7663,0.76644,1.00,2.25
2016.06.23 04:16:56.534,0.7663,0.76643,1.00,1.00
2016.06.23 04:16:57.084,0.7663,0.76644,1.50,2.25
2016.06.23 04:16:57.135,0.76629,0.76642,2.62,1.50
2016.06.23 04:17:05.820,0.7663,0.76642,1.50,1.50
2016.06.23 04:17:08.354,0.76632,0.76644,1.50,1.50
2016.06.23 04:17:08.924,0.76631,0.76644,1.00,1.50
2016.06.23 04:17:14.059,0.76631,0.76641,1.87,1.50
2016.06.23 04:17:14.263,0.76632,0.76645,2.25,2.25
2016.06.23 04:17:14.416,0.76634,0.76644,1.50,1.50
2016.06.23 04:17:18.261,0.76632,0.76642,1.50,1.50
2016.06.23 04:17:19.124,0.76634,0.76643,1.50,1.50
2016.06.23 04:17:20.221,0.76632,0.76644,1.50,1.50
2016.06.23 04:17:25.464,0.76632,0.76642,1.50,1.50
2016.06.23 04:17:26.547,0.76632,0.76644,1.50,1.50
2016.06.23 04:17:27.055,0.76634,0.76643,1.50,1.50
2016.06.23 04:17:30.455,0.76632,0.76644,2.25,1.50
2016.06.23 04:17:31.556,0.76632,0.76642,1.50,1.50
2016.06.23 04:17:32.372,0.76632,0.76643,1.50,1.50
2016.06.23 04:17:32.907,0.76633,0.76643,2.25,1.50
2016.06.23 04:17:37.072,0.76632,0.76642,2.25,1.50
2016.06.23 04:17:47.067,0.76631,0.76645,1.87,1.00
2016.06.23 04:17:47.372,0.7663,0.76643,2.85,1.00
2016.06.23 04:17:47.676,0.76634,0.76643,1.50,1.50
2016.06.23 04:17:51.403,0.76632,0.76644,2.25,1.50
2016.06.23 04:17:52.064,0.76633,0.76644,1.50,1.50
2016.06.23 04:17:52.460,0.76635,0.76646,1.50,1.50
2016.06.23 04:17:52.563,0.76634,0.76649,1.00,2.25
2016.06.23 04:17:52.665,0.76633,0.76647,1.87,1.00
2016.06.23 04:17:52.768,0.76633,0.76649,1.87,2.47
2016.06.23 04:17:53.276,0.76633,0.76648,2.47,1.00
2016.06.23 04:17:53.791,0.76633,0.76649,2.47,2.25
2016.06.23 04:17:54.965,0.76634,0.76647,3.00,1.50
2016.06.23 04:18:02.174,0.76634,0.76649,3.00,2.25
2016.06.23 04:18:08.283,0.76634,0.76648,3.00,1.00
2016.06.23 04:18:08.884,0.76634,0.76649,3.37,2.25
2016.06.23 04:18:09.411,0.76634,0.76648,2.62,1.00
2016.06.23 04:18:10.140,0.76636,0.76648,1.00,1.00
2016.06.23 04:18:15.631,0.76635,0.76648,1.00,2.25
2016.06.23 04:18:15.734,0.76633,0.76647,1.00,1.50
2016.06.23 04:18:15.853,0.76635,0.76647,1.00,2.25
2016.06.23 04:18:16.361,0.76635,0.76648,1.00,2.25
2016.06.23 04:18:39.111,0.76635,0.76645,1.00,1.00
2016.06.23 04:18:39.621,0.76635,0.76644,1.00,1.50
2016.06.23 04:18:40.129,0.76635,0.76643,1.00,1.50
2016.06.23 04:18:40.727,0.76635,0.76645,1.00,1.50
2016.06.23 04:18:41.277,0.76635,0.76644,1.00,1.50
2016.06.23 04:18:42.033,0.76635,0.76643,1.00,1.50
2016.06.23 04:18:42.872,0.76635,0.76645,1.00,1.50
2016.06.23 04:18:46.739,0.76635,0.76644,1.00,1.50
2016.06.23 04:18:47.248,0.76635,0.76645,1.00,1.50
2016.06.23 04:18:47.759,0.76635,0.76644,1.00,1.50
2016.06.23 04:18:49.388,0.76635,0.76645,1.00,1.50
2016.06.23 04:18:50.752,0.76635,0.76644,1.00,1.50
2016.06.23 04:18:58.552,0.76635,0.76645,1.00,1.50
2016.06.23 04:19:02.357,0.76635,0.76644,1.00,1.50
2016.06.23 04:19:05.106,0.76635,0.76643,1.00,1.50
2016.06.23 04:19:09.704,0.76635,0.76644,1.00,1.50
2016.06.23 04:19:10.211,0.76635,0.76645,1.00,1.50
2016.06.23 04:19:14.211,0.76635,0.76646,1.00,1.50
2016.06.23 04:19:15.474,0.76635,0.76645,1.00,1.50
2016.06.23 04:19:17.592,0.76635,0.76646,1.00,1.50
2016.06.23 04:19:20.096,0.76635,0.76644,1.00,1.50
2016.06.23 04:19:20.357,0.76633,0.76644,1.50,1.50
2016.06.23 04:19:21.494,0.76633,0.76646,1.00,2.25
2016.06.23 04:19:21.774,0.76632,0.76644,1.12,1.00
2016.06.23 04:19:22.310,0.76632,0.76645,1.12,2.25
2016.06.23 04:19:25.660,0.76632,0.76644,1.00,1.00
2016.06.23 04:19:25.762,0.76632,0.76646,2.25,1.00
2016.06.23 04:19:26.289,0.76632,0.76647,2.25,2.25
2016.06.23 04:19:26.801,0.76633,0.76647,1.50,1.00
2016.06.23 04:19:27.332,0.76634,0.76648,1.00,2.25
2016.06.23 04:19:28.952,0.76634,0.76649,1.00,3.00
2016.06.23 04:19:29.460,0.76635,0.76649,1.00,2.25
2016.06.23 04:19:32.358,0.76635,0.76648,1.00,1.00
2016.06.23 04:19:32.999,0.76635,0.76649,1.00,2.25
2016.06.23 04:19:37.493,0.76635,0.76648,1.00,1.00
2016.06.23 04:19:38.062,0.76635,0.76649,1.00,2.25
2016.06.23 04:19:40.577,0.76635,0.76648,1.50,1.00
2016.06.23 04:19:40.730,0.76636,0.7665,1.00,2.62
2016.06.23 04:19:41.268,0.76635,0.7665,1.87,2.62
2016.06.23 04:19:41.784,0.76635,0.7665,1.87,2.62
2016.06.23 04:19:44.433,0.76635,0.76649,1.87,1.50
2016.06.23 04:19:49.265,0.76636,0.7665,2.62,1.00
2016.06.23 04:19:49.469,0.76637,0.76652,2.62,3.00
2016.06.23 04:19:52.227,0.76637,0.76651,2.62,1.00
2016.06.23 04:19:52.501,0.76637,0.76653,2.62,3.37
2016.06.23 04:19:53.478,0.76637,0.76652,2.62,1.00
2016.06.23 04:19:55.418,0.76637,0.76651,2.25,1.00
2016.06.23 04:19:56.117,0.76636,0.76652,3.00,2.25
2016.06.23 04:20:00.581,0.76637,0.76652,1.00,2.25
2016.06.23 04:20:00.682,0.76639,0.76653,1.50,1.87
2016.06.23 04:20:00.988,0.76641,0.76651,2.25,1.50
2016.06.23 04:20:01.323,0.76643,0.76652,1.00,1.50
2016.06.23 04:20:01.477,0.76643,0.76654,1.00,1.00
2016.06.23 04:20:02.782,0.7664,0.76653,3.22,1.50
2016.06.23 04:20:03.292,0.7664,0.76653,2.62,1.00
2016.06.23 04:20:04.598,0.7664,0.76652,2.62,1.00
2016.06.23 04:20:04.701,0.76638,0.76651,3.00,1.00
2016.06.23 04:20:05.107,0.76638,0.76649,1.12,1.00
2016.06.23 04:20:06.612,0.76638,0.7665,1.00,1.50
2016.06.23 04:20:06.918,0.76636,0.76647,1.87,1.50
2016.06.23 04:20:06.969,0.76636,0.7665,3.37,1.50
2016.06.23 04:20:08.756,0.76636,0.7665,3.00,1.50
2016.06.23 04:20:14.679,0.76636,0.76649,1.50,1.50
2016.06.23 04:20:14.782,0.76635,0.76644,1.12,1.50
2016.06.23 04:20:15.731,0.7663,0.76644,1.87,1.50
2016.06.23 04:20:20.318,0.7663,0.76645,2.25,2.25
2016.06.23 04:20:20.869,0.76631,0.76646,2.25,1.50
2016.06.23 04:20:21.377,0.76631,0.76645,3.00,2.25
2016.06.23 04:20:23.335,0.76631,0.76644,3.00,1.00
2016.06.23 04:20:23.839,0.76631,0.76645,3.75,2.25
2016.06.23 04:20:24.649,0.76631,0.76645,3.37,2.25
2016.06.23 04:20:26.826,0.76631,0.76644,3.37,1.00
2016.06.23 04:20:32.760,0.76631,0.76645,2.62,2.25
2016.06.23 04:20:34.476,0.7663,0.76645,1.87,2.25
2016.06.23 04:20:34.980,0.7663,0.76644,1.12,1.00
2016.06.23 04:20:35.527,0.7663,0.76645,1.12,2.25
2016.06.23 04:20:37.235,0.7663,0.76644,1.87,1.00
2016.06.23 04:20:37.786,0.7663,0.76644,1.50,1.00
2016.06.23 04:20:44.346,0.7663,0.76645,1.50,2.25
2016.06.23 04:20:44.448,0.7663,0.76643,1.50,1.50
2016.06.23 04:20:44.675,0.7663,0.76645,1.50,2.25
2016.06.23 04:20:50.483,0.76631,0.76644,1.50,1.00
2016.06.23 04:20:50.890,0.76632,0.76647,1.00,1.87
2016.06.23 04:20:50.941,0.76634,0.76647,1.00,1.87
2016.06.23 04:20:51.043,0.76636,0.76649,1.12,1.00
2016.06.23 04:20:51.095,0.76636,0.76651,1.50,3.00
2016.06.23 04:20:51.527,0.76638,0.7665,1.50,1.50
2016.06.23 04:20:55.655,0.76639,0.7665,1.50,1.50
2016.06.23 04:21:05.389,0.76638,0.76647,1.00,1.50
2016.06.23 04:21:05.440,0.76639,0.7665,1.50,1.50
2016.06.23 04:21:08.828,0.7664,0.7665,1.00,1.50
2016.06.23 04:21:08.880,0.76641,0.76652,1.50,1.50
2016.06.23 04:21:19.824,0.76642,0.76652,1.00,1.50
2016.06.23 04:21:28.687,0.76647,0.76653,1.00,1.50
2016.06.23 04:21:28.789,0.76647,0.76655,1.00,1.50
2016.06.23 04:21:28.840,0.76644,0.76655,2.25,1.50
2016.06.23 04:21:28.891,0.76644,0.76651,1.00,1.50
2016.06.23 04:21:28.994,0.76644,0.76657,1.12,1.35
2016.06.23 04:21:29.046,0.76644,0.76655,1.00,1.00
2016.06.23 04:21:29.098,0.76642,0.76655,1.00,2.25
2016.06.23 04:21:29.250,0.7664,0.76655,1.50,3.75
2016.06.23 04:21:29.301,0.7664,0.76653,1.00,1.00
2016.06.23 04:21:31.175,0.7664,0.7665,2.25,1.50
2016.06.23 04:21:32.678,0.7664,0.76651,1.00,1.50
2016.06.23 04:21:44.302,0.7664,0.7665,1.00,1.50
2016.06.23 04:21:44.805,0.7664,0.76649,1.00,1.50
2016.06.23 04:21:45.107,0.7664,0.76651,1.00,1.50
2016.06.23 04:21:47.706,0.7664,0.76653,2.25,2.25
2016.06.23 04:21:48.218,0.76641,0.76653,1.00,1.50
2016.06.23 04:21:48.994,0.76644,0.76653,1.00,1.50
2016.06.23 04:21:49.046,0.76644,0.76656,2.25,1.87
2016.06.23 04:21:49.198,0.76646,0.76657,1.00,1.00
2016.06.23 04:21:49.503,0.76648,0.76658,1.50,1.50
2016.06.23 04:21:49.605,0.76649,0.7666,1.50,1.00
2016.06.23 04:21:50.027,0.76649,0.76663,2.25,3.75
2016.06.23 04:21:50.433,0.76652,0.76662,1.50,1.50
2016.06.23 04:21:50.958,0.76651,0.76663,1.50,1.50
2016.06.23 04:21:53.908,0.76649,0.76661,1.00,1.50
2016.06.23 04:21:54.533,0.76649,0.7666,1.00,1.50
2016.06.23 04:22:10.448,0.76648,0.7666,2.25,1.50
2016.06.23 04:22:10.673,0.76651,0.76664,1.00,1.50
2016.06.23 04:22:10.979,0.76655,0.76665,1.00,1.00
2016.06.23 04:22:11.234,0.76658,0.76669,1.00,1.00
2016.06.23 04:22:11.387,0.76658,0.76672,1.12,1.00
2016.06.23 04:22:12.244,0.76658,0.7667,1.50,1.00
2016.06.23 04:22:12.781,0.76658,0.76671,1.50,2.25
2016.06.23 04:22:13.380,0.76659,0.7667,1.50,2.25
2016.06.23 04:22:15.798,0.76658,0.7667,1.50,1.50
2016.06.23 04:22:17.751,0.76658,0.76671,1.50,2.25
2016.06.23 04:22:19.053,0.76658,0.7667,1.50,1.50
2016.06.23 04:22:19.358,0.76658,0.76668,1.00,1.00
2016.06.23 04:22:19.663,0.76658,0.76666,1.00,1.50
2016.06.23 04:22:21.094,0.76656,0.76666,1.00,1.50
2016.06.23 04:22:21.530,0.76656,0.76668,2.25,1.50
2016.06.23 04:22:27.763,0.76658,0.76668,1.00,1.50
2016.06.23 04:22:28.295,0.76658,0.76669,1.00,1.50
2016.06.23 04:22:31.704,0.76658,0.76667,1.00,1.50
2016.06.23 04:22:32.010,0.76654,0.76666,3.00,1.50
2016.06.23 04:22:32.771,0.76653,0.76666,2.25,2.25
2016.06.23 04:22:35.584,0.76655,0.76665,1.50,1.50
2016.06.23 04:22:37.292,0.76654,0.76666,1.50,1.30
2016.06.23 04:22:37.801,0.76654,0.76668,2.25,1.12
2016.06.23 04:22:38.005,0.76656,0.76668,1.50,1.12
2016.06.23 04:22:38.381,0.76654,0.76668,2.25,1.12
2016.06.23 04:22:38.928,0.76661,0.76668,1.00,1.12
2016.06.23 04:22:39.080,0.76662,0.7667,1.50,2.85
2016.06.23 04:22:39.385,0.76662,0.76674,1.50,2.25
2016.06.23 04:22:40.138,0.76662,0.76674,1.87,1.50
2016.06.23 04:22:40.661,0.76663,0.76674,1.00,1.50
2016.06.23 04:22:45.220,0.76661,0.76673,2.62,1.50
2016.06.23 04:22:45.271,0.76661,0.76671,2.25,1.00
2016.06.23 04:22:45.322,0.76657,0.76669,1.50,1.50
2016.06.23 04:22:45.831,0.76657,0.76668,1.00,1.50
2016.06.23 04:22:54.808,0.76657,0.76669,1.00,1.50
2016.06.23 04:22:55.343,0.76657,0.76668,1.00,1.50
2016.06.23 04:22:55.848,0.76656,0.76668,1.00,1.50
2016.06.23 04:23:01.278,0.76655,0.76668,2.25,1.50
2016.06.23 04:23:03.527,0.76657,0.76671,1.87,1.50
2016.06.23 04:23:04.058,0.76659,0.76671,1.50,1.50
2016.06.23 04:23:04.160,0.76657,0.76672,2.62,2.62
2016.06.23 04:23:04.648,0.76659,0.76671,1.50,1.00
2016.06.23 04:23:04.908,0.76659,0.76673,1.12,1.87
2016.06.23 04:23:04.960,0.76662,0.76674,1.50,3.37
2016.06.23 04:23:05.062,0.7666,0.76675,1.50,1.50
2016.06.23 04:23:05.164,0.76661,0.76676,2.62,1.50
2016.06.23 04:23:05.690,0.76661,0.76676,1.00,1.50
2016.06.23 04:23:06.816,0.76662,0.76676,1.00,1.50
2016.06.23 04:23:07.122,0.76664,0.7668,1.87,3.37
2016.06.23 04:23:07.174,0.76663,0.7668,1.37,3.75
2016.06.23 04:23:07.681,0.76666,0.7668,1.87,1.87
2016.06.23 04:23:07.834,0.76672,0.76679,1.00,1.12
2016.06.23 04:23:08.065,0.76672,0.76681,1.00,1.50
2016.06.23 04:23:08.167,0.76672,0.76683,2.25,1.50
2016.06.23 04:23:08.269,0.76672,0.7668,2.25,1.50
2016.06.23 04:23:12.641,0.76672,0.76682,1.00,1.50
2016.06.23 04:23:13.149,0.76672,0.76681,1.00,1.87
2016.06.23 04:23:14.343,0.7667,0.7668,1.50,1.50
2016.06.23 04:23:15.385,0.76669,0.76678,1.00,1.87
2016.06.23 04:23:15.686,0.76669,0.76677,1.00,1.12
2016.06.23 04:23:15.738,0.76662,0.76677,1.75,1.12
2016.06.23 04:23:15.789,0.76662,0.76677,1.00,1.12
2016.06.23 04:23:16.215,0.76664,0.76677,1.00,1.12
2016.06.23 04:23:16.729,0.76664,0.76676,1.00,1.50
2016.06.23 04:23:17.241,0.76664,0.76678,1.00,2.25
2016.06.23 04:23:17.782,0.76664,0.76678,1.50,1.00
2016.06.23 04:23:18.392,0.76664,0.76679,1.00,1.50
2016.06.23 04:23:19.133,0.76665,0.76679,1.00,2.25
2016.06.23 04:23:20.546,0.76665,0.76678,1.00,1.00
2016.06.23 04:23:22.537,0.76664,0.76678,1.00,1.00
2016.06.23 04:23:24.607,0.76664,0.76678,1.00,1.37
2016.06.23 04:23:25.116,0.76665,0.76677,1.00,1.00
2016.06.23 04:23:25.634,0.76664,0.76677,1.00,1.00
2016.06.23 04:23:31.844,0.76665,0.76677,1.00,1.00
2016.06.23 04:23:32.351,0.76664,0.76677,1.00,1.00
2016.06.23 04:23:36.474,0.76665,0.76678,1.87,2.25
2016.06.23 04:23:36.981,0.76666,0.76679,1.00,2.25
2016.06.23 04:23:37.438,0.76664,0.76679,1.50,1.87
2016.06.23 04:23:37.489,0.76664,0.76677,1.50,1.50
2016.06.23 04:23:41.075,0.76663,0.76677,1.50,1.87
2016.06.23 04:23:41.583,0.76662,0.76677,2.25,1.50
2016.06.23 04:23:44.464,0.76662,0.76677,2.25,2.62
2016.06.23 04:23:46.307,0.76662,0.76677,2.25,2.62
2016.06.23 04:23:50.235,0.76664,0.76677,1.00,2.62
2016.06.23 04:23:50.956,0.76664,0.76677,1.00,3.00
2016.06.23 04:23:51.484,0.76663,0.76676,1.00,1.12
2016.06.23 04:23:53.882,0.76664,0.76676,1.00,1.00
2016.06.23 04:23:59.695,0.76664,0.76676,1.00,1.37
2016.06.23 04:24:00.216,0.76664,0.76676,1.00,1.00
2016.06.23 04:24:04.019,0.76665,0.76676,1.00,1.12
2016.06.23 04:24:04.222,0.76665,0.76678,1.00,3.00
2016.06.23 04:24:04.924,0.76665,0.76677,1.00,1.87
2016.06.23 04:24:08.632,0.76665,0.76677,1.00,2.62
2016.06.23 04:24:09.181,0.76665,0.76677,1.00,3.00
2016.06.23 04:24:09.964,0.76663,0.76676,1.00,1.87
2016.06.23 04:24:10.524,0.76663,0.76676,1.00,1.87
2016.06.23 04:24:13.039,0.76663,0.76676,1.00,1.87
2016.06.23 04:24:16.284,0.76663,0.76676,1.00,2.62
2016.06.23 04:24:28.152,0.76663,0.76673,2.25,1.50
2016.06.23 04:24:28.457,0.76661,0.76671,1.00,1.50
2016.06.23 04:24:28.609,0.76658,0.76671,1.12,1.50
2016.06.23 04:24:29.143,0.76658,0.7667,1.00,1.50
2016.06.23 04:24:31.954,0.76658,0.76671,1.00,1.50
2016.06.23 04:24:33.674,0.76659,0.76671,1.00,1.50
2016.06.23 04:24:34.654,0.76659,0.76672,1.00,1.50
2016.06.23 04:24:35.582,0.76659,0.76669,1.00,1.50
2016.06.23 04:24:39.414,0.76659,0.76671,1.00,1.50
2016.06.23 04:24:39.617,0.76661,0.7667,1.00,1.50
2016.06.23 04:24:39.669,0.76661,0.76673,2.25,1.12
2016.06.23 04:24:39.772,0.76663,0.76674,1.00,1.87
2016.06.23 04:24:40.119,0.7666,0.76671,1.00,1.50
2016.06.23 04:24:46.130,0.76662,0.76671,1.00,1.50
2016.06.23 04:24:48.913,0.76662,0.76672,1.00,1.50
2016.06.23 04:24:51.425,0.76664,0.76671,1.00,1.50
2016.06.23 04:24:51.577,0.76662,0.76671,1.00,1.50
2016.06.23 04:24:53.405,0.7666,0.76671,1.00,1.50
2016.06.23 04:24:59.437,0.7666,0.76669,1.00,1.50
2016.06.23 04:24:59.946,0.76659,0.7667,1.00,1.50
2016.06.23 04:25:00.659,0.7666,0.7667,1.00,1.50
2016.06.23 04:25:01.169,0.7666,0.76671,1.00,1.50
2016.06.23 04:25:23.549,0.76661,0.76671,1.00,1.50
2016.06.23 04:25:30.502,0.76661,0.7667,1.00,1.50
2016.06.23 04:25:33.964,0.76661,0.76671,1.00,1.50
2016.06.23 04:25:35.476,0.7666,0.76668,1.00,1.50
2016.06.23 04:25:35.979,0.7666,0.76667,1.00,1.50
2016.06.23 04:25:36.284,0.76658,0.76667,2.25,1.50
2016.06.23 04:25:43.090,0.76659,0.7667,1.50,1.50
2016.06.23 04:25:43.497,0.7666,0.76672,2.25,1.50
2016.06.23 04:25:45.203,0.76662,0.76672,1.50,1.50
2016.06.23 04:25:45.406,0.76662,0.76674,2.25,1.50
2016.06.23 04:25:45.914,0.76663,0.76674,1.00,1.50
2016.06.23 04:25:48.211,0.76662,0.76674,3.00,1.50
2016.06.23 04:25:50.773,0.76662,0.76674,3.37,1.50
2016.06.23 04:25:54.762,0.76662,0.76674,3.00,1.50
2016.06.23 04:25:57.336,0.76663,0.76674,1.00,1.50
2016.06.23 04:26:05.310,0.76662,0.76674,2.25,1.50
2016.06.23 04:26:05.362,0.76662,0.76672,1.00,1.50
2016.06.23 04:26:05.903,0.76661,0.76672,1.00,1.50
2016.06.23 04:26:08.427,0.76663,0.76674,1.50,1.50
2016.06.23 04:26:08.934,0.76663,0.76673,1.50,1.50
2016.06.23 04:26:09.472,0.76662,0.76673,1.50,1.50
2016.06.23 04:26:11.751,0.76662,0.76674,1.50,1.50
2016.06.23 04:26:14.864,0.76663,0.76675,1.50,1.50
2016.06.23 04:26:15.371,0.76664,0.76676,1.50,1.50
2016.06.23 04:26:16.349,0.76664,0.76677,1.50,1.50
2016.06.23 04:26:16.756,0.76662,0.76673,1.00,1.50
2016.06.23 04:26:39.080,0.76661,0.76673,1.50,1.50
2016.06.23 04:26:43.584,0.7666,0.76671,1.00,1.50
2016.06.23 04:26:52.455,0.76661,0.76671,1.00,1.50
2016.06.23 04:27:04.412,0.76661,0.7667,1.00,1.50
2016.06.23 04:27:04.962,0.76661,0.76671,1.00,1.50
2016.06.23 04:27:17.045,0.76661,0.7667,1.00,1.50
2016.06.23 04:27:21.446,0.76661,0.76667,1.00,1.50
2016.06.23 04:27:21.497,0.76659,0.76667,1.00,1.50
2016.06.23 04:27:21.549,0.76661,0.76669,1.00,1.50
2016.06.23 04:27:23.653,0.76661,0.76671,1.00,1.50
2016.06.23 04:27:33.342,0.76661,0.7667,1.00,1.50
2016.06.23 04:27:35.287,0.76661,0.76669,1.00,1.50
2016.06.23 04:27:36.740,0.7666,0.76669,1.00,1.50
2016.06.23 04:27:36.791,0.76654,0.76664,3.45,1.50
2016.06.23 04:27:37.097,0.76651,0.76664,1.50,3.60
2016.06.23 04:27:37.623,0.76651,0.76663,1.00,1.12
2016.06.23 04:27:37.776,0.76651,0.76661,1.00,1.50
2016.06.23 04:27:37.827,0.76649,0.76661,1.00,1.50
2016.06.23 04:27:38.335,0.76649,0.76662,1.00,2.25
2016.06.23 04:27:39.164,0.76649,0.76661,1.00,1.50
2016.06.23 04:27:43.135,0.7665,0.76661,1.00,1.50
2016.06.23 04:27:43.964,0.76648,0.76661,1.50,1.50
2016.06.23 04:27:44.066,0.76646,0.76661,2.62,1.50
2016.06.23 04:27:44.168,0.76648,0.76661,1.50,1.50
2016.06.23 04:27:44.676,0.76648,0.7666,1.50,1.50
2016.06.23 04:27:45.178,0.76648,0.76661,1.50,1.50
2016.06.23 04:27:45.726,0.76647,0.76661,1.50,1.50
2016.06.23 04:27:48.109,0.76646,0.76659,1.00,1.50
2016.06.23 04:27:48.636,0.76646,0.76658,1.00,1.50
2016.06.23 04:27:54.896,0.76646,0.76658,1.50,1.50
2016.06.23 04:27:55.403,0.76648,0.76659,1.50,1.50
2016.06.23 04:28:00.303,0.76646,0.76658,3.00,1.50
2016.06.23 04:28:01.510,0.76647,0.76659,1.50,1.50
2016.06.23 04:28:09.233,0.76647,0.76658,1.50,1.50
2016.06.23 04:28:10.516,0.76646,0.76657,1.00,1.50
2016.06.23 04:28:11.498,0.76646,0.76658,1.00,1.50
2016.06.23 04:28:13.397,0.76646,0.76656,1.00,1.50
2016.06.23 04:28:13.643,0.76644,0.76656,2.25,1.50
2016.06.23 04:28:14.559,0.76643,0.76656,1.50,1.50
2016.06.23 04:28:19.228,0.76642,0.76655,3.00,1.50
2016.06.23 04:28:19.750,0.76642,0.76655,3.37,1.50
2016.06.23 04:28:21.209,0.76643,0.76656,1.50,1.50
2016.06.23 04:28:24.911,0.76643,0.76657,1.00,1.87
2016.06.23 04:28:25.412,0.76644,0.76655,1.50,1.50
2016.06.23 04:28:25.963,0.76643,0.76656,2.25,1.50
2016.06.23 04:28:26.622,0.76644,0.76655,1.50,1.50
2016.06.23 04:28:26.913,0.76643,0.76657,1.00,1.87
2016.06.23 04:28:27.815,0.76643,0.76656,2.25,1.50
2016.06.23 04:28:28.317,0.76643,0.76657,1.12,1.50
2016.06.23 04:28:28.887,0.76643,0.76656,2.62,1.50
2016.06.23 04:28:30.263,0.76644,0.76657,1.00,1.50
2016.06.23 04:28:30.819,0.76644,0.76656,1.00,1.50
2016.06.23 04:28:31.345,0.76644,0.76657,1.00,1.50
2016.06.23 04:28:31.421,0.76644,0.76655,2.25,1.50
2016.06.23 04:28:31.822,0.76644,0.76658,1.00,2.85
2016.06.23 04:28:31.975,0.76642,0.76657,4.50,1.50
2016.06.23 04:28:33.423,0.76643,0.76655,1.50,1.50
2016.06.23 04:28:37.050,0.76642,0.76655,1.00,1.50
2016.06.23 04:28:39.336,0.76642,0.76657,1.50,2.55
2016.06.23 04:28:50.047,0.76643,0.76657,1.00,3.67
2016.06.23 04:28:50.578,0.76642,0.76657,1.50,3.30
2016.06.23 04:28:54.201,0.76642,0.76656,1.37,2.62
2016.06.23 04:28:55.203,0.76642,0.76657,3.37,2.92
2016.06.23 04:28:56.804,0.76642,0.76657,3.37,2.17
2016.06.23 04:29:02.718,0.76642,0.76657,3.75,2.92
2016.06.23 04:29:09.307,0.76643,0.76657,1.00,2.92
2016.06.23 04:29:09.409,0.76646,0.76657,1.00,2.55
2016.06.23 04:29:09.927,0.76645,0.76657,1.00,2.55
2016.06.23 04:29:42.213,0.76643,0.76657,2.25,1.05
2016.06.23 04:29:42.733,0.76643,0.76657,1.50,1.80
2016.06.23 04:29:44.204,0.76643,0.76657,1.50,1.42
2016.06.23 04:29:44.752,0.76642,0.76657,3.00,1.05
2016.06.23 04:29:55.351,0.76642,0.76657,1.50,1.30
2016.06.23 04:29:56.421,0.76641,0.76657,3.37,2.17
2016.06.23 04:29:56.776,0.76643,0.76657,1.00,2.55
2016.06.23 04:30:01.361,0.76643,0.76657,1.00,3.30
2016.06.23 04:30:02.560,0.76643,0.76657,1.00,2.92
2016.06.23 04:30:06.465,0.76643,0.76657,1.00,1.42
2016.06.23 04:30:07.936,0.76643,0.76657,1.00,2.55
2016.06.23 04:30:09.117,0.76643,0.76656,1.00,1.00
2016.06.23 04:30:10.962,0.76642,0.76655,1.50,1.00
2016.06.23 04:30:11.217,0.7664,0.76654,1.00,1.12
2016.06.23 04:30:19.762,0.7664,0.76654,1.87,1.50
2016.06.23 04:30:21.390,0.76639,0.76654,1.72,1.87
2016.06.23 04:30:22.345,0.76639,0.76653,1.50,1.00
2016.06.23 04:30:22.447,0.76637,0.76649,3.00,1.60
2016.06.23 04:30:22.601,0.76637,0.76647,1.50,1.80
2016.06.23 04:30:22.652,0.76635,0.76648,1.12,1.80
2016.06.23 04:30:23.880,0.76635,0.76646,1.00,1.05
2016.06.23 04:30:24.286,0.76633,0.76646,1.87,1.50
2016.06.23 04:30:24.845,0.76633,0.76646,2.25,1.50
2016.06.23 04:30:26.245,0.76633,0.76647,3.00,2.55
2016.06.23 04:30:26.549,0.76636,0.76647,1.87,1.80
2016.06.23 04:30:27.083,0.76636,0.76647,1.50,1.80
2016.06.23 04:30:27.703,0.76636,0.76648,1.87,1.80
2016.06.23 04:30:30.410,0.76636,0.76648,1.87,1.80
2016.06.23 04:30:31.648,0.76636,0.76648,2.25,1.50
2016.06.23 04:30:31.953,0.76638,0.76648,1.87,1.50
2016.06.23 04:30:33.573,0.76639,0.76648,1.50,1.50
2016.06.23 04:30:42.487,0.76639,0.76651,1.87,1.50
2016.06.23 04:30:42.690,0.76641,0.76652,1.00,1.50
2016.06.23 04:30:43.197,0.7664,0.76652,2.47,1.50
2016.06.23 04:30:44.269,0.76641,0.76652,1.50,1.50
2016.06.23 04:30:44.371,0.76643,0.76655,1.50,1.87
2016.06.23 04:30:46.175,0.76643,0.76656,2.25,1.50
2016.06.23 04:30:46.277,0.76643,0.76654,1.87,1.50
2016.06.23 04:30:46.793,0.76641,0.76654,3.22,1.50
2016.06.23 04:30:47.323,0.76641,0.76654,1.30,1.50
2016.06.23 04:30:48.266,0.7664,0.76654,3.22,1.50
2016.06.23 04:30:49.527,0.76642,0.76654,1.00,1.50
2016.06.23 04:30:49.832,0.76642,0.76653,1.00,1.30
2016.06.23 04:30:50.341,0.76642,0.76654,1.00,3.22
2016.06.23 04:30:50.645,0.7664,0.76654,2.62,3.97
2016.06.23 04:30:51.350,0.7664,0.76654,2.62,3.97
2016.06.23 04:30:53.269,0.7664,0.76653,1.87,2.02
2016.06.23 04:30:53.371,0.76639,0.76653,2.62,3.90
2016.06.23 04:30:53.901,0.76639,0.76652,2.62,1.80
2016.06.23 04:30:54.562,0.76639,0.76652,2.62,1.80
2016.06.23 04:30:55.856,0.76639,0.76652,2.62,1.80
2016.06.23 04:30:56.913,0.7664,0.76652,1.50,1.80
2016.06.23 04:30:59.423,0.7664,0.76652,1.50,2.55
2016.06.23 04:30:59.924,0.7664,0.76652,1.50,1.80
2016.06.23 04:31:00.703,0.7664,0.76652,1.50,2.55
2016.06.23 04:31:01.211,0.7664,0.76652,1.50,1.80
2016.06.23 04:31:07.328,0.76637,0.76651,3.75,1.05
2016.06.23 04:31:07.533,0.76637,0.76648,1.00,1.50
2016.06.23 04:31:07.913,0.76636,0.76646,1.00,1.50
2016.06.23 04:31:09.032,0.76636,0.76648,1.00,1.50
2016.06.23 04:31:09.534,0.76635,0.76648,1.00,1.50
2016.06.23 04:31:14.714,0.76635,0.76649,1.00,1.50
2016.06.23 04:31:15.225,0.76635,0.76648,1.12,1.50
2016.06.23 04:31:28.128,0.76635,0.76649,2.25,1.50
2016.06.23 04:31:39.157,0.76636,0.76648,1.50,1.50
2016.06.23 04:32:07.966,0.76636,0.76648,1.50,3.52
2016.06.23 04:32:08.322,0.76634,0.76646,4.12,1.50
2016.06.23 04:32:16.658,0.76635,0.76648,1.12,3.22
2016.06.23 04:32:17.197,0.76634,0.76648,3.60,3.22
2016.06.23 04:32:18.935,0.76635,0.76648,1.50,3.22
2016.06.23 04:32:20.972,0.76635,0.76648,1.87,2.25
2016.06.23 04:32:22.062,0.76635,0.76648,1.50,3.97
2016.06.23 04:32:22.621,0.76635,0.76648,1.50,2.25
2016.06.23 04:32:27.045,0.76634,0.76648,2.25,1.80
2016.06.23 04:32:29.657,0.76633,0.76645,3.37,1.50
2016.06.23 04:32:30.066,0.76631,0.76644,1.12,1.50
2016.06.23 04:32:30.577,0.76631,0.76645,3.00,1.50
2016.06.23 04:32:41.318,0.76631,0.76643,2.25,1.50
2016.06.23 04:32:42.189,0.7663,0.76643,1.00,1.50
2016.06.23 04:32:44.924,0.7663,0.76643,1.37,1.50
2016.06.23 04:32:48.985,0.7663,0.76643,3.00,1.50
2016.06.23 04:32:51.706,0.7663,0.76643,3.00,1.50
2016.06.23 04:32:53.574,0.7663,0.76643,3.37,1.50
2016.06.23 04:32:56.515,0.7663,0.76643,2.25,1.50
2016.06.23 04:32:58.910,0.7663,0.76643,3.37,1.50
2016.06.23 04:32:59.459,0.7663,0.76644,1.87,1.50
2016.06.23 04:33:00.226,0.76631,0.76642,1.50,1.50
2016.06.23 04:33:09.028,0.7663,0.76643,3.00,1.50
2016.06.23 04:33:11.829,0.7663,0.76642,3.00,1.50
2016.06.23 04:33:12.336,0.7663,0.76643,3.00,1.50
2016.06.23 04:33:14.335,0.7663,0.76643,3.37,1.50
2016.06.23 04:33:18.963,0.76631,0.76642,1.12,1.50
2016.06.23 04:33:21.969,0.76629,0.76642,2.25,1.50
2016.06.23 04:33:23.075,0.76629,0.76643,1.87,1.30
2016.06.23 04:33:23.584,0.76629,0.76642,2.62,1.50
2016.06.23 04:33:23.910,0.76628,0.76639,1.12,1.50
2016.06.23 04:33:23.962,0.76626,0.76638,3.00,1.50
2016.06.23 04:33:24.692,0.76626,0.7664,1.50,1.50
2016.06.23 04:33:24.997,0.76626,0.76637,1.50,1.50
2016.06.23 04:33:25.529,0.76626,0.76636,1.50,1.50
2016.06.23 04:33:27.188,0.76625,0.76637,3.37,1.50
2016.06.23 04:33:31.962,0.76625,0.76637,3.37,1.50
2016.06.23 04:33:32.513,0.76625,0.76638,1.87,1.50
2016.06.23 04:33:33.577,0.76625,0.76638,1.87,1.50
2016.06.23 04:33:35.710,0.76626,0.76636,1.50,1.50
2016.06.23 04:33:37.916,0.76625,0.76638,3.22,1.50
2016.06.23 04:33:38.433,0.76625,0.76638,1.37,1.50
2016.06.23 04:34:00.075,0.76627,0.76637,1.00,1.50
2016.06.23 04:34:01.750,0.76625,0.76636,4.12,1.50
2016.06.23 04:34:01.853,0.76625,0.7664,4.12,1.87
2016.06.23 04:34:02.363,0.76628,0.7664,1.00,2.62
2016.06.23 04:34:02.878,0.76628,0.76637,1.00,1.50
2016.06.23 04:34:03.312,0.76626,0.76637,1.50,1.50
2016.06.23 04:34:03.820,0.76627,0.76638,1.12,1.50
2016.06.23 04:34:04.327,0.76627,0.76639,1.12,1.50
2016.06.23 04:34:06.935,0.76628,0.76639,1.00,1.50
2016.06.23 04:34:07.341,0.7663,0.76639,1.00,1.50
2016.06.23 04:34:07.495,0.76633,0.76643,1.50,2.25
2016.06.23 04:34:07.571,0.76632,0.76645,1.00,1.50
2016.06.23 04:34:07.756,0.76634,0.76645,1.00,1.00
2016.06.23 04:34:08.276,0.76634,0.76647,1.00,1.87
2016.06.23 04:34:08.820,0.76634,0.76647,1.00,1.50
2016.06.23 04:34:10.049,0.76634,0.76645,2.25,1.50
2016.06.23 04:34:20.003,0.76632,0.76644,1.00,1.50
2016.06.23 04:34:20.105,0.76632,0.76641,1.00,1.50
2016.06.23 04:34:20.616,0.76631,0.76642,1.00,1.50
2016.06.23 04:34:22.769,0.76631,0.76641,2.25,1.50
2016.06.23 04:34:25.210,0.76631,0.76641,2.62,1.50
2016.06.23 04:34:25.336,0.76632,0.76643,1.00,1.50
2016.06.23 04:34:25.489,0.76634,0.76645,1.00,1.50
2016.06.23 04:34:25.795,0.76636,0.76646,1.00,1.50
2016.06.23 04:34:26.206,0.76636,0.76649,1.00,1.50
2016.06.23 04:34:26.434,0.76636,0.7665,2.25,1.12
2016.06.23 04:34:26.739,0.76637,0.76648,1.12,1.50
2016.06.23 04:34:27.501,0.76637,0.76649,1.12,2.25
2016.06.23 04:34:33.081,0.76638,0.76649,1.00,1.50
2016.06.23 04:34:33.335,0.76638,0.76652,2.62,1.57
2016.06.23 04:34:33.538,0.76639,0.76653,2.25,1.50
2016.06.23 04:34:35.883,0.76641,0.76655,1.00,3.00
2016.06.23 04:34:36.467,0.76641,0.76654,1.00,1.50
2016.06.23 04:34:39.543,0.76641,0.76653,1.00,1.50
2016.06.23 04:34:39.849,0.76636,0.76645,1.00,1.50
2016.06.23 04:34:40.156,0.76634,0.76642,1.00,1.50
2016.06.23 04:34:40.259,0.76634,0.76645,1.00,1.50
2016.06.23 04:34:41.277,0.76634,0.76644,1.00,1.50
2016.06.23 04:34:58.162,0.76632,0.76644,2.25,1.72
2016.06.23 04:34:58.215,0.76632,0.7664,1.00,1.50
2016.06.23 04:34:58.267,0.76631,0.76643,1.87,1.50
2016.06.23 04:34:58.369,0.76631,0.7664,1.50,1.50
2016.06.23 04:34:58.877,0.7663,0.7664,1.00,1.50
2016.06.23 04:34:59.383,0.7663,0.76641,1.00,1.50
2016.06.23 04:34:59.928,0.7663,0.7664,1.00,1.50
2016.06.23 04:35:00.599,0.7663,0.76641,1.00,1.50
2016.06.23 04:35:03.675,0.7663,0.76639,1.00,1.50
2016.06.23 04:35:04.278,0.7663,0.76641,1.00,1.50
2016.06.23 04:35:05.105,0.7663,0.7664,1.00,1.50
2016.06.23 04:35:11.170,0.7663,0.76639,1.00,1.50
2016.06.23 04:35:16.405,0.7663,0.7664,1.00,1.50
2016.06.23 04:35:17.700,0.7663,0.76642,1.00,1.50
2016.06.23 04:35:19.298,0.7663,0.76641,1.00,1.50
2016.06.23 04:35:24.376,0.76632,0.76641,1.00,1.50
2016.06.23 04:35:26.028,0.76632,0.7664,1.00,1.50
2016.06.23 04:35:29.577,0.76629,0.7664,1.00,1.50
2016.06.23 04:35:30.035,0.76629,0.76638,1.00,1.50
2016.06.23 04:35:30.236,0.76629,0.7664,1.00,1.00
2016.06.23 04:35:30.757,0.76629,0.76638,1.12,1.50
2016.06.23 04:35:50.147,0.76629,0.76639,1.00,1.50
2016.06.23 04:35:52.494,0.76629,0.76638,1.00,1.50
2016.06.23 04:35:53.001,0.76629,0.76639,1.00,1.50
2016.06.23 04:35:55.398,0.76629,0.7664,1.00,1.50
2016.06.23 04:36:06.909,0.76629,0.76639,1.00,1.50
2016.06.23 04:36:07.914,0.76629,0.76638,1.00,1.50
2016.06.23 04:36:09.014,0.7663,0.76638,1.00,1.50
2016.06.23 04:36:09.319,0.7663,0.76636,1.00,1.50
2016.06.23 04:36:13.179,0.7663,0.76638,1.00,1.50
2016.06.23 04:36:16.979,0.7663,0.76639,1.00,1.50
2016.06.23 04:36:22.234,0.7663,0.76637,1.00,1.50
2016.06.23 04:36:25.198,0.7663,0.76636,1.00,1.50
2016.06.23 04:36:25.401,0.7663,0.76638,1.00,1.50
2016.06.23 04:36:34.765,0.76631,0.76638,1.00,1.50
2016.06.23 04:36:34.816,0.76631,0.7664,1.00,3.75
2016.06.23 04:36:35.323,0.76631,0.76637,1.00,1.50
2016.06.23 04:36:35.866,0.76631,0.76638,1.00,1.50
2016.06.23 04:36:39.641,0.76631,0.76637,1.00,1.50
2016.06.23 04:36:39.816,0.76631,0.7664,1.00,1.50
2016.06.23 04:36:39.867,0.76631,0.76638,1.00,1.50
2016.06.23 04:36:40.392,0.76631,0.76639,1.00,1.50
2016.06.23 04:36:42.564,0.76631,0.76638,1.00,1.50
2016.06.23 04:36:46.530,0.76631,0.76639,1.00,1.50
2016.06.23 04:36:47.728,0.7663,0.76639,1.00,1.50
2016.06.23 04:36:48.674,0.7663,0.76638,1.00,1.50
2016.06.23 04:36:50.179,0.7663,0.7664,1.00,3.00
2016.06.23 04:36:50.740,0.7663,0.76639,1.00,1.50
2016.06.23 04:36:52.480,0.7663,0.7664,1.00,2.25
2016.06.23 04:36:52.988,0.7663,0.76639,1.00,1.00
2016.06.23 04:36:53.614,0.7663,0.7664,1.00,2.25
2016.06.23 04:36:54.131,0.7663,0.76639,1.00,1.00
2016.06.23 04:36:55.483,0.7663,0.7664,1.00,3.97
2016.06.23 04:36:55.534,0.76632,0.7664,1.00,3.97
2016.06.23 04:36:55.687,0.76633,0.76643,1.00,1.50
2016.06.23 04:36:56.043,0.76636,0.76645,1.00,2.25
2016.06.23 04:36:56.165,0.76636,0.76646,1.00,2.25
2016.06.23 04:37:03.896,0.76636,0.76644,1.00,1.50
2016.06.23 04:37:10.792,0.76636,0.76645,1.00,1.50
2016.06.23 04:37:12.604,0.76636,0.76644,1.00,1.50
2016.06.23 04:37:12.900,0.76637,0.76647,1.00,2.25
2016.06.23 04:37:13.407,0.76638,0.76647,1.00,1.50
2016.06.23 04:37:16.000,0.76636,0.76644,1.12,1.50
2016.06.23 04:37:16.733,0.76636,0.76643,1.00,1.50
2016.06.23 04:37:17.266,0.76636,0.76644,1.00,1.50
2016.06.23 04:37:19.109,0.76636,0.76647,1.00,3.22
2016.06.23 04:37:19.616,0.76636,0.76644,1.00,1.50
2016.06.23 04:37:20.022,0.76636,0.76642,1.00,1.50
2016.06.23 04:37:20.734,0.76636,0.76643,1.00,1.50
2016.06.23 04:37:22.902,0.76636,0.76644,1.00,1.50
2016.06.23 04:37:25.629,0.76636,0.76642,1.00,1.50
2016.06.23 04:37:26.425,0.76636,0.76644,1.00,1.50
2016.06.23 04:37:26.954,0.76636,0.76643,1.00,1.50
2016.06.23 04:37:27.239,0.76636,0.76641,1.00,1.50
2016.06.23 04:37:28.447,0.76634,0.76641,1.00,1.50
2016.06.23 04:37:28.549,0.76634,0.76643,1.00,1.50
2016.06.23 04:37:29.067,0.76634,0.76642,1.00,1.50
2016.06.23 04:37:29.621,0.76634,0.76643,1.00,1.50
2016.06.23 04:37:30.131,0.76634,0.76642,1.00,1.50
2016.06.23 04:37:30.662,0.76634,0.76643,1.00,1.50
2016.06.23 04:37:31.220,0.76634,0.76642,1.00,1.50
2016.06.23 04:37:33.850,0.76634,0.76644,1.00,1.50
2016.06.23 04:37:35.137,0.76634,0.76645,1.00,2.25
2016.06.23 04:37:35.699,0.76634,0.76644,1.00,1.50
2016.06.23 04:37:36.235,0.76634,0.76643,1.00,1.50
2016.06.23 04:37:44.082,0.76635,0.76643,1.00,1.50
2016.06.23 04:37:48.160,0.76635,0.76644,1.00,1.00
2016.06.23 04:37:48.677,0.76635,0.76645,1.00,2.25
2016.06.23 04:38:11.579,0.76635,0.76643,1.00,1.50
2016.06.23 04:38:12.087,0.76635,0.76644,1.00,1.50
2016.06.23 04:38:13.160,0.76635,0.76645,1.00,2.25
2016.06.23 04:38:19.598,0.76635,0.76643,1.00,1.50
2016.06.23 04:38:21.101,0.76635,0.76644,1.00,1.50
2016.06.23 04:38:23.527,0.76635,0.76643,1.00,1.50
2016.06.23 04:38:53.432,0.76635,0.76642,1.00,1.50
2016.06.23 04:38:54.153,0.76634,0.76642,1.00,1.50
2016.06.23 04:39:01.326,0.76634,0.76643,1.00,1.50
2016.06.23 04:39:02.441,0.76634,0.76642,1.12,1.50
2016.06.23 04:39:02.982,0.76634,0.76643,1.12,1.50
2016.06.23 04:39:04.758,0.76634,0.76642,1.00,1.50
2016.06.23 04:39:12.558,0.76634,0.76643,1.00,1.50
2016.06.23 04:39:16.142,0.76634,0.76641,1.00,1.50
2016.06.23 04:39:23.485,0.76633,0.76641,1.00,1.50
2016.06.23 04:39:33.380,0.76633,0.76644,1.00,1.50
2016.06.23 04:39:33.483,0.76633,0.76641,1.00,1.50
2016.06.23 04:39:34.016,0.76634,0.76641,1.00,1.50
2016.06.23 04:39:34.270,0.76632,0.76641,1.00,2.25
2016.06.23 04:39:34.321,0.76632,0.76638,1.00,1.50
2016.06.23 04:39:36.690,0.76632,0.7664,1.00,1.50
2016.06.23 04:39:36.994,0.76632,0.76638,1.12,1.50
2016.06.23 04:39:37.519,0.76632,0.76639,1.12,1.50
2016.06.23 04:39:38.140,0.76632,0.76638,1.12,1.50
2016.06.23 04:39:48.423,0.76632,0.76641,1.00,1.50
2016.06.23 04:39:48.962,0.76633,0.7664,1.00,1.50
2016.06.23 04:39:51.628,0.76631,0.7664,1.12,1.50
2016.06.23 04:39:51.730,0.76633,0.7664,1.00,1.50
2016.06.23 04:39:52.245,0.76632,0.76639,1.50,1.50
2016.06.23 04:39:53.192,0.76631,0.76639,1.50,1.50
2016.06.23 04:39:54.295,0.76632,0.76639,1.00,1.50
2016.06.23 04:39:54.812,0.76631,0.7664,2.25,1.50
2016.06.23 04:39:59.646,0.76632,0.7664,1.00,1.50
2016.06.23 04:39:59.900,0.76632,0.76642,1.00,1.50
2016.06.23 04:40:00.002,0.76631,0.7664,1.00,1.50
2016.06.23 04:40:00.307,0.7663,0.76637,1.12,1.50
2016.06.23 04:40:06.140,0.76632,0.76638,1.00,1.50
2016.06.23 04:40:06.446,0.76634,0.7664,1.00,1.50
2016.06.23 04:40:09.653,0.76634,0.76639,1.00,1.50
2016.06.23 04:40:17.852,0.76634,0.76641,1.00,1.50
2016.06.23 04:40:18.260,0.76634,0.76643,1.00,1.50
2016.06.23 04:40:29.787,0.76634,0.76642,1.00,1.50
2016.06.23 04:40:30.222,0.76634,0.76638,1.00,1.50
2016.06.23 04:40:30.730,0.76633,0.76638,1.00,1.50
2016.06.23 04:40:32.095,0.76631,0.76638,1.00,1.50
2016.06.23 04:40:39.713,0.76631,0.76637,1.00,1.50
2016.06.23 04:40:39.815,0.7663,0.76641,1.00,1.80
2016.06.23 04:40:40.019,0.76626,0.76641,2.47,1.80
2016.06.23 04:40:40.123,0.76626,0.76638,1.50,1.00
2016.06.23 04:40:40.463,0.76628,0.76638,1.00,2.25
2016.06.23 04:40:40.970,0.76628,0.76637,1.00,1.50
2016.06.23 04:40:45.774,0.76627,0.76637,1.00,1.50
2016.06.23 04:40:46.299,0.76627,0.76638,1.00,2.25
2016.06.23 04:40:48.330,0.76627,0.76637,1.00,1.50
2016.06.23 04:40:48.940,0.76627,0.76638,1.00,2.25
2016.06.23 04:40:49.613,0.76627,0.76637,1.00,1.50
2016.06.23 04:40:49.919,0.76631,0.76639,1.00,2.25
2016.06.23 04:40:50.915,0.76631,0.76638,1.00,1.50
2016.06.23 04:40:51.017,0.76631,0.7664,1.00,1.50
2016.06.23 04:40:51.946,0.76631,0.76639,1.00,1.50
2016.06.23 04:40:52.048,0.76631,0.76637,1.00,1.50
2016.06.23 04:40:57.923,0.76631,0.76639,1.00,1.50
2016.06.23 04:41:04.835,0.76631,0.7664,1.00,1.50
2016.06.23 04:41:07.946,0.76631,0.76639,1.00,1.50
2016.06.23 04:41:13.112,0.76632,0.76639,1.00,1.50
2016.06.23 04:41:13.163,0.76632,0.76641,1.00,1.50
2016.06.23 04:41:13.366,0.7663,0.76642,2.25,1.50
2016.06.23 04:41:13.418,0.76632,0.76642,1.00,1.50
2016.06.23 04:41:13.521,0.7663,0.76641,1.00,1.50
2016.06.23 04:41:21.234,0.76631,0.76641,1.00,1.50
2016.06.23 04:41:23.361,0.76631,0.7664,1.00,1.50
2016.06.23 04:41:23.564,0.76631,0.76638,1.00,1.50
2016.06.23 04:41:24.098,0.76631,0.76639,1.00,1.50
2016.06.23 04:41:29.900,0.7663,0.76639,1.00,1.50
2016.06.23 04:41:32.865,0.76633,0.76639,1.00,1.50
2016.06.23 04:41:32.916,0.76633,0.76641,1.00,1.50
2016.06.23 04:41:37.697,0.76633,0.7664,1.00,1.50
2016.06.23 04:41:38.204,0.76633,0.76638,1.00,1.50
2016.06.23 04:41:38.357,0.7663,0.76637,1.00,1.50
2016.06.23 04:41:38.566,0.7663,0.76641,1.00,1.80
2016.06.23 04:41:39.479,0.7663,0.7664,1.00,1.00
2016.06.23 04:41:39.531,0.7663,0.76636,1.00,1.50
2016.06.23 04:41:41.806,0.7663,0.76637,1.00,1.50
2016.06.23 04:41:47.420,0.76631,0.76639,1.00,1.50
2016.06.23 04:41:47.522,0.76631,0.76637,1.00,1.50
2016.06.23 04:41:51.271,0.76632,0.76637,1.00,1.50
2016.06.23 04:41:51.350,0.76632,0.7664,1.00,1.50
2016.06.23 04:41:52.407,0.76632,0.76639,1.00,1.50
2016.06.23 04:41:55.449,0.76632,0.7664,1.00,1.50
2016.06.23 04:41:57.015,0.76632,0.76641,1.00,1.50
2016.06.23 04:41:57.926,0.76632,0.7664,1.00,1.50
2016.06.23 04:42:05.457,0.76632,0.76641,1.00,1.50
2016.06.23 04:42:09.943,0.76632,0.7664,1.00,1.50
2016.06.23 04:42:18.835,0.76631,0.7664,1.00,1.50
2016.06.23 04:42:20.214,0.76631,0.76639,1.00,1.50
2016.06.23 04:42:31.205,0.7663,0.76639,1.00,1.50
2016.06.23 04:42:34.650,0.7663,0.76638,1.12,1.50
2016.06.23 04:42:40.233,0.76632,0.76638,1.00,1.50
2016.06.23 04:42:40.487,0.7663,0.76638,1.00,1.50
2016.06.23 04:42:44.479,0.76631,0.76638,1.00,1.50
2016.06.23 04:42:44.986,0.76631,0.76639,1.00,1.50
2016.06.23 04:42:45.495,0.76631,0.76638,1.00,1.50
2016.06.23 04:42:46.092,0.76631,0.76639,1.00,1.50
2016.06.23 04:42:46.397,0.76631,0.76641,1.00,1.50
2016.06.23 04:42:47.425,0.76631,0.76639,1.00,1.50
2016.06.23 04:42:50.605,0.76631,0.76638,1.00,1.50
2016.06.23 04:42:51.521,0.76631,0.76639,1.00,1.50
2016.06.23 04:43:06.880,0.7663,0.76639,1.00,1.50
2016.06.23 04:43:07.268,0.76626,0.76639,1.37,1.30
2016.06.23 04:43:07.472,0.76626,0.76639,1.00,1.50
2016.06.23 04:43:07.779,0.76626,0.76635,1.00,1.50
2016.06.23 04:43:07.830,0.76626,0.76637,1.00,1.50
2016.06.23 04:43:07.933,0.76624,0.76637,1.00,1.50
2016.06.23 04:43:08.339,0.76624,0.76635,1.00,1.50
2016.06.23 04:43:08.644,0.76626,0.76635,1.00,1.50
2016.06.23 04:43:15.360,0.76626,0.76634,1.00,1.50
2016.06.23 04:43:36.945,0.76627,0.76634,1.00,1.50
2016.06.23 04:43:37.506,0.76627,0.76637,1.00,1.50
2016.06.23 04:43:37.676,0.76627,0.76635,1.00,1.50
2016.06.23 04:43:41.718,0.76627,0.76636,1.00,1.50
2016.06.23 04:43:50.326,0.76627,0.76637,1.00,1.50
2016.06.23 04:43:51.043,0.76629,0.76637,1.00,1.50
2016.06.23 04:43:51.145,0.76629,0.76639,1.00,2.25
2016.06.23 04:43:51.348,0.76632,0.7664,1.00,1.00
2016.06.23 04:43:51.878,0.76632,0.76641,1.00,2.25
2016.06.23 04:43:56.125,0.76632,0.76642,1.00,1.12
2016.06.23 04:43:57.481,0.76632,0.7664,1.00,1.00
2016.06.23 04:43:58.456,0.76632,0.76641,1.00,1.00
2016.06.23 04:44:00.950,0.7663,0.76641,1.00,1.00
2016.06.23 04:44:02.369,0.7663,0.76642,1.00,1.00
2016.06.23 04:44:04.702,0.7663,0.76641,1.00,1.00
2016.06.23 04:44:05.249,0.7663,0.76642,1.00,1.50
2016.06.23 04:44:08.261,0.7663,0.76641,2.25,1.50
2016.06.23 04:44:09.162,0.7663,0.76642,1.00,1.50
2016.06.23 04:44:10.094,0.76633,0.76642,1.00,1.50
2016.06.23 04:44:13.470,0.76633,0.76641,1.00,1.50
2016.06.23 04:44:14.131,0.76633,0.76642,1.00,1.50
2016.06.23 04:44:18.421,0.76634,0.76642,1.00,1.50
2016.06.23 04:44:22.866,0.76634,0.76641,1.00,1.50
2016.06.23 04:44:23.640,0.76634,0.76642,1.00,1.50
2016.06.23 04:44:26.312,0.76632,0.76642,1.00,1.50
2016.06.23 04:44:33.292,0.76631,0.7664,1.00,1.50
2016.06.23 04:44:33.498,0.76631,0.76643,1.00,1.50
2016.06.23 04:44:44.182,0.76631,0.76642,1.00,1.50
2016.06.23 04:44:48.090,0.76631,0.76641,1.00,1.50
2016.06.23 04:44:48.192,0.76631,0.76639,1.00,1.50
2016.06.23 04:44:48.634,0.76629,0.76639,1.00,1.50
2016.06.23 04:44:55.506,0.7663,0.76639,1.00,1.50
2016.06.23 04:44:55.812,0.76633,0.76642,1.00,1.50
2016.06.23 04:44:56.124,0.76625,0.76636,1.00,1.80
2016.06.23 04:44:56.634,0.76624,0.76637,1.00,1.80
2016.06.23 04:44:56.888,0.76624,0.76633,1.00,1.50
2016.06.23 04:44:58.097,0.76624,0.76637,1.00,1.05
2016.06.23 04:44:58.148,0.76626,0.76637,1.00,1.05
2016.06.23 04:44:58.453,0.76624,0.76635,1.00,1.50
2016.06.23 04:45:16.425,0.76625,0.76635,1.00,1.50
2016.06.23 04:45:17.220,0.76625,0.76634,1.00,1.50
2016.06.23 04:45:21.777,0.76625,0.76636,1.00,1.50
2016.06.23 04:45:27.676,0.76625,0.76635,1.00,1.50
2016.06.23 04:45:37.458,0.76625,0.76636,1.00,1.50
2016.06.23 04:45:43.680,0.76625,0.76635,1.00,1.50
2016.06.23 04:45:52.478,0.76626,0.76638,1.00,2.25
2016.06.23 04:45:52.986,0.76626,0.76639,1.00,1.50
2016.06.23 04:45:55.102,0.76626,0.76637,1.50,1.50
2016.06.23 04:45:55.608,0.76626,0.76636,1.00,1.50
2016.06.23 04:45:57.126,0.76626,0.76635,1.00,1.50
2016.06.23 04:45:59.676,0.76628,0.76635,1.00,1.50
2016.06.23 04:45:59.829,0.76628,0.76637,1.00,1.50
2016.06.23 04:46:00.062,0.76626,0.76636,1.00,1.50
2016.06.23 04:46:00.113,0.76626,0.76634,1.00,1.50
2016.06.23 04:46:00.215,0.76627,0.76637,1.00,1.50
2016.06.23 04:46:00.724,0.76626,0.76637,1.00,1.80
2016.06.23 04:46:01.312,0.76626,0.76637,1.00,1.80
2016.06.23 04:46:01.969,0.76626,0.76637,1.00,1.80
2016.06.23 04:46:02.122,0.76626,0.76634,1.00,1.50
2016.06.23 04:46:02.672,0.76626,0.76633,1.00,1.50
2016.06.23 04:46:13.213,0.76625,0.76633,1.00,1.50
2016.06.23 04:46:13.518,0.76624,0.7663,1.00,1.50
2016.06.23 04:46:14.355,0.76624,0.76629,1.00,1.50
2016.06.23 04:46:14.508,0.76621,0.76629,1.00,1.50
2016.06.23 04:46:15.229,0.76621,0.76628,1.00,1.50
2016.06.23 04:46:15.748,0.76621,0.76627,1.00,1.50
2016.06.23 04:46:19.506,0.76619,0.76627,1.00,1.50
2016.06.23 04:46:19.623,0.76619,0.76631,1.00,2.62
2016.06.23 04:46:19.981,0.76619,0.76628,1.00,1.50
2016.06.23 04:46:20.287,0.76617,0.76623,1.00,1.50
2016.06.23 04:46:22.567,0.76617,0.76624,1.00,1.50
2016.06.23 04:46:23.100,0.76616,0.76624,1.00,1.50
2016.06.23 04:46:26.177,0.76617,0.76628,1.00,2.25
2016.06.23 04:46:26.228,0.76619,0.76628,1.00,1.50
2016.06.23 04:46:35.489,0.76621,0.76628,1.00,1.50
2016.06.23 04:46:35.794,0.76621,0.76625,1.00,1.50
2016.06.23 04:46:43.765,0.76621,0.76627,1.00,1.50
2016.06.23 04:46:51.398,0.76621,0.76629,1.00,1.50
2016.06.23 04:46:58.509,0.76624,0.76631,1.00,1.50
2016.06.23 04:46:58.611,0.76624,0.76633,1.00,1.50
2016.06.23 04:46:59.118,0.76625,0.76632,1.00,1.50
2016.06.23 04:47:01.199,0.76625,0.76634,1.00,1.50
2016.06.23 04:47:07.836,0.76625,0.76633,1.12,1.50
2016.06.23 04:47:11.215,0.76625,0.76635,1.00,1.50
2016.06.23 04:47:11.551,0.76624,0.76634,1.12,2.47
2016.06.23 04:47:11.856,0.76621,0.76629,1.00,1.50
2016.06.23 04:47:13.049,0.76621,0.7663,1.00,1.50
2016.06.23 04:47:13.621,0.76621,0.76628,1.00,1.50
2016.06.23 04:47:14.133,0.76621,0.76629,1.00,1.50
2016.06.23 04:47:24.848,0.7662,0.7663,1.37,1.50
2016.06.23 04:47:25.396,0.7662,0.76631,1.00,1.50
2016.06.23 04:47:38.013,0.76621,0.76631,1.00,1.50
2016.06.23 04:47:54.505,0.76621,0.76629,1.00,1.50
2016.06.23 04:47:58.910,0.76621,0.7663,1.00,1.50
2016.06.23 04:48:06.287,0.7662,0.76631,1.00,1.50
2016.06.23 04:48:06.695,0.7662,0.76629,1.00,1.50
2016.06.23 04:48:06.798,0.7662,0.76631,1.00,1.50
2016.06.23 04:48:12.561,0.76621,0.76631,1.00,1.50
2016.06.23 04:48:13.111,0.76621,0.7663,3.00,1.50
2016.06.23 04:48:18.550,0.76623,0.7663,1.00,1.50
2016.06.23 04:48:20.795,0.76623,0.76629,1.00,1.50
2016.06.23 04:48:22.216,0.76624,0.76629,1.00,1.50
2016.06.23 04:48:22.521,0.76624,0.76631,1.00,1.50
2016.06.23 04:48:23.319,0.76624,0.76632,1.00,1.50
2016.06.23 04:48:23.827,0.76624,0.76633,1.00,1.50
2016.06.23 04:48:49.572,0.76624,0.76634,1.00,1.50
2016.06.23 04:48:50.959,0.76624,0.76633,1.00,1.50
2016.06.23 04:49:04.799,0.76624,0.76632,1.00,1.50
2016.06.23 04:49:19.911,0.76623,0.76632,1.00,1.50
2016.06.23 04:49:23.796,0.76623,0.76631,1.00,1.50
2016.06.23 04:49:26.294,0.76623,0.7663,1.00,1.50
2016.06.23 04:49:26.836,0.76622,0.7663,1.00,1.50
2016.06.23 04:49:27.142,0.76622,0.76628,1.00,1.50
2016.06.23 04:49:27.295,0.76622,0.76631,1.00,1.50
2016.06.23 04:49:27.397,0.76622,0.76627,1.00,1.50
2016.06.23 04:49:27.803,0.76622,0.76629,1.00,1.50
2016.06.23 04:49:31.122,0.76622,0.7663,1.00,1.50
2016.06.23 04:49:31.707,0.76623,0.7663,1.00,1.50
2016.06.23 04:49:54.203,0.76624,0.7663,1.00,1.50
2016.06.23 04:50:03.762,0.76625,0.76631,1.00,1.50
2016.06.23 04:50:04.304,0.76625,0.76632,1.00,1.50
2016.06.23 04:50:04.812,0.76625,0.76633,1.00,1.50
2016.06.23 04:50:06.105,0.76625,0.76634,1.00,1.50
2016.06.23 04:50:17.105,0.76626,0.76634,1.00,1.50
2016.06.23 04:50:17.643,0.76626,0.76635,1.00,1.50
2016.06.23 04:50:21.075,0.76626,0.76634,1.00,1.50
2016.06.23 04:50:22.348,0.76625,0.76634,1.00,1.50
2016.06.23 04:50:39.937,0.76625,0.76632,1.00,1.50
2016.06.23 04:50:42.623,0.76624,0.76632,1.00,1.50
2016.06.23 04:51:20.857,0.76623,0.76632,1.00,1.50
2016.06.23 04:51:21.385,0.76623,0.76631,1.00,1.50
2016.06.23 04:51:26.388,0.76624,0.76631,1.00,1.50
2016.06.23 04:51:29.385,0.76624,0.76632,1.00,1.50
2016.06.23 04:51:40.923,0.76624,0.7663,1.00,1.50
2016.06.23 04:51:41.075,0.76622,0.7663,1.00,1.50
2016.06.23 04:51:41.126,0.76622,0.76628,1.00,1.50
2016.06.23 04:51:41.631,0.76622,0.76629,1.00,1.50
2016.06.23 04:51:47.577,0.76624,0.76629,1.00,1.50
2016.06.23 04:51:51.330,0.76624,0.7663,1.00,1.50
2016.06.23 04:52:16.021,0.76623,0.7663,1.00,1.50
2016.06.23 04:52:23.148,0.76622,0.7663,1.00,1.50
2016.06.23 04:52:23.657,0.76622,0.76629,1.00,1.50
2016.06.23 04:52:51.906,0.76622,0.7663,1.00,1.50
2016.06.23 04:53:07.352,0.76623,0.7663,1.00,1.50
2016.06.23 04:53:09.926,0.76625,0.7663,1.00,1.50
2016.06.23 04:53:15.021,0.76625,0.76634,1.00,1.50
2016.06.23 04:53:15.124,0.76625,0.76637,1.00,2.25
2016.06.23 04:53:15.480,0.76627,0.76637,1.00,1.50
2016.06.23 04:53:16.003,0.76627,0.76638,1.00,2.62
2016.06.23 04:53:16.619,0.76627,0.76637,1.00,1.00
2016.06.23 04:53:17.926,0.76627,0.76638,1.00,2.25
2016.06.23 04:53:34.044,0.76628,0.76638,1.00,2.25
2016.06.23 04:53:38.638,0.76628,0.76637,1.00,1.50
2016.06.23 04:53:39.146,0.76628,0.76636,1.00,1.50
2016.06.23 04:53:42.562,0.76628,0.76637,1.00,1.50
2016.06.23 04:53:46.740,0.76626,0.76637,1.00,1.80
2016.06.23 04:53:46.792,0.76626,0.76634,1.00,1.50
2016.06.23 04:53:47.095,0.76626,0.76632,1.00,1.50
2016.06.23 04:53:49.024,0.76624,0.76632,1.00,1.50
2016.06.23 04:53:49.176,0.76623,0.7663,1.00,1.50
2016.06.23 04:53:49.278,0.76623,0.76632,1.00,1.50
2016.06.23 04:53:49.685,0.76623,0.7663,1.00,1.50
2016.06.23 04:53:51.097,0.76623,0.76631,1.00,2.25
2016.06.23 04:53:51.402,0.76623,0.76629,1.00,1.50
2016.06.23 04:53:52.143,0.76621,0.76629,1.00,1.50
2016.06.23 04:53:52.650,0.76621,0.76628,1.00,1.50
2016.06.23 04:53:53.235,0.76621,0.76629,1.00,1.50
2016.06.23 04:53:55.192,0.76621,0.76631,1.00,2.25
2016.06.23 04:53:55.704,0.76621,0.76627,1.00,1.50
2016.06.23 04:53:55.806,0.76621,0.76629,1.00,1.50
2016.06.23 04:53:57.158,0.76621,0.76631,1.00,1.50
2016.06.23 04:53:59.020,0.76618,0.76631,1.00,1.87
2016.06.23 04:53:59.072,0.76618,0.76626,1.00,1.00
2016.06.23 04:53:59.173,0.76618,0.7663,1.00,1.87
2016.06.23 04:53:59.225,0.76618,0.7663,1.00,2.25
2016.06.23 04:53:59.276,0.76618,0.76628,1.00,1.50
2016.06.23 04:53:59.581,0.7662,0.76631,1.00,2.10
2016.06.23 04:54:00.745,0.7662,0.7663,1.00,1.00
2016.06.23 04:54:01.101,0.76618,0.76626,1.00,1.00
2016.06.23 04:54:01.215,0.7662,0.76629,1.00,1.00
2016.06.23 04:54:01.676,0.7662,0.76626,1.00,1.50
2016.06.23 04:54:03.775,0.7662,0.76629,1.00,1.00
2016.06.23 04:54:04.096,0.7662,0.76626,1.00,1.50
2016.06.23 04:54:04.412,0.7662,0.76628,1.00,1.00
2016.06.23 04:54:04.500,0.7662,0.76626,1.00,1.50
2016.06.23 04:54:04.602,0.7662,0.76629,1.00,1.12
2016.06.23 04:54:06.988,0.7662,0.76628,1.00,1.00
2016.06.23 04:54:14.213,0.7662,0.76629,1.00,1.00
2016.06.23 04:54:15.999,0.7662,0.76628,1.00,1.50
2016.06.23 04:54:16.518,0.7662,0.76629,1.00,1.00
2016.06.23 04:54:26.064,0.7662,0.76629,1.00,1.37
2016.06.23 04:54:26.116,0.7662,0.76626,1.00,1.00
2016.06.23 04:54:26.683,0.7662,0.76625,1.00,1.00
2016.06.23 04:54:27.207,0.7662,0.76626,1.00,1.00
2016.06.23 04:54:39.152,0.76618,0.76626,1.00,1.00
2016.06.23 04:54:43.969,0.76618,0.76627,1.00,1.50
2016.06.23 04:54:44.022,0.7662,0.76628,1.00,2.25
2016.06.23 04:54:56.374,0.76619,0.76628,1.00,1.50
2016.06.23 04:54:57.357,0.76619,0.76627,1.00,1.00
2016.06.23 04:54:58.463,0.76618,0.76628,1.00,2.62
2016.06.23 04:55:00.140,0.76618,0.76626,1.00,1.00
2016.06.23 04:55:04.772,0.76618,0.76628,1.00,3.60
2016.06.23 04:55:05.901,0.76618,0.76627,1.00,1.50
2016.06.23 04:55:20.019,0.76618,0.76628,1.00,1.87
2016.06.23 04:55:20.570,0.76618,0.76628,1.00,1.87
2016.06.23 04:55:21.663,0.76618,0.76628,1.00,1.50
2016.06.23 04:55:21.962,0.76618,0.76626,1.00,1.00
2016.06.23 04:55:22.479,0.76618,0.76625,1.00,1.00
2016.06.23 04:55:25.645,0.76618,0.76626,1.00,1.00
2016.06.23 04:55:29.755,0.76616,0.76624,1.00,1.00
2016.06.23 04:55:29.857,0.76614,0.76625,1.12,1.30
2016.06.23 04:55:30.467,0.76615,0.76626,1.00,1.35
2016.06.23 04:55:30.851,0.76614,0.76628,2.25,1.00
2016.06.23 04:55:31.004,0.76615,0.76628,2.25,1.72
2016.06.23 04:55:44.063,0.76614,0.76629,2.25,1.35
2016.06.23 04:55:49.161,0.76614,0.76628,2.62,1.00
2016.06.23 04:55:49.315,0.76614,0.76626,1.12,1.50
2016.06.23 04:55:49.696,0.76614,0.76624,1.12,1.50
2016.06.23 04:55:49.850,0.76613,0.76626,1.50,1.87
2016.06.23 04:55:50.003,0.76611,0.76628,2.10,2.25
2016.06.23 04:55:50.614,0.76613,0.76626,1.50,1.50
2016.06.23 04:55:53.692,0.76615,0.76627,2.25,1.87
2016.06.23 04:55:54.102,0.76617,0.76628,1.00,2.25
2016.06.23 04:55:54.612,0.76615,0.76628,1.87,2.25
2016.06.23 04:55:55.736,0.76616,0.76628,1.12,1.50
2016.06.23 04:55:57.442,0.76616,0.76628,1.37,1.50
2016.06.23 04:56:00.794,0.76616,0.76628,1.35,1.50
2016.06.23 04:56:02.418,0.76617,0.76628,1.00,1.50
2016.06.23 04:56:06.027,0.76618,0.76628,1.30,1.50
2016.06.23 04:56:06.532,0.76619,0.76627,1.00,1.50
2016.06.23 04:56:09.231,0.76617,0.76628,2.10,1.50
2016.06.23 04:56:09.434,0.76616,0.7663,4.72,1.50
2016.06.23 04:56:09.536,0.76617,0.76626,2.05,1.50
2016.06.23 04:56:09.638,0.76617,0.7663,1.72,1.50
2016.06.23 04:56:09.912,0.76618,0.76626,1.35,1.50
2016.06.23 04:56:15.296,0.76616,0.76626,2.10,1.50
2016.06.23 04:56:16.243,0.76617,0.76625,2.05,1.50
2016.06.23 04:56:16.396,0.76617,0.76625,1.50,1.50
2016.06.23 04:56:16.903,0.76618,0.76626,1.12,1.50
2016.06.23 04:56:17.449,0.76617,0.76627,3.60,1.50
2016.06.23 04:56:21.827,0.76618,0.76628,1.35,1.50
2016.06.23 04:56:22.961,0.76618,0.76629,1.35,1.50
2016.06.23 04:56:23.472,0.76619,0.76629,1.87,1.50
2016.06.23 04:56:25.761,0.76618,0.76629,2.10,1.50
2016.06.23 04:56:27.535,0.76618,0.76628,1.87,1.50
2016.06.23 04:56:48.882,0.76618,0.76629,1.35,1.50
2016.06.23 04:56:49.529,0.76617,0.76629,2.10,1.50
2016.06.23 04:56:50.234,0.76618,0.76629,1.00,1.50
2016.06.23 04:56:53.646,0.76617,0.76629,1.67,1.50
2016.06.23 04:56:59.196,0.76617,0.7663,1.67,1.50
2016.06.23 04:57:04.505,0.76618,0.76629,1.72,1.50
2016.06.23 04:57:06.468,0.76618,0.76629,1.72,1.50
2016.06.23 04:57:06.520,0.76618,0.76631,1.72,1.50
2016.06.23 04:57:15.131,0.76618,0.7663,1.30,1.00
2016.06.23 04:57:16.451,0.76618,0.76631,1.30,1.87
2016.06.23 04:57:18.148,0.76618,0.76629,1.30,1.50
2016.06.23 04:57:21.529,0.76618,0.76631,1.30,2.25
2016.06.23 04:57:30.062,0.76618,0.7663,1.30,1.50
2016.06.23 04:57:30.443,0.76619,0.76632,1.30,2.47
2016.06.23 04:57:31.113,0.76619,0.76631,1.30,1.00
2016.06.23 04:57:35.492,0.76618,0.76631,1.30,1.00
2016.06.23 04:57:45.806,0.76619,0.76631,1.30,1.00
2016.06.23 04:57:46.402,0.76618,0.76631,1.35,1.00
2016.06.23 04:57:47.003,0.76619,0.76631,1.30,1.00
2016.06.23 04:57:48.592,0.76618,0.76631,1.35,1.00
2016.06.23 04:57:51.615,0.76618,0.7663,1.30,1.50
2016.06.23 04:57:52.380,0.76617,0.7663,2.10,1.00
2016.06.23 04:57:53.019,0.76617,0.76631,2.10,1.50
2016.06.23 04:57:53.660,0.76617,0.76631,1.72,2.25
2016.06.23 04:57:54.210,0.76617,0.7663,1.35,1.50
2016.06.23 04:57:55.552,0.76618,0.7663,1.00,1.50
2016.06.23 04:57:56.121,0.76618,0.76631,1.00,1.50
2016.06.23 04:57:57.825,0.76618,0.7663,1.00,1.50
2016.06.23 04:57:59.146,0.76619,0.7663,1.00,1.50
2016.06.23 04:57:59.673,0.76618,0.7663,1.12,1.50
2016.06.23 04:58:00.185,0.76618,0.76632,1.12,1.50
2016.06.23 04:58:00.711,0.76618,0.76631,1.12,1.50
2016.06.23 04:58:06.008,0.76619,0.76632,1.00,2.62
2016.06.23 04:58:07.033,0.76619,0.76631,1.00,1.50
2016.06.23 04:58:07.582,0.76618,0.76631,1.12,1.50
2016.06.23 04:58:08.282,0.76618,0.76631,1.50,1.50
2016.06.23 04:58:10.490,0.76618,0.76631,1.50,1.50
2016.06.23 04:58:12.365,0.76618,0.76631,1.50,1.50
2016.06.23 04:58:14.652,0.76619,0.76632,1.12,1.50
2016.06.23 04:58:15.221,0.76619,0.76632,1.50,1.50
2016.06.23 04:58:15.710,0.76618,0.76632,3.37,1.50
2016.06.23 04:58:16.270,0.76618,0.76631,1.50,1.50
2016.06.23 04:58:20.438,0.76619,0.76631,1.00,1.50
2016.06.23 04:58:23.067,0.76618,0.76631,1.12,1.50
2016.06.23 04:58:23.841,0.76619,0.76631,1.00,1.50
2016.06.23 04:58:24.372,0.76618,0.76631,1.12,1.50
2016.06.23 04:58:25.443,0.76619,0.76631,1.00,1.50
2016.06.23 04:58:27.598,0.76618,0.7663,1.37,1.50
2016.06.23 04:58:28.116,0.76618,0.76631,3.00,1.50
2016.06.23 04:58:32.276,0.76618,0.76631,1.50,1.50
2016.06.23 04:58:34.432,0.76618,0.76631,1.50,1.50
2016.06.23 04:58:35.075,0.76618,0.76631,1.75,1.50
2016.06.23 04:58:38.236,0.76618,0.76631,3.00,1.50
2016.06.23 04:58:39.361,0.76618,0.76631,3.00,1.50
2016.06.23 04:58:39.869,0.76619,0.76632,1.87,1.50
2016.06.23 04:58:41.391,0.76618,0.76631,2.62,1.50
2016.06.23 04:58:53.833,0.76618,0.76632,2.62,2.25
2016.06.23 04:58:53.987,0.76618,0.7663,2.62,1.50
2016.06.23 04:58:54.515,0.76618,0.76631,2.62,1.50
2016.06.23 04:58:56.350,0.76618,0.76632,2.62,2.25
2016.06.23 04:58:59.556,0.76618,0.76631,1.50,1.50
2016.06.23 04:59:00.107,0.76618,0.76632,1.50,2.25
2016.06.23 04:59:02.428,0.76619,0.76632,1.00,2.25
2016.06.23 04:59:03.671,0.76619,0.76631,1.00,1.50
2016.06.23 04:59:04.847,0.76617,0.7663,3.22,1.50
2016.06.23 04:59:05.377,0.76617,0.7663,3.60,1.50
2016.06.23 04:59:05.480,0.7662,0.76634,1.50,4.72
2016.06.23 04:59:05.633,0.76618,0.76633,1.12,3.00
2016.06.23 04:59:05.901,0.76618,0.76635,2.10,1.50
2016.06.23 04:59:06.175,0.7662,0.76633,2.25,1.50
2016.06.23 04:59:06.532,0.7662,0.76636,1.30,1.80
2016.06.23 04:59:07.175,0.7662,0.76637,1.00,1.80
2016.06.23 04:59:07.278,0.76622,0.76636,1.00,1.00
2016.06.23 04:59:07.584,0.76618,0.76632,1.00,1.05
2016.06.23 04:59:08.093,0.76615,0.76631,2.10,3.00
2016.06.23 04:59:08.433,0.76615,0.76629,3.22,1.50
2016.06.23 04:59:08.948,0.76615,0.76629,2.85,1.50
2016.06.23 04:59:11.207,0.76614,0.76628,4.35,1.50
2016.06.23 04:59:12.297,0.76614,0.76628,3.22,1.50
2016.06.23 04:59:12.671,0.76614,0.76628,3.22,1.50
2016.06.23 04:59:15.464,0.76615,0.76628,1.30,1.50
2016.06.23 04:59:15.983,0.76614,0.76628,2.85,1.50
2016.06.23 04:59:17.091,0.76614,0.76627,2.85,1.50
2016.06.23 04:59:20.207,0.76615,0.76627,1.00,1.50
2016.06.23 04:59:20.720,0.76614,0.76627,1.87,1.50
2016.06.23 04:59:21.025,0.76613,0.76625,1.35,1.50
2016.06.23 04:59:21.279,0.76613,0.76627,1.35,1.50
2016.06.23 04:59:21.482,0.76613,0.76627,3.37,1.50
2016.06.23 04:59:22.214,0.76614,0.76628,2.85,1.50
2016.06.23 04:59:23.916,0.76614,0.76628,1.50,1.50
2016.06.23 04:59:24.221,0.76613,0.76626,2.25,1.80
2016.06.23 04:59:24.729,0.76613,0.76627,2.62,1.80
2016.06.23 04:59:25.257,0.76613,0.76626,1.12,1.50
2016.06.23 04:59:31.595,0.76613,0.76624,1.12,1.50
2016.06.23 04:59:32.196,0.76613,0.76625,1.30,1.50
2016.06.23 04:59:32.703,0.76613,0.76626,1.30,1.50
2016.06.23 04:59:34.553,0.76613,0.76626,1.67,1.50
2016.06.23 04:59:39.699,0.76613,0.76629,1.37,5.47
2016.06.23 04:59:40.846,0.76613,0.76627,1.87,1.50
2016.06.23 04:59:40.910,0.76613,0.76629,2.62,4.12
2016.06.23 04:59:41.505,0.76613,0.76626,1.87,1.50
2016.06.23 04:59:41.607,0.76613,0.76628,1.12,2.25
2016.06.23 04:59:41.811,0.76614,0.7663,1.37,6.60
2016.06.23 04:59:42.540,0.76615,0.7663,1.00,3.22
2016.06.23 04:59:43.255,0.76615,0.7663,2.62,1.72
2016.06.23 04:59:43.408,0.76618,0.76633,2.85,1.00
2016.06.23 04:59:43.510,0.76618,0.76635,2.85,3.97
2016.06.23 04:59:43.946,0.76619,0.76636,1.87,2.25
2016.06.23 04:59:44.455,0.76621,0.76637,1.50,2.25
2016.06.23 04:59:46.318,0.76622,0.76637,1.12,2.55
2016.06.23 04:59:46.847,0.76622,0.76637,1.12,1.50
2016.06.23 04:59:47.818,0.76621,0.76638,2.25,3.75
2016.06.23 04:59:48.367,0.76621,0.76638,1.12,3.00
2016.06.23 04:59:49.248,0.76621,0.76637,1.12,1.50
2016.06.23 04:59:49.769,0.76621,0.76636,1.12,1.50
2016.06.23 04:59:51.631,0.7662,0.76635,3.00,1.50
2016.06.23 04:59:52.165,0.7662,0.76636,1.50,2.25
2016.06.23 04:59:53.948,0.7662,0.76635,1.87,1.00
2016.06.23 04:59:54.450,0.7662,0.76635,1.50,1.00
2016.06.23 04:59:57.265,0.7662,0.76636,1.50,2.25
2016.06.23 04:59:57.776,0.76621,0.76636,1.12,1.00
