2014.09.16 23:00:00.102,0.79673,0.79684,1.00,1.25
2014.09.16 23:00:00.621,0.79674,0.79684,1.50,1.25
2014.09.16 23:00:03.824,0.79674,0.79685,1.50,1.25
2014.09.16 23:00:21.748,0.79674,0.79685,1.69,1.19
2014.09.16 23:00:22.053,0.79676,0.79685,1.00,1.19
2014.09.16 23:00:22.862,0.79676,0.79686,1.00,1.25
2014.09.16 23:00:26.170,0.79676,0.79686,1.37,1.25
2014.09.16 23:00:27.084,0.79676,0.79687,1.37,1.25
2014.09.16 23:00:27.638,0.79676,0.79687,1.12,1.25
2014.09.16 23:00:28.048,0.79676,0.79686,1.12,1.19
2014.09.16 23:00:32.946,0.79675,0.79685,2.44,1.25
2014.09.16 23:00:33.658,0.79674,0.79685,2.62,1.25
2014.09.16 23:00:37.448,0.79674,0.79685,2.62,1.25
2014.09.16 23:00:37.876,0.79674,0.79684,2.62,1.19
2014.09.16 23:00:42.369,0.79674,0.79685,2.62,1.25
2014.09.16 23:00:44.413,0.79674,0.79685,2.62,1.19
2014.09.16 23:00:53.979,0.79674,0.79685,1.50,1.19
2014.09.16 23:00:56.833,0.79674,0.79683,1.50,1.00
2014.09.16 23:01:07.505,0.79674,0.79683,1.87,1.00
2014.09.16 23:01:09.428,0.79674,0.79683,1.87,1.00
2014.09.16 23:01:11.638,0.79674,0.79683,2.25,1.37
2014.09.16 23:01:11.892,0.79672,0.79682,2.25,1.00
2014.09.16 23:01:12.401,0.79672,0.79681,2.25,1.25
2014.09.16 23:01:14.662,0.7967,0.79681,2.25,1.25
2014.09.16 23:01:14.764,0.79671,0.79683,1.19,1.19
2014.09.16 23:01:15.069,0.79667,0.7968,3.94,1.31
2014.09.16 23:01:15.579,0.79667,0.79679,1.19,1.50
2014.09.16 23:01:16.160,0.79666,0.79679,1.25,2.44
2014.09.16 23:01:20.679,0.79667,0.7968,1.31,1.25
2014.09.16 23:01:21.669,0.79668,0.79681,1.19,1.25
2014.09.16 23:01:32.858,0.79669,0.79681,1.31,1.19
2014.09.16 23:01:36.863,0.79668,0.79682,1.56,2.06
2014.09.16 23:01:48.209,0.79669,0.79681,1.31,1.19
2014.09.16 23:01:49.285,0.79668,0.79682,1.56,2.06
2014.09.16 23:01:49.711,0.79667,0.79679,1.69,1.69
2014.09.16 23:01:50.067,0.79667,0.79676,1.19,1.00
2014.09.16 23:01:51.031,0.79665,0.79676,1.69,1.25
2014.09.16 23:01:52.270,0.79665,0.79679,2.06,1.69
2014.09.16 23:01:53.231,0.79667,0.79679,1.00,1.69
2014.09.16 23:01:53.811,0.79667,0.79679,1.69,1.00
2014.09.16 23:01:59.681,0.79667,0.79681,1.69,1.19
2014.09.16 23:02:02.477,0.79667,0.79681,2.06,1.56
2014.09.16 23:02:02.984,0.79667,0.79681,2.06,1.31
2014.09.16 23:02:04.380,0.79667,0.79681,2.06,1.19
2014.09.16 23:02:04.431,0.79669,0.79682,1.56,1.25
2014.09.16 23:02:04.938,0.79671,0.79683,1.87,1.19
2014.09.16 23:02:05.846,0.79671,0.79685,3.56,2.44
2014.09.16 23:02:06.666,0.79672,0.79685,1.62,1.19
2014.09.16 23:02:06.870,0.79674,0.79687,1.31,1.69
2014.09.16 23:02:11.375,0.79674,0.79686,1.00,1.31
2014.09.16 23:02:11.907,0.79672,0.79686,1.69,1.19
2014.09.16 23:02:16.141,0.79674,0.79686,1.19,1.19
2014.09.16 23:02:20.697,0.79673,0.79687,1.19,1.69
2014.09.16 23:02:23.380,0.79674,0.79686,1.19,1.19
2014.09.16 23:02:28.764,0.79673,0.79687,1.31,1.69
2014.09.16 23:02:30.366,0.79674,0.79686,1.19,1.19
2014.09.16 23:02:31.467,0.79673,0.79687,1.31,1.69
2014.09.16 23:02:33.402,0.79672,0.79684,1.69,1.31
2014.09.16 23:02:34.212,0.7967,0.79683,1.25,1.19
2014.09.16 23:02:35.788,0.79669,0.79681,1.69,1.00
2014.09.16 23:02:44.189,0.79669,0.79681,1.69,1.69
2014.09.16 23:02:46.427,0.79669,0.79683,2.06,2.06
2014.09.16 23:02:49.922,0.79669,0.79682,1.25,1.19
2014.09.16 23:02:54.102,0.79669,0.79683,1.69,1.69
2014.09.16 23:02:57.009,0.79669,0.79681,1.00,1.19
2014.09.16 23:02:57.517,0.79668,0.79681,1.25,1.69
2014.09.16 23:02:58.330,0.79668,0.79681,1.69,1.25
2014.09.16 23:02:59.534,0.79667,0.7968,1.25,1.56
2014.09.16 23:02:59.838,0.79665,0.79677,1.69,1.19
2014.09.16 23:03:00.851,0.79663,0.79677,1.69,1.19
2014.09.16 23:03:02.627,0.79665,0.79678,2.06,1.25
2014.09.16 23:03:03.140,0.79666,0.79679,1.25,1.69
2014.09.16 23:03:08.236,0.79666,0.79679,1.69,1.25
2014.09.16 23:03:16.274,0.79667,0.7968,1.69,1.25
2014.09.16 23:03:17.358,0.79668,0.7968,1.19,1.69
2014.09.16 23:03:18.369,0.79667,0.79679,1.69,1.19
2014.09.16 23:03:20.264,0.79669,0.7968,1.19,1.25
2014.09.16 23:03:21.393,0.79668,0.79682,1.31,2.44
2014.09.16 23:03:27.520,0.79668,0.7968,2.06,1.00
2014.09.16 23:03:34.652,0.79668,0.79682,1.69,1.69
2014.09.16 23:03:35.962,0.79669,0.79682,1.19,1.25
2014.09.16 23:03:39.819,0.7967,0.79683,1.19,1.25
2014.09.16 23:03:59.260,0.79671,0.79683,1.19,1.19
2014.09.16 23:04:01.901,0.7967,0.79684,1.69,1.69
2014.09.16 23:04:47.620,0.7967,0.79683,1.19,2.06
2014.09.16 23:04:48.026,0.79669,0.7968,1.19,1.62
2014.09.16 23:04:48.841,0.79667,0.7968,2.81,2.06
2014.09.16 23:04:50.947,0.79666,0.7968,2.06,2.81
2014.09.16 23:04:51.454,0.79668,0.7968,1.00,2.44
2014.09.16 23:04:51.963,0.79668,0.7968,1.25,1.69
2014.09.16 23:04:58.247,0.79668,0.7968,1.69,1.69
2014.09.16 23:04:59.965,0.79668,0.7968,1.25,1.25
2014.09.16 23:05:01.193,0.79668,0.7968,1.00,1.69
2014.09.16 23:05:03.175,0.79668,0.7968,1.25,1.25
2014.09.16 23:05:12.418,0.79668,0.7968,1.69,1.00
2014.09.16 23:05:12.978,0.79668,0.79681,1.19,1.25
2014.09.16 23:05:24.094,0.79669,0.79681,1.19,1.19
2014.09.16 23:05:25.246,0.79668,0.79682,1.19,1.69
2014.09.16 23:05:41.904,0.79669,0.79682,2.06,1.19
2014.09.16 23:05:41.955,0.7967,0.79683,1.56,1.25
2014.09.16 23:05:42.006,0.7967,0.79683,1.56,1.25
2014.09.16 23:05:42.108,0.7967,0.79683,1.19,1.25
2014.09.16 23:05:43.348,0.79671,0.79684,1.19,1.25
2014.09.16 23:06:04.746,0.79671,0.79683,1.69,1.37
2014.09.16 23:06:04.950,0.79667,0.7968,1.00,1.50
2014.09.16 23:06:05.102,0.79667,0.79679,1.00,1.69
2014.09.16 23:06:05.407,0.79665,0.79677,2.62,1.19
2014.09.16 23:06:05.914,0.79663,0.79677,1.69,4.69
2014.09.16 23:06:06.218,0.79662,0.79675,1.25,1.19
2014.09.16 23:06:20.124,0.79661,0.79674,1.62,1.19
2014.09.16 23:06:22.196,0.79661,0.79675,1.56,2.06
2014.09.16 23:06:38.159,0.79661,0.79675,2.06,1.19
2014.09.16 23:06:38.836,0.79663,0.79675,1.31,1.19
2014.09.16 23:06:51.336,0.79663,0.79676,1.31,1.19
2014.09.16 23:06:58.053,0.79663,0.79677,2.06,1.69
2014.09.16 23:07:01.853,0.79664,0.79678,2.06,1.69
2014.09.16 23:07:05.907,0.79664,0.79677,1.25,1.19
2014.09.16 23:07:16.413,0.79664,0.79676,1.69,1.19
2014.09.16 23:07:17.928,0.79664,0.79677,1.25,1.19
2014.09.16 23:07:23.355,0.79663,0.79677,2.06,1.19
2014.09.16 23:07:23.507,0.79665,0.79678,1.56,1.25
2014.09.16 23:07:23.609,0.79668,0.79679,1.19,1.25
2014.09.16 23:07:23.913,0.79666,0.79679,1.25,1.69
2014.09.16 23:07:24.522,0.79665,0.79677,1.19,1.00
2014.09.16 23:07:25.395,0.79664,0.79677,1.25,1.69
2014.09.16 23:07:26.909,0.79664,0.79676,1.00,1.19
2014.09.16 23:07:27.416,0.79662,0.79675,1.19,1.25
2014.09.16 23:07:27.618,0.79661,0.79674,1.25,1.19
2014.09.16 23:07:28.838,0.79661,0.79672,1.00,1.69
2014.09.16 23:07:29.142,0.79658,0.7967,1.19,2.62
2014.09.16 23:07:29.346,0.79656,0.79669,1.19,1.31
2014.09.16 23:07:30.915,0.79656,0.79669,1.25,1.19
2014.09.16 23:07:34.623,0.79656,0.79668,3.56,1.19
2014.09.16 23:07:37.660,0.79656,0.79669,2.81,1.19
2014.09.16 23:07:45.068,0.79656,0.79668,1.12,1.69
2014.09.16 23:07:47.528,0.79656,0.79668,1.31,1.19
2014.09.16 23:07:49.614,0.79655,0.79668,1.62,1.19
2014.09.16 23:07:56.532,0.79655,0.79669,2.06,1.00
2014.09.16 23:07:56.736,0.79658,0.79672,2.06,1.25
2014.09.16 23:08:03.357,0.79659,0.79673,2.06,1.69
2014.09.16 23:08:06.549,0.7966,0.79673,1.25,1.69
2014.09.16 23:08:07.089,0.79659,0.79673,2.06,1.69
2014.09.16 23:08:07.637,0.79659,0.79673,1.69,1.69
2014.09.16 23:08:08.747,0.79659,0.79672,1.31,1.19
2014.09.16 23:08:09.749,0.79659,0.79671,2.06,1.19
2014.09.16 23:08:10.972,0.7966,0.79672,1.12,1.19
2014.09.16 23:08:12.101,0.7966,0.79673,1.31,1.69
2014.09.16 23:08:16.908,0.79659,0.7967,1.00,1.31
2014.09.16 23:08:17.061,0.79655,0.79668,1.25,1.69
2014.09.16 23:08:17.619,0.79654,0.79668,2.06,3.19
2014.09.16 23:08:18.152,0.79654,0.79668,2.06,3.56
2014.09.16 23:08:18.923,0.79654,0.79668,1.56,3.56
2014.09.16 23:08:25.439,0.79654,0.79668,1.19,4.31
2014.09.16 23:08:25.491,0.79653,0.79666,1.31,1.31
2014.09.16 23:08:25.593,0.79652,0.79663,1.62,1.19
2014.09.16 23:08:26.103,0.7965,0.79663,1.62,1.56
2014.09.16 23:08:27.380,0.7965,0.79662,1.37,1.31
2014.09.16 23:08:30.858,0.7965,0.79662,1.37,1.19
2014.09.16 23:08:31.389,0.7965,0.79663,1.62,1.19
2014.09.16 23:08:43.148,0.7965,0.79663,1.62,1.19
2014.09.16 23:08:48.168,0.7965,0.79663,1.31,1.19
2014.09.16 23:08:48.404,0.7965,0.79663,1.62,1.19
2014.09.16 23:08:50.230,0.79649,0.79663,1.19,1.69
2014.09.16 23:08:50.838,0.79648,0.79662,2.81,1.19
2014.09.16 23:08:53.824,0.7965,0.79663,1.62,1.00
2014.09.16 23:08:54.332,0.79652,0.79665,1.62,1.19
2014.09.16 23:08:54.434,0.79653,0.79665,1.00,1.19
2014.09.16 23:08:54.485,0.79655,0.79665,1.00,1.19
2014.09.16 23:08:54.536,0.79655,0.79667,1.25,1.25
2014.09.16 23:08:54.739,0.79655,0.79667,2.06,1.25
2014.09.16 23:08:55.264,0.79655,0.79667,2.06,1.25
2014.09.16 23:08:56.580,0.79657,0.79667,1.00,1.25
2014.09.16 23:08:57.103,0.79655,0.79667,1.62,1.25
2014.09.16 23:08:59.018,0.79655,0.79667,1.31,1.25
2014.09.16 23:08:59.373,0.79655,0.79666,1.31,1.19
2014.09.16 23:09:00.123,0.79655,0.79666,1.62,1.19
2014.09.16 23:09:00.336,0.79655,0.79667,1.62,1.25
2014.09.16 23:09:00.864,0.79655,0.79667,1.25,1.25
2014.09.16 23:09:03.061,0.79653,0.79666,1.69,1.19
2014.09.16 23:09:05.484,0.79651,0.79665,1.69,1.19
2014.09.16 23:09:06.463,0.79651,0.79664,1.25,1.19
2014.09.16 23:09:07.783,0.79652,0.79664,1.00,1.19
2014.09.16 23:09:08.353,0.79651,0.79664,1.25,1.19
2014.09.16 23:09:08.902,0.79651,0.79665,1.69,1.19
2014.09.16 23:09:16.392,0.79653,0.79665,1.00,1.19
2014.09.16 23:09:28.415,0.79653,0.79664,1.25,1.19
2014.09.16 23:09:32.993,0.79653,0.79665,1.00,1.19
2014.09.16 23:09:58.626,0.79652,0.79664,1.25,1.25
2014.09.16 23:10:09.589,0.79652,0.79663,1.25,1.69
2014.09.16 23:10:10.607,0.79651,0.79663,1.50,1.19
2014.09.16 23:10:11.690,0.7965,0.79663,2.44,1.19
2014.09.16 23:10:12.354,0.79651,0.79663,1.00,1.19
2014.09.16 23:10:15.809,0.79651,0.79663,2.81,1.19
2014.09.16 23:10:16.416,0.79652,0.79665,1.31,1.31
2014.09.16 23:10:16.670,0.79653,0.79666,1.62,1.69
2014.09.16 23:10:16.772,0.79654,0.79667,1.31,1.25
2014.09.16 23:10:17.278,0.79656,0.79668,1.00,1.69
2014.09.16 23:10:17.786,0.79656,0.79669,1.69,1.69
2014.09.16 23:10:20.923,0.79656,0.79669,2.44,1.31
2014.09.16 23:10:22.899,0.79656,0.79668,2.44,1.19
2014.09.16 23:10:25.036,0.79656,0.79668,1.50,1.19
2014.09.16 23:10:26.052,0.79656,0.79667,1.00,1.19
2014.09.16 23:10:26.103,0.79654,0.79667,2.44,1.19
2014.09.16 23:10:28.361,0.79654,0.79666,1.50,1.19
2014.09.16 23:10:29.976,0.79653,0.79666,1.25,1.19
2014.09.16 23:10:32.509,0.79654,0.79665,1.00,1.25
2014.09.16 23:10:32.853,0.79652,0.79665,1.25,2.06
2014.09.16 23:10:33.866,0.79651,0.79664,1.69,2.06
2014.09.16 23:10:34.937,0.79651,0.79663,2.44,1.19
2014.09.16 23:10:36.127,0.79651,0.79664,1.69,2.81
2014.09.16 23:10:41.897,0.79651,0.79664,1.25,2.81
2014.09.16 23:10:48.548,0.79651,0.79663,1.69,1.56
2014.09.16 23:10:52.024,0.79651,0.79663,1.69,1.56
2014.09.16 23:11:03.388,0.79651,0.79663,1.69,1.19
2014.09.16 23:11:04.077,0.79651,0.79664,1.69,1.31
2014.09.16 23:11:04.167,0.79651,0.79664,1.69,1.62
2014.09.16 23:11:05.299,0.79651,0.79664,1.69,1.31
2014.09.16 23:11:05.869,0.79651,0.79664,1.25,2.06
2014.09.16 23:11:06.581,0.79651,0.79664,1.69,1.31
2014.09.16 23:11:08.885,0.79651,0.79663,1.69,1.19
2014.09.16 23:11:12.125,0.79651,0.79664,1.69,1.31
2014.09.16 23:11:14.093,0.79651,0.79664,1.25,2.06
2014.09.16 23:11:18.131,0.79651,0.79664,1.69,1.31
2014.09.16 23:11:19.096,0.79651,0.79663,1.69,1.19
2014.09.16 23:11:21.602,0.79652,0.79664,1.19,1.69
2014.09.16 23:11:25.008,0.79651,0.79663,1.00,1.19
2014.09.16 23:11:25.160,0.7965,0.79661,1.31,1.37
2014.09.16 23:11:25.313,0.7965,0.79663,1.25,3.19
2014.09.16 23:11:26.024,0.7965,0.79662,1.00,1.19
2014.09.16 23:11:26.531,0.79649,0.79661,1.25,2.44
2014.09.16 23:11:27.240,0.79649,0.7966,1.25,1.19
2014.09.16 23:11:31.240,0.79647,0.7966,1.25,1.69
2014.09.16 23:11:34.653,0.79647,0.7966,1.69,1.25
2014.09.16 23:11:43.462,0.79647,0.7966,1.25,1.69
2014.09.16 23:11:44.475,0.79648,0.7966,1.19,1.19
2014.09.16 23:11:46.580,0.79647,0.7966,1.69,1.19
2014.09.16 23:11:47.676,0.79647,0.79661,2.44,1.69
2014.09.16 23:11:55.798,0.79649,0.79662,1.19,1.62
2014.09.16 23:11:55.900,0.79649,0.79662,1.19,1.31
2014.09.16 23:11:56.913,0.7965,0.79662,1.69,2.06
2014.09.16 23:11:57.917,0.7965,0.79662,1.25,1.62
2014.09.16 23:11:58.020,0.7965,0.79662,1.25,1.25
2014.09.16 23:11:59.631,0.7965,0.79662,1.25,1.62
2014.09.16 23:11:59.834,0.7965,0.79662,1.25,1.25
2014.09.16 23:12:02.100,0.7965,0.79662,1.25,1.62
2014.09.16 23:12:02.602,0.79649,0.79661,1.19,2.06
2014.09.16 23:12:03.419,0.79649,0.79661,1.25,1.25
2014.09.16 23:12:04.294,0.79649,0.79661,1.25,1.62
2014.09.16 23:12:04.598,0.7965,0.79661,1.19,1.31
2014.09.16 23:12:05.435,0.7965,0.79661,1.19,1.62
2014.09.16 23:12:05.942,0.7965,0.79661,1.19,1.25
2014.09.16 23:12:06.449,0.79649,0.79661,1.69,1.00
2014.09.16 23:12:06.956,0.79649,0.79661,1.69,1.37
2014.09.16 23:12:07.261,0.79649,0.79661,1.00,2.06
2014.09.16 23:12:07.413,0.79647,0.79661,2.44,2.81
2014.09.16 23:12:07.920,0.79649,0.79661,1.00,2.06
2014.09.16 23:12:08.443,0.79649,0.79661,1.69,1.37
2014.09.16 23:12:08.950,0.79649,0.79661,1.69,1.00
2014.09.16 23:12:09.561,0.79649,0.79661,1.69,1.37
2014.09.16 23:12:11.332,0.79649,0.79661,1.69,1.00
2014.09.16 23:12:12.200,0.79649,0.79661,1.69,1.69
2014.09.16 23:12:15.044,0.79649,0.79661,1.69,1.00
2014.09.16 23:12:21.288,0.79649,0.79662,1.69,1.25
2014.09.16 23:12:25.278,0.7965,0.79662,1.19,1.69
2014.09.16 23:12:46.879,0.79649,0.79662,1.69,1.31
2014.09.16 23:12:59.774,0.7965,0.79662,1.19,2.06
2014.09.16 23:13:01.177,0.79649,0.79662,1.69,1.31
2014.09.16 23:13:08.909,0.79649,0.79663,2.81,1.69
2014.09.16 23:13:09.011,0.79652,0.79665,1.31,1.69
2014.09.16 23:13:09.113,0.79654,0.79664,1.19,1.50
2014.09.16 23:13:09.215,0.79654,0.79667,1.69,1.25
2014.09.16 23:13:11.318,0.79655,0.79669,1.69,1.69
2014.09.16 23:13:14.605,0.79656,0.79668,1.00,2.44
2014.09.16 23:13:15.137,0.79655,0.79668,1.25,2.44
2014.09.16 23:13:17.134,0.79655,0.79668,1.25,4.31
2014.09.16 23:13:17.236,0.79653,0.79665,2.44,1.19
2014.09.16 23:13:18.361,0.79653,0.79667,2.06,1.19
2014.09.16 23:13:19.625,0.79653,0.79666,1.31,1.19
2014.09.16 23:13:20.132,0.79652,0.79663,1.69,1.19
2014.09.16 23:13:20.640,0.7965,0.79662,1.50,1.19
2014.09.16 23:13:21.225,0.79649,0.79662,1.25,1.19
2014.09.16 23:13:22.825,0.79649,0.79663,1.69,3.19
2014.09.16 23:13:23.869,0.7965,0.79662,1.69,1.19
2014.09.16 23:13:25.039,0.7965,0.79663,1.25,1.69
2014.09.16 23:13:30.875,0.7965,0.79663,1.69,1.25
2014.09.16 23:13:31.987,0.79652,0.79663,1.19,1.25
2014.09.16 23:13:33.457,0.79654,0.79667,1.19,1.25
2014.09.16 23:13:34.992,0.79654,0.79666,1.19,1.19
2014.09.16 23:13:36.152,0.79653,0.79667,3.19,1.69
2014.09.16 23:13:37.362,0.79654,0.79666,1.19,1.19
2014.09.16 23:13:38.357,0.79653,0.79667,3.19,2.06
2014.09.16 23:13:40.726,0.79653,0.79667,3.19,2.06
2014.09.16 23:13:41.137,0.79653,0.79667,2.44,3.56
2014.09.16 23:13:41.238,0.79652,0.79665,1.69,1.56
2014.09.16 23:13:41.746,0.79652,0.79665,1.69,1.19
2014.09.16 23:13:42.275,0.79653,0.79665,1.00,1.19
2014.09.16 23:13:42.377,0.79653,0.79666,1.69,1.31
2014.09.16 23:13:43.853,0.79653,0.79666,1.19,1.62
2014.09.16 23:13:44.363,0.79653,0.79665,1.19,1.19
2014.09.16 23:13:49.377,0.79652,0.79666,2.44,1.19
2014.09.16 23:13:53.976,0.79657,0.79666,1.00,1.19
2014.09.16 23:13:54.027,0.79657,0.79667,1.00,1.50
2014.09.16 23:13:54.078,0.79658,0.79667,1.37,1.50
2014.09.16 23:13:54.180,0.79658,0.79669,1.69,1.00
2014.09.16 23:13:54.332,0.7966,0.79671,1.19,1.00
2014.09.16 23:13:54.435,0.79661,0.79674,1.69,1.69
2014.09.16 23:13:54.945,0.79662,0.79675,1.69,1.69
2014.09.16 23:13:55.098,0.79663,0.79675,1.19,1.00
2014.09.16 23:13:55.606,0.79663,0.79677,1.69,1.69
2014.09.16 23:13:58.205,0.79662,0.79675,1.25,2.06
2014.09.16 23:13:59.233,0.79661,0.79673,1.69,1.19
2014.09.16 23:14:01.082,0.79661,0.79673,2.06,1.56
2014.09.16 23:14:03.112,0.7966,0.79672,1.50,1.19
2014.09.16 23:14:03.622,0.79658,0.79672,2.06,1.69
2014.09.16 23:14:04.233,0.79658,0.7967,1.31,1.19
2014.09.16 23:14:06.625,0.79657,0.79671,3.19,1.69
2014.09.16 23:14:07.615,0.79657,0.7967,2.44,1.19
2014.09.16 23:14:08.408,0.79659,0.79671,1.19,1.69
2014.09.16 23:14:09.628,0.79659,0.79672,1.19,1.25
2014.09.16 23:14:11.628,0.79659,0.79672,1.25,1.69
2014.09.16 23:14:12.240,0.7966,0.79672,1.19,1.00
2014.09.16 23:14:12.752,0.79662,0.79674,1.69,1.00
2014.09.16 23:14:13.260,0.79664,0.79675,1.00,1.25
2014.09.16 23:14:13.770,0.79665,0.79675,1.19,1.00
2014.09.16 23:14:15.834,0.79664,0.79675,2.44,1.00
2014.09.16 23:14:15.886,0.79664,0.79677,2.44,1.25
2014.09.16 23:14:21.384,0.79665,0.79677,1.19,1.69
2014.09.16 23:14:23.772,0.79664,0.79677,1.69,1.69
2014.09.16 23:14:27.155,0.79666,0.79677,1.19,1.25
2014.09.16 23:14:28.975,0.79667,0.79677,1.19,1.00
2014.09.16 23:14:29.077,0.79667,0.79679,1.19,1.00
2014.09.16 23:14:29.585,0.79668,0.79681,1.25,1.19
2014.09.16 23:14:30.093,0.79668,0.7968,1.00,1.69
2014.09.16 23:14:30.398,0.79666,0.79677,1.19,1.00
2014.09.16 23:14:30.499,0.79665,0.79677,1.69,1.25
2014.09.16 23:14:30.905,0.79663,0.79674,1.25,1.19
2014.09.16 23:14:32.226,0.79661,0.79673,1.00,1.69
2014.09.16 23:14:32.733,0.79658,0.79671,1.69,1.19
2014.09.16 23:14:36.839,0.79658,0.7967,1.00,1.19
2014.09.16 23:14:39.052,0.79658,0.79671,1.25,1.69
2014.09.16 23:14:40.371,0.79658,0.7967,1.00,1.19
2014.09.16 23:14:41.472,0.79658,0.79669,1.25,1.19
2014.09.16 23:14:46.575,0.79658,0.79671,1.25,1.69
2014.09.16 23:14:53.876,0.79658,0.7967,1.69,1.19
2014.09.16 23:14:55.352,0.79658,0.79671,1.25,1.69
2014.09.16 23:14:58.864,0.79658,0.7967,1.00,1.19
2014.09.16 23:15:01.003,0.79656,0.7967,2.81,1.19
2014.09.16 23:15:01.104,0.79661,0.79669,1.00,1.25
2014.09.16 23:15:14.898,0.79661,0.79669,1.00,1.69
2014.09.16 23:15:15.894,0.79661,0.79669,1.00,1.25
2014.09.16 23:15:29.316,0.79661,0.79669,1.00,1.69
2014.09.16 23:15:30.429,0.79661,0.79669,1.00,1.00
2014.09.16 23:15:32.667,0.79661,0.79669,1.00,1.69
2014.09.16 23:15:33.731,0.79661,0.79669,1.00,1.00
2014.09.16 23:15:44.473,0.79661,0.79669,1.00,1.69
2014.09.16 23:15:45.985,0.79661,0.79669,1.00,1.00
2014.09.16 23:16:01.194,0.79657,0.79671,1.19,1.19
2014.09.16 23:16:02.112,0.79659,0.79671,1.00,1.19
2014.09.16 23:16:02.986,0.79659,0.79672,1.25,1.19
2014.09.16 23:16:07.100,0.79658,0.7967,1.69,1.19
2014.09.16 23:16:08.228,0.79658,0.79671,1.25,1.19
2014.09.16 23:16:09.214,0.79658,0.7967,1.00,1.19
2014.09.16 23:16:19.208,0.79658,0.79671,1.25,1.19
2014.09.16 23:16:21.923,0.79658,0.7967,1.00,1.19
2014.09.16 23:16:25.118,0.79658,0.7967,1.69,1.19
2014.09.16 23:16:29.468,0.79658,0.79671,1.25,1.19
2014.09.16 23:16:45.679,0.79658,0.79669,1.25,1.19
2014.09.16 23:16:49.664,0.79658,0.7967,1.25,1.25
2014.09.16 23:16:51.710,0.79658,0.7967,1.69,1.69
2014.09.16 23:16:54.172,0.79658,0.7967,1.00,1.69
2014.09.16 23:16:59.280,0.79658,0.7967,1.25,1.25
2014.09.16 23:17:04.551,0.7966,0.79671,1.00,1.19
2014.09.16 23:17:09.007,0.7966,0.7967,1.00,1.19
2014.09.16 23:17:12.391,0.79656,0.7967,2.44,1.19
2014.09.16 23:17:15.409,0.79657,0.79671,1.19,1.69
2014.09.16 23:17:19.315,0.79656,0.7967,2.81,1.19
2014.09.16 23:17:20.168,0.79656,0.7967,2.81,1.94
2014.09.16 23:17:23.137,0.79656,0.7967,2.44,1.69
2014.09.16 23:17:31.827,0.79656,0.7967,2.44,1.94
2014.09.16 23:17:32.586,0.79657,0.79667,1.25,1.00
2014.09.16 23:17:35.146,0.79657,0.79666,1.00,1.19
2014.09.16 23:17:36.258,0.79657,0.79667,1.00,1.69
2014.09.16 23:17:42.783,0.79657,0.79666,1.00,1.19
2014.09.16 23:17:46.272,0.79657,0.79667,1.00,1.69
2014.09.16 23:18:00.982,0.79655,0.79665,1.00,1.00
2014.09.16 23:18:01.490,0.79653,0.79662,1.31,1.00
2014.09.16 23:18:01.997,0.79652,0.79662,1.69,1.00
2014.09.16 23:18:08.814,0.79652,0.79662,1.25,1.00
2014.09.16 23:18:12.935,0.79652,0.79662,1.69,1.00
2014.09.16 23:18:13.813,0.79653,0.79662,1.19,1.00
2014.09.16 23:18:14.865,0.79654,0.79662,1.19,1.00
2014.09.16 23:18:17.910,0.79653,0.79662,3.19,1.00
2014.09.16 23:18:20.079,0.79654,0.79662,1.19,1.00
2014.09.16 23:18:21.314,0.79654,0.79664,1.19,1.00
2014.09.16 23:18:21.618,0.79656,0.79667,1.00,1.62
2014.09.16 23:18:22.137,0.79656,0.79667,1.00,1.25
2014.09.16 23:18:23.421,0.79656,0.79666,1.00,1.19
2014.09.16 23:18:25.585,0.79656,0.79667,1.00,1.69
2014.09.16 23:18:27.204,0.79656,0.79667,1.00,1.25
2014.09.16 23:18:30.696,0.79656,0.79667,1.87,1.25
2014.09.16 23:18:31.102,0.79658,0.79669,1.31,1.00
2014.09.16 23:18:31.306,0.79659,0.79669,1.31,1.00
2014.09.16 23:18:31.608,0.79662,0.79671,1.00,1.00
2014.09.16 23:18:35.712,0.79663,0.79674,1.00,1.69
2014.09.16 23:18:46.420,0.79663,0.79673,1.00,1.19
2014.09.16 23:18:47.722,0.79663,0.79674,1.00,1.69
2014.09.16 23:18:49.234,0.79663,0.79673,1.00,1.19
2014.09.16 23:18:53.331,0.79663,0.79674,1.00,1.69
2014.09.16 23:18:54.578,0.79663,0.79673,1.00,1.19
2014.09.16 23:18:56.869,0.79663,0.79674,1.00,1.69
2014.09.16 23:18:58.239,0.79663,0.79673,1.00,1.19
2014.09.16 23:19:00.781,0.79663,0.79674,1.00,1.69
2014.09.16 23:19:07.288,0.79663,0.79673,1.00,1.19
2014.09.16 23:19:10.586,0.79663,0.79674,1.00,1.69
2014.09.16 23:19:16.273,0.79663,0.79673,1.00,1.19
2014.09.16 23:19:30.645,0.79663,0.79672,1.00,1.19
2014.09.16 23:19:35.737,0.7966,0.79672,1.19,1.19
2014.09.16 23:19:40.810,0.79659,0.79673,1.19,1.19
2014.09.16 23:19:49.930,0.7966,0.79674,1.19,2.44
2014.09.16 23:19:51.027,0.79659,0.79673,1.19,1.19
2014.09.16 23:19:55.074,0.7966,0.79674,1.19,2.44
2014.09.16 23:19:56.667,0.79661,0.79672,1.25,1.00
2014.09.16 23:20:01.251,0.79661,0.79672,1.69,1.25
2014.09.16 23:20:03.378,0.79661,0.79672,1.25,1.00
2014.09.16 23:20:13.081,0.79661,0.79672,1.69,1.25
2014.09.16 23:20:17.472,0.79661,0.79672,1.25,1.00
2014.09.16 23:20:31.494,0.79661,0.79672,1.69,1.25
2014.09.16 23:20:34.414,0.79661,0.79672,1.25,1.00
2014.09.16 23:20:37.303,0.79661,0.79672,1.69,1.25
2014.09.16 23:20:40.307,0.79661,0.79672,1.25,1.00
2014.09.16 23:20:50.709,0.7966,0.7967,1.19,1.00
2014.09.16 23:21:04.549,0.79664,0.7967,1.00,1.00
2014.09.16 23:21:05.405,0.79664,0.79673,1.00,2.44
2014.09.16 23:21:05.558,0.79662,0.79673,1.00,1.25
2014.09.16 23:21:06.179,0.79662,0.79673,1.25,1.69
2014.09.16 23:21:07.263,0.79662,0.79673,1.00,1.25
2014.09.16 23:21:18.172,0.79662,0.79673,1.25,1.69
2014.09.16 23:21:19.419,0.79662,0.79673,1.00,1.25
2014.09.16 23:21:36.903,0.79662,0.79673,1.69,1.25
2014.09.16 23:21:37.905,0.79662,0.79673,1.25,1.00
2014.09.16 23:21:45.117,0.79662,0.79673,1.69,1.00
2014.09.16 23:21:46.619,0.79662,0.79673,1.25,1.00
2014.09.16 23:21:55.560,0.79662,0.79673,1.69,1.25
2014.09.16 23:21:56.834,0.79662,0.79673,1.25,1.00
2014.09.16 23:22:05.646,0.79661,0.79675,2.06,1.19
2014.09.16 23:22:06.308,0.79662,0.79676,1.19,1.19
2014.09.16 23:22:09.055,0.79663,0.79675,1.19,1.19
2014.09.16 23:22:12.662,0.79661,0.79675,2.06,1.19
2014.09.16 23:22:14.703,0.79662,0.79676,1.19,1.19
2014.09.16 23:22:15.707,0.79662,0.79674,1.19,1.19
2014.09.16 23:22:18.770,0.79662,0.79676,1.19,1.19
2014.09.16 23:22:21.776,0.79663,0.79675,1.19,1.19
2014.09.16 23:22:25.080,0.79662,0.79676,1.19,1.19
2014.09.16 23:22:27.506,0.79662,0.79674,1.19,1.19
2014.09.16 23:22:34.321,0.79663,0.79675,1.19,1.19
2014.09.16 23:22:37.916,0.79662,0.79674,1.19,1.19
2014.09.16 23:22:43.607,0.79663,0.79675,1.19,1.19
2014.09.16 23:22:44.809,0.79662,0.79676,1.19,1.69
2014.09.16 23:22:45.120,0.79662,0.79672,1.69,1.00
2014.09.16 23:22:52.620,0.79662,0.79672,1.25,1.00
2014.09.16 23:23:22.682,0.79663,0.79672,1.19,1.00
2014.09.16 23:23:23.868,0.79662,0.79672,1.25,1.00
2014.09.16 23:23:45.310,0.79661,0.79675,1.31,1.19
2014.09.16 23:23:54.562,0.79662,0.79674,1.19,1.19
2014.09.16 23:23:58.819,0.79661,0.79675,1.31,1.19
2014.09.16 23:24:01.725,0.79662,0.79674,1.19,1.19
2014.09.16 23:24:12.492,0.79661,0.79675,1.69,1.69
2014.09.16 23:24:24.774,0.79662,0.79674,1.19,1.31
2014.09.16 23:24:30.575,0.79661,0.79675,1.19,1.31
2014.09.16 23:24:42.024,0.7966,0.79674,3.56,1.19
2014.09.16 23:24:44.799,0.79661,0.79675,1.19,1.31
2014.09.16 23:24:51.709,0.7966,0.79674,3.56,1.19
2014.09.16 23:24:52.836,0.79661,0.79675,1.19,1.31
2014.09.16 23:24:59.823,0.79662,0.79674,1.19,1.19
2014.09.16 23:25:04.568,0.7966,0.79674,2.06,2.06
2014.09.16 23:25:06.870,0.79661,0.79674,1.69,1.69
2014.09.16 23:25:10.981,0.79661,0.79674,1.25,2.06
2014.09.16 23:25:18.469,0.79663,0.79674,1.00,2.81
2014.09.16 23:25:21.762,0.79663,0.79674,1.00,2.44
2014.09.16 23:25:27.971,0.79663,0.79674,1.00,2.81
2014.09.16 23:25:34.006,0.79663,0.79674,1.00,2.06
2014.09.16 23:25:39.931,0.79663,0.79674,1.00,2.06
2014.09.16 23:25:51.920,0.79663,0.79673,1.00,1.31
2014.09.16 23:25:55.919,0.79663,0.79674,1.00,2.06
2014.09.16 23:26:05.059,0.79663,0.79674,1.00,1.25
2014.09.16 23:26:08.309,0.79663,0.79673,1.00,1.00
2014.09.16 23:26:11.425,0.79663,0.79674,1.00,1.69
2014.09.16 23:26:18.574,0.79661,0.79674,1.31,1.31
2014.09.16 23:26:21.008,0.7966,0.79674,2.81,2.06
2014.09.16 23:26:24.166,0.79661,0.79674,1.31,1.31
2014.09.16 23:26:25.583,0.7966,0.79674,2.81,2.06
2014.09.16 23:26:26.671,0.79661,0.79674,1.31,1.31
2014.09.16 23:26:30.378,0.7966,0.79674,2.81,2.06
2014.09.16 23:26:32.503,0.79661,0.79674,1.31,1.25
2014.09.16 23:26:33.822,0.79662,0.79674,1.31,1.00
2014.09.16 23:26:34.708,0.79662,0.79675,1.31,5.81
2014.09.16 23:26:42.236,0.79661,0.79675,1.56,6.56
2014.09.16 23:26:44.224,0.79662,0.79675,1.31,5.81
2014.09.16 23:26:49.910,0.79663,0.79675,1.31,1.69
2014.09.16 23:26:52.253,0.79662,0.79675,1.56,1.25
2014.09.16 23:26:54.233,0.79662,0.79674,1.31,1.00
2014.09.16 23:27:05.138,0.79661,0.79674,1.56,1.25
2014.09.16 23:27:07.530,0.79661,0.79674,1.56,1.25
2014.09.16 23:27:07.986,0.79661,0.79675,2.06,2.44
2014.09.16 23:27:08.037,0.79665,0.79675,1.00,2.44
2014.09.16 23:27:09.157,0.79665,0.79674,1.00,1.69
2014.09.16 23:27:11.468,0.79665,0.79673,1.00,3.19
2014.09.16 23:27:21.702,0.79665,0.79673,1.00,2.44
2014.09.16 23:27:22.361,0.7966,0.79673,1.19,2.44
2014.09.16 23:27:22.928,0.7966,0.79673,1.69,3.19
2014.09.16 23:27:45.944,0.7966,0.79672,1.69,1.19
2014.09.16 23:27:48.811,0.7966,0.79673,1.69,1.25
2014.09.16 23:27:50.214,0.7966,0.79672,1.69,1.19
2014.09.16 23:27:55.176,0.79663,0.79671,1.00,1.25
2014.09.16 23:28:19.627,0.79665,0.79675,1.00,1.31
2014.09.16 23:29:19.640,0.79663,0.79676,1.25,1.19
2014.09.16 23:29:29.673,0.79663,0.79675,1.69,1.19
2014.09.16 23:29:30.876,0.79663,0.79677,1.69,1.69
2014.09.16 23:29:32.083,0.79663,0.79676,1.25,1.19
2014.09.16 23:29:38.887,0.79663,0.79675,1.69,1.19
2014.09.16 23:29:40.401,0.79663,0.79676,1.62,1.19
2014.09.16 23:29:40.705,0.79667,0.79677,1.00,2.06
2014.09.16 23:29:41.214,0.79667,0.79677,1.25,1.12
2014.09.16 23:29:43.123,0.79667,0.79677,1.69,1.00
2014.09.16 23:29:51.507,0.79667,0.79677,1.25,1.00
2014.09.16 23:30:04.933,0.79667,0.79677,1.69,1.00
2014.09.16 23:30:09.064,0.79667,0.79677,1.00,1.00
2014.09.16 23:30:29.877,0.79667,0.79675,1.25,1.00
2014.09.16 23:30:39.003,0.79667,0.79675,1.69,1.00
2014.09.16 23:30:39.599,0.79667,0.79677,1.69,1.50
2014.09.16 23:30:40.290,0.79667,0.79677,1.00,1.00
2014.09.16 23:30:41.039,0.79665,0.79678,1.19,1.31
2014.09.16 23:30:44.897,0.79664,0.79678,1.31,2.44
2014.09.16 23:30:47.031,0.79665,0.79677,1.31,1.19
2014.09.16 23:30:47.133,0.79668,0.79677,1.00,1.19
2014.09.16 23:30:48.049,0.79668,0.79678,1.00,2.06
2014.09.16 23:30:52.952,0.79668,0.79678,1.00,2.44
2014.09.16 23:30:56.015,0.79668,0.79678,1.00,1.69
2014.09.16 23:30:59.065,0.79668,0.79677,1.00,1.19
2014.09.16 23:31:02.872,0.79668,0.79678,1.00,1.69
2014.09.16 23:31:04.029,0.79668,0.79677,1.00,1.19
2014.09.16 23:31:08.043,0.79668,0.79678,1.00,2.44
2014.09.16 23:31:34.973,0.79668,0.79677,1.00,1.69
2014.09.16 23:31:47.105,0.79665,0.79677,1.31,1.69
2014.09.16 23:31:49.894,0.79664,0.79677,2.06,1.25
2014.09.16 23:31:50.045,0.79667,0.79677,1.00,1.69
2014.09.16 23:32:08.768,0.79667,0.79677,1.00,2.44
2014.09.16 23:32:13.933,0.79667,0.79677,1.00,1.69
2014.09.16 23:32:21.547,0.79667,0.79677,1.00,1.69
2014.09.16 23:32:34.170,0.79667,0.79677,1.00,1.25
2014.09.16 23:32:50.109,0.79664,0.79678,2.06,1.69
2014.09.16 23:33:33.158,0.79665,0.79677,1.19,1.69
2014.09.16 23:33:49.282,0.79664,0.79676,2.06,1.69
2014.09.16 23:33:52.305,0.79664,0.79676,1.56,1.00
2014.09.16 23:34:03.111,0.79664,0.79676,1.56,1.69
2014.09.16 23:34:04.103,0.79663,0.79676,3.52,1.25
2014.09.16 23:34:05.155,0.79664,0.79677,1.56,1.31
2014.09.16 23:34:05.672,0.79665,0.79678,1.62,2.44
2014.09.16 23:34:07.225,0.79664,0.79677,1.31,1.25
2014.09.16 23:34:17.971,0.79665,0.79677,1.19,6.56
2014.09.16 23:34:19.128,0.79665,0.79677,1.19,5.62
2014.09.16 23:34:20.129,0.79664,0.79677,1.31,5.81
2014.09.16 23:34:22.435,0.79665,0.79677,1.19,5.62
2014.09.16 23:34:25.539,0.79665,0.79677,1.19,6.56
2014.09.16 23:34:27.142,0.79664,0.79677,2.81,5.81
2014.09.16 23:34:31.256,0.79665,0.79677,1.19,6.56
2014.09.16 23:34:32.281,0.79664,0.79677,2.81,5.81
2014.09.16 23:34:37.453,0.79664,0.79677,2.06,5.81
2014.09.16 23:34:39.561,0.79664,0.79677,2.06,5.81
2014.09.16 23:34:46.176,0.79665,0.79677,1.31,6.56
2014.09.16 23:34:47.320,0.79664,0.79677,2.06,5.81
2014.09.16 23:34:51.186,0.79665,0.79677,1.31,6.56
2014.09.16 23:34:55.026,0.79664,0.79677,2.06,5.81
2014.09.16 23:35:09.555,0.79664,0.79678,2.06,1.31
2014.09.16 23:35:14.562,0.79664,0.79678,1.31,1.19
2014.09.16 23:35:28.550,0.79663,0.79677,5.06,1.19
2014.09.16 23:35:30.678,0.79664,0.79678,1.31,1.19
2014.09.16 23:35:38.163,0.79664,0.79676,1.31,1.19
2014.09.16 23:35:39.178,0.79664,0.79678,1.31,1.19
2014.09.16 23:35:49.983,0.79666,0.79678,1.19,1.69
2014.09.16 23:35:52.587,0.79665,0.79678,1.31,1.25
2014.09.16 23:35:53.111,0.79668,0.79678,1.00,1.25
2014.09.16 23:35:53.827,0.79668,0.79678,1.00,1.69
2014.09.16 23:36:00.808,0.79666,0.79676,1.00,1.00
2014.09.16 23:36:02.961,0.79666,0.79675,1.00,1.00
2014.09.16 23:36:14.022,0.79666,0.79675,1.37,1.00
2014.09.16 23:36:14.527,0.79666,0.79675,1.00,1.00
2014.09.16 23:36:15.628,0.79666,0.79677,1.00,6.56
2014.09.16 23:36:24.741,0.79666,0.79677,1.00,7.31
2014.09.16 23:36:26.058,0.79666,0.79677,1.00,6.56
2014.09.16 23:36:31.279,0.79666,0.79675,1.00,1.00
2014.09.16 23:36:31.851,0.79665,0.79675,1.00,1.00
2014.09.16 23:36:34.199,0.79665,0.79676,1.00,6.56
2014.09.16 23:37:05.633,0.79665,0.79676,1.25,7.31
2014.09.16 23:37:10.733,0.79665,0.79676,1.00,6.56
2014.09.16 23:37:24.757,0.79665,0.79676,1.25,2.44
2014.09.16 23:37:28.737,0.79665,0.79676,1.00,1.69
2014.09.16 23:37:31.478,0.79663,0.79676,4.31,1.25
2014.09.16 23:37:35.748,0.79664,0.79676,1.31,1.69
2014.09.16 23:37:43.770,0.79663,0.79676,4.31,1.25
2014.09.16 23:38:04.093,0.79664,0.79676,1.31,1.69
2014.09.16 23:38:05.094,0.79663,0.79676,4.31,1.25
2014.09.16 23:38:09.021,0.79664,0.79676,2.06,1.69
2014.09.16 23:38:11.405,0.79665,0.79676,1.19,1.25
2014.09.16 23:38:12.507,0.79664,0.79676,1.31,1.25
2014.09.16 23:38:17.515,0.79664,0.79676,1.31,5.62
2014.09.16 23:38:18.617,0.79663,0.79676,4.31,1.25
2014.09.16 23:38:19.561,0.79663,0.79676,4.31,1.25
2014.09.16 23:38:29.752,0.79664,0.79676,1.56,1.69
2014.09.16 23:38:37.246,0.79663,0.79676,3.56,1.25
2014.09.16 23:38:41.452,0.79664,0.79676,1.56,1.69
2014.09.16 23:38:50.091,0.79663,0.79676,3.56,1.25
2014.09.16 23:38:51.998,0.79663,0.79675,1.00,2.06
2014.09.16 23:38:52.302,0.79661,0.79671,1.19,1.00
2014.09.16 23:38:52.811,0.7966,0.79671,1.00,1.69
2014.09.16 23:38:53.321,0.79659,0.7967,1.25,1.00
2014.09.16 23:38:54.031,0.79657,0.79668,1.69,1.00
2014.09.16 23:38:54.488,0.79656,0.79667,1.69,1.00
2014.09.16 23:38:55.927,0.79655,0.79666,1.25,1.00
2014.09.16 23:38:59.786,0.79655,0.79666,2.06,1.25
2014.09.16 23:39:03.630,0.79655,0.79666,1.25,1.00
2014.09.16 23:39:04.595,0.79656,0.79666,1.19,1.00
2014.09.16 23:39:05.608,0.79655,0.79666,1.69,1.00
2014.09.16 23:39:10.737,0.79656,0.79666,1.19,1.00
2014.09.16 23:39:11.811,0.79655,0.79666,1.69,1.00
2014.09.16 23:39:12.802,0.79655,0.79666,1.25,1.00
2014.09.16 23:39:14.838,0.79655,0.79666,1.69,1.00
2014.09.16 23:39:17.920,0.79655,0.79666,1.25,1.00
2014.09.16 23:39:24.036,0.79655,0.79666,1.69,1.00
2014.09.16 23:39:35.088,0.79655,0.79665,2.06,1.00
2014.09.16 23:39:38.443,0.79656,0.79665,1.19,1.00
2014.09.16 23:39:39.446,0.79655,0.79665,2.44,1.00
2014.09.16 23:39:42.367,0.79655,0.79666,1.69,1.00
2014.09.16 23:39:45.327,0.79657,0.79667,1.00,1.00
2014.09.16 23:40:04.571,0.79657,0.79666,1.50,1.00
2014.09.16 23:40:13.791,0.79657,0.79665,1.50,1.00
2014.09.16 23:40:14.328,0.79657,0.79666,1.50,1.00
2014.09.16 23:40:22.356,0.79656,0.79666,1.50,1.00
2014.09.16 23:40:57.631,0.79657,0.79666,1.00,1.00
2014.09.16 23:40:58.149,0.79656,0.79666,1.50,1.50
2014.09.16 23:41:02.474,0.79657,0.79666,1.00,1.00
2014.09.16 23:41:03.064,0.79656,0.79666,1.50,1.00
2014.09.16 23:41:04.081,0.79657,0.79666,1.00,1.00
2014.09.16 23:41:04.734,0.79655,0.79667,1.25,1.25
2014.09.16 23:41:05.348,0.79656,0.79668,1.00,2.44
2014.09.16 23:41:06.257,0.79655,0.79667,1.25,1.25
2014.09.16 23:41:07.477,0.79655,0.79667,1.69,1.69
2014.09.16 23:41:18.707,0.79655,0.79666,1.25,1.00
2014.09.16 23:41:19.406,0.79657,0.79666,1.00,1.00
2014.09.16 23:41:19.869,0.79655,0.79666,1.25,1.00
2014.09.16 23:41:20.664,0.79656,0.79666,1.00,1.00
2014.09.16 23:41:23.842,0.79655,0.79667,2.06,1.00
2014.09.16 23:41:24.928,0.79655,0.79667,1.31,1.25
2014.09.16 23:41:28.906,0.79655,0.79667,2.06,1.00
2014.09.16 23:41:30.041,0.79656,0.79667,1.31,1.25
2014.09.16 23:41:35.129,0.79655,0.79667,2.44,1.00
2014.09.16 23:41:39.828,0.79657,0.79667,1.00,1.00
2014.09.16 23:41:41.033,0.79656,0.79666,2.06,1.00
2014.09.16 23:41:42.228,0.79656,0.79666,1.25,1.00
2014.09.16 23:41:43.059,0.79656,0.79666,1.69,1.00
2014.09.16 23:41:43.586,0.79656,0.79668,1.69,3.19
2014.09.16 23:41:44.073,0.79655,0.79667,2.06,1.25
2014.09.16 23:41:44.598,0.79655,0.79667,2.44,1.25
2014.09.16 23:41:45.335,0.79656,0.79666,1.31,1.00
2014.09.16 23:41:45.538,0.79656,0.79668,1.31,1.69
2014.09.16 23:41:47.437,0.79656,0.79668,2.06,2.44
2014.09.16 23:41:52.552,0.79656,0.79668,1.12,2.44
2014.09.16 23:41:53.111,0.79656,0.79666,1.12,1.00
2014.09.16 23:42:04.462,0.79656,0.79665,1.00,1.00
2014.09.16 23:42:10.602,0.79656,0.79666,1.12,1.50
2014.09.16 23:42:15.964,0.79655,0.79666,2.81,1.00
2014.09.16 23:42:22.148,0.79656,0.79667,1.00,2.44
2014.09.16 23:42:32.623,0.79657,0.79667,1.00,3.19
2014.09.16 23:42:33.131,0.79658,0.79667,1.00,1.69
2014.09.16 23:42:34.023,0.79659,0.79667,1.00,1.00
2014.09.16 23:42:41.522,0.79658,0.79667,1.12,1.25
2014.09.16 23:42:44.373,0.79657,0.79666,1.50,1.50
2014.09.16 23:42:44.881,0.79657,0.79667,1.87,1.12
2014.09.16 23:42:45.417,0.79658,0.79668,1.00,1.69
2014.09.16 23:42:47.657,0.79657,0.79668,1.87,1.25
2014.09.16 23:42:54.050,0.79658,0.79668,1.00,1.25
2014.09.16 23:42:55.670,0.79657,0.79668,1.87,1.25
2014.09.16 23:42:58.062,0.79658,0.79668,1.00,1.25
2014.09.16 23:42:59.562,0.79657,0.79668,1.87,1.25
2014.09.16 23:43:00.070,0.79658,0.79668,1.00,1.69
2014.09.16 23:43:02.918,0.79658,0.79668,1.00,2.44
2014.09.16 23:43:03.887,0.79658,0.79668,1.00,1.69
2014.09.16 23:43:07.278,0.79658,0.79668,1.00,2.44
2014.09.16 23:43:09.489,0.79658,0.79668,1.00,1.69
2014.09.16 23:43:10.507,0.79658,0.79668,1.00,1.69
2014.09.16 23:43:11.583,0.79658,0.79668,1.00,1.25
2014.09.16 23:43:16.398,0.79657,0.79666,2.25,1.00
2014.09.16 23:43:16.927,0.79657,0.79666,2.62,1.00
2014.09.16 23:43:17.434,0.79657,0.79666,1.87,1.00
2014.09.16 23:43:18.382,0.79657,0.79666,1.87,1.00
2014.09.16 23:43:19.586,0.79657,0.79666,1.87,1.00
2014.09.16 23:43:20.126,0.79657,0.79666,1.87,1.00
2014.09.16 23:43:20.641,0.79657,0.79666,1.87,1.00
2014.09.16 23:43:21.230,0.79657,0.79666,1.87,1.00
2014.09.16 23:43:22.998,0.79657,0.79666,2.81,1.00
2014.09.16 23:43:23.531,0.79658,0.79666,1.12,1.00
2014.09.16 23:43:24.412,0.79657,0.79666,2.81,1.00
2014.09.16 23:43:24.956,0.79657,0.79666,2.81,1.00
2014.09.16 23:43:25.477,0.79657,0.79666,2.81,1.00
2014.09.16 23:43:26.020,0.79658,0.79666,1.12,1.00
2014.09.16 23:43:28.562,0.79657,0.79666,2.25,1.00
2014.09.16 23:43:28.867,0.79659,0.79668,1.00,1.25
2014.09.16 23:43:29.500,0.79657,0.79668,2.44,1.25
2014.09.16 23:43:34.977,0.79659,0.79668,1.00,1.00
2014.09.16 23:43:51.038,0.79658,0.79668,1.00,1.50
2014.09.16 23:43:56.926,0.79657,0.79668,2.81,1.00
2014.09.16 23:43:58.412,0.79658,0.79668,1.00,1.69
2014.09.16 23:44:17.858,0.79658,0.79667,1.12,1.00
2014.09.16 23:44:18.409,0.79658,0.79668,1.12,1.25
2014.09.16 23:44:19.317,0.79658,0.79668,1.37,1.25
2014.09.16 23:44:22.923,0.79658,0.79668,1.12,1.00
2014.09.16 23:44:23.481,0.79658,0.79667,1.12,1.00
2014.09.16 23:44:26.981,0.79657,0.79667,2.62,1.00
2014.09.16 23:44:27.518,0.79658,0.79667,1.00,1.00
2014.09.16 23:44:58.259,0.79658,0.79666,1.87,1.00
2014.09.16 23:45:06.765,0.79659,0.79666,1.00,1.00
2014.09.16 23:45:18.779,0.79658,0.79666,3.37,1.00
2014.09.16 23:45:21.955,0.79658,0.79666,2.62,1.00
2014.09.16 23:45:30.874,0.79658,0.79666,2.81,1.00
2014.09.16 23:45:40.195,0.79659,0.79666,1.25,1.00
2014.09.16 23:45:42.345,0.79659,0.79666,1.62,1.00
2014.09.16 23:45:42.866,0.79659,0.79666,2.06,1.00
2014.09.16 23:45:42.917,0.7966,0.79668,1.00,1.00
2014.09.16 23:45:50.656,0.79661,0.79668,1.37,1.00
2014.09.16 23:45:50.860,0.79661,0.79668,1.12,1.00
2014.09.16 23:45:50.962,0.79661,0.79671,1.87,1.69
2014.09.16 23:45:51.673,0.79661,0.79671,1.87,1.69
2014.09.16 23:45:52.180,0.79662,0.79671,1.62,2.25
2014.09.16 23:45:52.789,0.79662,0.79672,2.81,1.00
2014.09.16 23:46:01.523,0.79663,0.79673,1.12,1.50
2014.09.16 23:46:02.810,0.79663,0.79672,1.31,1.50
2014.09.16 23:46:05.120,0.79663,0.79673,1.31,1.50
2014.09.16 23:46:06.509,0.79663,0.79672,1.31,1.00
2014.09.16 23:46:07.743,0.79664,0.79672,1.00,1.00
2014.09.16 23:46:09.790,0.79664,0.79673,1.00,1.50
2014.09.16 23:46:10.419,0.79663,0.79673,3.00,1.50
2014.09.16 23:46:11.852,0.79664,0.79673,1.50,1.00
2014.09.16 23:46:16.446,0.79665,0.79673,1.00,1.00
2014.09.16 23:46:16.961,0.79666,0.79673,1.00,1.00
2014.09.16 23:46:17.666,0.79665,0.79673,1.69,1.00
2014.09.16 23:46:18.990,0.79666,0.79673,1.00,1.00
2014.09.16 23:46:38.794,0.79666,0.79673,1.69,1.00
2014.09.16 23:46:40.596,0.79666,0.79673,1.00,1.00
2014.09.16 23:46:41.082,0.79668,0.79673,1.00,1.00
2014.09.16 23:46:41.184,0.79666,0.79673,1.50,1.00
2014.09.16 23:46:41.691,0.79667,0.79675,1.25,1.50
2014.09.16 23:46:42.197,0.79668,0.79676,1.50,1.00
2014.09.16 23:46:43.854,0.79669,0.79676,1.00,1.00
2014.09.16 23:46:44.385,0.79668,0.79676,1.25,1.00
2014.09.16 23:46:45.997,0.79668,0.79675,1.69,1.00
2014.09.16 23:46:46.150,0.7967,0.79675,1.00,1.00
2014.09.16 23:46:46.658,0.79669,0.79676,1.00,1.00
2014.09.16 23:46:47.165,0.79668,0.79677,1.25,1.00
2014.09.16 23:46:48.315,0.79667,0.79677,1.31,1.50
2014.09.16 23:46:52.703,0.79667,0.79675,1.00,1.00
2014.09.16 23:46:54.381,0.79668,0.79675,1.00,1.00
2014.09.16 23:47:02.882,0.79666,0.79675,1.69,1.00
2014.09.16 23:47:09.656,0.79665,0.79675,1.00,1.50
2014.09.16 23:47:10.013,0.79665,0.79673,1.00,1.50
2014.09.16 23:47:10.544,0.79665,0.79672,1.00,1.00
2014.09.16 23:47:11.660,0.79664,0.79672,1.00,1.50
2014.09.16 23:47:15.123,0.79664,0.7967,1.00,1.00
2014.09.16 23:47:15.953,0.79662,0.7967,1.00,1.50
2014.09.16 23:47:16.459,0.79661,0.7967,1.00,1.50
2014.09.16 23:47:24.697,0.79661,0.79671,1.00,2.25
2014.09.16 23:47:25.697,0.79661,0.79669,1.50,1.00
2014.09.16 23:47:26.002,0.79661,0.79671,1.50,2.25
2014.09.16 23:47:29.590,0.79661,0.7967,1.25,1.00
2014.09.16 23:47:46.955,0.79661,0.79671,1.25,1.69
2014.09.16 23:47:52.110,0.79661,0.79671,1.25,2.44
2014.09.16 23:47:52.565,0.79658,0.79668,1.69,1.50
2014.09.16 23:47:54.351,0.7966,0.79668,1.00,1.50
2014.09.16 23:47:54.858,0.7966,0.79668,1.69,1.50
2014.09.16 23:47:55.512,0.7966,0.79668,1.69,1.50
2014.09.16 23:47:56.378,0.79661,0.79668,1.25,1.50
2014.09.16 23:48:01.611,0.7966,0.79668,1.25,1.00
2014.09.16 23:48:03.173,0.79659,0.79668,1.25,1.00
2014.09.16 23:48:03.886,0.79658,0.79667,1.69,1.00
2014.09.16 23:48:04.816,0.79658,0.79667,1.25,1.00
2014.09.16 23:48:15.109,0.79656,0.79667,1.69,2.25
2014.09.16 23:48:24.826,0.79657,0.79667,1.19,1.50
2014.09.16 23:48:25.933,0.79658,0.79667,1.19,1.00
2014.09.16 23:48:28.432,0.79657,0.79667,1.19,1.50
2014.09.16 23:48:32.881,0.79658,0.79667,1.19,1.50
2014.09.16 23:48:34.853,0.79657,0.79667,1.19,1.50
2014.09.16 23:48:38.750,0.79658,0.79667,1.19,1.00
2014.09.16 23:48:40.475,0.79657,0.79667,1.19,1.00
2014.09.16 23:48:41.653,0.79658,0.79667,1.19,1.00
2014.09.16 23:48:42.878,0.79657,0.79667,1.19,1.00
2014.09.16 23:48:43.957,0.79658,0.79667,1.19,1.50
2014.09.16 23:48:45.086,0.79657,0.79666,1.31,1.00
2014.09.16 23:48:46.370,0.79658,0.79666,1.19,1.00
2014.09.16 23:48:47.396,0.79657,0.79666,1.31,1.00
2014.09.16 23:48:48.868,0.79658,0.79666,1.19,1.00
2014.09.16 23:48:51.012,0.79657,0.79666,1.19,1.00
2014.09.16 23:48:51.519,0.79657,0.79667,2.06,2.25
2014.09.16 23:48:53.079,0.79658,0.79667,1.19,2.25
2014.09.16 23:48:57.887,0.79659,0.79667,1.19,1.00
2014.09.16 23:49:04.208,0.79658,0.79667,1.69,1.00
2014.09.16 23:49:06.441,0.79659,0.79667,1.19,1.00
2014.09.16 23:49:08.806,0.79659,0.79668,1.19,1.00
2014.09.16 23:49:10.508,0.79658,0.79668,1.69,1.00
2014.09.16 23:49:12.317,0.79659,0.79669,1.25,1.00
2014.09.16 23:49:13.098,0.79659,0.79669,1.69,1.00
2014.09.16 23:49:14.610,0.79659,0.7967,1.19,1.00
2014.09.16 23:49:15.722,0.79659,0.79669,1.19,1.00
2014.09.16 23:49:19.621,0.79659,0.7967,2.81,1.00
2014.09.16 23:49:19.925,0.79662,0.7967,1.00,1.00
2014.09.16 23:49:20.441,0.79661,0.7967,1.12,1.00
2014.09.16 23:49:21.641,0.79663,0.7967,1.00,1.00
2014.09.16 23:49:21.793,0.79663,0.79672,1.00,1.00
2014.09.16 23:49:22.997,0.79663,0.79671,1.00,1.00
2014.09.16 23:49:42.343,0.79662,0.79671,1.00,1.25
2014.09.16 23:49:51.159,0.7966,0.79671,2.44,1.00
2014.09.16 23:49:51.261,0.79662,0.79671,1.00,1.00
2014.09.16 23:50:13.118,0.79664,0.79671,1.00,1.00
2014.09.16 23:50:13.224,0.79662,0.79671,1.50,1.00
2014.09.16 23:50:18.884,0.79662,0.7967,1.50,1.00
2014.09.16 23:50:19.340,0.79662,0.79668,1.50,1.00
2014.09.16 23:50:19.594,0.7966,0.79668,1.50,1.00
2014.09.16 23:50:40.119,0.79659,0.79668,1.00,1.00
2014.09.16 23:50:40.625,0.79658,0.79668,1.50,1.00
2014.09.16 23:50:44.019,0.79659,0.79668,1.00,1.00
2014.09.16 23:50:46.573,0.79658,0.79668,2.25,1.00
2014.09.16 23:50:47.117,0.79659,0.79668,1.00,1.00
2014.09.16 23:51:06.848,0.7966,0.79668,1.00,1.00
2014.09.16 23:51:19.334,0.7966,0.79671,1.00,2.06
2014.09.16 23:51:21.355,0.7966,0.79668,1.50,1.00
2014.09.16 23:51:54.139,0.79659,0.79667,2.25,1.00
2014.09.16 23:51:54.681,0.79659,0.79667,3.56,1.00
2014.09.16 23:51:55.734,0.7966,0.79667,1.19,1.00
2014.09.16 23:51:56.451,0.7966,0.7967,1.69,1.50
2014.09.16 23:52:00.493,0.7966,0.7967,2.81,1.00
2014.09.16 23:52:01.801,0.79661,0.7967,1.00,1.00
2014.09.16 23:52:15.067,0.7966,0.7967,2.06,1.00
2014.09.16 23:52:29.817,0.7966,0.7967,2.81,1.00
2014.09.16 23:52:30.345,0.79662,0.79672,1.00,1.50
2014.09.16 23:52:31.131,0.7966,0.7967,3.56,1.00
2014.09.16 23:52:32.767,0.7966,0.7967,2.44,1.00
2014.09.16 23:52:35.634,0.79663,0.79671,1.00,1.00
2014.09.16 23:53:35.622,0.7966,0.79672,1.25,1.25
2014.09.16 23:53:36.603,0.79661,0.79672,1.19,1.25
2014.09.16 23:53:40.610,0.7966,0.79672,1.69,1.00
2014.09.16 23:53:58.601,0.7966,0.79672,2.06,1.25
2014.09.16 23:53:59.636,0.7966,0.79672,2.81,1.00
2014.09.16 23:54:05.171,0.79661,0.79672,1.69,1.25
2014.09.16 23:54:10.263,0.79661,0.79672,1.25,1.00
2014.09.16 23:54:11.705,0.7966,0.79674,2.44,1.31
2014.09.16 23:54:12.360,0.79661,0.79675,1.31,2.06
2014.09.16 23:54:21.786,0.79662,0.79674,1.19,2.44
2014.09.16 23:54:24.710,0.79661,0.79674,1.31,1.69
2014.09.16 23:54:25.821,0.79662,0.79674,1.19,2.44
2014.09.16 23:54:28.288,0.79661,0.79674,1.31,1.69
2014.09.16 23:54:28.798,0.79661,0.79674,1.56,1.69
2014.09.16 23:54:30.592,0.79662,0.79674,1.56,1.19
2014.09.16 23:54:34.915,0.79661,0.79675,1.56,1.31
2014.09.16 23:54:38.926,0.79662,0.79674,1.56,1.19
2014.09.16 23:54:46.718,0.79661,0.79675,2.06,1.19
2014.09.16 23:54:55.663,0.79662,0.79673,1.25,1.00
2014.09.16 23:54:58.066,0.79662,0.79673,1.69,1.25
2014.09.16 23:55:06.776,0.79661,0.79673,1.31,1.00
2014.09.16 23:55:07.892,0.7966,0.79673,3.19,1.25
2014.09.16 23:55:08.874,0.79662,0.79673,1.19,1.25
2014.09.16 23:55:12.666,0.79662,0.79673,1.25,1.00
2014.09.16 23:55:17.914,0.79662,0.79673,1.19,1.25
2014.09.16 23:55:21.727,0.79661,0.79675,2.81,2.44
2014.09.16 23:55:32.551,0.79662,0.79675,1.31,1.69
2014.09.16 23:55:34.734,0.79662,0.79674,1.31,1.00
2014.09.16 23:55:35.145,0.79667,0.79674,1.00,1.00
2014.09.16 23:55:35.299,0.79665,0.79676,1.37,1.25
2014.09.16 23:55:35.350,0.79668,0.79676,1.00,1.00
2014.09.16 23:55:38.305,0.79669,0.79676,1.00,1.00
2014.09.16 23:55:39.715,0.79669,0.79677,2.06,1.50
2014.09.16 23:55:40.071,0.79672,0.79678,1.00,1.50
2014.09.16 23:55:40.661,0.79669,0.79678,2.44,1.50
2014.09.16 23:55:41.176,0.79669,0.79677,1.69,1.50
2014.09.16 23:55:42.960,0.79667,0.79677,4.31,1.50
2014.09.16 23:55:43.477,0.79668,0.79677,1.62,1.50
2014.09.16 23:55:43.985,0.7967,0.79677,1.50,1.00
2014.09.16 23:55:47.894,0.79667,0.79677,1.00,1.25
2014.09.16 23:55:47.945,0.79667,0.79674,1.00,1.00
2014.09.16 23:55:51.111,0.79665,0.79674,1.31,1.00
2014.09.16 23:55:51.668,0.79667,0.79674,1.00,1.00
2014.09.16 23:55:52.485,0.79667,0.79674,1.62,1.00
2014.09.16 23:55:52.993,0.79667,0.79674,2.06,1.00
2014.09.16 23:56:05.093,0.79667,0.79676,1.12,1.50
2014.09.16 23:56:11.529,0.79667,0.79676,2.06,1.50
2014.09.16 23:56:13.721,0.79667,0.79677,2.81,1.00
2014.09.16 23:56:13.924,0.79669,0.79679,1.00,1.50
2014.09.16 23:56:14.684,0.79669,0.79679,1.69,1.50
2014.09.16 23:56:15.738,0.79669,0.79679,1.25,1.69
2014.09.16 23:56:20.700,0.79667,0.79677,1.69,1.00
2014.09.16 23:56:27.809,0.79668,0.79677,1.19,1.00
2014.09.16 23:56:28.962,0.79667,0.79677,1.69,1.00
2014.09.16 23:56:33.169,0.79667,0.79677,3.19,1.00
2014.09.16 23:56:42.346,0.79667,0.79678,2.44,2.25
2014.09.16 23:56:48.329,0.79667,0.79678,1.69,1.50
2014.09.16 23:56:52.900,0.79667,0.79678,2.44,1.50
2014.09.16 23:56:54.002,0.79667,0.79678,1.69,1.50
2014.09.16 23:56:55.026,0.79667,0.79678,2.44,1.50
2014.09.16 23:56:59.545,0.79667,0.79678,1.69,1.50
2014.09.16 23:57:01.835,0.79667,0.79678,1.69,1.69
2014.09.16 23:57:04.082,0.79667,0.79678,1.69,1.50
2014.09.16 23:57:08.544,0.79668,0.79678,1.19,1.50
2014.09.16 23:57:11.937,0.79667,0.79678,2.81,1.50
2014.09.16 23:57:13.270,0.79667,0.79678,2.06,1.50
2014.09.16 23:57:14.841,0.79668,0.79678,1.00,1.50
2014.09.16 23:57:21.758,0.79668,0.79677,1.00,1.50
2014.09.16 23:57:21.961,0.79665,0.79677,2.44,3.19
2014.09.16 23:57:22.469,0.79665,0.79675,3.19,1.00
2014.09.16 23:57:22.975,0.79665,0.79675,2.44,1.00
2014.09.16 23:57:50.215,0.79665,0.79674,1.25,1.00
2014.09.16 23:57:50.837,0.79665,0.79675,1.00,1.50
2014.09.16 23:57:53.412,0.79665,0.79674,1.25,1.00
2014.09.16 23:58:05.768,0.79665,0.79674,1.69,1.00
2014.09.16 23:58:06.293,0.79665,0.79675,1.69,1.50
2014.09.16 23:58:11.638,0.79665,0.79674,1.69,1.00
2014.09.16 23:58:12.182,0.79665,0.79675,1.69,1.50
2014.09.16 23:58:17.105,0.79665,0.79675,1.00,1.50
2014.09.16 23:58:20.027,0.79664,0.79671,1.31,1.00
2014.09.16 23:58:20.534,0.79663,0.79671,2.25,1.00
2014.09.16 23:58:21.486,0.79663,0.79671,1.50,1.00
2014.09.16 23:58:52.588,0.79664,0.79671,1.00,1.00
2014.09.16 23:58:53.095,0.79663,0.79671,1.00,1.00
2014.09.16 23:59:06.678,0.79663,0.79671,2.06,1.00
2014.09.16 23:59:09.811,0.79663,0.79671,2.06,1.00
2014.09.16 23:59:20.019,0.79662,0.79674,4.69,1.00
2014.09.16 23:59:24.810,0.79663,0.79674,1.19,1.25
2014.09.16 23:59:25.912,0.79662,0.79674,4.69,1.00
2014.09.16 23:59:30.260,0.79663,0.79675,1.69,1.25
2014.09.16 23:59:33.135,0.79663,0.79673,1.69,1.00
2014.09.16 23:59:33.653,0.79664,0.79674,1.00,1.25
