2014.11.11 17:00:00.657,0.78383,0.7839,1.20,1.00
2014.11.11 17:00:01.063,0.78383,0.78392,1.47,1.69
2014.11.11 17:00:01.367,0.78383,0.78394,2.02,1.76
2014.11.11 17:00:01.878,0.78385,0.78392,1.12,1.00
2014.11.11 17:00:02.393,0.78385,0.78393,1.00,1.25
2014.11.11 17:00:03.102,0.78385,0.78394,1.37,2.51
2014.11.11 17:00:03.609,0.78385,0.78393,1.12,1.00
2014.11.11 17:00:04.117,0.78385,0.78392,1.00,1.00
2014.11.11 17:00:04.625,0.78382,0.78392,5.21,1.25
2014.11.11 17:00:10.655,0.78384,0.78393,1.12,1.00
2014.11.11 17:00:10.960,0.78387,0.78394,1.00,1.00
2014.11.11 17:00:11.113,0.78385,0.78394,2.62,1.00
2014.11.11 17:00:11.621,0.78385,0.78394,2.62,1.00
2014.11.11 17:00:11.723,0.78385,0.78394,1.87,1.00
2014.11.11 17:00:12.332,0.78386,0.78394,1.62,1.00
2014.11.11 17:00:12.739,0.78387,0.78396,1.31,1.69
2014.11.11 17:00:14.504,0.78389,0.78396,1.00,1.00
2014.11.11 17:00:14.809,0.78393,0.78397,1.00,1.00
2014.11.11 17:00:14.860,0.78391,0.78398,1.50,1.00
2014.11.11 17:00:14.962,0.78392,0.784,1.00,1.12
2014.11.11 17:00:15.115,0.78394,0.78402,1.00,1.75
2014.11.11 17:00:15.166,0.78394,0.78402,1.50,1.00
2014.11.11 17:00:15.622,0.78396,0.78404,1.00,3.19
2014.11.11 17:00:15.725,0.78395,0.78401,1.50,1.00
2014.11.11 17:00:15.930,0.78395,0.78404,1.00,2.44
2014.11.11 17:00:16.437,0.78395,0.78404,1.00,1.00
2014.11.11 17:00:17.358,0.78395,0.78402,1.00,1.00
2014.11.11 17:00:17.867,0.78394,0.78401,1.00,1.00
2014.11.11 17:00:18.274,0.78395,0.78405,1.12,2.44
2014.11.11 17:00:18.477,0.78397,0.78405,1.00,1.00
2014.11.11 17:00:18.984,0.78396,0.78406,1.00,2.25
2014.11.11 17:00:19.493,0.78396,0.78405,1.50,1.00
2014.11.11 17:00:20.001,0.78396,0.78406,1.00,1.62
2014.11.11 17:00:20.204,0.78396,0.78406,1.50,1.31
2014.11.11 17:00:20.560,0.78398,0.78407,1.00,2.06
2014.11.11 17:00:20.871,0.78398,0.78407,1.00,2.06
2014.11.11 17:00:21.378,0.78397,0.78406,1.50,1.12
2014.11.11 17:00:22.346,0.78397,0.78407,1.50,2.44
2014.11.11 17:00:22.869,0.78398,0.78407,1.00,1.12
2014.11.11 17:00:23.376,0.78398,0.78407,1.00,1.50
2014.11.11 17:00:23.681,0.78396,0.78404,1.00,1.12
2014.11.11 17:00:24.189,0.78396,0.78404,1.00,1.87
2014.11.11 17:00:24.392,0.78394,0.78404,1.00,1.87
2014.11.11 17:00:24.848,0.78396,0.78405,1.00,1.50
2014.11.11 17:00:25.355,0.78395,0.78404,1.00,1.12
2014.11.11 17:00:25.862,0.78394,0.78404,1.25,1.12
2014.11.11 17:00:26.673,0.78394,0.78402,1.00,1.00
2014.11.11 17:00:27.181,0.78392,0.784,1.00,1.00
2014.11.11 17:00:27.638,0.78393,0.78402,2.25,1.00
2014.11.11 17:00:27.689,0.78395,0.78403,1.00,1.00
2014.11.11 17:00:27.994,0.78398,0.78407,1.00,1.31
2014.11.11 17:00:28.300,0.78396,0.78403,1.50,1.00
2014.11.11 17:00:28.604,0.78396,0.78406,1.50,2.25
2014.11.11 17:00:29.149,0.78397,0.78406,1.00,1.00
2014.11.11 17:00:29.658,0.78397,0.78405,1.00,1.00
2014.11.11 17:00:30.166,0.78397,0.78407,1.00,1.69
2014.11.11 17:00:31.295,0.78397,0.78407,1.50,1.87
2014.11.11 17:00:31.803,0.78396,0.78406,1.25,1.87
2014.11.11 17:00:32.311,0.78396,0.78405,1.25,1.00
2014.11.11 17:00:34.994,0.78396,0.78406,1.00,1.69
2014.11.11 17:00:36.229,0.78397,0.78407,1.12,1.00
2014.11.11 17:00:36.788,0.78397,0.78406,1.00,1.00
2014.11.11 17:00:37.294,0.78397,0.78407,3.56,1.69
2014.11.11 17:00:37.599,0.78397,0.78405,3.19,1.00
2014.11.11 17:00:37.802,0.78396,0.78404,1.00,1.50
2014.11.11 17:00:38.309,0.78395,0.78405,1.50,2.62
2014.11.11 17:00:38.816,0.78396,0.78403,1.00,1.00
2014.11.11 17:00:39.906,0.78394,0.78403,1.50,1.00
2014.11.11 17:00:42.024,0.78394,0.78404,1.00,2.81
2014.11.11 17:00:43.424,0.78394,0.78404,1.00,3.19
2014.11.11 17:00:43.628,0.78396,0.78403,1.50,1.00
2014.11.11 17:00:43.933,0.78396,0.78401,1.50,1.00
2014.11.11 17:00:44.035,0.78394,0.78402,1.00,1.00
2014.11.11 17:00:44.339,0.78396,0.78402,1.00,1.00
2014.11.11 17:00:44.745,0.78394,0.78402,1.00,1.00
2014.11.11 17:00:45.253,0.78395,0.78402,1.00,1.00
2014.11.11 17:00:45.508,0.78395,0.78405,1.50,1.00
2014.11.11 17:00:45.969,0.78396,0.78403,1.00,1.00
2014.11.11 17:00:46.122,0.78396,0.78405,1.00,1.87
2014.11.11 17:00:46.224,0.78396,0.78403,1.00,1.00
2014.11.11 17:00:51.044,0.78396,0.78404,1.00,1.00
2014.11.11 17:00:51.551,0.78395,0.78404,1.69,1.00
2014.11.11 17:00:54.653,0.78395,0.78402,1.00,1.00
2014.11.11 17:00:54.856,0.78395,0.78404,1.00,1.50
2014.11.11 17:00:55.009,0.78394,0.78402,1.00,1.00
2014.11.11 17:00:55.516,0.78393,0.78402,1.25,1.87
2014.11.11 17:00:56.162,0.78392,0.78402,1.50,1.87
2014.11.11 17:00:56.699,0.78393,0.78402,1.00,1.37
2014.11.11 17:00:57.230,0.78393,0.78402,1.00,1.31
2014.11.11 17:00:57.534,0.78392,0.784,1.00,1.00
2014.11.11 17:00:58.881,0.78391,0.784,1.69,1.00
2014.11.11 17:00:59.388,0.78391,0.78399,1.00,1.00
2014.11.11 17:01:00.166,0.7839,0.78399,1.69,1.00
2014.11.11 17:01:00.673,0.7839,0.78399,1.69,1.00
2014.11.11 17:01:01.230,0.7839,0.78399,1.50,1.00
2014.11.11 17:01:03.661,0.7839,0.78399,1.50,1.37
2014.11.11 17:01:03.915,0.78388,0.78398,2.25,2.62
2014.11.11 17:01:05.441,0.78388,0.78398,1.50,3.56
2014.11.11 17:01:05.970,0.78388,0.78397,1.50,1.31
2014.11.11 17:01:06.854,0.78388,0.78398,1.50,3.56
2014.11.11 17:01:07.327,0.7839,0.784,1.50,2.06
2014.11.11 17:01:07.733,0.7839,0.78398,1.50,1.00
2014.11.11 17:01:08.343,0.78389,0.78398,1.50,1.50
2014.11.11 17:01:08.938,0.7839,0.78398,1.00,1.50
2014.11.11 17:01:10.397,0.7839,0.78398,1.87,1.50
2014.11.11 17:01:10.905,0.7839,0.78398,1.50,1.50
2014.11.11 17:01:11.752,0.7839,0.78398,1.00,1.37
2014.11.11 17:01:11.955,0.78388,0.78397,1.69,1.00
2014.11.11 17:01:12.462,0.78388,0.78397,1.62,1.00
2014.11.11 17:01:12.970,0.7839,0.78398,1.00,1.00
2014.11.11 17:01:16.177,0.78389,0.78397,1.25,1.00
2014.11.11 17:01:16.685,0.78388,0.78398,3.19,1.25
2014.11.11 17:01:17.800,0.78389,0.78399,1.00,1.69
2014.11.11 17:01:20.666,0.78391,0.784,1.00,1.69
2014.11.11 17:01:21.173,0.78391,0.78401,1.00,1.69
2014.11.11 17:01:23.548,0.78392,0.78401,1.00,1.50
2014.11.11 17:01:29.536,0.78392,0.78402,3.00,2.06
2014.11.11 17:01:32.900,0.78393,0.78402,1.00,1.50
2014.11.11 17:01:33.408,0.78392,0.78402,2.62,1.50
2014.11.11 17:01:33.920,0.78392,0.78401,2.81,1.00
2014.11.11 17:01:34.463,0.78393,0.78402,1.37,1.00
2014.11.11 17:01:34.565,0.78394,0.78404,1.87,2.44
2014.11.11 17:01:35.072,0.78396,0.78404,1.00,1.25
2014.11.11 17:01:35.528,0.78394,0.78402,1.50,1.00
2014.11.11 17:01:43.337,0.78394,0.78402,2.81,1.00
2014.11.11 17:01:43.693,0.78395,0.78404,1.00,1.50
2014.11.11 17:01:45.871,0.78396,0.78404,1.00,1.00
2014.11.11 17:01:51.966,0.78396,0.78404,1.37,1.00
2014.11.11 17:01:52.505,0.78396,0.78404,1.50,1.00
2014.11.11 17:01:53.014,0.78396,0.78404,1.87,1.00
2014.11.11 17:01:54.756,0.78396,0.78404,1.50,1.00
2014.11.11 17:01:56.922,0.78398,0.78404,1.00,1.00
2014.11.11 17:01:57.436,0.78398,0.78407,1.00,3.56
2014.11.11 17:01:57.994,0.78398,0.78407,1.00,2.81
2014.11.11 17:01:58.560,0.78397,0.78407,1.50,2.06
2014.11.11 17:01:59.130,0.78397,0.78406,1.50,1.00
2014.11.11 17:02:03.034,0.78397,0.78407,1.50,2.06
2014.11.11 17:02:03.569,0.78397,0.78407,1.50,2.06
2014.11.11 17:02:04.199,0.78398,0.78407,1.00,1.62
2014.11.11 17:02:05.129,0.78398,0.78407,1.00,1.25
2014.11.11 17:02:05.644,0.78398,0.78408,1.50,3.56
2014.11.11 17:02:09.895,0.784,0.78408,1.00,3.56
2014.11.11 17:02:16.761,0.784,0.78408,1.00,3.56
2014.11.11 17:02:20.039,0.784,0.78408,1.00,1.56
2014.11.11 17:02:20.553,0.784,0.78408,1.00,1.56
2014.11.11 17:02:20.706,0.78396,0.78406,3.00,2.06
2014.11.11 17:02:20.858,0.78397,0.78407,2.25,5.81
2014.11.11 17:02:21.366,0.78396,0.78405,1.50,1.00
2014.11.11 17:02:22.430,0.78397,0.78405,1.50,1.00
2014.11.11 17:02:23.141,0.78396,0.78406,1.50,2.81
2014.11.11 17:02:24.002,0.78397,0.78406,1.00,5.06
2014.11.11 17:02:24.561,0.78397,0.78406,1.00,2.81
2014.11.11 17:02:27.104,0.78397,0.78406,1.00,2.81
2014.11.11 17:02:27.614,0.78396,0.78406,1.50,5.06
2014.11.11 17:02:27.717,0.78396,0.78403,1.00,1.37
2014.11.11 17:02:27.819,0.78394,0.78403,1.50,1.37
2014.11.11 17:02:27.922,0.78394,0.78401,1.50,1.37
2014.11.11 17:02:28.024,0.78392,0.78401,1.00,1.37
2014.11.11 17:02:29.004,0.78392,0.784,1.00,1.56
2014.11.11 17:02:31.834,0.78392,0.784,1.00,1.31
2014.11.11 17:02:32.346,0.78391,0.78401,2.25,1.62
2014.11.11 17:02:32.498,0.78393,0.78401,1.00,1.31
2014.11.11 17:02:33.021,0.78393,0.78401,1.00,1.62
2014.11.11 17:02:33.589,0.78392,0.784,1.50,1.37
2014.11.11 17:02:34.136,0.78392,0.784,1.50,1.62
2014.11.11 17:02:34.706,0.78392,0.784,1.50,1.62
2014.11.11 17:02:36.890,0.78392,0.784,1.50,1.62
2014.11.11 17:02:37.196,0.7839,0.78396,1.00,2.06
2014.11.11 17:02:37.247,0.78387,0.78396,1.00,2.06
2014.11.11 17:02:37.552,0.78385,0.78395,1.50,1.50
2014.11.11 17:02:38.059,0.78386,0.78395,1.00,1.00
2014.11.11 17:02:38.262,0.78386,0.78395,1.00,1.37
2014.11.11 17:02:38.769,0.78385,0.78395,1.00,2.06
2014.11.11 17:02:39.277,0.78384,0.78393,1.12,1.87
2014.11.11 17:02:39.779,0.78384,0.78393,1.00,2.06
2014.11.11 17:02:42.294,0.78384,0.78393,1.12,2.81
2014.11.11 17:02:42.801,0.78384,0.78393,1.00,2.06
2014.11.11 17:02:43.311,0.78384,0.78393,1.00,2.06
2014.11.11 17:02:44.273,0.78384,0.78392,1.00,1.25
2014.11.11 17:02:44.578,0.78383,0.78391,1.00,1.37
2014.11.11 17:02:44.680,0.78383,0.78393,1.00,2.44
2014.11.11 17:02:44.781,0.78381,0.78391,1.50,1.87
2014.11.11 17:02:45.693,0.78381,0.7839,1.50,1.19
2014.11.11 17:02:46.420,0.78381,0.7839,1.50,1.56
2014.11.11 17:02:46.986,0.78381,0.78391,1.87,2.06
2014.11.11 17:02:47.241,0.78383,0.78392,1.00,2.06
2014.11.11 17:02:48.881,0.7838,0.7839,1.69,1.37
2014.11.11 17:02:49.414,0.78379,0.78387,1.50,1.00
2014.11.11 17:02:52.687,0.78379,0.78388,1.50,1.31
2014.11.11 17:02:52.992,0.78382,0.7839,1.50,1.00
2014.11.11 17:02:53.821,0.78382,0.78392,1.87,3.56
2014.11.11 17:02:54.328,0.78383,0.78392,1.00,1.12
2014.11.11 17:02:54.634,0.78385,0.78392,1.00,1.00
2014.11.11 17:02:56.104,0.78385,0.78394,1.00,1.31
2014.11.11 17:02:56.748,0.78383,0.78393,1.50,1.12
2014.11.11 17:02:57.255,0.78384,0.78393,1.00,1.00
2014.11.11 17:02:58.900,0.78384,0.78393,1.00,2.06
2014.11.11 17:03:02.183,0.78384,0.78394,1.00,1.62
2014.11.11 17:03:04.722,0.78384,0.78394,1.00,1.12
2014.11.11 17:03:07.249,0.78385,0.78394,1.00,1.12
2014.11.11 17:03:09.768,0.78384,0.78394,1.69,1.37
2014.11.11 17:03:10.274,0.78384,0.78394,1.31,1.00
2014.11.11 17:03:15.547,0.78384,0.78394,2.06,1.00
2014.11.11 17:03:17.147,0.78385,0.78395,1.25,2.06
2014.11.11 17:03:17.452,0.78387,0.78395,1.00,1.31
2014.11.11 17:03:19.384,0.78387,0.78395,1.00,1.37
2014.11.11 17:03:19.639,0.78385,0.78395,1.50,1.87
2014.11.11 17:03:19.993,0.78385,0.78395,1.00,1.37
2014.11.11 17:03:20.500,0.78385,0.78394,1.00,1.00
2014.11.11 17:03:21.007,0.78385,0.78393,1.00,1.00
2014.11.11 17:03:22.928,0.78385,0.78394,1.00,1.31
2014.11.11 17:03:23.435,0.78386,0.78395,1.00,1.31
2014.11.11 17:03:24.061,0.78386,0.78396,1.25,2.06
2014.11.11 17:03:27.258,0.78387,0.78396,1.00,1.25
2014.11.11 17:03:27.765,0.78387,0.78395,1.00,1.00
2014.11.11 17:03:29.307,0.78387,0.78396,1.00,1.12
2014.11.11 17:03:30.653,0.78389,0.78397,1.00,2.06
2014.11.11 17:03:31.376,0.78388,0.78396,1.00,1.12
2014.11.11 17:03:32.450,0.78388,0.78397,1.50,1.12
2014.11.11 17:03:32.960,0.78388,0.78396,1.00,1.00
2014.11.11 17:03:34.088,0.78388,0.78396,1.00,1.37
2014.11.11 17:03:34.734,0.78388,0.78396,1.00,1.00
2014.11.11 17:03:35.792,0.78388,0.78396,1.37,1.50
2014.11.11 17:03:35.995,0.78389,0.78399,2.62,1.50
2014.11.11 17:03:36.250,0.78392,0.78401,1.00,1.69
2014.11.11 17:03:36.759,0.78392,0.78402,2.25,2.44
2014.11.11 17:03:37.266,0.78393,0.78403,1.50,2.44
2014.11.11 17:03:37.808,0.78392,0.78402,1.87,1.25
2014.11.11 17:03:38.154,0.78394,0.78402,1.00,1.00
2014.11.11 17:03:39.960,0.78394,0.78404,1.00,2.44
2014.11.11 17:03:40.314,0.78394,0.78403,1.00,2.06
2014.11.11 17:03:40.466,0.78392,0.784,1.25,1.00
2014.11.11 17:03:40.973,0.78393,0.784,1.00,1.12
2014.11.11 17:03:41.481,0.78392,0.784,1.00,1.00
2014.11.11 17:03:43.081,0.78393,0.78401,1.00,1.19
2014.11.11 17:03:44.348,0.78393,0.78401,1.50,1.25
2014.11.11 17:03:44.868,0.78392,0.78401,1.00,1.25
2014.11.11 17:03:46.803,0.78393,0.78401,1.00,1.25
2014.11.11 17:03:48.334,0.78393,0.78403,1.12,3.56
2014.11.11 17:03:49.338,0.78393,0.78403,1.12,2.81
2014.11.11 17:03:53.389,0.78393,0.78403,1.31,2.81
2014.11.11 17:03:55.404,0.78393,0.78403,1.12,1.87
2014.11.11 17:04:01.428,0.78393,0.78403,1.31,2.06
2014.11.11 17:04:02.399,0.78393,0.78403,1.12,2.06
2014.11.11 17:04:03.296,0.78393,0.78403,1.00,2.06
2014.11.11 17:04:03.602,0.78395,0.78401,1.00,1.25
2014.11.11 17:04:03.907,0.78395,0.78399,1.00,1.00
2014.11.11 17:04:03.959,0.78395,0.78401,1.00,1.25
2014.11.11 17:04:09.598,0.78395,0.78402,1.00,1.00
2014.11.11 17:04:10.106,0.78395,0.78404,1.00,1.69
2014.11.11 17:04:13.667,0.78395,0.78404,1.00,1.25
2014.11.11 17:04:14.744,0.78395,0.78402,1.00,1.00
2014.11.11 17:04:21.161,0.78395,0.78404,1.00,2.06
2014.11.11 17:04:22.700,0.78395,0.78404,1.00,1.69
2014.11.11 17:04:28.514,0.78395,0.78404,1.00,1.00
2014.11.11 17:04:28.616,0.78397,0.78404,1.00,1.00
2014.11.11 17:04:29.125,0.78397,0.78403,1.00,1.00
2014.11.11 17:04:29.835,0.78397,0.78404,1.00,1.69
2014.11.11 17:04:30.342,0.78397,0.78405,1.50,1.00
2014.11.11 17:04:30.849,0.78397,0.78405,1.87,1.00
2014.11.11 17:04:30.951,0.78399,0.78407,1.00,1.00
2014.11.11 17:04:31.002,0.78403,0.78407,1.00,1.00
2014.11.11 17:04:31.053,0.78403,0.78409,1.00,1.50
2014.11.11 17:04:31.561,0.78402,0.78409,1.00,1.50
2014.11.11 17:04:32.507,0.784,0.78409,1.50,1.50
2014.11.11 17:04:34.412,0.78399,0.78409,1.69,2.44
2014.11.11 17:04:34.565,0.78399,0.78406,1.00,1.00
2014.11.11 17:04:34.870,0.78398,0.78408,1.00,2.25
2014.11.11 17:04:35.448,0.78398,0.78408,1.00,3.19
2014.11.11 17:04:36.428,0.78398,0.78407,1.00,1.19
2014.11.11 17:04:36.631,0.78398,0.78408,1.12,1.50
2014.11.11 17:04:36.835,0.78401,0.7841,1.00,1.69
2014.11.11 17:04:37.343,0.78402,0.78411,1.00,2.44
2014.11.11 17:04:37.748,0.78402,0.78411,1.00,1.50
2014.11.11 17:04:39.001,0.78402,0.78411,2.81,1.50
2014.11.11 17:04:39.052,0.78405,0.78411,1.00,1.00
2014.11.11 17:04:39.103,0.78405,0.78414,1.00,3.19
2014.11.11 17:04:39.651,0.78404,0.78414,1.50,2.44
2014.11.11 17:04:40.260,0.78405,0.78415,1.00,3.19
2014.11.11 17:04:40.768,0.78405,0.78415,1.50,3.19
2014.11.11 17:04:41.327,0.78404,0.78414,1.00,1.25
2014.11.11 17:04:41.632,0.78406,0.78415,1.00,2.44
2014.11.11 17:04:41.988,0.78405,0.78414,1.00,1.69
2014.11.11 17:04:42.496,0.78404,0.78414,1.00,2.44
2014.11.11 17:04:42.802,0.78406,0.78414,1.00,1.19
2014.11.11 17:04:43.005,0.78406,0.78416,1.50,4.69
2014.11.11 17:04:43.665,0.78406,0.78416,1.50,1.50
2014.11.11 17:04:44.173,0.78407,0.78416,1.00,1.50
2014.11.11 17:04:48.752,0.78408,0.78416,1.00,1.00
2014.11.11 17:04:48.853,0.78408,0.78418,1.50,1.69
2014.11.11 17:04:52.961,0.7841,0.78418,1.00,1.69
2014.11.11 17:04:53.164,0.7841,0.7842,1.37,1.25
2014.11.11 17:04:53.670,0.78412,0.78421,1.12,1.00
2014.11.11 17:04:54.176,0.78413,0.78421,1.00,1.00
2014.11.11 17:04:55.769,0.78411,0.7842,1.00,1.00
2014.11.11 17:04:55.871,0.78409,0.78419,1.50,1.00
2014.11.11 17:04:55.971,0.78409,0.78417,1.00,1.00
2014.11.11 17:04:56.022,0.78407,0.78417,1.50,1.50
2014.11.11 17:04:57.596,0.78407,0.78417,1.12,1.69
2014.11.11 17:04:57.799,0.78405,0.78415,3.56,1.50
2014.11.11 17:04:58.003,0.78406,0.78413,2.62,1.00
2014.11.11 17:04:58.206,0.78407,0.78416,1.37,1.50
2014.11.11 17:04:58.615,0.78407,0.78414,1.00,1.00
2014.11.11 17:04:58.718,0.78404,0.78414,2.62,1.50
2014.11.11 17:04:59.022,0.78403,0.78412,1.37,1.00
2014.11.11 17:04:59.276,0.78404,0.78414,1.00,1.00
2014.11.11 17:04:59.783,0.78404,0.78414,1.87,1.12
2014.11.11 17:05:01.432,0.78406,0.78416,1.00,2.06
2014.11.11 17:05:02.145,0.78406,0.78416,1.00,2.81
2014.11.11 17:05:02.695,0.78407,0.78414,1.00,1.00
2014.11.11 17:05:03.203,0.78405,0.78414,1.00,1.35
2014.11.11 17:05:03.711,0.78404,0.78414,1.87,3.60
2014.11.11 17:05:06.253,0.78404,0.78414,1.50,3.79
2014.11.11 17:05:06.762,0.78405,0.78414,1.00,2.44
2014.11.11 17:05:07.274,0.78404,0.78414,1.69,2.25
2014.11.11 17:05:07.477,0.78407,0.78414,1.00,2.25
2014.11.11 17:05:08.002,0.78407,0.78414,1.00,1.50
2014.11.11 17:05:09.991,0.78407,0.78414,1.00,1.87
2014.11.11 17:05:10.144,0.78402,0.78412,1.50,1.12
2014.11.11 17:05:10.663,0.78402,0.78411,1.50,1.00
2014.11.11 17:05:11.279,0.78402,0.78411,1.50,1.69
2014.11.11 17:05:13.276,0.78402,0.78411,1.00,1.31
2014.11.11 17:05:14.516,0.78402,0.78411,1.00,1.62
2014.11.11 17:05:15.036,0.78402,0.78411,1.00,1.62
2014.11.11 17:05:15.866,0.78401,0.78409,1.00,1.12
2014.11.11 17:05:16.376,0.784,0.78408,1.00,1.00
2014.11.11 17:05:16.884,0.78401,0.78409,1.00,1.00
2014.11.11 17:05:17.137,0.78401,0.78411,1.00,1.69
2014.11.11 17:05:18.791,0.78402,0.78411,1.50,1.87
2014.11.11 17:05:19.300,0.78403,0.78411,1.00,1.69
2014.11.11 17:05:21.159,0.78403,0.78411,1.00,2.62
2014.11.11 17:05:21.262,0.784,0.78409,1.50,1.12
2014.11.11 17:05:21.365,0.784,0.78408,1.00,1.37
2014.11.11 17:05:22.177,0.784,0.78408,1.00,1.12
2014.11.11 17:05:22.690,0.784,0.78408,1.00,1.37
2014.11.11 17:05:23.188,0.78398,0.78408,2.25,1.37
2014.11.11 17:05:24.189,0.78399,0.78409,1.00,4.31
2014.11.11 17:05:24.937,0.78399,0.78409,1.00,3.56
2014.11.11 17:05:30.341,0.78399,0.78406,1.00,1.12
2014.11.11 17:05:30.443,0.78397,0.78406,1.50,1.12
2014.11.11 17:05:30.697,0.78399,0.78406,1.00,1.12
2014.11.11 17:05:31.793,0.78399,0.78408,1.00,2.06
2014.11.11 17:05:35.727,0.78399,0.78408,1.00,2.06
2014.11.11 17:05:36.340,0.78399,0.78409,1.12,3.56
2014.11.11 17:05:37.254,0.78399,0.78409,1.00,2.06
2014.11.11 17:05:37.791,0.784,0.78409,1.00,1.31
2014.11.11 17:05:37.894,0.78403,0.78409,1.00,1.00
2014.11.11 17:05:38.149,0.78404,0.78411,1.00,1.25
2014.11.11 17:05:38.200,0.78402,0.78411,1.50,1.25
2014.11.11 17:05:38.707,0.78403,0.78411,1.00,1.25
2014.11.11 17:05:39.215,0.78403,0.78413,1.00,2.81
2014.11.11 17:05:40.262,0.78403,0.78413,1.00,3.56
2014.11.11 17:05:41.624,0.78402,0.78412,2.25,1.62
2014.11.11 17:05:42.133,0.78402,0.78411,1.00,1.87
2014.11.11 17:05:43.177,0.78402,0.78411,1.50,1.12
2014.11.11 17:05:43.874,0.78402,0.78411,1.50,1.37
2014.11.11 17:05:44.419,0.78402,0.78411,1.50,1.12
2014.11.11 17:05:44.952,0.78403,0.78411,1.50,1.12
2014.11.11 17:05:45.363,0.78403,0.78411,1.50,1.62
2014.11.11 17:05:45.716,0.78401,0.7841,1.50,1.37
2014.11.11 17:05:47.787,0.78401,0.7841,1.00,2.06
2014.11.11 17:05:48.301,0.784,0.7841,1.00,2.81
2014.11.11 17:05:49.266,0.78401,0.7841,1.50,2.06
2014.11.11 17:05:49.775,0.78402,0.78411,1.00,2.06
2014.11.11 17:05:49.927,0.78404,0.78411,1.00,2.06
2014.11.11 17:05:50.384,0.78404,0.78412,1.00,2.25
2014.11.11 17:05:52.226,0.78405,0.78412,1.00,1.00
2014.11.11 17:05:52.379,0.78405,0.78415,1.00,2.44
2014.11.11 17:05:52.430,0.78407,0.78415,1.00,1.69
2014.11.11 17:05:53.245,0.78407,0.78415,1.00,1.31
2014.11.11 17:05:54.220,0.78407,0.78416,1.00,2.06
2014.11.11 17:05:56.425,0.78407,0.78417,1.87,2.25
2014.11.11 17:05:56.731,0.78409,0.78417,1.00,1.12
2014.11.11 17:06:00.254,0.7841,0.78417,1.00,1.00
2014.11.11 17:06:00.762,0.78409,0.78417,1.00,1.00
2014.11.11 17:06:02.073,0.78408,0.78417,1.50,1.00
2014.11.11 17:06:03.435,0.78408,0.78417,2.62,1.00
2014.11.11 17:06:03.790,0.7841,0.78419,1.50,2.06
2014.11.11 17:06:04.449,0.7841,0.78419,1.50,2.06
2014.11.11 17:06:04.601,0.78408,0.78418,2.25,1.87
2014.11.11 17:06:05.109,0.78408,0.78416,1.25,1.00
2014.11.11 17:06:05.616,0.78408,0.78415,1.00,1.12
2014.11.11 17:06:05.820,0.78406,0.78415,1.00,2.62
2014.11.11 17:06:06.024,0.78404,0.78413,1.50,1.00
2014.11.11 17:06:06.430,0.78408,0.78414,1.00,1.00
2014.11.11 17:06:06.532,0.78408,0.78416,1.00,1.50
2014.11.11 17:06:09.928,0.78408,0.78418,1.87,1.50
2014.11.11 17:06:10.689,0.78408,0.78418,1.00,1.87
2014.11.11 17:06:11.197,0.78408,0.78417,1.00,1.37
2014.11.11 17:06:11.743,0.78408,0.78416,1.00,1.37
2014.11.11 17:06:11.946,0.78406,0.78414,1.69,1.00
2014.11.11 17:06:12.515,0.78405,0.78413,1.50,1.00
2014.11.11 17:06:12.920,0.78403,0.78411,3.75,1.00
2014.11.11 17:06:13.648,0.78404,0.78412,1.00,1.00
2014.11.11 17:06:14.158,0.78403,0.78412,1.50,1.87
2014.11.11 17:06:14.314,0.78401,0.78409,1.00,1.00
2014.11.11 17:06:18.726,0.78401,0.78411,1.00,2.06
2014.11.11 17:06:19.599,0.78401,0.78411,1.00,2.06
2014.11.11 17:06:20.145,0.78401,0.78411,1.00,2.81
2014.11.11 17:06:20.450,0.78401,0.78408,1.00,1.00
2014.11.11 17:06:20.552,0.78398,0.78407,1.00,1.50
2014.11.11 17:06:21.059,0.78397,0.78407,2.44,2.25
2014.11.11 17:06:21.619,0.78397,0.78406,2.25,1.12
2014.11.11 17:06:22.736,0.78396,0.78406,1.50,1.87
2014.11.11 17:06:27.727,0.78396,0.78406,1.00,1.87
2014.11.11 17:06:29.330,0.78396,0.78406,1.00,2.81
2014.11.11 17:06:29.584,0.78396,0.78406,1.00,1.50
2014.11.11 17:06:30.503,0.78396,0.78406,1.00,1.37
2014.11.11 17:06:30.554,0.78395,0.78403,1.00,1.00
2014.11.11 17:06:31.113,0.78396,0.78403,1.00,1.00
2014.11.11 17:06:31.164,0.78396,0.78405,1.00,1.12
2014.11.11 17:06:36.458,0.78396,0.78405,1.50,1.37
2014.11.11 17:06:36.865,0.78394,0.78404,1.50,1.87
2014.11.11 17:06:37.241,0.78394,0.78404,1.50,1.87
2014.11.11 17:06:37.320,0.78394,0.78404,1.50,1.87
2014.11.11 17:06:37.836,0.78393,0.78403,3.00,1.50
2014.11.11 17:06:42.849,0.78395,0.78403,1.00,1.50
2014.11.11 17:06:43.356,0.78394,0.78403,1.50,1.00
2014.11.11 17:06:43.864,0.78393,0.78403,1.50,1.50
2014.11.11 17:06:44.166,0.78393,0.78403,1.50,2.81
2014.11.11 17:06:45.275,0.78393,0.78403,1.50,2.44
2014.11.11 17:06:45.783,0.78394,0.78403,2.25,1.12
2014.11.11 17:06:46.290,0.78394,0.78404,3.00,2.06
2014.11.11 17:06:46.594,0.78394,0.78404,3.00,2.06
2014.11.11 17:06:47.110,0.78394,0.78401,1.00,1.12
2014.11.11 17:06:47.212,0.78392,0.78401,2.25,1.12
2014.11.11 17:06:49.876,0.78392,0.78402,3.00,2.81
2014.11.11 17:06:50.799,0.78393,0.78401,1.00,1.00
2014.11.11 17:06:51.578,0.78392,0.78401,1.50,1.00
2014.11.11 17:06:52.091,0.78391,0.78401,1.50,1.00
2014.11.11 17:06:53.458,0.78392,0.78401,1.00,1.00
2014.11.11 17:06:53.970,0.78393,0.78403,2.25,1.37
2014.11.11 17:06:54.085,0.78393,0.78403,2.25,1.12
2014.11.11 17:06:58.130,0.78393,0.78403,2.25,2.06
2014.11.11 17:06:58.638,0.78393,0.78403,1.00,2.06
2014.11.11 17:07:07.016,0.78393,0.78403,1.00,2.44
2014.11.11 17:07:07.118,0.78396,0.78403,1.00,1.69
2014.11.11 17:07:07.623,0.78396,0.78403,1.00,1.25
2014.11.11 17:07:08.136,0.78396,0.78403,2.25,1.62
2014.11.11 17:07:08.237,0.78394,0.78403,1.00,2.81
2014.11.11 17:07:08.745,0.78393,0.78403,2.25,2.81
2014.11.11 17:07:09.636,0.78394,0.78403,1.00,3.56
2014.11.11 17:07:10.143,0.78393,0.78403,2.25,3.56
2014.11.11 17:07:10.503,0.78395,0.78403,1.00,3.56
2014.11.11 17:07:11.054,0.78395,0.78403,1.00,3.56
2014.11.11 17:07:12.348,0.78395,0.78403,1.00,3.56
2014.11.11 17:07:12.669,0.78395,0.78403,1.00,3.56
2014.11.11 17:07:14.811,0.78394,0.78403,1.00,4.31
2014.11.11 17:07:22.283,0.78394,0.78403,1.00,2.44
2014.11.11 17:07:22.486,0.78395,0.78403,1.00,1.62
2014.11.11 17:07:22.999,0.78394,0.78404,2.62,3.56
2014.11.11 17:07:23.505,0.78394,0.78404,2.62,2.81
2014.11.11 17:07:36.077,0.78395,0.78404,1.00,2.62
2014.11.11 17:07:36.128,0.78395,0.78404,1.00,2.25
2014.11.11 17:07:36.230,0.78394,0.78402,1.50,1.00
2014.11.11 17:07:36.890,0.78394,0.78403,1.50,1.00
2014.11.11 17:07:37.430,0.78394,0.78404,2.25,1.00
2014.11.11 17:07:38.252,0.78394,0.78403,1.00,1.37
2014.11.11 17:07:38.767,0.78393,0.78403,1.69,2.62
2014.11.11 17:07:40.665,0.78396,0.78403,1.00,2.06
2014.11.11 17:07:40.869,0.78396,0.78404,1.00,2.81
2014.11.11 17:07:46.045,0.78396,0.78404,1.00,2.06
2014.11.11 17:07:46.400,0.78394,0.78403,3.00,1.12
2014.11.11 17:07:46.907,0.78393,0.78403,2.25,1.87
2014.11.11 17:07:49.396,0.78392,0.78402,2.44,2.25
2014.11.11 17:07:49.498,0.7839,0.78398,1.12,1.00
2014.11.11 17:07:49.600,0.78389,0.78398,1.00,2.06
2014.11.11 17:07:49.702,0.78386,0.78395,1.00,2.06
2014.11.11 17:07:51.578,0.78386,0.78394,1.00,1.37
2014.11.11 17:07:52.085,0.78386,0.78394,1.00,1.37
2014.11.11 17:07:53.218,0.78386,0.78394,1.00,1.37
2014.11.11 17:07:58.690,0.78387,0.78395,1.50,1.69
2014.11.11 17:07:58.844,0.78387,0.78395,1.50,1.00
2014.11.11 17:07:59.353,0.78388,0.78397,1.00,1.62
2014.11.11 17:07:59.918,0.78388,0.78397,1.00,1.31
2014.11.11 17:08:00.272,0.78388,0.78397,1.00,1.37
2014.11.11 17:08:00.374,0.78388,0.78397,1.69,1.00
2014.11.11 17:08:00.426,0.78391,0.78397,1.00,1.00
2014.11.11 17:08:00.529,0.78391,0.78399,1.50,1.00
2014.11.11 17:08:00.630,0.78393,0.78399,1.00,1.00
2014.11.11 17:08:00.936,0.78391,0.784,1.00,1.69
2014.11.11 17:08:01.461,0.78392,0.78399,1.50,1.00
2014.11.11 17:08:01.979,0.78391,0.78398,1.00,1.00
2014.11.11 17:08:02.232,0.78389,0.78398,1.00,2.25
2014.11.11 17:08:02.334,0.7839,0.784,1.00,2.44
2014.11.11 17:08:02.538,0.78392,0.784,1.00,1.25
2014.11.11 17:08:03.054,0.78392,0.78401,1.50,2.81
2014.11.11 17:08:03.561,0.78392,0.78401,1.50,1.37
2014.11.11 17:08:06.560,0.78392,0.78399,1.50,1.00
2014.11.11 17:08:07.677,0.78392,0.78399,1.00,1.37
2014.11.11 17:08:07.779,0.7839,0.78399,1.50,1.37
2014.11.11 17:08:08.286,0.78389,0.78399,1.69,1.87
2014.11.11 17:08:09.217,0.78389,0.78399,1.50,1.87
2014.11.11 17:08:09.724,0.78388,0.78398,2.25,2.62
2014.11.11 17:08:10.603,0.78388,0.78398,2.25,2.62
2014.11.11 17:08:11.110,0.78388,0.78398,2.62,1.87
2014.11.11 17:08:11.617,0.7839,0.78398,1.00,1.00
2014.11.11 17:08:12.145,0.78391,0.784,1.00,1.62
2014.11.11 17:08:12.982,0.78391,0.784,1.00,1.62
2014.11.11 17:08:13.511,0.78391,0.784,1.00,1.37
2014.11.11 17:08:14.817,0.78391,0.784,1.00,1.62
2014.11.11 17:08:15.324,0.7839,0.784,1.00,1.87
2014.11.11 17:08:16.381,0.78388,0.78398,3.94,1.87
2014.11.11 17:08:16.433,0.78388,0.78398,4.12,1.50
2014.11.11 17:08:16.688,0.78391,0.78401,1.50,2.81
2014.11.11 17:08:17.194,0.78392,0.78401,2.25,1.00
2014.11.11 17:08:17.501,0.78392,0.78401,2.25,1.37
2014.11.11 17:08:17.705,0.78393,0.78401,1.00,1.00
2014.11.11 17:08:17.908,0.78393,0.78401,1.00,1.37
2014.11.11 17:08:20.113,0.78393,0.78401,1.00,1.62
2014.11.11 17:08:20.619,0.78392,0.78401,2.44,1.25
2014.11.11 17:08:25.559,0.78392,0.78401,2.25,1.37
2014.11.11 17:08:25.712,0.7839,0.78398,1.25,1.12
2014.11.11 17:08:25.916,0.7839,0.784,1.25,2.25
2014.11.11 17:08:26.121,0.7839,0.784,1.00,1.87
2014.11.11 17:08:27.838,0.7839,0.78399,1.00,1.62
2014.11.11 17:08:30.379,0.7839,0.78399,1.00,1.87
2014.11.11 17:08:31.169,0.7839,0.78398,1.00,1.12
2014.11.11 17:08:31.871,0.7839,0.78399,1.00,1.31
2014.11.11 17:08:32.377,0.7839,0.78399,1.00,1.62
2014.11.11 17:08:32.946,0.7839,0.78399,1.00,1.12
2014.11.11 17:08:33.099,0.7839,0.78399,1.00,1.37
2014.11.11 17:08:33.408,0.78388,0.78393,1.00,1.00
2014.11.11 17:08:33.511,0.78383,0.78392,2.06,1.00
2014.11.11 17:08:34.021,0.78383,0.78391,1.00,1.00
2014.11.11 17:08:34.529,0.78384,0.78391,1.00,1.00
2014.11.11 17:08:35.044,0.78384,0.78392,1.00,1.12
2014.11.11 17:08:35.096,0.78384,0.78392,1.00,1.37
2014.11.11 17:08:35.299,0.78382,0.7839,1.69,1.12
2014.11.11 17:08:35.705,0.78381,0.78388,1.50,1.00
2014.11.11 17:08:35.959,0.78379,0.78388,1.69,1.00
2014.11.11 17:08:36.721,0.78379,0.78388,1.50,1.37
2014.11.11 17:08:37.532,0.78378,0.78388,2.25,2.06
2014.11.11 17:08:37.837,0.7838,0.78388,1.00,1.69
2014.11.11 17:08:38.153,0.78382,0.78389,1.00,1.00
2014.11.11 17:08:38.915,0.78382,0.78391,1.50,1.25
2014.11.11 17:08:39.322,0.78385,0.78392,1.50,1.00
2014.11.11 17:08:39.474,0.78385,0.78395,1.50,2.25
2014.11.11 17:08:40.204,0.78385,0.78394,1.50,1.00
2014.11.11 17:08:40.255,0.78385,0.78394,1.50,1.37
2014.11.11 17:08:40.357,0.78385,0.78394,1.50,1.25
2014.11.11 17:08:40.458,0.78385,0.78392,1.50,1.00
2014.11.11 17:08:43.947,0.78385,0.78393,1.50,1.31
2014.11.11 17:08:44.304,0.78386,0.78396,1.00,1.25
2014.11.11 17:08:44.355,0.78388,0.78397,1.00,1.31
2014.11.11 17:08:44.964,0.78387,0.78397,1.00,2.44
2014.11.11 17:08:45.471,0.78387,0.78397,1.00,1.69
2014.11.11 17:08:45.980,0.78387,0.78396,1.00,1.12
2014.11.11 17:08:46.285,0.78386,0.78394,1.25,1.87
2014.11.11 17:08:54.989,0.78386,0.78392,1.00,1.37
2014.11.11 17:08:55.500,0.78383,0.78391,1.00,1.00
2014.11.11 17:08:55.652,0.78383,0.78393,1.00,1.00
2014.11.11 17:08:56.163,0.78384,0.78394,1.00,1.69
2014.11.11 17:08:56.519,0.78384,0.78393,1.25,1.62
2014.11.11 17:08:57.027,0.78383,0.78391,2.25,1.12
2014.11.11 17:08:58.937,0.78383,0.78393,1.50,3.56
2014.11.11 17:08:59.445,0.78383,0.78392,1.50,1.62
2014.11.11 17:09:00.512,0.78381,0.78391,2.06,1.00
2014.11.11 17:09:01.025,0.78382,0.78391,1.00,1.00
2014.11.11 17:09:01.535,0.78381,0.78391,2.25,1.50
2014.11.11 17:09:02.699,0.78382,0.78392,1.00,1.87
2014.11.11 17:09:03.054,0.78382,0.78391,1.69,1.37
2014.11.11 17:09:03.563,0.78381,0.78389,1.00,1.12
2014.11.11 17:09:03.883,0.78381,0.78389,1.00,1.37
2014.11.11 17:09:04.036,0.78378,0.78386,1.87,1.00
2014.11.11 17:09:04.442,0.78376,0.78385,1.00,2.25
2014.11.11 17:09:04.750,0.78374,0.78384,2.44,1.50
2014.11.11 17:09:08.104,0.78374,0.78384,3.00,2.62
2014.11.11 17:09:10.144,0.78374,0.78383,1.50,1.31
2014.11.11 17:09:10.713,0.78374,0.78383,1.50,1.37
2014.11.11 17:09:14.330,0.78372,0.78382,1.25,1.87
2014.11.11 17:09:14.838,0.78373,0.78382,1.00,1.00
2014.11.11 17:09:15.365,0.78373,0.78382,1.25,1.37
2014.11.11 17:09:15.618,0.78372,0.78381,1.00,1.75
2014.11.11 17:09:15.822,0.78368,0.78376,1.69,1.00
2014.11.11 17:09:15.974,0.7837,0.78376,1.00,1.00
2014.11.11 17:09:16.482,0.78369,0.78377,1.00,1.00
2014.11.11 17:09:17.194,0.78369,0.78378,1.00,2.44
2014.11.11 17:09:17.564,0.78369,0.78378,1.00,2.44
2014.11.11 17:09:21.275,0.78368,0.78378,1.00,3.94
2014.11.11 17:09:23.189,0.78368,0.78377,3.97,1.25
2014.11.11 17:09:28.310,0.7837,0.78378,1.00,4.69
2014.11.11 17:09:29.844,0.7837,0.78377,1.00,1.62
2014.11.11 17:09:30.149,0.78367,0.78373,1.00,1.37
2014.11.11 17:09:30.251,0.78364,0.78373,1.50,1.37
2014.11.11 17:09:30.760,0.78365,0.78373,1.00,1.00
2014.11.11 17:09:31.269,0.78365,0.78373,1.00,1.19
2014.11.11 17:09:31.727,0.78365,0.78373,1.87,1.19
2014.11.11 17:09:31.778,0.78365,0.78374,1.87,1.50
2014.11.11 17:09:31.829,0.78365,0.78375,1.00,1.31
2014.11.11 17:09:32.033,0.78366,0.78372,1.00,1.12
2014.11.11 17:09:32.286,0.78364,0.78372,1.69,1.12
2014.11.11 17:09:32.793,0.78363,0.78372,1.50,1.37
2014.11.11 17:09:40.294,0.78363,0.78372,1.87,1.62
2014.11.11 17:09:40.599,0.78364,0.78373,1.00,1.19
2014.11.11 17:09:40.702,0.78364,0.78374,1.37,1.69
2014.11.11 17:09:40.906,0.78367,0.78375,1.00,1.69
2014.11.11 17:09:41.059,0.78367,0.78376,1.00,1.00
2014.11.11 17:09:41.820,0.78367,0.78375,1.00,1.00
2014.11.11 17:09:42.326,0.78367,0.78376,1.00,1.00
2014.11.11 17:09:49.263,0.78367,0.78376,2.06,1.00
2014.11.11 17:09:49.314,0.7837,0.78378,1.12,1.00
2014.11.11 17:09:49.417,0.7837,0.7838,2.62,1.00
2014.11.11 17:09:49.519,0.78372,0.78382,1.50,1.87
2014.11.11 17:09:49.671,0.78374,0.78383,1.00,1.00
2014.11.11 17:09:49.824,0.78375,0.78385,1.00,1.87
2014.11.11 17:09:50.331,0.78376,0.78384,1.50,1.00
2014.11.11 17:09:50.840,0.78375,0.78383,1.00,1.00
2014.11.11 17:09:50.942,0.78373,0.78382,1.00,1.00
2014.11.11 17:09:51.450,0.78374,0.78382,1.00,1.00
2014.11.11 17:09:51.920,0.78375,0.78384,1.00,1.00
2014.11.11 17:09:52.495,0.78375,0.78385,1.50,1.87
2014.11.11 17:09:52.851,0.78375,0.78383,1.00,1.00
2014.11.11 17:09:55.681,0.78375,0.78384,1.87,1.12
2014.11.11 17:09:58.085,0.78375,0.78382,1.00,1.00
2014.11.11 17:09:58.594,0.78375,0.78383,1.00,1.87
2014.11.11 17:09:59.110,0.78375,0.78383,1.00,1.87
2014.11.11 17:10:00.748,0.78375,0.78383,1.00,2.06
2014.11.11 17:10:01.053,0.78371,0.78379,1.69,1.00
2014.11.11 17:10:01.206,0.78371,0.78381,2.44,1.25
2014.11.11 17:10:01.512,0.78371,0.78378,1.69,1.00
2014.11.11 17:10:02.020,0.78371,0.78379,1.00,1.00
2014.11.11 17:10:02.530,0.7837,0.7838,1.00,1.87
2014.11.11 17:10:04.202,0.78371,0.7838,1.00,1.87
2014.11.11 17:10:04.558,0.78373,0.7838,1.00,1.00
2014.11.11 17:10:05.073,0.78373,0.78381,1.50,1.25
2014.11.11 17:10:05.834,0.78375,0.78382,1.50,1.25
2014.11.11 17:10:06.697,0.78374,0.78384,1.00,3.56
2014.11.11 17:10:07.242,0.78375,0.78384,1.00,2.44
2014.11.11 17:10:07.750,0.78375,0.78384,1.00,1.69
2014.11.11 17:10:08.818,0.78375,0.78384,1.00,2.06
2014.11.11 17:10:09.326,0.78375,0.78385,1.00,2.81
2014.11.11 17:10:09.846,0.78375,0.78384,1.00,1.19
2014.11.11 17:10:10.702,0.78375,0.78384,1.12,1.00
2014.11.11 17:10:11.371,0.78375,0.78385,1.12,2.06
2014.11.11 17:10:11.878,0.78374,0.7838,1.00,1.37
2014.11.11 17:10:12.081,0.78375,0.78382,1.00,1.25
2014.11.11 17:10:12.133,0.78375,0.78384,1.00,1.00
2014.11.11 17:10:12.285,0.78377,0.78385,1.00,2.06
2014.11.11 17:10:13.349,0.78377,0.78387,1.50,4.31
2014.11.11 17:10:14.874,0.78377,0.78385,1.50,1.00
2014.11.11 17:10:16.777,0.78375,0.78385,2.81,1.00
2014.11.11 17:10:17.327,0.78376,0.78386,1.50,2.06
2014.11.11 17:10:17.834,0.78375,0.78385,1.50,2.06
2014.11.11 17:10:18.503,0.78375,0.78385,1.50,3.37
2014.11.11 17:10:19.011,0.78374,0.78383,1.00,1.00
2014.11.11 17:10:19.518,0.78374,0.78384,1.50,1.25
2014.11.11 17:10:21.156,0.78374,0.78383,1.00,1.19
2014.11.11 17:10:22.154,0.78374,0.78384,1.00,2.06
2014.11.11 17:10:22.928,0.78374,0.78384,1.00,2.06
2014.11.11 17:10:23.994,0.78374,0.78384,1.00,2.81
2014.11.11 17:10:24.960,0.78374,0.78384,1.00,1.31
2014.11.11 17:10:25.669,0.78374,0.78382,1.00,1.50
2014.11.11 17:10:25.974,0.7837,0.7838,1.50,2.44
2014.11.11 17:10:26.177,0.78372,0.7838,1.00,1.69
2014.11.11 17:10:26.886,0.78372,0.7838,1.00,1.50
2014.11.11 17:10:28.067,0.78372,0.78379,1.00,1.00
2014.11.11 17:10:28.323,0.7837,0.7838,1.00,2.06
2014.11.11 17:10:28.877,0.78371,0.7838,1.00,1.25
2014.11.11 17:10:30.092,0.78371,0.78379,1.00,1.00
2014.11.11 17:10:31.959,0.78371,0.78381,1.00,2.81
2014.11.11 17:10:32.922,0.78371,0.78381,1.00,2.06
2014.11.11 17:10:33.075,0.7837,0.7838,2.25,1.87
2014.11.11 17:10:33.908,0.7837,0.78378,1.00,1.00
2014.11.11 17:10:33.960,0.78368,0.78378,1.00,1.00
2014.11.11 17:10:35.204,0.78368,0.78378,1.25,2.06
2014.11.11 17:10:39.804,0.78369,0.78378,1.00,1.69
2014.11.11 17:10:40.314,0.78368,0.78378,1.69,2.06
2014.11.11 17:10:41.401,0.78368,0.78378,1.25,3.56
2014.11.11 17:10:42.526,0.78367,0.78376,1.00,1.00
2014.11.11 17:10:42.627,0.78367,0.78376,1.00,1.87
2014.11.11 17:10:42.831,0.78366,0.78376,1.00,1.12
2014.11.11 17:10:43.034,0.78368,0.78377,1.00,2.81
2014.11.11 17:10:43.541,0.78369,0.78377,1.00,1.31
2014.11.11 17:10:44.047,0.78369,0.78377,1.00,1.62
2014.11.11 17:10:44.616,0.78369,0.78377,1.00,1.31
2014.11.11 17:10:44.920,0.78369,0.78377,1.00,1.69
2014.11.11 17:10:45.429,0.7837,0.78377,1.00,1.69
2014.11.11 17:10:45.937,0.7837,0.78377,1.00,1.37
2014.11.11 17:10:47.419,0.7837,0.78377,1.00,1.00
2014.11.11 17:10:48.158,0.78372,0.78377,1.00,1.31
2014.11.11 17:10:48.362,0.7837,0.78376,1.50,1.00
2014.11.11 17:10:48.566,0.78372,0.78379,1.00,1.25
2014.11.11 17:10:49.074,0.78373,0.78378,1.00,1.00
2014.11.11 17:10:49.379,0.78373,0.78381,1.00,1.25
2014.11.11 17:10:49.989,0.78373,0.78383,1.00,3.56
2014.11.11 17:10:52.186,0.78373,0.78383,1.00,3.56
2014.11.11 17:10:52.713,0.78372,0.7838,1.00,1.12
2014.11.11 17:10:52.815,0.78372,0.78378,1.00,1.00
2014.11.11 17:10:53.322,0.78371,0.78379,1.00,1.00
2014.11.11 17:10:53.677,0.78373,0.78379,1.00,1.00
2014.11.11 17:10:53.931,0.78373,0.78381,1.00,1.12
2014.11.11 17:10:54.593,0.78373,0.78382,1.00,1.69
2014.11.11 17:10:55.103,0.78373,0.78382,1.00,2.44
2014.11.11 17:10:55.994,0.78373,0.78382,1.00,1.87
2014.11.11 17:10:59.393,0.78372,0.78382,1.50,2.06
2014.11.11 17:10:59.901,0.78371,0.78379,1.50,1.87
2014.11.11 17:11:00.415,0.78372,0.78379,1.50,1.25
2014.11.11 17:11:01.235,0.78371,0.78379,1.50,1.31
2014.11.11 17:11:03.406,0.78371,0.78379,1.00,2.06
2014.11.11 17:11:04.359,0.78371,0.78379,1.00,1.31
2014.11.11 17:11:07.216,0.78372,0.78379,1.00,1.31
2014.11.11 17:11:07.916,0.78371,0.78379,1.00,1.12
2014.11.11 17:11:08.423,0.78371,0.78378,1.00,1.12
2014.11.11 17:11:09.313,0.78371,0.78379,1.00,2.06
2014.11.11 17:11:09.827,0.78371,0.78379,1.00,2.06
2014.11.11 17:11:11.414,0.78371,0.78379,1.00,2.06
2014.11.11 17:11:13.195,0.78372,0.7838,1.00,1.25
2014.11.11 17:11:13.703,0.78373,0.78381,2.25,1.19
2014.11.11 17:11:14.212,0.78373,0.78382,2.25,1.00
2014.11.11 17:11:16.287,0.78373,0.78383,2.25,2.81
2014.11.11 17:11:16.440,0.78375,0.78384,1.00,2.44
2014.11.11 17:11:17.656,0.78375,0.78384,1.00,1.25
2014.11.11 17:11:19.665,0.78375,0.78384,1.00,1.69
2014.11.11 17:11:21.641,0.78375,0.78383,1.00,1.69
2014.11.11 17:11:22.151,0.78376,0.78383,1.00,1.69
2014.11.11 17:11:22.661,0.78375,0.78381,1.00,1.00
2014.11.11 17:11:23.193,0.78374,0.7838,1.50,1.00
2014.11.11 17:11:23.751,0.78374,0.7838,1.00,1.37
2014.11.11 17:11:23.852,0.78372,0.78379,1.00,1.12
2014.11.11 17:11:24.055,0.78372,0.78377,1.00,1.00
2014.11.11 17:11:24.410,0.78369,0.78376,1.50,1.00
2014.11.11 17:11:24.715,0.78372,0.78378,1.00,1.25
2014.11.11 17:11:25.470,0.78372,0.78379,1.00,1.25
2014.11.11 17:11:26.486,0.78372,0.78379,1.00,2.06
2014.11.11 17:11:26.987,0.78372,0.78378,1.00,1.37
2014.11.11 17:11:27.038,0.78369,0.78376,1.50,1.00
2014.11.11 17:11:28.273,0.78368,0.78376,1.50,1.12
2014.11.11 17:11:29.262,0.78368,0.78376,1.50,1.87
2014.11.11 17:11:29.567,0.78366,0.78374,2.25,1.37
2014.11.11 17:11:29.769,0.78366,0.78375,1.50,1.50
2014.11.11 17:11:30.327,0.78366,0.78374,1.00,1.00
2014.11.11 17:11:30.835,0.78366,0.78373,1.00,1.00
2014.11.11 17:11:31.384,0.78366,0.78375,2.25,2.06
2014.11.11 17:11:31.911,0.78366,0.78374,1.00,1.62
2014.11.11 17:11:32.416,0.78366,0.78374,1.00,1.12
2014.11.11 17:11:32.984,0.78366,0.78374,1.00,2.06
2014.11.11 17:11:33.490,0.78367,0.78374,1.00,1.19
2014.11.11 17:11:33.996,0.78367,0.78375,1.00,1.31
2014.11.11 17:11:35.585,0.78367,0.78375,1.00,1.37
2014.11.11 17:11:36.041,0.78367,0.78375,1.75,1.00
2014.11.11 17:11:36.548,0.78368,0.78377,1.50,2.81
2014.11.11 17:11:37.055,0.78368,0.78376,1.50,1.37
2014.11.11 17:11:37.258,0.78368,0.78377,1.12,1.25
2014.11.11 17:11:37.411,0.7837,0.78378,1.00,1.12
2014.11.11 17:11:37.969,0.7837,0.78378,2.25,1.37
2014.11.11 17:11:38.325,0.78368,0.78376,1.50,1.12
2014.11.11 17:11:38.376,0.78368,0.78376,1.50,1.37
2014.11.11 17:11:38.894,0.78367,0.78375,1.50,1.37
2014.11.11 17:11:39.053,0.78368,0.78376,1.00,1.12
2014.11.11 17:11:39.359,0.78367,0.78374,1.00,1.12
2014.11.11 17:11:39.715,0.78365,0.78373,1.00,1.00
2014.11.11 17:11:39.919,0.78364,0.78371,3.00,1.00
2014.11.11 17:11:40.426,0.78364,0.7837,2.25,1.00
2014.11.11 17:11:40.884,0.78364,0.78372,1.00,1.50
2014.11.11 17:11:41.391,0.78364,0.78371,1.00,1.00
2014.11.11 17:11:41.899,0.78365,0.78371,1.00,1.00
2014.11.11 17:11:42.355,0.78365,0.78373,1.00,1.12
2014.11.11 17:11:42.456,0.78364,0.78371,1.00,1.00
2014.11.11 17:11:42.659,0.78365,0.78373,1.00,1.12
2014.11.11 17:11:43.419,0.78364,0.78372,1.00,1.00
2014.11.11 17:11:43.521,0.78367,0.78372,1.00,1.00
2014.11.11 17:11:43.572,0.78367,0.78374,1.00,2.06
2014.11.11 17:11:44.078,0.78366,0.78373,1.00,1.00
2014.11.11 17:11:44.596,0.78366,0.78372,1.00,1.00
2014.11.11 17:11:46.648,0.78366,0.78373,1.00,1.00
2014.11.11 17:11:46.902,0.78368,0.78374,1.00,1.00
2014.11.11 17:11:47.410,0.78367,0.78375,1.00,1.00
2014.11.11 17:11:47.461,0.78365,0.78375,1.50,1.00
2014.11.11 17:11:47.816,0.78367,0.78373,1.00,1.00
2014.11.11 17:11:47.968,0.78364,0.78371,2.06,1.00
2014.11.11 17:11:55.701,0.78364,0.78371,1.00,1.87
2014.11.11 17:11:55.753,0.78362,0.7837,1.35,1.12
2014.11.11 17:11:56.260,0.78362,0.78369,1.00,1.12
2014.11.11 17:11:59.217,0.78362,0.78371,1.00,2.44
2014.11.11 17:11:59.369,0.78366,0.78371,1.00,1.00
2014.11.11 17:11:59.521,0.7837,0.78377,1.00,1.00
2014.11.11 17:11:59.572,0.7837,0.78379,1.00,1.50
2014.11.11 17:12:00.030,0.78372,0.7838,1.00,1.00
2014.11.11 17:12:00.691,0.78372,0.78379,1.00,1.00
2014.11.11 17:12:01.046,0.78372,0.78376,1.00,1.00
2014.11.11 17:12:01.367,0.78371,0.7838,1.00,1.25
2014.11.11 17:12:01.469,0.78371,0.78376,1.00,1.00
2014.11.11 17:12:02.773,0.78369,0.78376,1.50,1.00
2014.11.11 17:12:04.101,0.78369,0.78377,1.00,1.00
2014.11.11 17:12:04.608,0.7837,0.78378,1.00,1.69
2014.11.11 17:12:04.862,0.78371,0.78379,1.00,1.69
2014.11.11 17:12:05.876,0.78371,0.7838,1.50,1.12
2014.11.11 17:12:07.146,0.78373,0.7838,1.00,1.00
2014.11.11 17:12:07.400,0.78373,0.78382,1.87,1.25
2014.11.11 17:12:07.553,0.78375,0.78382,1.00,1.25
2014.11.11 17:12:08.089,0.78375,0.78381,1.00,1.00
2014.11.11 17:12:08.191,0.78375,0.78384,1.00,2.06
2014.11.11 17:12:08.963,0.78374,0.78382,2.25,1.00
2014.11.11 17:12:09.572,0.78375,0.78382,1.00,1.00
2014.11.11 17:12:10.181,0.78375,0.78383,1.00,1.31
2014.11.11 17:12:11.094,0.78374,0.78383,1.50,1.31
2014.11.11 17:12:12.408,0.78375,0.78383,1.00,1.31
2014.11.11 17:12:13.376,0.78375,0.78382,1.00,1.00
2014.11.11 17:12:13.478,0.78375,0.7838,1.00,1.00
2014.11.11 17:12:13.580,0.78373,0.7838,1.25,1.00
2014.11.11 17:12:14.087,0.78373,0.78381,1.25,1.25
2014.11.11 17:12:14.699,0.78374,0.78381,1.00,1.00
2014.11.11 17:12:15.262,0.78375,0.78381,1.00,1.00
2014.11.11 17:12:15.779,0.78375,0.78382,1.00,1.00
2014.11.11 17:12:15.982,0.78373,0.78381,1.50,1.12
2014.11.11 17:12:16.651,0.78374,0.78381,1.00,1.00
2014.11.11 17:12:16.752,0.78375,0.78383,1.00,1.25
2014.11.11 17:12:17.259,0.78375,0.78383,1.00,1.62
2014.11.11 17:12:19.063,0.78375,0.78383,1.00,1.12
2014.11.11 17:12:19.564,0.78375,0.78383,1.00,2.06
2014.11.11 17:12:20.324,0.78374,0.78383,1.00,2.06
2014.11.11 17:12:20.831,0.78374,0.78382,1.00,1.37
2014.11.11 17:12:21.338,0.78374,0.78382,1.00,1.12
2014.11.11 17:12:22.148,0.78375,0.78382,1.00,1.00
2014.11.11 17:12:22.251,0.78375,0.78384,1.50,1.12
2014.11.11 17:12:22.758,0.78376,0.78386,1.50,2.81
2014.11.11 17:12:23.300,0.78376,0.78383,1.50,1.00
2014.11.11 17:12:25.462,0.78376,0.78385,1.50,1.31
2014.11.11 17:12:26.243,0.78376,0.78385,1.50,1.37
2014.11.11 17:12:26.395,0.78374,0.78383,1.00,1.12
2014.11.11 17:12:26.446,0.78374,0.78383,1.00,1.37
2014.11.11 17:12:26.954,0.78373,0.7838,1.00,1.00
2014.11.11 17:12:28.443,0.78373,0.78381,1.00,1.00
2014.11.11 17:12:30.078,0.78373,0.78382,1.00,1.50
2014.11.11 17:12:30.572,0.78373,0.78379,1.00,1.00
2014.11.11 17:12:31.084,0.78372,0.78379,1.00,1.00
2014.11.11 17:12:31.591,0.78372,0.78378,1.00,1.00
2014.11.11 17:12:33.929,0.78372,0.78377,1.00,1.00
2014.11.11 17:12:34.436,0.78371,0.78377,1.00,1.00
2014.11.11 17:12:38.334,0.78371,0.78378,1.00,1.50
2014.11.11 17:12:39.630,0.78371,0.78379,1.00,1.00
2014.11.11 17:12:42.568,0.78371,0.78378,1.50,1.00
2014.11.11 17:12:51.772,0.7837,0.78378,1.50,1.12
2014.11.11 17:12:52.282,0.78369,0.78379,1.00,4.69
2014.11.11 17:12:52.790,0.78368,0.78377,1.00,1.00
2014.11.11 17:12:53.297,0.78369,0.78377,1.00,1.00
2014.11.11 17:12:53.661,0.78367,0.78376,1.69,1.12
2014.11.11 17:12:54.186,0.78367,0.78377,1.87,2.81
2014.11.11 17:12:55.673,0.78367,0.78376,1.50,1.00
2014.11.11 17:12:57.704,0.78367,0.78376,1.87,1.25
2014.11.11 17:12:57.857,0.78367,0.78377,2.06,1.50
2014.11.11 17:12:58.164,0.78371,0.7838,1.50,1.00
2014.11.11 17:12:58.672,0.78372,0.7838,1.00,1.00
2014.11.11 17:12:59.400,0.78371,0.7838,1.00,2.25
2014.11.11 17:12:59.907,0.78371,0.78379,1.50,1.00
2014.11.11 17:13:06.689,0.7837,0.78378,1.00,1.50
2014.11.11 17:13:08.411,0.7837,0.78376,1.00,1.00
2014.11.11 17:13:10.852,0.7837,0.78377,1.00,1.00
2014.11.11 17:13:12.324,0.78368,0.78377,1.87,1.00
2014.11.11 17:13:12.833,0.78369,0.78376,1.00,1.00
2014.11.11 17:13:13.341,0.78369,0.78375,1.00,1.00
2014.11.11 17:13:13.850,0.78369,0.78376,1.00,1.50
2014.11.11 17:13:18.864,0.78369,0.78377,1.00,2.06
2014.11.11 17:13:19.533,0.78369,0.78376,1.00,1.00
2014.11.11 17:13:20.040,0.78369,0.78375,1.00,1.00
2014.11.11 17:13:20.091,0.78369,0.78377,1.00,1.69
2014.11.11 17:13:20.599,0.78373,0.78377,1.00,1.00
2014.11.11 17:13:20.651,0.78373,0.78379,1.00,1.25
2014.11.11 17:13:20.804,0.78371,0.7838,1.00,1.69
2014.11.11 17:13:20.855,0.7837,0.78377,1.50,1.12
2014.11.11 17:13:21.363,0.78369,0.78377,2.25,1.00
2014.11.11 17:13:22.427,0.7837,0.78376,1.12,1.00
2014.11.11 17:13:22.529,0.78372,0.78379,1.00,1.25
2014.11.11 17:13:22.833,0.78372,0.78381,1.00,1.00
2014.11.11 17:13:23.190,0.78372,0.78379,1.00,1.00
2014.11.11 17:13:25.911,0.78372,0.7838,1.00,1.12
2014.11.11 17:13:26.370,0.78371,0.78378,1.12,1.00
2014.11.11 17:13:26.877,0.78371,0.78377,1.00,1.00
2014.11.11 17:13:27.384,0.78371,0.78378,1.00,1.00
2014.11.11 17:13:29.877,0.78371,0.78379,1.00,2.06
2014.11.11 17:13:30.304,0.78371,0.78379,1.00,2.06
2014.11.11 17:13:30.457,0.78369,0.78379,1.12,2.06
2014.11.11 17:13:30.964,0.78369,0.78379,1.00,2.06
2014.11.11 17:13:31.487,0.78368,0.78378,1.00,2.06
2014.11.11 17:13:33.810,0.78368,0.78378,1.00,4.31
2014.11.11 17:13:34.419,0.78369,0.78378,1.00,2.81
2014.11.11 17:13:34.925,0.78369,0.78376,1.00,1.00
2014.11.11 17:13:35.603,0.78369,0.78375,1.00,1.00
2014.11.11 17:13:40.578,0.78366,0.78375,1.69,1.12
2014.11.11 17:13:40.681,0.78366,0.78373,1.25,1.00
2014.11.11 17:13:41.188,0.78365,0.78372,1.87,1.00
2014.11.11 17:13:41.340,0.78365,0.78374,1.87,1.00
2014.11.11 17:13:41.847,0.78366,0.78375,1.87,1.25
2014.11.11 17:13:42.981,0.78366,0.78376,1.87,1.31
2014.11.11 17:13:43.082,0.78366,0.78375,1.50,1.62
2014.11.11 17:13:43.590,0.78364,0.78374,1.50,1.50
2014.11.11 17:13:44.198,0.78364,0.78373,1.87,1.00
2014.11.11 17:13:44.705,0.78363,0.78373,1.50,1.87
2014.11.11 17:13:45.010,0.78364,0.78373,1.37,1.12
2014.11.11 17:13:45.314,0.78367,0.78375,1.00,1.69
2014.11.11 17:13:46.075,0.78366,0.78375,1.50,1.19
2014.11.11 17:13:46.583,0.78367,0.78375,1.50,1.19
2014.11.11 17:13:47.282,0.78367,0.78375,1.00,1.31
2014.11.11 17:13:47.587,0.78366,0.78373,1.00,1.00
2014.11.11 17:13:47.842,0.78362,0.7837,1.50,1.00
2014.11.11 17:13:48.199,0.7836,0.78368,1.00,1.00
2014.11.11 17:13:48.403,0.78358,0.78368,3.00,2.25
2014.11.11 17:13:48.960,0.7836,0.78368,1.00,1.50
2014.11.11 17:13:49.265,0.78358,0.78368,1.00,1.00
2014.11.11 17:13:49.773,0.78357,0.78367,1.50,1.00
2014.11.11 17:13:50.452,0.78357,0.78367,1.37,1.25
2014.11.11 17:13:50.965,0.78357,0.78366,1.12,1.12
2014.11.11 17:13:53.072,0.78357,0.78365,1.25,2.62
2014.11.11 17:13:53.174,0.78355,0.78365,1.50,3.37
2014.11.11 17:13:53.479,0.78354,0.78362,2.47,1.37
2014.11.11 17:13:53.790,0.78353,0.78363,3.22,1.87
2014.11.11 17:13:54.602,0.78355,0.78364,1.00,1.50
2014.11.11 17:13:54.807,0.78359,0.78365,1.00,1.00
2014.11.11 17:13:55.061,0.78361,0.78371,1.50,2.44
2014.11.11 17:13:55.162,0.78361,0.78369,1.00,1.00
2014.11.11 17:13:55.264,0.78359,0.78369,1.50,1.50
2014.11.11 17:13:55.315,0.78359,0.78367,1.50,1.00
2014.11.11 17:13:55.416,0.78359,0.78369,1.50,1.50
2014.11.11 17:13:55.826,0.78358,0.78368,1.31,2.06
2014.11.11 17:13:57.341,0.78358,0.78368,3.60,4.31
2014.11.11 17:13:57.864,0.78358,0.78368,3.60,2.81
2014.11.11 17:13:58.665,0.78358,0.78368,3.60,2.81
2014.11.11 17:14:00.513,0.78358,0.78368,3.79,2.06
2014.11.11 17:14:00.817,0.78358,0.78365,2.29,1.00
2014.11.11 17:14:01.324,0.78358,0.78364,2.85,1.00
2014.11.11 17:14:01.587,0.78358,0.78366,2.85,1.00
2014.11.11 17:14:04.992,0.78358,0.78367,3.79,1.56
2014.11.11 17:14:05.805,0.78358,0.78368,3.60,2.44
2014.11.11 17:14:08.693,0.78358,0.78367,1.35,1.62
2014.11.11 17:14:08.795,0.78358,0.78367,3.22,1.25
2014.11.11 17:14:09.304,0.78358,0.78368,4.54,1.50
2014.11.11 17:14:09.508,0.78358,0.78366,3.60,1.00
2014.11.11 17:14:09.812,0.78358,0.78364,2.10,1.00
2014.11.11 17:14:11.788,0.78358,0.78365,3.22,1.00
2014.11.11 17:14:12.791,0.78358,0.78364,3.60,1.00
2014.11.11 17:14:13.096,0.78359,0.78366,2.10,1.25
2014.11.11 17:14:13.604,0.7836,0.78366,1.00,1.25
2014.11.11 17:14:14.121,0.78359,0.78367,2.47,1.50
2014.11.11 17:14:14.629,0.78359,0.78367,3.22,1.00
2014.11.11 17:14:15.137,0.78359,0.78367,2.10,1.00
2014.11.11 17:14:15.653,0.78359,0.78368,3.60,1.25
2014.11.11 17:14:16.159,0.78359,0.78368,3.79,1.25
2014.11.11 17:14:18.161,0.78361,0.78368,1.00,1.25
2014.11.11 17:14:18.683,0.78361,0.78367,1.00,1.00
2014.11.11 17:14:19.842,0.78361,0.78369,1.00,1.25
2014.11.11 17:14:20.348,0.78361,0.78368,1.50,1.12
2014.11.11 17:14:20.702,0.7836,0.78366,1.00,1.00
2014.11.11 17:14:20.804,0.7836,0.78369,1.00,1.69
2014.11.11 17:14:21.338,0.7836,0.78367,1.00,1.00
2014.11.11 17:14:21.877,0.7836,0.78366,1.00,1.00
2014.11.11 17:14:22.385,0.7836,0.78365,1.00,1.00
2014.11.11 17:14:22.930,0.7836,0.78366,1.50,1.00
2014.11.11 17:14:23.900,0.7836,0.78365,1.50,1.00
2014.11.11 17:14:26.299,0.7836,0.78367,1.50,1.25
2014.11.11 17:14:26.350,0.78362,0.78367,1.00,1.25
2014.11.11 17:14:26.402,0.78362,0.78369,1.00,1.31
2014.11.11 17:14:28.731,0.78362,0.78368,1.00,1.00
2014.11.11 17:14:29.492,0.78362,0.78369,1.00,1.25
2014.11.11 17:14:34.868,0.78362,0.78368,1.00,1.00
2014.11.11 17:14:35.750,0.78362,0.78367,1.00,1.00
2014.11.11 17:14:36.004,0.78362,0.78369,1.00,1.00
2014.11.11 17:14:36.309,0.78362,0.78366,1.00,1.00
2014.11.11 17:14:36.831,0.78361,0.78365,1.00,1.00
2014.11.11 17:14:37.203,0.78359,0.78365,1.00,1.00
2014.11.11 17:14:38.575,0.78358,0.78365,1.50,1.25
2014.11.11 17:14:39.744,0.78358,0.78362,1.50,1.00
2014.11.11 17:14:39.947,0.78358,0.78365,1.50,1.25
2014.11.11 17:14:40.406,0.7836,0.78367,1.00,1.00
2014.11.11 17:14:40.913,0.78361,0.78367,1.50,1.00
2014.11.11 17:14:42.711,0.78361,0.78369,1.50,1.12
2014.11.11 17:14:43.221,0.78361,0.7837,1.50,1.25
2014.11.11 17:14:43.728,0.78361,0.7837,2.44,1.25
2014.11.11 17:14:44.580,0.78361,0.7837,1.50,1.25
2014.11.11 17:14:46.121,0.78362,0.78369,1.00,1.00
2014.11.11 17:14:50.214,0.78361,0.78369,1.50,1.69
2014.11.11 17:14:51.178,0.78361,0.78368,1.00,1.00
2014.11.11 17:14:52.140,0.7836,0.78368,1.25,1.00
2014.11.11 17:14:52.698,0.78359,0.78369,1.50,2.06
2014.11.11 17:14:52.951,0.78359,0.78365,1.00,1.00
2014.11.11 17:14:53.255,0.78358,0.78362,1.50,1.00
2014.11.11 17:14:53.357,0.78359,0.78364,1.00,1.00
2014.11.11 17:14:54.238,0.78359,0.78363,1.00,1.00
2014.11.11 17:14:54.340,0.78357,0.78363,1.50,1.00
2014.11.11 17:14:54.493,0.78356,0.78361,1.00,1.00
2014.11.11 17:14:54.544,0.78353,0.78361,2.44,1.00
2014.11.11 17:14:54.797,0.78353,0.78359,2.44,1.00
2014.11.11 17:14:56.907,0.78353,0.78358,1.50,1.00
2014.11.11 17:14:57.892,0.78353,0.78359,1.35,1.00
2014.11.11 17:14:58.399,0.78352,0.78359,2.85,1.00
2014.11.11 17:14:59.069,0.78353,0.78359,2.10,1.00
2014.11.11 17:14:59.323,0.7835,0.78359,1.69,1.37
2014.11.11 17:14:59.830,0.7835,0.78357,1.25,1.00
2014.11.11 17:15:00.824,0.78349,0.78357,1.25,1.00
2014.11.11 17:15:01.859,0.78349,0.78359,1.12,1.87
2014.11.11 17:15:02.165,0.78351,0.7836,1.37,1.12
2014.11.11 17:15:02.675,0.78351,0.7836,1.00,1.00
2014.11.11 17:15:03.384,0.78351,0.78358,1.00,1.00
2014.11.11 17:15:03.891,0.78351,0.78359,1.00,1.00
2014.11.11 17:15:04.347,0.78349,0.78358,1.00,1.12
2014.11.11 17:15:05.466,0.7835,0.78358,1.00,1.12
2014.11.11 17:15:06.017,0.78351,0.78358,1.00,1.12
2014.11.11 17:15:06.372,0.78349,0.78358,1.87,1.12
2014.11.11 17:15:06.879,0.7835,0.78358,1.00,1.12
2014.11.11 17:15:09.639,0.7835,0.7836,1.00,2.06
2014.11.11 17:15:13.185,0.7835,0.7836,1.62,1.50
2014.11.11 17:15:13.744,0.78352,0.78361,1.00,1.31
2014.11.11 17:15:14.277,0.78352,0.78362,1.62,1.62
2014.11.11 17:15:14.784,0.78352,0.78362,1.25,2.06
2014.11.11 17:15:15.291,0.78352,0.78362,1.31,1.87
2014.11.11 17:15:15.849,0.78353,0.78362,1.00,1.12
2014.11.11 17:15:16.458,0.78354,0.78363,1.00,2.06
2014.11.11 17:15:17.322,0.78354,0.78363,1.00,2.81
2014.11.11 17:15:17.843,0.78353,0.7836,1.00,1.00
2014.11.11 17:15:18.383,0.78352,0.7836,1.00,1.00
2014.11.11 17:15:19.772,0.78352,0.78359,1.00,1.00
2014.11.11 17:15:20.287,0.78352,0.7836,1.00,1.12
2014.11.11 17:15:21.403,0.7835,0.78358,1.00,1.00
2014.11.11 17:15:21.911,0.78349,0.78358,1.00,1.00
2014.11.11 17:15:22.216,0.78351,0.78359,1.00,1.50
2014.11.11 17:15:24.197,0.78352,0.78362,1.00,1.50
2014.11.11 17:15:24.708,0.78351,0.78361,1.50,1.50
2014.11.11 17:15:25.218,0.78351,0.78361,1.87,1.50
2014.11.11 17:15:26.101,0.78351,0.7836,1.50,1.12
2014.11.11 17:15:26.862,0.78351,0.78361,1.87,1.50
2014.11.11 17:15:27.372,0.78351,0.7836,1.12,1.12
2014.11.11 17:15:27.879,0.78352,0.78361,1.12,1.69
2014.11.11 17:15:29.786,0.78353,0.78361,1.50,1.00
2014.11.11 17:15:30.307,0.78352,0.78362,1.00,2.25
2014.11.11 17:15:31.425,0.78353,0.78362,1.50,1.69
2014.11.11 17:15:31.943,0.78354,0.78362,1.00,1.00
2014.11.11 17:15:32.604,0.78353,0.78361,1.12,1.00
2014.11.11 17:15:33.990,0.78354,0.78362,1.00,1.87
2014.11.11 17:15:41.845,0.78354,0.78364,1.25,2.44
2014.11.11 17:15:42.355,0.78353,0.78363,1.69,1.50
2014.11.11 17:15:42.924,0.78355,0.78363,1.00,1.50
2014.11.11 17:15:43.752,0.78353,0.78363,1.12,1.00
2014.11.11 17:15:44.266,0.78353,0.78362,1.31,1.12
2014.11.11 17:15:49.388,0.78353,0.78361,1.00,1.00
2014.11.11 17:15:49.541,0.7835,0.7836,3.19,1.37
2014.11.11 17:15:50.053,0.78349,0.78359,1.12,1.87
2014.11.11 17:15:50.667,0.7835,0.78359,1.00,1.31
2014.11.11 17:15:53.112,0.7835,0.78358,1.00,1.00
2014.11.11 17:16:00.141,0.7835,0.78359,1.00,1.25
2014.11.11 17:16:00.649,0.7835,0.7836,1.87,2.06
2014.11.11 17:16:01.156,0.7835,0.78359,1.87,1.25
2014.11.11 17:16:02.653,0.7835,0.78359,1.54,1.00
2014.11.11 17:16:03.783,0.7835,0.78359,1.62,1.12
2014.11.11 17:16:03.935,0.78349,0.78359,1.87,2.06
2014.11.11 17:16:04.087,0.78349,0.78357,1.12,1.00
2014.11.11 17:16:05.068,0.78349,0.78358,1.12,1.31
2014.11.11 17:16:05.394,0.78351,0.78358,1.00,1.25
2014.11.11 17:16:06.473,0.7835,0.78358,1.12,1.00
2014.11.11 17:16:09.138,0.7835,0.78359,1.12,1.25
2014.11.11 17:16:09.443,0.7835,0.78359,1.37,1.00
2014.11.11 17:16:09.597,0.78352,0.78361,1.12,1.00
2014.11.11 17:16:09.800,0.78353,0.78363,1.50,2.25
2014.11.11 17:16:10.308,0.78354,0.78363,1.50,1.00
2014.11.11 17:16:10.880,0.78353,0.78363,1.50,1.50
2014.11.11 17:16:11.410,0.78353,0.78363,1.87,1.87
2014.11.11 17:16:12.584,0.78353,0.78363,2.06,2.44
2014.11.11 17:16:13.112,0.78353,0.78363,2.06,2.44
2014.11.11 17:16:13.617,0.78353,0.78363,1.87,1.50
2014.11.11 17:16:14.124,0.78354,0.78364,1.12,1.69
2014.11.11 17:16:14.227,0.78356,0.78364,1.00,1.69
2014.11.11 17:16:14.735,0.78356,0.78363,1.00,1.00
2014.11.11 17:16:17.321,0.78355,0.78363,1.50,1.50
2014.11.11 17:16:17.678,0.78354,0.78362,1.00,1.37
2014.11.11 17:16:17.832,0.78352,0.7836,1.00,1.00
2014.11.11 17:16:17.986,0.78351,0.78359,1.50,1.37
2014.11.11 17:16:18.493,0.78349,0.78359,2.25,1.87
2014.11.11 17:16:18.898,0.78348,0.78358,1.69,1.87
2014.11.11 17:16:19.101,0.78347,0.78356,1.31,1.00
2014.11.11 17:16:19.507,0.78347,0.78354,1.00,1.00
2014.11.11 17:16:19.659,0.78345,0.78354,1.00,1.50
2014.11.11 17:16:20.187,0.78344,0.78353,1.50,1.00
2014.11.11 17:16:20.811,0.78344,0.78354,1.50,1.87
2014.11.11 17:16:21.318,0.78344,0.78354,1.50,1.87
2014.11.11 17:16:24.456,0.78344,0.78354,1.50,2.81
2014.11.11 17:16:25.824,0.78344,0.78352,1.00,1.31
2014.11.11 17:16:27.253,0.78344,0.78351,1.00,1.19
2014.11.11 17:16:27.507,0.78343,0.78349,1.00,1.37
2014.11.11 17:16:27.558,0.78339,0.78349,1.50,1.87
2014.11.11 17:16:28.080,0.78339,0.78349,1.50,1.87
2014.11.11 17:16:28.182,0.78339,0.78349,1.87,1.50
2014.11.11 17:16:28.538,0.78343,0.78351,1.00,1.00
2014.11.11 17:16:28.641,0.78344,0.78353,1.00,1.00
2014.11.11 17:16:29.162,0.78342,0.78351,1.00,1.00
2014.11.11 17:16:29.668,0.78342,0.78352,1.00,1.50
2014.11.11 17:16:30.618,0.78342,0.78352,1.50,1.87
2014.11.11 17:16:31.125,0.78343,0.78352,1.00,1.87
2014.11.11 17:16:31.379,0.78343,0.78353,1.12,1.25
2014.11.11 17:16:31.633,0.78343,0.78353,1.37,1.25
2014.11.11 17:16:31.836,0.78345,0.78355,1.87,1.25
2014.11.11 17:16:32.039,0.78345,0.78355,2.62,1.25
2014.11.11 17:16:32.546,0.78347,0.78355,1.00,1.12
2014.11.11 17:16:32.953,0.78345,0.78355,1.31,1.00
2014.11.11 17:16:33.796,0.78345,0.78353,1.00,1.00
2014.11.11 17:16:33.847,0.78343,0.78353,2.81,1.50
2014.11.11 17:16:33.949,0.78345,0.78354,1.00,1.00
2014.11.11 17:16:34.375,0.78344,0.78352,1.50,1.00
2014.11.11 17:16:34.477,0.78344,0.78354,2.25,1.00
2014.11.11 17:16:34.984,0.78345,0.78355,1.00,1.25
2014.11.11 17:16:35.289,0.78345,0.78355,1.37,1.00
2014.11.11 17:16:36.100,0.78345,0.78355,1.00,1.50
2014.11.11 17:16:36.354,0.78344,0.78353,1.00,1.00
2014.11.11 17:16:36.863,0.78343,0.78353,1.31,1.00
2014.11.11 17:16:37.319,0.78342,0.78351,1.12,1.00
2014.11.11 17:16:37.624,0.78341,0.78349,3.56,1.00
2014.11.11 17:16:40.131,0.78341,0.78349,3.56,1.00
2014.11.11 17:16:40.650,0.78342,0.78349,2.06,1.00
2014.11.11 17:16:41.666,0.78341,0.78349,1.87,1.12
2014.11.11 17:16:42.174,0.78341,0.78349,1.00,1.87
2014.11.11 17:16:42.479,0.78341,0.78349,1.37,1.00
2014.11.11 17:16:42.582,0.78343,0.78351,1.12,1.87
2014.11.11 17:16:42.987,0.78343,0.78353,1.12,2.06
2014.11.11 17:16:43.494,0.78343,0.78353,1.00,1.62
2014.11.11 17:16:44.254,0.78343,0.7835,1.00,1.37
2014.11.11 17:16:44.406,0.7834,0.78349,1.00,1.37
2014.11.11 17:16:45.318,0.7834,0.78348,1.00,1.12
2014.11.11 17:16:45.825,0.7834,0.7835,1.00,1.56
2014.11.11 17:16:46.436,0.7834,0.7835,1.00,1.00
2014.11.11 17:16:47.680,0.78339,0.78349,1.50,1.00
2014.11.11 17:16:47.784,0.78339,0.78347,1.00,1.50
2014.11.11 17:16:47.886,0.78337,0.78347,1.25,1.50
2014.11.11 17:16:48.398,0.78338,0.78347,1.00,1.00
2014.11.11 17:16:48.551,0.78339,0.78349,1.00,1.00
2014.11.11 17:16:50.368,0.78339,0.78349,1.00,2.06
2014.11.11 17:16:50.977,0.78339,0.78349,1.00,1.87
2014.11.11 17:16:51.079,0.78338,0.78347,1.00,1.12
2014.11.11 17:16:51.487,0.78336,0.78346,2.44,1.50
2014.11.11 17:16:51.792,0.78338,0.78346,1.00,1.50
2014.11.11 17:16:51.894,0.78336,0.78346,1.69,1.50
2014.11.11 17:16:52.503,0.78338,0.78346,1.00,1.00
2014.11.11 17:16:52.707,0.78338,0.78348,1.69,1.00
2014.11.11 17:16:52.910,0.7834,0.78349,1.00,1.00
2014.11.11 17:16:53.558,0.7834,0.78348,1.00,1.00
2014.11.11 17:16:53.863,0.78338,0.78346,1.00,1.00
2014.11.11 17:16:54.729,0.7834,0.78346,1.00,1.00
2014.11.11 17:16:54.831,0.7834,0.78348,1.00,1.50
2014.11.11 17:16:55.338,0.78339,0.78347,1.00,1.00
2014.11.11 17:16:56.201,0.7834,0.78349,1.00,1.25
2014.11.11 17:16:56.708,0.78339,0.78349,1.12,1.31
2014.11.11 17:16:57.316,0.78339,0.78348,1.00,1.00
2014.11.11 17:16:57.824,0.78339,0.78349,1.00,1.12
2014.11.11 17:16:59.598,0.7834,0.78349,1.00,1.12
2014.11.11 17:17:02.964,0.7834,0.7835,1.00,1.69
2014.11.11 17:17:03.218,0.78342,0.78351,1.00,2.44
2014.11.11 17:17:03.711,0.78344,0.78352,1.00,3.56
2014.11.11 17:17:03.915,0.78342,0.78352,1.50,2.81
2014.11.11 17:17:04.169,0.78342,0.78352,1.00,3.56
2014.11.11 17:17:04.372,0.78341,0.7835,1.50,1.00
2014.11.11 17:17:04.879,0.78341,0.7835,1.00,1.37
2014.11.11 17:17:05.386,0.78342,0.7835,1.00,1.12
2014.11.11 17:17:07.159,0.78342,0.7835,1.00,1.37
2014.11.11 17:17:07.666,0.78341,0.78349,1.00,1.12
2014.11.11 17:17:08.072,0.78341,0.78349,1.00,1.37
2014.11.11 17:17:08.580,0.78341,0.78349,1.00,1.00
2014.11.11 17:17:08.783,0.78341,0.78349,1.00,1.37
2014.11.11 17:17:10.399,0.78341,0.78349,1.00,1.87
2014.11.11 17:17:14.679,0.78341,0.78348,1.00,1.00
2014.11.11 17:17:15.238,0.78341,0.78349,1.00,2.06
2014.11.11 17:17:16.498,0.78341,0.78349,1.00,2.06
2014.11.11 17:17:17.157,0.7834,0.78348,2.25,1.37
2014.11.11 17:17:19.216,0.7834,0.78349,2.25,1.69
2014.11.11 17:17:20.233,0.7834,0.7835,2.25,2.62
2014.11.11 17:17:20.621,0.7834,0.7835,2.62,2.62
2014.11.11 17:17:23.600,0.7834,0.78349,2.25,1.12
2014.11.11 17:17:24.293,0.7834,0.7835,2.62,2.62
2014.11.11 17:17:24.800,0.7834,0.78349,2.25,1.12
2014.11.11 17:17:26.509,0.78342,0.78349,1.00,1.00
2014.11.11 17:17:26.662,0.78343,0.78351,1.00,2.81
2014.11.11 17:17:26.915,0.78342,0.7835,1.50,1.37
2014.11.11 17:17:27.424,0.78342,0.7835,1.50,1.87
2014.11.11 17:17:28.552,0.78343,0.7835,1.00,1.00
2014.11.11 17:17:28.959,0.78345,0.78351,1.00,1.50
2014.11.11 17:17:29.010,0.78345,0.78355,1.00,4.50
2014.11.11 17:17:29.517,0.78345,0.78354,1.50,1.25
2014.11.11 17:17:30.935,0.78345,0.78354,1.00,1.62
2014.11.11 17:17:36.947,0.78345,0.78354,1.00,1.37
2014.11.11 17:17:37.049,0.78345,0.78353,1.00,1.37
2014.11.11 17:17:37.404,0.78343,0.78351,1.00,1.37
2014.11.11 17:17:38.419,0.78342,0.78352,1.87,1.87
2014.11.11 17:17:39.124,0.78343,0.78352,1.00,1.56
2014.11.11 17:17:40.351,0.78344,0.78351,1.00,1.37
2014.11.11 17:17:40.402,0.78345,0.78352,1.00,1.00
2014.11.11 17:17:40.453,0.78345,0.78354,1.00,1.31
2014.11.11 17:17:40.860,0.78346,0.78352,1.00,1.00
2014.11.11 17:17:41.062,0.78344,0.78351,1.00,1.00
2014.11.11 17:17:41.579,0.78345,0.78352,1.00,1.00
2014.11.11 17:17:41.731,0.78347,0.78356,1.00,1.69
2014.11.11 17:17:42.239,0.78348,0.78356,1.50,1.00
2014.11.11 17:17:51.518,0.78347,0.78356,1.87,1.00
2014.11.11 17:17:53.203,0.78349,0.78356,1.00,1.00
2014.11.11 17:17:55.170,0.78349,0.78356,1.00,1.37
2014.11.11 17:17:55.273,0.78347,0.78355,1.00,1.00
2014.11.11 17:17:55.781,0.78347,0.78357,2.25,2.06
2014.11.11 17:17:57.240,0.78349,0.78356,1.00,1.00
2014.11.11 17:17:57.749,0.78348,0.78356,1.50,1.00
2014.11.11 17:17:59.491,0.78348,0.78355,1.00,1.00
2014.11.11 17:17:59.850,0.78348,0.78357,1.00,1.12
2014.11.11 17:18:01.970,0.78349,0.78357,1.00,1.25
2014.11.11 17:18:02.173,0.78351,0.78359,1.00,1.25
2014.11.11 17:18:02.680,0.7835,0.7836,1.00,3.56
2014.11.11 17:18:03.408,0.78352,0.7836,1.00,1.19
2014.11.11 17:18:03.917,0.78352,0.78361,1.00,2.25
2014.11.11 17:18:04.290,0.78353,0.78363,1.50,1.87
2014.11.11 17:18:11.116,0.78354,0.78362,1.00,1.00
2014.11.11 17:18:11.624,0.78355,0.78364,1.00,2.62
2014.11.11 17:18:12.473,0.78355,0.78364,1.00,2.62
2014.11.11 17:18:12.981,0.78356,0.78361,1.00,1.00
2014.11.11 17:18:13.134,0.78353,0.78359,1.00,1.12
2014.11.11 17:18:13.494,0.78351,0.7836,2.25,1.00
2014.11.11 17:18:14.307,0.78352,0.7836,1.00,1.00
2014.11.11 17:18:16.225,0.78351,0.7836,1.50,1.00
2014.11.11 17:18:16.834,0.78351,0.7836,1.50,1.37
2014.11.11 17:18:19.346,0.78351,0.78359,1.00,1.37
2014.11.11 17:18:19.448,0.78351,0.7836,1.00,1.56
2014.11.11 17:18:19.600,0.7835,0.78358,1.50,1.87
2014.11.11 17:18:19.702,0.78348,0.78358,1.50,1.87
2014.11.11 17:18:20.211,0.78348,0.78358,2.25,2.62
2014.11.11 17:18:20.738,0.7835,0.78359,1.00,1.62
2014.11.11 17:18:21.144,0.7835,0.78359,1.00,1.31
2014.11.11 17:18:30.553,0.78352,0.7836,1.00,2.06
2014.11.11 17:18:31.064,0.78351,0.7836,1.00,1.62
2014.11.11 17:18:32.259,0.78352,0.78359,1.00,1.12
2014.11.11 17:18:32.665,0.78349,0.78358,1.00,1.00
2014.11.11 17:18:33.375,0.7835,0.78358,1.00,1.00
2014.11.11 17:18:33.907,0.7835,0.78359,1.00,1.25
2014.11.11 17:18:36.019,0.7835,0.7836,1.00,1.87
2014.11.11 17:18:36.627,0.7835,0.7836,1.00,2.81
2014.11.11 17:18:38.623,0.7835,0.7836,1.00,2.81
2014.11.11 17:18:39.628,0.7835,0.7836,1.00,2.06
2014.11.11 17:18:39.886,0.78352,0.7836,1.00,1.31
2014.11.11 17:18:40.190,0.78351,0.78359,1.00,1.37
2014.11.11 17:18:40.758,0.78351,0.78359,1.00,1.87
2014.11.11 17:18:41.273,0.78351,0.78359,1.00,2.81
2014.11.11 17:18:41.375,0.78349,0.78357,1.00,1.00
2014.11.11 17:18:41.477,0.78351,0.78359,1.00,2.81
2014.11.11 17:18:42.087,0.78353,0.78359,1.00,1.19
2014.11.11 17:18:42.189,0.78353,0.7836,1.00,1.12
2014.11.11 17:18:42.698,0.78354,0.7836,1.00,1.00
2014.11.11 17:18:43.154,0.78354,0.78362,1.00,1.69
2014.11.11 17:18:43.358,0.78356,0.78362,1.00,1.00
2014.11.11 17:18:43.864,0.78356,0.78364,1.00,3.56
2014.11.11 17:18:44.373,0.78356,0.78363,1.00,1.62
2014.11.11 17:18:44.592,0.78354,0.78363,1.00,1.62
2014.11.11 17:18:48.069,0.78354,0.7836,1.00,1.12
2014.11.11 17:18:48.222,0.78351,0.7836,1.50,2.06
2014.11.11 17:18:48.730,0.78351,0.7836,1.50,2.06
2014.11.11 17:18:49.236,0.78351,0.78359,1.50,1.00
2014.11.11 17:18:53.310,0.78349,0.78359,2.25,2.06
2014.11.11 17:18:53.614,0.78349,0.78357,1.50,1.00
2014.11.11 17:18:58.938,0.78349,0.78358,2.62,1.00
2014.11.11 17:19:00.033,0.7835,0.78358,1.00,1.00
2014.11.11 17:19:00.540,0.78349,0.78358,1.00,1.87
2014.11.11 17:19:01.046,0.78348,0.78357,1.12,2.62
2014.11.11 17:19:01.503,0.7835,0.78358,1.00,2.44
2014.11.11 17:19:02.010,0.7835,0.78359,2.62,1.25
2014.11.11 17:19:02.314,0.78354,0.78361,1.00,1.37
2014.11.11 17:19:02.821,0.78354,0.78361,1.00,1.12
2014.11.11 17:19:03.588,0.78354,0.78361,1.00,1.37
2014.11.11 17:19:04.289,0.78354,0.78361,1.00,1.00
2014.11.11 17:19:06.196,0.78354,0.78362,1.87,1.00
2014.11.11 17:19:06.349,0.78356,0.78366,1.50,2.44
2014.11.11 17:19:06.451,0.78359,0.78366,1.00,1.69
2014.11.11 17:19:06.708,0.78359,0.78366,1.00,1.25
2014.11.11 17:19:06.762,0.78357,0.78365,1.50,1.00
2014.11.11 17:19:07.425,0.78358,0.78367,1.00,1.00
2014.11.11 17:19:07.680,0.78357,0.78365,1.50,1.00
2014.11.11 17:19:07.884,0.78357,0.78367,1.50,1.50
2014.11.11 17:19:07.986,0.78357,0.78365,1.50,1.00
2014.11.11 17:19:08.494,0.78357,0.78367,1.50,2.81
2014.11.11 17:19:09.002,0.78358,0.78366,1.00,1.25
2014.11.11 17:19:09.509,0.78357,0.78366,2.25,1.25
2014.11.11 17:19:10.015,0.78358,0.78366,1.50,1.25
2014.11.11 17:19:12.053,0.78358,0.78365,1.50,1.00
2014.11.11 17:19:12.358,0.78356,0.78363,1.50,1.12
2014.11.11 17:19:12.866,0.78355,0.78364,1.50,1.87
2014.11.11 17:19:13.979,0.78356,0.78364,1.00,1.00
2014.11.11 17:19:14.871,0.78358,0.78364,1.00,1.00
2014.11.11 17:19:15.227,0.78358,0.78366,1.50,1.87
2014.11.11 17:19:15.278,0.7836,0.78366,1.00,1.50
2014.11.11 17:19:15.482,0.7836,0.7837,1.00,2.81
2014.11.11 17:19:15.989,0.78361,0.78369,1.00,1.50
2014.11.11 17:19:16.040,0.78363,0.78371,1.00,2.81
2014.11.11 17:19:16.496,0.78363,0.7837,1.00,1.37
2014.11.11 17:19:17.179,0.78363,0.7837,1.00,1.00
2014.11.11 17:19:17.690,0.78363,0.78371,1.00,1.50
2014.11.11 17:19:18.198,0.78362,0.7837,1.00,1.50
2014.11.11 17:19:18.758,0.78362,0.78369,1.00,1.00
2014.11.11 17:19:18.859,0.7836,0.78367,1.00,1.00
2014.11.11 17:19:19.217,0.78362,0.78368,1.00,1.00
2014.11.11 17:19:19.420,0.78362,0.78371,1.50,1.69
2014.11.11 17:19:19.928,0.78363,0.78371,1.00,1.00
2014.11.11 17:19:20.333,0.78363,0.78369,1.00,1.00
2014.11.11 17:19:20.536,0.78363,0.78372,1.00,1.25
2014.11.11 17:19:21.043,0.78364,0.78373,1.00,1.69
2014.11.11 17:19:21.550,0.78365,0.78374,1.50,1.19
2014.11.11 17:19:21.652,0.78368,0.78375,1.00,1.19
2014.11.11 17:19:23.924,0.78368,0.78375,1.00,1.00
2014.11.11 17:19:24.431,0.78368,0.78376,1.00,1.69
2014.11.11 17:19:25.083,0.78369,0.78377,1.00,1.62
2014.11.11 17:19:25.387,0.78365,0.78373,1.50,1.37
2014.11.11 17:19:25.894,0.78364,0.78373,1.00,1.12
2014.11.11 17:19:26.402,0.78364,0.78374,1.00,4.87
2014.11.11 17:19:26.452,0.78364,0.78374,1.00,4.12
2014.11.11 17:19:26.808,0.78366,0.78375,1.00,1.69
2014.11.11 17:19:27.213,0.78368,0.78375,1.00,1.31
2014.11.11 17:19:28.077,0.78366,0.78376,1.00,2.44
2014.11.11 17:19:28.595,0.78366,0.78376,1.00,2.06
2014.11.11 17:19:28.697,0.78366,0.78376,1.00,2.06
2014.11.11 17:19:29.206,0.78367,0.78376,1.50,1.62
2014.11.11 17:19:29.754,0.78366,0.78375,1.50,1.37
2014.11.11 17:19:30.262,0.78367,0.78375,1.00,1.37
2014.11.11 17:19:31.192,0.78367,0.78375,1.00,1.12
2014.11.11 17:19:32.106,0.78367,0.78377,1.00,2.81
2014.11.11 17:19:32.413,0.78369,0.78377,1.00,1.69
2014.11.11 17:19:32.921,0.78368,0.78377,1.00,1.69
2014.11.11 17:19:33.631,0.78368,0.78377,1.00,1.31
2014.11.11 17:19:35.520,0.78366,0.78376,1.25,1.00
2014.11.11 17:19:36.028,0.78367,0.78377,1.00,1.87
2014.11.11 17:19:37.921,0.78367,0.78377,1.00,2.06
2014.11.11 17:19:38.531,0.78367,0.78377,1.00,2.06
2014.11.11 17:19:39.044,0.78366,0.78376,1.00,1.87
2014.11.11 17:19:40.336,0.78366,0.78376,1.00,2.81
2014.11.11 17:19:40.844,0.78365,0.78375,1.25,1.69
2014.11.11 17:19:41.200,0.78364,0.78373,1.19,1.00
2014.11.11 17:19:41.709,0.78364,0.78372,1.00,1.00
2014.11.11 17:19:42.013,0.78362,0.78371,1.00,1.00
2014.11.11 17:19:43.535,0.78362,0.78372,1.12,1.87
2014.11.11 17:19:44.044,0.78362,0.78372,1.69,2.06
2014.11.11 17:19:44.679,0.78366,0.78371,1.00,1.00
2014.11.11 17:19:44.730,0.78366,0.78374,1.50,1.31
2014.11.11 17:19:44.984,0.78366,0.78376,1.50,2.81
2014.11.11 17:19:45.504,0.78366,0.78375,1.50,1.00
2014.11.11 17:19:47.692,0.78366,0.78376,1.50,1.50
2014.11.11 17:19:48.200,0.78367,0.78377,1.00,2.06
2014.11.11 17:19:48.893,0.78367,0.78376,1.00,1.00
2014.11.11 17:19:50.252,0.78367,0.78375,1.00,1.00
2014.11.11 17:19:50.764,0.78367,0.78376,1.00,1.25
2014.11.11 17:19:51.227,0.78367,0.78374,1.00,1.00
2014.11.11 17:19:51.745,0.78367,0.78376,1.00,1.37
2014.11.11 17:19:52.623,0.78367,0.78377,1.00,2.06
2014.11.11 17:19:52.978,0.78367,0.78377,1.00,2.06
2014.11.11 17:19:53.688,0.78365,0.78375,2.44,2.62
2014.11.11 17:19:54.375,0.78365,0.78375,2.25,2.62
2014.11.11 17:20:00.397,0.78365,0.78375,1.50,2.62
2014.11.11 17:20:00.911,0.78365,0.78375,1.50,2.62
2014.11.11 17:20:01.375,0.78365,0.78375,1.50,2.62
2014.11.11 17:20:01.885,0.78364,0.78374,1.00,2.06
2014.11.11 17:20:02.449,0.78363,0.78373,1.50,1.50
2014.11.11 17:20:03.117,0.78363,0.78373,1.50,2.62
2014.11.11 17:20:03.473,0.78361,0.78371,2.81,1.87
2014.11.11 17:20:04.733,0.78362,0.78371,1.00,1.00
2014.11.11 17:20:05.247,0.78362,0.78372,1.50,2.81
2014.11.11 17:20:05.755,0.78361,0.78371,1.69,1.00
2014.11.11 17:20:05.967,0.78363,0.78371,1.00,1.00
2014.11.11 17:20:06.069,0.78364,0.78373,1.50,1.00
2014.11.11 17:20:06.271,0.78366,0.78374,1.00,1.69
2014.11.11 17:20:09.897,0.78366,0.78376,1.50,2.81
2014.11.11 17:20:11.598,0.78366,0.78376,1.50,2.81
2014.11.11 17:20:11.751,0.78364,0.78374,1.00,1.12
2014.11.11 17:20:11.803,0.78365,0.78372,1.00,1.00
2014.11.11 17:20:12.328,0.78364,0.78372,1.00,1.12
2014.11.11 17:20:13.610,0.78363,0.78372,2.25,1.00
2014.11.11 17:20:13.966,0.78364,0.78374,1.87,2.06
2014.11.11 17:20:14.474,0.78365,0.78375,2.62,1.69
2014.11.11 17:20:14.983,0.78366,0.78374,1.00,1.00
2014.11.11 17:20:15.489,0.78365,0.78374,1.12,1.25
2014.11.11 17:20:18.021,0.78364,0.78373,1.00,1.12
2014.11.11 17:20:18.480,0.78366,0.78373,1.00,1.87
2014.11.11 17:20:19.008,0.78366,0.78374,1.00,1.12
2014.11.11 17:20:19.211,0.78364,0.78374,1.50,2.81
2014.11.11 17:20:23.446,0.78364,0.78374,1.50,1.12
2014.11.11 17:20:24.936,0.78365,0.78375,1.25,1.87
2014.11.11 17:20:25.444,0.78365,0.78375,2.44,1.87
2014.11.11 17:20:25.547,0.78365,0.78375,2.44,1.87
2014.11.11 17:20:25.851,0.78365,0.78375,1.69,1.87
2014.11.11 17:20:25.953,0.78366,0.78375,1.50,1.00
2014.11.11 17:20:26.494,0.78366,0.78374,1.00,1.00
2014.11.11 17:20:30.967,0.78366,0.78375,1.00,1.37
2014.11.11 17:20:32.175,0.78366,0.78375,1.00,1.12
2014.11.11 17:20:32.294,0.78366,0.78375,1.00,1.37
2014.11.11 17:20:32.700,0.78366,0.78375,1.00,1.12
2014.11.11 17:20:33.728,0.78367,0.78375,1.00,1.00
2014.11.11 17:20:33.981,0.78367,0.78377,1.50,1.00
2014.11.11 17:20:34.489,0.78368,0.78377,1.50,1.00
2014.11.11 17:20:39.316,0.78368,0.78377,1.19,1.00
2014.11.11 17:20:40.199,0.78367,0.78377,2.44,1.37
2014.11.11 17:20:40.301,0.78367,0.78377,1.69,1.56
2014.11.11 17:20:41.314,0.78366,0.78375,1.00,1.00
2014.11.11 17:20:48.312,0.78366,0.78376,1.50,1.87
2014.11.11 17:20:48.859,0.78366,0.78376,1.50,1.87
2014.11.11 17:20:51.438,0.78366,0.78376,1.50,1.87
2014.11.11 17:20:52.342,0.78366,0.78376,1.50,2.06
2014.11.11 17:20:56.982,0.78366,0.78376,1.50,2.06
2014.11.11 17:20:57.494,0.78366,0.78376,1.50,1.87
2014.11.11 17:20:58.051,0.78366,0.78376,1.50,1.87
2014.11.11 17:20:59.180,0.78366,0.78376,1.50,1.87
2014.11.11 17:20:59.688,0.78366,0.78376,1.50,1.87
2014.11.11 17:21:00.299,0.78366,0.78376,1.50,1.87
2014.11.11 17:21:00.911,0.78367,0.78376,1.00,1.87
2014.11.11 17:21:01.013,0.78368,0.78378,1.87,1.87
2014.11.11 17:21:01.116,0.7837,0.78378,1.00,1.00
2014.11.11 17:21:01.574,0.78371,0.78381,1.00,2.44
2014.11.11 17:21:02.082,0.78371,0.78381,1.00,2.06
2014.11.11 17:21:03.535,0.78371,0.78381,1.00,3.56
2014.11.11 17:21:04.741,0.78371,0.7838,1.00,1.62
2014.11.11 17:21:05.250,0.78368,0.78378,1.50,1.87
2014.11.11 17:21:05.759,0.78368,0.78377,1.50,1.37
2014.11.11 17:21:06.272,0.78368,0.78377,1.50,1.12
2014.11.11 17:21:06.627,0.78368,0.78376,1.50,1.37
2014.11.11 17:21:07.134,0.78368,0.78377,1.50,1.12
2014.11.11 17:21:07.541,0.78372,0.7838,1.00,3.56
2014.11.11 17:21:07.744,0.78372,0.78382,1.00,3.94
2014.11.11 17:21:08.251,0.78372,0.78382,1.00,2.44
2014.11.11 17:21:09.177,0.78372,0.78381,1.00,1.12
2014.11.11 17:21:10.793,0.78371,0.78379,1.50,1.00
2014.11.11 17:21:11.047,0.78371,0.78381,1.00,1.69
2014.11.11 17:21:11.555,0.78372,0.7838,1.00,1.00
2014.11.11 17:21:12.064,0.78371,0.78379,1.00,1.12
2014.11.11 17:21:12.470,0.78373,0.78379,1.00,1.00
2014.11.11 17:21:12.976,0.78372,0.78379,1.00,1.00
2014.11.11 17:21:14.827,0.78371,0.78379,1.00,1.00
2014.11.11 17:21:15.359,0.7837,0.7838,1.87,1.50
2014.11.11 17:21:15.663,0.78373,0.78383,1.50,2.81
2014.11.11 17:21:16.425,0.78373,0.78383,1.50,2.06
2014.11.11 17:21:17.134,0.78373,0.78383,1.87,1.87
2014.11.11 17:21:18.039,0.78373,0.78381,1.00,1.37
2014.11.11 17:21:18.090,0.78371,0.78381,2.44,1.37
2014.11.11 17:21:18.598,0.7837,0.7838,1.50,1.00
2014.11.11 17:21:19.156,0.7837,0.7838,2.25,1.87
2014.11.11 17:21:20.174,0.7837,0.7838,1.00,2.81
2014.11.11 17:21:20.682,0.7837,0.78379,1.00,1.00
2014.11.11 17:21:25.082,0.78372,0.78379,1.00,1.00
2014.11.11 17:21:25.185,0.78373,0.78381,1.00,1.50
2014.11.11 17:21:25.287,0.78371,0.78381,2.62,1.00
2014.11.11 17:21:25.812,0.78372,0.78382,1.50,2.62
2014.11.11 17:21:26.320,0.78371,0.78381,1.87,1.12
2014.11.11 17:21:27.198,0.78371,0.78381,1.25,2.06
2014.11.11 17:21:29.484,0.78371,0.78381,1.00,1.69
2014.11.11 17:21:30.200,0.78371,0.78381,1.25,2.06
2014.11.11 17:21:30.719,0.78371,0.78381,1.25,2.06
2014.11.11 17:21:31.238,0.78371,0.78381,1.12,1.69
2014.11.11 17:21:31.444,0.78371,0.78381,2.06,1.25
2014.11.11 17:21:32.006,0.78374,0.78382,1.00,1.19
2014.11.11 17:21:32.513,0.78374,0.78383,1.12,1.87
2014.11.11 17:21:33.317,0.78374,0.78383,1.00,1.87
2014.11.11 17:21:34.397,0.78374,0.78383,1.00,3.56
2014.11.11 17:21:39.438,0.78374,0.78383,1.00,2.06
2014.11.11 17:21:43.431,0.78374,0.78382,1.00,1.19
2014.11.11 17:21:43.534,0.78372,0.78381,1.50,2.06
2014.11.11 17:21:44.142,0.78373,0.78381,1.00,1.69
2014.11.11 17:21:53.449,0.78371,0.78381,1.00,3.37
2014.11.11 17:21:53.991,0.7837,0.7838,1.50,1.00
2014.11.11 17:21:54.920,0.7837,0.7838,3.56,1.25
2014.11.11 17:21:55.123,0.78373,0.78383,1.37,2.06
2014.11.11 17:21:56.035,0.78373,0.78383,2.62,1.00
2014.11.11 17:22:01.152,0.78373,0.78383,2.06,1.62
2014.11.11 17:22:01.674,0.78373,0.78383,1.69,1.25
2014.11.11 17:22:02.182,0.78373,0.78383,1.50,2.06
2014.11.11 17:22:02.689,0.78372,0.78382,1.69,1.50
2014.11.11 17:22:05.654,0.78372,0.78382,1.87,1.00
2014.11.11 17:22:06.161,0.78374,0.78383,1.00,1.00
2014.11.11 17:22:06.973,0.78374,0.78383,1.37,1.00
2014.11.11 17:22:07.329,0.78376,0.78385,1.00,1.00
2014.11.11 17:22:10.192,0.78375,0.78385,2.62,1.50
2014.11.11 17:22:10.497,0.78378,0.78385,1.12,1.00
2014.11.11 17:22:10.548,0.78378,0.78387,1.87,1.00
2014.11.11 17:22:11.158,0.78379,0.78387,1.00,1.00
2014.11.11 17:22:13.796,0.78379,0.78387,1.87,1.00
2014.11.11 17:22:14.533,0.78379,0.78388,1.37,1.50
2014.11.11 17:22:15.040,0.7838,0.78389,1.00,1.50
2014.11.11 17:22:18.823,0.7838,0.78389,1.12,1.87
2014.11.11 17:22:19.333,0.7838,0.78389,1.00,1.87
2014.11.11 17:22:21.227,0.7838,0.78389,1.00,2.62
2014.11.11 17:22:21.734,0.7838,0.78389,1.00,3.56
2014.11.11 17:22:22.230,0.7838,0.78386,1.00,1.00
2014.11.11 17:22:23.196,0.7838,0.78385,1.00,1.00
2014.11.11 17:22:23.247,0.78376,0.78385,1.19,1.50
2014.11.11 17:22:24.464,0.78378,0.78385,1.00,1.00
2014.11.11 17:22:24.589,0.78378,0.78388,1.12,3.94
2014.11.11 17:22:25.104,0.78379,0.78388,1.12,1.31
2014.11.11 17:22:26.939,0.78379,0.78388,1.00,1.62
2014.11.11 17:22:27.193,0.78377,0.78387,2.25,1.87
2014.11.11 17:22:28.409,0.78377,0.78387,1.37,1.87
2014.11.11 17:22:29.424,0.78378,0.78388,1.87,1.50
2014.11.11 17:22:29.526,0.78379,0.78389,3.37,1.50
2014.11.11 17:22:29.629,0.78381,0.78391,1.00,5.44
2014.11.11 17:22:30.140,0.78381,0.7839,1.00,2.81
2014.11.11 17:22:30.242,0.78379,0.78389,1.87,1.12
2014.11.11 17:22:30.892,0.78379,0.78389,1.12,2.06
2014.11.11 17:22:31.044,0.78379,0.78389,1.00,2.06
2014.11.11 17:22:31.551,0.78379,0.78389,1.37,2.06
2014.11.11 17:22:33.829,0.78379,0.78389,1.62,1.50
2014.11.11 17:22:34.338,0.78382,0.78391,1.00,1.25
2014.11.11 17:22:34.694,0.78382,0.78388,1.00,1.00
2014.11.11 17:22:34.745,0.7838,0.78388,1.00,1.00
2014.11.11 17:22:36.824,0.78379,0.78388,2.44,1.50
2014.11.11 17:22:37.331,0.78379,0.78387,1.25,1.00
2014.11.11 17:22:38.243,0.78379,0.78385,1.00,1.00
2014.11.11 17:22:38.294,0.78377,0.78385,2.44,1.00
2014.11.11 17:22:40.221,0.78377,0.78386,1.50,1.31
2014.11.11 17:22:40.424,0.78379,0.78388,1.00,2.81
2014.11.11 17:22:43.318,0.78379,0.78389,1.25,1.69
2014.11.11 17:22:44.405,0.78379,0.78389,1.69,2.81
2014.11.11 17:22:45.318,0.78379,0.78389,1.00,1.50
2014.11.11 17:22:45.824,0.7838,0.78389,1.00,1.00
2014.11.11 17:22:46.333,0.78379,0.78389,1.50,1.50
2014.11.11 17:22:46.841,0.78379,0.78388,1.50,1.00
2014.11.11 17:22:47.345,0.78379,0.78387,1.50,1.00
2014.11.11 17:22:48.747,0.78378,0.78387,1.25,1.00
2014.11.11 17:22:49.344,0.78377,0.78387,2.29,1.87
2014.11.11 17:22:49.649,0.78379,0.78388,1.00,1.50
2014.11.11 17:22:50.664,0.78379,0.78389,2.06,2.25
2014.11.11 17:22:51.172,0.78379,0.78389,1.69,1.50
2014.11.11 17:22:51.964,0.78378,0.78388,1.69,1.00
2014.11.11 17:22:52.451,0.7838,0.78388,1.00,1.00
2014.11.11 17:22:58.885,0.7838,0.78388,1.37,1.00
2014.11.11 17:22:59.088,0.78381,0.78391,1.37,1.69
2014.11.11 17:22:59.342,0.78381,0.78389,1.00,1.00
2014.11.11 17:23:02.067,0.78381,0.78391,1.12,3.56
2014.11.11 17:23:02.968,0.78381,0.78391,1.12,2.06
2014.11.11 17:23:03.482,0.7838,0.7839,3.19,1.00
2014.11.11 17:23:03.989,0.7838,0.7839,3.19,1.00
2014.11.11 17:23:05.651,0.7838,0.7839,3.19,1.00
2014.11.11 17:23:06.187,0.78381,0.78391,2.06,2.25
2014.11.11 17:23:06.704,0.78382,0.7839,1.00,1.00
2014.11.11 17:23:10.490,0.78381,0.78389,2.06,1.00
2014.11.11 17:23:10.998,0.78381,0.78391,1.87,2.62
2014.11.11 17:23:11.529,0.78381,0.78391,1.87,2.62
2014.11.11 17:23:12.704,0.78383,0.78391,1.00,1.50
2014.11.11 17:23:12.958,0.78383,0.78393,1.12,2.62
2014.11.11 17:23:13.364,0.78383,0.78393,1.37,1.87
2014.11.11 17:23:14.870,0.78385,0.78393,1.37,2.44
2014.11.11 17:23:15.788,0.78385,0.78393,1.00,2.25
2014.11.11 17:23:18.876,0.78385,0.78393,1.37,1.50
2014.11.11 17:23:24.302,0.78385,0.78393,1.12,1.50
2014.11.11 17:23:25.323,0.78385,0.78393,1.00,1.87
2014.11.11 17:23:25.831,0.78384,0.78392,1.25,1.12
2014.11.11 17:23:26.338,0.78383,0.78392,1.00,1.37
2014.11.11 17:23:28.048,0.78382,0.78392,1.00,2.62
2014.11.11 17:23:28.564,0.78381,0.78391,2.06,1.12
2014.11.11 17:23:30.604,0.78381,0.78391,2.06,2.06
2014.11.11 17:23:31.233,0.78381,0.78389,1.31,1.00
2014.11.11 17:23:32.299,0.78381,0.78389,1.37,1.00
2014.11.11 17:23:37.260,0.78379,0.78388,1.69,1.87
2014.11.11 17:23:37.362,0.78379,0.78388,2.06,1.87
2014.11.11 17:23:39.577,0.78378,0.78388,4.69,1.50
2014.11.11 17:23:41.903,0.78378,0.78388,3.19,1.00
2014.11.11 17:23:47.538,0.78378,0.78388,3.00,1.12
2014.11.11 17:23:48.146,0.78378,0.78388,3.19,1.00
2014.11.11 17:23:49.454,0.78378,0.78388,3.19,1.00
2014.11.11 17:23:53.482,0.78379,0.78389,1.31,2.25
2014.11.11 17:23:54.093,0.78379,0.78387,1.31,1.00
2014.11.11 17:23:55.103,0.78378,0.78386,1.69,1.00
2014.11.11 17:23:55.358,0.78376,0.78384,1.12,1.00
2014.11.11 17:23:55.625,0.78374,0.78384,3.94,1.87
2014.11.11 17:23:56.134,0.78373,0.78382,1.69,1.50
2014.11.11 17:23:56.642,0.78372,0.78382,1.31,1.87
2014.11.11 17:23:57.149,0.78372,0.78381,1.19,1.12
2014.11.11 17:23:57.403,0.78371,0.78381,1.50,3.37
2014.11.11 17:23:57.916,0.7837,0.7838,3.19,1.00
2014.11.11 17:23:58.323,0.78371,0.78381,1.87,2.25
2014.11.11 17:23:58.831,0.78371,0.7838,2.25,1.50
2014.11.11 17:23:59.440,0.78372,0.78382,2.44,1.87
2014.11.11 17:24:00.323,0.78372,0.78382,2.44,1.87
2014.11.11 17:24:02.227,0.78373,0.78382,1.00,1.00
2014.11.11 17:24:04.629,0.78373,0.78382,1.37,1.00
2014.11.11 17:24:05.139,0.78374,0.78383,1.00,1.50
2014.11.11 17:24:05.798,0.78373,0.78383,1.69,1.50
2014.11.11 17:24:06.305,0.78373,0.78382,1.31,1.00
2014.11.11 17:24:08.018,0.78374,0.78382,1.00,1.00
2014.11.11 17:24:08.519,0.78375,0.78382,1.00,1.00
2014.11.11 17:24:09.180,0.78374,0.78382,1.00,1.00
2014.11.11 17:24:12.048,0.78375,0.78382,1.00,1.00
2014.11.11 17:24:13.776,0.78375,0.78382,1.37,1.00
2014.11.11 17:24:13.929,0.78378,0.78385,1.00,1.00
2014.11.11 17:24:14.235,0.78376,0.78385,1.50,2.25
2014.11.11 17:24:16.020,0.78375,0.78385,3.00,2.62
2014.11.11 17:24:16.390,0.78377,0.78385,1.37,1.50
2014.11.11 17:24:16.899,0.78378,0.78386,1.87,1.00
2014.11.11 17:24:17.406,0.78378,0.78387,1.31,1.50
2014.11.11 17:24:18.927,0.78378,0.78386,1.31,1.00
2014.11.11 17:24:19.282,0.78378,0.78384,1.25,1.00
2014.11.11 17:24:19.485,0.78375,0.78385,4.69,1.50
2014.11.11 17:24:19.688,0.78375,0.78383,3.56,1.00
2014.11.11 17:24:19.891,0.78375,0.78385,1.19,1.50
2014.11.11 17:24:20.195,0.78376,0.78385,3.19,1.00
2014.11.11 17:24:20.296,0.78377,0.78387,1.50,2.25
2014.11.11 17:24:20.803,0.78377,0.78387,1.50,3.19
2014.11.11 17:24:21.308,0.78377,0.78387,1.69,2.62
2014.11.11 17:24:21.819,0.78377,0.78386,1.62,1.50
2014.11.11 17:24:22.326,0.78377,0.78386,1.25,1.50
2014.11.11 17:24:22.942,0.78377,0.78386,1.62,1.00
2014.11.11 17:24:23.449,0.78377,0.78387,2.06,1.00
2014.11.11 17:24:23.962,0.78377,0.78386,1.31,1.50
2014.11.11 17:24:24.689,0.78376,0.78386,3.00,1.87
2014.11.11 17:24:24.892,0.78375,0.78385,1.31,1.87
2014.11.11 17:24:24.994,0.78375,0.78385,1.25,1.87
2014.11.11 17:24:25.197,0.78375,0.78383,1.25,1.00
2014.11.11 17:24:25.704,0.78376,0.78384,1.00,1.50
2014.11.11 17:24:27.793,0.78375,0.78384,1.00,1.50
2014.11.11 17:24:28.098,0.78377,0.78384,1.12,1.00
2014.11.11 17:24:28.149,0.78377,0.78386,1.12,1.87
2014.11.11 17:24:28.252,0.78376,0.78384,1.00,1.00
2014.11.11 17:24:28.759,0.78375,0.78384,1.00,1.00
2014.11.11 17:24:29.266,0.78376,0.78385,1.00,1.00
2014.11.11 17:24:30.318,0.78374,0.78384,4.31,1.00
2014.11.11 17:24:30.833,0.78375,0.78384,1.62,1.00
2014.11.11 17:24:32.859,0.78374,0.78384,3.56,1.00
2014.11.11 17:24:34.710,0.78374,0.78384,4.69,1.50
2014.11.11 17:24:35.618,0.78374,0.78384,4.69,1.50
2014.11.11 17:24:35.922,0.78374,0.78383,1.31,1.37
2014.11.11 17:24:36.023,0.78374,0.78383,1.31,1.12
2014.11.11 17:24:36.277,0.78374,0.78381,1.00,1.00
2014.11.11 17:24:36.328,0.78372,0.78381,2.44,1.00
2014.11.11 17:24:37.141,0.78372,0.78382,1.25,2.62
2014.11.11 17:24:37.462,0.78372,0.78382,1.87,1.87
2014.11.11 17:24:37.598,0.78372,0.78382,1.50,1.50
2014.11.11 17:24:42.390,0.78371,0.78381,2.06,1.00
2014.11.11 17:24:42.936,0.78371,0.7838,2.06,1.00
2014.11.11 17:24:49.122,0.78371,0.7838,2.06,1.00
2014.11.11 17:24:49.376,0.78372,0.78382,1.50,1.50
2014.11.11 17:24:50.508,0.78372,0.78382,2.62,1.87
2014.11.11 17:24:54.400,0.78372,0.78382,1.69,1.00
2014.11.11 17:24:56.707,0.78372,0.7838,1.50,1.00
2014.11.11 17:24:59.696,0.78373,0.78382,1.00,1.00
2014.11.11 17:25:00.212,0.78374,0.78383,1.00,1.69
2014.11.11 17:25:00.765,0.78374,0.78383,1.00,2.81
2014.11.11 17:25:00.917,0.78372,0.78381,1.25,2.25
2014.11.11 17:25:01.424,0.78372,0.7838,2.44,1.00
2014.11.11 17:25:04.025,0.78372,0.78381,3.37,1.00
2014.11.11 17:25:04.177,0.78372,0.78382,2.81,1.00
2014.11.11 17:25:04.482,0.78372,0.78382,2.81,1.00
2014.11.11 17:25:04.989,0.78372,0.78381,2.06,1.00
2014.11.11 17:25:06.495,0.78372,0.78381,2.62,1.00
2014.11.11 17:25:07.002,0.78371,0.7838,1.31,1.00
2014.11.11 17:25:07.359,0.78373,0.78381,1.00,1.00
2014.11.11 17:25:11.148,0.78373,0.78381,1.87,1.00
2014.11.11 17:25:17.828,0.78374,0.78381,1.37,1.00
2014.11.11 17:25:18.160,0.78374,0.78384,1.87,2.44
2014.11.11 17:25:20.881,0.78374,0.78384,2.06,1.50
2014.11.11 17:25:20.983,0.78375,0.78384,2.06,1.00
2014.11.11 17:25:21.391,0.78378,0.78385,1.00,1.50
2014.11.11 17:25:21.594,0.78377,0.78387,1.12,2.44
2014.11.11 17:25:21.797,0.78379,0.78387,1.00,2.44
2014.11.11 17:25:22.304,0.78379,0.78387,1.00,3.19
2014.11.11 17:25:22.971,0.78377,0.78386,1.00,1.25
2014.11.11 17:25:23.978,0.78377,0.78386,1.69,1.00
2014.11.11 17:25:24.546,0.78377,0.78386,1.31,1.00
2014.11.11 17:25:24.597,0.78377,0.78386,1.69,1.00
2014.11.11 17:25:29.520,0.78377,0.78386,1.31,1.00
2014.11.11 17:25:30.069,0.78377,0.78386,3.19,1.00
2014.11.11 17:25:30.526,0.78378,0.78387,2.81,1.00
2014.11.11 17:25:30.780,0.78379,0.78388,1.50,1.00
2014.11.11 17:25:32.134,0.78378,0.78388,5.29,1.00
2014.11.11 17:25:34.539,0.78379,0.78389,3.94,1.00
2014.11.11 17:25:37.577,0.7838,0.78389,1.69,1.37
2014.11.11 17:25:38.084,0.78379,0.78389,4.16,1.87
2014.11.11 17:25:38.490,0.78379,0.78389,1.62,2.62
2014.11.11 17:25:38.591,0.78378,0.78387,2.81,1.37
2014.11.11 17:25:38.845,0.78379,0.78388,1.25,1.00
2014.11.11 17:25:39.504,0.78379,0.78388,1.69,1.69
2014.11.11 17:25:40.418,0.78379,0.78388,1.25,2.06
2014.11.11 17:25:40.728,0.78379,0.78388,1.00,2.06
2014.11.11 17:25:40.981,0.78379,0.78388,1.00,2.06
2014.11.11 17:25:44.494,0.78379,0.78388,2.25,2.06
2014.11.11 17:25:45.053,0.78379,0.78388,2.44,2.81
2014.11.11 17:25:45.563,0.78379,0.78388,1.00,2.81
2014.11.11 17:25:46.243,0.78379,0.78387,1.00,1.00
2014.11.11 17:25:46.750,0.78379,0.78388,1.00,1.69
2014.11.11 17:25:51.314,0.78379,0.78387,1.50,1.00
2014.11.11 17:25:52.587,0.78379,0.78387,1.87,1.00
2014.11.11 17:25:52.790,0.78379,0.78387,3.00,1.00
2014.11.11 17:25:53.297,0.78379,0.78387,3.00,1.00
2014.11.11 17:25:53.348,0.78379,0.78387,2.62,1.00
2014.11.11 17:25:53.552,0.7838,0.78387,1.37,1.00
2014.11.11 17:25:54.058,0.7838,0.78387,1.00,1.00
2014.11.11 17:25:54.881,0.7838,0.78387,1.62,1.00
2014.11.11 17:25:56.637,0.78381,0.7839,1.69,2.81
2014.11.11 17:26:00.150,0.78381,0.7839,1.12,2.25
2014.11.11 17:26:00.355,0.78383,0.78391,1.00,1.00
2014.11.11 17:26:00.660,0.78382,0.7839,1.12,1.37
2014.11.11 17:26:00.864,0.7838,0.78389,1.12,1.00
2014.11.11 17:26:01.372,0.7838,0.7839,1.37,1.00
2014.11.11 17:26:01.880,0.78381,0.78391,1.12,1.69
2014.11.11 17:26:02.386,0.7838,0.7839,3.19,1.00
2014.11.11 17:26:04.263,0.7838,0.7839,3.19,1.00
2014.11.11 17:26:06.111,0.78382,0.7839,1.00,1.12
2014.11.11 17:26:06.620,0.78381,0.7839,1.12,1.50
2014.11.11 17:26:06.824,0.78381,0.78388,1.12,1.00
2014.11.11 17:26:07.334,0.78381,0.7839,1.12,2.06
2014.11.11 17:26:14.774,0.78382,0.78389,1.00,1.00
2014.11.11 17:26:15.282,0.78382,0.7839,1.00,1.50
2014.11.11 17:26:16.710,0.78382,0.78389,1.00,1.00
2014.11.11 17:26:19.285,0.78381,0.7839,1.12,1.87
2014.11.11 17:26:19.893,0.7838,0.78388,1.87,1.00
2014.11.11 17:26:20.400,0.78381,0.78389,1.12,1.12
2014.11.11 17:26:25.273,0.78381,0.7839,1.12,1.25
2014.11.11 17:26:25.812,0.78381,0.7839,1.12,1.19
2014.11.11 17:26:26.769,0.78381,0.7839,1.12,1.00
2014.11.11 17:26:28.452,0.78381,0.78388,1.87,1.00
2014.11.11 17:26:30.765,0.78381,0.78389,1.00,1.00
2014.11.11 17:26:34.219,0.7838,0.78389,2.25,1.25
2014.11.11 17:26:34.524,0.78379,0.78387,1.00,1.00
2014.11.11 17:26:35.614,0.78378,0.78388,2.06,2.81
2014.11.11 17:26:35.945,0.78379,0.78387,1.87,1.00
2014.11.11 17:26:36.488,0.78379,0.78389,1.87,2.06
2014.11.11 17:26:37.777,0.78379,0.78389,1.87,2.06
2014.11.11 17:26:39.162,0.78379,0.78388,2.06,1.00
2014.11.11 17:26:39.569,0.78378,0.78387,1.00,1.25
2014.11.11 17:26:39.822,0.78377,0.78385,3.22,1.00
2014.11.11 17:26:40.127,0.78375,0.78383,1.00,1.00
2014.11.11 17:27:02.734,0.78375,0.78383,1.37,1.00
2014.11.11 17:27:03.090,0.78377,0.78387,1.87,2.25
2014.11.11 17:27:03.141,0.78377,0.78387,2.25,1.50
2014.11.11 17:27:03.496,0.78376,0.78385,1.31,1.00
2014.11.11 17:27:03.801,0.78378,0.78386,1.00,1.00
2014.11.11 17:27:04.105,0.78377,0.78384,1.00,1.00
2014.11.11 17:27:04.511,0.78375,0.78383,1.87,1.00
2014.11.11 17:27:05.304,0.78376,0.78383,1.00,1.00
2014.11.11 17:27:05.406,0.78376,0.78385,1.00,1.69
2014.11.11 17:27:05.912,0.78374,0.78384,2.62,1.50
2014.11.11 17:27:06.418,0.78375,0.78385,1.12,2.06
2014.11.11 17:27:06.925,0.78375,0.78385,1.37,2.06
2014.11.11 17:27:07.436,0.78375,0.78385,1.12,2.06
2014.11.11 17:27:10.312,0.78375,0.78385,1.69,2.06
2014.11.11 17:27:11.326,0.78375,0.78385,1.12,1.50
2014.11.11 17:27:12.457,0.78375,0.78385,1.50,1.87
2014.11.11 17:27:13.829,0.78374,0.78384,2.44,1.00
2014.11.11 17:27:15.246,0.78375,0.78385,1.50,1.87
2014.11.11 17:27:15.837,0.78375,0.78384,1.50,1.50
2014.11.11 17:27:16.344,0.78375,0.78385,2.44,2.06
2014.11.11 17:27:20.298,0.78375,0.78385,1.50,1.00
2014.11.11 17:27:20.847,0.78375,0.78385,1.50,1.00
2014.11.11 17:27:34.828,0.78375,0.78385,1.50,1.87
2014.11.11 17:27:34.930,0.78375,0.78385,1.87,1.12
2014.11.11 17:27:44.163,0.78375,0.78385,1.87,1.37
2014.11.11 17:27:44.366,0.78375,0.78385,2.25,1.87
2014.11.11 17:27:44.942,0.78376,0.78386,1.00,1.62
2014.11.11 17:27:46.062,0.78375,0.78385,3.00,1.12
2014.11.11 17:27:46.570,0.78376,0.78386,1.50,2.06
2014.11.11 17:27:47.523,0.78377,0.78386,1.00,1.00
2014.11.11 17:27:47.575,0.78378,0.78387,1.37,1.00
2014.11.11 17:27:47.678,0.78379,0.78389,1.87,2.81
2014.11.11 17:27:48.186,0.78379,0.78389,1.87,2.44
2014.11.11 17:27:48.288,0.78379,0.78389,1.12,1.69
2014.11.11 17:27:49.413,0.78379,0.78389,2.06,2.06
2014.11.11 17:27:50.319,0.78379,0.78389,1.19,2.06
2014.11.11 17:27:50.370,0.78378,0.78387,1.87,1.37
2014.11.11 17:27:50.928,0.78378,0.78388,1.87,3.37
2014.11.11 17:27:51.434,0.78379,0.78388,1.87,1.69
2014.11.11 17:27:52.459,0.78379,0.78387,1.00,1.00
2014.11.11 17:27:52.971,0.78377,0.78387,2.06,1.37
2014.11.11 17:27:53.510,0.78377,0.78385,1.00,1.12
2014.11.11 17:27:53.563,0.78375,0.78384,1.00,1.37
2014.11.11 17:27:54.071,0.78374,0.78384,1.50,1.50
2014.11.11 17:27:54.376,0.78376,0.78384,1.00,1.00
2014.11.11 17:27:58.763,0.78377,0.78384,1.00,1.00
2014.11.11 17:27:58.915,0.78377,0.78386,1.12,1.00
2014.11.11 17:27:59.423,0.78378,0.78387,1.00,1.00
2014.11.11 17:27:59.930,0.78379,0.78387,1.50,1.00
2014.11.11 17:27:59.981,0.78379,0.78389,1.50,2.25
2014.11.11 17:28:00.488,0.78379,0.78389,3.00,1.50
2014.11.11 17:28:02.310,0.78379,0.78389,1.69,1.50
2014.11.11 17:28:04.425,0.78379,0.78389,3.94,1.50
2014.11.11 17:28:04.932,0.7838,0.7839,2.06,1.50
2014.11.11 17:28:05.237,0.78382,0.7839,1.12,1.00
2014.11.11 17:28:05.745,0.78381,0.78391,2.62,1.50
2014.11.11 17:28:06.463,0.78381,0.7839,2.62,1.00
2014.11.11 17:28:06.666,0.78383,0.78393,1.00,2.81
2014.11.11 17:28:07.174,0.78384,0.78394,1.50,1.00
2014.11.11 17:28:07.874,0.78386,0.78395,1.00,1.00
2014.11.11 17:28:08.280,0.78388,0.78396,1.00,1.00
2014.11.11 17:28:10.310,0.78388,0.78395,1.00,1.00
2014.11.11 17:28:10.412,0.78385,0.78395,3.75,2.62
2014.11.11 17:28:10.514,0.78384,0.78392,2.06,1.00
2014.11.11 17:28:12.856,0.78384,0.78392,1.87,1.00
2014.11.11 17:28:12.907,0.78384,0.78394,1.87,1.50
2014.11.11 17:28:13.011,0.78387,0.78394,1.00,1.00
2014.11.11 17:28:13.062,0.78384,0.78394,3.00,1.00
2014.11.11 17:28:13.569,0.78384,0.78394,1.50,1.00
2014.11.11 17:28:18.565,0.78385,0.78394,1.00,1.00
2014.11.11 17:28:19.281,0.78386,0.78394,1.00,1.00
2014.11.11 17:28:20.536,0.78386,0.78396,1.00,3.19
2014.11.11 17:28:21.044,0.78387,0.78395,1.00,1.12
2014.11.11 17:28:21.555,0.78386,0.78394,1.00,1.00
2014.11.11 17:28:30.207,0.78386,0.78396,1.50,2.25
2014.11.11 17:28:30.409,0.78386,0.78396,1.50,1.87
2014.11.11 17:28:30.719,0.78388,0.78396,1.00,2.62
2014.11.11 17:28:31.431,0.78386,0.78395,1.00,1.37
2014.11.11 17:28:34.897,0.78387,0.78395,1.00,1.37
2014.11.11 17:28:36.515,0.78387,0.78395,1.50,1.00
2014.11.11 17:28:37.024,0.78387,0.78397,2.62,2.81
2014.11.11 17:28:37.532,0.78387,0.78397,1.87,1.87
2014.11.11 17:28:39.528,0.78387,0.78397,1.87,1.87
2014.11.11 17:28:58.681,0.78388,0.78397,1.00,1.37
2014.11.11 17:28:59.189,0.78389,0.78397,1.00,1.37
2014.11.11 17:28:59.708,0.78389,0.78397,1.50,1.12
2014.11.11 17:29:00.266,0.78387,0.78395,1.50,1.00
2014.11.11 17:29:00.926,0.78387,0.78395,1.00,1.87
2014.11.11 17:29:01.079,0.78385,0.78395,1.00,2.62
2014.11.11 17:29:01.587,0.78385,0.78393,1.00,1.12
2014.11.11 17:29:02.245,0.78385,0.78394,1.00,1.12
2014.11.11 17:29:02.855,0.78385,0.78394,1.00,1.31
2014.11.11 17:29:03.793,0.78385,0.78394,1.00,1.12
2014.11.11 17:29:03.996,0.78387,0.78395,1.50,1.00
2014.11.11 17:29:04.605,0.78388,0.78395,1.00,1.00
2014.11.11 17:29:05.011,0.78387,0.78392,1.00,1.00
2014.11.11 17:29:05.416,0.78387,0.78394,1.00,1.00
2014.11.11 17:29:05.973,0.78387,0.78395,2.25,1.00
2014.11.11 17:29:10.347,0.78385,0.78395,1.50,2.44
2014.11.11 17:29:11.005,0.78385,0.78394,1.00,1.62
2014.11.11 17:29:11.361,0.78385,0.78394,1.00,1.31
2014.11.11 17:29:13.333,0.78385,0.78395,1.00,2.81
2014.11.11 17:29:13.850,0.78386,0.78395,1.00,2.81
2014.11.11 17:29:14.332,0.78386,0.78395,1.00,1.87
2014.11.11 17:29:14.383,0.78388,0.78395,1.00,1.00
2014.11.11 17:29:14.687,0.7839,0.78398,1.00,1.69
2014.11.11 17:29:15.194,0.78391,0.78398,1.00,1.56
2014.11.11 17:29:15.700,0.7839,0.78398,1.00,1.56
2014.11.11 17:29:16.209,0.7839,0.78399,1.50,1.50
2014.11.11 17:29:16.717,0.78391,0.78399,1.00,1.50
2014.11.11 17:29:17.432,0.78391,0.78399,1.00,1.87
2014.11.11 17:29:20.961,0.78391,0.78399,1.00,1.87
2014.11.11 17:29:26.449,0.78389,0.78398,1.25,1.12
2014.11.11 17:29:26.960,0.7839,0.78399,1.00,1.25
2014.11.11 17:29:27.480,0.7839,0.78399,1.50,1.19
2014.11.11 17:29:27.991,0.78391,0.784,1.00,1.19
2014.11.11 17:29:28.499,0.78391,0.78401,1.00,2.06
2014.11.11 17:29:29.313,0.78392,0.78401,1.00,2.06
2014.11.11 17:29:30.296,0.78392,0.78401,1.37,1.50
2014.11.11 17:29:30.601,0.78395,0.78403,1.00,1.00
2014.11.11 17:29:31.576,0.78395,0.78404,1.00,3.56
2014.11.11 17:29:32.147,0.78394,0.78404,1.50,2.81
2014.11.11 17:29:34.084,0.78394,0.78404,1.50,3.56
2014.11.11 17:29:34.318,0.78394,0.78404,1.50,3.56
2014.11.11 17:29:34.826,0.78393,0.78401,1.00,1.00
2014.11.11 17:29:37.521,0.78393,0.784,1.00,1.00
2014.11.11 17:29:40.070,0.78391,0.784,1.00,1.50
2014.11.11 17:29:43.341,0.78392,0.784,1.00,1.50
2014.11.11 17:29:44.360,0.78391,0.784,3.00,1.00
2014.11.11 17:29:44.665,0.78391,0.784,2.25,1.37
2014.11.11 17:29:45.480,0.78389,0.78399,2.44,1.87
2014.11.11 17:29:45.834,0.78391,0.784,1.87,1.25
2014.11.11 17:29:46.189,0.78391,0.78399,1.00,1.37
2014.11.11 17:29:46.240,0.78389,0.78399,2.44,1.37
2014.11.11 17:29:47.144,0.78388,0.78398,2.25,1.87
2014.11.11 17:29:48.112,0.78388,0.78397,1.50,1.50
2014.11.11 17:29:48.619,0.78387,0.78396,1.00,1.37
2014.11.11 17:29:49.126,0.78386,0.78394,1.00,1.00
2014.11.11 17:29:49.632,0.78385,0.78393,1.00,1.87
2014.11.11 17:29:50.145,0.78385,0.7839,1.00,1.12
2014.11.11 17:29:50.196,0.78383,0.7839,1.00,1.87
2014.11.11 17:29:50.247,0.78379,0.78388,1.19,1.37
2014.11.11 17:29:50.298,0.7838,0.78388,1.00,1.37
2014.11.11 17:29:50.502,0.78378,0.78386,1.00,1.37
2014.11.11 17:29:51.525,0.78377,0.78386,1.50,1.87
2014.11.11 17:29:52.247,0.78377,0.78386,1.50,1.50
2014.11.11 17:29:52.780,0.78377,0.78385,1.00,1.00
2014.11.11 17:29:56.486,0.78377,0.78386,1.00,1.12
2014.11.11 17:30:00.189,0.78377,0.78386,1.00,1.62
2014.11.11 17:30:00.393,0.78376,0.78386,1.25,2.06
2014.11.11 17:30:00.545,0.78374,0.78382,1.50,1.37
2014.11.11 17:30:01.053,0.78373,0.78381,1.00,1.12
2014.11.11 17:30:01.205,0.78371,0.7838,1.00,1.00
2014.11.11 17:30:01.713,0.78372,0.78382,1.00,1.87
2014.11.11 17:30:02.223,0.78372,0.78382,1.00,2.81
2014.11.11 17:30:02.935,0.78372,0.78382,1.00,1.50
2014.11.11 17:30:03.467,0.78375,0.78382,1.00,1.00
2014.11.11 17:30:03.822,0.78376,0.78385,1.00,1.00
2014.11.11 17:30:04.330,0.78376,0.78386,1.00,1.50
2014.11.11 17:30:11.051,0.78376,0.78386,1.00,1.62
2014.11.11 17:30:11.508,0.78375,0.78382,1.00,1.00
2014.11.11 17:30:11.764,0.78374,0.78384,1.87,3.37
2014.11.11 17:30:12.271,0.78375,0.78385,1.00,1.50
2014.11.11 17:30:13.843,0.78375,0.78385,1.00,1.87
2014.11.11 17:30:15.177,0.78375,0.78385,1.00,2.06
2014.11.11 17:30:15.693,0.78374,0.78384,1.87,1.50
2014.11.11 17:30:17.920,0.78374,0.78381,1.00,1.00
2014.11.11 17:30:18.226,0.78372,0.78382,2.25,2.81
2014.11.11 17:30:18.684,0.7837,0.7838,1.00,1.87
2014.11.11 17:30:19.664,0.7837,0.7838,1.25,2.81
2014.11.11 17:30:20.667,0.7837,0.7838,1.00,2.06
2014.11.11 17:30:24.803,0.7837,0.7838,1.00,2.06
2014.11.11 17:30:25.313,0.78369,0.78378,1.00,1.00
2014.11.11 17:30:25.414,0.78367,0.78377,2.06,1.50
2014.11.11 17:30:26.428,0.78367,0.78377,2.06,2.62
2014.11.11 17:30:27.947,0.78367,0.78377,3.37,1.87
2014.11.11 17:30:28.473,0.78368,0.78377,1.00,1.87
2014.11.11 17:30:29.840,0.78368,0.78377,1.62,1.87
2014.11.11 17:30:33.145,0.78368,0.78377,1.31,1.50
2014.11.11 17:30:33.651,0.78369,0.78379,1.50,1.31
2014.11.11 17:30:34.556,0.78369,0.78379,1.87,1.25
2014.11.11 17:30:34.861,0.7837,0.78379,1.00,1.87
2014.11.11 17:30:35.064,0.78369,0.78379,2.44,2.62
2014.11.11 17:30:35.166,0.78369,0.78378,1.50,1.37
2014.11.11 17:30:36.677,0.7837,0.78378,1.12,1.00
2014.11.11 17:30:36.728,0.78371,0.78381,1.00,1.56
2014.11.11 17:30:36.982,0.78371,0.7838,1.00,1.62
2014.11.11 17:30:37.236,0.78369,0.78377,1.00,1.12
2014.11.11 17:30:37.743,0.78369,0.78379,1.00,2.06
2014.11.11 17:30:38.570,0.78369,0.78379,1.00,1.31
2014.11.11 17:30:39.079,0.7837,0.7838,1.00,2.06
2014.11.11 17:30:41.155,0.78371,0.7838,1.00,2.06
2014.11.11 17:30:41.717,0.78371,0.7838,1.00,2.06
2014.11.11 17:30:43.357,0.7837,0.7838,1.69,2.06
2014.11.11 17:30:46.542,0.7837,0.7838,1.87,1.87
2014.11.11 17:30:46.644,0.78373,0.78381,1.00,2.06
2014.11.11 17:30:47.152,0.78375,0.78382,1.00,1.12
2014.11.11 17:30:47.660,0.78375,0.78383,1.00,1.12
2014.11.11 17:30:48.671,0.78374,0.78383,2.25,1.25
2014.11.11 17:30:49.178,0.78374,0.78382,1.00,1.00
2014.11.11 17:30:50.296,0.78373,0.78382,1.50,1.31
2014.11.11 17:30:50.955,0.78373,0.78382,1.00,1.62
2014.11.11 17:30:51.513,0.78373,0.78382,1.00,1.31
2014.11.11 17:30:53.034,0.78373,0.78383,1.87,3.56
2014.11.11 17:30:53.085,0.78376,0.78383,1.00,2.81
2014.11.11 17:30:53.593,0.78375,0.78382,1.00,1.00
2014.11.11 17:30:54.099,0.78375,0.78384,1.00,1.69
2014.11.11 17:30:54.713,0.78375,0.78384,1.00,1.31
2014.11.11 17:30:56.217,0.78375,0.78384,1.00,1.62
2014.11.11 17:31:01.124,0.78375,0.78384,1.00,1.25
2014.11.11 17:31:01.837,0.78375,0.78383,1.00,1.00
2014.11.11 17:31:02.345,0.78376,0.78384,1.00,1.00
2014.11.11 17:31:03.127,0.78376,0.78383,1.00,1.37
2014.11.11 17:31:03.229,0.78374,0.78383,1.00,1.37
2014.11.11 17:31:03.434,0.78372,0.78382,3.00,1.87
2014.11.11 17:31:03.965,0.78373,0.78383,1.00,1.87
2014.11.11 17:31:05.087,0.78373,0.78381,1.00,1.00
2014.11.11 17:31:06.853,0.78372,0.78381,1.50,1.00
2014.11.11 17:31:07.360,0.78373,0.78382,1.00,1.62
2014.11.11 17:31:08.474,0.78373,0.78382,1.00,1.31
2014.11.11 17:31:08.576,0.78373,0.78382,1.00,1.62
2014.11.11 17:31:10.970,0.78373,0.78382,1.00,1.31
2014.11.11 17:31:13.180,0.78374,0.78382,1.12,1.00
2014.11.11 17:31:13.282,0.78375,0.78385,1.00,3.56
2014.11.11 17:31:15.146,0.78376,0.78384,1.00,1.00
2014.11.11 17:31:23.982,0.78376,0.78385,1.50,1.25
2014.11.11 17:31:24.084,0.78378,0.78386,1.00,2.81
2014.11.11 17:31:24.339,0.78376,0.78385,1.00,1.37
2014.11.11 17:31:24.846,0.78375,0.78384,1.00,1.00
2014.11.11 17:31:25.355,0.78374,0.78384,1.50,1.87
2014.11.11 17:31:25.406,0.78374,0.78381,1.50,1.00
2014.11.11 17:31:26.067,0.78374,0.78382,1.00,1.00
2014.11.11 17:31:26.604,0.78374,0.78383,1.00,1.31
2014.11.11 17:31:27.155,0.78374,0.78382,1.00,1.12
2014.11.11 17:31:27.662,0.78374,0.78381,1.00,1.00
2014.11.11 17:31:28.171,0.78374,0.78382,1.00,1.00
2014.11.11 17:31:29.611,0.78374,0.78383,1.00,1.69
2014.11.11 17:31:34.425,0.78373,0.78382,1.00,1.00
2014.11.11 17:31:34.927,0.78372,0.78382,1.00,1.00
2014.11.11 17:31:37.151,0.78373,0.78383,1.00,2.44
2014.11.11 17:31:37.935,0.78372,0.78382,3.75,1.00
2014.11.11 17:31:40.503,0.78373,0.78383,1.00,1.00
2014.11.11 17:31:46.125,0.78373,0.78383,2.06,2.06
2014.11.11 17:31:46.430,0.78376,0.78385,1.00,1.00
2014.11.11 17:31:46.937,0.78377,0.78384,1.00,1.00
2014.11.11 17:31:47.547,0.78377,0.78385,1.00,1.12
2014.11.11 17:31:52.036,0.78377,0.78385,1.00,2.06
2014.11.11 17:31:53.681,0.78377,0.78385,1.00,1.87
2014.11.11 17:31:54.188,0.78376,0.78384,1.50,1.00
2014.11.11 17:31:54.695,0.78375,0.78385,1.00,2.81
2014.11.11 17:31:55.622,0.78375,0.78385,1.00,2.06
2014.11.11 17:31:57.955,0.78376,0.78385,1.00,1.31
2014.11.11 17:31:58.462,0.78375,0.78385,1.00,2.06
2014.11.11 17:31:59.749,0.78376,0.78385,1.00,1.62
2014.11.11 17:32:00.357,0.78375,0.78385,1.50,2.06
2014.11.11 17:32:00.865,0.78376,0.78385,1.00,1.62
2014.11.11 17:32:01.374,0.78375,0.78385,1.50,2.81
2014.11.11 17:32:01.679,0.78377,0.78385,1.00,2.06
2014.11.11 17:32:02.867,0.78375,0.78385,1.50,1.87
2014.11.11 17:32:05.006,0.78375,0.78385,1.50,2.62
2014.11.11 17:32:11.424,0.78375,0.78385,1.50,2.81
2014.11.11 17:32:16.000,0.78377,0.78386,1.00,1.50
2014.11.11 17:32:16.534,0.78377,0.78387,1.50,2.25
2014.11.11 17:32:17.732,0.78377,0.78387,1.50,2.25
2014.11.11 17:32:19.604,0.78377,0.78387,1.50,1.87
2014.11.11 17:32:19.909,0.78377,0.78387,1.50,1.87
2014.11.11 17:32:20.423,0.78377,0.78386,1.50,1.12
2014.11.11 17:32:22.446,0.78377,0.78386,1.50,1.62
2014.11.11 17:32:22.954,0.78376,0.78385,1.00,1.87
2014.11.11 17:32:23.618,0.78376,0.78383,1.00,1.00
2014.11.11 17:32:23.771,0.78374,0.78382,1.50,1.12
2014.11.11 17:32:23.925,0.78376,0.78384,1.00,2.06
2014.11.11 17:32:24.687,0.78376,0.78384,1.00,1.87
2014.11.11 17:32:26.579,0.78376,0.78382,1.00,1.00
2014.11.11 17:32:27.086,0.78375,0.78383,1.00,1.50
2014.11.11 17:32:28.446,0.78374,0.78383,2.44,1.00
2014.11.11 17:32:28.953,0.78374,0.78382,2.25,1.00
2014.11.11 17:32:29.503,0.78374,0.78382,1.50,1.37
2014.11.11 17:32:30.010,0.78373,0.78381,1.50,1.50
2014.11.11 17:32:31.575,0.78374,0.78381,1.00,1.00
2014.11.11 17:32:34.158,0.78374,0.7838,1.00,1.00
2014.11.11 17:32:34.463,0.78374,0.78382,1.00,2.25
2014.11.11 17:32:38.767,0.78375,0.78384,1.50,1.25
2014.11.11 17:32:41.914,0.78376,0.78384,1.00,1.00
2014.11.11 17:32:42.082,0.78376,0.78382,1.00,1.00
2014.11.11 17:32:42.285,0.78374,0.78383,1.00,1.37
2014.11.11 17:32:42.438,0.78374,0.78384,1.00,2.25
2014.11.11 17:32:42.792,0.78376,0.78384,1.00,2.25
2014.11.11 17:32:43.299,0.78376,0.78383,1.00,1.00
2014.11.11 17:32:46.804,0.78376,0.78384,1.00,1.50
2014.11.11 17:32:50.113,0.78376,0.78383,1.00,1.00
2014.11.11 17:32:50.215,0.78374,0.78383,2.44,1.00
2014.11.11 17:32:50.266,0.78374,0.78383,2.44,1.37
2014.11.11 17:32:50.368,0.78374,0.78383,1.50,1.25
2014.11.11 17:32:50.926,0.78375,0.78384,1.00,1.69
2014.11.11 17:32:51.432,0.78375,0.78384,1.00,1.12
2014.11.11 17:32:59.113,0.78375,0.78385,1.00,2.06
2014.11.11 17:32:59.630,0.78374,0.78384,1.50,1.87
2014.11.11 17:32:59.935,0.78374,0.78379,1.50,1.00
2014.11.11 17:33:00.238,0.78374,0.78381,1.00,1.00
2014.11.11 17:33:00.747,0.78374,0.78382,1.00,1.00
2014.11.11 17:33:02.748,0.78374,0.78383,1.00,1.50
2014.11.11 17:33:03.255,0.78375,0.78383,1.00,1.50
2014.11.11 17:33:09.075,0.78376,0.78383,1.00,1.50
2014.11.11 17:33:09.177,0.78377,0.78385,1.00,2.62
2014.11.11 17:33:09.735,0.78377,0.78385,1.50,1.37
2014.11.11 17:33:10.252,0.78377,0.78385,1.50,1.12
2014.11.11 17:33:21.694,0.78376,0.78384,1.00,1.50
2014.11.11 17:33:22.201,0.78375,0.78384,1.00,1.50
2014.11.11 17:33:24.888,0.78375,0.78384,1.00,2.06
2014.11.11 17:33:24.991,0.78375,0.78384,1.00,4.69
2014.11.11 17:33:25.245,0.78372,0.7838,1.00,1.12
2014.11.11 17:33:26.212,0.78372,0.78381,1.50,1.00
2014.11.11 17:33:36.728,0.78373,0.78381,1.00,1.50
2014.11.11 17:33:37.606,0.78373,0.78381,1.87,1.50
2014.11.11 17:33:37.657,0.78375,0.78382,1.37,1.00
2014.11.11 17:33:38.062,0.78374,0.78383,1.87,1.00
2014.11.11 17:33:38.570,0.78375,0.78383,1.00,1.50
2014.11.11 17:33:39.077,0.78375,0.78381,1.00,1.00
2014.11.11 17:33:42.830,0.78375,0.78383,1.00,2.81
2014.11.11 17:33:43.187,0.78376,0.78384,1.00,1.87
2014.11.11 17:33:43.702,0.78375,0.78383,1.00,1.00
2014.11.11 17:33:45.195,0.78376,0.78384,1.00,1.00
2014.11.11 17:33:45.660,0.78374,0.78384,2.44,1.37
2014.11.11 17:33:50.628,0.78374,0.78382,1.12,1.00
2014.11.11 17:33:51.396,0.78374,0.78384,1.12,2.06
2014.11.11 17:33:52.831,0.78374,0.78384,1.00,2.06
2014.11.11 17:33:53.356,0.78374,0.78384,1.00,2.06
2014.11.11 17:33:53.691,0.78375,0.78385,2.25,1.50
2014.11.11 17:33:53.895,0.78375,0.78385,1.12,1.87
2014.11.11 17:33:56.689,0.78375,0.78384,1.50,1.00
2014.11.11 17:33:56.893,0.78377,0.78386,1.00,1.12
2014.11.11 17:33:56.994,0.78376,0.78383,1.00,1.00
2014.11.11 17:33:59.061,0.78376,0.78384,1.00,1.00
2014.11.11 17:34:02.085,0.78377,0.78384,1.00,1.00
2014.11.11 17:34:02.288,0.78378,0.78387,1.00,1.37
2014.11.11 17:34:02.441,0.78376,0.78386,2.25,2.62
2014.11.11 17:34:02.492,0.78376,0.78386,2.25,2.62
2014.11.11 17:34:02.999,0.78376,0.78384,1.00,1.00
2014.11.11 17:34:04.132,0.78376,0.78386,1.50,2.62
2014.11.11 17:34:04.234,0.78378,0.78387,1.50,1.62
2014.11.11 17:34:04.539,0.78377,0.78384,1.00,1.12
2014.11.11 17:34:05.046,0.78376,0.78384,1.00,1.12
2014.11.11 17:34:05.556,0.78374,0.78384,1.69,1.87
2014.11.11 17:34:06.158,0.78375,0.78384,1.00,1.12
2014.11.11 17:34:06.971,0.78377,0.78384,1.00,1.12
2014.11.11 17:34:08.750,0.78377,0.78385,1.00,1.50
2014.11.11 17:34:09.283,0.78377,0.78386,1.12,1.00
2014.11.11 17:34:09.791,0.78378,0.78388,1.87,2.06
2014.11.11 17:34:10.298,0.78379,0.78389,1.00,3.56
2014.11.11 17:34:10.843,0.78378,0.78388,1.87,1.87
2014.11.11 17:34:11.391,0.78379,0.78389,1.00,2.81
2014.11.11 17:34:11.907,0.78379,0.78389,1.37,1.69
2014.11.11 17:34:12.414,0.78381,0.78389,1.00,1.25
2014.11.11 17:34:12.922,0.78382,0.7839,1.00,2.06
2014.11.11 17:34:13.441,0.78382,0.7839,1.00,1.12
2014.11.11 17:34:13.948,0.78381,0.78389,2.25,1.00
2014.11.11 17:34:16.178,0.78383,0.78389,1.00,1.00
2014.11.11 17:34:25.147,0.78383,0.7839,1.00,1.31
2014.11.11 17:34:25.903,0.78383,0.78391,1.00,2.06
2014.11.11 17:34:26.005,0.78381,0.78391,2.62,2.06
2014.11.11 17:34:26.514,0.78382,0.7839,1.00,1.37
2014.11.11 17:34:27.534,0.78382,0.7839,1.00,1.37
2014.11.11 17:34:28.041,0.78381,0.7839,1.50,1.37
2014.11.11 17:34:30.854,0.78381,0.78389,1.00,1.12
2014.11.11 17:34:31.363,0.7838,0.78389,1.00,1.12
2014.11.11 17:34:31.886,0.78381,0.78389,1.00,1.12
2014.11.11 17:34:37.355,0.78381,0.78389,1.00,1.37
2014.11.11 17:34:39.229,0.78382,0.78389,1.00,1.37
2014.11.11 17:34:43.004,0.78382,0.78391,1.00,2.06
2014.11.11 17:34:43.623,0.78381,0.78391,1.50,2.81
2014.11.11 17:34:45.524,0.78383,0.78391,1.00,2.06
2014.11.11 17:34:46.633,0.78381,0.7839,1.50,1.87
2014.11.11 17:34:55.241,0.78382,0.7839,1.00,2.06
2014.11.11 17:35:00.669,0.78381,0.78389,1.00,1.37
2014.11.11 17:35:01.180,0.7838,0.7839,1.00,2.06
2014.11.11 17:35:05.342,0.7838,0.7839,1.00,1.87
2014.11.11 17:35:09.764,0.78379,0.78387,2.25,1.12
2014.11.11 17:35:10.273,0.78378,0.78388,1.50,2.25
2014.11.11 17:35:10.780,0.78377,0.78387,3.00,1.00
2014.11.11 17:35:10.882,0.78379,0.78388,1.00,1.50
2014.11.11 17:35:11.395,0.78378,0.78388,1.50,2.25
2014.11.11 17:35:11.901,0.78378,0.78388,1.50,2.81
2014.11.11 17:35:14.870,0.78377,0.78387,3.56,1.12
2014.11.11 17:35:15.385,0.78378,0.78388,1.00,2.06
2014.11.11 17:35:18.880,0.78379,0.78388,1.00,1.12
2014.11.11 17:35:24.748,0.78379,0.78389,1.00,2.44
2014.11.11 17:35:25.509,0.78379,0.78389,1.00,2.81
2014.11.11 17:35:31.940,0.78379,0.78386,1.00,1.00
2014.11.11 17:35:32.245,0.78377,0.78386,1.00,2.06
2014.11.11 17:35:37.371,0.78377,0.78386,1.00,1.87
2014.11.11 17:35:37.879,0.78376,0.78386,1.00,1.87
2014.11.11 17:35:38.533,0.78375,0.78384,1.50,1.37
2014.11.11 17:35:39.041,0.78376,0.78384,1.00,1.00
2014.11.11 17:35:39.549,0.78375,0.78384,1.12,1.00
2014.11.11 17:35:40.057,0.78374,0.78384,1.50,1.87
2014.11.11 17:35:40.570,0.78374,0.78384,1.50,1.87
2014.11.11 17:35:49.011,0.78375,0.78383,1.00,1.00
2014.11.11 17:35:49.316,0.78377,0.78385,1.00,1.69
2014.11.11 17:35:49.823,0.78378,0.78385,1.00,1.62
2014.11.11 17:35:49.925,0.78376,0.78385,2.62,1.62
2014.11.11 17:35:50.432,0.78376,0.78385,1.87,1.00
2014.11.11 17:35:50.938,0.78377,0.78386,1.00,1.37
2014.11.11 17:35:53.118,0.78377,0.78386,1.00,1.31
2014.11.11 17:36:06.163,0.78377,0.78387,1.00,2.62
2014.11.11 17:36:11.867,0.78377,0.78387,1.00,2.62
2014.11.11 17:36:16.982,0.78377,0.78387,1.00,2.81
2014.11.11 17:36:17.859,0.78377,0.78387,1.00,2.81
2014.11.11 17:36:18.848,0.78377,0.78386,1.00,1.00
2014.11.11 17:36:21.202,0.78376,0.78385,1.50,1.12
2014.11.11 17:36:21.711,0.78375,0.78385,1.50,3.37
2014.11.11 17:36:22.220,0.78376,0.78385,1.50,2.06
2014.11.11 17:36:23.536,0.78376,0.78385,1.50,1.25
2014.11.11 17:36:26.034,0.78376,0.78384,1.50,1.00
2014.11.11 17:36:26.542,0.78376,0.78385,1.50,1.00
2014.11.11 17:36:27.506,0.78375,0.78385,1.50,3.37
2014.11.11 17:36:28.123,0.78376,0.78385,1.00,1.50
2014.11.11 17:36:32.643,0.78378,0.78385,1.00,1.12
2014.11.11 17:36:38.264,0.78377,0.78385,1.50,1.00
2014.11.11 17:36:39.351,0.78376,0.78385,1.50,1.00
2014.11.11 17:36:39.859,0.78375,0.78385,2.62,1.69
2014.11.11 17:36:43.582,0.78377,0.78385,1.00,1.12
2014.11.11 17:36:44.378,0.78377,0.78385,1.00,1.37
2014.11.11 17:36:44.581,0.78375,0.78384,1.00,1.87
2014.11.11 17:36:44.988,0.78373,0.78381,1.00,1.00
2014.11.11 17:36:45.698,0.78373,0.78381,1.00,1.37
2014.11.11 17:36:47.105,0.78374,0.78382,1.00,2.06
2014.11.11 17:36:47.207,0.78372,0.78382,2.62,1.87
2014.11.11 17:36:47.361,0.78372,0.78382,3.37,1.50
2014.11.11 17:36:47.667,0.78376,0.78384,1.00,1.00
2014.11.11 17:36:48.176,0.78376,0.78386,1.00,2.81
2014.11.11 17:36:50.270,0.78376,0.78386,1.00,1.50
2014.11.11 17:36:50.574,0.78377,0.78386,1.00,1.37
2014.11.11 17:36:50.942,0.78375,0.78383,1.00,2.25
2014.11.11 17:36:51.197,0.78375,0.78385,1.50,1.50
2014.11.11 17:36:51.299,0.78377,0.78385,1.00,1.00
2014.11.11 17:36:51.845,0.78378,0.78386,1.00,1.25
2014.11.11 17:36:52.202,0.78376,0.78385,1.50,1.50
2014.11.11 17:36:52.710,0.78375,0.78385,1.50,1.50
2014.11.11 17:36:57.849,0.78375,0.78381,1.00,1.00
2014.11.11 17:36:57.951,0.78372,0.78381,1.69,1.12
2014.11.11 17:36:58.460,0.78372,0.7838,1.50,1.00
2014.11.11 17:36:58.967,0.78372,0.78381,1.00,2.62
2014.11.11 17:37:00.924,0.78372,0.7838,1.50,1.00
2014.11.11 17:37:02.956,0.78372,0.78381,1.00,1.87
2014.11.11 17:37:04.843,0.78371,0.78381,1.50,2.62
2014.11.11 17:37:05.047,0.78373,0.78381,1.37,1.50
2014.11.11 17:37:05.352,0.78374,0.78383,1.00,1.50
2014.11.11 17:37:05.454,0.78375,0.78383,1.37,1.00
2014.11.11 17:37:05.658,0.78377,0.78386,1.00,1.37
2014.11.11 17:37:06.165,0.78377,0.78384,1.00,1.00
2014.11.11 17:37:07.844,0.78376,0.78384,1.00,1.00
2014.11.11 17:37:12.683,0.78377,0.78386,1.87,1.00
2014.11.11 17:37:12.989,0.78379,0.78388,1.00,1.00
2014.11.11 17:37:13.091,0.78381,0.78388,1.00,1.00
2014.11.11 17:37:13.246,0.78383,0.78392,2.25,1.69
2014.11.11 17:37:13.297,0.78385,0.78392,1.00,1.69
2014.11.11 17:37:13.601,0.78383,0.78392,1.50,1.00
2014.11.11 17:37:14.602,0.78383,0.78392,1.00,1.87
2014.11.11 17:37:15.595,0.78383,0.78392,1.00,1.50
2014.11.11 17:37:15.698,0.78384,0.78392,1.37,1.00
2014.11.11 17:37:15.901,0.78386,0.78395,2.25,1.37
2014.11.11 17:37:16.510,0.78387,0.78395,1.00,1.00
2014.11.11 17:37:16.663,0.78389,0.78395,1.00,1.00
2014.11.11 17:37:18.639,0.78387,0.78395,1.00,1.12
2014.11.11 17:37:19.146,0.78386,0.78395,1.00,2.62
2014.11.11 17:37:20.586,0.78386,0.78395,1.00,2.62
2014.11.11 17:37:22.610,0.78386,0.78394,1.00,1.37
2014.11.11 17:37:22.915,0.78384,0.78392,1.00,1.37
2014.11.11 17:37:22.966,0.78382,0.78392,1.50,1.37
2014.11.11 17:37:23.523,0.78382,0.7839,1.00,1.87
2014.11.11 17:37:23.931,0.7838,0.78389,1.00,1.37
2014.11.11 17:37:24.434,0.7838,0.78389,1.00,1.37
2014.11.11 17:37:25.441,0.7838,0.78389,1.00,1.00
2014.11.11 17:37:25.695,0.78379,0.78387,2.06,1.00
2014.11.11 17:37:27.720,0.78378,0.78386,1.69,1.00
2014.11.11 17:37:31.810,0.78379,0.78387,1.00,1.00
2014.11.11 17:37:32.319,0.78378,0.78387,1.00,1.87
2014.11.11 17:37:36.680,0.78378,0.78387,1.00,2.44
2014.11.11 17:37:39.646,0.78379,0.78388,1.00,1.87
2014.11.11 17:37:40.161,0.78378,0.78388,2.81,2.06
2014.11.11 17:37:40.677,0.78378,0.78388,2.06,1.69
2014.11.11 17:37:41.188,0.78378,0.78388,1.31,2.44
2014.11.11 17:37:41.497,0.78379,0.78388,1.37,1.00
2014.11.11 17:37:41.803,0.78382,0.7839,1.50,1.00
2014.11.11 17:37:42.107,0.78385,0.78393,1.00,1.69
2014.11.11 17:37:42.412,0.78383,0.78391,1.00,1.00
2014.11.11 17:37:46.652,0.78382,0.78391,2.62,1.00
2014.11.11 17:37:47.276,0.78382,0.7839,1.50,1.00
2014.11.11 17:37:47.580,0.7838,0.7839,2.81,1.50
2014.11.11 17:37:55.582,0.78382,0.7839,1.12,1.50
2014.11.11 17:37:55.784,0.78383,0.78393,2.25,2.44
2014.11.11 17:37:56.291,0.78384,0.78393,1.00,1.25
2014.11.11 17:37:56.799,0.78385,0.78394,1.00,1.19
2014.11.11 17:37:57.312,0.78385,0.78394,1.00,1.00
2014.11.11 17:37:58.340,0.78389,0.78394,1.00,1.00
2014.11.11 17:37:58.493,0.78389,0.78396,1.00,1.25
2014.11.11 17:37:59.000,0.78389,0.78397,1.00,2.81
2014.11.11 17:37:59.708,0.78389,0.78397,1.00,1.69
2014.11.11 17:38:00.113,0.78389,0.78396,1.00,1.19
2014.11.11 17:38:01.875,0.78387,0.78395,1.50,1.25
2014.11.11 17:38:02.028,0.78383,0.78392,1.50,1.37
2014.11.11 17:38:02.232,0.78383,0.78392,1.00,1.87
2014.11.11 17:38:02.537,0.78381,0.78391,1.25,1.12
2014.11.11 17:38:03.061,0.78381,0.78391,1.69,1.37
2014.11.11 17:38:03.721,0.78383,0.7839,1.00,1.12
2014.11.11 17:38:04.229,0.78383,0.7839,1.00,1.37
2014.11.11 17:38:04.635,0.7838,0.7839,1.50,1.87
2014.11.11 17:38:04.839,0.78382,0.7839,1.00,1.12
2014.11.11 17:38:10.200,0.78382,0.7839,1.00,1.62
2014.11.11 17:38:16.594,0.78382,0.7839,1.50,1.00
2014.11.11 17:38:22.598,0.78382,0.7839,1.00,1.37
2014.11.11 17:38:23.004,0.7838,0.7839,2.25,1.00
2014.11.11 17:38:23.561,0.7838,0.7839,1.25,1.69
2014.11.11 17:38:27.455,0.7838,0.78389,2.62,1.00
2014.11.11 17:38:27.811,0.78383,0.7839,1.00,1.00
2014.11.11 17:38:27.913,0.78381,0.7839,1.00,1.00
2014.11.11 17:38:28.421,0.7838,0.78389,2.25,1.00
2014.11.11 17:38:31.260,0.7838,0.78389,2.62,1.37
2014.11.11 17:38:36.704,0.7838,0.78389,1.50,1.12
2014.11.11 17:38:37.399,0.7838,0.78389,1.50,1.37
2014.11.11 17:38:37.922,0.7838,0.78389,1.50,1.62
2014.11.11 17:38:47.505,0.7838,0.78389,1.50,1.62
2014.11.11 17:38:54.853,0.7838,0.78388,1.00,1.37
2014.11.11 17:39:00.659,0.7838,0.78388,1.00,2.06
2014.11.11 17:39:02.355,0.7838,0.78388,1.00,2.06
2014.11.11 17:39:02.858,0.7838,0.78387,1.00,1.37
2014.11.11 17:39:06.688,0.7838,0.78388,1.00,2.62
2014.11.11 17:39:07.199,0.7838,0.78387,1.00,1.00
2014.11.11 17:39:07.720,0.7838,0.78388,1.00,1.69
2014.11.11 17:39:08.893,0.7838,0.78388,1.00,1.37
2014.11.11 17:39:09.690,0.7838,0.78388,1.00,1.25
2014.11.11 17:39:10.501,0.7838,0.78388,1.00,1.62
2014.11.11 17:39:12.178,0.7838,0.78388,1.00,1.31
2014.11.11 17:39:13.689,0.7838,0.78388,1.00,2.06
2014.11.11 17:39:14.644,0.7838,0.78388,1.00,1.31
2014.11.11 17:39:21.641,0.7838,0.78388,2.06,1.00
2014.11.11 17:39:21.795,0.78383,0.78391,1.00,3.56
2014.11.11 17:39:22.961,0.78381,0.78391,2.81,1.69
2014.11.11 17:39:23.676,0.78382,0.78391,2.06,1.25
2014.11.11 17:39:24.081,0.78382,0.78389,2.06,1.00
2014.11.11 17:39:24.688,0.78382,0.78389,1.31,1.00
2014.11.11 17:39:25.218,0.78382,0.78391,1.31,1.69
2014.11.11 17:39:29.799,0.78382,0.78391,1.00,1.00
2014.11.11 17:39:35.569,0.78381,0.78391,2.06,1.50
2014.11.11 17:39:36.095,0.78381,0.78391,2.06,1.50
2014.11.11 17:39:40.911,0.78381,0.78389,2.06,1.00
2014.11.11 17:39:42.280,0.78381,0.78389,2.06,1.00
2014.11.11 17:39:52.858,0.78381,0.78389,1.00,2.06
2014.11.11 17:39:53.366,0.78382,0.78389,1.50,1.19
2014.11.11 17:39:53.873,0.78382,0.78389,1.50,1.00
2014.11.11 17:39:56.378,0.78381,0.78389,3.94,1.37
2014.11.11 17:39:56.899,0.78381,0.78389,1.00,1.87
2014.11.11 17:39:57.424,0.78381,0.78389,1.00,1.87
2014.11.11 17:39:57.931,0.78381,0.78389,1.00,2.06
2014.11.11 17:40:01.272,0.78381,0.78389,1.00,2.06
2014.11.11 17:40:04.496,0.78381,0.78389,1.50,2.81
2014.11.11 17:40:05.541,0.78381,0.78389,3.56,1.25
2014.11.11 17:40:06.048,0.78382,0.78389,1.00,1.25
2014.11.11 17:40:06.555,0.78381,0.78389,2.44,1.00
2014.11.11 17:40:13.538,0.78381,0.78389,1.00,2.06
2014.11.11 17:40:13.945,0.78382,0.78389,1.37,1.00
2014.11.11 17:40:14.706,0.78382,0.78389,1.50,1.00
2014.11.11 17:40:17.021,0.78382,0.78389,1.00,1.62
2014.11.11 17:40:19.326,0.78381,0.78389,1.00,2.06
2014.11.11 17:40:26.006,0.78381,0.78388,1.50,1.31
2014.11.11 17:40:28.016,0.78381,0.78389,1.50,2.06
2014.11.11 17:40:33.469,0.78381,0.78389,1.87,1.00
2014.11.11 17:40:34.839,0.78383,0.78389,1.00,1.00
2014.11.11 17:40:50.928,0.78383,0.78391,1.00,1.00
2014.11.11 17:40:53.443,0.78383,0.78391,1.00,1.37
2014.11.11 17:40:53.950,0.78382,0.78389,1.00,1.12
2014.11.11 17:40:54.457,0.78382,0.78391,1.00,1.25
2014.11.11 17:40:55.653,0.78382,0.78391,1.00,1.62
2014.11.11 17:40:56.160,0.78382,0.78391,1.00,1.31
2014.11.11 17:40:56.514,0.78382,0.7839,1.00,1.19
2014.11.11 17:40:57.492,0.78382,0.78391,1.00,2.06
2014.11.11 17:40:58.534,0.78382,0.7839,1.00,1.19
2014.11.11 17:41:00.532,0.78382,0.78391,1.00,2.06
2014.11.11 17:41:01.068,0.78381,0.7839,1.00,1.31
2014.11.11 17:41:02.132,0.78381,0.7839,1.00,1.62
2014.11.11 17:41:02.539,0.78379,0.78388,1.25,1.50
2014.11.11 17:41:02.590,0.78379,0.78386,1.25,1.00
2014.11.11 17:41:03.098,0.78378,0.78386,1.12,1.00
2014.11.11 17:41:03.910,0.78379,0.78386,1.00,1.00
2014.11.11 17:41:04.417,0.78378,0.78386,1.31,1.00
2014.11.11 17:41:05.890,0.78377,0.78386,1.69,1.12
2014.11.11 17:41:06.424,0.78379,0.78387,1.00,1.00
2014.11.11 17:41:06.945,0.78379,0.78388,2.47,1.00
2014.11.11 17:41:07.518,0.7838,0.78389,1.12,1.00
2014.11.11 17:41:07.823,0.7838,0.78387,1.25,1.00
2014.11.11 17:41:08.330,0.7838,0.78388,2.06,1.00
2014.11.11 17:41:09.293,0.78379,0.78386,1.69,1.00
2014.11.11 17:41:09.496,0.78379,0.78388,1.31,1.50
2014.11.11 17:41:10.003,0.78378,0.78388,2.44,1.00
2014.11.11 17:41:10.567,0.78378,0.78388,2.06,1.31
2014.11.11 17:41:13.060,0.78378,0.78388,1.62,1.25
2014.11.11 17:41:13.568,0.78379,0.78388,1.00,2.06
2014.11.11 17:41:14.782,0.78379,0.78388,2.06,1.00
2014.11.11 17:41:16.818,0.78379,0.78388,1.25,1.12
2014.11.11 17:41:17.577,0.78378,0.78388,1.54,1.37
2014.11.11 17:41:18.086,0.78377,0.78387,2.29,1.12
2014.11.11 17:41:20.589,0.78377,0.78387,2.29,1.00
2014.11.11 17:41:26.727,0.78377,0.78387,2.66,2.06
2014.11.11 17:41:27.685,0.78377,0.78387,3.41,1.31
2014.11.11 17:41:27.993,0.7838,0.78385,1.00,1.87
2014.11.11 17:41:28.400,0.78379,0.78385,1.00,3.56
2014.11.11 17:41:28.919,0.78379,0.78384,1.00,1.37
2014.11.11 17:41:31.373,0.7838,0.78384,1.00,1.50
2014.11.11 17:41:31.425,0.7838,0.78384,1.00,1.50
2014.11.11 17:41:31.940,0.7838,0.78385,1.00,1.25
2014.11.11 17:41:32.449,0.78374,0.78384,1.50,2.06
2014.11.11 17:41:33.054,0.78379,0.78383,1.00,1.12
2014.11.11 17:41:36.319,0.78378,0.78382,1.00,1.12
2014.11.11 17:41:36.421,0.78374,0.78382,1.00,1.31
2014.11.11 17:41:36.573,0.78372,0.78381,2.25,1.25
2014.11.11 17:41:37.336,0.78372,0.78381,1.50,1.62
2014.11.11 17:41:38.760,0.78372,0.78381,1.00,1.37
2014.11.11 17:41:40.630,0.78372,0.78382,1.50,2.81
2014.11.11 17:41:41.903,0.78372,0.78382,1.69,4.31
2014.11.11 17:41:42.862,0.78372,0.78382,1.50,3.56
2014.11.11 17:41:44.848,0.78373,0.78382,1.12,2.44
2014.11.11 17:41:45.356,0.78373,0.78383,2.25,2.62
2014.11.11 17:41:45.864,0.78373,0.78382,1.00,2.62
2014.11.11 17:41:47.681,0.78373,0.78382,1.00,3.56
2014.11.11 17:41:49.343,0.78373,0.78382,1.00,3.56
2014.11.11 17:41:49.873,0.78373,0.78382,1.12,2.81
2014.11.11 17:41:50.380,0.78373,0.78382,2.62,1.50
2014.11.11 17:41:50.989,0.78373,0.78382,3.37,1.00
2014.11.11 17:41:51.394,0.78373,0.78383,2.62,2.25
2014.11.11 17:41:56.063,0.78373,0.78383,2.81,3.19
2014.11.11 17:42:02.119,0.78374,0.78383,1.37,3.00
2014.11.11 17:42:02.426,0.78376,0.78386,1.50,5.62
2014.11.11 17:42:03.198,0.78376,0.78386,2.25,3.37
2014.11.11 17:42:03.932,0.78376,0.78385,1.50,1.37
2014.11.11 17:42:04.289,0.78375,0.78385,1.37,1.87
2014.11.11 17:42:04.594,0.78378,0.78387,1.50,2.44
2014.11.11 17:42:05.427,0.78379,0.78387,1.12,1.25
2014.11.11 17:42:07.531,0.78379,0.78387,2.06,1.00
2014.11.11 17:42:07.937,0.78382,0.78387,1.00,1.00
2014.11.11 17:42:09.570,0.78382,0.78389,1.00,1.00
2014.11.11 17:42:10.429,0.78383,0.78389,1.00,1.00
2014.11.11 17:42:10.582,0.78381,0.78389,1.50,1.00
2014.11.11 17:42:11.090,0.78382,0.78389,1.00,1.00
2014.11.11 17:42:11.445,0.78384,0.78389,1.00,1.00
2014.11.11 17:42:12.112,0.78383,0.78389,1.50,1.00
2014.11.11 17:42:12.619,0.78383,0.78389,1.37,1.00
2014.11.11 17:42:16.853,0.78383,0.78389,1.69,1.00
2014.11.11 17:42:17.159,0.78384,0.78389,1.37,1.00
2014.11.11 17:42:18.732,0.78384,0.78389,1.00,1.00
2014.11.11 17:42:26.546,0.78382,0.78389,2.44,1.00
2014.11.11 17:42:27.053,0.78382,0.78389,1.00,1.00
2014.11.11 17:42:27.560,0.78383,0.78389,1.50,1.00
2014.11.11 17:42:31.096,0.78383,0.78389,2.06,1.00
2014.11.11 17:42:33.087,0.78384,0.78389,2.06,1.00
2014.11.11 17:42:34.157,0.78384,0.78389,2.06,1.00
2014.11.11 17:42:37.171,0.78384,0.78389,2.06,1.00
2014.11.11 17:42:37.796,0.78384,0.78389,2.06,1.00
2014.11.11 17:42:49.516,0.78384,0.78389,1.62,1.00
2014.11.11 17:42:50.634,0.78384,0.78389,1.25,1.00
2014.11.11 17:42:52.339,0.78381,0.78389,4.31,1.00
2014.11.11 17:42:52.645,0.78383,0.78389,1.37,1.00
2014.11.11 17:42:53.168,0.78384,0.78389,1.37,1.00
2014.11.11 17:42:53.322,0.78384,0.78392,1.50,1.25
2014.11.11 17:42:53.476,0.78385,0.78395,1.50,2.25
2014.11.11 17:42:53.681,0.78387,0.78396,1.00,1.00
2014.11.11 17:42:54.189,0.78388,0.78397,1.00,1.25
2014.11.11 17:42:54.696,0.78389,0.78398,1.50,1.00
2014.11.11 17:42:55.000,0.78391,0.78398,1.00,1.00
2014.11.11 17:42:55.509,0.78391,0.78399,1.00,1.12
2014.11.11 17:42:55.864,0.78388,0.78398,1.87,1.87
2014.11.11 17:42:56.219,0.78388,0.78398,1.00,3.00
2014.11.11 17:42:57.503,0.78388,0.78398,1.87,2.25
2014.11.11 17:42:59.340,0.78388,0.78398,2.81,1.87
2014.11.11 17:42:59.844,0.78387,0.78397,5.81,1.50
2014.11.11 17:43:00.915,0.78387,0.78397,5.06,1.50
2014.11.11 17:43:03.700,0.78387,0.78397,5.06,1.87
2014.11.11 17:43:12.729,0.78388,0.78397,1.12,1.87
2014.11.11 17:43:15.019,0.78387,0.78397,3.56,1.87
2014.11.11 17:43:16.143,0.78387,0.78397,4.31,1.50
2014.11.11 17:43:16.672,0.78389,0.78398,1.12,1.69
2014.11.11 17:43:17.888,0.78389,0.78397,1.31,1.00
2014.11.11 17:43:19.109,0.78388,0.78397,1.31,1.00
2014.11.11 17:43:19.572,0.78387,0.78395,2.25,1.00
2014.11.11 17:43:21.963,0.78387,0.78395,1.37,1.50
2014.11.11 17:43:22.533,0.78387,0.78396,1.37,1.12
2014.11.11 17:43:23.051,0.78387,0.78394,1.37,1.00
2014.11.11 17:43:26.114,0.78387,0.78394,1.31,1.00
2014.11.11 17:43:29.715,0.78387,0.78396,1.00,2.06
2014.11.11 17:43:32.697,0.78387,0.78396,1.12,1.25
2014.11.11 17:43:33.003,0.78389,0.78397,1.50,1.25
2014.11.11 17:43:33.206,0.78387,0.78397,3.37,1.62
2014.11.11 17:43:33.713,0.78387,0.78397,2.62,1.31
2014.11.11 17:43:34.715,0.78388,0.78398,1.00,4.31
2014.11.11 17:43:35.254,0.78388,0.78398,1.00,3.56
2014.11.11 17:43:35.778,0.78388,0.78398,1.37,3.56
2014.11.11 17:43:36.488,0.78389,0.78398,1.12,3.56
2014.11.11 17:43:39.501,0.78388,0.78398,1.69,3.56
2014.11.11 17:43:39.705,0.78387,0.78397,1.50,1.37
2014.11.11 17:43:40.313,0.78387,0.78397,1.50,2.62
2014.11.11 17:43:41.920,0.78387,0.78397,1.50,2.81
2014.11.11 17:43:44.638,0.78387,0.78397,1.50,2.44
2014.11.11 17:43:45.180,0.78388,0.78398,1.12,3.56
2014.11.11 17:43:45.730,0.78388,0.78398,1.12,2.81
2014.11.11 17:43:46.448,0.78388,0.78398,1.37,2.44
2014.11.11 17:43:48.160,0.7839,0.78398,1.12,1.00
2014.11.11 17:43:48.262,0.78392,0.78398,1.00,1.00
2014.11.11 17:43:48.567,0.78393,0.78402,1.87,1.00
2014.11.11 17:43:48.668,0.78395,0.78401,1.00,1.00
2014.11.11 17:43:49.175,0.78396,0.78401,1.00,1.00
2014.11.11 17:43:52.194,0.78395,0.78401,1.00,1.00
2014.11.11 17:43:52.702,0.78394,0.78401,1.31,1.00
2014.11.11 17:43:53.255,0.78393,0.78401,1.69,1.12
2014.11.11 17:43:53.762,0.78392,0.78401,1.00,1.12
2014.11.11 17:43:54.263,0.78393,0.78401,1.12,1.00
2014.11.11 17:43:54.417,0.78395,0.78401,1.00,1.00
2014.11.11 17:43:54.723,0.78397,0.78401,1.00,1.00
2014.11.11 17:43:55.029,0.784,0.78406,1.00,1.00
2014.11.11 17:43:55.387,0.784,0.78409,1.00,1.69
2014.11.11 17:43:55.894,0.78401,0.78409,1.50,1.25
2014.11.11 17:43:56.856,0.784,0.78409,1.00,1.25
2014.11.11 17:43:56.907,0.784,0.78409,1.00,1.62
2014.11.11 17:43:57.160,0.78398,0.78408,1.00,1.37
2014.11.11 17:43:59.186,0.78397,0.78407,4.50,2.81
2014.11.11 17:43:59.693,0.78397,0.78407,3.00,2.81
2014.11.11 17:44:03.436,0.78397,0.78406,1.00,1.37
2014.11.11 17:44:04.814,0.78396,0.78406,1.50,2.06
2014.11.11 17:44:05.940,0.78396,0.78405,1.12,1.87
2014.11.11 17:44:06.448,0.78396,0.78405,1.00,2.06
2014.11.11 17:44:06.956,0.78397,0.78406,1.00,1.00
2014.11.11 17:44:07.463,0.78398,0.78407,1.00,2.44
2014.11.11 17:44:07.971,0.78398,0.78407,1.00,3.94
2014.11.11 17:44:08.845,0.78398,0.78407,1.00,3.19
2014.11.11 17:44:12.099,0.78399,0.78407,1.00,1.31
2014.11.11 17:44:12.605,0.78398,0.78407,1.87,1.69
2014.11.11 17:44:13.189,0.78398,0.78407,1.87,1.25
2014.11.11 17:44:14.488,0.78398,0.78407,2.62,1.37
2014.11.11 17:44:16.510,0.78398,0.78407,1.00,2.06
2014.11.11 17:44:17.871,0.78397,0.78407,1.87,3.56
2014.11.11 17:44:17.972,0.78398,0.78407,1.00,2.81
2014.11.11 17:44:24.071,0.78398,0.78407,2.06,1.19
2014.11.11 17:44:25.066,0.78398,0.78408,2.06,2.81
2014.11.11 17:44:25.319,0.78401,0.78408,1.00,1.69
2014.11.11 17:44:25.827,0.78399,0.78409,2.25,3.56
2014.11.11 17:44:26.338,0.78399,0.78408,1.37,2.06
2014.11.11 17:44:26.389,0.78399,0.78408,1.00,2.06
2014.11.11 17:44:27.755,0.78399,0.78408,1.25,2.81
2014.11.11 17:44:29.742,0.78399,0.78408,2.06,1.00
2014.11.11 17:44:29.844,0.784,0.78408,1.37,1.00
2014.11.11 17:44:29.946,0.78403,0.78411,1.00,1.50
2014.11.11 17:44:30.099,0.78405,0.78411,1.00,1.00
2014.11.11 17:44:30.150,0.78406,0.78414,1.00,1.50
2014.11.11 17:44:35.605,0.78405,0.78414,1.50,1.12
2014.11.11 17:44:36.112,0.78404,0.78413,1.62,1.12
2014.11.11 17:44:36.619,0.78404,0.78414,1.87,2.62
2014.11.11 17:44:37.084,0.78404,0.78414,3.37,2.62
2014.11.11 17:44:37.692,0.78404,0.78414,1.87,2.25
2014.11.11 17:44:40.910,0.78406,0.78414,1.37,2.25
2014.11.11 17:44:41.413,0.78408,0.78414,1.00,1.50
2014.11.11 17:44:41.464,0.78406,0.78414,1.00,1.50
2014.11.11 17:44:42.913,0.78406,0.78414,1.37,1.50
2014.11.11 17:44:43.416,0.78406,0.78414,1.37,1.50
2014.11.11 17:44:43.937,0.78406,0.78415,1.00,1.12
2014.11.11 17:44:50.609,0.78405,0.78415,2.81,1.00
2014.11.11 17:44:51.110,0.78406,0.78416,1.87,1.87
2014.11.11 17:44:52.432,0.78406,0.78416,2.06,2.06
2014.11.11 17:44:52.636,0.78407,0.78416,1.00,1.87
2014.11.11 17:44:53.149,0.78406,0.78416,2.62,1.87
2014.11.11 17:44:53.251,0.78406,0.78416,3.37,1.50
2014.11.11 17:44:53.759,0.78408,0.78417,1.00,1.00
2014.11.11 17:44:54.266,0.78408,0.78416,1.00,1.00
2014.11.11 17:44:54.573,0.78411,0.78418,1.12,1.50
2014.11.11 17:44:54.624,0.78411,0.7842,1.37,1.12
2014.11.11 17:44:55.132,0.78412,0.78421,1.12,1.50
2014.11.11 17:44:55.642,0.78411,0.78421,2.44,1.50
2014.11.11 17:44:56.234,0.78412,0.78421,1.00,1.87
2014.11.11 17:44:56.784,0.78411,0.7842,1.87,1.00
2014.11.11 17:44:57.951,0.78411,0.7842,2.06,1.00
2014.11.11 17:44:58.458,0.78411,0.78421,2.25,2.06
2014.11.11 17:44:59.041,0.78411,0.7842,1.00,1.00
2014.11.11 17:44:59.552,0.78412,0.7842,1.00,1.00
2014.11.11 17:45:00.085,0.7841,0.78419,3.56,1.87
2014.11.11 17:45:00.593,0.78408,0.78418,2.25,1.87
2014.11.11 17:45:01.101,0.78408,0.78417,1.00,1.00
2014.11.11 17:45:04.678,0.78407,0.78417,1.00,1.25
2014.11.11 17:45:04.780,0.78407,0.78417,1.00,2.06
2014.11.11 17:45:04.882,0.78407,0.78417,1.00,1.69
2014.11.11 17:45:05.592,0.78409,0.78417,1.00,1.50
2014.11.11 17:45:06.340,0.78407,0.78417,2.25,1.50
2014.11.11 17:45:07.905,0.78407,0.78417,2.06,1.00
2014.11.11 17:45:08.007,0.7841,0.78417,1.00,1.00
2014.11.11 17:45:08.514,0.78409,0.78417,1.00,1.00
2014.11.11 17:45:13.570,0.78408,0.78417,1.25,1.00
2014.11.11 17:45:14.077,0.78407,0.78417,2.81,2.06
2014.11.11 17:45:14.583,0.78408,0.78417,1.50,1.31
2014.11.11 17:45:15.597,0.78408,0.78418,1.50,4.31
2014.11.11 17:45:16.103,0.78408,0.78416,1.00,1.00
2014.11.11 17:45:18.323,0.78408,0.78416,1.25,2.06
2014.11.11 17:45:18.830,0.78408,0.78416,1.00,2.06
2014.11.11 17:45:19.619,0.78408,0.78416,1.00,2.81
2014.11.11 17:45:20.741,0.78408,0.78416,1.00,1.69
2014.11.11 17:45:24.502,0.78409,0.78416,1.00,1.00
2014.11.11 17:45:25.061,0.78408,0.78416,1.00,1.00
2014.11.11 17:45:28.599,0.78408,0.78417,1.00,1.25
2014.11.11 17:45:29.105,0.78408,0.78418,1.87,3.19
2014.11.11 17:45:29.611,0.78408,0.78418,2.06,2.44
2014.11.11 17:45:30.131,0.78408,0.78418,1.69,2.44
2014.11.11 17:45:30.654,0.78407,0.78417,2.81,3.19
2014.11.11 17:45:31.870,0.78407,0.78417,2.81,3.56
2014.11.11 17:45:32.579,0.78407,0.78417,3.56,4.31
2014.11.11 17:45:33.250,0.78407,0.78417,3.56,4.31
2014.11.11 17:45:34.356,0.78408,0.78417,1.00,3.19
2014.11.11 17:45:36.240,0.78407,0.78417,2.81,3.19
2014.11.11 17:45:36.719,0.78409,0.78417,1.00,2.44
2014.11.11 17:45:37.655,0.78408,0.78416,1.12,1.00
2014.11.11 17:45:40.243,0.7841,0.78417,1.00,2.44
2014.11.11 17:45:40.445,0.7841,0.78418,1.00,1.00
2014.11.11 17:45:41.517,0.7841,0.78419,1.25,3.00
2014.11.11 17:45:41.756,0.7841,0.78417,1.25,1.00
2014.11.11 17:45:43.168,0.78414,0.78419,1.00,1.00
2014.11.11 17:45:43.372,0.78414,0.7842,1.00,1.87
2014.11.11 17:45:43.525,0.78413,0.78422,1.00,1.25
2014.11.11 17:45:44.033,0.78413,0.78421,1.00,1.00
2014.11.11 17:45:46.438,0.78413,0.78422,3.00,1.00
2014.11.11 17:45:46.946,0.78413,0.78422,1.87,1.12
2014.11.11 17:45:48.433,0.78413,0.78421,1.00,1.00
2014.11.11 17:45:48.948,0.78412,0.78421,1.00,1.35
2014.11.11 17:45:49.480,0.78414,0.78421,1.00,1.35
2014.11.11 17:45:49.784,0.78414,0.78423,1.50,2.25
2014.11.11 17:45:50.452,0.78415,0.78423,1.00,1.50
2014.11.11 17:45:51.707,0.78413,0.78423,1.69,3.22
2014.11.11 17:45:52.213,0.78413,0.78422,1.69,1.12
2014.11.11 17:45:52.739,0.78414,0.78422,1.00,3.22
2014.11.11 17:45:53.196,0.78413,0.78422,1.25,3.60
2014.11.11 17:45:53.703,0.78413,0.78421,1.00,1.31
2014.11.11 17:45:54.009,0.78413,0.78421,1.00,1.62
2014.11.11 17:45:55.369,0.78413,0.7842,1.00,1.69
2014.11.11 17:46:00.332,0.78413,0.7842,1.00,2.06
2014.11.11 17:46:00.842,0.78413,0.78421,1.00,2.06
2014.11.11 17:46:07.977,0.78412,0.7842,1.00,1.25
2014.11.11 17:46:14.403,0.78412,0.7842,1.00,2.06
2014.11.11 17:46:15.415,0.78412,0.7842,1.00,1.31
2014.11.11 17:46:16.372,0.78412,0.7842,1.00,2.06
2014.11.11 17:46:17.392,0.78412,0.7842,1.00,1.31
2014.11.11 17:46:21.368,0.78412,0.7842,1.00,2.06
2014.11.11 17:46:22.389,0.78412,0.78419,1.00,1.31
2014.11.11 17:46:27.027,0.78411,0.78419,1.00,2.06
2014.11.11 17:46:28.449,0.78411,0.78419,1.00,1.00
2014.11.11 17:46:29.717,0.7841,0.78418,1.00,1.00
2014.11.11 17:46:38.442,0.7841,0.78418,1.00,1.19
2014.11.11 17:46:40.433,0.7841,0.78419,1.00,1.31
2014.11.11 17:46:50.755,0.7841,0.78418,1.00,1.19
2014.11.11 17:47:02.371,0.7841,0.78419,1.12,1.69
2014.11.11 17:47:12.392,0.7841,0.78419,2.81,1.69
2014.11.11 17:47:13.404,0.7841,0.78419,2.62,1.00
2014.11.11 17:47:14.017,0.78411,0.78419,1.00,1.87
2014.11.11 17:47:14.628,0.78411,0.78419,1.00,2.81
2014.11.11 17:47:16.053,0.7841,0.78419,1.31,3.56
2014.11.11 17:47:17.240,0.7841,0.78419,2.06,1.69
2014.11.11 17:47:17.544,0.78413,0.78419,1.00,1.69
2014.11.11 17:47:18.053,0.78413,0.78419,1.00,1.00
2014.11.11 17:47:18.563,0.78411,0.78419,1.37,1.00
2014.11.11 17:47:19.270,0.78413,0.78419,1.00,1.00
2014.11.11 17:47:19.928,0.78413,0.7842,1.00,1.12
2014.11.11 17:47:32.795,0.78413,0.7842,1.00,1.62
2014.11.11 17:47:33.311,0.78413,0.7842,1.00,1.25
2014.11.11 17:47:33.858,0.78413,0.7842,1.00,1.62
2014.11.11 17:47:34.364,0.78413,0.7842,1.00,1.25
2014.11.11 17:47:36.569,0.78413,0.78419,1.00,1.00
2014.11.11 17:47:39.431,0.78412,0.78419,1.00,1.31
2014.11.11 17:47:39.689,0.7841,0.78419,3.75,1.31
2014.11.11 17:47:41.941,0.7841,0.78419,1.50,1.62
2014.11.11 17:47:42.978,0.7841,0.78418,1.50,1.31
2014.11.11 17:47:45.980,0.7841,0.78419,1.50,1.56
2014.11.11 17:47:50.732,0.78411,0.78419,1.00,2.06
2014.11.11 17:47:50.935,0.78413,0.78419,1.00,1.12
2014.11.11 17:47:51.190,0.78411,0.78419,1.50,1.00
2014.11.11 17:47:52.902,0.78411,0.78419,1.00,2.06
2014.11.11 17:47:54.677,0.78411,0.78419,1.37,1.69
2014.11.11 17:47:54.845,0.78411,0.7842,2.06,1.25
2014.11.11 17:47:59.825,0.78412,0.78421,1.31,1.00
2014.11.11 17:48:00.517,0.78412,0.7842,1.25,1.00
2014.11.11 17:48:08.129,0.78411,0.78419,1.00,1.00
2014.11.11 17:48:13.488,0.78411,0.78418,1.00,1.00
2014.11.11 17:48:19.014,0.78409,0.78418,1.00,1.25
2014.11.11 17:48:19.994,0.7841,0.78418,1.00,1.00
2014.11.11 17:48:20.753,0.7841,0.7842,1.00,2.44
2014.11.11 17:48:21.262,0.7841,0.7842,1.25,1.69
2014.11.11 17:48:24.783,0.78411,0.7842,1.00,1.25
2014.11.11 17:48:26.669,0.7841,0.7842,1.69,1.69
2014.11.11 17:48:27.181,0.7841,0.7842,1.69,2.81
2014.11.11 17:48:27.882,0.7841,0.7842,1.25,2.06
2014.11.11 17:48:30.723,0.7841,0.7842,1.25,2.06
2014.11.11 17:48:30.927,0.78409,0.78417,1.50,1.00
2014.11.11 17:48:32.165,0.78408,0.78417,1.00,1.69
2014.11.11 17:48:33.803,0.78408,0.78417,1.50,1.69
2014.11.11 17:48:41.228,0.78408,0.78416,1.50,1.62
2014.11.11 17:48:41.534,0.78405,0.78413,1.12,1.00
2014.11.11 17:48:41.636,0.78407,0.78413,1.50,1.00
2014.11.11 17:48:41.738,0.78407,0.78415,1.50,1.31
2014.11.11 17:48:41.942,0.78407,0.78415,1.50,1.62
2014.11.11 17:48:42.044,0.78407,0.78415,1.50,1.25
2014.11.11 17:48:43.363,0.78407,0.78415,1.00,1.37
2014.11.11 17:48:47.787,0.78407,0.78415,1.00,1.31
2014.11.11 17:48:49.268,0.78408,0.78418,1.12,2.44
2014.11.11 17:48:49.370,0.7841,0.78418,1.00,1.25
2014.11.11 17:48:49.882,0.78409,0.78419,1.00,2.81
2014.11.11 17:48:50.416,0.78409,0.78419,1.00,2.44
2014.11.11 17:48:50.924,0.78409,0.78418,1.00,1.31
2014.11.11 17:48:51.912,0.78409,0.78418,1.00,1.31
2014.11.11 17:48:52.576,0.7841,0.78418,1.00,1.31
2014.11.11 17:48:53.113,0.7841,0.78418,1.00,1.31
2014.11.11 17:48:53.631,0.78409,0.78417,1.00,1.00
2014.11.11 17:49:01.911,0.78409,0.78418,1.00,1.50
2014.11.11 17:49:02.531,0.78411,0.78418,1.00,1.50
2014.11.11 17:49:07.750,0.7841,0.78418,1.00,1.50
2014.11.11 17:49:08.627,0.78411,0.78418,1.00,1.50
2014.11.11 17:49:13.568,0.78409,0.78418,1.50,2.06
2014.11.11 17:49:13.670,0.78411,0.78418,1.00,2.06
2014.11.11 17:49:19.161,0.78411,0.78418,1.00,1.69
2014.11.11 17:49:19.366,0.78408,0.78418,1.31,2.81
2014.11.11 17:49:20.160,0.78408,0.78418,1.00,2.06
2014.11.11 17:49:24.982,0.78408,0.78418,1.00,2.06
2014.11.11 17:49:25.484,0.78408,0.78418,1.00,2.06
2014.11.11 17:49:27.016,0.78408,0.78418,1.00,2.06
2014.11.11 17:49:29.535,0.78409,0.78418,1.00,2.06
2014.11.11 17:49:30.044,0.78408,0.78418,1.00,2.81
2014.11.11 17:49:30.615,0.78409,0.78418,1.00,1.69
2014.11.11 17:49:31.234,0.78409,0.78418,1.00,1.25
2014.11.11 17:49:31.743,0.78408,0.78418,2.62,2.44
2014.11.11 17:49:33.530,0.7841,0.78418,1.00,2.81
2014.11.11 17:49:36.246,0.78409,0.78418,1.00,2.44
2014.11.11 17:49:44.184,0.78408,0.78418,1.50,2.44
2014.11.11 17:49:44.704,0.78408,0.78418,1.69,3.19
2014.11.11 17:49:45.405,0.78408,0.78418,2.06,1.50
2014.11.11 17:49:47.366,0.78408,0.78418,2.06,1.50
2014.11.11 17:49:52.120,0.78409,0.78418,1.50,1.25
2014.11.11 17:49:54.113,0.78409,0.78419,1.50,2.44
2014.11.11 17:49:55.083,0.78409,0.78417,1.50,1.00
2014.11.11 17:49:55.891,0.7841,0.78417,1.50,1.00
2014.11.11 17:49:57.225,0.78412,0.78417,1.00,1.00
2014.11.11 17:50:00.610,0.78411,0.78417,1.00,1.00
2014.11.11 17:50:03.313,0.78409,0.78417,1.12,1.00
2014.11.11 17:50:03.819,0.7841,0.78417,1.00,1.00
2014.11.11 17:50:12.937,0.78411,0.78417,1.00,1.00
2014.11.11 17:50:19.783,0.7841,0.78417,1.00,1.00
2014.11.11 17:50:20.317,0.78409,0.78417,1.00,1.00
2014.11.11 17:50:22.053,0.7841,0.78417,1.00,1.00
2014.11.11 17:50:24.260,0.78409,0.78417,1.00,1.00
2014.11.11 17:50:24.788,0.7841,0.78417,1.00,1.25
2014.11.11 17:50:25.494,0.78409,0.78417,1.00,1.00
2014.11.11 17:50:27.667,0.7841,0.78417,1.00,1.00
2014.11.11 17:50:28.277,0.78411,0.78417,1.00,1.00
2014.11.11 17:50:28.815,0.7841,0.78417,1.12,1.00
2014.11.11 17:50:30.272,0.78412,0.78417,1.00,1.00
2014.11.11 17:50:30.779,0.78413,0.78417,1.00,1.00
2014.11.11 17:50:31.327,0.78414,0.7842,1.00,1.00
2014.11.11 17:50:31.835,0.78414,0.78421,1.37,1.00
2014.11.11 17:50:31.987,0.78416,0.78425,1.87,1.56
2014.11.11 17:50:32.952,0.78415,0.78425,1.37,2.44
2014.11.11 17:50:33.459,0.78416,0.78425,1.37,1.69
2014.11.11 17:50:33.966,0.78417,0.78426,1.00,2.06
2014.11.11 17:50:36.250,0.78417,0.78426,1.00,2.06
2014.11.11 17:50:40.215,0.78416,0.78426,1.50,2.81
2014.11.11 17:50:40.671,0.78416,0.78423,1.50,1.00
2014.11.11 17:50:54.851,0.78416,0.78423,1.37,1.00
2014.11.11 17:50:55.209,0.78417,0.78426,1.00,1.31
2014.11.11 17:50:55.718,0.78417,0.78425,1.00,1.25
2014.11.11 17:50:57.511,0.78417,0.78426,1.12,2.44
2014.11.11 17:50:58.035,0.78418,0.78426,1.00,2.06
2014.11.11 17:50:58.932,0.78418,0.78426,1.00,2.06
2014.11.11 17:51:00.958,0.78418,0.78426,1.00,1.31
2014.11.11 17:51:15.387,0.78421,0.78426,1.00,1.31
2014.11.11 17:51:16.561,0.78419,0.78426,1.00,1.12
2014.11.11 17:51:17.490,0.7842,0.78426,1.00,1.12
2014.11.11 17:51:18.569,0.7842,0.78426,1.00,1.50
2014.11.11 17:51:22.494,0.78419,0.78426,1.50,1.50
2014.11.11 17:51:31.279,0.7842,0.78426,1.00,1.50
2014.11.11 17:51:31.851,0.78419,0.78426,1.00,1.12
2014.11.11 17:51:32.711,0.7842,0.78426,1.00,1.12
2014.11.11 17:51:33.328,0.78419,0.78426,1.00,1.12
2014.11.11 17:51:46.857,0.78419,0.78426,1.00,1.37
2014.11.11 17:51:46.909,0.78417,0.78426,1.12,1.62
2014.11.11 17:51:47.416,0.78417,0.78424,1.00,1.00
2014.11.11 17:51:47.922,0.78416,0.78424,1.50,1.00
2014.11.11 17:51:49.385,0.78416,0.78424,1.87,1.00
2014.11.11 17:51:49.891,0.78418,0.78425,1.00,1.00
2014.11.11 17:51:50.416,0.78418,0.78426,1.00,2.06
2014.11.11 17:51:55.449,0.78418,0.78427,1.00,1.69
2014.11.11 17:51:56.741,0.78417,0.78426,1.31,1.00
2014.11.11 17:51:59.555,0.78417,0.78426,2.06,1.25
2014.11.11 17:52:00.692,0.78416,0.78426,1.03,1.31
2014.11.11 17:52:01.098,0.78416,0.78425,1.25,1.37
2014.11.11 17:52:01.661,0.78414,0.78424,1.22,1.12
2014.11.11 17:52:02.204,0.78415,0.78425,1.00,2.06
2014.11.11 17:52:03.557,0.78414,0.78424,1.22,2.81
2014.11.11 17:52:03.735,0.78416,0.78424,1.00,2.81
2014.11.11 17:52:04.720,0.78416,0.78424,1.00,3.56
2014.11.11 17:52:07.714,0.78416,0.78424,1.00,1.69
2014.11.11 17:52:21.266,0.78416,0.78424,2.91,1.50
2014.11.11 17:52:21.419,0.7842,0.78428,1.00,1.50
2014.11.11 17:52:21.926,0.78421,0.78428,1.00,1.00
2014.11.11 17:52:22.435,0.7842,0.78428,1.00,1.50
2014.11.11 17:52:22.981,0.7842,0.78428,1.69,1.00
2014.11.11 17:52:23.875,0.7842,0.78428,1.00,1.00
2014.11.11 17:52:24.402,0.7842,0.78428,1.37,1.00
2014.11.11 17:52:26.942,0.7842,0.78428,1.12,1.00
2014.11.11 17:52:37.121,0.7842,0.78428,1.62,1.00
2014.11.11 17:52:40.102,0.78422,0.78428,1.00,1.00
2014.11.11 17:52:40.406,0.7842,0.78428,1.00,1.50
2014.11.11 17:52:40.914,0.78418,0.78427,1.19,1.50
2014.11.11 17:52:41.117,0.78417,0.78427,1.25,1.50
2014.11.11 17:52:41.753,0.78417,0.78427,1.31,1.87
2014.11.11 17:52:42.676,0.78417,0.78427,1.37,2.06
2014.11.11 17:52:42.880,0.78419,0.78428,1.87,1.50
2014.11.11 17:52:43.387,0.78422,0.78428,1.87,1.00
2014.11.11 17:52:44.098,0.78423,0.78432,1.00,1.25
2014.11.11 17:52:45.542,0.78423,0.78432,1.00,1.62
2014.11.11 17:52:46.532,0.78423,0.78431,1.00,2.06
2014.11.11 17:52:47.753,0.78423,0.78431,1.00,2.06
2014.11.11 17:52:47.957,0.78421,0.78429,1.00,1.12
2014.11.11 17:52:48.364,0.78419,0.78429,1.25,1.87
2014.11.11 17:52:48.466,0.78419,0.78429,1.31,1.87
2014.11.11 17:52:55.824,0.78419,0.78427,1.00,2.06
2014.11.11 17:52:57.830,0.78419,0.78427,1.00,1.31
2014.11.11 17:52:58.157,0.78419,0.78427,1.00,1.62
2014.11.11 17:52:58.363,0.78417,0.78424,1.00,1.12
2014.11.11 17:52:58.465,0.78415,0.78425,1.87,2.62
2014.11.11 17:52:58.973,0.78415,0.78425,1.00,3.37
2014.11.11 17:52:59.506,0.78416,0.78425,1.00,3.56
2014.11.11 17:53:00.989,0.78416,0.78425,1.00,3.56
2014.11.11 17:53:02.253,0.78416,0.78424,1.00,1.31
2014.11.11 17:53:03.253,0.78416,0.78425,1.87,1.00
2014.11.11 17:53:05.784,0.78416,0.78426,1.87,2.06
2014.11.11 17:53:11.304,0.78416,0.78426,1.87,2.81
2014.11.11 17:53:13.286,0.78416,0.78426,1.87,2.06
2014.11.11 17:53:14.311,0.78416,0.78426,1.87,2.06
2014.11.11 17:53:14.822,0.78416,0.78426,2.62,1.69
2014.11.11 17:53:15.075,0.78419,0.78426,1.00,1.19
2014.11.11 17:53:15.229,0.78419,0.78427,1.37,1.50
2014.11.11 17:53:15.382,0.78421,0.78427,1.37,1.00
2014.11.11 17:53:15.535,0.78421,0.78429,1.00,2.44
2014.11.11 17:53:20.235,0.78421,0.78429,1.00,3.56
2014.11.11 17:53:22.215,0.78421,0.78429,1.12,2.62
2014.11.11 17:53:28.506,0.78422,0.78429,1.00,1.50
2014.11.11 17:53:29.229,0.78422,0.7843,1.12,1.00
2014.11.11 17:53:29.744,0.78422,0.78431,1.12,1.00
2014.11.11 17:53:30.261,0.78422,0.78431,1.62,1.00
2014.11.11 17:53:37.387,0.78422,0.78431,1.31,1.50
2014.11.11 17:53:38.285,0.78422,0.78431,1.37,3.19
2014.11.11 17:53:39.309,0.78422,0.78431,1.12,3.19
2014.11.11 17:53:40.287,0.78422,0.78431,1.31,3.94
2014.11.11 17:53:43.309,0.78422,0.78431,1.12,2.44
2014.11.11 17:53:43.883,0.78422,0.78431,1.12,2.81
2014.11.11 17:53:44.393,0.78421,0.78429,1.69,1.00
2014.11.11 17:53:45.633,0.78421,0.7843,1.87,1.50
2014.11.11 17:53:46.808,0.78421,0.78431,2.62,2.44
2014.11.11 17:53:47.264,0.78422,0.78432,1.62,3.94
2014.11.11 17:53:48.265,0.78422,0.78432,1.31,2.81
2014.11.11 17:53:50.828,0.78422,0.78432,1.25,2.81
2014.11.11 17:53:51.352,0.78421,0.78429,2.25,1.87
2014.11.11 17:53:52.788,0.78421,0.78429,1.50,2.06
2014.11.11 17:53:53.323,0.78421,0.7843,2.62,2.44
2014.11.11 17:53:53.831,0.78421,0.7843,1.50,2.06
2014.11.11 17:53:54.337,0.78421,0.7843,1.50,1.12
2014.11.11 17:53:54.843,0.78422,0.78432,1.87,4.31
2014.11.11 17:53:59.006,0.78422,0.78432,1.87,3.56
2014.11.11 17:54:01.700,0.78423,0.78432,1.12,3.94
2014.11.11 17:54:01.802,0.78423,0.78432,1.37,3.94
2014.11.11 17:54:02.310,0.78425,0.78432,1.00,1.00
2014.11.11 17:54:02.361,0.78423,0.78432,1.87,1.00
2014.11.11 17:54:02.877,0.78423,0.78432,1.87,1.00
2014.11.11 17:54:10.236,0.78423,0.78432,2.06,1.00
2014.11.11 17:54:18.998,0.78423,0.78432,2.06,1.00
2014.11.11 17:54:21.591,0.78423,0.7843,1.69,1.00
2014.11.11 17:54:26.190,0.78423,0.7843,2.06,1.00
2014.11.11 17:54:28.150,0.78423,0.7843,2.81,1.00
2014.11.11 17:54:30.218,0.78423,0.7843,2.06,1.00
2014.11.11 17:54:30.838,0.78424,0.7843,1.69,1.00
2014.11.11 17:54:31.041,0.78425,0.78433,1.50,1.00
2014.11.11 17:54:31.143,0.78428,0.78434,1.00,1.50
2014.11.11 17:54:31.244,0.78428,0.78436,1.00,2.25
2014.11.11 17:54:34.912,0.78428,0.78435,1.25,1.00
2014.11.11 17:54:35.216,0.78428,0.78437,2.06,3.37
2014.11.11 17:54:35.740,0.78429,0.78437,1.87,1.50
2014.11.11 17:54:44.046,0.78429,0.78437,1.37,1.00
2014.11.11 17:54:47.673,0.78428,0.78437,2.81,1.00
2014.11.11 17:54:48.180,0.7843,0.78438,1.12,1.69
2014.11.11 17:54:56.475,0.78429,0.78438,2.81,1.00
2014.11.11 17:54:58.280,0.7843,0.78438,1.00,1.00
2014.11.11 17:55:05.558,0.78429,0.78438,1.00,1.87
2014.11.11 17:55:06.066,0.78428,0.78437,1.50,1.37
2014.11.11 17:55:06.649,0.78428,0.78437,1.87,1.12
2014.11.11 17:55:08.748,0.78428,0.78437,1.69,1.25
2014.11.11 17:55:12.073,0.78428,0.78437,1.69,1.25
2014.11.11 17:55:13.070,0.78428,0.78437,1.69,1.00
2014.11.11 17:55:13.984,0.78428,0.78437,1.25,3.00
2014.11.11 17:55:14.490,0.78428,0.78437,1.00,2.06
2014.11.11 17:55:15.109,0.78428,0.78437,1.00,3.94
2014.11.11 17:55:16.080,0.78428,0.78437,1.00,2.44
2014.11.11 17:55:18.430,0.78428,0.78437,2.44,1.00
2014.11.11 17:55:18.938,0.78428,0.78437,1.50,1.00
2014.11.11 17:55:19.700,0.7843,0.78437,1.00,1.00
2014.11.11 17:55:19.916,0.78428,0.78437,2.81,1.00
2014.11.11 17:55:23.514,0.78428,0.78437,2.81,1.00
2014.11.11 17:55:24.772,0.78428,0.78437,3.56,1.62
2014.11.11 17:55:25.128,0.78428,0.78437,1.00,2.81
2014.11.11 17:55:25.738,0.78428,0.78435,1.00,1.87
2014.11.11 17:55:29.732,0.78428,0.78435,1.00,1.87
2014.11.11 17:55:30.087,0.78426,0.78434,1.50,1.00
2014.11.11 17:55:31.000,0.78427,0.78434,1.00,1.00
2014.11.11 17:55:31.507,0.78427,0.78435,1.00,1.50
2014.11.11 17:55:37.429,0.78425,0.78435,5.44,1.50
2014.11.11 17:55:38.013,0.78426,0.78436,1.25,2.06
2014.11.11 17:55:39.500,0.78426,0.78436,1.00,2.06
2014.11.11 17:55:40.219,0.78426,0.78436,1.00,1.87
2014.11.11 17:55:41.948,0.78426,0.78434,1.00,1.00
2014.11.11 17:55:42.520,0.78426,0.78436,1.25,1.56
2014.11.11 17:55:43.164,0.78425,0.78435,3.19,1.62
2014.11.11 17:55:43.672,0.78427,0.78435,1.00,1.00
2014.11.11 17:55:44.433,0.78427,0.78435,1.62,1.00
2014.11.11 17:55:44.960,0.78428,0.78436,1.37,1.00
2014.11.11 17:55:45.468,0.78428,0.78436,1.00,1.00
2014.11.11 17:55:45.925,0.78426,0.78434,1.31,1.00
2014.11.11 17:55:46.438,0.78426,0.78434,1.12,1.00
2014.11.11 17:55:52.138,0.78425,0.78435,3.56,1.37
2014.11.11 17:55:52.639,0.78424,0.78433,2.06,1.00
2014.11.11 17:55:53.146,0.78426,0.78434,1.00,2.25
2014.11.11 17:55:57.265,0.78426,0.78433,1.00,1.00
2014.11.11 17:55:57.974,0.78425,0.78433,2.06,1.00
2014.11.11 17:55:58.519,0.78425,0.78433,2.06,1.00
2014.11.11 17:55:59.042,0.78425,0.78434,2.06,1.00
2014.11.11 17:55:59.548,0.78427,0.78434,1.00,1.00
2014.11.11 17:56:03.255,0.78425,0.78434,2.62,1.00
2014.11.11 17:56:07.121,0.78426,0.78435,2.06,2.06
2014.11.11 17:56:09.287,0.78425,0.78434,1.25,1.00
2014.11.11 17:56:09.848,0.78424,0.78433,1.00,1.00
2014.11.11 17:56:13.600,0.78426,0.78433,1.00,1.00
2014.11.11 17:56:14.135,0.78426,0.78434,1.00,1.00
2014.11.11 17:56:14.440,0.78429,0.78435,1.00,1.87
2014.11.11 17:56:14.491,0.78427,0.78435,1.00,1.87
2014.11.11 17:56:15.000,0.78426,0.78435,1.50,2.62
2014.11.11 17:56:16.377,0.78426,0.78434,1.50,1.37
2014.11.11 17:56:16.885,0.78425,0.78432,1.00,1.00
2014.11.11 17:56:21.498,0.78424,0.78432,1.00,1.00
2014.11.11 17:56:27.300,0.78424,0.78431,1.00,1.00
2014.11.11 17:56:27.809,0.78426,0.78431,1.00,1.00
2014.11.11 17:56:27.861,0.78426,0.78433,1.00,1.50
2014.11.11 17:56:28.267,0.78426,0.78435,1.00,2.25
2014.11.11 17:56:28.786,0.78427,0.78435,1.00,1.00
2014.11.11 17:56:32.824,0.78427,0.78435,1.37,1.00
2014.11.11 17:56:32.978,0.78427,0.78437,2.62,1.50
2014.11.11 17:56:33.485,0.78427,0.78437,2.06,2.06
2014.11.11 17:56:34.435,0.78427,0.78437,2.06,1.87
2014.11.11 17:56:35.192,0.78427,0.78437,2.06,1.87
2014.11.11 17:56:35.746,0.78427,0.78437,2.06,2.06
2014.11.11 17:56:37.734,0.78427,0.78437,1.87,1.87
2014.11.11 17:56:40.654,0.78427,0.78437,1.87,1.87
2014.11.11 17:56:41.161,0.78427,0.78437,3.37,1.50
2014.11.11 17:56:41.569,0.78429,0.78437,1.87,1.00
2014.11.11 17:56:45.060,0.78428,0.78437,5.06,1.00
2014.11.11 17:56:45.618,0.78429,0.78437,1.19,1.00
2014.11.11 17:56:47.405,0.78428,0.78437,3.56,1.00
2014.11.11 17:56:49.409,0.78428,0.78437,2.81,1.00
2014.11.11 17:56:52.444,0.78428,0.78437,3.56,1.00
2014.11.11 17:56:53.427,0.78428,0.78437,2.81,1.00
2014.11.11 17:56:58.802,0.78428,0.78437,2.44,1.37
2014.11.11 17:56:59.842,0.78428,0.78437,1.87,1.50
2014.11.11 17:57:00.349,0.78428,0.78438,2.81,2.81
2014.11.11 17:57:01.656,0.78428,0.78437,1.25,1.12
2014.11.11 17:57:01.962,0.78426,0.78435,2.06,1.87
2014.11.11 17:57:02.471,0.78426,0.78436,2.06,1.00
2014.11.11 17:57:02.981,0.78426,0.78436,1.31,1.00
2014.11.11 17:57:03.488,0.78425,0.78435,5.06,1.00
2014.11.11 17:57:03.996,0.78426,0.78436,1.50,2.06
2014.11.11 17:57:04.249,0.78426,0.78436,1.50,1.69
2014.11.11 17:57:04.695,0.78428,0.78436,1.50,1.00
2014.11.11 17:57:05.204,0.78428,0.78437,1.50,1.00
2014.11.11 17:57:05.711,0.78428,0.78436,1.00,1.00
2014.11.11 17:57:06.629,0.78428,0.78436,1.19,1.00
2014.11.11 17:57:07.174,0.78428,0.78437,1.69,1.12
2014.11.11 17:57:07.682,0.78428,0.78437,1.00,1.37
2014.11.11 17:57:08.219,0.78428,0.78437,1.50,1.00
2014.11.11 17:57:08.932,0.78428,0.78437,1.00,2.06
2014.11.11 17:57:17.660,0.78428,0.78437,1.37,1.12
2014.11.11 17:57:18.177,0.78428,0.78437,3.37,1.00
2014.11.11 17:57:18.683,0.78428,0.78437,3.56,1.00
2014.11.11 17:57:20.980,0.78428,0.78437,3.56,1.00
2014.11.11 17:57:25.364,0.78431,0.78437,1.00,1.00
2014.11.11 17:57:27.511,0.78432,0.78438,1.00,1.25
2014.11.11 17:57:28.018,0.78431,0.78439,2.62,1.00
2014.11.11 17:57:28.330,0.78432,0.7844,1.37,1.00
2014.11.11 17:57:28.482,0.78432,0.78441,3.37,1.00
2014.11.11 17:57:28.534,0.78433,0.78443,1.69,1.50
2014.11.11 17:57:28.585,0.78434,0.78443,1.37,1.00
2014.11.11 17:57:29.093,0.78434,0.78442,1.50,1.00
2014.11.11 17:57:29.246,0.78434,0.78444,1.50,1.35
2014.11.11 17:57:29.399,0.78437,0.78444,1.00,1.00
2014.11.11 17:57:29.602,0.78435,0.78444,1.00,1.00
2014.11.11 17:57:30.110,0.78436,0.78444,1.00,1.00
2014.11.11 17:57:30.874,0.78436,0.78444,2.06,1.35
2014.11.11 17:57:31.381,0.78439,0.78447,1.87,1.75
2014.11.11 17:57:31.433,0.78439,0.78447,1.87,1.00
2014.11.11 17:57:31.939,0.78438,0.78448,1.00,3.56
2014.11.11 17:57:32.091,0.78438,0.78448,1.00,4.31
2014.11.11 17:57:32.598,0.78437,0.78446,1.00,1.16
2014.11.11 17:57:32.902,0.78436,0.78444,1.00,1.50
2014.11.11 17:57:34.409,0.78436,0.78444,1.87,1.00
2014.11.11 17:57:34.614,0.78438,0.78448,2.62,2.81
2014.11.11 17:57:35.122,0.78441,0.78448,1.00,1.25
2014.11.11 17:57:35.630,0.78442,0.78449,1.00,1.00
2014.11.11 17:57:35.681,0.78442,0.78452,1.00,3.19
2014.11.11 17:57:36.188,0.78443,0.78451,1.00,1.69
2014.11.11 17:57:36.240,0.78441,0.7845,1.50,1.00
2014.11.11 17:57:36.341,0.78441,0.78448,1.00,1.00
2014.11.11 17:57:36.645,0.7844,0.7845,1.62,1.50
2014.11.11 17:57:37.153,0.78441,0.7845,1.00,1.37
2014.11.11 17:57:38.572,0.7844,0.7845,2.81,2.06
2014.11.11 17:57:39.078,0.78441,0.7845,1.00,2.06
2014.11.11 17:57:40.422,0.7844,0.7845,2.81,2.06
2014.11.11 17:57:40.941,0.78441,0.7845,1.00,1.69
2014.11.11 17:57:43.142,0.78441,0.7845,1.87,2.06
2014.11.11 17:57:43.654,0.7844,0.7845,5.06,1.50
2014.11.11 17:57:43.756,0.78442,0.78452,1.37,1.25
2014.11.11 17:57:43.857,0.78442,0.78452,1.87,1.25
2014.11.11 17:57:43.909,0.78442,0.78452,1.87,1.25
2014.11.11 17:57:44.418,0.78442,0.78452,3.00,1.69
2014.11.11 17:57:44.623,0.78441,0.78451,2.25,1.69
2014.11.11 17:57:45.596,0.78441,0.7845,1.25,1.19
2014.11.11 17:57:46.606,0.78441,0.78451,1.12,2.06
2014.11.11 17:57:47.624,0.78441,0.7845,1.03,1.19
2014.11.11 17:57:49.104,0.7844,0.78448,1.00,1.00
2014.11.11 17:57:49.442,0.78436,0.78446,1.87,2.62
2014.11.11 17:57:49.899,0.78436,0.78446,1.37,1.87
2014.11.11 17:57:50.406,0.78436,0.78445,1.37,1.00
2014.11.11 17:57:50.558,0.78437,0.78446,1.37,1.31
2014.11.11 17:57:50.812,0.78439,0.78448,1.50,1.00
2014.11.11 17:57:50.863,0.78441,0.78448,1.00,1.00
2014.11.11 17:57:51.623,0.78441,0.78449,1.50,1.00
2014.11.11 17:57:52.493,0.78441,0.78448,1.00,1.00
2014.11.11 17:57:55.393,0.78441,0.7845,1.37,1.50
2014.11.11 17:57:55.698,0.78444,0.78453,1.00,1.69
2014.11.11 17:57:56.206,0.78445,0.78453,1.00,1.50
2014.11.11 17:57:56.715,0.78442,0.78452,2.62,1.50
2014.11.11 17:57:57.078,0.78442,0.78452,3.56,1.69
2014.11.11 17:57:57.585,0.78442,0.78452,2.81,1.69
2014.11.11 17:57:58.092,0.78444,0.78452,1.00,1.50
2014.11.11 17:57:58.194,0.78448,0.78452,1.00,1.00
2014.11.11 17:57:58.296,0.78448,0.78455,1.00,1.00
2014.11.11 17:57:58.347,0.7845,0.78456,1.50,1.50
2014.11.11 17:57:58.551,0.78451,0.78459,1.00,1.69
2014.11.11 17:57:58.857,0.78452,0.78462,1.00,1.00
2014.11.11 17:57:59.415,0.78452,0.7846,1.00,1.00
2014.11.11 17:58:00.140,0.78452,0.78462,1.50,1.87
2014.11.11 17:58:00.445,0.78453,0.78463,1.00,1.31
2014.11.11 17:58:00.953,0.78452,0.78461,1.00,1.00
2014.11.11 17:58:01.257,0.78454,0.78463,1.25,1.00
2014.11.11 17:58:02.221,0.78453,0.78462,1.19,1.00
2014.11.11 17:58:02.729,0.78455,0.78463,1.00,1.25
2014.11.11 17:58:03.252,0.78454,0.78463,1.25,1.25
2014.11.11 17:58:04.614,0.78454,0.78464,1.62,1.69
2014.11.11 17:58:04.766,0.78456,0.78465,1.50,1.50
2014.11.11 17:58:04.819,0.78458,0.78465,1.00,1.00
2014.11.11 17:58:04.922,0.78455,0.78465,2.44,2.25
2014.11.11 17:58:05.025,0.78461,0.78466,1.00,1.69
2014.11.11 17:58:05.178,0.78458,0.78467,1.00,1.50
2014.11.11 17:58:05.483,0.7846,0.78468,1.00,1.25
2014.11.11 17:58:05.686,0.78458,0.78468,1.50,1.69
2014.11.11 17:58:06.143,0.78457,0.78466,2.25,1.00
2014.11.11 17:58:07.169,0.78457,0.78465,1.00,1.00
2014.11.11 17:58:08.284,0.78457,0.78466,1.00,3.19
2014.11.11 17:58:09.691,0.78458,0.78467,1.50,1.00
2014.11.11 17:58:10.203,0.7846,0.78468,1.50,1.00
2014.11.11 17:58:10.407,0.7846,0.7847,1.50,1.50
2014.11.11 17:58:10.715,0.7846,0.78468,2.25,1.00
2014.11.11 17:58:11.632,0.78459,0.78467,1.00,1.00
2014.11.11 17:58:12.140,0.78458,0.78468,1.00,2.25
2014.11.11 17:58:12.596,0.78457,0.78464,1.25,1.00
2014.11.11 17:58:13.053,0.78455,0.78464,1.50,1.50
2014.11.11 17:58:13.510,0.78456,0.78466,2.25,1.50
2014.11.11 17:58:14.071,0.78457,0.78466,1.00,1.00
2014.11.11 17:58:14.579,0.78458,0.78468,3.00,3.19
2014.11.11 17:58:15.093,0.78457,0.78466,2.25,1.00
2014.11.11 17:58:15.347,0.78455,0.78465,1.00,1.00
2014.11.11 17:58:15.449,0.78457,0.78465,1.00,1.25
2014.11.11 17:58:15.552,0.78453,0.78463,1.69,1.00
2014.11.11 17:58:15.756,0.78453,0.78461,1.69,1.00
2014.11.11 17:58:16.488,0.78453,0.78461,3.56,1.00
2014.11.11 17:58:16.795,0.78456,0.78465,1.37,1.00
2014.11.11 17:58:17.302,0.78456,0.78466,1.37,2.25
2014.11.11 17:58:17.833,0.78456,0.78466,1.12,1.00
2014.11.11 17:58:18.037,0.78455,0.78464,1.50,1.00
2014.11.11 17:58:18.546,0.78454,0.78464,2.81,1.00
2014.11.11 17:58:18.850,0.78455,0.78464,1.87,1.00
2014.11.11 17:58:19.155,0.78458,0.78466,1.00,1.00
2014.11.11 17:58:22.349,0.78455,0.78465,2.81,1.00
2014.11.11 17:58:22.855,0.78456,0.78465,1.00,1.12
2014.11.11 17:58:22.957,0.78455,0.78463,2.44,1.00
2014.11.11 17:58:23.261,0.78452,0.78462,2.81,1.00
2014.11.11 17:58:23.566,0.78455,0.78463,1.00,2.25
2014.11.11 17:58:24.074,0.78456,0.78464,1.00,1.50
2014.11.11 17:58:24.277,0.78456,0.78466,1.00,1.25
2014.11.11 17:58:24.784,0.78455,0.78465,1.87,1.00
2014.11.11 17:58:26.163,0.78455,0.78464,1.37,1.00
2014.11.11 17:58:26.316,0.78455,0.78464,1.00,1.00
2014.11.11 17:58:26.620,0.78453,0.78463,1.50,1.00
2014.11.11 17:58:27.129,0.78453,0.78462,1.00,1.00
2014.11.11 17:58:27.636,0.78452,0.78462,1.69,1.50
2014.11.11 17:58:27.921,0.78453,0.78462,1.19,1.50
2014.11.11 17:58:28.103,0.78452,0.78462,1.69,1.50
2014.11.11 17:58:30.130,0.78452,0.78462,1.69,2.06
2014.11.11 17:58:30.637,0.78451,0.7846,2.44,1.00
2014.11.11 17:58:31.144,0.78451,0.7846,1.87,1.00
2014.11.11 17:58:31.651,0.7845,0.7846,1.69,1.69
2014.11.11 17:58:31.957,0.78452,0.78461,1.00,1.00
2014.11.11 17:58:32.465,0.78452,0.78462,2.25,1.69
2014.11.11 17:58:32.798,0.78454,0.78463,1.37,2.62
2014.11.11 17:58:33.306,0.78454,0.78464,1.87,2.44
2014.11.11 17:58:33.826,0.78454,0.78464,1.87,2.25
2014.11.11 17:58:34.543,0.78454,0.78463,1.12,1.00
2014.11.11 17:58:35.051,0.78453,0.78463,1.50,1.69
2014.11.11 17:58:35.357,0.78452,0.78461,1.69,1.00
2014.11.11 17:58:35.908,0.78451,0.7846,1.25,1.50
2014.11.11 17:58:36.263,0.78449,0.78459,1.87,1.00
2014.11.11 17:58:38.511,0.78449,0.78457,1.12,1.00
2014.11.11 17:58:38.714,0.78449,0.78459,3.37,1.00
2014.11.11 17:58:38.917,0.78452,0.78461,1.00,1.50
2014.11.11 17:58:40.465,0.78452,0.78462,1.87,3.00
2014.11.11 17:58:40.971,0.78451,0.78461,2.06,1.00
2014.11.11 17:58:41.478,0.78451,0.78461,1.25,1.87
2014.11.11 17:58:42.377,0.78451,0.78461,1.37,1.00
2014.11.11 17:58:42.681,0.78454,0.78463,1.62,1.50
2014.11.11 17:58:43.446,0.78454,0.78462,1.50,1.00
2014.11.11 17:58:43.952,0.78454,0.78462,1.69,1.00
2014.11.11 17:58:45.319,0.78455,0.7846,1.12,1.00
2014.11.11 17:58:45.877,0.78453,0.7846,1.50,1.00
2014.11.11 17:58:46.029,0.78452,0.78458,1.12,1.00
2014.11.11 17:58:46.232,0.78453,0.7846,1.00,1.00
2014.11.11 17:58:46.537,0.78453,0.78462,1.87,1.00
2014.11.11 17:58:47.201,0.78453,0.78462,1.87,1.00
2014.11.11 17:58:47.556,0.78451,0.78458,1.69,1.00
2014.11.11 17:58:48.063,0.78451,0.78459,1.69,1.00
2014.11.11 17:58:49.432,0.7845,0.7846,5.06,1.00
2014.11.11 17:58:49.889,0.78453,0.7846,1.37,1.00
2014.11.11 17:58:50.436,0.78453,0.7846,1.12,1.00
2014.11.11 17:58:50.985,0.78454,0.7846,1.25,1.00
2014.11.11 17:58:51.998,0.78454,0.7846,1.62,1.00
2014.11.11 17:58:52.151,0.78454,0.78463,2.06,1.50
2014.11.11 17:58:52.659,0.78454,0.78463,1.31,1.50
2014.11.11 17:58:53.168,0.78454,0.78463,1.31,1.50
2014.11.11 17:58:53.270,0.78454,0.78461,1.19,1.00
2014.11.11 17:58:53.828,0.78453,0.78461,1.69,1.00
2014.11.11 17:58:54.337,0.78453,0.78462,2.44,1.00
2014.11.11 17:58:54.744,0.78455,0.78462,1.00,1.00
2014.11.11 17:58:54.997,0.78453,0.78462,3.19,1.00
2014.11.11 17:58:55.200,0.78455,0.78462,1.00,1.00
2014.11.11 17:58:55.301,0.78453,0.78462,3.19,1.00
2014.11.11 17:58:55.813,0.78454,0.78462,1.25,1.00
2014.11.11 17:58:56.323,0.78454,0.78463,2.81,1.00
2014.11.11 17:58:56.844,0.78454,0.78463,2.81,1.00
2014.11.11 17:58:57.854,0.78454,0.78462,1.50,1.12
2014.11.11 17:58:58.057,0.78452,0.78461,1.69,1.00
2014.11.11 17:58:58.656,0.78452,0.78462,2.81,2.25
2014.11.11 17:58:58.859,0.78454,0.78463,1.12,1.50
2014.11.11 17:58:59.569,0.78453,0.78462,3.19,1.00
2014.11.11 17:59:00.075,0.78453,0.78462,2.44,1.00
2014.11.11 17:59:00.754,0.78453,0.7846,1.69,1.00
2014.11.11 17:59:01.361,0.78451,0.78459,1.69,1.00
2014.11.11 17:59:01.948,0.78451,0.78459,1.00,1.00
2014.11.11 17:59:03.582,0.7845,0.78459,1.69,1.00
2014.11.11 17:59:05.887,0.7845,0.7846,2.25,1.00
2014.11.11 17:59:06.663,0.7845,0.7846,4.69,1.00
2014.11.11 17:59:06.866,0.78452,0.78462,1.50,3.94
2014.11.11 17:59:07.323,0.78451,0.7846,1.25,1.00
2014.11.11 17:59:07.830,0.7845,0.78459,1.19,1.00
2014.11.11 17:59:08.338,0.78449,0.78459,3.19,1.00
2014.11.11 17:59:08.693,0.78451,0.78459,1.69,1.00
2014.11.11 17:59:09.201,0.78451,0.7846,3.94,1.00
2014.11.11 17:59:09.709,0.78451,0.7846,2.25,1.00
2014.11.11 17:59:10.369,0.78451,0.78461,1.50,2.25
2014.11.11 17:59:11.123,0.78451,0.78461,1.25,2.06
2014.11.11 17:59:11.680,0.78449,0.78459,3.19,1.00
2014.11.11 17:59:12.550,0.78449,0.78459,3.56,1.00
2014.11.11 17:59:12.703,0.78452,0.78461,1.50,1.00
2014.11.11 17:59:14.006,0.78451,0.78461,2.06,1.50
2014.11.11 17:59:14.522,0.78451,0.78461,1.25,1.87
2014.11.11 17:59:15.029,0.78451,0.78459,1.25,1.12
2014.11.11 17:59:15.549,0.7845,0.78458,1.25,1.00
2014.11.11 17:59:19.155,0.7845,0.78458,1.62,1.50
2014.11.11 17:59:19.409,0.78452,0.7846,1.50,1.00
2014.11.11 17:59:19.916,0.78451,0.7846,1.00,1.87
2014.11.11 17:59:20.423,0.7845,0.78459,1.00,1.00
2014.11.11 17:59:22.143,0.7845,0.78459,1.37,1.00
2014.11.11 17:59:22.652,0.7845,0.78459,1.12,1.00
2014.11.11 17:59:25.278,0.7845,0.78459,1.87,1.00
2014.11.11 17:59:25.852,0.7845,0.78459,1.87,1.00
2014.11.11 17:59:26.005,0.78453,0.78461,1.12,2.06
2014.11.11 17:59:26.360,0.78455,0.78462,1.00,2.25
2014.11.11 17:59:26.664,0.78455,0.78463,1.12,1.50
2014.11.11 17:59:27.172,0.78455,0.78464,1.37,1.00
2014.11.11 17:59:29.629,0.78456,0.78464,1.87,1.00
2014.11.11 17:59:30.152,0.78456,0.78464,1.87,1.00
2014.11.11 17:59:30.661,0.78455,0.78463,1.50,1.00
2014.11.11 17:59:31.909,0.78455,0.78464,1.00,2.44
2014.11.11 17:59:32.379,0.78454,0.78462,1.50,1.00
2014.11.11 17:59:32.886,0.78454,0.78463,1.50,1.50
2014.11.11 17:59:33.343,0.78457,0.78463,1.00,1.00
2014.11.11 17:59:33.870,0.78457,0.78464,1.00,1.25
2014.11.11 17:59:34.074,0.78455,0.78464,1.31,1.31
2014.11.11 17:59:34.607,0.78456,0.78464,1.00,1.25
2014.11.11 17:59:35.119,0.78456,0.78465,1.00,1.69
2014.11.11 17:59:35.640,0.78455,0.78464,1.25,1.00
2014.11.11 17:59:36.169,0.78457,0.78465,1.00,2.06
2014.11.11 17:59:36.474,0.78455,0.78465,1.12,2.06
2014.11.11 17:59:37.007,0.78455,0.78465,1.31,2.06
2014.11.11 17:59:37.684,0.78456,0.78464,1.25,1.00
2014.11.11 17:59:38.984,0.78455,0.78464,1.69,1.87
2014.11.11 17:59:39.493,0.78456,0.78465,1.00,3.19
2014.11.11 17:59:41.015,0.78457,0.78465,1.00,1.00
2014.11.11 17:59:41.524,0.78456,0.78465,1.00,2.25
2014.11.11 17:59:42.035,0.78455,0.78464,1.69,1.00
2014.11.11 17:59:42.572,0.78456,0.78464,1.50,1.00
2014.11.11 17:59:44.349,0.78456,0.78466,1.50,3.94
2014.11.11 17:59:45.256,0.78456,0.78466,1.50,3.37
2014.11.11 17:59:45.562,0.78456,0.78463,1.50,1.00
2014.11.11 17:59:45.765,0.78455,0.78465,2.44,1.69
2014.11.11 17:59:46.282,0.78455,0.78464,1.69,1.00
2014.11.11 17:59:46.840,0.78456,0.78465,1.00,1.50
2014.11.11 17:59:47.094,0.78455,0.78464,1.00,1.87
2014.11.11 17:59:47.601,0.78453,0.78462,1.19,1.00
2014.11.11 17:59:48.116,0.78454,0.78463,1.00,1.50
2014.11.11 17:59:49.487,0.78455,0.78463,1.12,1.00
2014.11.11 17:59:50.029,0.78455,0.78464,1.00,2.25
2014.11.11 17:59:50.385,0.78457,0.78466,1.50,1.50
2014.11.11 17:59:50.538,0.78458,0.78468,1.50,3.56
2014.11.11 17:59:51.655,0.7846,0.78468,1.50,2.62
2014.11.11 17:59:52.163,0.78459,0.78467,1.00,1.00
2014.11.11 17:59:52.872,0.78457,0.78467,3.19,1.00
2014.11.11 17:59:53.379,0.78458,0.78466,1.69,1.00
2014.11.11 17:59:53.897,0.78459,0.78467,1.25,1.00
2014.11.11 17:59:54.758,0.7846,0.78468,1.00,1.12
2014.11.11 17:59:55.266,0.78461,0.78468,1.00,1.12
2014.11.11 17:59:57.933,0.78461,0.78468,1.00,1.37
2014.11.11 17:59:58.086,0.78459,0.78467,1.00,4.31
2014.11.11 17:59:58.188,0.78457,0.78463,1.00,1.00
2014.11.11 17:59:58.239,0.78455,0.78463,1.50,1.00
2014.11.11 17:59:58.291,0.78457,0.78464,1.00,1.00
2014.11.11 17:59:58.596,0.78455,0.78464,1.00,1.00
2014.11.11 17:59:59.103,0.78455,0.78463,1.00,1.00
2014.11.11 17:59:59.965,0.78454,0.78463,1.69,1.50
