2010.01.11 02:00:01.030,0.9007,0.90095,7.30,2.80
2010.01.11 02:00:01.330,0.90075,0.90095,2.40,1.60
2010.01.11 02:00:01.620,0.90075,0.901,5.70,2.80
2010.01.11 02:00:01.919,0.90075,0.901,6.10,2.80
2010.01.11 02:00:02.769,0.90075,0.901,7.30,2.80
2010.01.11 02:00:03.729,0.90075,0.901,6.90,2.80
2010.01.11 02:00:04.479,0.90075,0.901,6.90,2.40
2010.01.11 02:00:05.069,0.90075,0.901,7.30,2.40
2010.01.11 02:00:15.696,0.90075,0.901,6.10,5.60
2010.01.11 02:00:15.756,0.90075,0.901,6.10,9.20
2010.01.11 02:00:15.857,0.90075,0.901,5.70,10.40
2010.01.11 02:00:16.206,0.90075,0.901,2.40,10.50
2010.01.11 02:00:18.405,0.90075,0.901,5.60,7.30
2010.01.11 02:00:18.576,0.90075,0.901,5.70,7.20
2010.01.11 02:00:18.685,0.90075,0.901,5.70,10.40
2010.01.11 02:00:18.845,0.90075,0.90105,6.10,27.90
2010.01.11 02:00:18.965,0.90075,0.901,2.40,10.50
2010.01.11 02:00:48.548,0.90075,0.90095,1.00,1.60
2010.01.11 02:00:48.718,0.9007,0.9009,8.90,1.00
2010.01.11 02:00:48.998,0.9007,0.9008,4.00,1.00
2010.01.11 02:00:49.168,0.90065,0.9008,8.00,4.00
2010.01.11 02:00:49.398,0.9006,0.9008,2.00,1.00
2010.01.11 02:00:49.608,0.90065,0.9008,1.60,1.00
2010.01.11 02:01:01.295,0.90065,0.9008,1.60,4.00
2010.01.11 02:01:03.835,0.9006,0.9008,1.60,4.00
2010.01.11 02:01:07.434,0.90065,0.9008,1.60,1.00
2010.01.11 02:01:11.933,0.90065,0.90085,1.60,4.00
2010.01.11 02:01:14.352,0.90065,0.90085,1.60,4.40
2010.01.11 02:01:14.462,0.90065,0.90085,1.60,1.00
2010.01.11 02:01:19.951,0.90065,0.90085,1.60,2.80
2010.01.11 02:01:20.061,0.90065,0.9008,1.60,1.00
2010.01.11 02:01:22.710,0.90065,0.90085,1.60,1.20
2010.01.11 02:01:23.640,0.90065,0.9008,1.60,1.00
2010.01.11 02:01:23.930,0.90065,0.90085,1.60,1.30
2010.01.11 02:01:24.170,0.90065,0.90085,1.60,1.20
2010.01.11 02:01:44.785,0.90065,0.9009,5.70,20.70
2010.01.11 02:01:44.905,0.90065,0.9009,5.70,19.30
2010.01.11 02:01:45.085,0.9007,0.90085,1.60,1.00
2010.01.11 02:01:51.243,0.9007,0.9009,1.60,4.50
2010.01.11 02:01:51.583,0.9007,0.9009,1.60,4.10
2010.01.11 02:01:53.523,0.9007,0.90085,1.60,1.00
2010.01.11 02:01:53.743,0.90065,0.90085,2.50,1.00
2010.01.11 02:01:53.923,0.90065,0.9009,5.70,12.10
2010.01.11 02:01:54.103,0.90065,0.9009,5.70,11.70
2010.01.11 02:01:56.412,0.90065,0.90085,2.50,1.00
2010.01.11 02:01:59.691,0.90065,0.9009,5.70,7.60
2010.01.11 02:01:59.871,0.9007,0.9009,1.60,6.00
2010.01.11 02:01:59.931,0.9007,0.9009,1.60,2.40
2010.01.11 02:02:04.820,0.9007,0.9009,1.60,2.40
2010.01.11 02:02:04.940,0.9007,0.9009,1.60,2.50
2010.01.11 02:02:05.110,0.9007,0.9009,1.60,5.70
2010.01.11 02:02:05.280,0.90065,0.9009,2.50,7.30
2010.01.11 02:02:05.460,0.90065,0.9009,2.50,11.30
2010.01.11 02:02:06.429,0.90065,0.9009,5.70,8.10
2010.01.11 02:02:06.660,0.9007,0.9009,1.60,6.40
2010.01.11 02:02:07.010,0.9007,0.9009,1.60,2.40
2010.01.11 02:02:08.119,0.90065,0.9009,5.70,4.00
2010.01.11 02:02:08.409,0.90065,0.9009,6.90,4.00
2010.01.11 02:02:25.915,0.9007,0.9009,1.70,2.40
2010.01.11 02:02:26.205,0.9007,0.9009,1.70,2.50
2010.01.11 02:02:26.555,0.9007,0.9009,1.60,2.50
2010.01.11 02:02:26.835,0.9007,0.9009,1.70,2.40
2010.01.11 02:02:27.494,0.9007,0.9009,1.60,2.50
2010.01.11 02:02:27.844,0.9007,0.9009,1.70,2.40
2010.01.11 02:02:29.964,0.9007,0.9009,1.70,2.50
2010.01.11 02:02:53.098,0.9007,0.9009,2.50,1.60
2010.01.11 02:02:53.208,0.90075,0.9009,1.60,1.60
2010.01.11 02:02:53.618,0.90075,0.9009,1.60,2.40
2010.01.11 02:02:53.728,0.9007,0.9009,1.70,2.40
2010.01.11 02:02:53.838,0.9007,0.9009,2.50,1.60
2010.01.11 02:02:55.758,0.9007,0.9009,2.40,1.60
2010.01.11 02:02:55.928,0.90075,0.9009,1.60,1.60
2010.01.11 02:02:58.847,0.90075,0.9009,1.70,1.60
2010.01.11 02:03:06.655,0.90075,0.9009,2.50,1.60
2010.01.11 02:03:15.403,0.90075,0.9009,1.70,1.60
2010.01.11 02:03:24.651,0.90075,0.9009,2.50,1.60
2010.01.11 02:03:26.770,0.90075,0.9009,1.70,1.60
2010.01.11 02:03:28.810,0.90075,0.9009,1.60,1.60
2010.01.11 02:03:28.979,0.90075,0.9009,1.70,1.60
2010.01.11 02:03:29.680,0.90075,0.9009,2.50,1.60
2010.01.11 02:03:33.359,0.90075,0.9009,5.70,1.60
2010.01.11 02:03:33.529,0.9008,0.90095,1.00,1.00
2010.01.11 02:03:33.649,0.9008,0.90095,1.60,1.00
2010.01.11 02:03:33.809,0.90075,0.901,7.60,16.50
2010.01.11 02:03:33.969,0.90075,0.901,5.60,9.30
2010.01.11 02:03:34.268,0.90075,0.901,5.70,9.30
2010.01.11 02:03:34.568,0.90075,0.90095,2.50,1.00
2010.01.11 02:03:36.078,0.90075,0.90095,2.50,1.00
2010.01.11 02:03:36.308,0.90075,0.901,2.50,9.30
2010.01.11 02:03:38.237,0.90075,0.901,5.70,9.30
2010.01.11 02:03:38.397,0.90075,0.901,5.70,9.20
2010.01.11 02:03:38.517,0.90075,0.901,5.70,5.60
2010.01.11 02:03:38.807,0.90075,0.901,9.70,2.40
2010.01.11 02:03:39.107,0.90075,0.901,13.70,2.40
2010.01.11 02:03:39.627,0.90075,0.901,14.90,2.40
2010.01.11 02:03:40.567,0.90075,0.901,13.70,2.40
2010.01.11 02:03:41.817,0.90075,0.901,14.90,2.40
2010.01.11 02:03:42.676,0.90075,0.901,14.90,5.60
2010.01.11 02:03:42.796,0.90075,0.901,6.90,5.60
2010.01.11 02:03:42.966,0.90075,0.901,5.70,5.60
2010.01.11 02:03:44.066,0.90075,0.901,5.70,5.70
2010.01.11 02:03:46.275,0.90075,0.901,2.50,5.70
2010.01.11 02:03:46.675,0.90075,0.901,5.70,5.70
2010.01.11 02:03:47.005,0.90075,0.901,5.70,2.50
2010.01.11 02:03:48.045,0.9008,0.901,1.00,2.50
2010.01.11 02:03:48.735,0.9008,0.901,1.00,2.40
2010.01.11 02:03:48.845,0.9008,0.901,1.00,2.50
2010.01.11 02:03:57.673,0.90075,0.901,2.50,9.30
2010.01.11 02:03:58.023,0.90075,0.901,5.70,9.30
2010.01.11 02:04:02.681,0.90075,0.901,5.70,2.50
2010.01.11 02:04:03.381,0.90075,0.901,5.70,5.70
2010.01.11 02:04:03.551,0.90075,0.901,5.70,9.30
2010.01.11 02:04:08.240,0.90075,0.901,5.70,5.70
2010.01.11 02:04:08.830,0.90075,0.901,5.70,2.50
2010.01.11 02:04:09.680,0.90075,0.901,6.90,2.50
2010.01.11 02:04:09.920,0.9008,0.901,1.00,2.50
2010.01.11 02:04:22.047,0.9008,0.901,1.00,7.30
2010.01.11 02:04:41.442,0.90075,0.901,7.30,7.30
2010.01.11 02:04:41.562,0.90075,0.901,2.50,10.90
2010.01.11 02:04:41.912,0.90075,0.901,2.50,14.90
2010.01.11 02:04:42.262,0.90075,0.901,5.70,13.30
2010.01.11 02:04:42.612,0.90075,0.901,5.70,6.00
2010.01.11 02:04:42.962,0.90075,0.901,5.70,2.80
2010.01.11 02:04:43.722,0.90075,0.901,5.60,2.80
2010.01.11 02:04:43.832,0.90075,0.901,5.70,2.80
2010.01.11 02:04:44.661,0.90075,0.90105,6.90,24.10
2010.01.11 02:04:50.130,0.90075,0.901,6.90,2.40
2010.01.11 02:04:57.918,0.90075,0.901,6.90,2.80
2010.01.11 02:04:59.828,0.90075,0.901,6.90,2.40
2010.01.11 02:05:01.747,0.9008,0.901,1.00,2.40
2010.01.11 02:05:02.087,0.9008,0.901,1.00,2.40
2010.01.11 02:05:02.387,0.90075,0.901,6.80,2.50
2010.01.11 02:05:02.567,0.90075,0.901,7.90,5.70
2010.01.11 02:05:02.687,0.90075,0.901,6.70,5.70
2010.01.11 02:05:05.746,0.90075,0.901,6.90,5.60
2010.01.11 02:05:12.765,0.90075,0.901,3.70,11.30
2010.01.11 02:05:12.945,0.90075,0.901,2.50,11.30
2010.01.11 02:05:17.474,0.90075,0.901,5.70,2.80
2010.01.11 02:05:18.173,0.90075,0.901,5.70,6.00
2010.01.11 02:05:19.633,0.90075,0.901,6.90,6.00
2010.01.11 02:05:19.753,0.9008,0.901,1.00,6.00
2010.01.11 02:05:20.323,0.90075,0.901,6.90,9.30
2010.01.11 02:05:20.383,0.90075,0.90095,1.70,1.00
2010.01.11 02:05:28.401,0.90075,0.901,2.50,16.10
2010.01.11 02:05:28.571,0.90075,0.901,2.50,14.50
2010.01.11 02:05:28.731,0.90075,0.901,2.50,6.10
2010.01.11 02:05:31.031,0.90075,0.90095,1.60,4.10
2010.01.11 02:05:31.270,0.9007,0.90095,10.10,2.50
2010.01.11 02:05:31.550,0.90075,0.90095,1.60,2.50
2010.01.11 02:05:31.830,0.90075,0.9009,1.60,1.00
2010.01.11 02:05:32.180,0.9007,0.9009,2.50,1.00
2010.01.11 02:05:36.709,0.90075,0.9009,1.60,1.00
2010.01.11 02:05:36.829,0.90075,0.90095,1.60,6.10
2010.01.11 02:05:37.169,0.90075,0.90095,1.60,2.50
2010.01.11 02:05:48.926,0.9007,0.90095,10.10,2.50
2010.01.11 02:05:54.605,0.90075,0.90095,1.90,1.70
2010.01.11 02:05:54.895,0.90075,0.901,10.10,12.00
2010.01.11 02:05:55.245,0.9008,0.901,2.10,5.60
2010.01.11 02:05:55.424,0.9008,0.901,2.10,1.60
2010.01.11 02:05:55.664,0.9008,0.90105,3.70,5.60
2010.01.11 02:06:08.511,0.9008,0.90105,3.70,7.20
2010.01.11 02:06:08.621,0.9008,0.901,3.50,1.00
2010.01.11 02:06:08.961,0.9008,0.901,2.40,1.00
2010.01.11 02:06:28.186,0.9008,0.901,1.00,2.40
2010.01.11 02:06:29.346,0.90075,0.901,13.30,2.40
2010.01.11 02:06:29.516,0.90075,0.901,11.70,2.40
2010.01.11 02:06:30.806,0.90075,0.901,11.70,2.50
2010.01.11 02:06:31.126,0.9008,0.901,1.00,2.50
2010.01.11 02:06:31.866,0.9008,0.901,2.40,1.00
2010.01.11 02:06:33.345,0.9008,0.901,1.00,2.50
2010.01.11 02:06:33.405,0.90075,0.901,11.50,2.50
2010.01.11 02:06:33.456,0.90075,0.901,11.50,5.70
2010.01.11 02:06:34.045,0.90075,0.901,8.30,5.70
2010.01.11 02:06:34.205,0.90075,0.901,6.70,5.70
2010.01.11 02:06:38.224,0.90075,0.901,9.90,5.70
2010.01.11 02:06:49.052,0.90075,0.901,9.90,2.50
2010.01.11 02:06:49.231,0.90075,0.901,8.80,5.70
2010.01.11 02:06:49.461,0.90075,0.90095,5.60,1.00
2010.01.11 02:06:49.681,0.90075,0.90095,5.60,1.00
2010.01.11 02:06:49.861,0.90075,0.90095,1.60,2.50
2010.01.11 02:06:50.141,0.90075,0.90095,1.60,5.70
2010.01.11 02:06:50.521,0.9007,0.90095,2.40,5.70
2010.01.11 02:06:50.861,0.9007,0.90095,6.70,2.50
2010.01.11 02:06:51.211,0.9007,0.90095,6.70,2.40
2010.01.11 02:06:54.250,0.90075,0.90095,1.60,2.40
2010.01.11 02:06:56.810,0.90075,0.90095,1.70,2.40
2010.01.11 02:07:05.678,0.90075,0.90095,1.60,2.40
2010.01.11 02:07:06.558,0.90075,0.90095,1.60,1.00
2010.01.11 02:07:07.427,0.90075,0.90095,1.60,2.40
2010.01.11 02:07:30.012,0.90075,0.90095,1.60,1.00
2010.01.11 02:07:31.811,0.90075,0.90095,1.70,1.00
2010.01.11 02:07:36.580,0.90075,0.90095,1.70,2.40
2010.01.11 02:07:37.050,0.90075,0.90095,1.60,2.40
2010.01.11 02:07:40.599,0.9007,0.90095,6.70,5.60
2010.01.11 02:07:40.769,0.9007,0.90095,6.70,2.40
2010.01.11 02:07:40.999,0.9007,0.90095,6.70,5.60
2010.01.11 02:07:41.229,0.9007,0.90095,6.70,2.40
2010.01.11 02:07:41.649,0.9007,0.90095,6.70,5.60
2010.01.11 02:07:41.889,0.9007,0.90095,6.70,2.40
2010.01.11 02:07:42.129,0.9007,0.90095,6.70,5.60
2010.01.11 02:07:42.519,0.9007,0.90095,6.70,2.40
2010.01.11 02:07:43.219,0.9007,0.90095,6.70,5.60
2010.01.11 02:07:43.329,0.9007,0.90095,6.70,2.40
2010.01.11 02:07:43.439,0.9007,0.90095,3.50,5.60
2010.01.11 02:07:43.558,0.9007,0.90095,3.50,5.70
2010.01.11 02:07:43.839,0.9007,0.90095,3.50,5.60
2010.01.11 02:07:43.948,0.9007,0.90095,6.70,2.40
2010.01.11 02:07:45.058,0.9007,0.90095,3.50,6.90
2010.01.11 02:07:45.448,0.9007,0.90095,2.40,6.90
2010.01.11 02:07:46.178,0.9007,0.90095,3.50,6.90
2010.01.11 02:07:46.458,0.9007,0.90095,3.50,6.90
2010.01.11 02:07:47.268,0.9007,0.90095,3.50,5.70
2010.01.11 02:07:56.905,0.9007,0.9009,3.50,1.00
2010.01.11 02:07:57.255,0.90065,0.9009,12.10,5.70
2010.01.11 02:07:57.595,0.90065,0.9009,10.10,5.70
2010.01.11 02:07:58.245,0.9007,0.9009,1.60,1.00
2010.01.11 02:07:58.475,0.9007,0.9009,1.60,1.00
2010.01.11 02:08:02.954,0.9007,0.90095,5.70,5.60
2010.01.11 02:08:03.464,0.9007,0.9009,2.40,1.00
2010.01.11 02:08:03.524,0.9007,0.90095,2.40,5.70
2010.01.11 02:08:03.763,0.9007,0.90095,9.90,2.50
2010.01.11 02:08:04.983,0.9007,0.90095,10.10,2.50
2010.01.11 02:08:07.483,0.9007,0.90095,9.90,5.70
2010.01.11 02:08:10.192,0.9007,0.90095,10.10,2.50
2010.01.11 02:08:11.452,0.9007,0.90095,9.90,5.70
2010.01.11 02:08:11.692,0.9007,0.90095,9.90,2.50
2010.01.11 02:08:11.871,0.9007,0.90095,9.90,5.70
2010.01.11 02:08:12.212,0.9007,0.90095,9.90,2.50
2010.01.11 02:08:12.561,0.9007,0.90095,9.90,5.70
2010.01.11 02:08:13.271,0.9007,0.90095,9.90,2.50
2010.01.11 02:08:13.621,0.9007,0.90095,9.90,5.70
2010.01.11 02:08:13.681,0.9007,0.90095,9.90,2.50
2010.01.11 02:08:13.921,0.9007,0.90095,9.90,5.70
2010.01.11 02:08:17.580,0.90075,0.90095,1.60,2.40
2010.01.11 02:08:50.222,0.9007,0.90095,10.10,2.40
2010.01.11 02:08:50.383,0.9007,0.90095,9.90,2.40
2010.01.11 02:08:50.552,0.9007,0.90095,9.90,5.60
2010.01.11 02:08:50.672,0.9007,0.90095,6.70,5.60
2010.01.11 02:08:50.782,0.9007,0.90095,6.70,2.40
2010.01.11 02:08:55.321,0.9007,0.90095,6.70,5.60
2010.01.11 02:08:55.611,0.9007,0.90095,6.70,2.40
2010.01.11 02:08:55.731,0.9007,0.90095,6.70,5.60
2010.01.11 02:08:56.071,0.9007,0.90095,6.70,2.40
2010.01.11 02:08:56.291,0.9007,0.90095,6.70,5.60
2010.01.11 02:08:56.581,0.9007,0.90095,6.70,2.40
2010.01.11 02:08:56.921,0.9007,0.90095,6.70,5.60
2010.01.11 02:08:57.910,0.9007,0.90095,6.70,5.70
2010.01.11 02:09:14.487,0.9007,0.90095,6.90,2.40
2010.01.11 02:09:15.016,0.9007,0.90095,6.70,2.40
2010.01.11 02:09:15.246,0.9007,0.90095,6.90,2.40
2010.01.11 02:09:16.066,0.9007,0.90095,6.70,2.40
2010.01.11 02:09:16.186,0.9007,0.90095,6.90,2.40
2010.01.11 02:09:16.426,0.9007,0.90095,6.90,5.60
2010.01.11 02:09:16.536,0.9007,0.90095,6.70,5.60
2010.01.11 02:09:18.196,0.9007,0.9009,3.50,1.00
2010.01.11 02:09:25.724,0.9007,0.90095,6.70,5.70
2010.01.11 02:09:32.022,0.9007,0.9009,3.50,1.00
2010.01.11 02:09:32.742,0.90065,0.9009,15.30,2.50
2010.01.11 02:09:33.012,0.90065,0.9009,5.70,2.50
2010.01.11 02:09:33.252,0.90065,0.9009,6.90,5.70
2010.01.11 02:09:35.231,0.90065,0.9009,3.50,5.70
2010.01.11 02:09:37.541,0.9006,0.90085,20.10,2.50
2010.01.11 02:09:37.881,0.90065,0.90085,2.40,2.50
2010.01.11 02:09:38.221,0.90065,0.90085,2.40,2.40
2010.01.11 02:09:38.441,0.90065,0.90085,2.40,2.40
2010.01.11 02:09:38.621,0.90065,0.90085,2.40,2.40
2010.01.11 02:09:38.731,0.90065,0.90085,2.40,1.00
2010.01.11 02:09:39.021,0.90065,0.90085,1.60,1.00
2010.01.11 02:09:39.300,0.9006,0.90085,6.70,2.50
2010.01.11 02:09:39.650,0.9006,0.90085,6.70,5.70
2010.01.11 02:10:12.063,0.9006,0.9008,3.50,1.00
2010.01.11 02:10:12.343,0.9006,0.90085,6.70,5.70
2010.01.11 02:10:12.632,0.9006,0.90085,5.60,6.10
2010.01.11 02:10:12.872,0.9006,0.90085,5.60,5.70
2010.01.11 02:10:13.142,0.9006,0.90085,5.70,2.40
2010.01.11 02:10:14.102,0.90055,0.90085,24.30,5.60
2010.01.11 02:10:14.442,0.9006,0.90085,6.70,2.40
2010.01.11 02:10:15.082,0.9006,0.90085,6.70,5.60
2010.01.11 02:10:15.722,0.9006,0.90085,9.90,5.60
2010.01.11 02:10:16.072,0.9006,0.90085,9.90,5.70
2010.01.11 02:10:16.302,0.9006,0.90085,9.90,5.60
2010.01.11 02:10:16.602,0.9006,0.9008,3.50,1.00
2010.01.11 02:10:16.881,0.9006,0.90085,6.70,6.10
2010.01.11 02:10:17.181,0.9006,0.90085,6.70,5.70
2010.01.11 02:10:18.201,0.9006,0.90085,6.90,5.60
2010.01.11 02:10:18.721,0.9006,0.90085,6.70,5.70
2010.01.11 02:10:19.001,0.9006,0.90085,6.90,5.60
2010.01.11 02:10:19.171,0.9006,0.90085,6.70,5.70
2010.01.11 02:10:20.320,0.9006,0.9008,3.50,1.00
2010.01.11 02:10:20.821,0.9006,0.90085,6.70,5.70
2010.01.11 02:10:22.090,0.9006,0.90085,6.70,6.10
2010.01.11 02:10:22.441,0.9006,0.90085,8.10,2.40
2010.01.11 02:10:22.790,0.9006,0.90085,5.90,2.40
2010.01.11 02:10:23.080,0.90065,0.90085,2.40,2.80
2010.01.11 02:10:23.310,0.90065,0.90085,2.40,1.20
2010.01.11 02:10:25.090,0.90065,0.90085,1.60,9.30
2010.01.11 02:10:25.359,0.9006,0.90085,5.60,5.60
2010.01.11 02:10:27.059,0.9006,0.90085,5.60,5.70
2010.01.11 02:10:27.399,0.90065,0.90085,1.60,2.40
2010.01.11 02:10:31.298,0.90065,0.9008,1.60,1.00
2010.01.11 02:10:31.638,0.9006,0.9008,2.40,1.00
2010.01.11 02:10:31.998,0.9006,0.90085,5.60,6.00
2010.01.11 02:10:32.508,0.9006,0.90085,5.60,5.70
2010.01.11 02:10:35.397,0.9006,0.90085,6.70,5.70
2010.01.11 02:10:47.014,0.9006,0.90085,5.60,5.70
2010.01.11 02:10:47.344,0.90055,0.9008,18.10,2.40
2010.01.11 02:10:47.734,0.90055,0.90075,10.40,1.00
2010.01.11 02:10:48.074,0.90055,0.90075,2.40,1.00
2010.01.11 02:10:48.244,0.90055,0.90075,2.40,1.70
2010.01.11 02:10:48.474,0.90055,0.90075,2.40,1.00
2010.01.11 02:10:48.814,0.90055,0.90075,6.70,1.00
2010.01.11 02:10:49.034,0.90055,0.9008,6.70,13.70
2010.01.11 02:10:49.384,0.90055,0.9008,10.10,2.40
2010.01.11 02:10:56.013,0.90055,0.9008,6.90,5.60
2010.01.11 02:10:56.122,0.90055,0.9008,6.70,5.70
2010.01.11 02:10:56.422,0.9005,0.9008,21.90,5.70
2010.01.11 02:10:56.482,0.90055,0.9008,2.40,5.70
2010.01.11 02:10:57.172,0.90055,0.9008,3.50,5.70
2010.01.11 02:10:59.651,0.90055,0.9008,2.40,5.70
2010.01.11 02:11:05.490,0.90055,0.9008,5.60,6.10
2010.01.11 02:11:05.840,0.90055,0.9008,5.60,2.80
2010.01.11 02:11:06.010,0.90055,0.9008,5.60,6.00
2010.01.11 02:11:07.139,0.90055,0.9008,5.70,6.00
2010.01.11 02:11:09.229,0.90055,0.9008,6.90,6.00
2010.01.11 02:11:13.388,0.90055,0.9008,6.80,9.20
2010.01.11 02:11:13.678,0.90055,0.9008,5.60,9.20
2010.01.11 02:11:16.787,0.90055,0.9008,5.60,6.00
2010.01.11 02:11:17.027,0.90055,0.9008,5.70,2.80
2010.01.11 02:11:17.307,0.90055,0.9008,5.70,2.40
2010.01.11 02:11:19.247,0.90055,0.9008,6.90,2.40
2010.01.11 02:11:26.765,0.90055,0.90085,5.70,22.70
2010.01.11 02:11:26.945,0.90055,0.9008,5.70,2.80
2010.01.11 02:11:27.644,0.90055,0.9008,5.70,6.00
2010.01.11 02:11:38.772,0.90055,0.90075,1.70,1.00
2010.01.11 02:11:38.832,0.90055,0.90075,1.60,1.00
2010.01.11 02:11:39.222,0.9005,0.90075,5.60,2.50
2010.01.11 02:11:40.891,0.9005,0.90075,5.60,2.90
2010.01.11 02:11:42.221,0.9005,0.90075,9.70,2.40
2010.01.11 02:11:42.461,0.90055,0.90075,2.40,2.40
2010.01.11 02:11:42.731,0.90055,0.90075,1.00,2.40
2010.01.11 02:11:42.951,0.90055,0.90075,1.60,5.60
2010.01.11 02:11:43.351,0.90055,0.90075,1.00,9.70
2010.01.11 02:11:43.691,0.9005,0.90075,6.00,10.00
2010.01.11 02:11:44.031,0.9005,0.90075,5.60,6.80
2010.01.11 02:11:44.370,0.9005,0.90075,5.60,10.00
2010.01.11 02:11:48.999,0.9005,0.90075,5.70,9.20
2010.01.11 02:12:03.446,0.90055,0.90075,5.60,1.00
2010.01.11 02:12:03.796,0.90055,0.9008,5.60,2.90
2010.01.11 02:12:04.915,0.90055,0.9008,5.70,2.90
2010.01.11 02:12:09.364,0.90055,0.90075,1.70,1.00
2010.01.11 02:12:09.544,0.9005,0.9007,15.10,1.00
2010.01.11 02:12:09.715,0.9005,0.9007,5.60,1.30
2010.01.11 02:12:10.254,0.9005,0.9007,1.60,1.30
2010.01.11 02:12:10.654,0.9005,0.9007,1.60,4.50
2010.01.11 02:12:11.984,0.90055,0.90075,1.60,19.30
2010.01.11 02:12:12.394,0.90055,0.9007,1.60,1.00
2010.01.11 02:12:12.743,0.9005,0.9007,5.70,1.00
2010.01.11 02:12:13.933,0.9005,0.9007,2.50,1.00
2010.01.11 02:12:14.213,0.9005,0.9007,2.40,1.00
2010.01.11 02:12:15.893,0.9005,0.9007,1.60,1.00
2010.01.11 02:12:20.682,0.90055,0.9007,1.60,1.00
2010.01.11 02:12:20.902,0.9005,0.9007,4.00,1.00
2010.01.11 02:12:21.141,0.9005,0.9007,1.60,1.00
2010.01.11 02:12:22.161,0.90055,0.90075,1.60,15.30
2010.01.11 02:12:22.451,0.90055,0.90075,2.40,6.50
2010.01.11 02:12:22.801,0.90055,0.90075,1.60,2.50
2010.01.11 02:12:24.301,0.90055,0.90075,1.60,6.40
2010.01.11 02:12:24.411,0.90055,0.90075,1.60,6.50
2010.01.11 02:12:24.741,0.90055,0.90075,1.60,2.50
2010.01.11 02:12:29.319,0.90055,0.90075,2.40,2.50
2010.01.11 02:12:29.649,0.90055,0.90075,1.60,2.50
2010.01.11 02:12:30.350,0.90055,0.90075,2.40,2.50
2010.01.11 02:12:30.989,0.90055,0.90075,1.60,2.50
2010.01.11 02:12:31.319,0.90055,0.90075,1.60,6.50
2010.01.11 02:12:31.599,0.90055,0.90075,1.60,2.50
2010.01.11 02:12:55.193,0.90055,0.90075,2.40,1.60
2010.01.11 02:12:56.863,0.90055,0.90075,2.40,1.70
2010.01.11 02:13:09.140,0.90055,0.90075,1.60,2.50
2010.01.11 02:13:33.204,0.9006,0.90075,1.60,1.60
2010.01.11 02:13:33.544,0.9006,0.90075,1.60,1.70
2010.01.11 02:13:33.774,0.9006,0.90075,1.60,1.60
2010.01.11 02:13:37.033,0.9006,0.90075,1.60,1.70
2010.01.11 02:13:58.438,0.9006,0.90075,1.60,1.60
2010.01.11 02:14:01.787,0.9006,0.90075,1.60,1.70
2010.01.11 02:14:05.417,0.90055,0.90075,4.10,1.60
2010.01.11 02:14:05.656,0.9006,0.90075,1.60,1.70
2010.01.11 02:14:34.939,0.9006,0.90075,1.60,1.60
2010.01.11 02:14:35.349,0.9006,0.9008,3.20,7.20
2010.01.11 02:14:35.629,0.9006,0.90075,1.60,1.60
2010.01.11 02:14:36.809,0.9006,0.90075,1.60,1.70
2010.01.11 02:15:10.521,0.9006,0.90075,1.60,1.60
2010.01.11 02:15:10.700,0.9006,0.90075,1.60,1.70
2010.01.11 02:15:11.100,0.9006,0.90075,1.60,1.60
2010.01.11 02:15:15.969,0.9006,0.90075,1.60,1.70
2010.01.11 02:15:30.306,0.9006,0.90075,1.60,1.60
2010.01.11 02:15:38.354,0.90055,0.90075,4.10,1.70
2010.01.11 02:15:38.913,0.90055,0.90075,4.10,1.60
2010.01.11 02:15:39.194,0.90055,0.90075,3.30,1.60
2010.01.11 02:15:40.333,0.90055,0.90075,4.10,1.60
2010.01.11 02:15:41.263,0.90055,0.90075,3.30,1.60
2010.01.11 02:15:42.113,0.90055,0.90075,4.10,1.60
2010.01.11 02:15:43.962,0.90055,0.90075,4.10,1.70
2010.01.11 02:15:44.772,0.90055,0.90075,3.30,1.70
2010.01.11 02:15:44.993,0.90055,0.90075,3.30,1.60
2010.01.11 02:15:49.201,0.90055,0.90075,4.10,1.60
2010.01.11 02:15:50.891,0.90055,0.90075,4.10,1.70
2010.01.11 02:15:51.351,0.90055,0.90075,3.30,1.70
2010.01.11 02:15:51.410,0.90055,0.90075,3.30,1.60
2010.01.11 02:15:54.660,0.9006,0.90075,1.60,1.60
2010.01.11 02:15:55.280,0.9006,0.90075,1.60,1.70
2010.01.11 02:15:55.620,0.9006,0.90075,1.60,1.60
2010.01.11 02:15:55.959,0.90055,0.90075,5.50,1.60
2010.01.11 02:15:56.350,0.9006,0.90075,1.60,1.60
2010.01.11 02:15:56.649,0.90055,0.90075,5.30,1.60
2010.01.11 02:15:56.999,0.9006,0.90075,1.60,1.60
2010.01.11 02:15:57.329,0.90065,0.90075,1.60,1.60
2010.01.11 02:15:58.069,0.9006,0.90075,1.60,1.70
2010.01.11 02:15:58.659,0.90065,0.90075,1.60,1.70
2010.01.11 02:15:58.779,0.90065,0.90075,1.60,1.60
2010.01.11 02:15:59.529,0.9006,0.90075,1.60,1.60
2010.01.11 02:16:01.918,0.90065,0.90075,1.60,1.60
2010.01.11 02:16:05.237,0.9006,0.90075,3.30,1.60
2010.01.11 02:16:05.577,0.9006,0.90075,3.20,1.60
2010.01.11 02:16:05.797,0.9006,0.90075,1.60,1.60
2010.01.11 02:16:06.827,0.9006,0.90075,1.60,1.60
2010.01.11 02:16:06.997,0.9006,0.90075,1.60,1.70
2010.01.11 02:16:10.966,0.90055,0.90075,3.50,1.70
2010.01.11 02:16:11.086,0.90055,0.90075,1.60,2.50
2010.01.11 02:16:11.836,0.90055,0.90075,1.60,4.10
2010.01.11 02:16:12.066,0.90055,0.90075,1.60,2.50
2010.01.11 02:16:12.655,0.90055,0.90075,1.60,4.10
2010.01.11 02:16:13.005,0.90055,0.90075,1.60,2.50
2010.01.11 02:16:18.024,0.90055,0.9008,1.60,16.00
2010.01.11 02:16:18.364,0.90055,0.90075,1.60,2.40
2010.01.11 02:16:20.114,0.90055,0.90075,1.60,2.50
2010.01.11 02:16:20.913,0.90055,0.90075,1.60,1.70
2010.01.11 02:16:21.083,0.90055,0.90075,1.60,2.50
2010.01.11 02:16:21.463,0.90055,0.90075,1.60,1.70
2010.01.11 02:16:21.643,0.90055,0.90075,1.60,2.50
2010.01.11 02:16:21.814,0.90055,0.90075,1.60,1.70
2010.01.11 02:16:21.993,0.90055,0.90075,1.60,2.50
2010.01.11 02:16:22.823,0.90055,0.90075,1.60,1.70
2010.01.11 02:16:23.123,0.90055,0.90075,1.60,2.50
2010.01.11 02:16:23.473,0.90055,0.90075,1.60,1.70
2010.01.11 02:16:23.823,0.90055,0.90075,1.60,2.50
2010.01.11 02:16:24.233,0.90055,0.90075,1.60,1.70
2010.01.11 02:16:24.633,0.90055,0.90075,1.60,2.50
2010.01.11 02:16:24.872,0.90055,0.90075,1.60,1.70
2010.01.11 02:16:25.203,0.90055,0.90075,1.60,2.50
2010.01.11 02:16:27.872,0.90055,0.90075,1.60,2.90
2010.01.11 02:16:28.222,0.90055,0.90075,1.60,6.10
2010.01.11 02:16:28.572,0.90055,0.90075,1.60,7.70
2010.01.11 02:16:28.892,0.90055,0.90075,1.60,9.30
2010.01.11 02:16:29.242,0.90055,0.90075,1.60,7.70
2010.01.11 02:16:29.981,0.90055,0.90075,1.60,10.90
2010.01.11 02:16:30.101,0.90055,0.9007,1.60,1.00
2010.01.11 02:16:30.851,0.90055,0.90075,1.60,6.50
2010.01.11 02:16:31.181,0.90055,0.90075,1.60,2.50
2010.01.11 02:16:34.880,0.90055,0.90075,1.60,1.60
2010.01.11 02:16:35.970,0.90055,0.90075,1.60,1.70
2010.01.11 02:16:37.509,0.90055,0.90075,1.60,2.50
2010.01.11 02:16:37.729,0.90055,0.90075,1.60,5.70
2010.01.11 02:16:38.059,0.90055,0.90075,1.60,2.50
2010.01.11 02:16:38.799,0.90055,0.90075,1.60,7.70
2010.01.11 02:16:38.909,0.90055,0.90075,1.60,4.50
2010.01.11 02:16:39.069,0.90055,0.90075,1.60,8.50
2010.01.11 02:16:39.189,0.90055,0.90075,1.60,7.70
2010.01.11 02:16:39.359,0.90055,0.90075,1.60,8.50
2010.01.11 02:16:39.589,0.90055,0.90075,1.60,7.70
2010.01.11 02:16:39.769,0.90055,0.90075,1.60,7.30
2010.01.11 02:16:40.119,0.90055,0.90075,1.60,2.50
2010.01.11 02:16:40.479,0.90055,0.90075,1.60,13.30
2010.01.11 02:16:40.829,0.90055,0.90075,1.60,8.50
2010.01.11 02:16:40.949,0.90055,0.90075,1.60,6.90
2010.01.11 02:16:42.388,0.90055,0.90075,1.60,10.10
2010.01.11 02:16:42.628,0.90055,0.90075,1.60,11.70
2010.01.11 02:16:42.908,0.90055,0.90075,1.60,10.90
2010.01.11 02:16:43.138,0.90055,0.90075,1.60,8.50
2010.01.11 02:16:43.488,0.90055,0.90075,1.60,6.10
2010.01.11 02:16:43.838,0.90055,0.90075,1.60,16.50
2010.01.11 02:16:44.188,0.90055,0.90075,1.60,11.70
2010.01.11 02:16:44.358,0.90055,0.90075,1.60,6.10
2010.01.11 02:16:44.478,0.90055,0.90075,1.60,9.30
2010.01.11 02:16:44.539,0.90055,0.90075,1.60,13.30
2010.01.11 02:16:44.658,0.90055,0.90075,1.60,11.70
2010.01.11 02:16:44.838,0.90055,0.90075,1.60,14.90
2010.01.11 02:16:45.808,0.90055,0.90075,1.60,13.30
2010.01.11 02:16:46.137,0.90055,0.90075,1.60,16.50
2010.01.11 02:16:46.257,0.90055,0.90075,1.60,13.30
2010.01.11 02:16:46.427,0.90055,0.90075,1.60,16.50
2010.01.11 02:16:46.728,0.90055,0.90075,1.60,14.90
2010.01.11 02:16:47.947,0.90055,0.90075,1.60,11.70
2010.01.11 02:16:48.297,0.90055,0.90075,1.60,14.90
2010.01.11 02:16:49.057,0.90055,0.90075,1.60,10.10
2010.01.11 02:16:49.407,0.90055,0.90075,1.60,11.70
2010.01.11 02:16:49.647,0.90055,0.90075,1.60,14.90
2010.01.11 02:16:49.926,0.90055,0.90075,1.60,11.70
2010.01.11 02:16:50.087,0.90055,0.90075,1.60,14.90
2010.01.11 02:16:50.536,0.90055,0.90075,1.60,11.70
2010.01.11 02:16:50.816,0.90055,0.90075,1.60,14.90
2010.01.11 02:16:51.046,0.90055,0.90075,1.60,11.70
2010.01.11 02:16:51.286,0.90055,0.90075,1.60,14.90
2010.01.11 02:16:52.456,0.90055,0.90075,1.60,11.70
2010.01.11 02:16:53.156,0.90055,0.90075,1.60,6.90
2010.01.11 02:16:58.964,0.9005,0.90075,1.60,8.50
2010.01.11 02:17:01.843,0.9005,0.90075,1.60,8.10
2010.01.11 02:17:02.804,0.90055,0.90075,1.60,6.40
2010.01.11 02:17:03.553,0.90055,0.90075,1.60,2.40
2010.01.11 02:17:04.943,0.90055,0.90075,1.60,2.50
2010.01.11 02:17:17.430,0.90055,0.90075,1.60,1.60
2010.01.11 02:17:19.919,0.90055,0.90075,1.60,1.70
2010.01.11 02:17:20.709,0.9006,0.90075,1.60,1.60
2010.01.11 02:17:21.849,0.9006,0.90075,1.60,1.60
2010.01.11 02:17:22.029,0.9006,0.90075,1.60,1.70
2010.01.11 02:17:22.719,0.9006,0.90075,1.60,1.60
2010.01.11 02:17:25.068,0.9006,0.90075,1.60,1.70
2010.01.11 02:17:25.628,0.9006,0.90075,1.60,1.60
2010.01.11 02:17:27.508,0.9006,0.90075,1.70,1.60
2010.01.11 02:17:27.977,0.9006,0.90075,1.60,1.60
2010.01.11 02:17:28.957,0.9006,0.90075,1.70,1.60
2010.01.11 02:17:30.097,0.9006,0.90075,1.60,1.60
2010.01.11 02:17:36.315,0.9006,0.90075,1.60,1.70
2010.01.11 02:17:53.422,0.9006,0.90075,1.60,1.60
2010.01.11 02:18:23.384,0.90055,0.90075,4.70,1.60
2010.01.11 02:18:23.724,0.90055,0.90075,4.50,1.60
2010.01.11 02:18:24.174,0.9006,0.90075,1.60,1.60
2010.01.11 02:18:32.512,0.9006,0.90075,1.70,1.60
2010.01.11 02:18:32.682,0.9006,0.90075,1.60,1.60
2010.01.11 02:18:33.142,0.90055,0.90075,3.10,1.60
2010.01.11 02:18:33.531,0.9006,0.90075,1.70,1.60
2010.01.11 02:18:55.766,0.90055,0.90075,5.20,1.60
2010.01.11 02:18:56.126,0.9006,0.9008,4.70,2.30
2010.01.11 02:18:56.766,0.90065,0.9008,1.70,2.30
2010.01.11 02:19:03.964,0.90065,0.9008,1.60,2.30
2010.01.11 02:19:04.184,0.90065,0.9008,2.00,2.30
2010.01.11 02:19:04.704,0.90065,0.9008,2.10,2.30
2010.01.11 02:19:04.984,0.90065,0.9008,2.00,2.30
2010.01.11 02:19:05.324,0.90065,0.9008,1.60,2.30
2010.01.11 02:19:05.904,0.90065,0.9008,1.70,2.30
2010.01.11 02:19:14.232,0.9007,0.90095,3.30,2.90
2010.01.11 02:19:15.351,0.9007,0.90095,1.70,11.70
2010.01.11 02:19:15.761,0.9007,0.90095,1.70,8.50
2010.01.11 02:19:16.221,0.9007,0.90095,1.70,4.50
2010.01.11 02:19:16.341,0.9007,0.901,1.70,20.30
2010.01.11 02:19:16.461,0.9007,0.90095,1.70,9.30
2010.01.11 02:19:19.271,0.9007,0.90095,1.60,12.50
2010.01.11 02:19:19.501,0.9007,0.9009,1.60,1.20
2010.01.11 02:19:21.470,0.9007,0.9009,1.60,1.00
2010.01.11 02:19:21.630,0.9007,0.90095,1.60,20.50
2010.01.11 02:19:22.040,0.9007,0.90095,1.60,16.50
2010.01.11 02:19:22.390,0.9007,0.90095,1.60,13.30
2010.01.11 02:19:26.989,0.9007,0.90095,2.40,13.30
2010.01.11 02:19:27.109,0.9007,0.90095,2.50,13.30
2010.01.11 02:19:27.219,0.9007,0.90095,5.70,8.50
2010.01.11 02:19:27.719,0.9007,0.90095,2.40,7.70
2010.01.11 02:19:28.058,0.9007,0.90095,2.40,11.70
2010.01.11 02:19:34.497,0.9007,0.90095,5.70,7.70
2010.01.11 02:19:34.657,0.9007,0.90095,5.70,3.30
2010.01.11 02:19:34.827,0.9007,0.90095,2.50,4.10
2010.01.11 02:19:35.007,0.9007,0.90095,3.30,8.10
2010.01.11 02:19:35.237,0.9007,0.90095,2.90,8.10
2010.01.11 02:19:37.106,0.9007,0.90095,3.30,8.10
2010.01.11 02:19:42.245,0.9007,0.90095,2.90,8.10
2010.01.11 02:19:46.084,0.9007,0.90095,6.50,7.30
2010.01.11 02:19:46.374,0.9007,0.90095,6.50,3.30
2010.01.11 02:19:48.314,0.9007,0.90095,6.10,3.30
2010.01.11 02:19:49.973,0.9007,0.90095,6.10,7.30
2010.01.11 02:19:50.253,0.9007,0.90095,6.10,3.30
2010.01.11 02:19:50.603,0.9007,0.90095,2.80,8.10
2010.01.11 02:19:50.893,0.9007,0.90095,2.80,4.10
2010.01.11 02:19:56.302,0.9007,0.90095,2.00,7.30
2010.01.11 02:19:56.411,0.9007,0.90095,2.00,11.30
2010.01.11 02:19:57.851,0.9007,0.90095,2.80,4.00
2010.01.11 02:19:59.041,0.9007,0.90095,2.80,4.10
2010.01.11 02:19:59.841,0.9007,0.90095,2.80,4.00
2010.01.11 02:20:00.121,0.9007,0.90095,2.80,4.10
2010.01.11 02:20:00.411,0.9007,0.90095,2.80,4.00
2010.01.11 02:20:01.830,0.9007,0.90095,2.90,4.10
2010.01.11 02:20:02.760,0.9007,0.90095,2.90,4.00
2010.01.11 02:20:03.290,0.9007,0.90095,2.90,4.10
2010.01.11 02:20:07.409,0.9007,0.90095,2.80,4.10
2010.01.11 02:20:07.519,0.9007,0.90095,2.00,11.30
2010.01.11 02:20:18.916,0.9007,0.90095,2.80,8.10
2010.01.11 02:20:19.326,0.9007,0.90095,2.80,4.10
2010.01.11 02:20:19.966,0.90065,0.90095,23.90,7.30
2010.01.11 02:20:20.306,0.9007,0.90095,2.00,11.30
2010.01.11 02:20:21.756,0.9007,0.90095,2.00,11.20
2010.01.11 02:20:21.875,0.9007,0.90095,2.00,11.30
2010.01.11 02:20:45.700,0.9007,0.90095,1.60,11.30
2010.01.11 02:20:46.050,0.9007,0.90095,1.60,14.90
2010.01.11 02:21:21.251,0.9007,0.90095,1.60,10.90
2010.01.11 02:21:22.111,0.9007,0.90095,1.60,10.80
2010.01.11 02:21:29.019,0.90065,0.9009,9.10,1.60
2010.01.11 02:21:29.479,0.90065,0.9009,12.30,1.60
2010.01.11 02:21:31.579,0.90065,0.9009,13.90,1.60
2010.01.11 02:21:38.527,0.9007,0.90095,1.60,7.70
2010.01.11 02:22:09.070,0.9007,0.90095,2.00,7.70
2010.01.11 02:22:16.728,0.9007,0.90095,2.00,10.90
2010.01.11 02:22:37.163,0.9007,0.90095,2.80,4.10
2010.01.11 02:22:37.273,0.9007,0.90095,2.90,4.00
2010.01.11 02:22:39.202,0.9007,0.90095,2.90,4.10
2010.01.11 02:22:55.259,0.90075,0.90095,1.60,4.50
2010.01.11 02:22:55.548,0.90075,0.90095,1.60,8.50
2010.01.11 02:22:55.779,0.90075,0.90095,1.60,8.10
2010.01.11 02:22:56.338,0.90075,0.90095,1.60,6.50
2010.01.11 02:22:56.578,0.90075,0.90095,1.60,8.10
2010.01.11 02:23:18.903,0.90075,0.90095,1.60,7.30
2010.01.11 02:23:19.243,0.90075,0.90095,3.20,1.70
2010.01.11 02:23:19.473,0.90075,0.90095,3.20,3.30
2010.01.11 02:23:19.703,0.90075,0.901,1.60,15.90
2010.01.11 02:23:19.993,0.90075,0.90095,2.40,3.30
2010.01.11 02:23:20.223,0.90075,0.90095,4.00,3.30
2010.01.11 02:23:20.452,0.90075,0.90095,2.40,1.70
2010.01.11 02:23:20.812,0.90075,0.90095,1.00,3.20
2010.01.11 02:23:21.152,0.90075,0.90095,1.00,4.00
2010.01.11 02:23:21.912,0.90075,0.90095,1.00,4.10
2010.01.11 02:23:22.442,0.90075,0.90095,1.00,4.10
2010.01.11 02:23:22.832,0.90075,0.90095,1.00,3.30
2010.01.11 02:23:23.512,0.90075,0.90095,2.50,1.70
2010.01.11 02:23:24.931,0.90075,0.90095,2.50,2.50
2010.01.11 02:23:35.509,0.90075,0.90095,2.10,1.70
2010.01.11 02:23:46.676,0.90075,0.90095,2.50,1.70
2010.01.11 02:23:47.866,0.90075,0.90095,2.10,1.70
2010.01.11 02:23:48.046,0.90075,0.90095,2.10,1.60
2010.01.11 02:23:59.423,0.90075,0.90095,2.50,1.60
2010.01.11 02:24:09.920,0.90075,0.901,2.50,19.60
2010.01.11 02:24:20.628,0.9008,0.901,1.00,19.60
2010.01.11 02:24:20.788,0.9008,0.90095,1.00,1.60
2010.01.11 02:24:23.117,0.9008,0.90095,1.00,1.60
2010.01.11 02:24:23.287,0.9008,0.90095,1.00,1.60
2010.01.11 02:24:23.407,0.9008,0.90095,1.00,1.60
2010.01.11 02:24:23.637,0.90085,0.90095,1.00,1.60
2010.01.11 02:24:24.997,0.9008,0.90095,2.00,1.60
2010.01.11 02:24:25.347,0.90075,0.90095,4.50,1.60
2010.01.11 02:24:26.007,0.90075,0.90095,3.70,1.60
2010.01.11 02:24:26.347,0.90075,0.90095,4.10,2.40
2010.01.11 02:24:26.466,0.90075,0.90095,2.40,2.40
2010.01.11 02:24:26.586,0.90075,0.90095,2.00,2.40
2010.01.11 02:24:27.566,0.90075,0.90095,2.40,2.40
2010.01.11 02:24:27.736,0.90075,0.90095,2.50,1.60
2010.01.11 02:24:27.916,0.90075,0.90095,2.10,1.60
2010.01.11 02:24:43.462,0.90075,0.90095,1.60,2.40
2010.01.11 02:24:43.982,0.90075,0.90095,2.00,2.40
2010.01.11 02:24:44.662,0.90075,0.90095,1.60,1.60
2010.01.11 02:24:46.512,0.90075,0.90095,2.40,1.60
2010.01.11 02:24:48.002,0.90075,0.90095,2.50,1.60
2010.01.11 02:24:49.521,0.90075,0.90095,2.10,2.40
2010.01.11 02:24:49.861,0.90075,0.90095,2.50,2.40
2010.01.11 02:25:00.498,0.90075,0.90095,2.10,2.40
2010.01.11 02:25:08.407,0.90075,0.90095,2.50,2.40
2010.01.11 02:25:09.566,0.90075,0.90095,2.50,5.60
2010.01.11 02:25:09.796,0.9007,0.90095,2.50,11.20
2010.01.11 02:25:10.086,0.9007,0.90095,2.10,11.20
2010.01.11 02:25:10.316,0.90075,0.90095,1.60,9.60
2010.01.11 02:25:10.596,0.90075,0.901,1.60,21.60
2010.01.11 02:25:10.876,0.90075,0.90095,1.60,8.00
2010.01.11 02:25:11.226,0.9007,0.90095,2.10,11.30
2010.01.11 02:25:12.925,0.90075,0.90095,1.60,8.10
2010.01.11 02:25:13.086,0.90075,0.90095,1.60,4.10
2010.01.11 02:25:13.425,0.90075,0.90095,1.60,1.60
2010.01.11 02:25:13.775,0.90075,0.90095,2.90,1.60
2010.01.11 02:25:18.744,0.90075,0.90095,2.10,1.60
2010.01.11 02:25:19.104,0.90075,0.90095,2.90,1.60
2010.01.11 02:25:19.734,0.90075,0.90095,2.10,1.60
2010.01.11 02:25:20.074,0.90075,0.90095,2.90,1.60
2010.01.11 02:25:20.413,0.90075,0.90095,2.10,1.60
2010.01.11 02:25:25.892,0.90075,0.90095,2.00,1.60
2010.01.11 02:25:29.682,0.90075,0.90095,3.30,1.60
2010.01.11 02:25:30.031,0.90075,0.90095,1.70,1.60
2010.01.11 02:25:34.061,0.90075,0.90095,2.50,1.60
2010.01.11 02:25:41.718,0.90075,0.90095,1.60,1.60
2010.01.11 02:25:49.877,0.90075,0.90095,1.60,1.70
2010.01.11 02:25:54.915,0.90075,0.90095,1.60,2.50
2010.01.11 02:25:59.124,0.90075,0.90095,1.60,1.70
2010.01.11 02:25:59.354,0.90075,0.90095,1.70,1.60
2010.01.11 02:26:01.644,0.90075,0.90095,2.10,1.60
2010.01.11 02:26:07.402,0.90075,0.90095,1.70,1.60
2010.01.11 02:26:14.870,0.90075,0.90095,2.10,1.60
2010.01.11 02:26:41.614,0.90075,0.90095,2.90,1.60
2010.01.11 02:26:43.623,0.90075,0.90095,2.00,1.60
2010.01.11 02:26:43.734,0.90075,0.90095,2.10,1.60
2010.01.11 02:27:05.608,0.90075,0.90095,1.70,2.40
2010.01.11 02:27:11.647,0.90075,0.90095,1.70,1.60
2010.01.11 02:27:12.007,0.90075,0.90095,2.10,1.60
2010.01.11 02:27:15.366,0.90075,0.90095,2.00,1.60
2010.01.11 02:27:19.795,0.90075,0.90095,2.00,1.70
2010.01.11 02:27:23.344,0.90075,0.90095,1.60,1.70
2010.01.11 02:27:23.674,0.90075,0.90095,1.60,2.50
2010.01.11 02:27:24.304,0.90075,0.90095,1.60,6.50
2010.01.11 02:27:25.683,0.90075,0.90095,1.60,6.90
2010.01.11 02:27:33.811,0.90075,0.90095,1.60,10.10
2010.01.11 02:27:33.921,0.9007,0.90095,2.00,11.70
2010.01.11 02:27:34.271,0.9007,0.90095,2.00,16.50
2010.01.11 02:27:35.531,0.9007,0.90095,2.00,13.30
2010.01.11 02:27:35.751,0.9007,0.90095,2.00,12.90
2010.01.11 02:27:39.110,0.9007,0.90095,2.00,11.30
2010.01.11 02:27:45.419,0.9007,0.90095,2.00,11.70
2010.01.11 02:27:55.126,0.9007,0.90095,2.10,11.60
2010.01.11 02:27:55.476,0.90075,0.90095,1.70,8.00
2010.01.11 02:27:55.866,0.90075,0.90095,2.10,1.60
2010.01.11 02:27:56.096,0.90075,0.90095,3.30,1.60
2010.01.11 02:27:59.555,0.90075,0.90095,3.10,1.60
2010.01.11 02:27:59.885,0.90075,0.90095,1.70,1.60
2010.01.11 02:28:00.735,0.90075,0.90095,1.60,1.60
2010.01.11 02:28:01.615,0.90075,0.90095,1.70,2.40
2010.01.11 02:28:04.904,0.90075,0.90095,1.60,1.60
2010.01.11 02:28:05.944,0.90075,0.90095,1.70,1.60
2010.01.11 02:28:08.143,0.90075,0.90095,1.70,2.40
2010.01.11 02:28:08.373,0.9007,0.90095,4.70,7.30
2010.01.11 02:28:08.543,0.9007,0.90095,2.00,11.30
2010.01.11 02:28:08.773,0.90075,0.90095,1.60,11.30
2010.01.11 02:28:11.202,0.9007,0.90095,2.00,11.30
2010.01.11 02:28:11.422,0.90075,0.90095,1.60,11.30
2010.01.11 02:28:11.892,0.90075,0.90095,1.60,8.10
2010.01.11 02:28:12.072,0.90075,0.90095,1.60,8.00
2010.01.11 02:28:13.162,0.9007,0.90095,2.00,11.30
2010.01.11 02:28:13.462,0.90075,0.90095,1.60,11.30
2010.01.11 02:28:14.981,0.90075,0.90095,1.60,8.00
2010.01.11 02:28:22.870,0.90075,0.90095,1.60,8.10
2010.01.11 02:28:27.788,0.90075,0.90095,1.60,2.50
2010.01.11 02:28:44.325,0.90075,0.90095,1.70,2.40
2010.01.11 02:28:44.685,0.90075,0.90095,1.70,1.60
2010.01.11 02:28:46.214,0.90075,0.90095,1.70,2.40
2010.01.11 02:28:49.793,0.90075,0.90095,3.30,1.60
2010.01.11 02:28:59.231,0.90075,0.90095,2.90,1.60
2010.01.11 02:29:02.590,0.90075,0.90095,3.70,1.60
2010.01.11 02:29:07.029,0.90075,0.90095,3.50,1.60
2010.01.11 02:29:07.209,0.90075,0.90095,2.70,1.60
2010.01.11 02:29:07.319,0.90075,0.90095,1.60,2.40
2010.01.11 02:29:09.498,0.90075,0.90095,1.60,1.60
2010.01.11 02:29:12.178,0.9007,0.90095,12.30,3.20
2010.01.11 02:29:12.948,0.90075,0.90095,1.00,3.20
2010.01.11 02:29:20.176,0.9007,0.90095,12.30,3.20
2010.01.11 02:29:22.925,0.9007,0.90095,12.30,3.30
2010.01.11 02:29:27.804,0.9007,0.90095,9.10,4.10
2010.01.11 02:29:27.924,0.9007,0.90095,5.90,4.10
2010.01.11 02:29:28.154,0.9007,0.90095,9.10,3.30
2010.01.11 02:29:28.274,0.90075,0.90095,1.60,1.60
2010.01.11 02:29:28.614,0.90075,0.90095,1.60,3.20
2010.01.11 02:29:35.062,0.9007,0.90095,9.10,3.30
2010.01.11 02:29:35.292,0.90075,0.90095,1.60,1.70
2010.01.11 02:29:38.502,0.90075,0.90095,1.60,1.60
2010.01.11 02:29:38.841,0.90075,0.90095,1.60,3.20
2010.01.11 02:29:39.002,0.9007,0.90095,12.30,3.20
2010.01.11 02:29:41.271,0.90075,0.90095,1.60,3.20
2010.01.11 02:29:51.738,0.90075,0.90095,3.20,3.30
2010.01.11 02:29:51.968,0.90075,0.90095,4.40,1.70
2010.01.11 02:29:52.148,0.90075,0.90095,3.60,1.70
2010.01.11 02:29:52.618,0.90075,0.90095,4.40,1.70
2010.01.11 02:29:52.738,0.90075,0.90095,3.70,1.60
2010.01.11 02:29:52.908,0.90075,0.90095,4.50,1.60
2010.01.11 02:29:53.368,0.90075,0.90095,3.70,1.60
2010.01.11 02:29:53.548,0.90075,0.90095,4.50,1.60
2010.01.11 02:29:53.788,0.90075,0.90095,3.70,1.60
2010.01.11 02:29:54.028,0.90075,0.90095,4.50,1.60
2010.01.11 02:29:54.378,0.90075,0.90095,3.70,1.60
2010.01.11 02:29:55.008,0.90075,0.90095,4.50,1.60
2010.01.11 02:29:55.357,0.90075,0.90095,3.70,1.60
2010.01.11 02:29:55.537,0.90075,0.90095,4.50,1.60
2010.01.11 02:29:59.556,0.90075,0.90095,3.70,1.70
2010.01.11 02:30:02.626,0.90075,0.90095,4.10,1.70
2010.01.11 02:30:10.514,0.90075,0.90095,7.30,1.60
2010.01.11 02:30:11.973,0.9008,0.90095,1.00,1.60
2010.01.11 02:30:14.413,0.90075,0.90095,7.30,1.60
2010.01.11 02:30:14.763,0.9008,0.90095,1.00,1.60
2010.01.11 02:30:15.062,0.9008,0.90105,5.60,5.20
2010.01.11 02:30:15.413,0.9008,0.90105,5.70,1.60
2010.01.11 02:30:15.982,0.9008,0.90105,5.60,1.60
2010.01.11 02:30:16.212,0.9008,0.90105,5.70,1.60
2010.01.11 02:30:17.382,0.9008,0.90105,2.50,11.60
2010.01.11 02:30:18.272,0.9008,0.901,1.00,1.60
2010.01.11 02:30:21.061,0.90085,0.901,1.00,1.60
2010.01.11 02:30:21.571,0.9008,0.901,1.00,1.60
2010.01.11 02:30:24.920,0.90085,0.901,1.00,1.60
2010.01.11 02:30:25.280,0.90085,0.90105,1.00,11.60
2010.01.11 02:30:25.980,0.9008,0.90105,2.50,11.70
2010.01.11 02:30:45.745,0.90085,0.90105,1.00,11.70
2010.01.11 02:30:51.094,0.90085,0.90105,1.00,11.60
2010.01.11 02:30:51.204,0.90085,0.901,1.00,1.60
2010.01.11 02:30:52.853,0.9008,0.901,1.00,1.60
2010.01.11 02:30:56.653,0.9008,0.901,1.00,1.60
2010.01.11 02:30:57.212,0.9008,0.901,1.00,1.60
2010.01.11 02:30:57.783,0.90085,0.901,1.00,1.60
2010.01.11 02:30:58.532,0.9008,0.901,1.00,1.60
2010.01.11 02:30:58.692,0.90085,0.901,1.00,1.60
2010.01.11 02:30:59.582,0.90085,0.90105,1.00,10.80
2010.01.11 02:30:59.922,0.90085,0.90105,1.00,3.60
2010.01.11 02:31:12.518,0.90085,0.90105,1.00,3.20
2010.01.11 02:31:12.749,0.90085,0.90105,1.00,3.20
2010.01.11 02:31:15.788,0.90085,0.90105,2.50,3.20
2010.01.11 02:31:16.367,0.9008,0.90105,8.60,3.20
2010.01.11 02:31:16.537,0.90085,0.90105,2.50,3.20
2010.01.11 02:31:20.257,0.90085,0.90105,1.00,3.20
2010.01.11 02:31:20.897,0.90085,0.90105,1.00,3.30
2010.01.11 02:31:57.158,0.90085,0.90105,1.00,3.30
2010.01.11 02:31:57.388,0.90085,0.90105,1.00,3.20
2010.01.11 02:31:57.608,0.90085,0.90105,2.50,3.20
2010.01.11 02:31:57.838,0.9008,0.90105,13.70,1.60
2010.01.11 02:31:58.078,0.90085,0.90105,1.60,4.00
2010.01.11 02:31:58.298,0.90085,0.90105,1.60,2.40
2010.01.11 02:31:58.587,0.90085,0.90105,1.60,6.40
2010.01.11 02:31:58.827,0.90085,0.90105,1.70,6.40
2010.01.11 02:31:59.167,0.90085,0.90105,1.70,1.60
2010.01.11 02:32:15.943,0.90085,0.90105,1.70,1.70
2010.01.11 02:32:18.053,0.90085,0.90105,1.70,1.60
2010.01.11 02:32:38.158,0.90085,0.90105,3.30,1.60
2010.01.11 02:32:38.268,0.90085,0.90105,7.70,1.60
2010.01.11 02:32:38.388,0.90085,0.90105,9.30,1.60
2010.01.11 02:32:39.598,0.90085,0.90105,10.10,1.60
2010.01.11 02:32:42.737,0.90085,0.90105,13.30,1.60
2010.01.11 02:32:42.947,0.90085,0.90105,10.10,1.60
2010.01.11 02:32:43.177,0.9009,0.90105,1.60,1.60
2010.01.11 02:32:44.196,0.90085,0.90105,10.10,1.60
2010.01.11 02:32:46.956,0.90085,0.90105,9.70,1.60
2010.01.11 02:32:47.876,0.9009,0.90105,1.60,1.60
2010.01.11 02:32:48.335,0.90085,0.90105,9.70,1.60
2010.01.11 02:32:50.655,0.90085,0.90105,9.70,2.40
2010.01.11 02:32:52.165,0.90085,0.90105,9.70,1.60
2010.01.11 02:32:54.874,0.90085,0.90105,15.30,1.60
2010.01.11 02:32:55.274,0.9009,0.9011,1.00,1.60
2010.01.11 02:32:55.844,0.9009,0.90115,2.10,5.70
2010.01.11 02:32:56.083,0.9009,0.90115,2.10,2.50
2010.01.11 02:32:56.254,0.9009,0.9011,1.00,1.60
2010.01.11 02:32:57.653,0.9009,0.9011,1.00,2.40
2010.01.11 02:32:57.714,0.90085,0.9011,20.10,2.40
2010.01.11 02:32:58.403,0.90085,0.9011,21.30,2.40
2010.01.11 02:32:58.513,0.9009,0.9011,1.60,1.00
2010.01.11 02:33:05.201,0.90085,0.9011,20.90,2.40
2010.01.11 02:33:10.500,0.90085,0.9011,20.10,2.40
2010.01.11 02:33:10.970,0.90085,0.9011,20.50,2.40
2010.01.11 02:33:27.096,0.90085,0.9011,14.50,2.40
2010.01.11 02:33:31.855,0.90085,0.9011,15.30,2.40
2010.01.11 02:33:39.353,0.90085,0.9011,15.70,2.40
2010.01.11 02:33:41.403,0.90085,0.9011,15.30,2.40
2010.01.11 02:33:50.510,0.90085,0.9011,18.50,1.60
2010.01.11 02:33:50.681,0.9009,0.9011,1.70,1.60
2010.01.11 02:33:51.070,0.9009,0.9011,2.90,1.60
2010.01.11 02:33:51.230,0.9009,0.90115,2.90,5.70
2010.01.11 02:33:57.169,0.9009,0.90115,2.90,2.40
2010.01.11 02:33:57.879,0.9009,0.90115,6.10,2.40
2010.01.11 02:33:58.628,0.9009,0.90115,7.30,2.40
2010.01.11 02:33:59.839,0.9009,0.90115,8.10,2.40
2010.01.11 02:34:02.538,0.9009,0.90115,11.30,1.60
2010.01.11 02:34:02.827,0.9009,0.90115,15.30,1.60
2010.01.11 02:34:02.997,0.90095,0.90115,1.60,1.60
2010.01.11 02:34:05.357,0.9009,0.90115,15.30,1.60
2010.01.11 02:34:07.097,0.90095,0.90115,1.70,1.60
2010.01.11 02:34:07.216,0.90095,0.9012,7.30,7.20
2010.01.11 02:34:07.327,0.90095,0.9012,8.50,1.60
2010.01.11 02:34:07.387,0.90095,0.9012,22.50,1.60
2010.01.11 02:34:08.066,0.901,0.9012,1.00,1.60
2010.01.11 02:34:09.316,0.901,0.9012,1.00,2.40
2010.01.11 02:34:09.716,0.90095,0.9012,14.90,2.40
2010.01.11 02:34:10.236,0.90095,0.9012,11.70,2.40
2010.01.11 02:34:10.945,0.90095,0.9012,14.90,1.60
2010.01.11 02:34:11.395,0.90095,0.9012,13.70,1.60
2010.01.11 02:34:11.515,0.90095,0.9012,10.50,2.40
2010.01.11 02:34:11.625,0.90095,0.9012,6.40,2.50
2010.01.11 02:34:11.735,0.901,0.90115,1.00,1.60
2010.01.11 02:34:11.906,0.901,0.9012,1.00,1.60
2010.01.11 02:34:12.016,0.901,0.9012,1.00,1.60
2010.01.11 02:34:12.945,0.901,0.9012,1.00,1.60
2010.01.11 02:34:32.350,0.901,0.9012,1.00,1.60
2010.01.11 02:34:32.620,0.901,0.9012,5.30,1.60
2010.01.11 02:34:32.860,0.90105,0.9012,1.00,1.60
2010.01.11 02:34:33.090,0.90105,0.90125,1.00,1.60
2010.01.11 02:34:33.730,0.90105,0.90125,1.00,1.60
2010.01.11 02:34:33.900,0.90105,0.90125,2.50,1.60
2010.01.11 02:34:38.589,0.901,0.90125,14.30,1.60
2010.01.11 02:34:45.867,0.901,0.90125,13.10,2.00
2010.01.11 02:34:46.197,0.901,0.90125,11.50,2.00
2010.01.11 02:34:47.897,0.901,0.90125,13.10,2.00
2010.01.11 02:34:52.046,0.901,0.9012,11.50,1.60
2010.01.11 02:34:56.165,0.901,0.9012,13.10,1.60
2010.01.11 02:35:00.464,0.901,0.9012,11.50,1.60
2010.01.11 02:35:02.104,0.901,0.90125,11.30,2.10
2010.01.11 02:35:02.283,0.901,0.9012,8.10,1.60
2010.01.11 02:35:02.454,0.901,0.9012,3.30,1.60
2010.01.11 02:35:02.684,0.901,0.9012,3.20,1.00
2010.01.11 02:35:03.023,0.901,0.9012,1.60,1.60
2010.01.11 02:35:03.433,0.901,0.9012,5.60,1.60
2010.01.11 02:35:03.813,0.901,0.9012,4.00,1.60
2010.01.11 02:35:04.433,0.901,0.9012,2.40,1.60
2010.01.11 02:35:04.723,0.90105,0.90125,1.60,1.60
2010.01.11 02:35:05.123,0.90105,0.90125,2.50,1.60
2010.01.11 02:35:11.791,0.90105,0.90125,6.90,1.60
2010.01.11 02:35:11.951,0.90105,0.9013,6.90,5.20
2010.01.11 02:35:19.919,0.90105,0.9013,2.50,6.00
2010.01.11 02:35:20.329,0.9011,0.9013,1.00,1.60
2010.01.11 02:35:20.689,0.9011,0.9013,2.50,1.60
2010.01.11 02:35:21.009,0.9011,0.9013,1.00,1.60
2010.01.11 02:35:22.308,0.9011,0.9013,1.00,2.80
2010.01.11 02:35:22.628,0.9011,0.9013,1.00,2.00
2010.01.11 02:35:22.858,0.9011,0.9013,1.00,1.60
2010.01.11 02:35:23.138,0.90105,0.9013,6.90,2.00
2010.01.11 02:35:23.488,0.90105,0.9013,14.90,1.60
2010.01.11 02:35:23.838,0.90105,0.9013,14.90,2.00
2010.01.11 02:35:24.888,0.90105,0.9013,14.90,1.60
2010.01.11 02:35:26.217,0.90105,0.9013,2.50,2.40
2010.01.11 02:35:26.567,0.90105,0.9013,2.50,2.80
2010.01.11 02:35:42.963,0.901,0.90125,22.70,1.60
2010.01.11 02:35:43.263,0.90105,0.90125,1.60,1.60
2010.01.11 02:35:43.613,0.90105,0.9013,1.60,9.30
2010.01.11 02:35:43.783,0.901,0.90125,22.70,1.60
2010.01.11 02:35:43.903,0.901,0.90125,18.70,1.60
2010.01.11 02:35:44.233,0.901,0.90125,22.70,1.60
2010.01.11 02:35:44.643,0.90105,0.90125,1.60,1.60
2010.01.11 02:35:45.913,0.901,0.90125,22.70,1.60
2010.01.11 02:35:46.193,0.90105,0.9013,1.60,9.30
2010.01.11 02:35:46.433,0.90105,0.90125,2.50,1.60
2010.01.11 02:35:46.653,0.90105,0.90125,5.60,1.60
2010.01.11 02:35:46.882,0.90105,0.90125,5.70,1.60
2010.01.11 02:35:47.162,0.90105,0.90125,8.90,1.60
2010.01.11 02:35:47.442,0.901,0.9012,15.60,1.60
2010.01.11 02:35:47.732,0.901,0.90125,11.20,1.60
2010.01.11 02:35:47.972,0.901,0.90125,7.20,1.60
2010.01.11 02:35:48.242,0.90105,0.9012,1.00,1.60
2010.01.11 02:35:48.522,0.901,0.9012,12.10,1.60
2010.01.11 02:35:48.812,0.90105,0.9012,1.00,1.60
2010.01.11 02:35:49.172,0.901,0.9012,4.00,1.60
2010.01.11 02:35:49.522,0.901,0.90125,9.60,2.00
2010.01.11 02:35:49.862,0.90105,0.9012,1.00,1.60
2010.01.11 02:35:50.092,0.901,0.9012,11.60,1.60
2010.01.11 02:35:50.381,0.901,0.9012,6.00,1.60
2010.01.11 02:35:50.622,0.901,0.9012,12.40,1.60
2010.01.11 02:35:50.861,0.901,0.9012,8.00,1.60
2010.01.11 02:35:51.092,0.901,0.9012,1.00,1.60
2010.01.11 02:35:51.381,0.90095,0.90125,21.90,7.60
2010.01.11 02:35:51.771,0.901,0.9012,1.00,1.60
2010.01.11 02:35:52.291,0.901,0.9012,5.30,1.60
2010.01.11 02:35:53.131,0.901,0.9012,4.80,1.60
2010.01.11 02:35:53.431,0.901,0.9012,1.00,1.60
2010.01.11 02:35:53.991,0.901,0.9012,5.20,1.60
2010.01.11 02:35:54.231,0.901,0.9012,2.00,1.60
2010.01.11 02:35:54.461,0.901,0.9013,5.20,17.60
2010.01.11 02:35:55.970,0.901,0.9012,5.30,1.60
2010.01.11 02:35:56.380,0.901,0.90125,6.90,1.60
2010.01.11 02:35:56.610,0.901,0.9012,6.90,1.60
2010.01.11 02:35:58.360,0.901,0.9012,6.80,1.60
2010.01.11 02:35:58.480,0.901,0.9012,3.60,1.60
2010.01.11 02:35:58.600,0.901,0.9012,2.40,1.60
2010.01.11 02:35:58.870,0.901,0.90125,2.40,2.40
2010.01.11 02:35:59.369,0.901,0.9012,1.00,1.60
2010.01.11 02:35:59.709,0.901,0.9012,5.20,1.60
2010.01.11 02:36:00.069,0.901,0.9012,4.00,1.60
2010.01.11 02:36:00.469,0.901,0.9012,2.00,1.60
2010.01.11 02:36:00.639,0.901,0.9012,1.00,1.60
2010.01.11 02:36:01.599,0.901,0.9012,4.00,1.60
2010.01.11 02:36:01.829,0.901,0.9012,2.00,1.60
2010.01.11 02:36:01.949,0.901,0.9012,1.00,1.60
2010.01.11 02:36:02.229,0.901,0.9012,4.00,1.60
2010.01.11 02:36:02.469,0.901,0.9012,2.00,1.60
2010.01.11 02:36:02.709,0.901,0.9012,1.00,1.60
2010.01.11 02:36:03.699,0.901,0.9012,4.00,1.60
2010.01.11 02:36:03.758,0.901,0.9012,5.20,1.60
2010.01.11 02:36:03.938,0.901,0.9012,2.00,1.60
2010.01.11 02:36:04.058,0.901,0.9012,1.00,1.60
2010.01.11 02:36:04.118,0.901,0.9012,4.00,1.60
2010.01.11 02:36:04.298,0.901,0.9012,1.00,1.60
2010.01.11 02:36:04.358,0.901,0.9012,2.00,1.60
2010.01.11 02:36:04.478,0.901,0.9012,1.00,1.60
2010.01.11 02:36:05.578,0.901,0.9012,4.00,1.60
2010.01.11 02:36:05.928,0.901,0.9012,2.00,1.60
2010.01.11 02:36:08.157,0.90095,0.9012,21.90,1.60
2010.01.11 02:36:08.387,0.90095,0.9012,21.50,1.60
2010.01.11 02:36:08.657,0.90095,0.9012,21.90,1.60
2010.01.11 02:36:09.787,0.90095,0.9012,23.10,1.60
2010.01.11 02:36:10.957,0.90095,0.9012,22.70,1.60
2010.01.11 02:36:12.716,0.901,0.9012,1.00,1.60
2010.01.11 02:36:13.346,0.901,0.90125,2.40,4.40
2010.01.11 02:36:13.516,0.901,0.90125,6.90,2.00
2010.01.11 02:36:13.686,0.901,0.90125,6.90,1.60
2010.01.11 02:36:14.546,0.901,0.90125,8.10,1.60
2010.01.11 02:36:14.786,0.901,0.9012,8.10,1.60
2010.01.11 02:36:17.095,0.901,0.90125,8.10,1.60
2010.01.11 02:36:18.605,0.901,0.90125,12.10,1.60
2010.01.11 02:36:18.895,0.90105,0.90125,1.00,1.60
2010.01.11 02:36:24.573,0.901,0.90125,17.70,1.60
2010.01.11 02:36:24.733,0.901,0.90125,17.50,1.60
2010.01.11 02:36:25.073,0.901,0.90125,13.50,1.60
2010.01.11 02:36:25.823,0.90105,0.90125,1.00,1.60
2010.01.11 02:36:26.763,0.901,0.90125,17.50,1.60
2010.01.11 02:36:26.883,0.901,0.90125,12.70,1.60
2010.01.11 02:36:26.943,0.90105,0.90125,1.00,1.60
2010.01.11 02:36:27.173,0.901,0.90125,12.30,1.60
2010.01.11 02:36:27.393,0.901,0.90125,16.30,1.60
2010.01.11 02:36:27.613,0.901,0.90125,12.30,1.60
2010.01.11 02:36:28.482,0.90105,0.90125,1.00,1.60
2010.01.11 02:36:28.783,0.901,0.90125,17.50,1.60
2010.01.11 02:36:28.952,0.901,0.90125,16.30,1.60
2010.01.11 02:36:29.072,0.90105,0.90125,1.00,1.60
2010.01.11 02:36:30.102,0.901,0.90125,17.50,1.60
2010.01.11 02:36:30.452,0.901,0.90125,7.30,1.60
2010.01.11 02:36:30.682,0.901,0.90125,9.70,1.60
2010.01.11 02:36:31.312,0.901,0.90125,9.70,2.00
2010.01.11 02:36:31.652,0.901,0.90125,10.90,2.00
2010.01.11 02:36:34.471,0.901,0.9012,5.60,1.60
2010.01.11 02:36:35.051,0.90095,0.9012,18.50,1.60
2010.01.11 02:36:35.171,0.90095,0.9012,17.30,1.60
2010.01.11 02:36:35.281,0.90095,0.9012,16.90,1.60
2010.01.11 02:36:35.721,0.90095,0.9012,12.90,1.60
2010.01.11 02:36:37.680,0.90095,0.9012,9.70,2.40
2010.01.11 02:36:37.920,0.90095,0.9012,5.70,2.90
2010.01.11 02:36:38.150,0.90095,0.9012,3.30,6.10
2010.01.11 02:36:38.390,0.90095,0.9012,3.30,9.30
2010.01.11 02:36:38.620,0.90095,0.90115,3.30,1.60
2010.01.11 02:36:38.850,0.90095,0.9012,3.30,9.30
2010.01.11 02:36:40.669,0.90095,0.9012,3.50,6.10
2010.01.11 02:36:41.019,0.90095,0.9012,4.30,2.90
2010.01.11 02:36:42.469,0.90095,0.9012,7.50,2.10
2010.01.11 02:36:42.819,0.90095,0.9012,4.30,2.50
2010.01.11 02:36:43.179,0.90095,0.9012,7.50,1.70
2010.01.11 02:36:43.349,0.90095,0.9012,11.50,1.70
2010.01.11 02:36:45.529,0.90095,0.9012,12.70,1.60
2010.01.11 02:36:45.758,0.90095,0.9012,14.30,1.60
2010.01.11 02:36:47.798,0.901,0.9012,1.00,1.60
2010.01.11 02:36:58.156,0.90095,0.9012,4.10,2.90
2010.01.11 02:36:58.376,0.90095,0.90115,3.20,2.50
2010.01.11 02:36:58.555,0.90095,0.90115,3.20,1.60
2010.01.11 02:36:58.785,0.90095,0.90115,1.60,1.60
2010.01.11 02:36:59.585,0.90095,0.90115,1.60,2.40
2010.01.11 02:36:59.935,0.90095,0.9012,3.20,15.00
2010.01.11 02:37:02.775,0.90095,0.90115,4.00,1.70
2010.01.11 02:37:02.894,0.90095,0.90115,3.20,1.60
2010.01.11 02:37:03.064,0.90095,0.90115,2.40,1.60
2010.01.11 02:37:07.043,0.90095,0.90115,1.60,1.60
2010.01.11 02:37:07.223,0.9009,0.90115,12.70,1.60
2010.01.11 02:37:07.563,0.9009,0.90115,2.70,5.60
2010.01.11 02:37:07.853,0.9009,0.90115,3.50,2.40
2010.01.11 02:37:09.253,0.9009,0.90115,2.40,2.40
2010.01.11 02:37:10.672,0.9009,0.90115,5.60,1.60
2010.01.11 02:37:11.012,0.9009,0.90115,5.70,1.60
2010.01.11 02:37:13.052,0.9009,0.90115,6.90,1.60
2010.01.11 02:37:15.671,0.9009,0.90115,9.70,1.60
2010.01.11 02:37:15.841,0.90095,0.90115,1.00,1.60
2010.01.11 02:37:16.021,0.90095,0.90115,6.90,1.60
2010.01.11 02:37:16.371,0.90095,0.9012,6.90,1.60
2010.01.11 02:37:16.551,0.90095,0.9012,14.90,1.60
2010.01.11 02:37:20.710,0.90095,0.90115,14.90,1.60
2010.01.11 02:37:25.279,0.90095,0.90115,2.40,1.60
2010.01.11 02:37:25.619,0.90095,0.90115,1.00,1.60
2010.01.11 02:37:28.398,0.9009,0.90115,20.90,1.60
2010.01.11 02:37:28.518,0.9009,0.90115,16.50,1.70
2010.01.11 02:37:28.628,0.9009,0.90115,14.90,1.70
2010.01.11 02:37:28.738,0.9009,0.90115,6.90,1.70
2010.01.11 02:37:28.848,0.9009,0.90115,3.70,2.50
2010.01.11 02:38:11.158,0.9009,0.90115,2.90,2.50
2010.01.11 02:38:11.328,0.90085,0.9011,22.90,1.60
2010.01.11 02:38:11.847,0.9009,0.90115,2.40,2.90
2010.01.11 02:38:11.957,0.9009,0.90115,2.40,2.80
2010.01.11 02:38:12.678,0.9009,0.90115,2.40,2.40
2010.01.11 02:38:13.007,0.9009,0.90115,5.60,1.60
2010.01.11 02:38:13.357,0.90095,0.90115,1.00,1.60
2010.01.11 02:38:13.747,0.9009,0.90115,12.10,1.60
2010.01.11 02:38:13.867,0.90095,0.90115,1.00,1.60
2010.01.11 02:38:20.405,0.9009,0.90115,10.80,1.60
2010.01.11 02:38:20.645,0.9009,0.90115,5.60,2.10
2010.01.11 02:38:20.825,0.9009,0.9011,1.00,1.60
2010.01.11 02:38:21.055,0.90085,0.9011,21.70,1.60
2010.01.11 02:38:21.285,0.90085,0.9011,21.30,1.60
2010.01.11 02:38:22.785,0.90085,0.9011,18.50,1.60
2010.01.11 02:38:22.965,0.90085,0.9011,12.10,2.50
2010.01.11 02:38:44.760,0.90085,0.9011,8.10,2.50
2010.01.11 02:38:47.249,0.90085,0.9011,9.30,2.50
2010.01.11 02:38:47.669,0.90085,0.9011,13.30,2.50
2010.01.11 02:38:48.299,0.90085,0.9011,12.10,2.50
2010.01.11 02:38:49.059,0.90085,0.9011,8.10,2.50
2010.01.11 02:38:49.118,0.90085,0.9011,9.30,2.50
2010.01.11 02:38:53.938,0.90085,0.9011,8.10,2.50
2010.01.11 02:38:55.917,0.90085,0.9011,8.10,2.90
2010.01.11 02:38:59.116,0.90085,0.9011,7.20,6.10
2010.01.11 02:38:59.286,0.90085,0.9011,3.20,9.30
2010.01.11 02:39:02.695,0.90085,0.9011,4.10,2.90
2010.01.11 02:39:02.976,0.90085,0.9011,7.20,6.10
2010.01.11 02:39:03.435,0.90085,0.9011,3.20,6.10
2010.01.11 02:39:03.605,0.90085,0.9011,3.20,9.30
2010.01.11 02:39:05.335,0.90085,0.9011,3.30,9.30
2010.01.11 02:39:07.024,0.90085,0.9011,4.10,6.10
2010.01.11 02:39:07.254,0.90085,0.9011,8.10,2.90
2010.01.11 02:39:08.524,0.90085,0.9011,7.20,9.30
2010.01.11 02:39:08.694,0.90085,0.9011,3.20,9.30
2010.01.11 02:39:09.094,0.90085,0.9011,5.60,2.40
2010.01.11 02:39:09.684,0.90085,0.9011,14.00,1.60
2010.01.11 02:39:10.323,0.9009,0.90115,1.60,11.60
2010.01.11 02:39:11.303,0.90085,0.90115,19.30,4.40
2010.01.11 02:39:11.714,0.9009,0.90115,2.40,2.80
2010.01.11 02:39:12.303,0.9009,0.90115,2.40,2.40
2010.01.11 02:39:16.002,0.9009,0.90115,1.60,2.40
2010.01.11 02:39:16.172,0.90085,0.9011,22.90,1.60
2010.01.11 02:39:16.632,0.90085,0.9011,21.30,1.60
2010.01.11 02:39:17.742,0.9009,0.9011,1.00,1.60
2010.01.11 02:39:18.012,0.9009,0.90115,2.50,7.70
2010.01.11 02:39:18.252,0.9009,0.90115,2.50,6.10
2010.01.11 02:39:25.430,0.90085,0.9011,16.90,1.60
2010.01.11 02:39:25.790,0.90085,0.9011,12.90,1.60
2010.01.11 02:39:31.508,0.90085,0.9011,14.10,1.60
2010.01.11 02:39:31.788,0.90085,0.9011,18.10,1.60
2010.01.11 02:39:35.177,0.9009,0.9011,1.00,1.60
2010.01.11 02:39:36.507,0.9009,0.9011,1.00,2.00
2010.01.11 02:39:36.827,0.90085,0.9011,16.90,1.70
2010.01.11 02:39:37.107,0.9009,0.9011,1.00,1.70
2010.01.11 02:39:37.337,0.90085,0.9011,18.50,1.60
2010.01.11 02:39:38.927,0.9009,0.9011,1.00,1.60
2010.01.11 02:39:39.326,0.90085,0.9011,22.50,1.60
2010.01.11 02:39:46.535,0.90085,0.9011,21.30,1.60
2010.01.11 02:39:46.705,0.90085,0.9011,21.10,1.60
2010.01.11 02:39:47.644,0.90085,0.9011,22.30,1.60
2010.01.11 02:39:48.124,0.90085,0.9011,22.50,1.60
2010.01.11 02:39:48.524,0.90085,0.9011,14.50,2.50
2010.01.11 02:39:48.874,0.90085,0.9011,12.10,2.50
2010.01.11 02:39:48.934,0.90085,0.9011,12.10,2.90
2010.01.11 02:39:49.404,0.90085,0.9011,8.10,6.10
2010.01.11 02:39:49.744,0.90085,0.9011,7.20,9.30
2010.01.11 02:39:50.394,0.90085,0.9011,8.10,6.10
2010.01.11 02:39:50.724,0.90085,0.9011,7.30,9.30
2010.01.11 02:39:51.064,0.90085,0.9011,7.20,9.30
2010.01.11 02:39:51.424,0.90085,0.9011,3.20,9.30
2010.01.11 02:39:52.873,0.90085,0.9011,3.30,9.30
2010.01.11 02:39:54.243,0.90085,0.9011,3.30,6.10
2010.01.11 02:39:54.993,0.90085,0.9011,3.30,2.90
2010.01.11 02:39:55.223,0.90085,0.9011,7.30,2.90
2010.01.11 02:39:56.482,0.90085,0.9011,7.30,6.10
2010.01.11 02:39:57.362,0.90085,0.9011,7.30,9.30
2010.01.11 02:39:58.332,0.90085,0.9011,3.30,6.10
2010.01.11 02:39:58.802,0.90085,0.9011,7.30,6.10
2010.01.11 02:40:03.611,0.90085,0.9011,8.10,2.90
2010.01.11 02:40:03.971,0.90085,0.90105,7.30,1.70
2010.01.11 02:40:04.141,0.90085,0.90105,3.30,1.70
2010.01.11 02:40:06.250,0.90085,0.90105,7.30,1.00
2010.01.11 02:40:09.419,0.90085,0.90105,7.30,1.70
2010.01.11 02:40:11.939,0.90085,0.90105,5.60,1.70
2010.01.11 02:40:12.049,0.90085,0.90105,1.60,1.70
2010.01.11 02:40:12.988,0.90085,0.90105,1.70,1.70
2010.01.11 02:40:43.961,0.90085,0.90105,3.30,1.70
2010.01.11 02:40:44.141,0.90085,0.90105,4.10,1.60
2010.01.11 02:40:44.251,0.90085,0.9011,8.10,11.20
2010.01.11 02:40:44.431,0.90085,0.9011,8.10,8.10
2010.01.11 02:40:44.551,0.90085,0.9011,8.10,2.90
2010.01.11 02:40:44.671,0.90085,0.9011,4.10,2.90
2010.01.11 02:40:44.841,0.90085,0.9011,8.10,2.90
2010.01.11 02:40:45.711,0.90085,0.9011,15.30,2.10
2010.01.11 02:40:46.770,0.90085,0.9011,11.30,2.10
2010.01.11 02:40:48.460,0.90085,0.90105,7.20,1.60
2010.01.11 02:40:48.640,0.90085,0.90105,3.20,1.60
2010.01.11 02:40:48.760,0.90085,0.9011,3.20,2.90
2010.01.11 02:40:50.059,0.90085,0.90105,3.20,1.60
2010.01.11 02:40:50.239,0.90085,0.90105,7.20,1.70
2010.01.11 02:40:50.739,0.90085,0.90105,3.20,1.70
2010.01.11 02:40:52.059,0.90085,0.90105,3.30,1.70
2010.01.11 02:40:56.968,0.90085,0.90105,7.30,1.00
2010.01.11 02:41:00.897,0.90085,0.9011,8.10,2.90
2010.01.11 02:41:01.307,0.90085,0.9011,11.30,2.10
2010.01.11 02:41:01.547,0.90085,0.9011,15.30,2.10
2010.01.11 02:41:07.865,0.90085,0.9011,11.30,2.10
2010.01.11 02:41:10.305,0.90085,0.9011,7.30,2.10
2010.01.11 02:41:10.545,0.9009,0.9011,2.50,1.60
2010.01.11 02:41:10.724,0.9009,0.9011,5.70,1.60
2010.01.11 02:41:11.235,0.9009,0.9011,1.00,1.60
2010.01.11 02:41:16.653,0.9009,0.9011,1.00,1.60
2010.01.11 02:41:16.833,0.9009,0.9011,1.00,1.60
2010.01.11 02:41:16.883,0.9009,0.9011,1.00,1.60
2010.01.11 02:41:33.509,0.90085,0.9011,20.90,1.60
2010.01.11 02:41:33.809,0.90085,0.90115,22.50,2.90
2010.01.11 02:41:36.588,0.90085,0.9011,24.10,1.60
2010.01.11 02:41:37.968,0.90085,0.9011,22.50,1.70
2010.01.11 02:41:38.188,0.90085,0.9011,19.70,1.70
2010.01.11 02:41:39.068,0.90085,0.9011,15.70,1.70
2010.01.11 02:41:51.325,0.90085,0.9011,12.50,1.70
2010.01.11 02:42:02.952,0.90085,0.9011,11.30,1.70
2010.01.11 02:42:08.201,0.90085,0.9011,4.10,2.90
2010.01.11 02:42:08.491,0.90085,0.90105,8.10,1.60
2010.01.11 02:42:16.129,0.90085,0.90105,3.30,1.60
2010.01.11 02:42:20.378,0.90085,0.90105,1.60,1.70
2010.01.11 02:42:20.957,0.90085,0.90105,3.20,1.70
2010.01.11 02:42:21.927,0.90085,0.90105,4.10,1.60
2010.01.11 02:42:22.038,0.9009,0.90105,1.00,1.60
2010.01.11 02:42:22.148,0.9009,0.9011,1.00,6.80
2010.01.11 02:42:22.887,0.9009,0.9011,1.00,1.60
2010.01.11 02:42:27.296,0.90085,0.9011,20.90,1.70
2010.01.11 02:42:27.476,0.90085,0.9011,19.70,1.70
2010.01.11 02:42:27.656,0.90085,0.9011,16.50,2.50
2010.01.11 02:42:27.766,0.90085,0.9011,13.30,2.50
2010.01.11 02:42:27.826,0.90085,0.9011,12.10,2.50
2010.01.11 02:42:27.936,0.90085,0.90105,11.30,1.60
2010.01.11 02:42:28.047,0.90085,0.90105,7.20,1.60
2010.01.11 02:42:28.156,0.90085,0.90105,8.00,1.60
2010.01.11 02:42:28.566,0.90085,0.90105,8.10,1.60
2010.01.11 02:42:30.765,0.90085,0.90105,9.30,1.60
2010.01.11 02:42:30.995,0.90085,0.90105,12.50,1.60
2010.01.11 02:42:31.225,0.90085,0.9011,16.50,1.60
2010.01.11 02:42:31.515,0.90085,0.9011,13.30,2.40
2010.01.11 02:42:31.745,0.90085,0.9011,10.10,2.40
2010.01.11 02:42:32.755,0.90085,0.9011,14.10,2.40
2010.01.11 02:42:33.085,0.90085,0.9011,14.10,2.50
2010.01.11 02:42:35.104,0.90085,0.9011,10.10,2.50
2010.01.11 02:42:35.834,0.90085,0.9011,14.10,2.50
2010.01.11 02:42:36.514,0.9009,0.9011,1.00,2.40
2010.01.11 02:42:36.734,0.9009,0.9011,1.00,1.60
2010.01.11 02:42:39.143,0.9009,0.9011,1.00,1.60
2010.01.11 02:42:39.443,0.9009,0.9011,10.10,1.60
2010.01.11 02:42:41.233,0.9009,0.9011,8.50,1.60
2010.01.11 02:42:42.842,0.9009,0.9011,5.10,1.60
2010.01.11 02:42:46.241,0.9009,0.9011,4.30,1.60
2010.01.11 02:42:51.760,0.9009,0.9011,4.30,1.70
2010.01.11 02:42:51.931,0.90085,0.9011,21.30,1.60
2010.01.11 02:42:52.110,0.90085,0.9011,24.10,1.60
2010.01.11 02:42:52.220,0.9009,0.9011,1.10,1.60
2010.01.11 02:42:58.239,0.9009,0.9011,4.30,1.60
2010.01.11 02:43:25.432,0.9009,0.90115,6.70,2.50
2010.01.11 02:43:34.330,0.9009,0.90115,9.90,1.70
2010.01.11 02:43:34.450,0.9009,0.90115,13.90,1.60
2010.01.11 02:43:34.630,0.90095,0.90115,1.10,1.60
2010.01.11 02:43:49.646,0.90095,0.9011,1.10,1.00
2010.01.11 02:43:49.766,0.9009,0.90105,6.80,1.60
2010.01.11 02:43:49.886,0.9009,0.90105,1.60,1.60
2010.01.11 02:43:50.516,0.9009,0.9011,1.10,2.30
2010.01.11 02:43:50.866,0.9009,0.9011,2.70,1.60
2010.01.11 02:43:52.246,0.9009,0.9011,1.60,1.60
2010.01.11 02:43:53.565,0.9009,0.9011,2.70,1.60
2010.01.11 02:43:53.805,0.9009,0.90115,3.70,6.40
2010.01.11 02:43:54.026,0.9009,0.90115,11.30,1.60
2010.01.11 02:43:55.125,0.9009,0.90115,8.10,2.40
2010.01.11 02:44:00.144,0.9009,0.90115,11.30,1.60
2010.01.11 02:44:00.414,0.90095,0.90115,1.10,1.60
2010.01.11 02:44:05.163,0.90095,0.90115,6.70,1.60
2010.01.11 02:44:05.342,0.90095,0.90115,9.90,1.60
2010.01.11 02:44:05.562,0.90095,0.90115,11.50,1.60
2010.01.11 02:44:05.732,0.90095,0.9012,11.50,3.20
2010.01.11 02:44:06.802,0.90095,0.9012,9.90,3.20
2010.01.11 02:44:07.072,0.90095,0.9012,10.10,3.20
2010.01.11 02:44:07.532,0.90095,0.90115,10.10,1.60
2010.01.11 02:44:08.312,0.90095,0.90115,5.90,2.40
2010.01.11 02:44:10.631,0.9009,0.90115,8.10,2.40
2010.01.11 02:44:11.581,0.90095,0.90115,1.00,1.60
2010.01.11 02:44:12.261,0.90095,0.90115,4.10,1.60
2010.01.11 02:44:12.611,0.901,0.90115,1.00,1.60
2010.01.11 02:44:13.330,0.901,0.9012,5.70,1.60
2010.01.11 02:44:13.721,0.901,0.9012,1.00,1.60
2010.01.11 02:44:13.840,0.90095,0.9012,12.10,1.60
2010.01.11 02:44:14.020,0.901,0.9012,1.10,1.60
2010.01.11 02:44:14.890,0.901,0.9012,1.30,1.60
2010.01.11 02:44:15.940,0.901,0.9012,2.10,1.60
2010.01.11 02:44:17.809,0.901,0.9012,5.30,1.60
2010.01.11 02:44:17.920,0.901,0.9012,8.50,1.60
2010.01.11 02:44:18.030,0.90105,0.9012,1.00,1.60
2010.01.11 02:44:18.609,0.90105,0.9012,1.90,1.60
2010.01.11 02:44:18.949,0.901,0.9012,1.90,1.60
2010.01.11 02:44:19.290,0.901,0.9012,14.10,1.60
2010.01.11 02:44:19.409,0.90105,0.9012,1.00,1.60
2010.01.11 02:44:19.869,0.90105,0.9012,4.00,1.60
2010.01.11 02:44:19.989,0.90105,0.9012,4.10,1.60
2010.01.11 02:44:20.209,0.90105,0.90125,13.30,1.60
2010.01.11 02:44:20.559,0.90105,0.90125,17.70,1.60
2010.01.11 02:44:20.909,0.9011,0.90125,1.00,1.60
2010.01.11 02:44:22.318,0.9011,0.9013,4.10,2.40
2010.01.11 02:44:22.668,0.9012,0.9013,1.60,2.40
2010.01.11 02:44:22.949,0.90115,0.9013,1.00,2.40
2010.01.11 02:44:23.059,0.90115,0.9013,4.00,2.40
2010.01.11 02:44:23.118,0.9012,0.9013,1.00,1.00
2010.01.11 02:44:24.448,0.90125,0.9013,1.00,1.00
2010.01.11 02:44:25.328,0.9012,0.9013,1.00,1.00
2010.01.11 02:44:25.798,0.9012,0.9013,2.10,1.00
2010.01.11 02:44:31.616,0.9012,0.9013,1.00,1.00
2010.01.11 02:44:32.816,0.9012,0.9013,1.00,1.00
2010.01.11 02:44:36.645,0.9012,0.9013,1.00,1.00
2010.01.11 02:44:36.945,0.9012,0.9013,1.00,1.00
2010.01.11 02:44:46.113,0.90115,0.9013,1.60,1.00
2010.01.11 02:44:46.463,0.90115,0.9013,1.00,1.00
2010.01.11 02:44:46.753,0.90115,0.9013,1.00,1.00
2010.01.11 02:44:49.792,0.90115,0.9013,2.50,1.00
2010.01.11 02:44:50.971,0.9012,0.9013,1.00,1.00
2010.01.11 02:44:52.122,0.90115,0.9013,2.10,1.00
2010.01.11 02:44:52.341,0.90115,0.9013,2.50,1.00
2010.01.11 02:44:53.031,0.90115,0.9013,1.00,1.00
2010.01.11 02:44:53.261,0.90115,0.9013,1.00,1.00
2010.01.11 02:44:53.541,0.9011,0.9013,12.10,1.00
2010.01.11 02:44:53.951,0.9011,0.9013,8.10,2.40
2010.01.11 02:44:54.521,0.90115,0.9013,1.70,1.00
2010.01.11 02:44:54.691,0.90115,0.9013,2.50,1.00
2010.01.11 02:44:55.590,0.90115,0.9013,1.70,1.00
2010.01.11 02:44:55.971,0.9011,0.9013,7.10,2.40
2010.01.11 02:44:56.260,0.90105,0.9013,22.70,3.20
2010.01.11 02:44:56.490,0.901,0.9012,11.90,1.00
2010.01.11 02:44:56.790,0.901,0.9012,6.00,5.60
2010.01.11 02:44:57.010,0.901,0.9012,1.60,5.60
2010.01.11 02:44:59.470,0.901,0.90125,1.60,20.00
2010.01.11 02:45:02.609,0.901,0.90125,1.60,9.60
2010.01.11 02:45:02.789,0.901,0.90125,1.60,5.60
2010.01.11 02:45:02.958,0.901,0.90125,1.60,4.50
2010.01.11 02:45:03.428,0.901,0.90125,1.60,4.10
2010.01.11 02:45:04.338,0.901,0.90125,2.70,4.10
2010.01.11 02:45:05.198,0.901,0.90125,6.70,3.30
2010.01.11 02:45:05.368,0.901,0.90125,6.70,1.60
2010.01.11 02:45:05.598,0.90105,0.90125,3.50,1.60
2010.01.11 02:45:13.386,0.90105,0.9013,3.50,4.90
2010.01.11 02:45:14.216,0.90105,0.90125,3.50,1.60
2010.01.11 02:45:15.296,0.90105,0.90125,2.40,1.60
2010.01.11 02:45:15.756,0.90105,0.90125,6.50,1.60
2010.01.11 02:45:16.675,0.90105,0.90125,10.90,1.60
2010.01.11 02:45:17.415,0.90105,0.9013,14.10,2.40
2010.01.11 02:45:17.745,0.90105,0.9013,15.30,2.40
2010.01.11 02:45:17.985,0.90105,0.9013,15.30,2.50
2010.01.11 02:45:20.864,0.9011,0.9013,1.00,2.40
2010.01.11 02:45:23.004,0.9011,0.9013,1.00,1.60
2010.01.11 02:45:23.474,0.9011,0.9013,4.10,1.60
2010.01.11 02:45:23.824,0.90125,0.90135,1.60,1.60
2010.01.11 02:45:24.223,0.9012,0.9014,1.00,3.20
2010.01.11 02:45:24.404,0.9012,0.9014,1.00,3.20
2010.01.11 02:45:24.583,0.9012,0.9014,4.10,3.20
2010.01.11 02:45:24.643,0.9012,0.9014,5.70,3.20
2010.01.11 02:45:24.763,0.9012,0.9014,2.50,3.20
2010.01.11 02:45:24.823,0.9012,0.9014,1.00,3.20
2010.01.11 02:45:26.613,0.90125,0.9014,1.00,3.20
2010.01.11 02:45:29.412,0.90125,0.9014,1.00,1.60
2010.01.11 02:45:30.222,0.90125,0.9014,1.00,3.20
2010.01.11 02:45:30.402,0.9012,0.9014,2.90,3.20
2010.01.11 02:45:30.572,0.9012,0.9014,1.70,3.20
2010.01.11 02:45:30.742,0.9012,0.90135,1.60,1.60
2010.01.11 02:45:30.922,0.90115,0.90135,1.70,2.40
2010.01.11 02:45:31.452,0.90115,0.90135,1.00,2.40
2010.01.11 02:45:34.081,0.9011,0.90135,2.90,4.00
2010.01.11 02:45:34.551,0.9011,0.90135,3.70,2.40
2010.01.11 02:45:35.641,0.90115,0.90135,3.70,1.60
2010.01.11 02:45:36.141,0.90115,0.9014,3.70,6.00
2010.01.11 02:45:36.380,0.90115,0.9014,6.90,4.80
2010.01.11 02:45:36.651,0.9012,0.90135,1.00,1.60
2010.01.11 02:45:37.350,0.90115,0.90135,1.00,1.60
2010.01.11 02:45:37.520,0.90115,0.90135,2.50,1.60
2010.01.11 02:45:37.930,0.90115,0.90135,1.60,1.60
2010.01.11 02:45:38.100,0.9011,0.90135,16.90,1.60
2010.01.11 02:45:38.400,0.9011,0.90135,11.30,3.20
2010.01.11 02:45:45.258,0.9011,0.90135,11.30,1.60
2010.01.11 02:45:47.068,0.9011,0.90135,15.30,1.60
2010.01.11 02:45:49.427,0.9011,0.90135,11.30,1.60
2010.01.11 02:45:54.876,0.9011,0.90135,4.90,2.40
2010.01.11 02:45:55.216,0.9011,0.90135,4.90,3.20
2010.01.11 02:45:55.856,0.9011,0.90135,4.90,2.40
2010.01.11 02:45:58.875,0.9011,0.90135,8.10,1.60
2010.01.11 02:46:01.584,0.90115,0.90135,1.00,1.60
2010.01.11 02:46:01.924,0.90115,0.9014,1.00,8.90
2010.01.11 02:46:02.094,0.90115,0.90135,2.50,1.60
2010.01.11 02:46:04.474,0.90115,0.90135,11.30,1.60
2010.01.11 02:46:04.634,0.9012,0.9014,1.00,4.00
2010.01.11 02:46:04.754,0.90115,0.90135,6.90,1.60
2010.01.11 02:46:05.094,0.9012,0.9014,1.00,3.20
2010.01.11 02:46:06.143,0.9012,0.9014,1.00,3.30
2010.01.11 02:46:09.592,0.90115,0.9014,5.70,3.30
2010.01.11 02:46:09.813,0.90115,0.90135,1.60,1.60
2010.01.11 02:46:09.874,0.90115,0.90135,9.90,1.60
2010.01.11 02:46:10.052,0.90115,0.90135,10.10,1.60
2010.01.11 02:46:10.162,0.90115,0.9014,10.10,1.60
2010.01.11 02:46:10.283,0.90115,0.9014,10.10,3.20
2010.01.11 02:46:10.342,0.90115,0.9014,6.90,3.20
2010.01.11 02:46:10.562,0.90115,0.9014,10.90,3.20
2010.01.11 02:46:11.032,0.90115,0.9014,6.90,1.60
2010.01.11 02:46:11.382,0.90115,0.9014,6.90,3.20
2010.01.11 02:46:12.002,0.90115,0.9014,6.90,3.30
2010.01.11 02:46:12.222,0.90115,0.9014,3.70,4.10
2010.01.11 02:46:12.462,0.90115,0.9014,6.90,1.70
2010.01.11 02:46:12.922,0.9012,0.9014,1.00,1.60
2010.01.11 02:46:13.672,0.90115,0.9014,14.90,1.70
2010.01.11 02:46:14.012,0.90115,0.9014,12.10,1.70
2010.01.11 02:46:14.531,0.9012,0.9014,1.00,1.60
2010.01.11 02:46:14.831,0.90125,0.9014,1.70,1.60
2010.01.11 02:46:15.101,0.9012,0.9014,1.60,1.60
2010.01.11 02:46:15.391,0.9012,0.9014,1.00,1.60
2010.01.11 02:46:15.631,0.90115,0.9014,7.30,1.60
2010.01.11 02:46:15.911,0.9012,0.9014,1.60,3.20
2010.01.11 02:46:16.251,0.9012,0.9014,1.00,3.30
2010.01.11 02:46:16.601,0.90115,0.9014,9.60,4.10
2010.01.11 02:46:16.991,0.90115,0.9014,2.40,4.10
2010.01.11 02:46:18.020,0.90115,0.9014,2.50,4.10
2010.01.11 02:46:18.420,0.90115,0.9014,1.70,4.10
2010.01.11 02:46:18.640,0.90115,0.90135,1.70,1.60
2010.01.11 02:46:28.148,0.90115,0.9014,10.10,3.30
2010.01.11 02:46:28.968,0.9012,0.9014,1.00,3.30
2010.01.11 02:46:32.587,0.9012,0.9014,3.70,1.60
2010.01.11 02:46:32.707,0.9012,0.9014,1.00,3.20
2010.01.11 02:46:32.817,0.90115,0.9014,19.70,3.30
2010.01.11 02:46:33.107,0.90115,0.90135,5.30,1.60
2010.01.11 02:46:33.397,0.90115,0.90135,3.70,1.60
2010.01.11 02:46:42.095,0.90115,0.90135,6.90,1.60
2010.01.11 02:46:42.265,0.90115,0.9014,10.10,3.30
2010.01.11 02:46:42.435,0.90115,0.90135,10.10,1.60
2010.01.11 02:46:42.604,0.90115,0.9014,10.10,3.30
2010.01.11 02:46:42.784,0.90115,0.9014,11.70,3.30
2010.01.11 02:46:43.674,0.90115,0.9014,12.90,3.30
2010.01.11 02:46:43.894,0.9012,0.9014,1.00,3.30
2010.01.11 02:46:48.903,0.90115,0.9014,12.90,3.30
2010.01.11 02:46:49.083,0.90115,0.9014,8.50,3.30
2010.01.11 02:46:49.253,0.90115,0.90135,6.90,1.60
2010.01.11 02:46:49.933,0.90115,0.9014,9.30,3.30
2010.01.11 02:46:50.273,0.90115,0.9014,13.30,3.30
2010.01.11 02:47:03.619,0.90115,0.9014,14.90,3.30
2010.01.11 02:47:04.849,0.9012,0.9014,1.00,3.30
2010.01.11 02:47:05.180,0.9012,0.9014,1.00,1.60
2010.01.11 02:47:06.759,0.9012,0.9014,2.10,1.60
2010.01.11 02:47:07.059,0.90125,0.9014,1.00,1.60
2010.01.11 02:47:07.698,0.9012,0.9014,3.30,1.60
2010.01.11 02:47:07.869,0.9012,0.9014,2.10,1.60
2010.01.11 02:47:13.847,0.90115,0.9014,24.10,1.60
2010.01.11 02:47:14.147,0.90115,0.9014,20.10,1.60
2010.01.11 02:47:14.367,0.90115,0.9014,24.10,1.60
2010.01.11 02:47:14.987,0.90115,0.9014,20.90,1.60
2010.01.11 02:47:27.264,0.9013,0.90145,1.00,3.20
2010.01.11 02:47:30.723,0.9013,0.90145,1.00,1.60
2010.01.11 02:47:30.943,0.9013,0.90145,1.00,3.20
2010.01.11 02:47:34.122,0.9013,0.90145,1.00,1.60
2010.01.11 02:47:35.362,0.9013,0.90145,1.70,1.60
2010.01.11 02:47:35.942,0.9013,0.90145,1.00,1.60
2010.01.11 02:47:36.712,0.9013,0.90145,1.00,1.60
2010.01.11 02:47:37.042,0.9013,0.90145,1.70,1.60
2010.01.11 02:47:37.331,0.9013,0.9015,4.10,2.30
2010.01.11 02:47:37.631,0.9013,0.90145,1.70,1.60
2010.01.11 02:47:39.001,0.9013,0.90145,2.50,1.60
2010.01.11 02:47:39.341,0.9013,0.90145,3.70,1.60
2010.01.11 02:47:39.701,0.9013,0.9015,3.70,1.60
2010.01.11 02:47:40.051,0.9013,0.9015,2.90,1.60
2010.01.11 02:47:40.391,0.9013,0.9015,3.70,1.60
2010.01.11 02:47:40.751,0.9013,0.9015,8.10,1.60
2010.01.11 02:47:42.160,0.9013,0.9015,8.50,1.60
2010.01.11 02:47:42.560,0.90135,0.9015,1.60,1.60
2010.01.11 02:47:42.900,0.9013,0.9015,12.10,1.60
2010.01.11 02:47:43.070,0.9013,0.9015,6.90,1.60
2010.01.11 02:47:43.300,0.90135,0.9015,1.60,1.60
2010.01.11 02:47:43.870,0.90135,0.9015,2.50,1.60
2010.01.11 02:47:44.200,0.90135,0.90155,7.30,9.60
2010.01.11 02:47:44.490,0.90135,0.90155,3.30,9.60
2010.01.11 02:47:44.790,0.90135,0.90155,9.30,9.60
2010.01.11 02:47:45.010,0.90135,0.90155,4.10,5.60
2010.01.11 02:47:45.890,0.9014,0.90155,1.00,5.60
2010.01.11 02:47:46.239,0.9014,0.90155,1.70,5.60
2010.01.11 02:47:46.589,0.9014,0.90155,1.00,5.60
2010.01.11 02:47:47.979,0.9014,0.90155,1.70,5.60
2010.01.11 02:47:48.609,0.90135,0.90155,6.90,5.60
2010.01.11 02:47:48.958,0.90135,0.9015,1.70,1.60
2010.01.11 02:47:52.058,0.90135,0.90155,4.50,3.30
2010.01.11 02:47:52.288,0.9014,0.90155,1.00,3.20
2010.01.11 02:47:52.588,0.9014,0.90155,1.70,2.30
2010.01.11 02:47:53.098,0.9014,0.9015,1.70,1.60
2010.01.11 02:47:53.437,0.90135,0.9015,3.30,1.60
2010.01.11 02:47:53.717,0.90135,0.9015,1.60,1.60
2010.01.11 02:47:54.048,0.9014,0.90155,1.00,2.30
2010.01.11 02:47:54.337,0.9014,0.90155,1.70,2.30
2010.01.11 02:47:54.867,0.9014,0.90155,1.00,2.30
2010.01.11 02:47:55.107,0.90135,0.90155,11.00,2.30
2010.01.11 02:47:59.546,0.9014,0.90155,1.70,1.00
2010.01.11 02:48:00.116,0.9014,0.90155,2.10,1.00
2010.01.11 02:48:00.976,0.9014,0.9016,4.90,18.40
2010.01.11 02:48:01.266,0.9014,0.90155,3.20,1.60
2010.01.11 02:48:01.616,0.90135,0.90155,2.30,1.60
2010.01.11 02:48:01.965,0.90135,0.90155,1.60,10.00
2010.01.11 02:48:02.345,0.90135,0.90155,1.60,15.60
2010.01.11 02:48:02.635,0.90135,0.90155,1.60,8.00
2010.01.11 02:48:02.815,0.90135,0.90155,1.60,10.00
2010.01.11 02:48:02.975,0.90135,0.90155,1.60,14.90
2010.01.11 02:48:03.095,0.90135,0.90155,1.60,18.90
2010.01.11 02:48:03.375,0.90135,0.90155,1.60,15.70
2010.01.11 02:48:03.545,0.90135,0.90155,1.60,14.00
2010.01.11 02:48:03.715,0.90135,0.90155,1.60,14.10
2010.01.11 02:48:04.065,0.90135,0.90155,1.60,20.50
2010.01.11 02:48:04.405,0.9013,0.90155,1.60,20.90
2010.01.11 02:48:04.745,0.9013,0.90155,1.60,22.00
2010.01.11 02:48:04.865,0.9013,0.90155,1.70,20.40
2010.01.11 02:48:04.975,0.90135,0.90155,1.60,20.40
2010.01.11 02:48:05.085,0.90135,0.90155,1.60,17.20
2010.01.11 02:48:05.205,0.90135,0.9015,1.60,1.60
2010.01.11 02:48:05.325,0.90135,0.9015,1.60,2.00
2010.01.11 02:48:06.844,0.90135,0.9015,1.60,2.00
2010.01.11 02:48:07.195,0.90135,0.9015,1.60,2.00
2010.01.11 02:48:07.544,0.90135,0.90155,1.60,12.10
2010.01.11 02:48:08.124,0.90135,0.90155,1.60,13.70
2010.01.11 02:48:08.284,0.90135,0.90155,1.60,12.50
2010.01.11 02:48:08.394,0.90135,0.90155,1.70,10.80
2010.01.11 02:48:08.564,0.90135,0.90155,1.70,7.60
2010.01.11 02:48:08.614,0.90135,0.90155,1.70,7.20
2010.01.11 02:48:08.674,0.90135,0.90155,1.70,6.40
2010.01.11 02:48:08.854,0.90135,0.90155,1.70,9.20
2010.01.11 02:48:10.323,0.90135,0.90155,1.70,10.80
2010.01.11 02:48:11.603,0.9013,0.90155,2.50,11.60
2010.01.11 02:48:11.883,0.90135,0.90155,2.50,5.60
2010.01.11 02:48:12.173,0.90135,0.90155,1.00,3.20
2010.01.11 02:48:12.463,0.90135,0.90155,1.00,4.00
2010.01.11 02:48:12.803,0.9013,0.90155,2.90,8.10
2010.01.11 02:48:13.133,0.90135,0.90155,1.60,8.10
2010.01.11 02:48:13.843,0.9013,0.9015,2.10,1.00
2010.01.11 02:48:14.182,0.9013,0.9015,1.00,2.50
2010.01.11 02:48:14.422,0.9013,0.9015,1.00,1.70
2010.01.11 02:48:14.832,0.9013,0.90155,1.70,20.50
2010.01.11 02:48:16.832,0.9013,0.9015,1.00,4.80
2010.01.11 02:48:17.121,0.90125,0.9015,5.70,5.30
2010.01.11 02:48:17.691,0.90125,0.9015,6.10,5.30
2010.01.11 02:48:18.941,0.90125,0.90145,2.40,1.00
2010.01.11 02:48:19.171,0.90125,0.90145,5.60,1.00
2010.01.11 02:48:19.442,0.90125,0.9015,5.70,5.30
2010.01.11 02:48:19.621,0.90125,0.9015,6.10,5.30
2010.01.11 02:48:20.311,0.90125,0.90145,2.00,4.10
2010.01.11 02:48:20.491,0.90125,0.9014,1.60,4.40
2010.01.11 02:48:20.790,0.9012,0.90145,1.60,16.90
2010.01.11 02:48:21.080,0.9012,0.9014,1.60,1.00
2010.01.11 02:48:21.411,0.9012,0.90135,1.60,1.30
2010.01.11 02:48:21.760,0.9011,0.90135,1.70,9.30
2010.01.11 02:48:22.100,0.90115,0.90135,1.60,6.80
2010.01.11 02:48:22.440,0.90115,0.90135,1.60,1.00
2010.01.11 02:48:22.790,0.90115,0.90135,1.60,4.80
2010.01.11 02:48:23.660,0.90115,0.90135,1.60,2.40
2010.01.11 02:48:24.880,0.9011,0.90135,1.60,2.40
2010.01.11 02:48:25.110,0.9011,0.90135,1.60,6.00
2010.01.11 02:48:25.280,0.9011,0.90135,1.60,18.90
2010.01.11 02:48:25.569,0.9011,0.9013,1.60,1.00
2010.01.11 02:48:25.740,0.9011,0.90135,1.60,24.50
2010.01.11 02:48:26.089,0.90115,0.90135,1.60,18.90
2010.01.11 02:48:26.429,0.90115,0.90135,1.60,15.70
2010.01.11 02:48:26.779,0.9011,0.90135,1.60,12.10
2010.01.11 02:48:27.109,0.90115,0.90135,1.60,7.70
2010.01.11 02:48:27.459,0.90115,0.90135,1.60,1.30
2010.01.11 02:48:28.269,0.90115,0.90135,1.60,2.90
2010.01.11 02:48:28.499,0.90115,0.90135,1.60,1.00
2010.01.11 02:48:30.028,0.90115,0.90135,1.60,1.00
2010.01.11 02:48:30.249,0.90115,0.90135,1.60,1.00
2010.01.11 02:48:30.538,0.90115,0.90135,1.60,1.30
2010.01.11 02:48:32.178,0.90115,0.90135,1.60,5.70
2010.01.11 02:48:32.408,0.90115,0.90135,1.60,4.50
2010.01.11 02:48:32.628,0.90115,0.90135,1.60,2.90
2010.01.11 02:48:33.428,0.9011,0.90135,1.60,4.10
2010.01.11 02:48:33.708,0.9011,0.90135,1.60,20.10
2010.01.11 02:48:34.417,0.9011,0.90135,1.60,16.10
2010.01.11 02:48:34.587,0.9011,0.90135,1.60,17.30
2010.01.11 02:48:34.767,0.9011,0.9014,1.60,26.20
2010.01.11 02:48:35.457,0.9011,0.90135,1.60,8.90
2010.01.11 02:48:35.807,0.9011,0.90135,3.20,8.90
2010.01.11 02:48:36.157,0.9011,0.90135,3.20,6.10
2010.01.11 02:48:36.497,0.9011,0.90135,4.00,6.10
2010.01.11 02:48:36.847,0.90115,0.90135,1.60,6.10
2010.01.11 02:48:37.766,0.90115,0.90135,1.60,6.00
2010.01.11 02:48:38.166,0.90115,0.90135,1.60,6.10
2010.01.11 02:48:38.936,0.9011,0.90135,8.10,6.10
2010.01.11 02:48:39.336,0.90115,0.90135,1.60,6.10
2010.01.11 02:48:40.036,0.9011,0.90135,8.10,6.10
2010.01.11 02:48:40.546,0.9011,0.90135,7.30,6.10
2010.01.11 02:48:40.716,0.9011,0.9013,7.20,1.00
2010.01.11 02:48:40.836,0.9011,0.9013,1.60,1.70
2010.01.11 02:48:41.336,0.9011,0.9013,3.20,1.00
2010.01.11 02:48:42.605,0.9011,0.90135,3.30,8.90
2010.01.11 02:48:42.726,0.9011,0.9013,3.20,1.00
2010.01.11 02:48:43.825,0.9011,0.9013,3.30,1.00
2010.01.11 02:48:45.025,0.9011,0.9013,1.60,1.70
2010.01.11 02:48:45.135,0.9011,0.9013,1.60,2.50
2010.01.11 02:48:45.595,0.9011,0.9013,1.60,2.90
2010.01.11 02:48:45.835,0.9011,0.9013,1.60,2.80
2010.01.11 02:48:46.005,0.9011,0.9013,1.60,2.90
2010.01.11 02:48:46.754,0.9011,0.90125,1.60,1.00
2010.01.11 02:48:46.874,0.9011,0.90125,1.60,1.00
2010.01.11 02:48:51.903,0.9011,0.9013,1.60,11.30
2010.01.11 02:48:52.183,0.9011,0.9013,1.60,6.10
2010.01.11 02:48:52.853,0.9011,0.9013,1.60,2.50
2010.01.11 02:48:53.883,0.9011,0.9013,1.60,5.70
2010.01.11 02:48:54.233,0.90105,0.90125,8.70,2.80
2010.01.11 02:48:54.573,0.90105,0.90125,2.30,2.80
2010.01.11 02:48:54.743,0.90105,0.90125,2.40,1.60
2010.01.11 02:48:54.923,0.90105,0.9013,2.40,6.10
2010.01.11 02:48:55.102,0.90105,0.9013,9.60,2.10
2010.01.11 02:48:55.272,0.90105,0.9013,13.60,2.10
2010.01.11 02:48:56.252,0.90105,0.9013,13.70,2.00
2010.01.11 02:48:56.482,0.90105,0.9013,13.60,2.10
2010.01.11 02:48:56.762,0.90105,0.9013,5.60,2.10
2010.01.11 02:48:57.742,0.9011,0.9013,1.00,1.60
2010.01.11 02:48:58.251,0.9011,0.90135,2.40,8.50
2010.01.11 02:48:59.061,0.9011,0.90135,2.50,8.50
2010.01.11 02:48:59.451,0.9011,0.90135,5.70,7.70
2010.01.11 02:49:01.891,0.9011,0.90135,5.70,4.10
2010.01.11 02:49:02.130,0.9011,0.90135,13.70,4.00
2010.01.11 02:49:02.360,0.9011,0.90135,13.70,2.40
2010.01.11 02:49:03.470,0.9011,0.90135,13.70,6.00
2010.01.11 02:49:03.650,0.9011,0.90135,13.70,6.10
2010.01.11 02:49:03.710,0.9011,0.90135,13.70,2.50
2010.01.11 02:49:03.770,0.9011,0.90135,13.70,2.40
2010.01.11 02:49:03.890,0.9011,0.90135,9.70,2.40
2010.01.11 02:49:04.350,0.9011,0.90135,10.90,2.40
2010.01.11 02:49:06.630,0.9011,0.90135,14.90,2.80
2010.01.11 02:49:06.980,0.9011,0.90135,4.10,8.10
2010.01.11 02:49:07.319,0.9011,0.9013,4.00,1.00
2010.01.11 02:49:07.559,0.9011,0.90135,4.10,8.10
2010.01.11 02:49:07.729,0.9011,0.9013,4.00,1.00
2010.01.11 02:49:08.250,0.9011,0.9013,7.20,1.00
2010.01.11 02:49:08.369,0.9011,0.90135,11.30,2.50
2010.01.11 02:49:08.719,0.90115,0.90135,1.00,3.70
2010.01.11 02:49:10.329,0.9011,0.9013,2.00,2.50
2010.01.11 02:49:10.439,0.9011,0.9013,1.70,2.40
2010.01.11 02:49:11.078,0.9011,0.9013,1.70,10.00
2010.01.11 02:49:11.419,0.9011,0.9013,2.50,1.60
2010.01.11 02:49:11.778,0.9011,0.90135,4.10,8.50
2010.01.11 02:49:12.168,0.9011,0.9013,2.50,1.60
2010.01.11 02:49:12.508,0.9011,0.9013,1.60,1.70
2010.01.11 02:49:15.317,0.9011,0.9013,1.60,2.10
2010.01.11 02:49:15.427,0.9011,0.90125,1.60,1.00
2010.01.11 02:49:16.767,0.9011,0.9013,1.60,2.90
2010.01.11 02:49:17.177,0.9011,0.9013,2.40,1.70
2010.01.11 02:49:17.297,0.9011,0.9013,6.40,1.70
2010.01.11 02:49:18.327,0.9011,0.9013,8.00,1.00
2010.01.11 02:49:19.017,0.9011,0.9013,4.10,1.00
2010.01.11 02:49:19.357,0.9011,0.9013,2.40,1.60
2010.01.11 02:49:19.537,0.9011,0.9013,2.80,1.60
2010.01.11 02:49:19.597,0.9011,0.9013,6.00,1.60
2010.01.11 02:49:19.776,0.9011,0.9013,2.40,1.60
2010.01.11 02:49:20.976,0.9011,0.9013,7.20,1.60
2010.01.11 02:49:21.316,0.9011,0.9013,1.60,1.60
2010.01.11 02:49:21.906,0.9011,0.9013,2.40,1.60
2010.01.11 02:49:22.896,0.9011,0.9013,2.80,1.60
2010.01.11 02:49:23.466,0.9011,0.90135,7.60,6.40
2010.01.11 02:49:23.585,0.9011,0.90135,9.20,6.40
2010.01.11 02:49:23.745,0.9011,0.9013,2.80,1.60
2010.01.11 02:49:24.096,0.9011,0.9013,2.40,1.60
2010.01.11 02:49:25.845,0.9011,0.90135,7.60,6.80
2010.01.11 02:49:26.075,0.9011,0.90135,9.20,2.40
2010.01.11 02:49:27.635,0.9011,0.9013,7.60,1.60
2010.01.11 02:49:27.874,0.9011,0.9013,2.80,1.60
2010.01.11 02:49:28.324,0.9011,0.9013,6.00,1.60
2010.01.11 02:49:28.434,0.9011,0.90135,7.70,6.40
2010.01.11 02:49:28.555,0.9011,0.90135,7.70,2.40
2010.01.11 02:49:29.344,0.9011,0.90135,11.70,2.40
2010.01.11 02:49:30.024,0.9011,0.90135,11.70,2.50
2010.01.11 02:49:30.354,0.9011,0.9013,2.40,1.70
2010.01.11 02:49:30.584,0.9011,0.9013,2.40,1.60
2010.01.11 02:49:30.874,0.9011,0.9013,6.40,1.60
2010.01.11 02:49:30.994,0.9011,0.9013,6.80,1.60
2010.01.11 02:49:31.454,0.9011,0.90135,11.70,2.40
2010.01.11 02:49:31.844,0.9011,0.90135,14.50,2.40
2010.01.11 02:49:32.193,0.9011,0.90135,13.30,2.40
2010.01.11 02:49:32.823,0.9011,0.90135,13.20,2.40
2010.01.11 02:49:32.943,0.9011,0.90135,13.30,2.40
2010.01.11 02:49:33.443,0.9011,0.9013,11.70,1.60
2010.01.11 02:49:33.613,0.9011,0.9013,11.60,1.60
2010.01.11 02:49:33.833,0.9011,0.9013,6.80,1.60
2010.01.11 02:49:34.063,0.9011,0.9013,6.00,1.60
2010.01.11 02:49:34.283,0.9011,0.9013,8.40,1.60
2010.01.11 02:49:34.463,0.9011,0.9013,2.80,1.60
2010.01.11 02:49:34.923,0.9011,0.9013,2.40,1.60
2010.01.11 02:49:35.193,0.9011,0.9013,2.80,1.60
2010.01.11 02:49:35.942,0.9011,0.9013,2.90,1.60
2010.01.11 02:49:40.902,0.90105,0.9013,19.70,1.60
2010.01.11 02:49:41.081,0.9011,0.9013,4.50,1.60
2010.01.11 02:49:41.201,0.9011,0.9013,2.90,1.60
2010.01.11 02:49:41.321,0.9011,0.9013,7.70,1.60
2010.01.11 02:49:41.601,0.9011,0.9013,6.10,1.60
2010.01.11 02:49:41.961,0.9011,0.9013,7.70,1.60
2010.01.11 02:49:42.241,0.9011,0.9013,2.90,1.60
2010.01.11 02:49:42.461,0.9011,0.9013,7.70,1.60
2010.01.11 02:49:42.691,0.9011,0.9013,2.90,1.60
2010.01.11 02:49:42.901,0.9011,0.9013,7.70,1.60
2010.01.11 02:49:43.261,0.9011,0.90135,9.30,2.40
2010.01.11 02:49:43.771,0.9011,0.9013,7.70,1.60
2010.01.11 02:49:44.011,0.9011,0.9013,6.10,1.60
2010.01.11 02:49:44.300,0.9011,0.9013,6.90,1.60
2010.01.11 02:49:44.540,0.9011,0.9013,6.10,1.60
2010.01.11 02:49:44.820,0.9011,0.9013,8.50,1.60
2010.01.11 02:49:44.930,0.9011,0.9013,6.90,1.60
2010.01.11 02:49:45.050,0.9011,0.9013,6.10,1.60
2010.01.11 02:49:45.160,0.9011,0.9013,7.70,1.60
2010.01.11 02:49:45.270,0.9011,0.9013,11.70,1.60
2010.01.11 02:49:45.740,0.9011,0.90135,13.30,2.40
2010.01.11 02:49:46.390,0.9011,0.90135,4.50,3.20
2010.01.11 02:49:46.620,0.9011,0.90135,9.30,2.40
2010.01.11 02:49:46.860,0.9011,0.90135,8.50,3.20
2010.01.11 02:49:47.080,0.9011,0.90135,9.30,2.40
2010.01.11 02:49:47.260,0.9011,0.90135,6.10,3.20
2010.01.11 02:49:47.490,0.9011,0.90135,4.50,3.20
2010.01.11 02:49:47.730,0.9011,0.90135,13.30,2.40
2010.01.11 02:49:47.900,0.9011,0.90135,4.50,3.20
2010.01.11 02:49:48.140,0.9011,0.9013,6.10,1.60
2010.01.11 02:49:48.300,0.9011,0.9013,11.70,1.60
2010.01.11 02:49:49.549,0.9011,0.9013,11.60,1.60
2010.01.11 02:49:49.789,0.9011,0.9013,2.90,1.60
2010.01.11 02:49:53.418,0.9011,0.90135,4.50,2.50
2010.01.11 02:49:53.658,0.9011,0.90135,7.70,1.70
2010.01.11 02:49:53.838,0.9011,0.90135,11.70,1.70
2010.01.11 02:50:02.216,0.9011,0.9013,1.60,1.70
2010.01.11 02:50:10.134,0.9011,0.9013,2.40,1.70
2010.01.11 02:50:10.194,0.9011,0.9013,2.50,1.60
2010.01.11 02:50:10.424,0.9011,0.9013,6.50,1.60
2010.01.11 02:50:10.534,0.9011,0.9013,9.70,1.60
2010.01.11 02:50:14.353,0.9011,0.9013,11.30,1.60
2010.01.11 02:50:14.693,0.9011,0.90135,16.90,1.60
2010.01.11 02:50:16.713,0.9011,0.90135,18.10,1.60
2010.01.11 02:50:18.632,0.9011,0.90135,18.50,1.60
2010.01.11 02:50:18.692,0.90115,0.90135,1.00,1.60
2010.01.11 02:50:19.732,0.9011,0.90135,16.90,1.60
2010.01.11 02:50:20.032,0.9011,0.90135,12.80,1.60
2010.01.11 02:50:21.012,0.9011,0.90135,12.90,1.60
2010.01.11 02:50:22.011,0.9011,0.90135,11.30,1.60
2010.01.11 02:50:22.701,0.9011,0.9013,5.70,1.60
2010.01.11 02:50:23.061,0.9011,0.90135,11.70,1.70
2010.01.11 02:50:24.451,0.9011,0.90135,7.20,6.50
2010.01.11 02:50:24.671,0.9011,0.90135,7.20,1.70
2010.01.11 02:50:25.021,0.9011,0.90135,7.70,1.70
2010.01.11 02:50:25.201,0.9011,0.90135,11.70,1.70
2010.01.11 02:50:27.230,0.9011,0.9013,10.10,1.60
2010.01.11 02:50:27.460,0.9011,0.9013,6.10,1.60
2010.01.11 02:50:27.740,0.9011,0.9013,5.70,1.60
2010.01.11 02:50:28.260,0.9011,0.9013,2.50,1.60
2010.01.11 02:50:28.500,0.9011,0.9013,2.40,1.60
2010.01.11 02:50:29.939,0.9011,0.9013,2.50,1.60
2010.01.11 02:50:30.509,0.9011,0.9013,5.70,1.60
2010.01.11 02:50:30.570,0.9011,0.90135,7.30,1.70
2010.01.11 02:50:30.749,0.9011,0.9013,5.70,1.60
2010.01.11 02:50:32.179,0.9011,0.9013,2.50,1.60
2010.01.11 02:50:41.807,0.9011,0.9013,2.50,1.70
2010.01.11 02:50:43.416,0.9011,0.90135,4.10,6.00
2010.01.11 02:50:43.586,0.9011,0.90135,8.50,1.60
2010.01.11 02:50:43.646,0.9011,0.90135,12.50,1.60
2010.01.11 02:50:43.706,0.9011,0.90135,7.70,1.60
2010.01.11 02:50:43.756,0.90115,0.90135,1.00,1.60
2010.01.11 02:50:46.276,0.9011,0.90135,15.70,1.70
2010.01.11 02:50:46.636,0.9011,0.90135,11.30,1.70
2010.01.11 02:50:46.875,0.9011,0.90135,15.30,1.70
2010.01.11 02:50:48.225,0.90115,0.90135,1.00,1.70
2010.01.11 02:50:48.335,0.90115,0.90135,1.00,1.60
2010.01.11 02:50:52.194,0.90115,0.90135,4.00,1.60
2010.01.11 02:50:53.174,0.90115,0.9014,6.90,1.60
2010.01.11 02:50:53.234,0.90115,0.9014,10.90,1.60
2010.01.11 02:50:57.193,0.90115,0.9014,6.90,1.60
2010.01.11 02:50:57.373,0.90115,0.90135,5.30,1.60
2010.01.11 02:50:57.493,0.90115,0.90135,1.00,1.60
2010.01.11 02:50:58.662,0.9011,0.90135,18.10,1.60
2010.01.11 02:50:59.053,0.90115,0.90135,2.40,1.60
2010.01.11 02:50:59.643,0.90115,0.90135,1.00,1.60
2010.01.11 02:50:59.913,0.90115,0.90135,1.60,1.60
2010.01.11 02:51:00.202,0.9011,0.90135,16.50,1.60
2010.01.11 02:51:01.092,0.90115,0.90135,1.00,1.60
2010.01.11 02:51:01.372,0.90115,0.90135,4.00,1.60
2010.01.11 02:51:02.202,0.90115,0.90135,5.60,1.60
2010.01.11 02:51:02.712,0.90115,0.90135,2.40,1.60
2010.01.11 02:51:02.822,0.90115,0.90135,1.00,1.60
2010.01.11 02:51:03.291,0.9011,0.90135,16.90,1.60
2010.01.11 02:51:03.572,0.9011,0.90135,16.50,1.60
2010.01.11 02:51:10.120,0.9012,0.9014,1.00,1.60
2010.01.11 02:51:10.470,0.9012,0.9014,1.00,1.60
2010.01.11 02:51:11.200,0.9012,0.9014,8.10,1.60
2010.01.11 02:51:12.079,0.9012,0.90145,10.90,2.40
2010.01.11 02:51:12.469,0.9013,0.90145,1.00,2.40
2010.01.11 02:51:14.889,0.9013,0.90145,1.00,1.00
2010.01.11 02:51:17.788,0.90125,0.90145,4.10,1.00
2010.01.11 02:51:17.908,0.90125,0.90145,2.50,1.00
2010.01.11 02:51:18.248,0.90125,0.90145,5.70,1.00
2010.01.11 02:51:18.358,0.90125,0.90145,6.90,1.00
2010.01.11 02:51:20.428,0.9013,0.90145,1.00,1.00
2010.01.11 02:51:20.727,0.9013,0.90145,1.00,2.40
2010.01.11 02:51:21.637,0.9013,0.90145,1.00,1.00
2010.01.11 02:51:22.347,0.9013,0.90145,1.00,1.00
2010.01.11 02:51:23.267,0.90135,0.90145,1.00,1.00
2010.01.11 02:51:27.536,0.90135,0.90145,1.00,1.00
2010.01.11 02:51:27.715,0.9014,0.90145,1.00,1.00
2010.01.11 02:51:27.996,0.9014,0.90145,1.00,1.00
2010.01.11 02:51:28.525,0.9014,0.90145,1.00,1.00
2010.01.11 02:51:28.855,0.90135,0.90145,9.70,1.00
2010.01.11 02:51:29.195,0.9013,0.90145,2.30,1.00
2010.01.11 02:51:29.495,0.9013,0.90145,1.60,1.00
2010.01.11 02:51:31.075,0.9013,0.90145,2.40,1.00
2010.01.11 02:51:31.305,0.90135,0.90145,1.70,1.60
2010.01.11 02:51:31.755,0.90135,0.9015,1.60,9.20
2010.01.11 02:51:32.095,0.90135,0.90155,5.70,11.60
2010.01.11 02:51:32.445,0.90135,0.90155,2.50,7.60
2010.01.11 02:51:32.834,0.90135,0.9015,8.90,1.60
2010.01.11 02:51:33.174,0.9014,0.90155,1.00,4.00
2010.01.11 02:51:33.514,0.9014,0.90155,1.60,4.00
2010.01.11 02:51:33.814,0.90135,0.90155,2.50,4.00
2010.01.11 02:51:34.094,0.9014,0.90155,4.50,6.40
2010.01.11 02:51:34.314,0.9014,0.90155,1.70,4.00
2010.01.11 02:51:34.594,0.90135,0.90155,3.60,4.00
2010.01.11 02:51:34.954,0.9014,0.90155,1.00,4.00
2010.01.11 02:51:35.304,0.9014,0.90155,1.70,4.00
2010.01.11 02:51:35.714,0.90135,0.90155,9.70,4.00
2010.01.11 02:51:36.114,0.9014,0.90155,1.00,4.00
2010.01.11 02:51:36.463,0.90135,0.90155,1.60,4.10
2010.01.11 02:51:36.803,0.90135,0.90155,5.20,7.70
2010.01.11 02:51:37.204,0.9014,0.90155,5.20,14.10
2010.01.11 02:51:37.763,0.9013,0.90155,1.60,14.10
2010.01.11 02:51:38.033,0.9013,0.90155,1.70,14.10
2010.01.11 02:51:39.123,0.9013,0.90155,2.50,14.10
2010.01.11 02:51:39.463,0.90135,0.90155,1.60,11.60
2010.01.11 02:51:39.853,0.90135,0.90155,2.40,4.00
2010.01.11 02:51:40.023,0.90135,0.90155,2.50,4.00
2010.01.11 02:51:40.413,0.9013,0.90155,14.20,2.40
2010.01.11 02:51:40.633,0.90135,0.90155,2.50,2.40
2010.01.11 02:51:40.973,0.90135,0.90155,2.50,6.40
2010.01.11 02:51:41.313,0.90135,0.90155,2.50,2.40
2010.01.11 02:51:41.702,0.90135,0.90155,4.10,6.40
2010.01.11 02:51:42.052,0.90135,0.90155,4.10,8.00
2010.01.11 02:51:42.402,0.90135,0.90155,1.70,8.00
2010.01.11 02:51:42.792,0.9013,0.90155,13.70,8.10
2010.01.11 02:51:43.022,0.9013,0.90155,9.30,14.10
2010.01.11 02:51:43.252,0.90135,0.90155,1.00,17.20
2010.01.11 02:51:43.472,0.9014,0.90155,1.00,4.00
2010.01.11 02:51:44.102,0.90135,0.90155,2.40,2.40
2010.01.11 02:51:44.442,0.9013,0.90155,4.10,12.40
2010.01.11 02:51:44.782,0.9013,0.90155,3.20,16.50
2010.01.11 02:51:45.023,0.9013,0.90155,3.30,19.60
2010.01.11 02:51:45.261,0.9013,0.90155,1.70,19.60
2010.01.11 02:51:45.472,0.9013,0.90155,2.50,19.60
2010.01.11 02:51:45.682,0.9013,0.90155,4.00,19.70
2010.01.11 02:51:45.901,0.9013,0.9015,4.00,1.00
2010.01.11 02:51:46.231,0.9013,0.90155,1.60,16.50
2010.01.11 02:51:46.571,0.9013,0.90155,1.60,19.70
2010.01.11 02:51:46.971,0.9013,0.90155,1.60,21.30
2010.01.11 02:51:47.301,0.9013,0.90155,1.60,15.60
2010.01.11 02:51:47.641,0.90125,0.9015,6.10,5.20
2010.01.11 02:51:48.271,0.9013,0.90155,1.70,16.40
2010.01.11 02:51:48.561,0.9013,0.9015,1.00,1.60
2010.01.11 02:51:48.830,0.9013,0.90155,1.70,16.40
2010.01.11 02:51:49.160,0.9013,0.9015,1.70,1.00
2010.01.11 02:51:49.500,0.90125,0.9015,6.10,2.00
2010.01.11 02:51:49.840,0.90135,0.90155,1.00,7.60
2010.01.11 02:51:50.200,0.9013,0.90155,2.40,5.20
2010.01.11 02:51:50.420,0.9013,0.90155,1.60,17.30
2010.01.11 02:51:50.591,0.90125,0.9015,4.50,2.40
2010.01.11 02:51:50.771,0.90125,0.9015,2.90,2.40
2010.01.11 02:51:51.000,0.90125,0.9015,15.30,1.60
2010.01.11 02:51:51.170,0.9013,0.9015,1.00,1.60
2010.01.11 02:51:51.870,0.9013,0.90155,3.20,14.10
2010.01.11 02:51:52.220,0.90135,0.90155,1.00,15.60
2010.01.11 02:51:52.570,0.90135,0.90155,1.00,8.40
2010.01.11 02:51:52.909,0.90135,0.90155,1.00,13.60
2010.01.11 02:51:53.250,0.9013,0.9015,1.60,1.60
2010.01.11 02:51:53.480,0.9013,0.9015,1.30,1.60
2010.01.11 02:51:53.709,0.9013,0.90155,2.90,18.10
2010.01.11 02:51:53.939,0.9013,0.90155,6.10,17.20
2010.01.11 02:51:54.180,0.90135,0.90155,1.00,15.60
2010.01.11 02:51:54.419,0.9014,0.90155,1.00,8.40
2010.01.11 02:51:54.759,0.90135,0.9015,2.10,1.00
2010.01.11 02:51:55.109,0.90135,0.9015,2.50,1.00
2010.01.11 02:51:56.019,0.9013,0.9015,7.50,1.00
2010.01.11 02:51:56.229,0.9013,0.9015,6.40,1.00
2010.01.11 02:51:56.459,0.90135,0.9015,5.20,1.00
2010.01.11 02:51:56.809,0.90135,0.9015,1.00,1.00
2010.01.11 02:51:57.678,0.90135,0.90145,1.00,1.00
2010.01.11 02:51:58.598,0.90135,0.90145,2.50,1.00
2010.01.11 02:51:59.008,0.90135,0.90145,1.70,1.00
2010.01.11 02:51:59.248,0.90135,0.90145,2.50,1.00
2010.01.11 02:51:59.958,0.90135,0.90145,1.00,1.00
2010.01.11 02:52:00.238,0.90135,0.90145,1.00,1.00
2010.01.11 02:52:01.947,0.90135,0.90145,1.00,1.00
2010.01.11 02:52:02.847,0.9013,0.90145,3.30,1.00
2010.01.11 02:52:02.957,0.9013,0.90145,6.50,1.00
2010.01.11 02:52:03.297,0.9013,0.90145,11.70,1.00
2010.01.11 02:52:03.417,0.90135,0.90145,1.00,1.00
2010.01.11 02:52:03.577,0.90135,0.90145,1.00,1.00
2010.01.11 02:52:03.807,0.90135,0.90145,2.50,1.00
2010.01.11 02:52:04.147,0.90135,0.90145,3.30,1.00
2010.01.11 02:52:04.827,0.90135,0.90145,1.00,1.00
2010.01.11 02:52:05.407,0.90135,0.90145,1.00,1.00
2010.01.11 02:52:06.506,0.9013,0.90145,1.30,1.00
2010.01.11 02:52:06.917,0.9013,0.90145,1.00,1.00
2010.01.11 02:52:07.216,0.9013,0.90145,6.80,1.00
2010.01.11 02:52:07.516,0.9013,0.90145,7.20,1.00
2010.01.11 02:52:07.806,0.9013,0.90145,2.00,1.00
2010.01.11 02:52:07.966,0.9013,0.90145,2.10,1.00
2010.01.11 02:52:08.496,0.9013,0.90145,1.70,1.00
2010.01.11 02:52:08.676,0.90125,0.90145,2.40,1.00
2010.01.11 02:52:08.846,0.90125,0.90145,2.50,1.00
2010.01.11 02:52:09.236,0.9013,0.90145,1.00,1.00
2010.01.11 02:52:09.586,0.9013,0.90145,1.00,1.00
2010.01.11 02:52:09.925,0.9013,0.90135,1.00,1.00
2010.01.11 02:52:10.145,0.90125,0.90135,4.10,1.00
2010.01.11 02:52:10.325,0.9013,0.90135,1.00,1.00
2010.01.11 02:52:10.505,0.9013,0.90135,1.00,1.00
2010.01.11 02:52:10.676,0.9013,0.90135,1.00,1.00
2010.01.11 02:52:10.905,0.9013,0.9014,1.00,1.00
2010.01.11 02:52:11.425,0.9013,0.9014,6.50,1.00
2010.01.11 02:52:11.775,0.90135,0.9014,1.00,1.00
2010.01.11 02:52:12.175,0.90135,0.9014,1.00,1.00
2010.01.11 02:52:12.525,0.9013,0.9014,3.30,1.00
2010.01.11 02:52:13.515,0.9013,0.9014,2.90,1.00
2010.01.11 02:52:13.794,0.9013,0.9014,3.30,1.00
2010.01.11 02:52:14.645,0.9013,0.9014,6.50,1.00
2010.01.11 02:52:14.884,0.9013,0.9014,2.90,1.00
2010.01.11 02:52:15.064,0.9013,0.9014,6.50,1.00
2010.01.11 02:52:15.294,0.9013,0.9015,6.50,1.00
2010.01.11 02:52:17.064,0.90135,0.9015,1.00,1.00
2010.01.11 02:52:17.534,0.9013,0.9015,3.30,1.00
2010.01.11 02:52:17.774,0.9013,0.9015,2.90,1.00
2010.01.11 02:52:18.413,0.9013,0.9015,3.30,1.00
2010.01.11 02:52:19.183,0.90135,0.9015,2.40,1.00
2010.01.11 02:52:19.413,0.9014,0.9015,2.00,1.00
2010.01.11 02:52:19.593,0.9014,0.9015,1.00,1.00
2010.01.11 02:52:20.043,0.9014,0.9015,2.40,1.00
2010.01.11 02:52:20.913,0.90145,0.9015,1.00,1.00
2010.01.11 02:52:21.023,0.90145,0.9015,2.50,1.00
2010.01.11 02:52:21.303,0.9014,0.9015,2.80,1.00
2010.01.11 02:52:21.473,0.9014,0.9015,2.00,1.00
2010.01.11 02:52:21.822,0.90145,0.9015,5.20,1.00
2010.01.11 02:52:22.172,0.9014,0.90145,7.20,1.00
2010.01.11 02:52:22.702,0.9014,0.90155,2.00,2.40
2010.01.11 02:52:22.872,0.9014,0.90145,2.10,1.00
2010.01.11 02:52:23.932,0.9014,0.9015,2.10,1.00
2010.01.11 02:52:25.962,0.9014,0.90145,2.10,1.00
2010.01.11 02:52:29.531,0.9014,0.90145,4.50,1.00
2010.01.11 02:52:29.820,0.9014,0.90145,3.70,1.00
2010.01.11 02:52:30.051,0.9014,0.9015,4.50,1.00
2010.01.11 02:52:30.230,0.9014,0.9015,7.70,1.00
2010.01.11 02:52:30.450,0.90145,0.9016,1.60,9.60
2010.01.11 02:52:30.671,0.90145,0.9016,1.60,10.40
2010.01.11 02:52:30.780,0.90145,0.9016,1.60,9.60
2010.01.11 02:52:31.140,0.90145,0.9016,1.60,9.70
2010.01.11 02:52:31.480,0.9014,0.90155,3.60,1.60
2010.01.11 02:52:31.820,0.90135,0.90155,3.60,2.40
2010.01.11 02:52:32.120,0.90135,0.90155,3.20,15.30
2010.01.11 02:52:32.410,0.90135,0.90155,1.60,15.30
2010.01.11 02:52:33.910,0.90135,0.90155,1.60,10.50
2010.01.11 02:52:34.090,0.90135,0.90155,1.60,10.80
2010.01.11 02:52:34.270,0.90135,0.90155,1.60,12.40
2010.01.11 02:52:34.550,0.9013,0.90155,1.60,17.20
2010.01.11 02:52:34.830,0.9013,0.90155,1.60,20.40
2010.01.11 02:52:35.419,0.9013,0.90155,2.40,17.20
2010.01.11 02:52:35.589,0.9013,0.90155,2.80,11.70
2010.01.11 02:52:35.759,0.9013,0.90155,2.80,8.50
2010.01.11 02:52:35.999,0.9013,0.90155,2.80,12.50
2010.01.11 02:52:36.179,0.9013,0.90155,2.80,8.50
2010.01.11 02:52:36.410,0.9013,0.90155,6.00,3.70
2010.01.11 02:52:36.749,0.9013,0.90155,6.10,5.60
2010.01.11 02:52:37.099,0.90135,0.90155,2.50,9.60
2010.01.11 02:52:37.389,0.90135,0.90155,1.60,5.60
2010.01.11 02:52:37.739,0.90135,0.90155,1.60,2.00
2010.01.11 02:52:38.149,0.90135,0.90155,1.60,3.60
2010.01.11 02:52:39.069,0.90135,0.90155,1.60,3.20
2010.01.11 02:52:39.238,0.90135,0.90155,1.60,1.60
2010.01.11 02:52:39.468,0.90135,0.90155,1.60,4.00
2010.01.11 02:52:39.758,0.9013,0.90155,2.90,8.00
2010.01.11 02:52:40.048,0.9013,0.90155,2.90,12.00
2010.01.11 02:52:40.398,0.9013,0.90155,6.10,3.20
2010.01.11 02:52:40.568,0.90135,0.90155,1.60,7.20
2010.01.11 02:52:40.788,0.90135,0.90155,1.60,8.00
2010.01.11 02:52:41.358,0.9013,0.90155,6.10,4.10
2010.01.11 02:52:41.539,0.90135,0.90155,1.60,8.10
2010.01.11 02:52:41.878,0.9014,0.90155,1.00,2.40
2010.01.11 02:52:42.288,0.90135,0.90155,8.90,2.40
2010.01.11 02:52:42.618,0.90135,0.90155,4.50,2.40
2010.01.11 02:52:43.087,0.9014,0.90155,1.60,6.50
2010.01.11 02:52:43.317,0.90135,0.9015,1.60,1.00
2010.01.11 02:52:43.497,0.90135,0.9015,2.80,1.00
2010.01.11 02:52:43.727,0.90135,0.9015,1.60,1.00
2010.01.11 02:52:44.477,0.9014,0.9015,1.60,1.00
2010.01.11 02:52:45.177,0.90135,0.9015,1.60,1.00
2010.01.11 02:52:45.527,0.90135,0.9015,6.80,1.00
2010.01.11 02:52:45.867,0.90135,0.9015,1.60,1.00
2010.01.11 02:52:48.706,0.90135,0.90145,1.70,1.00
2010.01.11 02:52:48.826,0.9014,0.90145,1.00,1.00
2010.01.11 02:52:49.157,0.9014,0.90145,1.70,1.00
2010.01.11 02:52:49.516,0.9014,0.90145,1.00,1.00
2010.01.11 02:52:50.236,0.9014,0.90145,1.70,1.00
2010.01.11 02:52:50.586,0.9014,0.90145,1.60,1.00
2010.01.11 02:52:51.376,0.90135,0.90145,1.70,1.00
2010.01.11 02:52:51.605,0.9014,0.90145,1.60,1.00
2010.01.11 02:52:52.925,0.9013,0.90145,2.00,1.00
2010.01.11 02:52:53.095,0.9013,0.90145,1.60,1.00
2010.01.11 02:52:53.435,0.9013,0.90145,2.00,1.00
2010.01.11 02:52:53.545,0.9013,0.90145,7.30,1.00
2010.01.11 02:52:53.705,0.9013,0.90145,2.10,1.00
2010.01.11 02:52:53.985,0.9013,0.90145,1.70,1.00
2010.01.11 02:52:55.465,0.9013,0.90145,1.60,1.00
2010.01.11 02:52:55.575,0.9013,0.9015,1.60,5.20
2010.01.11 02:52:55.635,0.90125,0.9015,2.90,6.90
2010.01.11 02:52:55.745,0.90125,0.9015,2.80,6.80
2010.01.11 02:52:55.804,0.90125,0.9015,2.00,10.00
2010.01.11 02:52:55.964,0.90125,0.9015,1.60,10.00
2010.01.11 02:52:56.424,0.90125,0.90145,1.60,1.20
2010.01.11 02:52:58.044,0.90125,0.90145,1.60,1.00
2010.01.11 02:52:58.334,0.90125,0.90145,1.60,5.70
2010.01.11 02:52:58.454,0.90125,0.90145,1.60,10.50
2010.01.11 02:52:58.564,0.9012,0.90145,1.60,16.10
2010.01.11 02:52:58.854,0.9012,0.90145,2.00,17.70
2010.01.11 02:52:58.964,0.90125,0.90145,1.60,8.90
2010.01.11 02:52:59.134,0.9012,0.90145,2.00,12.10
2010.01.11 02:52:59.253,0.9012,0.90145,2.80,8.90
2010.01.11 02:52:59.364,0.9012,0.90145,2.80,7.70
2010.01.11 02:52:59.714,0.90125,0.90145,1.60,14.00
2010.01.11 02:53:00.063,0.90125,0.90145,1.60,6.00
2010.01.11 02:53:01.853,0.90125,0.90145,1.60,2.80
2010.01.11 02:53:02.213,0.90125,0.90145,1.60,1.20
2010.01.11 02:53:02.563,0.90125,0.90145,1.60,2.80
2010.01.11 02:53:02.893,0.90125,0.90145,1.60,2.40
2010.01.11 02:53:03.172,0.90125,0.90145,1.60,1.00
2010.01.11 02:53:04.572,0.90125,0.9015,1.60,20.90
2010.01.11 02:53:04.682,0.90125,0.9015,2.10,16.40
2010.01.11 02:53:04.904,0.90125,0.9015,4.10,7.20
2010.01.11 02:53:05.132,0.9013,0.9015,2.00,1.00
2010.01.11 02:53:05.352,0.9013,0.9015,1.60,4.80
2010.01.11 02:53:05.632,0.9013,0.9015,1.60,8.80
2010.01.11 02:53:06.012,0.90125,0.9015,2.00,6.40
2010.01.11 02:53:07.012,0.90125,0.9015,2.80,3.20
2010.01.11 02:53:07.641,0.9013,0.9015,1.60,1.00
2010.01.11 02:53:08.671,0.90125,0.9015,10.50,2.40
2010.01.11 02:53:08.791,0.90125,0.9015,7.30,3.20
2010.01.11 02:53:09.531,0.90125,0.9015,2.10,11.20
2010.01.11 02:53:09.881,0.90125,0.9015,2.00,7.20
2010.01.11 02:53:10.101,0.90125,0.9015,2.00,3.60
2010.01.11 02:53:10.281,0.90125,0.9015,2.40,9.20
2010.01.11 02:53:10.521,0.90125,0.9015,1.60,10.80
2010.01.11 02:53:10.751,0.90125,0.90145,1.60,1.00
2010.01.11 02:53:11.991,0.90125,0.9014,1.60,1.00
2010.01.11 02:53:12.281,0.9012,0.90145,1.60,6.10
2010.01.11 02:53:12.580,0.9012,0.90145,1.60,16.90
2010.01.11 02:53:12.870,0.9012,0.90145,1.60,6.90
2010.01.11 02:53:13.160,0.9012,0.90145,1.60,20.10
2010.01.11 02:53:13.330,0.9012,0.90145,1.60,9.30
2010.01.11 02:53:13.560,0.9012,0.90145,1.60,16.90
2010.01.11 02:53:13.780,0.9012,0.90145,1.60,10.10
2010.01.11 02:53:14.000,0.9012,0.90145,1.60,20.10
2010.01.11 02:53:14.300,0.9012,0.90145,1.60,6.10
2010.01.11 02:53:14.640,0.9012,0.90145,1.60,13.70
2010.01.11 02:53:14.940,0.90125,0.90145,1.60,10.10
2010.01.11 02:53:15.230,0.90125,0.90145,1.60,1.70
2010.01.11 02:53:15.450,0.90125,0.90145,1.60,1.00
2010.01.11 02:53:17.409,0.9012,0.90145,3.90,6.50
2010.01.11 02:53:17.819,0.90125,0.90145,1.60,4.90
2010.01.11 02:53:18.949,0.9012,0.90145,3.90,6.50
2010.01.11 02:53:19.119,0.90125,0.90145,1.60,4.90
2010.01.11 02:53:19.169,0.90125,0.90145,1.60,1.00
2010.01.11 02:53:19.339,0.90125,0.90145,1.60,1.00
2010.01.11 02:53:21.808,0.90125,0.9015,1.60,17.70
2010.01.11 02:53:22.098,0.90125,0.9014,2.80,1.00
2010.01.11 02:53:22.388,0.9013,0.9014,1.00,1.00
2010.01.11 02:53:23.168,0.90125,0.9015,3.20,3.70
2010.01.11 02:53:24.027,0.90125,0.9015,3.30,3.70
2010.01.11 02:53:25.137,0.9013,0.9015,1.00,3.60
2010.01.11 02:53:25.257,0.9013,0.9015,2.10,1.00
2010.01.11 02:53:25.428,0.90135,0.9015,1.00,1.00
2010.01.11 02:53:27.257,0.9013,0.9015,2.10,1.00
2010.01.11 02:53:27.487,0.9013,0.9015,2.40,1.00
2010.01.11 02:53:27.767,0.9013,0.9015,1.00,1.60
2010.01.11 02:53:27.997,0.9013,0.9015,1.00,1.70
2010.01.11 02:53:29.166,0.9013,0.9015,1.70,1.70
2010.01.11 02:53:29.636,0.90125,0.9015,2.10,8.50
2010.01.11 02:53:29.866,0.9012,0.9015,16.60,10.10
2010.01.11 02:53:30.416,0.90125,0.90145,1.60,1.00
2010.01.11 02:53:30.696,0.90125,0.9015,1.60,21.00
2010.01.11 02:53:31.336,0.90125,0.90145,1.60,1.30
2010.01.11 02:53:32.046,0.90125,0.90145,2.10,1.00
2010.01.11 02:53:32.345,0.90125,0.90145,2.50,1.00
2010.01.11 02:53:32.975,0.90125,0.90145,3.30,1.00
2010.01.11 02:53:33.317,0.9013,0.9015,2.10,1.00
2010.01.11 02:53:33.595,0.90135,0.9015,1.00,1.00
2010.01.11 02:53:34.975,0.90125,0.9015,3.70,8.80
2010.01.11 02:53:35.195,0.90125,0.9015,2.00,11.30
2010.01.11 02:53:35.475,0.90125,0.90145,2.00,1.00
2010.01.11 02:53:35.705,0.90125,0.90145,1.60,1.00
2010.01.11 02:53:36.565,0.9013,0.9015,1.60,13.20
2010.01.11 02:53:36.854,0.9013,0.9015,1.60,11.20
2010.01.11 02:53:37.144,0.9013,0.9015,1.60,4.80
2010.01.11 02:53:37.434,0.9013,0.9015,5.60,1.00
2010.01.11 02:53:37.974,0.9013,0.9015,6.00,1.00
2010.01.11 02:53:38.384,0.9013,0.90145,6.00,1.00
2010.01.11 02:53:39.084,0.9013,0.90145,6.10,1.00
2010.01.11 02:53:39.424,0.9013,0.90145,2.90,1.00
2010.01.11 02:53:39.824,0.9013,0.90145,3.30,1.00
2010.01.11 02:53:40.004,0.9013,0.90145,2.10,1.00
2010.01.11 02:53:40.124,0.9013,0.90145,1.70,1.00
2010.01.11 02:53:40.234,0.9013,0.90145,6.10,1.00
2010.01.11 02:53:40.344,0.9013,0.90145,6.00,1.00
2010.01.11 02:53:40.633,0.90135,0.90145,1.60,1.00
2010.01.11 02:53:40.754,0.9013,0.90145,6.10,1.00
2010.01.11 02:53:41.384,0.90135,0.90145,1.60,1.00
2010.01.11 02:53:42.073,0.90135,0.90145,1.70,1.00
2010.01.11 02:53:43.383,0.90135,0.90145,1.00,1.00
2010.01.11 02:53:43.553,0.9013,0.90145,6.10,1.00
2010.01.11 02:53:43.663,0.9013,0.90145,6.00,1.00
2010.01.11 02:53:43.723,0.9013,0.90145,2.00,1.00
2010.01.11 02:53:43.893,0.9013,0.90145,1.60,1.00
2010.01.11 02:53:44.863,0.9013,0.90145,2.00,1.00
2010.01.11 02:53:45.213,0.90135,0.90145,1.00,1.00
2010.01.11 02:53:45.552,0.90135,0.90145,1.70,1.00
2010.01.11 02:53:45.823,0.9013,0.90145,7.30,1.00
2010.01.11 02:53:46.122,0.9013,0.90145,2.00,1.00
2010.01.11 02:53:46.682,0.9013,0.90145,1.60,1.00
2010.01.11 02:53:47.412,0.90125,0.90145,1.60,1.00
2010.01.11 02:53:48.112,0.90125,0.90145,3.10,1.00
2010.01.11 02:53:48.412,0.90125,0.90145,3.90,1.00
2010.01.11 02:53:48.682,0.9013,0.90145,1.60,1.00
2010.01.11 02:53:53.291,0.90125,0.90145,2.00,1.00
2010.01.11 02:53:53.470,0.90125,0.90145,1.60,1.00
2010.01.11 02:53:53.881,0.90125,0.90145,1.80,1.00
2010.01.11 02:53:54.650,0.90125,0.90145,1.60,1.00
2010.01.11 02:53:57.859,0.90125,0.9015,1.60,19.30
2010.01.11 02:53:58.199,0.90125,0.90145,1.60,1.00
2010.01.11 02:53:58.949,0.90125,0.90145,1.60,1.20
2010.01.11 02:53:59.129,0.90125,0.90145,1.60,1.00
2010.01.11 02:54:00.649,0.90125,0.9015,1.60,18.10
2010.01.11 02:54:02.688,0.90125,0.9015,1.70,18.10
2010.01.11 02:54:04.118,0.90125,0.90145,1.60,1.00
2010.01.11 02:54:04.678,0.90125,0.9015,1.60,19.30
2010.01.11 02:54:04.858,0.90125,0.9015,1.60,14.10
2010.01.11 02:54:05.028,0.90125,0.9015,1.60,18.10
2010.01.11 02:54:06.927,0.90125,0.9015,1.70,18.10
2010.01.11 02:54:08.927,0.90125,0.9015,1.60,18.10
2010.01.11 02:54:09.047,0.90125,0.9015,1.70,18.10
2010.01.11 02:54:10.047,0.90125,0.9015,1.60,18.10
2010.01.11 02:54:10.407,0.90125,0.9015,1.70,18.10
2010.01.11 02:54:10.936,0.90125,0.9015,1.60,18.10
2010.01.11 02:54:11.176,0.9012,0.90145,4.10,2.40
2010.01.11 02:54:11.466,0.9012,0.9014,1.60,1.00
2010.01.11 02:54:11.756,0.90115,0.9014,3.20,4.10
2010.01.11 02:54:16.415,0.90115,0.90135,1.60,1.00
2010.01.11 02:54:17.665,0.90115,0.9014,1.60,14.10
2010.01.11 02:54:20.364,0.90115,0.9013,2.50,1.60
2010.01.11 02:54:21.164,0.90115,0.9013,1.60,1.60
2010.01.11 02:54:21.874,0.90115,0.9013,5.60,1.60
2010.01.11 02:54:22.174,0.90115,0.9014,7.60,1.60
2010.01.11 02:54:22.873,0.9012,0.9014,1.00,1.60
2010.01.11 02:54:23.974,0.90115,0.9014,7.60,5.20
2010.01.11 02:54:24.253,0.90115,0.9014,21.90,1.60
2010.01.11 02:54:24.603,0.90115,0.9014,16.70,1.60
2010.01.11 02:54:24.883,0.90115,0.9014,15.60,1.60
2010.01.11 02:54:25.223,0.90115,0.9014,14.10,1.60
2010.01.11 02:54:25.343,0.90115,0.9014,6.10,1.60
2010.01.11 02:54:25.513,0.9012,0.9014,1.00,1.60
2010.01.11 02:54:25.623,0.9012,0.90145,1.20,7.70
2010.01.11 02:54:25.963,0.9012,0.9014,1.20,1.60
2010.01.11 02:54:28.042,0.9012,0.9014,1.30,1.60
2010.01.11 02:54:28.452,0.9012,0.90145,6.90,7.60
2010.01.11 02:54:28.562,0.9012,0.90145,6.90,4.00
2010.01.11 02:54:28.672,0.9012,0.90145,6.90,2.40
2010.01.11 02:54:29.583,0.9012,0.90145,6.90,6.00
2010.01.11 02:54:29.932,0.90125,0.9015,1.70,3.60
2010.01.11 02:54:30.332,0.9012,0.90145,7.70,2.00
2010.01.11 02:54:30.502,0.9012,0.90145,2.80,2.80
2010.01.11 02:54:30.782,0.9012,0.90145,1.20,2.80
2010.01.11 02:54:30.952,0.9012,0.90145,1.20,6.00
2010.01.11 02:54:31.121,0.9012,0.9014,1.00,1.60
2010.01.11 02:54:31.292,0.9012,0.9014,2.00,1.60
2010.01.11 02:54:31.621,0.9012,0.90145,3.60,6.00
2010.01.11 02:54:33.121,0.9012,0.90145,10.10,3.60
2010.01.11 02:54:33.421,0.9012,0.9015,6.10,19.60
2010.01.11 02:54:33.661,0.90125,0.90145,1.60,1.00
2010.01.11 02:54:33.941,0.90125,0.9015,2.00,6.80
2010.01.11 02:54:34.231,0.9013,0.9015,1.00,4.40
2010.01.11 02:54:34.521,0.9013,0.9015,4.00,1.00
2010.01.11 02:54:34.860,0.9013,0.9015,4.50,1.00
2010.01.11 02:54:35.211,0.90135,0.9015,1.20,1.00
2010.01.11 02:54:36.030,0.90135,0.9015,2.90,1.00
2010.01.11 02:54:36.540,0.9014,0.9015,1.00,1.00
2010.01.11 02:54:36.900,0.90135,0.9015,1.30,1.00
2010.01.11 02:54:37.300,0.90135,0.9015,6.80,1.00
2010.01.11 02:54:37.660,0.90135,0.9015,2.90,1.00
2010.01.11 02:54:38.170,0.90135,0.9015,1.00,1.00
2010.01.11 02:54:38.979,0.9014,0.9015,1.00,1.00
2010.01.11 02:54:40.859,0.90135,0.9015,2.90,1.00
2010.01.11 02:54:41.139,0.90135,0.9015,1.70,1.00
2010.01.11 02:54:41.429,0.90135,0.9015,8.50,1.00
2010.01.11 02:54:41.729,0.90135,0.9015,3.30,1.00
2010.01.11 02:54:42.359,0.90135,0.9015,6.50,1.00
2010.01.11 02:54:42.719,0.90135,0.9015,4.90,1.00
2010.01.11 02:54:43.059,0.90135,0.9015,1.00,1.00
2010.01.11 02:54:43.228,0.9013,0.9015,7.60,1.00
2010.01.11 02:54:43.559,0.9013,0.9015,2.50,1.00
2010.01.11 02:54:44.848,0.9013,0.9015,1.70,1.00
2010.01.11 02:54:45.381,0.9013,0.9015,3.30,1.00
2010.01.11 02:54:45.608,0.9013,0.9015,2.50,1.00
2010.01.11 02:54:46.448,0.9013,0.9015,3.30,1.00
2010.01.11 02:54:46.798,0.9013,0.90145,2.50,1.00
2010.01.11 02:54:48.927,0.9013,0.90145,2.90,1.00
2010.01.11 02:54:50.437,0.9013,0.90145,2.10,1.00
2010.01.11 02:54:52.096,0.9013,0.90145,1.70,1.00
2010.01.11 02:54:52.456,0.90125,0.90145,2.90,1.00
2010.01.11 02:54:52.756,0.9013,0.90145,2.00,1.00
2010.01.11 02:54:54.066,0.9013,0.90145,1.00,1.00
2010.01.11 02:54:54.406,0.90125,0.90145,2.90,1.00
2010.01.11 02:54:54.766,0.9013,0.90145,1.00,1.00
2010.01.11 02:54:55.275,0.90125,0.90145,2.90,1.00
2010.01.11 02:54:57.945,0.9013,0.90145,1.60,1.00
2010.01.11 02:54:58.305,0.90135,0.90145,2.00,1.00
2010.01.11 02:54:58.465,0.90135,0.90145,2.80,1.00
2010.01.11 02:54:58.645,0.9014,0.90145,1.00,1.00
2010.01.11 02:54:59.505,0.90135,0.90145,7.70,1.00
2010.01.11 02:54:59.955,0.90135,0.90145,6.10,1.00
2010.01.11 02:55:03.444,0.90135,0.90145,2.10,1.00
2010.01.11 02:55:09.263,0.90135,0.90145,2.90,1.00
2010.01.11 02:55:11.521,0.90135,0.90145,2.10,1.00
2010.01.11 02:55:15.531,0.9014,0.90145,1.00,1.00
2010.01.11 02:55:15.651,0.9014,0.90145,2.10,1.00
2010.01.11 02:55:16.011,0.9014,0.90145,1.70,1.00
2010.01.11 02:55:16.131,0.9014,0.90145,1.00,1.00
2010.01.11 02:55:16.370,0.90135,0.90145,2.10,1.00
2010.01.11 02:55:24.289,0.90135,0.90145,7.80,1.00
2010.01.11 02:55:24.868,0.9014,0.90145,2.00,1.00
2010.01.11 02:55:25.168,0.9014,0.90145,2.10,1.00
2010.01.11 02:55:33.316,0.9014,0.90145,2.50,1.00
2010.01.11 02:55:35.466,0.9014,0.90145,4.10,1.00
2010.01.11 02:55:35.636,0.9014,0.90145,8.90,1.00
2010.01.11 02:55:35.816,0.9014,0.9015,5.70,1.00
2010.01.11 02:55:35.986,0.9014,0.90155,5.70,1.00
2010.01.11 02:55:36.626,0.90145,0.90155,1.60,1.00
2010.01.11 02:55:39.895,0.9014,0.90155,4.50,1.00
2010.01.11 02:55:40.705,0.90145,0.90155,1.60,1.00
2010.01.11 02:55:41.984,0.90145,0.90155,1.60,2.40
2010.01.11 02:55:42.404,0.9014,0.90155,2.00,2.40
2010.01.11 02:55:42.934,0.90135,0.9015,17.70,1.00
2010.01.11 02:55:43.474,0.9014,0.9015,2.10,1.00
2010.01.11 02:55:45.383,0.9014,0.90145,2.10,1.00
2010.01.11 02:55:56.211,0.9014,0.90155,2.10,2.40
2010.01.11 02:55:56.331,0.9014,0.9015,2.10,1.00
2010.01.11 02:55:57.881,0.9014,0.90155,2.10,2.40
2010.01.11 02:56:00.110,0.9014,0.9015,2.10,1.00
2010.01.11 02:56:00.920,0.9014,0.9015,4.50,1.00
2010.01.11 02:56:01.030,0.90145,0.9015,1.60,1.00
2010.01.11 02:56:01.150,0.90145,0.9016,1.60,12.80
2010.01.11 02:56:01.210,0.90145,0.90155,1.60,1.00
2010.01.11 02:56:01.330,0.90145,0.9016,2.00,13.60
2010.01.11 02:56:01.380,0.90145,0.9016,2.00,9.60
2010.01.11 02:56:02.649,0.90145,0.9016,2.00,8.80
2010.01.11 02:56:03.279,0.9014,0.9016,4.50,12.80
2010.01.11 02:56:03.519,0.9014,0.9016,4.50,8.80
2010.01.11 02:56:04.039,0.9014,0.90155,4.50,1.00
2010.01.11 02:56:06.999,0.9014,0.9016,4.50,8.80
2010.01.11 02:56:08.288,0.9014,0.9016,4.50,9.60
2010.01.11 02:56:10.147,0.9014,0.9016,4.50,8.80
2010.01.11 02:56:10.817,0.90145,0.9016,1.60,8.80
2010.01.11 02:56:13.587,0.9014,0.9016,3.70,8.80
2010.01.11 02:56:13.767,0.9014,0.90155,2.00,1.60
2010.01.11 02:56:13.947,0.9014,0.90155,1.60,2.40
2010.01.11 02:56:14.127,0.90135,0.90155,1.60,5.60
2010.01.11 02:56:14.307,0.90135,0.90155,1.60,2.80
2010.01.11 02:56:14.477,0.90135,0.9015,1.60,1.00
2010.01.11 02:56:14.657,0.90135,0.90155,1.60,13.20
2010.01.11 02:56:14.827,0.9013,0.90155,1.60,16.40
2010.01.11 02:56:15.176,0.9013,0.90155,1.60,14.80
2010.01.11 02:56:15.886,0.90135,0.90155,1.60,13.20
2010.01.11 02:56:16.846,0.90135,0.90155,1.60,13.30
2010.01.11 02:56:17.636,0.9013,0.90155,1.60,16.50
2010.01.11 02:56:17.986,0.9013,0.9015,1.60,1.00
2010.01.11 02:56:20.065,0.90135,0.90155,1.60,14.80
2010.01.11 02:56:20.355,0.9013,0.90155,1.60,16.50
2010.01.11 02:56:21.435,0.9013,0.90155,2.40,13.30
2010.01.11 02:56:21.775,0.9013,0.90155,1.60,16.50
2010.01.11 02:56:22.125,0.9013,0.90155,1.60,16.40
2010.01.11 02:56:22.405,0.9013,0.90155,1.60,16.50
2010.01.11 02:56:22.744,0.90125,0.9015,9.60,4.00
2010.01.11 02:56:23.035,0.9013,0.9015,1.60,1.00
2010.01.11 02:56:23.314,0.9013,0.90155,1.60,16.50
2010.01.11 02:56:23.534,0.9013,0.90155,2.80,13.30
2010.01.11 02:56:24.034,0.9013,0.90155,3.20,11.70
2010.01.11 02:56:24.974,0.90135,0.90155,1.60,10.10
2010.01.11 02:56:26.054,0.90135,0.90155,1.60,13.30
2010.01.11 02:56:26.164,0.9013,0.90145,2.40,1.60
2010.01.11 02:56:26.564,0.90135,0.90145,1.60,1.60
2010.01.11 02:56:30.203,0.9013,0.90145,1.60,1.60
2010.01.11 02:56:31.052,0.9013,0.9015,1.60,1.00
2010.01.11 02:56:31.633,0.90135,0.90155,1.60,14.90
2010.01.11 02:56:31.872,0.90135,0.90155,1.60,10.10
2010.01.11 02:56:32.772,0.90135,0.90155,1.60,10.00
2010.01.11 02:56:33.062,0.90135,0.90155,1.60,10.10
2010.01.11 02:56:34.282,0.90135,0.90155,1.60,9.70
2010.01.11 02:56:35.662,0.90135,0.90155,1.60,1.70
2010.01.11 02:56:35.781,0.90135,0.90155,2.40,1.70
2010.01.11 02:56:37.151,0.90135,0.90155,2.50,1.60
2010.01.11 02:56:38.091,0.90135,0.90155,1.70,3.20
2010.01.11 02:56:38.321,0.90135,0.90155,1.60,4.10
2010.01.11 02:56:38.611,0.90135,0.90155,1.60,11.30
2010.01.11 02:56:38.711,0.90135,0.90155,1.60,11.20
2010.01.11 02:56:39.401,0.90135,0.90155,1.60,8.00
2010.01.11 02:56:39.950,0.90135,0.9015,1.60,1.00
2010.01.11 02:56:40.680,0.90135,0.90155,1.60,15.30
2010.01.11 02:56:40.800,0.90135,0.90155,1.60,12.10
2010.01.11 02:56:41.030,0.90135,0.90155,1.60,11.70
2010.01.11 02:56:41.370,0.9013,0.90155,1.60,13.30
2010.01.11 02:56:41.540,0.9013,0.9015,1.60,1.00
2010.01.11 02:56:43.509,0.90135,0.90155,1.60,12.00
2010.01.11 02:56:43.730,0.90135,0.90155,1.60,4.00
2010.01.11 02:56:43.899,0.90135,0.90155,2.40,4.00
2010.01.11 02:56:44.529,0.90135,0.90155,2.40,3.20
2010.01.11 02:56:44.699,0.90135,0.90155,2.00,3.20
2010.01.11 02:56:45.909,0.90135,0.90155,2.10,3.20
2010.01.11 02:56:47.818,0.90135,0.90155,2.10,1.60
2010.01.11 02:56:48.518,0.90135,0.90155,2.10,3.20
2010.01.11 02:56:48.758,0.90135,0.90155,1.70,7.20
2010.01.11 02:56:48.868,0.90135,0.90155,1.60,7.30
2010.01.11 02:56:49.218,0.90135,0.90155,1.60,11.30
2010.01.11 02:56:49.618,0.90135,0.90155,1.60,8.10
2010.01.11 02:56:50.068,0.90135,0.90155,1.70,8.00
2010.01.11 02:56:50.698,0.90135,0.90155,1.70,3.20
2010.01.11 02:56:51.048,0.90135,0.90155,1.60,11.30
2010.01.11 02:56:52.028,0.90135,0.90155,1.60,8.10
2010.01.11 02:56:52.308,0.90135,0.90155,1.60,8.00
2010.01.11 02:56:52.667,0.90135,0.90155,1.60,7.20
2010.01.11 02:56:53.027,0.90135,0.90155,1.60,11.20
2010.01.11 02:56:53.587,0.90135,0.90155,1.60,16.40
2010.01.11 02:56:53.817,0.90135,0.90155,1.60,11.20
2010.01.11 02:56:54.047,0.90135,0.90155,1.60,11.30
2010.01.11 02:56:55.047,0.90135,0.90155,1.60,14.80
2010.01.11 02:56:55.327,0.90135,0.90155,1.60,16.40
2010.01.11 02:56:57.106,0.90135,0.90155,1.60,16.50
2010.01.11 02:56:58.636,0.90135,0.90155,1.60,13.30
2010.01.11 02:56:58.816,0.90135,0.90155,1.60,12.50
2010.01.11 02:56:59.166,0.90135,0.90155,1.60,11.30
2010.01.11 02:56:59.516,0.90135,0.9015,1.60,1.00
2010.01.11 02:57:00.026,0.90135,0.90155,1.60,12.10
2010.01.11 02:57:00.325,0.90135,0.90155,1.60,10.40
2010.01.11 02:57:00.675,0.90135,0.90155,1.60,13.20
2010.01.11 02:57:00.975,0.90135,0.90155,1.60,9.60
2010.01.11 02:57:01.495,0.90135,0.9015,1.60,1.00
2010.01.11 02:57:02.005,0.90135,0.90155,1.60,14.80
2010.01.11 02:57:02.295,0.90135,0.90155,1.60,10.10
2010.01.11 02:57:03.505,0.90135,0.90155,1.60,9.70
2010.01.11 02:57:03.855,0.90135,0.90155,1.60,10.90
2010.01.11 02:57:04.195,0.90135,0.90155,1.60,9.70
2010.01.11 02:57:07.304,0.90135,0.9015,1.60,1.00
2010.01.11 02:57:11.713,0.90135,0.90155,1.60,19.30
2010.01.11 02:57:11.953,0.90135,0.9015,1.60,1.00
2010.01.11 02:57:16.012,0.90135,0.90155,1.60,15.70
2010.01.11 02:57:16.132,0.90135,0.90155,1.60,15.30
2010.01.11 02:57:16.252,0.90135,0.90155,1.60,14.10
2010.01.11 02:57:17.302,0.90135,0.90155,1.60,13.70
2010.01.11 02:57:18.791,0.90135,0.90155,1.60,14.90
2010.01.11 02:57:19.011,0.90135,0.90155,1.60,13.70
2010.01.11 02:57:22.950,0.90135,0.90155,1.60,14.90
2010.01.11 02:57:29.759,0.90125,0.9015,2.00,10.10
2010.01.11 02:57:30.058,0.90125,0.9015,2.20,13.60
2010.01.11 02:57:30.348,0.90125,0.9015,7.40,2.40
2010.01.11 02:57:30.638,0.90125,0.9015,7.40,1.00
2010.01.11 02:57:30.958,0.9013,0.9015,1.60,1.00
2010.01.11 02:57:33.047,0.9013,0.90145,1.60,1.00
2010.01.11 02:57:33.328,0.9013,0.9014,1.60,3.20
2010.01.11 02:57:33.508,0.90125,0.9014,1.60,3.20
2010.01.11 02:57:33.687,0.90125,0.90135,1.60,1.60
2010.01.11 02:57:36.407,0.90125,0.9014,1.60,3.20
2010.01.11 02:57:36.637,0.90125,0.90135,1.60,1.60
2010.01.11 02:57:37.696,0.9012,0.90135,1.70,1.60
2010.01.11 02:57:38.407,0.9012,0.90135,1.60,1.60
2010.01.11 02:57:40.086,0.9012,0.9014,7.30,3.20
2010.01.11 02:57:40.316,0.9012,0.9014,8.50,3.20
2010.01.11 02:57:40.836,0.90125,0.9014,1.60,3.20
2010.01.11 02:57:41.226,0.90125,0.90135,1.60,1.60
2010.01.11 02:57:41.506,0.9012,0.90135,3.30,1.60
2010.01.11 02:57:41.775,0.9012,0.90135,4.10,1.60
2010.01.11 02:57:42.915,0.90125,0.90135,1.60,1.60
2010.01.11 02:57:45.694,0.90125,0.9014,1.60,3.20
2010.01.11 02:57:46.404,0.90125,0.90135,1.60,1.60
2010.01.11 02:57:47.145,0.90125,0.9015,7.90,5.60
2010.01.11 02:57:47.494,0.9013,0.9015,1.00,5.60
2010.01.11 02:57:48.824,0.9013,0.9015,1.00,2.40
2010.01.11 02:57:49.004,0.9013,0.9015,1.00,1.00
2010.01.11 02:57:49.284,0.9013,0.9015,2.10,1.00
2010.01.11 02:57:49.704,0.9013,0.9015,1.70,1.00
2010.01.11 02:57:50.053,0.90135,0.90155,1.00,7.20
2010.01.11 02:57:51.903,0.90135,0.90155,1.00,11.20
2010.01.11 02:57:52.193,0.90135,0.90155,2.10,9.60
2010.01.11 02:57:52.493,0.90135,0.90155,2.50,9.60
2010.01.11 02:57:52.793,0.90135,0.90155,2.10,5.60
2010.01.11 02:57:53.123,0.90145,0.9016,1.00,19.60
2010.01.11 02:57:53.423,0.9014,0.90155,2.00,1.60
2010.01.11 02:57:53.643,0.90135,0.90155,1.70,2.40
2010.01.11 02:57:53.873,0.90135,0.90155,2.10,2.40
2010.01.11 02:57:54.052,0.90135,0.90155,1.70,2.40
2010.01.11 02:57:54.282,0.90135,0.90155,2.10,1.60
2010.01.11 02:57:55.202,0.90135,0.90155,1.70,1.60
2010.01.11 02:57:57.302,0.90135,0.90155,1.70,2.50
2010.01.11 02:58:02.510,0.90135,0.90155,1.60,2.40
2010.01.11 02:58:02.731,0.9013,0.90155,2.10,8.00
2010.01.11 02:58:02.950,0.9013,0.90155,2.10,4.00
2010.01.11 02:58:03.190,0.9013,0.90155,2.10,8.00
2010.01.11 02:58:04.630,0.90135,0.90155,1.60,6.40
2010.01.11 02:58:04.970,0.90135,0.90155,1.60,2.40
2010.01.11 02:58:05.140,0.90135,0.90155,1.70,2.40
2010.01.11 02:58:05.370,0.9013,0.90155,7.30,4.00
2010.01.11 02:58:05.610,0.9013,0.90155,7.70,4.00
2010.01.11 02:58:06.350,0.90135,0.90155,1.60,2.40
2010.01.11 02:58:06.620,0.90135,0.90155,1.70,2.40
2010.01.11 02:58:07.259,0.9013,0.90155,7.70,4.00
2010.01.11 02:58:07.999,0.90135,0.90155,1.60,2.40
2010.01.11 02:58:08.959,0.90135,0.90155,1.70,2.40
2010.01.11 02:58:10.009,0.90135,0.90155,1.70,2.50
2010.01.11 02:58:10.818,0.90135,0.90155,1.60,2.40
2010.01.11 02:58:11.048,0.90135,0.90155,2.10,2.50
2010.01.11 02:58:11.338,0.90135,0.90155,2.10,1.60
2010.01.11 02:58:12.198,0.90135,0.90155,2.90,1.60
2010.01.11 02:58:12.428,0.90135,0.90155,7.70,1.60
2010.01.11 02:58:12.768,0.9014,0.90155,1.60,1.60
2010.01.11 02:58:13.758,0.90135,0.9016,6.10,12.10
2010.01.11 02:58:14.048,0.90135,0.90155,6.00,1.60
2010.01.11 02:58:14.918,0.90135,0.90155,6.10,1.60
2010.01.11 02:58:15.097,0.9014,0.9016,1.60,9.70
2010.01.11 02:58:15.317,0.90135,0.90155,6.00,1.60
2010.01.11 02:58:15.537,0.90135,0.90155,9.30,1.60
2010.01.11 02:58:15.717,0.9014,0.90155,2.10,1.60
2010.01.11 02:58:16.127,0.9014,0.90155,2.00,1.60
2010.01.11 02:58:16.587,0.9014,0.90155,2.50,1.60
2010.01.11 02:58:16.947,0.9014,0.90155,4.50,1.60
2010.01.11 02:58:19.046,0.90145,0.90155,1.60,1.60
2010.01.11 02:58:19.577,0.9014,0.90155,1.70,1.60
2010.01.11 02:58:19.866,0.9014,0.90155,1.60,1.60
2010.01.11 02:58:22.246,0.9014,0.90155,1.70,1.60
2010.01.11 02:58:24.165,0.9014,0.9016,3.30,8.10
2010.01.11 02:58:24.285,0.9014,0.9016,3.70,8.10
2010.01.11 02:58:24.335,0.9014,0.9016,3.70,4.10
2010.01.11 02:58:24.455,0.9014,0.90155,2.10,1.60
2010.01.11 02:58:24.565,0.9014,0.90155,1.70,1.60
2010.01.11 02:58:26.105,0.90135,0.90155,2.90,1.60
2010.01.11 02:58:29.944,0.90135,0.90155,3.30,1.60
2010.01.11 02:58:32.693,0.90135,0.90155,2.00,1.60
2010.01.11 02:58:33.903,0.90135,0.90155,2.10,1.60
2010.01.11 02:58:34.943,0.90135,0.90155,2.10,1.70
2010.01.11 02:58:35.222,0.90135,0.90155,2.10,1.60
2010.01.11 02:58:35.842,0.90135,0.90155,2.10,1.70
2010.01.11 02:58:37.552,0.90135,0.90155,2.10,1.60
2010.01.11 02:58:37.902,0.90135,0.90155,2.10,1.70
2010.01.11 02:58:38.242,0.90135,0.90155,2.10,1.60
2010.01.11 02:58:38.592,0.90135,0.90155,2.10,2.50
2010.01.11 02:58:39.111,0.90135,0.90155,1.70,2.40
2010.01.11 02:58:39.402,0.90135,0.90155,1.70,2.50
2010.01.11 02:58:40.561,0.90135,0.90155,1.70,2.40
2010.01.11 02:58:40.902,0.90135,0.90155,1.70,2.50
2010.01.11 02:58:41.951,0.90135,0.90155,1.00,4.10
2010.01.11 02:58:42.241,0.9013,0.9015,3.30,1.00
2010.01.11 02:58:42.481,0.9013,0.9015,1.00,1.00
2010.01.11 02:58:42.761,0.9013,0.9015,2.10,1.00
2010.01.11 02:58:44.141,0.9013,0.9015,1.60,1.00
2010.01.11 02:58:44.421,0.9013,0.90155,1.60,18.50
2010.01.11 02:58:44.690,0.9013,0.90155,3.70,8.00
2010.01.11 02:58:45.080,0.90135,0.90155,1.00,4.00
2010.01.11 02:58:45.440,0.90135,0.90155,1.00,4.10
2010.01.11 02:58:46.130,0.90135,0.90155,1.00,4.00
2010.01.11 02:58:46.700,0.90135,0.90155,1.00,4.10
2010.01.11 02:58:47.160,0.90135,0.90155,1.00,3.20
2010.01.11 02:58:47.390,0.90135,0.90155,1.00,4.00
2010.01.11 02:58:47.680,0.9013,0.90155,3.70,4.10
2010.01.11 02:58:48.959,0.90135,0.90155,1.00,4.10
2010.01.11 02:58:49.189,0.90135,0.90155,1.00,4.00
2010.01.11 02:58:49.769,0.90135,0.90155,1.00,4.10
2010.01.11 02:58:54.098,0.90135,0.90155,1.00,4.00
2010.01.11 02:58:54.398,0.90135,0.90155,1.00,4.10
2010.01.11 02:58:56.657,0.9013,0.90155,3.70,4.10
2010.01.11 02:58:56.997,0.90135,0.90155,1.00,4.00
2010.01.11 02:58:57.347,0.9013,0.90155,3.70,4.10
2010.01.11 02:58:57.627,0.90135,0.90155,1.00,4.00
2010.01.11 02:58:57.917,0.9013,0.90155,3.70,4.10
2010.01.11 02:58:59.896,0.9013,0.90155,3.30,4.10
2010.01.11 02:59:03.606,0.9013,0.90155,3.20,4.00
2010.01.11 02:59:03.956,0.9013,0.90155,3.30,4.10
2010.01.11 02:59:05.145,0.90135,0.90155,1.00,4.10
2010.01.11 02:59:05.196,0.90135,0.90155,1.00,3.20
2010.01.11 02:59:05.955,0.90135,0.90155,1.00,4.10
2010.01.11 02:59:06.295,0.9013,0.90155,3.10,7.30
2010.01.11 02:59:06.585,0.9013,0.90155,2.10,8.80
2010.01.11 02:59:06.925,0.9013,0.90155,2.10,12.90
2010.01.11 02:59:07.205,0.9013,0.90155,2.10,12.80
2010.01.11 02:59:08.065,0.90135,0.90155,1.00,9.60
2010.01.11 02:59:08.415,0.90135,0.90155,5.30,3.30
2010.01.11 02:59:08.655,0.9014,0.90155,1.00,1.60
2010.01.11 02:59:08.954,0.9014,0.9016,4.10,4.70
2010.01.11 02:59:09.294,0.9014,0.90165,2.80,7.60
2010.01.11 02:59:09.575,0.9014,0.90165,2.10,11.60
2010.01.11 02:59:09.974,0.9014,0.90165,1.00,20.40
2010.01.11 02:59:10.664,0.9014,0.90165,2.10,15.60
2010.01.11 02:59:11.644,0.9014,0.90165,2.10,11.60
2010.01.11 02:59:11.934,0.9014,0.90165,2.10,8.40
2010.01.11 02:59:12.734,0.90145,0.90165,1.00,8.00
2010.01.11 02:59:12.973,0.90145,0.90165,1.00,4.00
2010.01.11 02:59:13.674,0.90145,0.90165,1.00,4.00
2010.01.11 02:59:14.013,0.9014,0.90165,2.90,4.00
2010.01.11 02:59:14.253,0.9014,0.90165,2.90,8.00
2010.01.11 02:59:16.003,0.9014,0.90165,3.30,4.00
2010.01.11 02:59:18.102,0.9014,0.90165,6.10,3.20
2010.01.11 02:59:18.444,0.9014,0.90165,6.10,1.60
2010.01.11 02:59:18.802,0.9014,0.90165,6.00,1.60
2010.01.11 02:59:19.142,0.9014,0.90165,6.10,1.60
2010.01.11 02:59:19.712,0.90145,0.90165,1.00,3.20
2010.01.11 02:59:19.882,0.90145,0.90165,2.90,1.60
2010.01.11 02:59:20.402,0.90145,0.90165,1.60,1.60
2010.01.11 02:59:20.702,0.9014,0.90165,11.70,3.20
2010.01.11 02:59:21.052,0.90145,0.90165,1.60,2.40
2010.01.11 02:59:21.401,0.9014,0.90165,8.10,4.00
2010.01.11 02:59:21.701,0.90145,0.90165,1.60,2.40
2010.01.11 02:59:25.700,0.90145,0.90165,1.60,1.60
2010.01.11 02:59:25.931,0.90145,0.90165,1.70,1.60
2010.01.11 02:59:26.211,0.90145,0.90165,2.10,1.60
2010.01.11 02:59:27.001,0.90145,0.90165,1.60,2.40
2010.01.11 02:59:27.710,0.90145,0.90165,2.10,1.60
2010.01.11 02:59:28.750,0.90145,0.90165,6.50,1.60
2010.01.11 02:59:28.920,0.90145,0.90165,8.10,1.60
2010.01.11 02:59:29.619,0.90145,0.90165,4.50,1.60
2010.01.11 02:59:29.739,0.90145,0.90165,3.30,1.60
2010.01.11 02:59:30.020,0.90145,0.90165,1.70,1.60
2010.01.11 02:59:30.319,0.90145,0.90165,1.00,1.60
2010.01.11 02:59:30.609,0.90145,0.90165,1.00,2.50
2010.01.11 02:59:30.879,0.90145,0.90165,1.70,2.50
2010.01.11 02:59:31.119,0.90145,0.90165,1.00,2.50
2010.01.11 02:59:34.668,0.90145,0.90165,1.70,2.50
2010.01.11 02:59:34.908,0.90145,0.90165,1.00,2.50
2010.01.11 02:59:38.497,0.90145,0.90165,1.00,2.40
2010.01.11 02:59:38.837,0.9014,0.90165,6.50,2.40
2010.01.11 02:59:40.437,0.9014,0.90165,6.50,4.00
2010.01.11 02:59:40.617,0.9014,0.90165,7.30,4.00
2010.01.11 02:59:41.007,0.90145,0.90165,1.60,2.40
2010.01.11 02:59:42.256,0.90145,0.90165,1.60,6.40
2010.01.11 02:59:45.156,0.90145,0.90165,2.40,5.60
2010.01.11 02:59:45.326,0.90145,0.90165,1.60,1.60
2010.01.11 02:59:45.496,0.90145,0.90165,1.70,2.40
2010.01.11 02:59:45.646,0.90145,0.90165,1.60,2.40
2010.01.11 02:59:47.675,0.90145,0.90165,1.60,6.00
2010.01.11 02:59:47.965,0.90145,0.90165,1.60,7.60
2010.01.11 02:59:49.245,0.90145,0.90165,1.60,6.80
2010.01.11 02:59:49.475,0.90145,0.90165,1.70,6.80
2010.01.11 02:59:49.925,0.90145,0.90165,1.60,7.60
2010.01.11 02:59:52.444,0.90145,0.9016,1.60,1.00
2010.01.11 02:59:52.664,0.9014,0.9016,1.70,1.00
2010.01.11 02:59:53.074,0.9014,0.9016,2.50,1.00
2010.01.11 02:59:53.524,0.9014,0.9016,1.70,1.00
2010.01.11 02:59:53.864,0.90145,0.9016,1.60,1.00
2010.01.11 02:59:54.844,0.90145,0.9016,1.70,1.00
2010.01.11 02:59:55.783,0.90145,0.9016,1.60,1.00
2010.01.11 02:59:55.963,0.90145,0.9016,1.70,1.00
2010.01.11 02:59:57.523,0.90145,0.90165,1.70,6.90
