2013.09.27 11:00:01.134,0.83935,0.83942,1.50,2.63
2013.09.27 11:00:01.684,0.83937,0.83942,1.50,1.88
2013.09.27 11:00:01.744,0.83937,0.83944,1.50,1.88
2013.09.27 11:00:02.284,0.83938,0.83945,1.50,1.50
2013.09.27 11:00:02.824,0.83938,0.83946,1.50,1.13
2013.09.27 11:00:03.564,0.83939,0.83946,1.13,1.50
2013.09.27 11:00:04.103,0.83938,0.83945,1.50,5.48
2013.09.27 11:00:04.644,0.83938,0.83945,1.50,5.48
2013.09.27 11:00:05.196,0.83938,0.83945,1.50,5.48
2013.09.27 11:00:05.850,0.83938,0.83945,1.50,1.88
2013.09.27 11:00:08.631,0.83937,0.83945,1.50,1.88
2013.09.27 11:00:09.173,0.83938,0.83945,1.50,2.10
2013.09.27 11:00:09.415,0.83939,0.83946,1.88,2.25
2013.09.27 11:00:09.954,0.83939,0.83947,1.88,4.73
2013.09.27 11:00:10.626,0.83939,0.83946,1.50,1.88
2013.09.27 11:00:11.044,0.83937,0.83946,1.50,3.38
2013.09.27 11:00:12.573,0.83938,0.83946,1.50,4.13
2013.09.27 11:00:12.934,0.83938,0.83946,1.50,2.25
2013.09.27 11:00:13.174,0.83939,0.83946,1.50,1.88
2013.09.27 11:00:13.957,0.83939,0.83947,1.88,3.38
2013.09.27 11:00:16.838,0.83939,0.83946,1.88,1.50
2013.09.27 11:00:17.385,0.83939,0.83946,1.50,2.63
2013.09.27 11:00:17.686,0.83939,0.83946,1.13,1.50
2013.09.27 11:00:17.923,0.83939,0.83946,1.50,3.38
2013.09.27 11:00:18.464,0.83939,0.83946,1.50,2.63
2013.09.27 11:00:19.918,0.83938,0.83946,1.50,2.63
2013.09.27 11:00:19.994,0.83936,0.83941,1.50,1.50
2013.09.27 11:00:20.124,0.83937,0.83944,1.50,2.63
2013.09.27 11:00:20.663,0.83935,0.83942,1.88,1.50
2013.09.27 11:00:22.593,0.83935,0.83943,1.50,3.00
2013.09.27 11:00:23.013,0.83934,0.83941,2.63,2.25
2013.09.27 11:00:23.523,0.83934,0.83941,1.13,3.00
2013.09.27 11:00:24.063,0.83933,0.83941,2.25,2.63
2013.09.27 11:00:25.040,0.83932,0.8394,1.50,1.13
2013.09.27 11:00:25.593,0.83931,0.8394,2.25,2.63
2013.09.27 11:00:25.713,0.83933,0.8394,1.13,2.63
2013.09.27 11:00:26.253,0.83931,0.83939,1.88,1.13
2013.09.27 11:00:26.553,0.83931,0.8394,1.88,2.25
2013.09.27 11:00:27.884,0.83933,0.8394,1.13,2.25
2013.09.27 11:00:28.244,0.83935,0.83941,1.13,2.25
2013.09.27 11:00:28.493,0.83933,0.83941,1.88,2.25
2013.09.27 11:00:29.170,0.83933,0.83941,1.13,3.00
2013.09.27 11:00:30.074,0.83932,0.8394,1.50,3.00
2013.09.27 11:00:30.493,0.83931,0.83939,1.50,1.13
2013.09.27 11:00:31.035,0.8393,0.83938,1.13,4.35
2013.09.27 11:00:31.705,0.8393,0.83938,1.50,5.48
2013.09.27 11:00:32.244,0.8393,0.83937,1.88,1.50
2013.09.27 11:00:33.435,0.8393,0.83937,1.50,1.50
2013.09.27 11:00:34.774,0.8393,0.83938,1.88,2.63
2013.09.27 11:00:40.874,0.8393,0.83938,1.50,3.38
2013.09.27 11:00:41.375,0.8393,0.83938,1.88,2.25
2013.09.27 11:00:43.717,0.83931,0.83938,2.63,2.25
2013.09.27 11:00:43.789,0.83932,0.83939,1.50,2.10
2013.09.27 11:00:43.857,0.83937,0.83941,1.13,2.25
2013.09.27 11:00:44.164,0.83934,0.8394,1.13,2.25
2013.09.27 11:00:44.224,0.83932,0.83938,1.13,1.13
2013.09.27 11:00:44.404,0.83933,0.83939,1.50,2.25
2013.09.27 11:00:44.584,0.83933,0.83938,1.88,1.50
2013.09.27 11:00:44.704,0.83933,0.83939,1.50,1.50
2013.09.27 11:00:47.184,0.83931,0.83937,1.50,1.13
2013.09.27 11:00:56.304,0.83931,0.83937,1.88,1.13
2013.09.27 11:00:56.424,0.83931,0.83938,1.50,2.25
2013.09.27 11:00:57.025,0.83931,0.83938,1.50,2.25
2013.09.27 11:01:00.554,0.83932,0.83938,1.50,1.50
2013.09.27 11:01:00.673,0.83932,0.83939,1.88,4.13
2013.09.27 11:01:00.854,0.83933,0.83939,1.13,3.00
2013.09.27 11:01:01.394,0.83934,0.8394,1.50,2.25
2013.09.27 11:01:01.633,0.83935,0.83942,1.50,2.25
2013.09.27 11:01:02.621,0.83934,0.83941,1.50,1.50
2013.09.27 11:01:03.344,0.83931,0.8394,1.13,2.63
2013.09.27 11:01:04.004,0.83933,0.8394,1.88,1.88
2013.09.27 11:01:04.543,0.83934,0.83941,1.50,2.63
2013.09.27 11:01:06.333,0.83931,0.8394,3.23,2.63
2013.09.27 11:01:06.394,0.83932,0.83939,1.50,1.13
2013.09.27 11:01:06.944,0.83932,0.83938,1.50,1.13
2013.09.27 11:01:34.454,0.83931,0.83938,1.50,1.88
2013.09.27 11:01:40.297,0.83931,0.83938,1.50,2.63
2013.09.27 11:01:40.655,0.83933,0.83939,1.50,1.13
2013.09.27 11:01:40.956,0.83935,0.83942,1.13,1.50
2013.09.27 11:01:41.135,0.83937,0.83944,1.50,2.25
2013.09.27 11:01:42.334,0.83935,0.83941,1.13,1.50
2013.09.27 11:01:46.654,0.83933,0.8394,1.50,1.50
2013.09.27 11:01:47.238,0.83933,0.83939,1.13,1.50
2013.09.27 11:01:55.094,0.83933,0.83939,1.50,1.50
2013.09.27 11:01:55.634,0.83931,0.83938,2.63,1.50
2013.09.27 11:02:03.574,0.83932,0.83939,1.50,1.50
2013.09.27 11:02:14.925,0.83932,0.83938,1.50,2.25
2013.09.27 11:02:15.464,0.83933,0.83939,1.88,1.50
2013.09.27 11:02:15.524,0.83933,0.8394,1.88,2.25
2013.09.27 11:02:16.084,0.83933,0.8394,1.88,1.50
2013.09.27 11:02:18.094,0.83933,0.8394,2.25,1.50
2013.09.27 11:02:18.154,0.83935,0.8394,1.88,1.50
2013.09.27 11:02:18.274,0.83935,0.83943,2.25,1.50
2013.09.27 11:02:19.064,0.83936,0.83943,1.13,2.25
2013.09.27 11:02:19.138,0.83938,0.83945,1.88,3.00
2013.09.27 11:02:19.824,0.83938,0.83945,1.13,3.75
2013.09.27 11:02:20.375,0.83938,0.83945,1.13,3.75
2013.09.27 11:02:21.485,0.83938,0.83945,1.13,1.50
2013.09.27 11:02:21.984,0.83936,0.83944,1.50,1.88
2013.09.27 11:02:22.224,0.83936,0.83943,1.50,1.50
2013.09.27 11:02:22.754,0.83936,0.83943,1.50,1.50
2013.09.27 11:02:23.724,0.83935,0.83942,1.28,1.13
2013.09.27 11:02:24.274,0.83935,0.83941,2.03,1.50
2013.09.27 11:02:24.456,0.83934,0.83941,2.25,1.50
2013.09.27 11:02:25.193,0.83934,0.83941,1.50,1.50
2013.09.27 11:02:26.213,0.83934,0.83941,1.50,1.50
2013.09.27 11:02:29.114,0.83932,0.8394,1.13,1.13
2013.09.27 11:02:29.474,0.8393,0.83936,2.40,1.50
2013.09.27 11:02:29.717,0.83933,0.83938,1.13,1.50
2013.09.27 11:02:29.964,0.8393,0.83936,2.40,1.50
2013.09.27 11:02:30.204,0.83931,0.83938,1.13,1.50
2013.09.27 11:02:30.445,0.83931,0.83936,1.13,1.50
2013.09.27 11:02:30.684,0.83932,0.83938,1.13,1.50
2013.09.27 11:02:30.924,0.83929,0.83936,1.65,1.50
2013.09.27 11:02:31.224,0.83933,0.83938,1.50,2.25
2013.09.27 11:02:31.464,0.83933,0.8394,1.88,3.75
2013.09.27 11:02:33.757,0.83931,0.83939,2.63,1.50
2013.09.27 11:02:34.304,0.83931,0.83936,1.13,1.50
2013.09.27 11:02:37.590,0.83931,0.83937,1.50,1.50
2013.09.27 11:02:37.654,0.83932,0.83939,1.88,2.25
2013.09.27 11:02:37.714,0.83932,0.8394,1.50,4.50
2013.09.27 11:02:37.954,0.83931,0.83938,1.13,1.50
2013.09.27 11:02:47.396,0.8393,0.83936,1.88,1.50
2013.09.27 11:02:47.634,0.83929,0.83935,1.50,1.50
2013.09.27 11:02:47.994,0.83929,0.83935,1.13,1.50
2013.09.27 11:02:48.174,0.83927,0.83933,2.25,1.50
2013.09.27 11:02:48.914,0.83928,0.83935,1.13,1.50
2013.09.27 11:02:48.973,0.83929,0.83936,1.13,3.00
2013.09.27 11:02:49.514,0.83931,0.83937,1.13,4.13
2013.09.27 11:02:51.725,0.83928,0.83936,1.13,1.50
2013.09.27 11:03:18.945,0.83928,0.83936,3.38,1.50
2013.09.27 11:03:20.879,0.83929,0.83937,1.13,2.25
2013.09.27 11:03:25.187,0.83929,0.83936,1.13,1.50
2013.09.27 11:03:26.384,0.83929,0.83936,1.88,1.50
2013.09.27 11:03:26.924,0.8393,0.83936,1.13,1.50
2013.09.27 11:03:27.474,0.8393,0.83937,1.13,1.50
2013.09.27 11:03:28.825,0.83931,0.83937,1.13,1.50
2013.09.27 11:03:29.364,0.8393,0.83938,1.13,1.50
2013.09.27 11:03:31.776,0.83929,0.83937,1.88,1.50
2013.09.27 11:03:34.338,0.83929,0.83936,1.13,2.25
2013.09.27 11:03:34.824,0.83929,0.83936,1.13,3.00
2013.09.27 11:03:35.364,0.83931,0.83937,1.13,3.75
2013.09.27 11:03:35.904,0.83931,0.83937,1.13,1.50
2013.09.27 11:03:36.444,0.8393,0.83937,1.13,2.25
2013.09.27 11:03:36.984,0.8393,0.83938,1.88,2.25
2013.09.27 11:03:41.137,0.8393,0.83938,1.13,1.50
2013.09.27 11:03:48.915,0.8393,0.83937,1.13,1.50
2013.09.27 11:03:50.794,0.8393,0.83938,1.13,1.88
2013.09.27 11:03:56.134,0.83928,0.83936,3.00,1.13
2013.09.27 11:03:56.494,0.83928,0.83937,1.88,1.50
2013.09.27 11:04:00.794,0.83928,0.83937,2.63,1.13
2013.09.27 11:04:01.394,0.83929,0.83938,1.13,3.00
2013.09.27 11:04:01.934,0.8393,0.83938,1.13,1.13
2013.09.27 11:04:04.378,0.8393,0.83938,1.13,1.50
2013.09.27 11:04:04.924,0.8393,0.83938,1.13,1.50
2013.09.27 11:04:07.506,0.8393,0.83938,1.13,1.50
2013.09.27 11:04:08.667,0.83931,0.83939,1.13,1.88
2013.09.27 11:04:11.224,0.8393,0.83939,1.50,2.63
2013.09.27 11:04:11.644,0.83931,0.8394,2.25,2.25
2013.09.27 11:04:13.894,0.83931,0.8394,1.88,3.00
2013.09.27 11:04:26.450,0.83931,0.8394,1.88,3.00
2013.09.27 11:04:30.341,0.83933,0.83939,1.13,1.13
2013.09.27 11:04:30.885,0.83934,0.83941,1.88,2.25
2013.09.27 11:04:30.945,0.83934,0.83942,1.13,2.63
2013.09.27 11:04:31.187,0.83936,0.83942,1.13,1.13
2013.09.27 11:04:35.914,0.83936,0.83943,1.50,2.63
2013.09.27 11:04:42.654,0.83937,0.83943,1.50,1.50
2013.09.27 11:04:47.484,0.83936,0.83943,2.25,1.50
2013.09.27 11:04:48.398,0.83935,0.83943,2.25,1.50
2013.09.27 11:04:50.365,0.83936,0.83944,1.88,2.63
2013.09.27 11:04:50.905,0.83937,0.83944,1.88,1.13
2013.09.27 11:04:51.765,0.83937,0.83945,1.50,3.00
2013.09.27 11:04:52.305,0.83937,0.83945,2.25,1.50
2013.09.27 11:04:52.864,0.83937,0.83945,1.50,1.50
2013.09.27 11:04:53.768,0.83937,0.83945,1.13,1.50
2013.09.27 11:04:54.816,0.83937,0.83945,1.13,1.50
2013.09.27 11:04:55.366,0.83937,0.83945,1.88,2.25
2013.09.27 11:04:55.786,0.83936,0.83945,2.63,2.25
2013.09.27 11:04:55.904,0.83937,0.83945,1.88,1.50
2013.09.27 11:04:56.386,0.8394,0.83948,2.25,2.25
2013.09.27 11:04:56.924,0.8394,0.83949,2.25,2.10
2013.09.27 11:04:57.194,0.83941,0.83949,1.13,1.50
2013.09.27 11:04:57.505,0.83941,0.83949,1.13,2.25
2013.09.27 11:04:58.345,0.8394,0.83948,1.50,2.25
2013.09.27 11:05:00.324,0.83939,0.83948,2.63,5.10
2013.09.27 11:05:02.405,0.8394,0.83947,1.13,1.88
2013.09.27 11:05:03.127,0.83939,0.83947,1.88,1.88
2013.09.27 11:05:03.555,0.83939,0.83947,1.13,1.88
2013.09.27 11:05:03.677,0.83941,0.83948,2.25,1.50
2013.09.27 11:05:04.214,0.8394,0.83948,1.88,1.50
2013.09.27 11:05:04.576,0.83941,0.8395,1.13,1.50
2013.09.27 11:05:04.874,0.83941,0.83949,1.50,1.88
2013.09.27 11:05:04.934,0.83941,0.83949,1.50,1.88
2013.09.27 11:05:05.486,0.8394,0.83949,1.13,2.63
2013.09.27 11:05:06.624,0.83939,0.83948,2.25,1.13
2013.09.27 11:05:09.106,0.8394,0.83948,1.50,1.50
2013.09.27 11:05:09.345,0.8394,0.83948,1.50,1.88
2013.09.27 11:05:12.994,0.8394,0.83948,1.88,1.50
2013.09.27 11:05:14.373,0.83941,0.83949,1.88,3.00
2013.09.27 11:05:14.881,0.83941,0.83949,1.50,3.38
2013.09.27 11:05:21.175,0.83941,0.83948,1.50,1.50
2013.09.27 11:05:21.845,0.83941,0.83948,1.50,1.88
2013.09.27 11:05:22.469,0.83941,0.83948,1.50,1.88
2013.09.27 11:05:22.593,0.83942,0.83948,1.13,1.50
2013.09.27 11:05:22.714,0.83941,0.8395,2.25,2.25
2013.09.27 11:05:23.254,0.83942,0.83949,1.50,1.13
2013.09.27 11:05:24.516,0.83941,0.83949,3.00,1.88
2013.09.27 11:05:24.647,0.83942,0.8395,1.88,1.50
2013.09.27 11:05:25.185,0.83942,0.83951,2.63,1.88
2013.09.27 11:05:25.546,0.83946,0.83951,1.13,1.13
2013.09.27 11:05:25.844,0.83948,0.83954,1.13,1.88
2013.09.27 11:05:26.084,0.83949,0.83955,1.13,1.88
2013.09.27 11:05:26.205,0.83949,0.83956,1.13,1.50
2013.09.27 11:05:26.324,0.83949,0.83956,1.13,1.50
2013.09.27 11:05:26.624,0.83949,0.83956,1.13,1.50
2013.09.27 11:05:26.865,0.83949,0.83956,1.13,1.50
2013.09.27 11:05:26.984,0.83948,0.83956,1.13,2.25
2013.09.27 11:05:27.344,0.83949,0.83956,1.13,1.50
2013.09.27 11:05:31.385,0.83948,0.83956,1.13,2.25
2013.09.27 11:05:38.924,0.83947,0.83956,1.88,2.25
2013.09.27 11:05:39.344,0.83946,0.83955,1.13,1.50
2013.09.27 11:05:39.884,0.83945,0.83953,1.13,1.50
2013.09.27 11:05:40.824,0.83944,0.83953,2.25,1.50
2013.09.27 11:05:41.064,0.83939,0.83945,1.50,1.13
2013.09.27 11:05:41.124,0.83938,0.83945,1.50,1.13
2013.09.27 11:05:41.425,0.83944,0.83949,1.13,1.50
2013.09.27 11:05:41.664,0.83945,0.8395,1.50,1.50
2013.09.27 11:05:41.784,0.83945,0.83951,2.25,1.50
2013.09.27 11:05:42.324,0.83944,0.83951,1.13,2.25
2013.09.27 11:05:42.625,0.83948,0.83954,1.13,3.75
2013.09.27 11:05:42.745,0.8395,0.83955,1.50,3.00
2013.09.27 11:05:42.924,0.83945,0.83953,1.88,3.00
2013.09.27 11:05:42.984,0.83945,0.83953,1.13,3.00
2013.09.27 11:05:47.224,0.83943,0.8395,1.13,1.50
2013.09.27 11:05:47.784,0.83944,0.83951,1.13,1.50
2013.09.27 11:05:49.875,0.83944,0.83951,1.13,1.50
2013.09.27 11:05:53.454,0.83943,0.83951,1.88,2.25
2013.09.27 11:05:53.955,0.83943,0.83951,1.88,1.50
2013.09.27 11:05:56.284,0.83943,0.83951,1.13,1.50
2013.09.27 11:05:56.585,0.83945,0.8395,1.13,1.50
2013.09.27 11:05:56.704,0.83946,0.8395,1.50,2.25
2013.09.27 11:05:57.244,0.83942,0.8395,1.50,1.88
2013.09.27 11:05:57.784,0.83945,0.83951,1.13,2.25
2013.09.27 11:05:58.934,0.83945,0.83953,1.13,3.75
2013.09.27 11:06:00.099,0.83945,0.83953,1.13,4.50
2013.09.27 11:06:01.273,0.83945,0.83953,1.88,3.00
2013.09.27 11:06:05.424,0.83945,0.83953,1.88,3.00
2013.09.27 11:06:05.665,0.83945,0.83953,1.88,3.00
2013.09.27 11:06:08.116,0.83947,0.83953,1.13,2.25
2013.09.27 11:06:08.665,0.83946,0.83954,1.50,1.50
2013.09.27 11:06:16.757,0.83945,0.83954,3.38,1.50
2013.09.27 11:06:21.664,0.83946,0.83954,1.50,1.50
2013.09.27 11:06:23.584,0.83946,0.83954,2.25,1.13
2013.09.27 11:06:40.138,0.83945,0.83955,3.38,3.00
2013.09.27 11:06:43.114,0.83945,0.83953,3.00,1.73
2013.09.27 11:06:43.595,0.83943,0.83951,3.00,1.13
2013.09.27 11:06:47.423,0.83943,0.83951,1.50,1.13
2013.09.27 11:06:53.039,0.83942,0.83951,3.60,1.88
2013.09.27 11:06:59.094,0.83942,0.8395,1.73,1.50
2013.09.27 11:06:59.827,0.83942,0.83949,1.73,1.50
2013.09.27 11:07:00.607,0.83946,0.83951,1.13,3.00
2013.09.27 11:07:00.736,0.83942,0.83951,1.50,3.75
2013.09.27 11:07:00.977,0.83943,0.83951,1.13,1.50
2013.09.27 11:07:07.685,0.83942,0.83951,3.60,2.25
2013.09.27 11:07:07.924,0.83942,0.83951,1.50,1.50
2013.09.27 11:07:08.464,0.83946,0.83951,1.13,1.50
2013.09.27 11:07:11.107,0.83945,0.83951,1.13,2.25
2013.09.27 11:07:11.705,0.83942,0.83951,2.25,2.63
2013.09.27 11:07:12.244,0.83942,0.83951,2.25,2.63
2013.09.27 11:07:20.194,0.83944,0.83951,1.13,1.50
2013.09.27 11:07:24.506,0.83943,0.83949,1.13,1.13
2013.09.27 11:07:25.044,0.83943,0.8395,1.13,1.88
2013.09.27 11:07:26.945,0.83941,0.83949,1.88,1.13
2013.09.27 11:07:28.686,0.83941,0.83951,3.00,3.75
2013.09.27 11:07:30.127,0.83941,0.8395,2.63,1.50
2013.09.27 11:07:30.891,0.83945,0.83951,1.13,3.75
2013.09.27 11:07:31.445,0.83943,0.8395,1.13,1.13
2013.09.27 11:07:31.504,0.83946,0.83951,1.13,1.50
2013.09.27 11:07:31.625,0.83945,0.8395,1.13,1.13
2013.09.27 11:07:31.865,0.83943,0.83951,1.13,1.50
2013.09.27 11:07:32.164,0.83943,0.8395,1.13,1.13
2013.09.27 11:07:32.404,0.83943,0.83951,1.13,1.50
2013.09.27 11:07:32.646,0.83943,0.8395,1.13,1.13
2013.09.27 11:07:33.065,0.83944,0.83952,1.50,1.88
2013.09.27 11:07:33.245,0.83947,0.83954,1.50,2.10
2013.09.27 11:07:33.366,0.83948,0.83955,1.50,2.25
2013.09.27 11:07:33.726,0.83952,0.83957,1.50,1.50
2013.09.27 11:07:33.847,0.83952,0.8396,2.25,1.50
2013.09.27 11:07:33.906,0.83952,0.83962,3.00,1.50
2013.09.27 11:07:34.145,0.83954,0.83962,1.50,1.50
2013.09.27 11:07:34.697,0.83955,0.83963,1.50,5.25
2013.09.27 11:07:35.376,0.83954,0.83962,2.25,1.88
2013.09.27 11:07:36.367,0.83953,0.83961,1.50,4.13
2013.09.27 11:07:36.980,0.83953,0.83961,1.50,1.88
2013.09.27 11:07:37.524,0.83953,0.83961,1.50,1.50
2013.09.27 11:07:41.706,0.83954,0.83961,1.13,1.13
2013.09.27 11:07:42.186,0.83954,0.83962,3.23,3.75
2013.09.27 11:07:42.726,0.83955,0.83961,1.13,1.13
2013.09.27 11:07:42.846,0.83954,0.83961,1.13,1.50
2013.09.27 11:07:44.906,0.83954,0.8396,1.13,1.13
2013.09.27 11:07:46.374,0.83952,0.8396,2.25,1.88
2013.09.27 11:07:46.434,0.83951,0.83958,1.50,1.13
2013.09.27 11:07:46.555,0.83951,0.83958,1.13,1.50
2013.09.27 11:07:46.734,0.83948,0.83954,1.13,1.13
2013.09.27 11:07:46.914,0.83945,0.83952,1.13,1.13
2013.09.27 11:07:47.154,0.83945,0.83952,1.13,2.63
2013.09.27 11:07:47.694,0.83944,0.83951,1.88,1.50
2013.09.27 11:07:47.875,0.83943,0.8395,1.50,1.50
2013.09.27 11:07:48.906,0.83943,0.83951,1.88,3.00
2013.09.27 11:07:49.447,0.83944,0.8395,1.13,1.50
2013.09.27 11:07:49.990,0.83941,0.83949,1.50,1.13
2013.09.27 11:07:50.295,0.83941,0.83947,1.88,1.50
2013.09.27 11:07:50.835,0.83943,0.83949,1.13,2.25
2013.09.27 11:07:51.701,0.83942,0.83948,1.13,2.25
2013.09.27 11:07:51.954,0.83943,0.83949,1.13,1.50
2013.09.27 11:07:52.195,0.83941,0.83949,1.50,3.00
2013.09.27 11:07:52.315,0.8394,0.83948,2.25,1.88
2013.09.27 11:07:53.035,0.83939,0.83947,1.50,2.25
2013.09.27 11:07:53.814,0.83939,0.83946,2.10,1.50
2013.09.27 11:07:54.364,0.83938,0.83946,1.50,3.00
2013.09.27 11:07:54.904,0.83937,0.83945,2.25,2.25
2013.09.27 11:07:55.514,0.83937,0.83945,2.25,1.50
2013.09.27 11:07:56.057,0.83936,0.83944,1.88,1.50
2013.09.27 11:07:57.895,0.83938,0.83945,1.13,2.25
2013.09.27 11:08:00.646,0.83939,0.83946,1.13,2.25
2013.09.27 11:08:00.707,0.83939,0.83946,1.50,1.50
2013.09.27 11:08:01.196,0.8394,0.83948,2.63,1.50
2013.09.27 11:08:01.735,0.8394,0.83949,2.63,2.25
2013.09.27 11:08:02.096,0.83939,0.83947,1.50,1.13
2013.09.27 11:08:03.115,0.83938,0.83946,1.50,2.25
2013.09.27 11:08:04.146,0.83937,0.83946,2.25,2.25
2013.09.27 11:08:05.587,0.83939,0.83946,1.13,2.25
2013.09.27 11:08:05.707,0.83937,0.83944,1.50,1.13
2013.09.27 11:08:05.767,0.83936,0.83944,1.50,2.25
2013.09.27 11:08:06.306,0.83935,0.83943,1.88,3.00
2013.09.27 11:08:06.844,0.83935,0.83943,1.88,2.25
2013.09.27 11:08:07.387,0.83935,0.83943,1.88,3.00
2013.09.27 11:08:07.985,0.83935,0.83943,1.88,2.25
2013.09.27 11:08:08.525,0.83935,0.83943,1.88,3.00
2013.09.27 11:08:10.174,0.83935,0.83943,2.25,2.25
2013.09.27 11:08:10.234,0.83936,0.83943,1.13,2.25
2013.09.27 11:08:10.355,0.83936,0.83944,1.13,3.00
2013.09.27 11:08:10.474,0.83936,0.83944,1.50,2.25
2013.09.27 11:08:10.904,0.83938,0.83945,1.13,1.50
2013.09.27 11:08:11.914,0.83938,0.83946,2.63,2.25
2013.09.27 11:08:12.465,0.83935,0.83942,1.50,1.50
2013.09.27 11:08:12.706,0.83935,0.83942,1.88,1.50
2013.09.27 11:08:12.884,0.83935,0.83942,1.88,1.50
2013.09.27 11:08:13.431,0.83933,0.83942,1.88,2.25
2013.09.27 11:08:16.505,0.83933,0.83941,1.88,1.50
2013.09.27 11:08:19.625,0.83933,0.83941,1.88,1.50
2013.09.27 11:08:20.164,0.83933,0.8394,1.13,1.50
2013.09.27 11:08:20.764,0.83933,0.83942,5.10,1.50
2013.09.27 11:08:21.304,0.83934,0.83942,1.50,2.25
2013.09.27 11:08:25.354,0.83934,0.83942,3.98,2.25
2013.09.27 11:08:25.894,0.83934,0.83942,2.25,2.25
2013.09.27 11:08:26.444,0.83933,0.83941,1.88,1.50
2013.09.27 11:08:27.114,0.83933,0.83941,2.63,1.50
2013.09.27 11:08:28.754,0.83933,0.83941,3.38,1.50
2013.09.27 11:08:29.298,0.83934,0.83942,1.50,2.25
2013.09.27 11:08:30.457,0.83933,0.83942,3.38,2.25
2013.09.27 11:08:31.005,0.83933,0.83941,2.63,1.50
2013.09.27 11:08:32.305,0.83933,0.83943,3.38,2.85
2013.09.27 11:08:32.844,0.83935,0.83942,1.13,1.50
2013.09.27 11:08:34.448,0.83935,0.83943,1.50,1.50
2013.09.27 11:08:34.754,0.83935,0.83945,3.75,2.63
2013.09.27 11:08:38.154,0.83935,0.83944,1.88,2.25
2013.09.27 11:08:43.373,0.83936,0.83944,1.88,1.50
2013.09.27 11:08:43.929,0.83936,0.83944,3.00,1.50
2013.09.27 11:08:44.560,0.83936,0.83944,3.00,1.50
2013.09.27 11:08:49.348,0.83937,0.83946,1.88,2.25
2013.09.27 11:08:49.834,0.83937,0.83945,3.00,1.13
2013.09.27 11:08:55.235,0.83936,0.83944,1.50,1.50
2013.09.27 11:08:55.355,0.83935,0.83944,3.75,2.25
2013.09.27 11:08:55.414,0.83935,0.83944,3.75,1.50
2013.09.27 11:08:57.415,0.83936,0.83944,1.50,1.50
2013.09.27 11:09:01.066,0.83936,0.83944,1.50,1.50
2013.09.27 11:09:05.375,0.83935,0.83943,2.63,1.88
2013.09.27 11:09:06.061,0.83935,0.83943,1.50,1.88
2013.09.27 11:09:06.604,0.83934,0.83943,3.00,1.88
2013.09.27 11:09:07.155,0.83934,0.83943,3.75,1.88
2013.09.27 11:09:07.692,0.83934,0.83943,1.50,2.63
2013.09.27 11:09:08.175,0.83934,0.83943,1.50,3.38
2013.09.27 11:09:08.708,0.83934,0.83943,3.00,1.88
2013.09.27 11:09:10.216,0.83935,0.83943,2.63,2.25
2013.09.27 11:09:10.834,0.83935,0.83943,1.88,2.25
2013.09.27 11:09:11.685,0.83934,0.83942,2.25,1.50
2013.09.27 11:09:11.865,0.83935,0.83943,1.13,2.25
2013.09.27 11:09:16.714,0.83936,0.83944,1.50,2.25
2013.09.27 11:09:19.265,0.83936,0.83945,2.25,1.88
2013.09.27 11:09:19.804,0.83938,0.83946,3.38,1.50
2013.09.27 11:09:25.896,0.83938,0.83947,3.38,2.25
2013.09.27 11:09:26.556,0.83939,0.83948,1.50,4.13
2013.09.27 11:09:27.409,0.83938,0.83948,4.13,4.13
2013.09.27 11:09:31.914,0.83939,0.83948,1.88,4.13
2013.09.27 11:09:45.646,0.83938,0.83947,3.38,2.25
2013.09.27 11:09:47.184,0.83938,0.83947,3.38,2.25
2013.09.27 11:09:47.894,0.83938,0.83947,3.38,4.50
2013.09.27 11:09:47.955,0.83938,0.83946,1.88,2.25
2013.09.27 11:09:48.314,0.83936,0.83945,2.25,2.63
2013.09.27 11:09:48.555,0.83938,0.83945,1.13,2.25
2013.09.27 11:09:48.675,0.83938,0.83946,1.88,3.75
2013.09.27 11:09:48.735,0.83938,0.83946,1.13,3.75
2013.09.27 11:09:51.595,0.83938,0.83947,1.13,3.75
2013.09.27 11:09:52.134,0.83938,0.83947,3.98,2.25
2013.09.27 11:09:52.674,0.83938,0.83947,3.98,3.00
2013.09.27 11:09:59.986,0.83938,0.83947,4.73,3.00
2013.09.27 11:10:00.105,0.83938,0.83947,4.73,2.25
2013.09.27 11:10:00.825,0.83936,0.83945,3.75,1.88
2013.09.27 11:10:01.376,0.83937,0.83944,1.13,1.88
2013.09.27 11:10:01.918,0.83937,0.83944,1.13,1.88
2013.09.27 11:10:02.639,0.83935,0.83943,3.75,1.13
2013.09.27 11:10:03.184,0.83938,0.83944,1.13,1.13
2013.09.27 11:10:03.785,0.83938,0.83945,1.13,4.13
2013.09.27 11:10:04.345,0.83938,0.83945,1.13,4.50
2013.09.27 11:10:04.886,0.83938,0.83945,1.13,3.75
2013.09.27 11:10:06.244,0.83938,0.83945,1.13,1.50
2013.09.27 11:10:06.755,0.83938,0.83946,1.13,2.25
2013.09.27 11:10:07.115,0.83939,0.83948,2.10,3.75
2013.09.27 11:10:07.656,0.83939,0.83948,3.60,4.50
2013.09.27 11:10:08.355,0.83939,0.83947,5.10,1.88
2013.09.27 11:10:08.894,0.83939,0.83947,2.63,2.25
2013.09.27 11:10:09.525,0.83939,0.83947,1.13,2.25
2013.09.27 11:10:10.129,0.83939,0.83947,1.13,2.25
2013.09.27 11:10:13.585,0.83939,0.83947,2.25,2.25
2013.09.27 11:10:14.614,0.83939,0.83947,2.25,1.50
2013.09.27 11:10:15.238,0.8394,0.83948,1.88,1.50
2013.09.27 11:10:15.486,0.8394,0.83949,2.63,2.25
2013.09.27 11:10:16.025,0.83942,0.8395,1.88,2.25
2013.09.27 11:10:17.557,0.83943,0.83951,1.88,1.50
2013.09.27 11:10:18.094,0.83943,0.83951,1.50,1.50
2013.09.27 11:10:18.815,0.83943,0.83951,1.50,2.63
2013.09.27 11:10:19.355,0.83943,0.83951,1.50,2.25
2013.09.27 11:10:19.895,0.83943,0.83951,1.50,1.50
2013.09.27 11:10:22.394,0.83943,0.83951,1.88,2.85
2013.09.27 11:10:25.046,0.83943,0.8395,1.13,1.50
2013.09.27 11:10:25.586,0.83942,0.8395,1.50,2.25
2013.09.27 11:10:25.945,0.83944,0.83949,1.13,1.50
2013.09.27 11:10:26.246,0.83942,0.83949,1.50,2.25
2013.09.27 11:10:26.436,0.83943,0.83949,1.13,2.25
2013.09.27 11:10:26.687,0.83942,0.83949,1.88,2.25
2013.09.27 11:10:26.925,0.83942,0.83948,1.13,1.50
2013.09.27 11:10:27.165,0.8394,0.83948,2.25,1.50
2013.09.27 11:10:30.655,0.83941,0.83948,1.13,2.25
2013.09.27 11:10:30.956,0.83941,0.83949,1.50,1.50
2013.09.27 11:10:31.255,0.83942,0.83948,1.13,1.50
2013.09.27 11:10:31.506,0.83941,0.83949,1.50,1.50
2013.09.27 11:10:31.745,0.83942,0.83948,1.13,1.50
2013.09.27 11:10:31.925,0.83941,0.83949,1.50,1.50
2013.09.27 11:10:32.225,0.83942,0.83948,1.13,1.50
2013.09.27 11:10:32.404,0.83941,0.83949,1.50,1.50
2013.09.27 11:10:32.705,0.83942,0.83948,1.13,1.50
2013.09.27 11:10:32.945,0.83941,0.83949,1.50,1.50
2013.09.27 11:10:33.245,0.83942,0.83948,1.13,1.50
2013.09.27 11:10:33.424,0.83941,0.83949,1.50,1.50
2013.09.27 11:10:33.725,0.83941,0.83948,1.50,1.50
2013.09.27 11:10:33.964,0.83941,0.83949,1.50,2.25
2013.09.27 11:10:34.265,0.83941,0.83948,1.50,2.25
2013.09.27 11:10:34.635,0.83939,0.83948,2.25,3.38
2013.09.27 11:10:34.875,0.83938,0.83947,2.25,1.50
2013.09.27 11:10:43.644,0.83939,0.83947,1.50,1.50
2013.09.27 11:10:48.595,0.83939,0.83947,1.88,1.50
2013.09.27 11:10:48.896,0.83943,0.83948,1.50,1.50
2013.09.27 11:10:49.015,0.83943,0.8395,1.50,1.88
2013.09.27 11:10:52.681,0.83942,0.83948,1.13,1.50
2013.09.27 11:10:53.347,0.83944,0.83949,1.50,1.50
2013.09.27 11:10:53.646,0.83944,0.8395,1.50,1.88
2013.09.27 11:10:55.396,0.83944,0.8395,1.50,1.50
2013.09.27 11:10:55.516,0.83946,0.83951,1.50,1.50
2013.09.27 11:10:57.315,0.83943,0.8395,1.50,1.50
2013.09.27 11:11:00.196,0.83946,0.83953,1.13,3.38
2013.09.27 11:11:00.435,0.83945,0.83951,1.50,1.13
2013.09.27 11:11:00.615,0.83945,0.83951,1.50,1.13
2013.09.27 11:11:00.675,0.83945,0.83951,1.50,1.13
2013.09.27 11:11:01.035,0.83945,0.83951,1.50,1.13
2013.09.27 11:11:01.095,0.83945,0.83951,1.50,1.13
2013.09.27 11:11:01.155,0.83945,0.83951,1.50,1.13
2013.09.27 11:11:01.516,0.83945,0.83951,1.88,1.13
2013.09.27 11:11:01.757,0.83944,0.83949,2.25,1.50
2013.09.27 11:11:01.875,0.83944,0.83949,3.00,1.50
2013.09.27 11:11:01.936,0.83945,0.83951,1.13,1.88
2013.09.27 11:11:02.176,0.8395,0.83955,1.13,1.50
2013.09.27 11:11:02.298,0.8395,0.83957,1.13,1.88
2013.09.27 11:11:02.856,0.8395,0.83957,1.13,1.13
2013.09.27 11:11:03.780,0.8395,0.83956,1.50,1.13
2013.09.27 11:11:04.334,0.83949,0.83955,1.13,1.13
2013.09.27 11:11:04.875,0.83948,0.83955,2.63,1.50
2013.09.27 11:11:05.055,0.83949,0.83956,1.13,1.13
2013.09.27 11:11:05.595,0.83949,0.83958,1.88,4.13
2013.09.27 11:11:05.655,0.83948,0.83956,2.63,2.63
2013.09.27 11:11:06.315,0.83949,0.83956,1.35,2.63
2013.09.27 11:11:06.507,0.83951,0.83958,1.88,1.50
2013.09.27 11:11:06.685,0.8395,0.83956,1.50,2.63
2013.09.27 11:11:07.044,0.83948,0.83956,3.00,2.63
2013.09.27 11:11:08.635,0.83949,0.83956,3.00,1.50
2013.09.27 11:11:09.798,0.8395,0.83956,1.50,1.50
2013.09.27 11:11:10.633,0.8395,0.83956,1.50,1.50
2013.09.27 11:11:11.327,0.83949,0.83956,3.00,2.25
2013.09.27 11:11:17.255,0.8395,0.83956,1.50,1.50
2013.09.27 11:11:17.436,0.83951,0.83958,1.88,1.50
2013.09.27 11:11:18.278,0.83951,0.83957,1.50,1.50
2013.09.27 11:11:18.797,0.8395,0.83956,1.50,1.50
2013.09.27 11:11:18.915,0.83951,0.83958,1.50,1.88
2013.09.27 11:11:19.274,0.8395,0.83956,1.50,1.50
2013.09.27 11:11:19.576,0.83952,0.83959,1.88,1.13
2013.09.27 11:11:19.755,0.83953,0.83961,1.13,1.50
2013.09.27 11:11:21.026,0.83954,0.83961,1.88,1.50
2013.09.27 11:11:26.865,0.83954,0.83961,2.63,1.50
2013.09.27 11:11:27.547,0.83955,0.83961,1.88,1.50
2013.09.27 11:11:27.606,0.83955,0.83961,1.88,1.50
2013.09.27 11:11:27.785,0.83956,0.83963,2.48,1.50
2013.09.27 11:11:28.265,0.83955,0.83961,2.25,1.50
2013.09.27 11:11:30.636,0.83955,0.83961,2.25,1.50
2013.09.27 11:11:32.365,0.83955,0.83961,1.50,1.50
2013.09.27 11:11:32.485,0.83956,0.83964,3.75,1.50
2013.09.27 11:11:32.605,0.83956,0.83964,3.75,1.50
2013.09.27 11:11:32.786,0.83953,0.83958,1.50,1.50
2013.09.27 11:11:32.966,0.83953,0.83961,3.00,1.50
2013.09.27 11:11:33.145,0.83955,0.83962,1.13,1.88
2013.09.27 11:11:36.165,0.83957,0.83962,1.88,1.50
2013.09.27 11:11:36.525,0.83957,0.83962,1.50,1.88
2013.09.27 11:11:37.065,0.83956,0.83961,1.50,1.50
2013.09.27 11:11:41.035,0.83956,0.83962,1.50,1.50
2013.09.27 11:11:44.365,0.83955,0.83961,1.88,1.50
2013.09.27 11:11:45.315,0.83956,0.83962,1.50,1.50
2013.09.27 11:11:48.647,0.83955,0.83961,1.50,2.25
2013.09.27 11:11:54.555,0.83956,0.83962,1.50,1.50
2013.09.27 11:11:55.155,0.83956,0.83961,1.50,1.50
2013.09.27 11:11:57.936,0.83953,0.83958,1.88,1.50
2013.09.27 11:11:58.475,0.83953,0.83958,1.50,1.50
2013.09.27 11:11:59.026,0.83953,0.83959,1.88,1.50
2013.09.27 11:12:00.596,0.83952,0.83958,1.50,1.50
2013.09.27 11:12:00.955,0.8395,0.83956,3.38,1.50
2013.09.27 11:12:01.495,0.8395,0.83956,1.50,1.50
2013.09.27 11:12:01.856,0.8395,0.83956,1.13,1.50
2013.09.27 11:12:02.457,0.83953,0.83958,1.13,1.50
2013.09.27 11:12:02.637,0.83952,0.83958,1.50,1.50
2013.09.27 11:12:02.817,0.83952,0.83958,1.50,1.50
2013.09.27 11:12:03.177,0.8395,0.83958,2.25,2.63
2013.09.27 11:12:03.605,0.8395,0.83956,1.88,1.50
2013.09.27 11:12:10.625,0.8395,0.83956,2.25,1.50
2013.09.27 11:12:11.166,0.8395,0.83956,1.50,1.50
2013.09.27 11:12:11.466,0.83953,0.83958,1.88,1.50
2013.09.27 11:12:11.885,0.8395,0.83958,1.50,1.50
2013.09.27 11:12:13.244,0.83953,0.83958,1.88,1.50
2013.09.27 11:12:13.729,0.83951,0.83956,1.13,1.50
2013.09.27 11:12:14.097,0.83952,0.8396,1.88,4.88
2013.09.27 11:12:14.275,0.83952,0.83958,1.50,1.50
2013.09.27 11:12:14.454,0.83952,0.83958,1.50,1.50
2013.09.27 11:12:18.435,0.83952,0.83959,1.50,1.50
2013.09.27 11:12:18.557,0.83952,0.83958,1.88,1.50
2013.09.27 11:12:18.747,0.83952,0.83958,1.50,1.50
2013.09.27 11:12:18.925,0.8395,0.83956,1.88,1.50
2013.09.27 11:12:21.254,0.83952,0.83958,1.13,1.50
2013.09.27 11:12:21.795,0.8395,0.83956,1.50,1.50
2013.09.27 11:12:22.275,0.8395,0.83956,1.50,1.50
2013.09.27 11:12:24.705,0.83948,0.83955,1.88,1.50
2013.09.27 11:12:24.967,0.83947,0.83955,1.50,1.88
2013.09.27 11:12:27.175,0.83948,0.83955,1.50,2.63
2013.09.27 11:12:27.235,0.83948,0.83955,1.50,1.50
2013.09.27 11:12:28.435,0.83948,0.83955,1.50,1.50
2013.09.27 11:12:29.605,0.83951,0.83957,1.50,1.13
2013.09.27 11:12:29.966,0.83952,0.83958,1.50,1.50
2013.09.27 11:12:31.048,0.83952,0.83958,1.50,1.50
2013.09.27 11:12:31.164,0.8395,0.83958,1.50,1.50
2013.09.27 11:12:31.405,0.83952,0.83958,1.50,1.50
2013.09.27 11:12:31.885,0.8395,0.83956,2.25,1.50
2013.09.27 11:12:32.405,0.83951,0.83956,1.50,1.50
2013.09.27 11:12:36.125,0.83951,0.83956,1.88,1.50
2013.09.27 11:12:36.245,0.83952,0.8396,1.13,2.25
2013.09.27 11:12:36.484,0.83951,0.83958,3.38,2.25
2013.09.27 11:12:36.844,0.83951,0.83956,1.13,1.50
2013.09.27 11:12:37.616,0.8395,0.83956,2.63,1.50
2013.09.27 11:12:40.138,0.8395,0.83957,2.63,1.50
2013.09.27 11:12:44.306,0.83952,0.83958,1.50,1.50
2013.09.27 11:12:44.727,0.83952,0.83958,1.50,1.50
2013.09.27 11:12:44.905,0.83952,0.83959,1.50,1.50
2013.09.27 11:12:51.985,0.8395,0.83956,1.88,1.50
2013.09.27 11:13:06.083,0.83951,0.83956,1.50,1.50
2013.09.27 11:13:10.375,0.83951,0.83956,2.25,1.13
2013.09.27 11:13:10.915,0.8395,0.83957,1.13,2.63
2013.09.27 11:13:11.283,0.8395,0.83955,1.13,1.13
2013.09.27 11:13:12.065,0.83947,0.83955,1.50,1.88
2013.09.27 11:13:12.125,0.83946,0.83952,2.63,1.50
2013.09.27 11:13:12.485,0.83948,0.83955,1.50,2.63
2013.09.27 11:13:12.545,0.83948,0.83955,1.50,3.38
2013.09.27 11:13:13.094,0.83948,0.83955,1.50,1.13
2013.09.27 11:13:15.626,0.83949,0.83955,1.13,1.50
2013.09.27 11:13:16.164,0.8395,0.83956,1.50,1.88
2013.09.27 11:13:21.373,0.8395,0.83956,1.50,1.88
2013.09.27 11:13:23.386,0.83949,0.83955,1.88,1.13
2013.09.27 11:13:23.446,0.83949,0.83955,1.88,1.13
2013.09.27 11:13:23.805,0.83945,0.83951,1.50,1.88
2013.09.27 11:13:24.542,0.83947,0.83951,1.50,1.13
2013.09.27 11:13:27.269,0.83944,0.83951,2.25,1.88
2013.09.27 11:13:27.455,0.83944,0.83951,1.50,2.63
2013.09.27 11:13:27.876,0.83942,0.83947,1.50,1.88
2013.09.27 11:13:27.937,0.83942,0.83947,1.50,1.88
2013.09.27 11:13:28.355,0.83941,0.83946,1.50,1.50
2013.09.27 11:13:28.966,0.83941,0.83946,1.50,1.50
2013.09.27 11:13:29.266,0.83943,0.83948,1.13,1.50
2013.09.27 11:13:29.865,0.83942,0.8395,1.50,2.25
2013.09.27 11:13:29.932,0.83942,0.8395,1.50,1.50
2013.09.27 11:13:31.205,0.83943,0.83951,2.25,1.88
2013.09.27 11:13:31.566,0.83942,0.8395,2.25,1.13
2013.09.27 11:13:31.926,0.83941,0.83946,1.50,1.50
2013.09.27 11:13:31.985,0.83941,0.83946,2.25,1.50
2013.09.27 11:13:34.587,0.83938,0.83946,2.25,2.25
2013.09.27 11:13:37.175,0.83937,0.83944,2.10,1.13
2013.09.27 11:13:37.715,0.83936,0.83943,3.60,1.50
2013.09.27 11:13:38.905,0.83936,0.83944,3.00,1.13
2013.09.27 11:13:39.505,0.83937,0.83944,1.50,1.88
2013.09.27 11:13:40.047,0.83937,0.83944,1.50,1.13
2013.09.27 11:13:40.555,0.83936,0.83944,3.00,1.13
2013.09.27 11:13:41.094,0.83936,0.83944,2.25,1.13
2013.09.27 11:13:43.115,0.83936,0.83944,1.50,3.38
2013.09.27 11:13:52.604,0.83938,0.83944,1.13,1.50
2013.09.27 11:13:52.806,0.83945,0.83951,1.50,1.13
2013.09.27 11:13:53.345,0.83943,0.83951,2.25,1.88
2013.09.27 11:13:53.885,0.83944,0.83951,1.50,1.13
2013.09.27 11:13:54.185,0.83944,0.83951,1.50,1.13
2013.09.27 11:13:54.725,0.83946,0.83953,1.13,1.88
2013.09.27 11:13:56.395,0.83946,0.83954,1.13,2.63
2013.09.27 11:13:56.706,0.83945,0.83952,2.25,1.50
2013.09.27 11:13:57.255,0.83944,0.83951,1.50,1.13
2013.09.27 11:13:58.997,0.83945,0.83952,1.13,1.88
2013.09.27 11:13:59.356,0.83947,0.83955,1.13,3.75
2013.09.27 11:13:59.895,0.83947,0.83955,1.13,1.88
2013.09.27 11:14:00.257,0.8395,0.83958,1.50,1.13
2013.09.27 11:14:00.379,0.8395,0.83958,1.50,1.13
2013.09.27 11:14:00.925,0.8395,0.83958,1.50,1.13
2013.09.27 11:14:05.260,0.83952,0.83959,1.50,2.10
2013.09.27 11:14:05.805,0.83952,0.83961,2.63,2.25
2013.09.27 11:14:06.165,0.83952,0.83961,2.63,2.25
2013.09.27 11:14:06.525,0.83955,0.83962,1.13,1.13
2013.09.27 11:14:06.886,0.83955,0.83965,3.38,4.13
2013.09.27 11:14:07.669,0.83955,0.83964,2.63,1.13
2013.09.27 11:14:08.215,0.83956,0.83964,2.25,1.88
2013.09.27 11:14:08.758,0.83954,0.83963,4.13,1.50
2013.09.27 11:14:09.065,0.83954,0.8396,1.50,1.50
2013.09.27 11:14:09.247,0.83951,0.8396,3.38,1.88
2013.09.27 11:14:09.678,0.83951,0.8396,1.50,2.25
2013.09.27 11:14:10.226,0.8395,0.83958,2.25,2.25
2013.09.27 11:14:10.646,0.83949,0.83958,2.63,1.50
2013.09.27 11:14:10.706,0.8395,0.83958,1.88,1.50
2013.09.27 11:14:11.245,0.83952,0.83959,1.13,1.13
2013.09.27 11:14:11.305,0.83952,0.8396,1.13,1.50
2013.09.27 11:14:11.845,0.83952,0.83962,1.88,3.38
2013.09.27 11:14:13.265,0.83953,0.83962,1.13,2.25
2013.09.27 11:14:13.325,0.83954,0.83962,1.13,1.50
2013.09.27 11:14:15.465,0.83954,0.83963,4.35,2.25
2013.09.27 11:14:16.004,0.83954,0.83964,3.00,2.63
2013.09.27 11:14:16.695,0.83955,0.83964,1.50,2.63
2013.09.27 11:14:20.605,0.83956,0.83965,1.50,3.00
2013.09.27 11:14:21.165,0.83955,0.83964,2.63,1.13
2013.09.27 11:14:21.284,0.83955,0.83964,2.25,2.63
2013.09.27 11:14:21.645,0.83955,0.83964,1.88,3.75
2013.09.27 11:14:21.895,0.83955,0.83964,2.25,2.63
2013.09.27 11:14:22.445,0.83956,0.83964,1.50,1.88
2013.09.27 11:14:23.555,0.83956,0.83964,1.50,1.88
2013.09.27 11:14:24.075,0.83955,0.83963,1.88,1.13
2013.09.27 11:14:25.855,0.83957,0.83964,1.50,3.75
2013.09.27 11:14:26.395,0.83957,0.83964,2.25,1.88
2013.09.27 11:14:26.945,0.83955,0.83963,1.13,1.50
2013.09.27 11:14:27.246,0.83955,0.83963,1.50,1.50
2013.09.27 11:14:27.305,0.83957,0.83965,1.88,1.88
2013.09.27 11:14:27.367,0.83958,0.83966,1.50,5.07
2013.09.27 11:14:27.425,0.83958,0.83966,1.50,5.07
2013.09.27 11:14:28.605,0.8396,0.83968,1.50,1.50
2013.09.27 11:14:29.447,0.8396,0.83968,1.50,2.63
2013.09.27 11:14:30.055,0.83959,0.83967,1.50,1.88
2013.09.27 11:14:30.595,0.83959,0.83967,1.88,1.50
2013.09.27 11:14:30.955,0.83956,0.83965,2.25,1.88
2013.09.27 11:14:31.195,0.83955,0.83964,3.00,3.38
2013.09.27 11:14:32.060,0.83954,0.83963,2.25,1.88
2013.09.27 11:14:32.617,0.83953,0.83962,1.88,1.13
2013.09.27 11:14:32.915,0.83953,0.83961,1.88,2.25
2013.09.27 11:14:33.155,0.83953,0.83961,1.13,3.00
2013.09.27 11:14:33.276,0.83955,0.83962,1.13,3.00
2013.09.27 11:14:33.336,0.83955,0.83962,1.50,2.63
2013.09.27 11:14:34.186,0.83954,0.83962,1.50,1.88
2013.09.27 11:14:35.106,0.83955,0.83962,1.50,1.13
2013.09.27 11:14:41.135,0.83954,0.83962,1.50,2.63
2013.09.27 11:14:41.675,0.83955,0.83962,1.50,1.13
2013.09.27 11:14:46.067,0.83955,0.83963,1.88,2.25
2013.09.27 11:14:47.605,0.83955,0.83962,1.50,1.13
2013.09.27 11:14:50.404,0.83955,0.83962,1.50,1.13
2013.09.27 11:14:54.697,0.83955,0.83962,1.50,1.50
2013.09.27 11:14:54.817,0.83954,0.83962,1.50,1.88
2013.09.27 11:14:54.937,0.83954,0.83963,1.88,2.25
2013.09.27 11:14:55.175,0.83954,0.83962,1.88,1.50
2013.09.27 11:14:55.715,0.83954,0.83962,1.88,1.50
2013.09.27 11:14:56.386,0.83954,0.83962,1.13,1.50
2013.09.27 11:14:56.445,0.83954,0.83962,1.13,1.88
2013.09.27 11:14:56.987,0.83953,0.8396,1.13,1.50
2013.09.27 11:14:57.526,0.83953,0.83961,2.63,2.25
2013.09.27 11:14:58.333,0.83953,0.83962,2.63,1.88
2013.09.27 11:14:58.876,0.83954,0.83962,1.50,1.88
2013.09.27 11:15:01.395,0.83954,0.83962,3.00,1.13
2013.09.27 11:15:01.935,0.83954,0.83962,2.25,1.88
2013.09.27 11:15:03.136,0.83954,0.83963,3.38,3.00
2013.09.27 11:15:04.107,0.83954,0.83962,3.38,1.50
2013.09.27 11:15:07.296,0.83954,0.83963,1.88,3.00
2013.09.27 11:15:10.956,0.83954,0.83962,1.50,3.38
2013.09.27 11:15:11.940,0.83954,0.83963,1.88,3.75
2013.09.27 11:15:13.935,0.83955,0.83963,1.50,2.25
2013.09.27 11:15:19.506,0.83954,0.83963,2.25,3.00
2013.09.27 11:15:19.685,0.83954,0.83962,1.50,1.13
2013.09.27 11:15:20.226,0.83954,0.83962,1.50,1.88
2013.09.27 11:15:20.465,0.83954,0.83963,1.88,3.75
2013.09.27 11:15:20.836,0.83954,0.83962,1.50,1.13
2013.09.27 11:15:21.517,0.83954,0.8396,1.50,1.88
2013.09.27 11:15:21.937,0.83954,0.83962,1.50,1.13
2013.09.27 11:15:22.316,0.83954,0.83962,1.50,1.13
2013.09.27 11:15:22.675,0.83954,0.83962,1.50,1.13
2013.09.27 11:15:23.085,0.83954,0.83962,1.50,1.13
2013.09.27 11:15:23.509,0.83954,0.83963,1.50,1.88
2013.09.27 11:15:28.206,0.83955,0.83964,1.50,3.38
2013.09.27 11:15:29.486,0.83955,0.83964,1.50,4.13
2013.09.27 11:15:29.905,0.83954,0.8396,2.63,1.50
2013.09.27 11:15:30.217,0.83954,0.83962,2.25,1.13
2013.09.27 11:15:30.765,0.83954,0.83962,1.50,1.88
2013.09.27 11:15:30.885,0.83954,0.8396,1.50,1.13
2013.09.27 11:15:31.976,0.83954,0.8396,1.88,1.50
2013.09.27 11:15:32.215,0.83954,0.83963,1.88,3.75
2013.09.27 11:15:33.826,0.83954,0.83962,1.13,2.25
2013.09.27 11:15:33.886,0.83953,0.83962,1.50,4.13
2013.09.27 11:15:33.945,0.83953,0.8396,1.50,1.50
2013.09.27 11:15:34.245,0.83954,0.83962,1.13,3.75
2013.09.27 11:15:37.905,0.83954,0.83963,1.88,3.00
2013.09.27 11:15:49.706,0.83954,0.83963,1.88,2.25
2013.09.27 11:15:51.109,0.83955,0.83963,1.50,1.88
2013.09.27 11:15:54.550,0.83955,0.83962,1.50,1.13
2013.09.27 11:15:55.215,0.83956,0.83963,1.13,1.13
2013.09.27 11:15:55.396,0.83959,0.83965,1.13,2.25
2013.09.27 11:15:55.935,0.83959,0.83967,1.50,3.00
2013.09.27 11:15:56.056,0.8396,0.83967,1.88,2.25
2013.09.27 11:15:56.418,0.83961,0.83968,1.13,2.63
2013.09.27 11:15:56.836,0.83961,0.83969,1.88,1.50
2013.09.27 11:15:58.163,0.83963,0.8397,1.50,2.25
2013.09.27 11:15:58.427,0.83965,0.83972,1.13,4.13
2013.09.27 11:15:58.727,0.83963,0.8397,1.13,1.50
2013.09.27 11:15:59.535,0.83964,0.83971,1.50,1.13
2013.09.27 11:15:59.896,0.83963,0.83971,1.50,2.63
2013.09.27 11:16:00.142,0.83961,0.8397,2.48,2.25
2013.09.27 11:16:00.470,0.83962,0.8397,1.50,2.25
2013.09.27 11:16:02.218,0.83964,0.83971,1.50,2.63
2013.09.27 11:16:02.885,0.83966,0.83971,1.13,1.50
2013.09.27 11:16:03.499,0.83964,0.83971,1.88,1.88
2013.09.27 11:16:04.005,0.83964,0.83971,1.88,1.13
2013.09.27 11:16:04.547,0.83968,0.83972,1.50,1.50
2013.09.27 11:16:04.966,0.83967,0.83973,1.50,1.13
2013.09.27 11:16:05.459,0.83967,0.83973,1.88,1.13
2013.09.27 11:16:05.536,0.83969,0.83974,1.50,1.88
2013.09.27 11:16:05.787,0.83969,0.83976,1.50,3.00
2013.09.27 11:16:06.567,0.83968,0.83975,1.50,1.13
2013.09.27 11:16:07.527,0.83968,0.83975,1.50,1.88
2013.09.27 11:16:08.420,0.83968,0.83974,1.50,1.50
2013.09.27 11:16:08.736,0.83968,0.83973,1.13,1.50
2013.09.27 11:16:08.975,0.83965,0.83972,1.50,2.25
2013.09.27 11:16:09.158,0.83964,0.83971,1.50,2.25
2013.09.27 11:16:09.455,0.83964,0.83972,1.50,3.00
2013.09.27 11:16:09.695,0.83963,0.83969,1.50,1.50
2013.09.27 11:16:10.655,0.83963,0.83968,1.13,1.50
2013.09.27 11:16:12.075,0.83964,0.83971,1.50,1.50
2013.09.27 11:16:13.557,0.83964,0.8397,1.50,1.50
2013.09.27 11:16:14.877,0.83963,0.83968,1.13,1.50
2013.09.27 11:16:15.416,0.83965,0.8397,1.88,1.50
2013.09.27 11:16:15.776,0.83965,0.83971,1.50,1.50
2013.09.27 11:16:16.375,0.83965,0.83972,1.50,1.88
2013.09.27 11:16:16.436,0.83965,0.83971,1.50,1.50
2013.09.27 11:16:20.085,0.83964,0.83971,1.50,1.50
2013.09.27 11:16:20.145,0.83964,0.83972,1.50,3.00
2013.09.27 11:16:20.978,0.83961,0.83966,1.13,1.50
2013.09.27 11:16:21.465,0.83962,0.83969,2.25,1.50
2013.09.27 11:16:21.886,0.8396,0.83966,2.25,1.50
2013.09.27 11:16:22.196,0.8396,0.83966,2.25,1.50
2013.09.27 11:16:22.868,0.83961,0.83966,1.13,1.50
2013.09.27 11:16:23.406,0.83958,0.83966,2.63,3.00
2013.09.27 11:16:23.467,0.83957,0.83965,1.50,1.50
2013.09.27 11:16:24.005,0.83958,0.83964,2.63,1.50
2013.09.27 11:16:24.667,0.83956,0.83963,1.88,1.50
2013.09.27 11:16:25.214,0.83955,0.83963,5.48,1.50
2013.09.27 11:16:25.515,0.83956,0.83962,1.50,1.50
2013.09.27 11:16:25.696,0.83956,0.83963,2.25,1.50
2013.09.27 11:16:25.997,0.83956,0.83961,1.88,1.50
2013.09.27 11:16:26.655,0.83956,0.83961,1.13,1.50
2013.09.27 11:16:27.196,0.83955,0.83961,1.88,1.50
2013.09.27 11:16:30.237,0.83955,0.83961,1.13,1.50
2013.09.27 11:16:31.126,0.83954,0.83961,1.88,1.50
2013.09.27 11:16:31.488,0.83956,0.83963,1.13,3.00
2013.09.27 11:16:31.665,0.83956,0.83961,1.13,1.50
2013.09.27 11:16:31.965,0.83956,0.83963,1.13,3.75
2013.09.27 11:16:33.466,0.83957,0.83963,1.50,2.25
2013.09.27 11:16:34.193,0.83961,0.83968,1.88,2.63
2013.09.27 11:16:34.517,0.8396,0.83966,1.50,1.50
2013.09.27 11:16:34.588,0.8396,0.83966,1.50,1.50
2013.09.27 11:16:34.892,0.8396,0.83966,1.50,1.50
2013.09.27 11:16:35.018,0.83961,0.83966,1.13,1.50
2013.09.27 11:16:35.086,0.8396,0.83966,1.13,1.50
2013.09.27 11:16:35.387,0.83963,0.83968,1.50,1.50
2013.09.27 11:16:35.747,0.83963,0.83968,1.13,1.50
2013.09.27 11:16:35.926,0.83962,0.83968,1.13,1.50
2013.09.27 11:16:35.987,0.83964,0.83971,1.88,1.50
2013.09.27 11:16:36.107,0.83965,0.83971,2.25,1.50
2013.09.27 11:16:36.178,0.83963,0.8397,1.50,1.50
2013.09.27 11:16:36.417,0.83966,0.83973,1.13,3.38
2013.09.27 11:16:36.536,0.83968,0.83973,1.13,1.13
2013.09.27 11:16:36.837,0.83966,0.83971,1.88,1.50
2013.09.27 11:16:36.956,0.83966,0.83973,2.25,1.50
2013.09.27 11:16:37.197,0.83969,0.83976,1.13,1.50
2013.09.27 11:16:37.316,0.83966,0.83971,1.13,1.50
2013.09.27 11:16:37.435,0.83965,0.83973,3.75,1.50
2013.09.27 11:16:37.616,0.83965,0.83973,3.38,1.50
2013.09.27 11:16:37.916,0.83967,0.83973,1.13,1.50
2013.09.27 11:16:38.155,0.83965,0.83973,1.13,1.50
2013.09.27 11:16:39.175,0.83967,0.83973,1.13,1.50
2013.09.27 11:16:39.956,0.83964,0.8397,1.13,1.50
2013.09.27 11:16:40.136,0.83965,0.83971,1.50,2.25
2013.09.27 11:16:40.947,0.83964,0.83971,1.50,2.25
2013.09.27 11:16:41.915,0.83961,0.83968,3.38,1.50
2013.09.27 11:16:42.216,0.83965,0.83971,1.13,1.13
2013.09.27 11:16:42.456,0.83965,0.83971,1.13,1.50
2013.09.27 11:16:43.839,0.83968,0.83974,1.13,1.88
2013.09.27 11:16:43.957,0.83966,0.83971,1.88,1.50
2013.09.27 11:16:45.445,0.83964,0.83971,4.35,1.50
2013.09.27 11:16:45.627,0.83965,0.83972,2.63,1.50
2013.09.27 11:16:45.746,0.83967,0.83974,1.13,1.88
2013.09.27 11:16:45.865,0.83966,0.83972,1.13,1.50
2013.09.27 11:16:46.047,0.83966,0.83973,2.25,2.25
2013.09.27 11:16:46.166,0.83966,0.83973,1.88,1.50
2013.09.27 11:16:46.707,0.83966,0.83971,1.50,1.50
2013.09.27 11:16:46.826,0.83967,0.83972,1.50,1.50
2013.09.27 11:16:46.946,0.83967,0.83974,1.88,1.50
2013.09.27 11:16:47.485,0.83967,0.83973,2.25,1.50
2013.09.27 11:16:48.025,0.83966,0.83972,3.38,1.50
2013.09.27 11:16:50.476,0.83965,0.83971,2.25,1.50
2013.09.27 11:16:50.717,0.83964,0.83972,2.25,1.13
2013.09.27 11:16:51.077,0.83961,0.83967,1.88,1.50
2013.09.27 11:16:51.259,0.83963,0.83968,1.13,1.50
2013.09.27 11:16:51.505,0.83963,0.8397,1.13,1.50
2013.09.27 11:16:51.686,0.8396,0.8397,3.38,1.50
2013.09.27 11:16:51.926,0.83961,0.83967,1.13,1.50
2013.09.27 11:16:52.225,0.83961,0.83968,1.88,1.50
2013.09.27 11:16:53.589,0.83962,0.83968,2.63,1.50
2013.09.27 11:16:54.834,0.83963,0.83971,1.88,2.25
2013.09.27 11:16:54.956,0.83965,0.83971,1.13,1.50
2013.09.27 11:16:55.195,0.83963,0.83971,2.25,2.25
2013.09.27 11:16:55.437,0.83963,0.83968,1.13,1.50
2013.09.27 11:16:55.736,0.83963,0.8397,2.25,1.50
2013.09.27 11:16:55.916,0.83961,0.8397,6.98,2.25
2013.09.27 11:16:56.215,0.83963,0.8397,1.13,1.50
2013.09.27 11:16:56.397,0.83961,0.8397,5.48,2.25
2013.09.27 11:16:56.761,0.83964,0.83971,1.88,1.50
2013.09.27 11:16:57.915,0.83963,0.83971,1.88,1.50
2013.09.27 11:16:58.638,0.83963,0.83971,1.88,2.25
2013.09.27 11:16:58.828,0.83962,0.83971,1.50,3.38
2013.09.27 11:16:59.186,0.83962,0.83968,1.13,1.50
2013.09.27 11:17:00.359,0.83963,0.83968,1.88,1.50
2013.09.27 11:17:01.026,0.83964,0.8397,1.50,1.50
2013.09.27 11:17:01.208,0.83965,0.83971,1.88,1.88
2013.09.27 11:17:03.446,0.83966,0.83972,1.13,1.50
2013.09.27 11:17:03.986,0.83965,0.83971,2.25,1.50
2013.09.27 11:17:04.466,0.83966,0.83973,1.13,1.50
2013.09.27 11:17:04.766,0.83966,0.83971,1.50,1.50
2013.09.27 11:17:04.946,0.83966,0.83973,1.88,1.50
2013.09.27 11:17:05.185,0.83966,0.83971,1.88,1.50
2013.09.27 11:17:06.033,0.83967,0.83972,2.48,1.50
2013.09.27 11:17:06.112,0.83967,0.83974,1.13,1.50
2013.09.27 11:17:06.417,0.83966,0.83971,2.25,1.50
2013.09.27 11:17:06.537,0.83967,0.83973,1.13,1.50
2013.09.27 11:17:06.836,0.83966,0.83973,1.88,1.50
2013.09.27 11:17:07.135,0.83966,0.83973,2.25,1.50
2013.09.27 11:17:07.196,0.83966,0.83972,2.25,1.50
2013.09.27 11:17:07.438,0.83966,0.83975,2.63,1.50
2013.09.27 11:17:07.497,0.83966,0.83973,2.25,1.50
2013.09.27 11:17:08.006,0.83967,0.83973,1.50,1.50
2013.09.27 11:17:08.248,0.83966,0.83972,1.88,1.50
2013.09.27 11:17:08.315,0.83966,0.83971,2.25,1.50
2013.09.27 11:17:08.496,0.83968,0.83973,1.13,1.50
2013.09.27 11:17:08.676,0.83967,0.83974,1.13,1.50
2013.09.27 11:17:08.975,0.83967,0.83973,2.25,1.50
2013.09.27 11:17:09.156,0.83965,0.83972,4.88,1.50
2013.09.27 11:17:09.458,0.83967,0.83973,1.50,1.50
2013.09.27 11:17:09.767,0.83968,0.83975,2.63,1.50
2013.09.27 11:17:09.886,0.83967,0.83973,2.25,1.50
2013.09.27 11:17:10.009,0.83971,0.83976,1.13,1.88
2013.09.27 11:17:10.076,0.83971,0.83976,1.13,2.63
2013.09.27 11:17:10.195,0.83966,0.83973,3.38,1.50
2013.09.27 11:17:10.496,0.83968,0.83973,1.13,1.50
2013.09.27 11:17:10.616,0.83968,0.83973,1.13,1.50
2013.09.27 11:17:11.156,0.83971,0.83977,1.13,1.13
2013.09.27 11:17:11.458,0.8397,0.83977,2.25,1.50
2013.09.27 11:17:11.936,0.83971,0.83976,2.25,1.88
2013.09.27 11:17:11.997,0.83971,0.83976,1.50,1.13
2013.09.27 11:17:12.235,0.83969,0.83976,1.13,2.25
2013.09.27 11:17:12.356,0.8397,0.83976,1.13,2.25
2013.09.27 11:17:12.476,0.8397,0.83976,1.13,1.50
2013.09.27 11:17:12.716,0.83969,0.83975,1.13,1.50
2013.09.27 11:17:13.077,0.83969,0.83977,1.50,1.50
2013.09.27 11:17:13.258,0.83969,0.83977,1.50,1.50
2013.09.27 11:17:13.615,0.83973,0.83978,1.13,1.50
2013.09.27 11:17:13.738,0.83975,0.83979,1.50,1.50
2013.09.27 11:17:14.216,0.83972,0.83978,2.25,1.50
2013.09.27 11:17:14.455,0.83972,0.8398,3.00,1.50
2013.09.27 11:17:14.877,0.83972,0.83979,2.85,1.88
2013.09.27 11:17:15.415,0.83972,0.83977,1.50,1.50
2013.09.27 11:17:15.775,0.83972,0.83978,1.50,1.50
2013.09.27 11:17:16.526,0.8397,0.83976,3.75,1.50
2013.09.27 11:17:16.777,0.83971,0.83978,1.50,1.50
2013.09.27 11:17:16.956,0.8397,0.83976,3.75,1.50
2013.09.27 11:17:17.316,0.83971,0.83978,1.50,1.50
2013.09.27 11:17:17.437,0.8397,0.83978,2.25,1.88
2013.09.27 11:17:17.557,0.83971,0.83976,1.50,1.50
2013.09.27 11:17:18.295,0.83972,0.83977,1.50,1.50
2013.09.27 11:17:19.256,0.83972,0.83978,2.25,1.13
2013.09.27 11:17:19.496,0.83973,0.83978,1.13,1.50
2013.09.27 11:17:20.035,0.83972,0.83979,1.50,1.50
2013.09.27 11:17:20.537,0.83973,0.83978,1.13,1.50
2013.09.27 11:17:21.077,0.83973,0.83978,1.50,1.13
2013.09.27 11:17:22.775,0.83973,0.83978,1.50,1.88
2013.09.27 11:17:23.684,0.83972,0.83977,1.88,1.50
2013.09.27 11:17:24.046,0.83971,0.83978,1.13,1.13
2013.09.27 11:17:24.286,0.83971,0.83977,1.13,1.88
2013.09.27 11:17:25.556,0.83971,0.83977,1.13,1.88
2013.09.27 11:17:26.336,0.8397,0.83977,1.50,1.88
2013.09.27 11:17:26.975,0.8397,0.83977,1.50,2.63
2013.09.27 11:17:27.407,0.83971,0.83977,1.50,1.88
2013.09.27 11:17:28.101,0.83969,0.83974,2.25,1.50
2013.09.27 11:17:28.410,0.8397,0.83977,1.50,1.50
2013.09.27 11:17:28.477,0.8397,0.83977,1.50,2.25
2013.09.27 11:17:28.657,0.83969,0.83976,1.50,1.13
2013.09.27 11:17:29.015,0.83969,0.83977,1.50,3.75
2013.09.27 11:17:29.196,0.83969,0.83974,1.13,1.50
2013.09.27 11:17:29.435,0.83969,0.83977,1.50,2.25
2013.09.27 11:17:30.936,0.83968,0.83977,1.50,3.00
2013.09.27 11:17:31.476,0.83968,0.83977,2.25,2.25
2013.09.27 11:17:32.076,0.83969,0.83977,2.25,1.88
2013.09.27 11:17:32.316,0.83967,0.83973,1.13,1.13
2013.09.27 11:17:32.376,0.83967,0.83974,1.88,1.50
2013.09.27 11:17:32.555,0.83968,0.83975,1.50,1.50
2013.09.27 11:17:32.857,0.83968,0.83975,2.25,3.00
2013.09.27 11:17:33.395,0.83969,0.83975,1.50,2.25
2013.09.27 11:17:33.457,0.83969,0.83974,1.50,1.50
2013.09.27 11:17:33.696,0.83969,0.83976,1.50,3.75
2013.09.27 11:17:34.235,0.83969,0.83976,1.50,1.13
2013.09.27 11:17:35.766,0.83969,0.83977,1.50,2.63
2013.09.27 11:17:37.346,0.83969,0.83977,1.50,2.63
2013.09.27 11:17:38.727,0.83969,0.83976,3.00,1.13
2013.09.27 11:17:39.461,0.83969,0.83976,1.50,1.13
2013.09.27 11:17:39.779,0.83965,0.83971,1.50,1.50
2013.09.27 11:17:39.905,0.83965,0.83972,1.50,2.63
2013.09.27 11:17:40.446,0.83963,0.83971,1.88,1.50
2013.09.27 11:17:40.745,0.83962,0.8397,3.75,1.88
2013.09.27 11:17:41.286,0.83962,0.8397,2.25,2.25
2013.09.27 11:17:41.346,0.83962,0.8397,2.25,3.00
2013.09.27 11:17:42.916,0.83962,0.8397,1.50,3.00
2013.09.27 11:17:44.465,0.83962,0.83968,1.50,1.50
2013.09.27 11:17:45.005,0.83962,0.83968,1.50,1.50
2013.09.27 11:17:45.976,0.83961,0.83968,1.13,2.25
2013.09.27 11:17:46.155,0.83961,0.83968,1.50,2.25
2013.09.27 11:17:47.247,0.83961,0.83968,1.88,1.50
2013.09.27 11:17:48.007,0.83961,0.83968,1.50,2.25
2013.09.27 11:17:49.227,0.83962,0.83967,1.13,1.50
2013.09.27 11:17:49.646,0.83962,0.83967,1.13,2.25
2013.09.27 11:17:50.845,0.83961,0.83969,1.13,2.25
2013.09.27 11:17:51.625,0.83961,0.83968,1.50,1.50
2013.09.27 11:17:51.996,0.83963,0.83969,3.00,1.50
2013.09.27 11:17:53.195,0.83965,0.8397,1.13,1.50
2013.09.27 11:17:53.676,0.83963,0.8397,2.25,2.25
2013.09.27 11:17:54.218,0.83967,0.83973,1.13,2.63
2013.09.27 11:17:54.277,0.83967,0.83973,1.13,3.00
2013.09.27 11:17:54.456,0.83964,0.8397,2.25,1.50
2013.09.27 11:17:54.988,0.83965,0.8397,1.13,1.50
2013.09.27 11:17:55.965,0.83967,0.83972,1.13,1.50
2013.09.27 11:17:56.145,0.83967,0.83973,1.13,1.50
2013.09.27 11:18:00.645,0.83967,0.83972,1.13,1.88
2013.09.27 11:18:00.706,0.83967,0.83972,1.13,1.88
2013.09.27 11:18:00.946,0.83964,0.83972,3.00,1.88
2013.09.27 11:18:01.486,0.83964,0.8397,3.00,1.50
2013.09.27 11:18:04.035,0.83964,0.83969,1.88,1.13
2013.09.27 11:18:04.885,0.83962,0.83969,3.00,1.13
2013.09.27 11:18:05.566,0.83962,0.83969,3.00,1.13
2013.09.27 11:18:06.079,0.83962,0.8397,3.00,1.88
2013.09.27 11:18:09.295,0.83963,0.8397,2.25,1.88
2013.09.27 11:18:09.537,0.83961,0.83969,3.75,2.25
2013.09.27 11:18:10.079,0.83962,0.83968,1.50,1.88
2013.09.27 11:18:10.626,0.83963,0.8397,1.50,2.25
2013.09.27 11:18:11.167,0.83962,0.8397,1.50,3.75
2013.09.27 11:18:11.706,0.83963,0.8397,1.13,3.38
2013.09.27 11:18:12.249,0.83962,0.8397,3.00,3.75
2013.09.27 11:18:12.736,0.83962,0.8397,3.00,3.00
2013.09.27 11:18:13.275,0.83963,0.8397,1.50,1.13
2013.09.27 11:18:13.816,0.83962,0.8397,3.38,1.88
2013.09.27 11:18:14.475,0.83963,0.8397,1.13,3.00
2013.09.27 11:18:15.136,0.83962,0.83968,1.88,1.50
2013.09.27 11:18:15.197,0.83962,0.83968,1.50,2.25
2013.09.27 11:18:15.316,0.83961,0.83967,1.50,2.25
2013.09.27 11:18:15.435,0.83961,0.83968,2.63,2.63
2013.09.27 11:18:16.105,0.83961,0.83968,3.00,1.13
2013.09.27 11:18:16.537,0.83964,0.8397,1.13,3.00
2013.09.27 11:18:16.777,0.83961,0.83969,2.25,2.25
2013.09.27 11:18:17.316,0.83961,0.83969,1.50,2.25
2013.09.27 11:18:17.736,0.83962,0.8397,1.50,4.13
2013.09.27 11:18:18.520,0.83961,0.8397,1.50,4.13
2013.09.27 11:18:19.066,0.83962,0.8397,2.25,2.25
2013.09.27 11:18:19.605,0.83963,0.83971,1.50,1.88
2013.09.27 11:18:20.365,0.83966,0.83971,1.13,1.50
2013.09.27 11:18:20.487,0.83966,0.83971,1.13,1.50
2013.09.27 11:18:20.846,0.83964,0.83971,1.13,2.25
2013.09.27 11:18:21.385,0.83964,0.83971,1.13,1.13
2013.09.27 11:18:21.745,0.83967,0.83973,1.13,1.50
2013.09.27 11:18:22.286,0.83966,0.83973,1.50,1.13
2013.09.27 11:18:22.527,0.83966,0.83973,1.50,2.25
2013.09.27 11:18:22.705,0.83967,0.83973,1.50,1.13
2013.09.27 11:18:22.827,0.83968,0.83974,1.50,1.50
2013.09.27 11:18:23.367,0.8397,0.83975,1.50,1.13
2013.09.27 11:18:25.847,0.83969,0.83976,1.50,3.00
2013.09.27 11:18:26.556,0.83969,0.83976,1.50,2.25
2013.09.27 11:18:26.871,0.83967,0.83975,1.88,3.00
2013.09.27 11:18:27.678,0.83967,0.83974,1.88,1.13
2013.09.27 11:18:27.866,0.83967,0.83975,1.50,3.75
2013.09.27 11:18:29.185,0.83967,0.83974,1.88,1.13
2013.09.27 11:18:29.606,0.83967,0.83975,1.50,4.13
2013.09.27 11:18:29.725,0.83968,0.83975,1.50,1.50
2013.09.27 11:18:30.265,0.8397,0.83976,1.50,1.88
2013.09.27 11:18:30.806,0.8397,0.83976,1.50,2.25
2013.09.27 11:18:31.165,0.83969,0.83976,1.50,1.88
2013.09.27 11:18:31.286,0.83972,0.83977,1.13,1.50
2013.09.27 11:18:31.466,0.8397,0.83977,2.25,1.13
2013.09.27 11:18:32.005,0.83971,0.83978,3.00,2.63
2013.09.27 11:18:32.425,0.83969,0.83977,1.13,2.63
2013.09.27 11:18:32.939,0.83967,0.83976,1.88,2.25
2013.09.27 11:18:36.396,0.83967,0.83975,1.50,2.25
2013.09.27 11:18:40.316,0.83967,0.83975,1.88,1.88
2013.09.27 11:18:40.976,0.83967,0.83975,1.88,2.63
2013.09.27 11:18:42.286,0.83968,0.83976,1.50,1.50
2013.09.27 11:18:42.346,0.83968,0.83976,1.50,1.50
2013.09.27 11:18:42.586,0.8397,0.83977,1.50,2.63
2013.09.27 11:18:43.095,0.8397,0.83978,1.50,1.88
2013.09.27 11:18:44.231,0.8397,0.83979,1.50,3.38
2013.09.27 11:18:47.715,0.83972,0.8398,1.88,4.50
2013.09.27 11:18:47.775,0.83972,0.8398,1.50,4.88
2013.09.27 11:18:48.255,0.83972,0.8398,1.50,4.13
2013.09.27 11:18:50.925,0.83973,0.8398,1.50,1.88
2013.09.27 11:18:55.159,0.83969,0.83976,4.35,1.13
2013.09.27 11:18:55.405,0.83969,0.83977,2.25,3.00
2013.09.27 11:18:55.945,0.83969,0.83976,3.00,1.13
2013.09.27 11:18:56.186,0.8397,0.83976,1.50,1.50
2013.09.27 11:18:56.366,0.8397,0.83976,1.50,1.50
2013.09.27 11:18:56.488,0.8397,0.83976,1.50,1.50
2013.09.27 11:18:56.605,0.8397,0.83976,1.50,1.50
2013.09.27 11:18:57.386,0.83968,0.83975,1.50,1.13
2013.09.27 11:18:57.628,0.83966,0.83974,2.25,2.25
2013.09.27 11:18:58.166,0.83966,0.83974,2.25,3.00
2013.09.27 11:18:58.897,0.83967,0.83974,1.50,1.88
2013.09.27 11:18:59.456,0.83967,0.83975,2.25,2.25
2013.09.27 11:18:59.996,0.83967,0.83974,1.88,1.13
2013.09.27 11:19:00.115,0.83967,0.83974,1.13,1.88
2013.09.27 11:19:00.295,0.83967,0.83974,1.13,1.88
2013.09.27 11:19:02.876,0.83966,0.83974,1.50,3.75
2013.09.27 11:19:04.077,0.83966,0.83973,1.13,1.13
2013.09.27 11:19:04.965,0.83968,0.83975,1.50,1.88
2013.09.27 11:19:05.639,0.83968,0.83976,1.50,1.88
2013.09.27 11:19:05.828,0.83969,0.83976,1.50,1.50
2013.09.27 11:19:05.948,0.83969,0.83976,1.50,1.13
2013.09.27 11:19:06.486,0.83968,0.83976,1.50,2.25
2013.09.27 11:19:06.607,0.83968,0.83976,2.25,1.88
2013.09.27 11:19:07.148,0.83969,0.83976,1.50,1.50
2013.09.27 11:19:09.396,0.83969,0.83976,1.50,1.50
2013.09.27 11:19:09.936,0.83969,0.83976,1.50,1.50
2013.09.27 11:19:10.117,0.8397,0.83978,1.50,3.90
2013.09.27 11:19:10.415,0.83969,0.83977,1.50,2.63
2013.09.27 11:19:12.837,0.83969,0.83976,1.50,1.88
2013.09.27 11:19:13.138,0.83967,0.83975,1.88,2.63
2013.09.27 11:19:13.386,0.83967,0.83975,3.38,1.88
2013.09.27 11:19:13.935,0.83967,0.83976,1.88,2.25
2013.09.27 11:19:14.057,0.83968,0.83976,1.50,2.63
2013.09.27 11:19:14.176,0.83967,0.83975,1.88,1.88
2013.09.27 11:19:14.355,0.83968,0.83975,1.50,1.88
2013.09.27 11:19:14.835,0.83967,0.83975,1.13,1.88
2013.09.27 11:19:14.956,0.83966,0.83974,2.25,3.00
2013.09.27 11:19:15.506,0.83965,0.83973,1.50,2.48
2013.09.27 11:19:16.985,0.83965,0.83973,1.50,1.13
2013.09.27 11:19:17.806,0.83965,0.83973,1.50,1.13
2013.09.27 11:19:18.345,0.83966,0.83974,1.50,1.13
2013.09.27 11:19:20.007,0.83966,0.83974,1.50,1.13
2013.09.27 11:19:20.605,0.83967,0.83975,1.50,3.00
2013.09.27 11:19:22.616,0.83967,0.83975,1.50,1.88
2013.09.27 11:19:22.975,0.83969,0.83976,1.50,3.38
2013.09.27 11:19:23.215,0.83969,0.83976,1.50,2.63
2013.09.27 11:19:24.185,0.83969,0.83976,1.50,1.88
2013.09.27 11:19:24.306,0.83967,0.83974,3.60,1.13
2013.09.27 11:19:24.486,0.83966,0.83974,2.25,1.13
2013.09.27 11:19:24.606,0.83966,0.83974,2.25,1.13
2013.09.27 11:19:25.146,0.83965,0.83974,2.25,1.13
2013.09.27 11:19:25.685,0.83967,0.83974,1.50,1.13
2013.09.27 11:19:26.775,0.83967,0.83975,1.88,1.88
2013.09.27 11:19:27.315,0.83966,0.83976,1.13,4.13
2013.09.27 11:19:27.878,0.83966,0.83974,2.25,1.13
2013.09.27 11:19:29.056,0.83969,0.83976,1.50,2.63
2013.09.27 11:19:29.948,0.83967,0.83974,1.13,1.13
2013.09.27 11:19:30.208,0.83965,0.83973,2.25,1.13
2013.09.27 11:19:30.753,0.83966,0.83973,1.50,1.13
2013.09.27 11:19:31.236,0.83965,0.83973,1.50,1.88
2013.09.27 11:19:31.717,0.83964,0.83973,1.13,4.88
2013.09.27 11:19:31.776,0.83965,0.83973,1.13,4.88
2013.09.27 11:19:31.837,0.83963,0.83973,1.50,5.25
2013.09.27 11:19:32.136,0.83963,0.83972,1.50,1.13
2013.09.27 11:19:32.685,0.83964,0.83972,1.50,1.13
2013.09.27 11:19:33.226,0.83962,0.83972,1.88,1.88
2013.09.27 11:19:33.587,0.83961,0.83969,2.25,1.13
2013.09.27 11:19:33.886,0.83962,0.83969,1.50,1.13
2013.09.27 11:19:34.428,0.83963,0.8397,1.50,1.13
2013.09.27 11:19:35.136,0.83962,0.83969,1.50,1.13
2013.09.27 11:19:35.676,0.83961,0.83969,2.25,1.13
2013.09.27 11:19:36.096,0.83963,0.83971,1.50,2.25
2013.09.27 11:19:37.396,0.83963,0.83972,1.50,3.00
2013.09.27 11:19:37.848,0.83965,0.83973,1.50,2.63
2013.09.27 11:19:38.387,0.83966,0.83974,1.50,1.88
2013.09.27 11:19:38.626,0.83965,0.83972,1.88,1.13
2013.09.27 11:19:39.167,0.83964,0.8397,1.50,1.13
2013.09.27 11:19:39.286,0.83962,0.8397,1.88,1.50
2013.09.27 11:19:39.346,0.83962,0.8397,1.50,1.88
2013.09.27 11:19:39.466,0.83962,0.8397,1.88,2.25
2013.09.27 11:19:39.586,0.83961,0.83969,3.00,1.88
2013.09.27 11:19:40.879,0.83961,0.83969,1.50,2.25
2013.09.27 11:19:41.492,0.83961,0.83969,1.50,3.00
2013.09.27 11:19:41.796,0.83959,0.83967,1.50,1.50
2013.09.27 11:19:42.579,0.83959,0.83968,1.50,4.35
2013.09.27 11:19:43.118,0.83958,0.83967,1.88,2.25
2013.09.27 11:19:43.665,0.83959,0.83968,1.50,3.00
2013.09.27 11:19:44.195,0.8396,0.83968,1.88,1.50
2013.09.27 11:19:46.416,0.83961,0.83968,1.13,1.50
2013.09.27 11:19:46.775,0.83962,0.8397,1.13,1.50
2013.09.27 11:19:47.088,0.8396,0.83968,3.38,1.13
2013.09.27 11:19:47.207,0.8396,0.83969,2.63,1.50
2013.09.27 11:19:47.327,0.8396,0.83968,2.63,1.13
2013.09.27 11:19:47.727,0.8396,0.83969,1.88,2.25
2013.09.27 11:19:48.746,0.83962,0.8397,1.13,2.25
2013.09.27 11:19:48.866,0.83962,0.83968,1.13,1.50
2013.09.27 11:19:52.296,0.83961,0.83968,1.88,1.13
2013.09.27 11:19:52.536,0.83962,0.8397,1.13,1.50
2013.09.27 11:19:53.352,0.83962,0.8397,2.25,1.50
2013.09.27 11:19:54.127,0.83963,0.83971,1.88,1.13
2013.09.27 11:19:54.626,0.83966,0.83973,1.50,1.50
2013.09.27 11:19:54.749,0.83967,0.83975,1.88,1.88
2013.09.27 11:19:55.346,0.83968,0.83974,1.13,1.50
2013.09.27 11:19:55.926,0.83965,0.83972,1.13,1.13
2013.09.27 11:19:58.182,0.83965,0.83972,1.13,1.13
2013.09.27 11:19:58.606,0.83963,0.83971,1.88,1.50
2013.09.27 11:19:59.146,0.83962,0.83971,2.63,4.35
2013.09.27 11:19:59.327,0.8396,0.8397,3.00,1.88
2013.09.27 11:19:59.506,0.8396,0.83969,3.00,1.50
2013.09.27 11:20:00.266,0.8396,0.83967,3.00,1.50
2013.09.27 11:20:00.327,0.8396,0.83964,1.88,2.10
2013.09.27 11:20:00.688,0.83954,0.8396,1.50,1.13
2013.09.27 11:20:01.176,0.83952,0.83958,1.13,3.38
2013.09.27 11:20:01.295,0.83949,0.83957,1.50,1.50
2013.09.27 11:20:01.535,0.83949,0.83957,1.13,1.50
2013.09.27 11:20:01.656,0.83948,0.83956,1.50,3.75
2013.09.27 11:20:01.716,0.83948,0.83956,1.50,3.38
2013.09.27 11:20:01.895,0.83946,0.83955,2.25,1.88
2013.09.27 11:20:01.955,0.83948,0.83956,1.13,3.38
2013.09.27 11:20:02.077,0.83948,0.83955,1.13,1.50
2013.09.27 11:20:02.376,0.83947,0.83955,1.50,1.13
2013.09.27 11:20:03.036,0.83948,0.83956,1.88,5.63
2013.09.27 11:20:03.396,0.83948,0.83956,1.13,4.13
2013.09.27 11:20:03.517,0.83948,0.83956,1.88,3.00
2013.09.27 11:20:04.063,0.83948,0.83957,1.88,2.25
2013.09.27 11:20:04.726,0.83948,0.83957,1.13,2.25
2013.09.27 11:20:13.717,0.83949,0.83958,1.50,2.63
2013.09.27 11:20:15.135,0.83948,0.83957,1.13,2.25
2013.09.27 11:20:21.031,0.83949,0.83957,1.50,1.50
2013.09.27 11:20:21.287,0.83948,0.83957,1.88,1.50
2013.09.27 11:20:21.825,0.83948,0.83957,1.13,1.50
2013.09.27 11:20:21.885,0.83948,0.83956,1.13,1.50
2013.09.27 11:20:23.076,0.83947,0.83955,1.88,1.50
2013.09.27 11:20:25.736,0.83948,0.83956,1.13,2.25
2013.09.27 11:20:26.106,0.83946,0.83954,2.25,1.50
2013.09.27 11:20:26.645,0.83946,0.83954,1.50,1.13
2013.09.27 11:20:28.556,0.83945,0.83953,1.50,2.63
2013.09.27 11:20:29.096,0.83945,0.83953,1.88,2.25
2013.09.27 11:20:31.001,0.83945,0.83954,1.88,1.50
2013.09.27 11:20:31.546,0.83948,0.83955,1.13,3.00
2013.09.27 11:20:31.668,0.83947,0.83954,1.50,1.13
2013.09.27 11:20:32.206,0.83946,0.83954,1.50,1.50
2013.09.27 11:20:35.958,0.83945,0.83954,2.25,3.38
2013.09.27 11:20:36.027,0.83945,0.83954,1.88,3.75
2013.09.27 11:20:36.097,0.83945,0.83953,2.25,1.13
2013.09.27 11:20:36.219,0.83945,0.83954,2.63,3.00
2013.09.27 11:20:36.339,0.83944,0.83953,2.25,3.38
2013.09.27 11:20:36.399,0.83944,0.83953,1.50,2.63
2013.09.27 11:20:37.385,0.83944,0.83953,2.10,2.63
2013.09.27 11:20:44.381,0.83944,0.83952,1.50,2.63
2013.09.27 11:20:49.494,0.83946,0.83954,1.50,2.63
2013.09.27 11:20:49.571,0.83946,0.83952,1.50,1.13
2013.09.27 11:20:50.927,0.83944,0.83953,1.88,2.25
2013.09.27 11:20:52.577,0.83944,0.83952,1.13,1.50
2013.09.27 11:20:52.936,0.83944,0.8395,1.13,3.00
2013.09.27 11:20:53.476,0.83942,0.8395,1.13,2.25
2013.09.27 11:20:54.077,0.83942,0.83949,1.13,1.50
2013.09.27 11:20:55.526,0.83941,0.83948,1.13,1.88
2013.09.27 11:20:55.646,0.83939,0.83947,1.13,1.50
2013.09.27 11:20:55.705,0.83938,0.83947,2.07,1.88
2013.09.27 11:20:55.825,0.83938,0.83946,1.50,1.88
2013.09.27 11:20:55.946,0.83938,0.83946,1.88,1.50
2013.09.27 11:20:57.097,0.83938,0.83946,1.13,3.00
2013.09.27 11:20:57.215,0.83936,0.83944,2.25,1.13
2013.09.27 11:20:57.955,0.83936,0.83945,2.63,1.50
2013.09.27 11:20:58.317,0.83936,0.83943,1.50,2.25
2013.09.27 11:20:58.376,0.83933,0.83942,1.50,2.63
2013.09.27 11:20:58.616,0.83934,0.83942,1.13,1.50
2013.09.27 11:20:58.812,0.83932,0.83938,1.13,1.50
2013.09.27 11:20:58.936,0.83932,0.83938,1.13,1.50
2013.09.27 11:20:59.115,0.8393,0.83938,3.00,1.88
2013.09.27 11:20:59.235,0.8393,0.83938,1.88,1.50
2013.09.27 11:20:59.355,0.83929,0.83938,2.25,2.25
2013.09.27 11:20:59.895,0.8393,0.83938,1.50,1.13
2013.09.27 11:21:00.456,0.8393,0.83938,2.25,1.13
2013.09.27 11:21:01.329,0.83929,0.83938,1.50,2.25
2013.09.27 11:21:01.776,0.8393,0.83938,1.13,3.00
2013.09.27 11:21:02.096,0.8393,0.83938,1.13,3.00
2013.09.27 11:21:02.216,0.83929,0.83938,1.50,3.75
2013.09.27 11:21:02.396,0.83929,0.83938,1.13,3.75
2013.09.27 11:21:03.035,0.83929,0.83938,1.13,3.75
2013.09.27 11:21:04.366,0.83928,0.83936,2.25,1.13
2013.09.27 11:21:04.906,0.83927,0.83935,1.13,2.25
2013.09.27 11:21:05.278,0.83928,0.83937,2.25,3.38
2013.09.27 11:21:05.637,0.83927,0.83936,2.48,1.50
2013.09.27 11:21:06.137,0.83927,0.83935,1.13,3.00
2013.09.27 11:21:07.686,0.83925,0.83934,2.63,1.88
2013.09.27 11:21:08.145,0.83925,0.83934,2.25,2.25
2013.09.27 11:21:08.686,0.83922,0.83931,3.38,1.50
2013.09.27 11:21:08.806,0.83922,0.83931,3.38,1.50
2013.09.27 11:21:09.525,0.83921,0.83929,3.00,1.13
2013.09.27 11:21:09.705,0.83921,0.83929,1.50,1.13
2013.09.27 11:21:09.946,0.83919,0.83926,1.13,2.25
2013.09.27 11:21:10.186,0.83915,0.83924,3.23,1.88
2013.09.27 11:21:10.365,0.83915,0.83924,1.88,2.63
2013.09.27 11:21:10.906,0.83916,0.83924,1.13,1.50
2013.09.27 11:21:11.085,0.83917,0.83926,3.98,3.00
2013.09.27 11:21:11.206,0.83919,0.83926,1.13,1.50
2013.09.27 11:21:11.446,0.8392,0.83929,3.00,2.63
2013.09.27 11:21:11.566,0.83921,0.83929,1.50,1.88
2013.09.27 11:21:11.805,0.83922,0.83931,1.88,1.50
2013.09.27 11:21:12.896,0.83924,0.83933,3.00,1.50
2013.09.27 11:21:13.256,0.83926,0.83934,1.50,1.13
2013.09.27 11:21:14.412,0.83927,0.83934,1.50,1.13
2013.09.27 11:21:14.922,0.83928,0.83935,1.50,1.13
2013.09.27 11:21:16.349,0.83928,0.83936,1.50,1.50
2013.09.27 11:21:16.655,0.83928,0.83937,3.75,1.88
2013.09.27 11:21:16.909,0.83929,0.83938,2.25,2.63
2013.09.27 11:21:17.036,0.83931,0.83939,1.13,3.23
2013.09.27 11:21:17.096,0.83931,0.83939,1.50,2.85
2013.09.27 11:21:17.276,0.83931,0.8394,2.63,3.00
2013.09.27 11:21:17.516,0.83935,0.83943,1.50,1.88
2013.09.27 11:21:17.635,0.83933,0.83939,2.25,1.13
2013.09.27 11:21:18.756,0.83934,0.83942,1.50,1.13
2013.09.27 11:21:21.126,0.83933,0.83942,2.25,1.88
2013.09.27 11:21:22.785,0.83933,0.83942,2.25,1.88
2013.09.27 11:21:25.895,0.83933,0.83942,2.63,1.50
2013.09.27 11:21:26.016,0.83934,0.83942,2.63,1.50
2013.09.27 11:21:26.136,0.83937,0.83944,1.50,2.25
2013.09.27 11:21:26.435,0.83938,0.83946,1.50,1.13
2013.09.27 11:21:27.156,0.83939,0.83947,1.50,1.50
2013.09.27 11:21:27.696,0.83938,0.83947,2.25,1.13
2013.09.27 11:21:29.926,0.83938,0.83945,2.25,1.13
2013.09.27 11:21:30.166,0.83938,0.83946,1.88,1.35
2013.09.27 11:21:30.226,0.83938,0.83946,1.50,1.73
2013.09.27 11:21:30.286,0.83938,0.83946,1.50,1.35
2013.09.27 11:21:30.825,0.83938,0.83946,2.25,1.35
2013.09.27 11:21:33.297,0.83938,0.83947,3.00,1.88
2013.09.27 11:21:34.155,0.83938,0.83946,3.00,1.13
2013.09.27 11:21:34.396,0.83938,0.83947,3.00,1.88
2013.09.27 11:21:38.127,0.83939,0.83948,2.25,2.25
2013.09.27 11:21:40.895,0.83939,0.83948,2.63,1.13
2013.09.27 11:21:41.437,0.8394,0.83949,1.50,1.88
2013.09.27 11:21:41.916,0.8394,0.83949,2.25,1.13
2013.09.27 11:21:42.216,0.83942,0.83951,1.88,1.50
2013.09.27 11:21:42.756,0.83943,0.83952,1.50,2.63
2013.09.27 11:21:44.046,0.83943,0.83952,1.50,2.63
2013.09.27 11:21:44.166,0.83942,0.8395,1.88,1.50
2013.09.27 11:21:44.406,0.8394,0.83949,3.38,1.13
2013.09.27 11:21:44.586,0.8394,0.83949,2.63,1.13
2013.09.27 11:21:44.705,0.8394,0.83949,1.88,1.88
2013.09.27 11:21:45.775,0.8394,0.83949,1.88,1.88
2013.09.27 11:21:46.865,0.8394,0.83948,1.50,1.50
2013.09.27 11:21:46.986,0.83939,0.83947,1.50,1.13
2013.09.27 11:21:47.107,0.83938,0.83947,2.25,1.88
2013.09.27 11:21:47.166,0.83938,0.83947,2.25,1.13
2013.09.27 11:21:47.705,0.83939,0.83948,2.63,1.13
2013.09.27 11:21:53.415,0.8394,0.83949,1.50,2.25
2013.09.27 11:21:54.455,0.8394,0.83949,2.25,1.13
2013.09.27 11:21:55.966,0.8394,0.83949,1.50,1.88
2013.09.27 11:21:56.625,0.8394,0.83949,2.25,1.88
2013.09.27 11:22:01.782,0.8394,0.83949,2.25,1.88
2013.09.27 11:22:02.855,0.8394,0.83949,1.50,1.88
2013.09.27 11:22:03.816,0.8394,0.83949,1.50,1.88
2013.09.27 11:22:04.356,0.8394,0.83948,1.50,1.13
2013.09.27 11:22:09.008,0.8394,0.83949,2.63,2.63
2013.09.27 11:22:09.545,0.83941,0.83949,1.50,2.63
2013.09.27 11:22:10.716,0.83941,0.83949,1.50,3.00
2013.09.27 11:22:11.137,0.83944,0.83952,1.88,4.13
2013.09.27 11:22:11.436,0.83945,0.83952,3.00,2.25
2013.09.27 11:22:11.616,0.83943,0.83952,3.75,1.50
2013.09.27 11:22:11.676,0.83946,0.83953,1.50,3.38
2013.09.27 11:22:12.216,0.83946,0.83953,3.00,1.88
2013.09.27 11:22:15.174,0.83947,0.83954,2.25,1.13
2013.09.27 11:22:15.656,0.83953,0.83958,1.50,4.13
2013.09.27 11:22:15.779,0.83954,0.83959,1.50,1.50
2013.09.27 11:22:16.266,0.83954,0.8396,2.63,1.13
2013.09.27 11:22:16.326,0.83957,0.83963,1.50,1.50
2013.09.27 11:22:16.507,0.83957,0.83962,1.50,1.50
2013.09.27 11:22:16.626,0.83957,0.83962,1.50,2.25
2013.09.27 11:22:16.746,0.83957,0.83962,2.25,1.50
2013.09.27 11:22:16.866,0.83957,0.83963,1.50,1.13
2013.09.27 11:22:17.046,0.83957,0.83963,1.50,1.13
2013.09.27 11:22:17.835,0.83957,0.83964,1.50,1.88
2013.09.27 11:22:18.166,0.83957,0.83963,1.50,1.13
2013.09.27 11:22:18.686,0.83957,0.83962,1.50,1.13
2013.09.27 11:22:19.345,0.83957,0.83962,1.50,1.13
2013.09.27 11:22:20.086,0.83957,0.83963,1.50,1.50
2013.09.27 11:22:20.647,0.83956,0.83963,1.50,1.13
2013.09.27 11:22:20.707,0.83958,0.83964,1.50,1.50
2013.09.27 11:22:21.006,0.83957,0.83964,1.50,2.25
2013.09.27 11:22:21.547,0.83959,0.83964,1.50,1.13
2013.09.27 11:22:22.436,0.83957,0.83964,2.25,1.88
2013.09.27 11:22:22.676,0.83955,0.83962,2.63,1.13
2013.09.27 11:22:23.096,0.83955,0.83962,1.13,1.50
2013.09.27 11:22:23.856,0.83954,0.83962,3.00,1.88
2013.09.27 11:22:25.109,0.83955,0.83962,1.50,1.88
2013.09.27 11:22:27.736,0.83955,0.83962,1.50,1.88
2013.09.27 11:22:28.237,0.83955,0.83962,1.50,1.88
2013.09.27 11:22:29.080,0.83953,0.8396,2.25,1.13
2013.09.27 11:22:31.006,0.83954,0.8396,1.50,1.50
2013.09.27 11:22:31.846,0.83954,0.8396,1.50,1.88
2013.09.27 11:22:32.886,0.83953,0.8396,2.85,1.50
2013.09.27 11:22:35.243,0.83952,0.83958,2.25,1.13
2013.09.27 11:22:37.794,0.83955,0.8396,2.10,1.13
2013.09.27 11:22:38.096,0.83958,0.83965,2.25,1.88
2013.09.27 11:22:38.157,0.83958,0.83965,2.25,2.63
2013.09.27 11:22:38.456,0.83959,0.83966,1.13,2.25
2013.09.27 11:22:38.996,0.8396,0.83966,1.50,2.63
2013.09.27 11:22:39.918,0.83959,0.83965,1.50,1.13
2013.09.27 11:22:40.036,0.83957,0.83964,1.13,1.13
2013.09.27 11:22:40.576,0.83958,0.83965,1.13,1.50
2013.09.27 11:22:41.137,0.83958,0.83964,1.13,1.50
2013.09.27 11:22:41.936,0.83957,0.83964,1.50,1.50
2013.09.27 11:22:43.267,0.83957,0.83964,1.88,1.50
2013.09.27 11:22:45.566,0.83957,0.83965,1.50,1.13
2013.09.27 11:22:49.376,0.83957,0.83963,1.50,1.13
2013.09.27 11:22:51.218,0.83956,0.83963,2.25,1.13
2013.09.27 11:22:51.336,0.83957,0.83963,1.50,1.13
2013.09.27 11:22:53.126,0.83957,0.83963,1.50,1.13
2013.09.27 11:22:53.606,0.83956,0.83963,2.25,1.13
2013.09.27 11:22:54.128,0.83956,0.83963,3.00,1.13
2013.09.27 11:22:54.656,0.83956,0.83963,1.50,1.13
2013.09.27 11:22:57.066,0.83956,0.83964,1.50,2.25
2013.09.27 11:22:57.307,0.83959,0.83966,1.13,1.88
2013.09.27 11:22:58.262,0.83959,0.83966,2.25,1.13
2013.09.27 11:22:58.757,0.8396,0.83968,1.88,1.88
2013.09.27 11:22:58.827,0.8396,0.83968,1.50,2.63
2013.09.27 11:22:59.716,0.8396,0.83968,1.88,1.88
2013.09.27 11:23:00.341,0.8396,0.83968,1.88,2.63
2013.09.27 11:23:00.885,0.8396,0.83968,1.88,2.63
2013.09.27 11:23:01.586,0.8396,0.83968,2.63,1.13
2013.09.27 11:23:02.334,0.8396,0.83968,2.63,1.13
2013.09.27 11:23:02.646,0.83961,0.83969,2.25,1.50
2013.09.27 11:23:02.706,0.83961,0.83969,2.63,1.50
2013.09.27 11:23:03.066,0.83963,0.83971,1.50,1.13
2013.09.27 11:23:03.366,0.83965,0.83973,2.25,1.50
2013.09.27 11:23:04.025,0.83965,0.83973,3.38,1.13
2013.09.27 11:23:04.326,0.83967,0.83973,3.00,1.13
2013.09.27 11:23:07.816,0.83968,0.83976,1.88,2.25
2013.09.27 11:23:08.655,0.83968,0.83976,1.50,2.25
2013.09.27 11:23:13.110,0.83965,0.8397,1.50,1.50
2013.09.27 11:23:13.179,0.83962,0.83969,2.25,1.50
2013.09.27 11:23:13.501,0.8396,0.83966,1.13,1.50
2013.09.27 11:23:13.987,0.83956,0.83964,1.50,1.50
2013.09.27 11:23:15.076,0.83955,0.83963,1.50,1.13
2013.09.27 11:23:15.616,0.83954,0.83963,2.25,1.13
2013.09.27 11:23:16.341,0.83954,0.83962,1.50,1.50
2013.09.27 11:23:17.606,0.83956,0.83962,1.13,1.13
2013.09.27 11:23:17.786,0.83958,0.83965,2.85,1.88
2013.09.27 11:23:17.905,0.83959,0.83966,2.25,1.88
2013.09.27 11:23:18.146,0.83958,0.83965,6.00,1.13
2013.09.27 11:23:18.326,0.83957,0.83965,2.25,1.50
2013.09.27 11:23:18.866,0.83956,0.83963,1.88,1.50
2013.09.27 11:23:18.927,0.83956,0.83963,1.50,1.88
2013.09.27 11:23:18.988,0.83956,0.83963,1.50,1.88
2013.09.27 11:23:19.108,0.83955,0.83963,1.88,1.50
2013.09.27 11:23:19.647,0.83955,0.83963,1.50,1.88
2013.09.27 11:23:20.186,0.83955,0.83964,1.88,3.00
2013.09.27 11:23:20.726,0.83955,0.83963,1.50,1.13
2013.09.27 11:23:21.577,0.83957,0.83964,1.50,2.25
2013.09.27 11:23:22.116,0.83956,0.83964,1.50,1.13
2013.09.27 11:23:22.645,0.83956,0.83965,1.50,2.63
2013.09.27 11:23:23.489,0.83956,0.83964,1.50,2.25
2013.09.27 11:23:23.996,0.83955,0.83963,1.50,1.13
2013.09.27 11:23:24.536,0.83956,0.83964,1.13,3.75
2013.09.27 11:23:24.657,0.83956,0.83964,1.50,3.00
2013.09.27 11:23:25.619,0.83956,0.83964,1.88,3.00
2013.09.27 11:23:25.688,0.83956,0.83964,1.50,3.00
2013.09.27 11:23:26.278,0.83956,0.83964,1.50,2.25
2013.09.27 11:23:27.308,0.83957,0.83964,1.50,1.50
2013.09.27 11:23:27.607,0.83954,0.83962,3.00,1.88
2013.09.27 11:23:27.666,0.83954,0.83961,3.00,1.13
2013.09.27 11:23:27.847,0.83953,0.83961,2.63,1.50
2013.09.27 11:23:28.446,0.83953,0.83961,1.88,3.00
2013.09.27 11:23:29.868,0.83953,0.8396,1.88,2.25
2013.09.27 11:23:31.857,0.83952,0.83959,2.25,2.25
2013.09.27 11:23:32.096,0.83951,0.83959,1.13,3.75
2013.09.27 11:23:32.217,0.8395,0.83959,1.50,3.38
2013.09.27 11:23:32.636,0.83949,0.83956,1.13,1.88
2013.09.27 11:23:32.996,0.83948,0.83956,1.50,1.50
2013.09.27 11:23:33.536,0.83948,0.83957,1.88,2.63
2013.09.27 11:23:34.496,0.83948,0.83957,1.88,2.63
2013.09.27 11:23:35.070,0.83948,0.83957,1.88,2.63
2013.09.27 11:23:35.196,0.83948,0.83956,1.88,1.50
2013.09.27 11:23:35.813,0.83948,0.83955,1.50,1.13
2013.09.27 11:23:35.876,0.83947,0.83953,3.00,2.25
2013.09.27 11:23:36.056,0.83946,0.83953,1.50,2.25
2013.09.27 11:23:36.116,0.83946,0.83953,1.88,2.25
2013.09.27 11:23:36.436,0.83949,0.83956,1.13,1.50
2013.09.27 11:23:36.736,0.83949,0.83957,1.50,3.00
2013.09.27 11:23:37.286,0.83948,0.83956,1.13,1.50
2013.09.27 11:23:37.826,0.83948,0.83956,1.13,1.50
2013.09.27 11:23:47.166,0.83947,0.83955,1.50,1.88
2013.09.27 11:23:47.945,0.83947,0.83955,1.50,1.88
2013.09.27 11:23:48.506,0.83948,0.83957,1.88,3.75
2013.09.27 11:23:50.887,0.83948,0.83956,1.13,1.50
2013.09.27 11:23:51.247,0.83946,0.83953,1.50,2.63
2013.09.27 11:23:51.306,0.83945,0.83953,2.63,3.38
2013.09.27 11:23:51.547,0.83943,0.83951,4.13,1.50
2013.09.27 11:23:51.666,0.83943,0.83953,3.38,4.13
2013.09.27 11:23:52.325,0.83944,0.83951,1.50,1.50
2013.09.27 11:23:53.382,0.83943,0.83951,1.88,1.88
2013.09.27 11:23:53.886,0.83942,0.8395,2.25,1.50
2013.09.27 11:23:55.295,0.83944,0.8395,1.13,1.13
2013.09.27 11:23:56.077,0.83942,0.8395,2.25,1.50
2013.09.27 11:23:57.605,0.83942,0.83951,4.35,3.00
2013.09.27 11:23:57.846,0.83944,0.8395,1.13,1.13
2013.09.27 11:23:58.386,0.83942,0.8395,2.25,1.50
2013.09.27 11:23:58.986,0.83944,0.8395,1.13,1.13
2013.09.27 11:23:59.646,0.83942,0.8395,2.25,1.13
2013.09.27 11:23:59.947,0.83944,0.83951,1.13,3.75
2013.09.27 11:24:00.486,0.83946,0.83954,1.50,1.50
2013.09.27 11:24:00.606,0.83946,0.83955,1.50,4.13
2013.09.27 11:24:01.026,0.83945,0.83954,1.88,2.25
2013.09.27 11:24:01.656,0.83945,0.83953,1.13,2.25
2013.09.27 11:24:04.096,0.83944,0.83953,2.25,1.88
2013.09.27 11:24:05.566,0.83944,0.83952,1.50,1.50
2013.09.27 11:24:07.286,0.83944,0.83952,1.13,1.50
2013.09.27 11:24:08.566,0.83945,0.83952,1.13,1.50
2013.09.27 11:24:09.474,0.83948,0.83955,1.88,1.13
2013.09.27 11:24:10.930,0.83948,0.83955,2.25,1.50
2013.09.27 11:24:11.058,0.83948,0.83955,1.88,1.88
2013.09.27 11:24:11.358,0.83946,0.83952,1.88,1.50
2013.09.27 11:24:11.417,0.83945,0.83952,3.00,1.50
2013.09.27 11:24:11.958,0.83943,0.83952,1.88,1.50
2013.09.27 11:24:12.258,0.83944,0.83952,1.13,1.50
2013.09.27 11:24:12.797,0.83945,0.83952,1.13,1.50
2013.09.27 11:24:13.968,0.83945,0.83955,1.88,3.00
2013.09.27 11:24:17.266,0.83946,0.83955,1.13,2.25
2013.09.27 11:24:17.386,0.83945,0.83954,1.88,1.50
2013.09.27 11:24:18.546,0.83944,0.83953,1.50,1.13
2013.09.27 11:24:18.607,0.83943,0.83952,3.75,1.50
2013.09.27 11:24:19.128,0.83943,0.83952,2.25,2.25
2013.09.27 11:24:19.306,0.83944,0.83952,1.13,1.50
2013.09.27 11:24:22.256,0.83943,0.83952,1.88,1.50
2013.09.27 11:24:22.829,0.83943,0.83952,1.13,1.50
2013.09.27 11:24:24.522,0.83942,0.83951,2.63,1.50
2013.09.27 11:24:27.907,0.83942,0.83951,2.63,1.50
2013.09.27 11:24:28.267,0.83941,0.83948,1.13,1.50
2013.09.27 11:24:28.387,0.83939,0.83947,2.25,1.50
2013.09.27 11:24:28.926,0.83939,0.83947,1.88,1.50
2013.09.27 11:24:33.357,0.8394,0.83948,1.50,1.88
2013.09.27 11:24:33.920,0.8394,0.83947,1.50,1.50
2013.09.27 11:24:34.346,0.83941,0.83948,1.13,1.50
2013.09.27 11:24:36.077,0.83941,0.83948,1.50,1.50
2013.09.27 11:24:36.625,0.83942,0.83948,1.13,1.50
2013.09.27 11:24:37.289,0.83941,0.83948,1.88,1.50
2013.09.27 11:24:37.947,0.83941,0.83949,1.88,1.50
2013.09.27 11:24:39.427,0.83941,0.83948,1.88,1.50
2013.09.27 11:24:46.159,0.83942,0.83948,1.13,1.50
2013.09.27 11:24:46.336,0.83941,0.83948,1.13,1.50
2013.09.27 11:24:46.843,0.8394,0.83948,1.88,1.50
2013.09.27 11:24:47.367,0.8394,0.83948,2.63,1.50
2013.09.27 11:24:47.607,0.83941,0.83948,1.50,1.50
2013.09.27 11:24:47.666,0.8394,0.83948,2.63,1.50
2013.09.27 11:24:49.445,0.8394,0.83948,2.63,1.50
2013.09.27 11:24:49.867,0.83944,0.83952,1.88,1.50
2013.09.27 11:24:50.406,0.83944,0.83952,4.50,1.50
2013.09.27 11:24:53.067,0.83945,0.83953,1.13,2.25
2013.09.27 11:24:56.879,0.83945,0.83954,3.98,1.88
2013.09.27 11:24:58.006,0.83948,0.83954,1.13,1.50
2013.09.27 11:24:58.368,0.83948,0.83956,1.13,1.88
2013.09.27 11:24:58.428,0.83948,0.83956,1.13,1.88
2013.09.27 11:24:58.547,0.83947,0.83955,3.00,1.13
2013.09.27 11:25:02.096,0.83948,0.83955,1.13,1.50
2013.09.27 11:25:02.829,0.83948,0.83956,1.13,2.25
2013.09.27 11:25:03.366,0.83947,0.83955,2.63,1.50
2013.09.27 11:25:05.129,0.83947,0.83955,2.63,1.50
2013.09.27 11:25:05.649,0.83949,0.83956,1.13,1.50
2013.09.27 11:25:11.227,0.8395,0.83956,1.88,1.50
2013.09.27 11:25:11.735,0.83949,0.83956,1.13,1.50
2013.09.27 11:25:14.186,0.83948,0.83957,3.23,1.50
2013.09.27 11:25:14.509,0.83952,0.83958,1.50,1.13
2013.09.27 11:25:14.806,0.83953,0.83959,1.13,2.25
2013.09.27 11:25:15.348,0.83951,0.8396,3.00,2.63
2013.09.27 11:25:15.709,0.8395,0.83958,3.75,1.50
2013.09.27 11:25:15.828,0.8395,0.83958,4.13,1.50
2013.09.27 11:25:15.948,0.8395,0.83958,3.00,1.88
2013.09.27 11:25:16.518,0.83949,0.83956,1.13,1.13
2013.09.27 11:25:19.416,0.8395,0.83958,1.13,4.35
2013.09.27 11:25:19.537,0.8395,0.83958,1.13,2.85
2013.09.27 11:25:19.716,0.8395,0.83959,2.63,1.50
2013.09.27 11:25:21.726,0.83951,0.83959,2.25,1.50
2013.09.27 11:25:22.266,0.83952,0.8396,1.13,1.88
2013.09.27 11:25:23.166,0.8395,0.83956,3.75,1.13
2013.09.27 11:25:23.778,0.83948,0.83956,2.25,2.25
2013.09.27 11:25:23.897,0.83948,0.83956,3.00,2.25
2013.09.27 11:25:24.259,0.83948,0.83956,1.13,1.50
2013.09.27 11:25:24.378,0.83947,0.83955,2.25,1.88
2013.09.27 11:25:24.677,0.83946,0.83955,1.50,2.63
2013.09.27 11:25:25.216,0.83946,0.83955,1.88,3.75
2013.09.27 11:25:25.276,0.83946,0.83955,1.50,4.13
2013.09.27 11:25:25.949,0.83946,0.83955,1.88,3.00
2013.09.27 11:25:26.646,0.83945,0.83953,4.13,2.25
2013.09.27 11:25:28.037,0.83945,0.83953,1.88,2.25
2013.09.27 11:25:28.341,0.83948,0.83956,1.88,3.00
2013.09.27 11:25:28.888,0.83948,0.83956,1.50,3.00
2013.09.27 11:25:29.499,0.83948,0.83956,1.88,3.75
2013.09.27 11:25:30.346,0.83948,0.83955,1.13,2.25
2013.09.27 11:25:30.886,0.83948,0.83955,1.50,1.13
2013.09.27 11:25:34.336,0.83949,0.83956,1.13,2.25
2013.09.27 11:25:34.886,0.83949,0.83956,1.13,2.25
2013.09.27 11:25:35.427,0.83949,0.83956,1.13,2.25
2013.09.27 11:25:35.806,0.83949,0.83956,1.13,2.25
2013.09.27 11:25:35.927,0.83949,0.83956,1.13,2.25
2013.09.27 11:25:36.166,0.83949,0.83956,1.13,3.00
2013.09.27 11:25:36.466,0.83946,0.83954,1.13,2.25
2013.09.27 11:25:36.526,0.83946,0.83954,1.13,1.50
2013.09.27 11:25:37.076,0.83945,0.83953,1.88,3.00
2013.09.27 11:25:37.437,0.83942,0.8395,3.98,1.50
2013.09.27 11:25:38.169,0.8394,0.83948,1.88,3.00
2013.09.27 11:25:38.467,0.83938,0.83947,1.88,1.50
2013.09.27 11:25:38.947,0.83939,0.83948,2.25,2.63
2013.09.27 11:25:39.188,0.83938,0.83947,2.63,3.00
2013.09.27 11:25:39.547,0.83936,0.83943,1.50,1.50
2013.09.27 11:25:39.907,0.83934,0.83943,1.13,1.50
2013.09.27 11:25:40.406,0.83937,0.83944,1.13,2.25
2013.09.27 11:25:40.947,0.83937,0.83944,1.13,1.50
2013.09.27 11:25:41.550,0.83938,0.83945,1.50,1.13
2013.09.27 11:25:42.101,0.83938,0.83945,1.50,1.13
2013.09.27 11:25:42.306,0.83941,0.83946,1.50,2.25
2013.09.27 11:25:42.608,0.83945,0.83951,1.50,3.75
2013.09.27 11:25:43.146,0.83944,0.83952,1.88,2.63
2013.09.27 11:25:43.788,0.83944,0.83951,1.50,1.13
2013.09.27 11:25:44.397,0.83945,0.83952,1.50,2.63
2013.09.27 11:25:44.936,0.83945,0.83952,1.50,1.88
2013.09.27 11:25:48.206,0.83945,0.83951,1.50,1.13
2013.09.27 11:25:51.127,0.83945,0.83952,1.50,2.63
2013.09.27 11:25:51.670,0.83945,0.83951,1.50,1.13
2013.09.27 11:25:51.738,0.83942,0.8395,2.10,1.13
2013.09.27 11:25:52.287,0.83941,0.83951,2.63,1.88
2013.09.27 11:25:52.618,0.83944,0.83952,1.88,3.75
2013.09.27 11:25:52.917,0.83942,0.83951,1.88,1.50
2013.09.27 11:25:53.157,0.83944,0.83952,1.88,3.75
2013.09.27 11:25:53.700,0.83944,0.83952,1.88,2.25
2013.09.27 11:25:53.769,0.83944,0.83952,1.13,2.25
2013.09.27 11:25:53.959,0.83944,0.83952,1.88,3.00
2013.09.27 11:25:54.198,0.83942,0.83952,3.00,2.25
2013.09.27 11:25:54.556,0.83944,0.83952,1.88,2.25
2013.09.27 11:25:54.617,0.83944,0.83952,1.13,2.25
2013.09.27 11:25:56.246,0.83942,0.83951,1.88,2.25
2013.09.27 11:25:58.936,0.83943,0.83951,1.13,1.50
2013.09.27 11:25:59.729,0.83942,0.8395,1.50,1.13
2013.09.27 11:26:00.267,0.83942,0.83951,1.88,2.25
2013.09.27 11:26:01.207,0.83943,0.83951,1.50,2.25
2013.09.27 11:26:02.586,0.83943,0.83948,1.50,1.13
2013.09.27 11:26:03.976,0.83943,0.83952,1.88,2.25
2013.09.27 11:26:05.437,0.83944,0.83952,1.50,2.25
2013.09.27 11:26:05.951,0.83944,0.83952,1.50,1.50
2013.09.27 11:26:11.207,0.83945,0.83952,1.50,1.13
2013.09.27 11:26:12.409,0.83945,0.83952,1.50,1.50
2013.09.27 11:26:14.578,0.83944,0.83951,2.25,1.13
2013.09.27 11:26:14.701,0.83943,0.83948,2.25,1.88
2013.09.27 11:26:14.827,0.83942,0.83948,1.50,1.88
2013.09.27 11:26:15.011,0.83941,0.83947,1.88,1.50
2013.09.27 11:26:15.626,0.83941,0.83947,1.13,1.50
2013.09.27 11:26:15.690,0.83941,0.83948,1.88,1.50
2013.09.27 11:26:16.596,0.83941,0.83948,1.50,1.50
2013.09.27 11:26:17.257,0.83939,0.83947,1.50,1.88
2013.09.27 11:26:17.766,0.83939,0.83947,1.50,1.88
2013.09.27 11:26:18.350,0.83939,0.83947,1.50,1.88
2013.09.27 11:26:19.117,0.8394,0.83947,1.50,1.13
2013.09.27 11:26:20.586,0.83939,0.83948,1.50,2.63
2013.09.27 11:26:21.106,0.83939,0.83948,2.25,2.63
2013.09.27 11:26:21.647,0.83942,0.8395,1.13,2.63
2013.09.27 11:26:22.206,0.83942,0.8395,2.63,1.50
2013.09.27 11:26:22.771,0.83942,0.83948,2.25,1.13
2013.09.27 11:26:24.816,0.83941,0.83948,1.88,1.13
2013.09.27 11:26:26.809,0.83941,0.83948,1.88,1.13
2013.09.27 11:26:27.236,0.83941,0.83949,3.38,1.88
2013.09.27 11:26:28.266,0.83941,0.8395,4.13,2.63
2013.09.27 11:26:28.626,0.83942,0.83951,2.25,3.00
2013.09.27 11:26:30.877,0.83942,0.8395,4.35,1.13
2013.09.27 11:26:31.538,0.83942,0.83951,4.35,3.00
2013.09.27 11:26:31.657,0.83942,0.8395,3.60,1.50
2013.09.27 11:26:31.777,0.83941,0.83949,5.85,1.13
2013.09.27 11:26:31.838,0.83941,0.83949,3.75,1.13
2013.09.27 11:26:32.376,0.83941,0.83949,2.25,1.13
2013.09.27 11:26:36.447,0.83941,0.83949,2.25,1.13
2013.09.27 11:26:36.866,0.83942,0.8395,1.13,1.50
2013.09.27 11:26:37.557,0.83944,0.83952,1.88,1.50
2013.09.27 11:26:38.204,0.83946,0.83953,1.50,3.00
2013.09.27 11:26:38.830,0.83945,0.83952,1.50,1.13
2013.09.27 11:26:40.646,0.83944,0.83952,2.25,1.50
2013.09.27 11:26:41.416,0.83944,0.8395,1.50,1.13
2013.09.27 11:26:51.226,0.83943,0.8395,2.25,1.13
2013.09.27 11:26:51.766,0.83943,0.83948,1.50,1.13
2013.09.27 11:26:52.306,0.83943,0.83952,2.25,4.13
2013.09.27 11:26:55.471,0.83943,0.83952,2.25,3.38
2013.09.27 11:26:56.747,0.8394,0.83945,3.38,1.13
2013.09.27 11:26:56.988,0.83939,0.83947,1.50,1.13
2013.09.27 11:26:57.107,0.8394,0.83948,1.50,1.13
2013.09.27 11:26:57.886,0.83938,0.83947,2.25,1.13
2013.09.27 11:26:58.436,0.83939,0.83947,1.50,1.13
2013.09.27 11:26:58.978,0.8394,0.83948,2.25,1.13
2013.09.27 11:26:59.517,0.8394,0.83949,2.25,1.88
2013.09.27 11:27:00.256,0.8394,0.83949,2.25,1.88
2013.09.27 11:27:00.894,0.8394,0.83949,1.50,2.63
2013.09.27 11:27:01.859,0.8394,0.83948,1.50,1.13
2013.09.27 11:27:05.711,0.83939,0.83949,2.63,2.63
2013.09.27 11:27:06.019,0.8394,0.83948,1.50,1.50
2013.09.27 11:27:06.497,0.83941,0.83949,1.13,1.13
2013.09.27 11:27:07.016,0.83941,0.83949,1.88,1.13
2013.09.27 11:27:09.547,0.83941,0.83949,1.50,1.13
2013.09.27 11:27:10.066,0.83941,0.83949,1.50,1.13
2013.09.27 11:27:10.431,0.83942,0.8395,1.50,1.13
2013.09.27 11:27:10.798,0.8394,0.83949,1.88,1.88
2013.09.27 11:27:11.517,0.83941,0.83949,1.50,1.73
2013.09.27 11:27:11.876,0.83942,0.83949,2.25,1.13
2013.09.27 11:27:12.417,0.83942,0.83949,1.50,1.13
2013.09.27 11:27:12.958,0.83941,0.83948,1.50,1.13
2013.09.27 11:27:13.080,0.8394,0.83947,1.50,1.13
2013.09.27 11:27:14.759,0.8394,0.83948,2.25,1.35
2013.09.27 11:27:14.887,0.83941,0.83949,2.25,3.23
2013.09.27 11:27:15.427,0.83942,0.83949,1.50,1.13
2013.09.27 11:27:15.546,0.83942,0.83949,1.50,1.13
2013.09.27 11:27:15.907,0.83942,0.83949,1.50,1.13
2013.09.27 11:27:16.387,0.83939,0.83948,1.50,1.13
2013.09.27 11:27:16.746,0.8394,0.83949,1.50,1.13
2013.09.27 11:27:23.217,0.83942,0.8395,1.50,2.63
2013.09.27 11:27:23.396,0.83945,0.83952,2.25,2.63
2013.09.27 11:27:23.637,0.83946,0.83952,1.50,1.50
2013.09.27 11:27:23.757,0.83946,0.83953,2.25,1.50
2013.09.27 11:27:23.877,0.8395,0.83957,1.50,1.13
2013.09.27 11:27:24.056,0.8395,0.83958,2.25,2.63
2013.09.27 11:27:24.596,0.8395,0.83957,1.50,1.13
2013.09.27 11:27:24.896,0.83951,0.83958,1.50,1.50
2013.09.27 11:27:25.316,0.8395,0.83956,2.25,1.13
2013.09.27 11:27:26.607,0.8395,0.83956,2.25,1.13
2013.09.27 11:27:27.121,0.83948,0.83955,1.50,1.13
2013.09.27 11:27:27.910,0.83949,0.83958,2.25,3.75
2013.09.27 11:27:30.387,0.83948,0.83955,1.50,1.13
2013.09.27 11:27:30.929,0.83947,0.83954,1.50,1.13
2013.09.27 11:27:31.606,0.83944,0.83951,2.25,1.13
2013.09.27 11:27:32.177,0.83946,0.83953,1.50,1.88
2013.09.27 11:27:32.237,0.83946,0.83953,1.50,1.50
2013.09.27 11:27:32.601,0.83945,0.83954,2.63,1.50
2013.09.27 11:27:33.147,0.83942,0.83952,2.63,1.50
2013.09.27 11:27:33.526,0.83943,0.83952,1.50,1.50
2013.09.27 11:27:34.586,0.83943,0.83952,1.13,1.73
2013.09.27 11:27:35.008,0.83941,0.83948,1.50,1.13
2013.09.27 11:27:35.186,0.8394,0.83949,1.50,1.88
2013.09.27 11:27:39.988,0.83939,0.83948,1.88,1.13
2013.09.27 11:27:40.526,0.8394,0.83948,1.13,1.13
2013.09.27 11:27:41.427,0.8394,0.83948,1.13,1.13
2013.09.27 11:27:41.789,0.83937,0.83947,1.88,2.25
2013.09.27 11:27:41.847,0.83938,0.83946,1.13,1.50
2013.09.27 11:27:42.146,0.8394,0.83948,2.25,1.88
2013.09.27 11:27:42.329,0.83939,0.83947,1.50,1.50
2013.09.27 11:27:42.687,0.83938,0.83946,1.88,1.13
2013.09.27 11:27:43.437,0.83938,0.83947,1.13,1.88
2013.09.27 11:27:43.996,0.8394,0.83947,1.13,1.13
2013.09.27 11:27:47.128,0.83939,0.83947,1.13,1.13
2013.09.27 11:27:47.487,0.83936,0.83945,3.38,1.13
2013.09.27 11:27:48.026,0.83935,0.83944,2.25,1.13
2013.09.27 11:27:48.566,0.83934,0.83942,2.25,2.25
2013.09.27 11:27:50.386,0.83934,0.83942,2.25,3.23
2013.09.27 11:27:51.628,0.83935,0.83944,2.25,2.25
2013.09.27 11:27:52.167,0.83935,0.83944,2.25,1.13
2013.09.27 11:27:53.186,0.83935,0.83944,2.25,1.13
2013.09.27 11:27:56.368,0.83935,0.83944,3.38,1.13
2013.09.27 11:27:56.967,0.83936,0.83945,1.50,2.63
2013.09.27 11:27:59.586,0.83937,0.83945,1.88,1.50
2013.09.27 11:28:03.466,0.83937,0.83946,1.88,2.10
2013.09.27 11:28:06.677,0.83936,0.83944,1.88,1.13
2013.09.27 11:28:06.798,0.83936,0.83944,1.13,1.88
2013.09.27 11:28:06.859,0.83936,0.83944,1.13,1.13
2013.09.27 11:28:07.157,0.83933,0.83942,4.88,1.13
2013.09.27 11:28:07.696,0.83933,0.83942,3.75,1.50
2013.09.27 11:28:09.727,0.83935,0.83944,2.63,1.13
2013.09.27 11:28:09.797,0.83935,0.83943,1.13,1.50
2013.09.27 11:28:10.346,0.83936,0.83942,1.50,2.25
2013.09.27 11:28:10.866,0.83934,0.83942,1.50,2.25
2013.09.27 11:28:12.326,0.83936,0.83942,1.50,2.25
2013.09.27 11:28:14.146,0.83936,0.83945,6.23,1.50
2013.09.27 11:28:14.686,0.83936,0.83944,3.38,2.25
2013.09.27 11:28:16.159,0.83937,0.83946,1.88,1.50
2013.09.27 11:28:16.457,0.83937,0.83946,1.88,1.13
2013.09.27 11:28:16.996,0.83937,0.83946,1.50,2.25
2013.09.27 11:28:17.537,0.83938,0.83946,1.50,1.50
2013.09.27 11:28:24.200,0.83938,0.83945,1.50,1.13
2013.09.27 11:28:24.899,0.83938,0.83948,3.38,2.82
2013.09.27 11:28:24.970,0.83938,0.83947,2.63,2.25
2013.09.27 11:28:25.516,0.83939,0.83948,3.38,1.50
2013.09.27 11:28:26.116,0.83939,0.83948,3.75,1.88
2013.09.27 11:28:26.671,0.83939,0.83947,3.00,1.13
2013.09.27 11:28:28.409,0.8394,0.83948,1.50,1.50
2013.09.27 11:28:29.148,0.8394,0.83948,1.50,1.50
2013.09.27 11:28:32.337,0.8394,0.83949,2.25,2.25
2013.09.27 11:28:33.727,0.8394,0.83946,2.25,1.13
2013.09.27 11:28:35.626,0.83938,0.83945,4.13,1.88
2013.09.27 11:28:36.166,0.83938,0.83945,2.25,1.50
2013.09.27 11:28:38.355,0.83938,0.83946,2.25,1.50
2013.09.27 11:28:40.220,0.83937,0.83945,1.88,1.50
2013.09.27 11:28:41.006,0.83936,0.83945,1.50,1.88
2013.09.27 11:28:41.546,0.83936,0.83945,3.00,1.88
2013.09.27 11:28:45.289,0.83936,0.83944,2.25,1.50
2013.09.27 11:28:46.887,0.83936,0.83944,2.25,3.60
2013.09.27 11:28:47.566,0.83938,0.83944,1.50,2.85
2013.09.27 11:28:47.697,0.83938,0.83944,1.50,1.50
2013.09.27 11:28:48.697,0.83938,0.83946,2.25,2.25
2013.09.27 11:28:49.239,0.83938,0.83947,3.75,1.88
2013.09.27 11:28:51.146,0.83938,0.83947,2.82,1.50
2013.09.27 11:28:51.206,0.83942,0.83948,1.13,1.50
2013.09.27 11:28:51.387,0.83941,0.83949,1.13,3.00
2013.09.27 11:28:51.626,0.83942,0.8395,2.25,2.63
2013.09.27 11:28:52.181,0.83942,0.83952,3.75,2.25
2013.09.27 11:28:58.106,0.83942,0.83951,5.25,1.50
2013.09.27 11:28:59.126,0.83942,0.83949,2.25,1.13
2013.09.27 11:28:59.668,0.83941,0.83948,2.63,1.13
2013.09.27 11:29:00.387,0.8394,0.8395,1.50,4.13
2013.09.27 11:29:00.917,0.83941,0.8395,2.25,2.63
2013.09.27 11:29:02.146,0.83942,0.8395,1.88,1.50
2013.09.27 11:29:02.268,0.83942,0.83951,2.63,1.50
2013.09.27 11:29:02.386,0.83942,0.83951,2.63,1.50
2013.09.27 11:29:02.926,0.83942,0.83952,3.00,2.25
2013.09.27 11:29:04.338,0.83943,0.83952,2.25,1.50
2013.09.27 11:29:04.397,0.83946,0.83952,1.50,1.50
2013.09.27 11:29:04.756,0.83948,0.83954,1.13,1.50
2013.09.27 11:29:05.296,0.83947,0.83955,2.25,1.50
2013.09.27 11:29:07.347,0.83947,0.83956,2.25,1.50
2013.09.27 11:29:08.008,0.83946,0.83952,3.00,1.13
2013.09.27 11:29:08.546,0.83946,0.83952,1.50,2.63
2013.09.27 11:29:09.086,0.83946,0.83951,1.50,1.50
2013.09.27 11:29:12.396,0.83946,0.83953,1.13,1.50
2013.09.27 11:29:12.876,0.83944,0.83952,3.60,1.88
2013.09.27 11:29:14.988,0.83944,0.83951,1.50,1.50
2013.09.27 11:29:16.428,0.83944,0.83951,1.50,1.50
2013.09.27 11:29:16.956,0.83944,0.83951,1.50,1.50
2013.09.27 11:29:20.066,0.83943,0.83951,3.38,1.50
2013.09.27 11:29:20.916,0.83947,0.83954,1.50,2.25
2013.09.27 11:29:37.217,0.83947,0.83952,1.50,1.13
2013.09.27 11:29:41.146,0.8395,0.83956,1.50,2.25
2013.09.27 11:29:41.207,0.8395,0.83957,1.50,3.00
2013.09.27 11:29:41.687,0.8395,0.83957,3.00,1.50
2013.09.27 11:29:42.227,0.83951,0.83959,2.25,1.88
2013.09.27 11:29:42.767,0.83952,0.83959,1.50,1.13
2013.09.27 11:29:44.417,0.83953,0.83959,1.50,1.13
2013.09.27 11:29:44.656,0.83954,0.83961,1.50,1.88
2013.09.27 11:29:44.776,0.83953,0.83961,3.00,1.88
2013.09.27 11:29:44.836,0.83953,0.83961,3.75,1.50
2013.09.27 11:29:45.200,0.83953,0.83961,3.00,3.98
2013.09.27 11:29:45.379,0.83953,0.83961,3.00,1.50
2013.09.27 11:29:46.047,0.83953,0.83961,3.38,1.88
2013.09.27 11:29:46.166,0.83953,0.83961,3.38,1.50
2013.09.27 11:29:46.770,0.83953,0.83961,3.38,1.50
2013.09.27 11:29:47.847,0.83953,0.83961,2.25,1.50
2013.09.27 11:29:52.846,0.83953,0.8396,1.50,1.35
2013.09.27 11:29:55.356,0.83953,0.83961,2.25,1.50
2013.09.27 11:29:55.716,0.83954,0.83962,1.50,1.13
2013.09.27 11:29:56.257,0.83956,0.83962,3.00,1.13
2013.09.27 11:29:56.678,0.83954,0.83961,1.50,1.50
2013.09.27 11:29:57.096,0.83954,0.83962,2.25,1.50
2013.09.27 11:29:57.456,0.83957,0.83963,1.50,1.13
2013.09.27 11:29:57.996,0.83958,0.83964,1.50,1.13
2013.09.27 11:30:00.738,0.8396,0.83965,1.50,1.88
2013.09.27 11:30:01.037,0.8396,0.83965,1.50,1.13
2013.09.27 11:30:01.158,0.83961,0.83967,1.50,1.13
2013.09.27 11:30:01.397,0.83961,0.83968,2.25,1.50
2013.09.27 11:30:01.517,0.83962,0.83969,1.50,1.50
2013.09.27 11:30:01.756,0.83963,0.8397,3.00,1.88
2013.09.27 11:30:02.237,0.83965,0.83972,1.50,1.13
2013.09.27 11:30:02.357,0.83966,0.83972,1.50,1.13
2013.09.27 11:30:02.417,0.83966,0.83972,1.50,1.13
2013.09.27 11:30:02.968,0.83963,0.83971,3.00,1.50
2013.09.27 11:30:03.826,0.83963,0.83971,3.75,1.50
2013.09.27 11:30:03.888,0.83966,0.83971,1.35,1.13
2013.09.27 11:30:03.947,0.8397,0.83977,2.10,3.38
2013.09.27 11:30:04.127,0.83972,0.83979,1.50,2.25
2013.09.27 11:30:04.547,0.83972,0.83979,1.88,1.88
2013.09.27 11:30:04.607,0.83972,0.83979,1.50,1.50
2013.09.27 11:30:05.086,0.83973,0.83981,2.25,2.25
2013.09.27 11:30:05.326,0.83973,0.8398,1.50,1.13
2013.09.27 11:30:05.867,0.83971,0.83979,3.00,1.50
2013.09.27 11:30:06.286,0.8397,0.83977,3.00,1.88
2013.09.27 11:30:07.425,0.83971,0.83978,1.50,1.50
2013.09.27 11:30:08.947,0.8397,0.83976,3.75,1.13
2013.09.27 11:30:09.372,0.83976,0.83981,2.10,1.13
2013.09.27 11:30:09.503,0.83977,0.83982,2.10,1.50
2013.09.27 11:30:09.750,0.83976,0.83983,2.63,1.50
2013.09.27 11:30:09.812,0.83976,0.83983,1.88,1.50
2013.09.27 11:30:10.177,0.83977,0.83985,1.50,2.25
2013.09.27 11:30:10.897,0.83976,0.83984,1.13,1.50
2013.09.27 11:30:11.317,0.83975,0.83984,2.25,2.85
2013.09.27 11:30:12.096,0.83974,0.83982,1.13,4.50
2013.09.27 11:30:12.636,0.83971,0.83981,2.25,3.38
2013.09.27 11:30:12.697,0.83971,0.8398,2.25,1.50
2013.09.27 11:30:14.748,0.83975,0.83981,1.13,1.50
2013.09.27 11:30:15.049,0.83978,0.83983,1.13,1.50
2013.09.27 11:30:15.109,0.83978,0.83985,1.13,1.50
2013.09.27 11:30:15.527,0.83976,0.83984,1.50,1.50
2013.09.27 11:30:15.888,0.83975,0.83983,1.88,1.50
2013.09.27 11:30:18.409,0.83975,0.83983,1.13,1.50
2013.09.27 11:30:19.527,0.83974,0.83979,1.50,2.10
2013.09.27 11:30:19.828,0.8397,0.83977,3.00,1.50
2013.09.27 11:30:20.007,0.83972,0.8398,1.13,3.00
2013.09.27 11:30:21.197,0.83972,0.8398,1.13,1.50
2013.09.27 11:30:21.377,0.83972,0.83981,1.88,1.50
2013.09.27 11:30:21.916,0.83973,0.83983,3.00,1.50
2013.09.27 11:30:22.277,0.83974,0.83982,1.50,1.50
2013.09.27 11:30:23.907,0.83974,0.83982,2.25,1.50
2013.09.27 11:30:24.326,0.83975,0.83982,1.50,1.50
2013.09.27 11:30:24.866,0.83974,0.83981,1.50,2.63
2013.09.27 11:30:27.718,0.83974,0.83981,1.50,2.63
2013.09.27 11:30:27.973,0.83972,0.83981,3.75,3.23
2013.09.27 11:30:31.156,0.83972,0.83981,2.25,1.88
2013.09.27 11:30:31.696,0.83973,0.83981,2.63,1.88
2013.09.27 11:30:38.137,0.83977,0.83983,2.48,2.25
2013.09.27 11:30:38.269,0.83978,0.83986,3.00,1.50
2013.09.27 11:30:38.807,0.83978,0.83986,1.50,1.50
2013.09.27 11:30:39.178,0.83977,0.83985,2.10,1.88
2013.09.27 11:30:39.356,0.83976,0.83985,2.25,3.98
2013.09.27 11:30:39.419,0.83975,0.83982,1.50,1.13
2013.09.27 11:30:39.957,0.83974,0.83983,3.00,1.88
2013.09.27 11:30:40.140,0.83974,0.83982,3.00,2.25
2013.09.27 11:30:42.276,0.83974,0.83982,1.50,2.63
2013.09.27 11:30:42.637,0.83974,0.83981,1.13,1.50
2013.09.27 11:30:42.757,0.83973,0.83981,3.38,1.50
2013.09.27 11:30:44.117,0.83978,0.83982,1.50,1.50
2013.09.27 11:30:44.477,0.8398,0.83987,1.13,1.50
2013.09.27 11:30:44.538,0.8398,0.83986,1.13,1.50
2013.09.27 11:30:44.717,0.83982,0.83988,1.50,1.50
2013.09.27 11:30:44.837,0.83982,0.8399,2.25,1.88
2013.09.27 11:30:45.377,0.83985,0.83991,1.13,1.50
2013.09.27 11:30:48.607,0.83985,0.83992,1.50,1.50
2013.09.27 11:30:50.897,0.83983,0.83992,1.88,2.85
2013.09.27 11:30:51.076,0.83982,0.8399,1.88,1.13
2013.09.27 11:30:51.496,0.83979,0.83987,1.50,2.25
2013.09.27 11:30:51.676,0.83978,0.83986,1.13,1.50
2013.09.27 11:30:52.336,0.83977,0.83985,1.50,2.63
2013.09.27 11:30:52.898,0.83977,0.83985,1.13,2.25
2013.09.27 11:30:53.320,0.83975,0.83984,3.38,1.13
2013.09.27 11:30:53.619,0.83975,0.83983,3.00,1.50
2013.09.27 11:30:54.157,0.83974,0.83982,2.25,2.25
2013.09.27 11:30:54.637,0.83973,0.8398,1.50,2.25
2013.09.27 11:30:54.756,0.83972,0.8398,1.13,3.00
2013.09.27 11:30:55.297,0.83972,0.8398,1.13,2.25
2013.09.27 11:30:55.597,0.83971,0.8398,1.50,2.63
2013.09.27 11:30:55.716,0.8397,0.83979,1.88,2.25
2013.09.27 11:30:56.321,0.8397,0.83978,1.50,2.63
2013.09.27 11:30:56.886,0.8397,0.83978,1.88,1.50
2013.09.27 11:30:57.127,0.83971,0.83979,1.88,2.25
2013.09.27 11:30:57.667,0.8397,0.83978,3.00,1.50
2013.09.27 11:30:58.027,0.8397,0.83977,1.13,1.50
2013.09.27 11:30:58.147,0.83969,0.83977,3.00,2.25
2013.09.27 11:31:00.557,0.83972,0.83977,1.13,1.50
2013.09.27 11:31:00.683,0.83973,0.83978,1.13,2.25
2013.09.27 11:31:01.107,0.8397,0.83977,1.13,1.50
2013.09.27 11:31:01.806,0.8397,0.83977,1.13,1.50
2013.09.27 11:31:02.108,0.83972,0.83978,1.13,1.50
2013.09.27 11:31:02.227,0.83975,0.8398,1.13,2.25
2013.09.27 11:31:04.106,0.83972,0.8398,2.48,3.00
2013.09.27 11:31:04.767,0.83973,0.8398,1.50,2.25
2013.09.27 11:31:06.432,0.83973,0.8398,1.50,2.25
2013.09.27 11:31:10.172,0.83972,0.8398,2.25,1.88
2013.09.27 11:31:10.716,0.83972,0.83979,1.50,1.50
2013.09.27 11:31:11.746,0.83972,0.8398,1.88,1.50
2013.09.27 11:31:12.386,0.83971,0.8398,1.88,1.88
2013.09.27 11:31:14.876,0.83971,0.83979,1.50,1.50
2013.09.27 11:31:15.057,0.8397,0.83979,2.63,4.35
2013.09.27 11:31:15.357,0.8397,0.83978,1.50,1.13
2013.09.27 11:31:15.477,0.83971,0.83979,1.13,2.25
2013.09.27 11:31:15.596,0.8397,0.83979,2.63,2.25
2013.09.27 11:31:16.140,0.8397,0.83979,1.88,1.50
2013.09.27 11:31:16.688,0.8397,0.83978,1.50,1.13
2013.09.27 11:31:17.757,0.8397,0.83979,1.88,1.50
2013.09.27 11:31:18.566,0.83971,0.8398,1.13,2.63
2013.09.27 11:31:19.628,0.8397,0.83978,1.50,1.88
2013.09.27 11:31:19.809,0.83969,0.83978,3.75,1.88
2013.09.27 11:31:20.348,0.83969,0.83978,4.50,1.88
2013.09.27 11:31:20.897,0.8397,0.83978,1.50,1.13
2013.09.27 11:31:22.196,0.83971,0.83979,1.13,1.50
2013.09.27 11:31:24.898,0.83973,0.8398,1.50,2.63
2013.09.27 11:31:25.257,0.83976,0.83981,1.13,1.50
2013.09.27 11:31:26.517,0.83973,0.83981,3.38,1.88
2013.09.27 11:31:27.056,0.83972,0.83981,3.00,2.25
2013.09.27 11:31:28.001,0.83973,0.83981,1.13,1.88
2013.09.27 11:31:30.457,0.83973,0.83981,1.13,3.00
2013.09.27 11:31:36.767,0.83973,0.83981,1.13,3.38
2013.09.27 11:31:37.129,0.83975,0.8398,1.13,1.50
2013.09.27 11:31:37.247,0.83976,0.83983,2.63,2.63
2013.09.27 11:31:37.667,0.83975,0.83985,1.50,3.38
2013.09.27 11:31:38.717,0.83977,0.83986,1.88,2.25
2013.09.27 11:31:42.052,0.83979,0.83986,1.13,1.50
2013.09.27 11:31:47.287,0.83979,0.83987,1.13,2.25
2013.09.27 11:31:47.528,0.83983,0.83989,1.13,1.50
2013.09.27 11:31:47.588,0.83983,0.8399,1.13,4.50
2013.09.27 11:31:47.650,0.83981,0.83989,1.88,1.50
2013.09.27 11:31:47.949,0.83979,0.83989,2.25,2.63
2013.09.27 11:31:48.308,0.83981,0.8399,1.13,4.50
2013.09.27 11:31:48.847,0.83981,0.8399,1.13,1.88
2013.09.27 11:31:49.338,0.83981,0.83988,1.13,2.25
2013.09.27 11:31:49.937,0.83979,0.83987,2.85,1.50
2013.09.27 11:31:50.057,0.83979,0.83987,1.50,1.50
2013.09.27 11:31:50.607,0.83979,0.83987,1.13,1.50
2013.09.27 11:31:53.678,0.83982,0.83989,1.13,2.25
2013.09.27 11:31:53.861,0.83983,0.8399,1.50,3.00
2013.09.27 11:31:54.710,0.83982,0.8399,3.60,1.13
2013.09.27 11:31:59.526,0.83981,0.8399,1.50,2.63
2013.09.27 11:32:00.200,0.83982,0.8399,1.13,1.88
2013.09.27 11:32:00.327,0.83982,0.8399,2.48,1.88
2013.09.27 11:32:00.836,0.83981,0.8399,1.50,2.63
2013.09.27 11:32:01.377,0.83981,0.83989,1.50,1.13
2013.09.27 11:32:03.756,0.83981,0.83989,1.88,1.50
2013.09.27 11:32:04.297,0.83981,0.83989,1.88,2.25
2013.09.27 11:32:06.957,0.8398,0.83988,3.00,1.50
2013.09.27 11:32:07.357,0.8398,0.83988,2.25,2.25
2013.09.27 11:32:09.637,0.83979,0.83987,1.13,1.50
2013.09.27 11:32:10.170,0.8398,0.83987,1.13,1.50
2013.09.27 11:32:11.828,0.83979,0.83989,1.13,2.25
2013.09.27 11:32:13.034,0.83981,0.83988,1.13,1.50
2013.09.27 11:32:13.103,0.83981,0.8399,1.13,1.88
2013.09.27 11:32:13.408,0.83979,0.83988,4.13,1.88
2013.09.27 11:32:13.827,0.83979,0.83986,1.50,1.50
2013.09.27 11:32:13.892,0.83977,0.83986,3.38,1.50
2013.09.27 11:32:14.278,0.83975,0.83984,1.88,1.50
2013.09.27 11:32:14.697,0.83978,0.83984,1.13,1.50
2013.09.27 11:32:15.911,0.83974,0.83983,2.25,1.88
2013.09.27 11:32:16.456,0.83975,0.83983,1.13,1.50
2013.09.27 11:32:17.006,0.83974,0.83983,2.25,1.88
2013.09.27 11:32:17.627,0.83975,0.83984,1.13,1.50
2013.09.27 11:32:18.137,0.83975,0.83983,1.13,1.50
2013.09.27 11:32:19.159,0.83974,0.83983,2.63,2.25
2013.09.27 11:32:20.087,0.83974,0.83983,2.25,2.63
2013.09.27 11:32:20.597,0.83973,0.83982,2.63,1.13
2013.09.27 11:32:22.097,0.83973,0.83982,1.88,1.88
2013.09.27 11:32:22.217,0.83973,0.83982,1.88,1.88
2013.09.27 11:32:22.677,0.83974,0.83983,1.13,1.50
2013.09.27 11:32:22.797,0.83975,0.83984,1.50,1.88
2013.09.27 11:32:23.216,0.83977,0.83986,2.25,3.75
2013.09.27 11:32:24.455,0.8398,0.83988,1.50,1.13
2013.09.27 11:32:25.987,0.83981,0.83989,1.50,1.50
2013.09.27 11:32:26.526,0.83982,0.83991,1.88,1.88
2013.09.27 11:32:27.187,0.83981,0.8399,3.00,1.88
2013.09.27 11:32:27.367,0.83981,0.8399,2.25,1.88
2013.09.27 11:32:27.667,0.83979,0.83988,1.50,1.88
2013.09.27 11:32:29.252,0.83978,0.83987,1.88,1.50
2013.09.27 11:32:30.876,0.83981,0.83987,1.50,1.50
2013.09.27 11:32:31.237,0.83981,0.8399,3.00,1.88
2013.09.27 11:32:32.498,0.83981,0.8399,4.13,1.50
2013.09.27 11:32:35.356,0.83981,0.8399,3.00,1.88
2013.09.27 11:32:36.957,0.83981,0.83986,1.50,1.50
2013.09.27 11:32:37.138,0.83982,0.83988,2.10,1.88
2013.09.27 11:32:37.677,0.83981,0.83987,1.88,1.50
2013.09.27 11:32:38.277,0.83982,0.83988,1.13,1.50
2013.09.27 11:32:39.418,0.83984,0.8399,1.13,1.50
2013.09.27 11:32:39.967,0.83983,0.8399,2.63,1.50
2013.09.27 11:32:40.628,0.83984,0.8399,1.13,1.50
2013.09.27 11:32:41.158,0.83983,0.83989,2.25,1.50
2013.09.27 11:32:43.647,0.83984,0.83989,3.98,1.50
2013.09.27 11:32:44.187,0.83984,0.83989,1.50,1.50
2013.09.27 11:32:45.127,0.83986,0.83991,2.10,1.50
2013.09.27 11:32:45.247,0.83989,0.83994,2.25,1.13
2013.09.27 11:32:45.368,0.83987,0.83993,1.73,1.50
2013.09.27 11:32:45.728,0.83984,0.8399,1.13,1.50
2013.09.27 11:32:46.270,0.83984,0.83989,1.13,1.50
2013.09.27 11:32:46.808,0.83984,0.83989,2.48,1.50
2013.09.27 11:32:47.429,0.83984,0.8399,3.23,1.50
2013.09.27 11:32:48.458,0.83984,0.8399,3.23,1.50
2013.09.27 11:32:49.028,0.83984,0.8399,3.98,1.50
2013.09.27 11:32:49.088,0.83984,0.83991,4.35,1.50
2013.09.27 11:32:49.268,0.83985,0.83992,1.50,3.00
2013.09.27 11:32:49.819,0.83985,0.83992,1.88,3.00
2013.09.27 11:32:51.858,0.83985,0.83992,2.63,2.25
2013.09.27 11:32:52.448,0.83984,0.8399,1.88,1.50
2013.09.27 11:32:52.987,0.83984,0.83989,1.13,2.25
2013.09.27 11:32:53.527,0.83983,0.83989,1.50,2.25
2013.09.27 11:32:53.647,0.83983,0.83989,1.13,2.25
2013.09.27 11:32:54.328,0.83981,0.83987,1.50,3.00
2013.09.27 11:32:54.396,0.83979,0.83984,1.88,1.50
2013.09.27 11:33:00.087,0.83977,0.83983,1.13,1.50
2013.09.27 11:33:00.147,0.83976,0.83982,1.88,1.50
2013.09.27 11:33:00.389,0.83976,0.83982,1.50,1.50
2013.09.27 11:33:00.898,0.83975,0.83981,1.88,1.50
2013.09.27 11:33:02.638,0.83974,0.83981,2.25,1.50
2013.09.27 11:33:03.188,0.83975,0.83981,1.50,1.88
2013.09.27 11:33:04.669,0.83974,0.83981,1.50,1.88
2013.09.27 11:33:10.815,0.83974,0.8398,1.13,1.50
2013.09.27 11:33:12.928,0.83976,0.83982,1.50,2.25
2013.09.27 11:33:13.469,0.83975,0.83981,1.50,1.50
2013.09.27 11:33:13.707,0.83974,0.8398,1.50,1.13
2013.09.27 11:33:13.829,0.83973,0.8398,1.50,1.13
2013.09.27 11:33:13.888,0.83966,0.83975,6.00,1.50
2013.09.27 11:33:14.067,0.83966,0.83971,1.50,2.85
2013.09.27 11:33:14.129,0.83966,0.83971,1.50,2.85
2013.09.27 11:33:14.190,0.83964,0.8397,2.25,1.50
2013.09.27 11:33:14.321,0.83963,0.83969,2.25,1.50
2013.09.27 11:33:14.870,0.83961,0.83968,1.50,1.13
2013.09.27 11:33:15.349,0.83961,0.83969,1.50,3.38
2013.09.27 11:33:15.468,0.83962,0.8397,1.50,3.00
2013.09.27 11:33:15.707,0.83963,0.83971,1.13,2.25
2013.09.27 11:33:16.300,0.83963,0.83971,1.13,3.00
2013.09.27 11:33:16.839,0.83965,0.83972,1.50,1.50
2013.09.27 11:33:17.019,0.83966,0.83974,1.50,4.88
2013.09.27 11:33:17.377,0.83966,0.83974,1.88,3.00
2013.09.27 11:33:18.217,0.83967,0.83975,1.50,1.50
2013.09.27 11:33:18.771,0.83967,0.83975,1.50,1.50
2013.09.27 11:33:19.279,0.83967,0.83975,1.88,1.50
2013.09.27 11:33:21.938,0.83969,0.83975,1.50,1.50
2013.09.27 11:33:22.067,0.83969,0.83977,2.25,2.25
2013.09.27 11:33:22.187,0.83969,0.83977,2.63,2.25
2013.09.27 11:33:22.737,0.8397,0.83975,1.13,1.50
2013.09.27 11:33:31.197,0.83968,0.83975,1.13,1.50
2013.09.27 11:33:31.617,0.83966,0.83974,1.50,2.10
2013.09.27 11:33:31.978,0.83968,0.83973,1.13,1.13
2013.09.27 11:33:32.157,0.83969,0.83975,1.13,1.50
2013.09.27 11:33:32.697,0.83968,0.83975,1.13,1.50
2013.09.27 11:33:33.237,0.83969,0.83976,1.88,1.50
2013.09.27 11:33:33.797,0.83969,0.83977,1.88,2.25
2013.09.27 11:33:34.337,0.8397,0.83976,1.13,1.50
2013.09.27 11:33:34.877,0.8397,0.83977,1.88,1.50
2013.09.27 11:33:35.419,0.8397,0.83977,1.88,1.50
2013.09.27 11:33:35.477,0.8397,0.83976,1.13,1.50
2013.09.27 11:33:36.017,0.8397,0.83976,1.13,2.25
2013.09.27 11:33:36.587,0.83969,0.83975,1.50,1.13
2013.09.27 11:33:37.127,0.83968,0.83975,1.13,1.13
2013.09.27 11:33:38.671,0.83967,0.83973,1.13,1.13
2013.09.27 11:33:38.917,0.83967,0.83975,1.88,4.50
2013.09.27 11:33:39.457,0.83967,0.83975,2.63,1.88
2013.09.27 11:33:39.577,0.83967,0.83975,3.00,1.13
2013.09.27 11:33:42.197,0.83968,0.83976,1.13,1.50
2013.09.27 11:33:44.047,0.83967,0.83975,1.50,2.63
2013.09.27 11:33:44.407,0.83965,0.83974,1.88,1.50
2013.09.27 11:33:45.757,0.83965,0.83974,1.13,1.50
2013.09.27 11:33:54.047,0.83965,0.83974,2.48,1.50
2013.09.27 11:33:54.601,0.83965,0.83975,4.35,2.25
2013.09.27 11:33:56.552,0.83968,0.83975,1.13,1.50
2013.09.27 11:33:57.098,0.83968,0.83976,1.13,1.13
2013.09.27 11:33:57.637,0.83967,0.83976,1.88,3.75
2013.09.27 11:33:58.228,0.83967,0.83976,1.88,3.00
2013.09.27 11:34:02.317,0.83967,0.83976,1.88,2.25
2013.09.27 11:34:05.427,0.83969,0.83978,1.88,3.75
2013.09.27 11:34:05.787,0.83969,0.83976,1.13,1.50
2013.09.27 11:34:05.967,0.83967,0.83975,1.13,3.38
2013.09.27 11:34:06.507,0.83965,0.83975,2.63,4.50
2013.09.27 11:34:07.048,0.83967,0.83975,1.13,4.50
2013.09.27 11:34:07.407,0.83967,0.83975,2.63,1.13
2013.09.27 11:34:07.647,0.83967,0.83975,2.63,1.13
2013.09.27 11:34:08.187,0.83967,0.83975,1.50,3.75
2013.09.27 11:34:08.368,0.83965,0.83974,2.63,1.50
2013.09.27 11:34:08.547,0.83966,0.83975,1.13,4.13
2013.09.27 11:34:08.847,0.83965,0.83975,4.13,4.50
2013.09.27 11:34:09.164,0.83966,0.83975,1.13,4.13
2013.09.27 11:34:10.999,0.83968,0.83975,1.13,2.25
2013.09.27 11:34:11.308,0.83969,0.83976,1.13,1.50
2013.09.27 11:34:11.677,0.8397,0.83977,1.13,1.50
2013.09.27 11:34:14.087,0.8397,0.83978,1.50,1.50
2013.09.27 11:34:14.628,0.83971,0.83978,1.13,1.50
2013.09.27 11:34:16.057,0.83971,0.83978,1.13,1.50
2013.09.27 11:34:16.600,0.83971,0.83979,1.13,3.00
2013.09.27 11:34:17.147,0.8397,0.83978,1.13,2.25
2013.09.27 11:34:17.919,0.83969,0.83978,1.88,2.25
2013.09.27 11:34:18.469,0.83971,0.83979,1.13,3.00
2013.09.27 11:34:18.769,0.83971,0.83978,2.48,1.50
2013.09.27 11:34:18.950,0.83971,0.8398,2.63,4.88
2013.09.27 11:34:19.499,0.83971,0.8398,2.63,2.25
2013.09.27 11:34:20.042,0.83972,0.8398,1.50,4.13
2013.09.27 11:34:20.167,0.83973,0.8398,1.13,3.75
2013.09.27 11:34:20.348,0.83976,0.83981,1.88,1.50
2013.09.27 11:34:20.468,0.83976,0.83984,1.88,2.63
2013.09.27 11:34:20.587,0.83976,0.83984,5.48,1.50
2013.09.27 11:34:20.707,0.83978,0.83985,1.13,2.63
2013.09.27 11:34:20.949,0.83976,0.83986,4.88,1.13
2013.09.27 11:34:21.487,0.83978,0.83987,1.13,4.13
2013.09.27 11:34:24.939,0.83978,0.83987,1.88,1.13
2013.09.27 11:34:25.487,0.83979,0.83987,1.50,1.50
2013.09.27 11:34:26.397,0.83979,0.83987,1.13,1.13
2013.09.27 11:34:26.817,0.83979,0.83987,1.13,1.13
2013.09.27 11:34:27.371,0.83979,0.83988,1.13,1.13
2013.09.27 11:34:28.211,0.83981,0.83989,1.13,2.63
2013.09.27 11:34:30.257,0.83981,0.83988,4.13,1.13
2013.09.27 11:34:32.128,0.83982,0.83988,1.50,1.13
2013.09.27 11:34:32.667,0.83983,0.8399,2.25,1.88
2013.09.27 11:34:33.201,0.83983,0.8399,3.00,1.13
2013.09.27 11:34:33.448,0.83983,0.8399,1.50,1.88
2013.09.27 11:34:35.498,0.83983,0.8399,2.63,1.88
2013.09.27 11:34:35.737,0.83983,0.83991,2.63,1.13
2013.09.27 11:34:36.262,0.83984,0.83992,1.50,1.13
2013.09.27 11:34:36.570,0.83984,0.83992,1.88,1.13
2013.09.27 11:34:37.112,0.83985,0.83993,1.50,2.25
2013.09.27 11:34:44.917,0.83985,0.83993,1.50,2.25
2013.09.27 11:34:48.656,0.83985,0.83993,1.50,2.25
2013.09.27 11:34:49.196,0.83984,0.83992,1.50,2.25
2013.09.27 11:34:49.598,0.83984,0.83992,1.50,1.50
2013.09.27 11:34:50.137,0.83985,0.83994,2.25,4.13
2013.09.27 11:34:50.700,0.83985,0.83994,2.25,3.38
2013.09.27 11:34:51.357,0.83985,0.83994,3.60,3.75
2013.09.27 11:34:51.900,0.83987,0.83995,1.50,4.88
2013.09.27 11:34:52.089,0.83987,0.83995,2.63,1.88
2013.09.27 11:34:53.484,0.83988,0.83995,1.50,3.00
2013.09.27 11:34:53.563,0.83985,0.83992,1.50,1.13
2013.09.27 11:34:54.109,0.83984,0.83991,1.50,1.13
2013.09.27 11:34:56.407,0.83982,0.83991,2.25,3.00
2013.09.27 11:34:56.947,0.83982,0.8399,1.50,1.13
2013.09.27 11:34:58.573,0.83982,0.8399,1.50,1.88
2013.09.27 11:35:00.626,0.83982,0.8399,1.88,1.50
2013.09.27 11:35:01.597,0.83983,0.83991,1.13,2.63
2013.09.27 11:35:01.897,0.83982,0.8399,1.50,1.88
2013.09.27 11:35:03.307,0.83982,0.8399,1.13,1.88
2013.09.27 11:35:03.931,0.83982,0.83991,1.50,3.75
2013.09.27 11:35:04.698,0.83981,0.83989,1.50,1.13
2013.09.27 11:35:05.237,0.83981,0.83989,1.13,3.00
2013.09.27 11:35:05.781,0.8398,0.83989,2.25,4.13
2013.09.27 11:35:06.327,0.8398,0.83988,1.88,5.10
2013.09.27 11:35:07.088,0.8398,0.83988,1.13,2.25
2013.09.27 11:35:07.637,0.8398,0.83988,1.50,1.50
2013.09.27 11:35:08.380,0.83981,0.83989,1.13,3.00
2013.09.27 11:35:09.369,0.8398,0.83988,1.88,2.25
2013.09.27 11:35:09.672,0.83979,0.83987,1.50,1.13
2013.09.27 11:35:10.157,0.83978,0.83986,1.50,1.13
2013.09.27 11:35:10.697,0.83979,0.83986,1.13,1.50
2013.09.27 11:35:11.607,0.83977,0.83986,4.13,2.63
2013.09.27 11:35:12.147,0.83976,0.83984,1.88,1.88
2013.09.27 11:35:15.378,0.83977,0.83985,1.88,3.00
2013.09.27 11:35:15.927,0.83976,0.83984,2.25,1.50
2013.09.27 11:35:18.189,0.83977,0.83985,1.50,2.25
2013.09.27 11:35:18.728,0.83976,0.83982,1.50,1.13
2013.09.27 11:35:19.268,0.83974,0.83982,3.60,1.13
2013.09.27 11:35:20.157,0.83974,0.83983,1.50,2.63
2013.09.27 11:35:20.357,0.83975,0.83983,1.50,2.25
2013.09.27 11:35:21.730,0.83975,0.83983,1.50,2.25
2013.09.27 11:35:22.441,0.83975,0.83983,1.50,3.38
2013.09.27 11:35:22.567,0.83975,0.83983,1.50,3.00
2013.09.27 11:35:23.725,0.83975,0.83983,1.50,2.63
2013.09.27 11:35:24.266,0.83975,0.83983,1.50,2.25
2013.09.27 11:35:24.917,0.83974,0.83983,2.25,2.25
2013.09.27 11:35:25.457,0.83975,0.83983,2.25,2.63
2013.09.27 11:35:25.997,0.83975,0.83983,1.88,2.25
2013.09.27 11:35:26.119,0.83975,0.83983,2.63,2.25
2013.09.27 11:35:26.659,0.83975,0.83982,1.50,1.13
2013.09.27 11:35:31.607,0.83975,0.83982,2.25,1.13
2013.09.27 11:35:33.937,0.83975,0.83983,2.25,2.63
2013.09.27 11:35:34.687,0.83975,0.83982,2.25,1.13
2013.09.27 11:35:34.807,0.83975,0.83983,2.63,1.50
2013.09.27 11:35:35.581,0.83975,0.83982,2.25,1.13
2013.09.27 11:35:35.710,0.83975,0.83983,2.25,1.13
2013.09.27 11:35:35.900,0.83975,0.83984,2.63,1.50
2013.09.27 11:35:36.207,0.83974,0.83982,1.50,1.13
2013.09.27 11:35:36.389,0.83974,0.83982,1.50,1.88
2013.09.27 11:35:37.148,0.83973,0.83982,3.38,3.00
2013.09.27 11:35:37.217,0.83975,0.83983,1.88,3.00
2013.09.27 11:35:37.530,0.83974,0.83979,1.50,1.13
2013.09.27 11:35:37.650,0.83974,0.83981,1.50,1.50
2013.09.27 11:35:38.187,0.83973,0.83981,2.63,2.63
2013.09.27 11:35:38.627,0.83973,0.83981,3.00,1.50
2013.09.27 11:35:39.180,0.83974,0.83982,1.88,3.38
2013.09.27 11:35:39.559,0.83974,0.83982,1.50,3.75
2013.09.27 11:35:42.061,0.83974,0.83982,1.13,2.25
2013.09.27 11:35:42.188,0.83975,0.83982,1.88,2.25
2013.09.27 11:35:42.307,0.83976,0.83984,2.25,2.63
2013.09.27 11:35:42.727,0.83976,0.83983,1.88,1.50
2013.09.27 11:35:43.617,0.83976,0.83984,2.25,1.50
2013.09.27 11:35:43.738,0.83976,0.83984,2.25,2.63
2013.09.27 11:35:43.858,0.83976,0.83984,2.63,2.63
2013.09.27 11:35:45.321,0.83976,0.83984,2.25,3.00
2013.09.27 11:35:45.441,0.83976,0.83982,1.50,1.13
2013.09.27 11:35:45.869,0.83976,0.83984,2.25,1.13
2013.09.27 11:35:46.589,0.83976,0.83984,1.50,1.13
2013.09.27 11:35:48.447,0.83977,0.83986,1.88,3.75
2013.09.27 11:35:50.189,0.83977,0.83986,1.88,3.75
2013.09.27 11:35:50.488,0.83977,0.83985,1.88,1.50
2013.09.27 11:35:51.515,0.83977,0.83985,1.88,1.50
2013.09.27 11:35:52.882,0.83977,0.83985,1.88,1.50
2013.09.27 11:35:55.097,0.83977,0.83985,1.50,1.88
2013.09.27 11:35:55.598,0.83977,0.83985,1.50,1.13
2013.09.27 11:35:56.340,0.83977,0.83986,1.88,1.88
2013.09.27 11:35:56.707,0.83979,0.83987,1.88,2.25
2013.09.27 11:35:56.948,0.8398,0.83988,1.50,1.50
2013.09.27 11:35:57.607,0.83979,0.83989,2.63,2.63
2013.09.27 11:36:02.267,0.83981,0.83989,1.50,2.63
2013.09.27 11:36:05.129,0.83982,0.8399,1.50,2.25
2013.09.27 11:36:05.728,0.83983,0.83991,1.50,2.25
2013.09.27 11:36:06.267,0.83983,0.83991,1.50,1.88
2013.09.27 11:36:07.022,0.83983,0.83991,1.50,2.25
2013.09.27 11:36:07.268,0.83983,0.83991,1.50,1.88
2013.09.27 11:36:07.448,0.83983,0.83991,1.50,2.25
2013.09.27 11:36:08.227,0.83982,0.83991,1.88,1.88
2013.09.27 11:36:08.887,0.83982,0.8399,1.50,1.13
2013.09.27 11:36:09.427,0.83982,0.8399,1.50,1.13
2013.09.27 11:36:10.157,0.83982,0.83991,1.88,1.88
2013.09.27 11:36:10.697,0.83981,0.8399,2.63,1.13
2013.09.27 11:36:11.117,0.83982,0.83989,1.50,1.88
2013.09.27 11:36:11.177,0.83982,0.83989,1.50,1.50
2013.09.27 11:36:11.237,0.8398,0.83988,2.25,1.88
2013.09.27 11:36:11.837,0.8398,0.83988,1.50,4.50
2013.09.27 11:36:12.377,0.83982,0.8399,1.50,2.25
2013.09.27 11:36:12.917,0.83982,0.8399,1.50,3.00
2013.09.27 11:36:15.388,0.83982,0.8399,1.50,2.25
2013.09.27 11:36:15.867,0.83983,0.83991,1.50,1.88
2013.09.27 11:36:16.888,0.83984,0.83992,1.13,1.88
2013.09.27 11:36:17.189,0.83985,0.83993,1.50,1.13
2013.09.27 11:36:19.449,0.83989,0.83995,1.50,1.50
2013.09.27 11:36:19.508,0.8399,0.83997,1.50,1.88
2013.09.27 11:36:20.639,0.83992,0.83998,1.50,1.50
2013.09.27 11:36:21.188,0.8399,0.83998,1.50,2.63
2013.09.27 11:36:21.438,0.83988,0.83996,1.13,1.50
2013.09.27 11:36:21.559,0.83986,0.83993,1.50,1.13
2013.09.27 11:36:21.797,0.83984,0.83992,3.00,1.50
2013.09.27 11:36:22.337,0.83984,0.83992,1.50,3.00
2013.09.27 11:36:22.877,0.83983,0.8399,1.50,1.13
2013.09.27 11:36:25.618,0.83983,0.8399,1.50,1.50
2013.09.27 11:36:29.218,0.83983,0.83991,1.88,2.25
2013.09.27 11:36:29.587,0.83984,0.83992,1.50,4.50
2013.09.27 11:36:30.138,0.83984,0.83991,1.50,1.13
2013.09.27 11:36:32.677,0.83985,0.83992,1.13,3.75
2013.09.27 11:36:33.217,0.83985,0.83992,1.13,2.25
2013.09.27 11:36:33.771,0.83984,0.83992,1.88,3.00
2013.09.27 11:36:35.228,0.83986,0.83992,1.13,1.50
2013.09.27 11:36:35.408,0.83987,0.83994,2.25,1.35
2013.09.27 11:36:35.648,0.83988,0.83995,2.25,1.88
2013.09.27 11:36:35.828,0.83989,0.83997,1.50,2.63
2013.09.27 11:36:36.189,0.83989,0.83997,2.63,1.88
2013.09.27 11:36:36.307,0.83989,0.83998,3.00,2.25
2013.09.27 11:36:36.608,0.83991,0.84002,1.13,3.38
2013.09.27 11:36:36.728,0.8399,0.83999,2.25,3.75
2013.09.27 11:36:36.788,0.83992,0.83999,1.50,1.88
2013.09.27 11:36:37.990,0.83993,0.84,1.50,3.00
2013.09.27 11:36:38.300,0.83992,0.84001,2.25,1.13
2013.09.27 11:36:38.844,0.83995,0.84002,1.13,1.88
2013.09.27 11:36:40.237,0.83995,0.84003,1.88,3.38
2013.09.27 11:36:40.359,0.83995,0.84003,1.88,1.50
2013.09.27 11:36:40.420,0.83996,0.84004,1.88,1.50
2013.09.27 11:36:40.608,0.83999,0.84005,2.85,1.13
2013.09.27 11:36:40.787,0.83999,0.84006,2.85,7.13
2013.09.27 11:36:41.333,0.84,0.84006,2.63,1.50
2013.09.27 11:36:41.738,0.84,0.84006,2.25,1.88
2013.09.27 11:36:42.109,0.84,0.84008,2.25,2.63
2013.09.27 11:36:42.409,0.84002,0.84009,1.13,1.50
2013.09.27 11:36:43.371,0.84002,0.84009,1.50,1.13
2013.09.27 11:36:43.907,0.84001,0.84009,1.50,1.13
2013.09.27 11:36:45.678,0.84001,0.84009,1.88,1.88
2013.09.27 11:36:48.878,0.84,0.84008,1.50,2.63
2013.09.27 11:36:49.781,0.83999,0.84006,1.13,1.50
2013.09.27 11:36:50.328,0.83999,0.84006,1.13,1.50
2013.09.27 11:36:50.687,0.83999,0.84006,1.13,1.50
2013.09.27 11:36:50.748,0.84001,0.84007,1.13,1.13
2013.09.27 11:36:50.807,0.84001,0.84007,1.13,1.13
2013.09.27 11:36:51.287,0.84002,0.84009,1.13,1.13
2013.09.27 11:36:51.827,0.84001,0.84009,3.00,1.50
2013.09.27 11:36:54.576,0.84002,0.84009,1.13,1.13
2013.09.27 11:36:56.549,0.84001,0.84009,3.38,1.13
2013.09.27 11:36:56.728,0.84001,0.84007,2.63,1.13
2013.09.27 11:36:57.087,0.83998,0.84005,1.50,2.25
2013.09.27 11:36:57.150,0.83997,0.84004,1.50,1.50
2013.09.27 11:36:57.630,0.83994,0.84002,2.25,2.63
2013.09.27 11:36:57.990,0.83992,0.84001,1.13,1.50
2013.09.27 11:36:58.169,0.83993,0.84002,1.50,4.13
2013.09.27 11:37:00.238,0.83993,0.84001,1.50,1.88
2013.09.27 11:37:00.357,0.83991,0.83999,1.50,2.25
2013.09.27 11:37:01.410,0.8399,0.83996,1.13,1.50
2013.09.27 11:37:02.307,0.8399,0.83998,1.88,3.38
2013.09.27 11:37:02.909,0.8399,0.83997,1.13,1.50
2013.09.27 11:37:08.357,0.8399,0.83997,1.13,1.50
2013.09.27 11:37:08.597,0.83991,0.83999,1.50,3.00
2013.09.27 11:37:09.137,0.83993,0.84,1.50,1.50
2013.09.27 11:37:11.187,0.83993,0.84,1.50,1.50
2013.09.27 11:37:12.828,0.83993,0.84001,3.38,1.50
2013.09.27 11:37:13.489,0.83994,0.84002,1.50,2.25
2013.09.27 11:37:14.810,0.83994,0.84002,2.25,1.50
2013.09.27 11:37:15.317,0.83994,0.84002,1.50,2.25
2013.09.27 11:37:16.646,0.83993,0.84002,2.63,1.50
2013.09.27 11:37:17.352,0.83993,0.84002,2.63,1.88
2013.09.27 11:37:17.919,0.83993,0.84001,2.63,1.13
2013.09.27 11:37:18.437,0.83993,0.84001,2.63,1.13
2013.09.27 11:37:21.909,0.83993,0.84001,1.88,1.88
2013.09.27 11:37:22.029,0.83993,0.83999,1.13,1.88
2013.09.27 11:37:22.149,0.83992,0.83998,1.50,1.13
2013.09.27 11:37:22.688,0.83991,0.83997,1.13,2.25
2013.09.27 11:37:23.348,0.83991,0.83998,1.13,1.50
2013.09.27 11:37:24.849,0.83989,0.83997,1.88,1.88
2013.09.27 11:37:25.388,0.83991,0.84,1.13,5.63
2013.09.27 11:37:27.693,0.83991,0.83999,1.88,1.50
2013.09.27 11:37:27.817,0.83991,0.83999,1.13,1.50
2013.09.27 11:37:28.418,0.83991,0.84,1.88,3.38
2013.09.27 11:37:33.157,0.83992,0.84,1.13,4.13
2013.09.27 11:37:33.917,0.83993,0.83998,1.13,1.13
2013.09.27 11:37:34.159,0.8399,0.83997,1.50,1.13
2013.09.27 11:37:34.339,0.83989,0.83996,1.13,1.13
2013.09.27 11:37:34.879,0.83989,0.83996,1.13,1.50
2013.09.27 11:37:35.418,0.83989,0.83996,1.13,1.13
2013.09.27 11:37:35.902,0.8399,0.83998,1.50,1.88
2013.09.27 11:37:36.448,0.8399,0.83997,1.50,1.13
2013.09.27 11:37:37.287,0.83989,0.83997,1.88,3.75
2013.09.27 11:37:37.468,0.83989,0.83996,1.13,1.13
2013.09.27 11:37:38.067,0.83989,0.83996,1.13,1.13
2013.09.27 11:37:39.374,0.83989,0.83996,1.13,1.88
2013.09.27 11:37:44.378,0.83989,0.83996,1.13,1.50
2013.09.27 11:37:44.502,0.83987,0.83995,1.50,3.00
2013.09.27 11:37:45.049,0.83984,0.83993,2.63,2.63
2013.09.27 11:37:45.589,0.83984,0.83993,1.88,3.38
2013.09.27 11:37:46.355,0.83984,0.83992,1.88,2.63
2013.09.27 11:37:48.858,0.83984,0.83992,1.88,3.00
2013.09.27 11:37:50.028,0.83985,0.83993,1.88,2.25
2013.09.27 11:37:50.569,0.83986,0.83994,1.50,3.00
2013.09.27 11:37:51.108,0.83985,0.83993,1.88,1.88
2013.09.27 11:37:51.467,0.83987,0.83995,1.50,3.38
2013.09.27 11:37:52.018,0.83987,0.83995,1.88,1.13
2013.09.27 11:37:52.557,0.83988,0.83996,1.88,1.88
2013.09.27 11:37:53.078,0.83988,0.83996,1.88,1.13
2013.09.27 11:37:53.617,0.83988,0.83996,1.88,1.13
2013.09.27 11:37:54.221,0.83989,0.83996,1.13,1.13
2013.09.27 11:37:54.767,0.83988,0.83996,1.88,1.88
2013.09.27 11:37:54.827,0.83988,0.83996,1.88,1.50
2013.09.27 11:37:55.389,0.83988,0.83995,1.50,1.88
2013.09.27 11:37:55.947,0.83988,0.83995,1.88,1.88
2013.09.27 11:37:56.367,0.83989,0.83996,1.13,1.88
2013.09.27 11:37:56.492,0.83989,0.83997,1.13,2.63
2013.09.27 11:37:56.677,0.83989,0.83996,1.13,1.13
2013.09.27 11:37:56.918,0.83989,0.83996,1.13,1.50
2013.09.27 11:37:57.218,0.83989,0.83996,1.13,1.13
2013.09.27 11:37:57.337,0.83989,0.83996,1.13,1.88
2013.09.27 11:37:57.698,0.83989,0.83996,1.13,1.13
2013.09.27 11:37:57.879,0.83989,0.83996,1.13,1.50
2013.09.27 11:37:58.417,0.83988,0.83995,1.50,1.88
2013.09.27 11:37:58.658,0.83988,0.83995,1.50,1.88
2013.09.27 11:37:59.551,0.83988,0.83996,1.50,1.13
2013.09.27 11:38:00.131,0.83988,0.83996,1.50,2.25
2013.09.27 11:38:00.968,0.83988,0.83996,1.50,2.25
2013.09.27 11:38:05.701,0.83988,0.83996,1.50,1.88
2013.09.27 11:38:06.057,0.83991,0.83998,1.13,1.50
2013.09.27 11:38:15.427,0.8399,0.83999,1.88,3.75
2013.09.27 11:38:15.968,0.83991,0.83999,1.50,2.25
2013.09.27 11:38:16.507,0.8399,0.83998,1.50,1.13
2013.09.27 11:38:19.210,0.8399,0.83999,1.88,3.75
2013.09.27 11:38:19.568,0.8399,0.83998,1.50,4.50
2013.09.27 11:38:21.337,0.83989,0.83998,2.25,4.13
2013.09.27 11:38:21.698,0.83991,0.83998,1.13,1.13
2013.09.27 11:38:22.239,0.83991,0.83998,1.88,1.13
2013.09.27 11:38:32.933,0.83992,0.83999,1.13,1.50
2013.09.27 11:38:33.478,0.83992,0.84,1.50,3.00
2013.09.27 11:38:34.097,0.83994,0.84001,1.13,1.50
2013.09.27 11:38:34.219,0.83995,0.84002,2.25,3.38
2013.09.27 11:38:34.638,0.83998,0.84004,1.13,1.13
2013.09.27 11:38:35.298,0.83998,0.84004,1.13,1.13
2013.09.27 11:38:35.539,0.83994,0.84001,1.50,1.13
2013.09.27 11:38:36.077,0.83994,0.84001,1.50,1.13
2013.09.27 11:38:36.859,0.83994,0.84001,1.50,1.13
2013.09.27 11:38:38.077,0.83994,0.84002,1.50,1.88
2013.09.27 11:38:38.608,0.83993,0.84002,2.25,3.00
2013.09.27 11:38:40.099,0.83994,0.84002,1.88,2.63
2013.09.27 11:38:40.638,0.83994,0.84001,1.88,1.13
2013.09.27 11:38:43.008,0.83994,0.84002,2.25,3.00
2013.09.27 11:38:47.117,0.83993,0.84001,1.50,1.13
2013.09.27 11:38:47.661,0.83994,0.84001,1.13,1.13
2013.09.27 11:38:48.910,0.83994,0.84001,1.13,1.13
2013.09.27 11:38:49.450,0.83992,0.84,1.88,1.13
2013.09.27 11:38:51.648,0.83994,0.84001,1.13,1.13
2013.09.27 11:38:52.378,0.83992,0.84,3.00,1.13
2013.09.27 11:38:52.920,0.83992,0.84,1.88,1.13
2013.09.27 11:38:53.687,0.83992,0.84,2.63,1.50
2013.09.27 11:38:54.393,0.83992,0.84,1.88,1.50
2013.09.27 11:38:57.174,0.83992,0.83999,1.50,1.50
2013.09.27 11:38:57.718,0.83991,0.83998,1.50,1.13
2013.09.27 11:38:58.258,0.83992,0.83999,1.50,1.13
2013.09.27 11:38:58.799,0.83991,0.83999,1.50,1.50
2013.09.27 11:39:00.618,0.83991,0.84,2.25,1.13
2013.09.27 11:39:00.678,0.83992,0.84,1.50,1.13
2013.09.27 11:39:00.799,0.83992,0.83999,1.50,1.13
2013.09.27 11:39:02.197,0.83991,0.83999,2.25,1.50
2013.09.27 11:39:02.439,0.83991,0.83999,2.25,2.25
2013.09.27 11:39:02.678,0.83991,0.83999,2.63,1.13
2013.09.27 11:39:02.977,0.83992,0.84,2.25,1.88
2013.09.27 11:39:05.808,0.83993,0.84001,1.50,1.50
2013.09.27 11:39:06.347,0.83994,0.84002,2.25,1.88
2013.09.27 11:39:06.708,0.83994,0.84003,2.63,2.63
2013.09.27 11:39:06.827,0.83995,0.84004,2.25,2.63
2013.09.27 11:39:07.393,0.83996,0.84004,3.00,1.50
2013.09.27 11:39:10.267,0.83996,0.84004,3.00,1.50
2013.09.27 11:39:10.630,0.83993,0.84002,3.00,1.50
2013.09.27 11:39:11.183,0.83995,0.84002,1.50,1.13
2013.09.27 11:39:12.658,0.83993,0.84002,2.63,2.25
2013.09.27 11:39:12.959,0.83993,0.84002,1.50,3.00
2013.09.27 11:39:14.580,0.83994,0.84002,1.13,1.88
2013.09.27 11:39:15.118,0.83994,0.84003,1.13,1.88
2013.09.27 11:39:15.659,0.83994,0.84002,1.88,1.13
2013.09.27 11:39:16.018,0.83994,0.84002,1.50,1.88
2013.09.27 11:39:16.198,0.83994,0.84002,1.88,1.50
2013.09.27 11:39:17.327,0.83994,0.84002,1.88,1.13
2013.09.27 11:39:17.880,0.83994,0.84003,1.88,2.63
2013.09.27 11:39:18.537,0.83994,0.84003,1.88,3.38
2013.09.27 11:39:22.081,0.83994,0.84003,1.88,2.63
2013.09.27 11:39:22.499,0.83994,0.84003,2.25,2.25
2013.09.27 11:39:23.448,0.83994,0.84002,1.50,2.25
2013.09.27 11:39:23.807,0.83994,0.84001,1.50,1.50
2013.09.27 11:39:24.287,0.83992,0.84001,2.25,2.25
2013.09.27 11:39:25.878,0.83994,0.84001,1.13,1.88
2013.09.27 11:39:26.417,0.83994,0.84002,1.88,1.88
2013.09.27 11:39:28.009,0.83994,0.84002,1.88,1.13
2013.09.27 11:39:29.729,0.83994,0.84002,1.50,1.50
2013.09.27 11:39:30.088,0.83995,0.84002,1.88,1.13
2013.09.27 11:39:30.660,0.83995,0.84004,2.63,3.38
2013.09.27 11:39:31.848,0.83995,0.84003,2.25,1.13
2013.09.27 11:39:36.338,0.83995,0.84003,1.50,3.38
2013.09.27 11:39:39.871,0.83995,0.84003,1.88,3.38
2013.09.27 11:39:40.397,0.83995,0.84003,2.25,2.25
2013.09.27 11:39:40.969,0.83994,0.84001,1.13,1.50
2013.09.27 11:39:41.658,0.83995,0.84002,1.13,1.50
2013.09.27 11:39:41.778,0.83997,0.84004,1.88,3.75
2013.09.27 11:39:41.958,0.83996,0.84004,1.35,2.25
2013.09.27 11:39:42.498,0.83996,0.84005,2.85,2.63
2013.09.27 11:39:43.038,0.83997,0.84005,1.50,1.50
2013.09.27 11:39:43.728,0.83997,0.84005,1.13,1.13
2013.09.27 11:39:43.849,0.83998,0.84006,1.50,1.50
2013.09.27 11:39:44.148,0.83998,0.84006,1.50,1.13
2013.09.27 11:39:44.807,0.83997,0.84006,1.13,2.25
2013.09.27 11:39:44.928,0.83997,0.84004,1.13,2.63
2013.09.27 11:39:45.107,0.83995,0.84004,1.50,4.13
2013.09.27 11:39:46.358,0.83995,0.84003,1.13,1.50
2013.09.27 11:39:46.538,0.83994,0.84003,1.50,2.25
2013.09.27 11:39:46.898,0.83993,0.84002,1.13,2.25
2013.09.27 11:39:48.369,0.83993,0.84002,1.13,2.25
2013.09.27 11:39:48.558,0.83992,0.84001,2.25,1.13
2013.09.27 11:39:50.068,0.83991,0.84,1.50,2.25
2013.09.27 11:39:50.619,0.83991,0.83999,1.13,1.50
2013.09.27 11:39:51.899,0.83991,0.84,2.48,3.38
2013.09.27 11:39:52.438,0.83993,0.84,1.13,2.63
2013.09.27 11:39:54.609,0.83991,0.84,1.50,2.63
2013.09.27 11:39:54.728,0.8399,0.83999,3.00,1.13
2013.09.27 11:39:54.969,0.83991,0.83999,1.50,1.13
2013.09.27 11:39:55.208,0.8399,0.83999,2.25,1.88
2013.09.27 11:39:56.000,0.8399,0.83999,1.50,1.88
2013.09.27 11:39:56.539,0.8399,0.83998,1.88,1.50
2013.09.27 11:39:56.659,0.8399,0.83998,1.13,2.25
2013.09.27 11:39:57.079,0.8399,0.83998,1.13,2.25
2013.09.27 11:40:02.128,0.83991,0.83999,1.13,1.50
2013.09.27 11:40:02.518,0.8399,0.83999,1.88,1.50
2013.09.27 11:40:02.877,0.83988,0.83996,1.50,3.75
2013.09.27 11:40:04.692,0.83988,0.83995,1.50,1.50
2013.09.27 11:40:05.767,0.83987,0.83996,1.88,1.50
2013.09.27 11:40:06.082,0.83986,0.83993,1.50,1.50
2013.09.27 11:40:06.628,0.83985,0.83992,1.88,1.13
2013.09.27 11:40:07.418,0.83985,0.83992,1.88,1.13
2013.09.27 11:40:11.249,0.83985,0.83993,1.13,1.50
2013.09.27 11:40:12.939,0.83985,0.83993,1.13,1.50
2013.09.27 11:40:13.299,0.83987,0.83995,1.88,2.25
2013.09.27 11:40:13.838,0.83988,0.83996,1.50,2.25
2013.09.27 11:40:14.344,0.83989,0.83995,1.13,1.50
2013.09.27 11:40:15.207,0.83989,0.83996,1.13,2.25
2013.09.27 11:40:15.741,0.83987,0.83994,3.38,1.13
2013.09.27 11:40:15.801,0.83987,0.83994,2.63,1.88
2013.09.27 11:40:16.348,0.83985,0.83992,2.25,1.50
2013.09.27 11:40:16.588,0.83984,0.83992,1.50,1.50
2013.09.27 11:40:18.108,0.83984,0.83992,1.50,1.50
2013.09.27 11:40:18.741,0.83984,0.83993,2.25,1.50
2013.09.27 11:40:19.267,0.83984,0.83992,1.88,1.88
2013.09.27 11:40:20.220,0.83985,0.83993,1.50,1.50
2013.09.27 11:40:21.860,0.83984,0.83991,1.88,1.50
2013.09.27 11:40:23.338,0.83983,0.83991,2.63,1.50
2013.09.27 11:40:28.998,0.83983,0.83991,2.25,1.88
2013.09.27 11:40:29.120,0.83983,0.83991,2.63,1.50
2013.09.27 11:40:29.658,0.83982,0.83991,2.63,1.50
2013.09.27 11:40:35.536,0.83983,0.83991,1.88,1.50
2013.09.27 11:40:36.131,0.83984,0.83992,1.13,1.50
2013.09.27 11:40:36.686,0.83984,0.83992,2.63,1.13
2013.09.27 11:40:37.758,0.83984,0.83992,1.50,1.13
2013.09.27 11:40:39.621,0.83984,0.83992,1.50,1.50
2013.09.27 11:40:40.129,0.83982,0.8399,3.00,1.13
2013.09.27 11:40:40.901,0.83984,0.83992,1.50,1.13
2013.09.27 11:40:40.969,0.83985,0.83994,1.13,5.10
2013.09.27 11:40:41.090,0.83988,0.83994,1.13,2.25
2013.09.27 11:40:41.628,0.83988,0.83995,1.13,1.50
2013.09.27 11:40:42.157,0.83988,0.83995,1.13,1.50
2013.09.27 11:40:43.572,0.83988,0.83996,1.88,1.50
2013.09.27 11:40:43.760,0.83989,0.83997,1.13,2.25
2013.09.27 11:40:44.268,0.83988,0.83997,1.88,2.25
2013.09.27 11:40:47.530,0.83988,0.83996,1.88,2.25
2013.09.27 11:40:48.068,0.83987,0.83993,1.13,1.50
2013.09.27 11:40:48.859,0.83987,0.83995,2.63,2.25
2013.09.27 11:40:49.728,0.83988,0.83995,1.13,1.50
2013.09.27 11:40:52.707,0.83988,0.83997,1.88,3.00
2013.09.27 11:40:53.008,0.83988,0.83996,2.63,1.50
2013.09.27 11:40:53.548,0.83987,0.83996,3.00,1.50
2013.09.27 11:40:54.091,0.83988,0.83996,2.63,1.50
2013.09.27 11:40:54.878,0.83988,0.83996,2.63,1.50
2013.09.27 11:40:56.968,0.83988,0.83996,3.38,1.50
2013.09.27 11:40:57.368,0.83991,0.83996,1.13,1.50
2013.09.27 11:40:57.547,0.83991,0.83999,3.00,1.50
2013.09.27 11:40:57.607,0.83991,0.84,3.75,2.63
2013.09.27 11:40:58.148,0.83993,0.84001,1.50,2.25
2013.09.27 11:40:58.492,0.83993,0.84001,1.88,1.50
2013.09.27 11:40:58.999,0.83992,0.83999,1.50,1.50
2013.09.27 11:40:59.480,0.83993,0.84,1.50,1.13
2013.09.27 11:40:59.718,0.83997,0.84004,1.13,1.50
2013.09.27 11:41:00.268,0.83998,0.84005,1.13,1.88
2013.09.27 11:41:01.554,0.83998,0.84006,2.25,2.25
2013.09.27 11:41:02.541,0.83998,0.84005,1.88,1.13
2013.09.27 11:41:03.092,0.83998,0.84005,1.88,1.13
2013.09.27 11:41:04.708,0.83998,0.84005,1.13,1.88
2013.09.27 11:41:08.478,0.83998,0.84005,1.13,1.50
2013.09.27 11:41:08.717,0.83995,0.84002,3.00,1.13
2013.09.27 11:41:08.838,0.83994,0.84001,2.63,1.50
2013.09.27 11:41:09.200,0.83995,0.84004,1.13,1.50
2013.09.27 11:41:09.737,0.83996,0.84005,1.50,1.88
2013.09.27 11:41:14.190,0.83994,0.84002,1.88,1.50
2013.09.27 11:41:15.548,0.83995,0.84004,1.13,3.00
2013.09.27 11:41:16.097,0.83995,0.84004,1.88,2.25
2013.09.27 11:41:16.638,0.83998,0.84004,1.13,1.50
2013.09.27 11:41:17.758,0.83995,0.84004,3.38,1.50
2013.09.27 11:41:18.309,0.83995,0.84003,1.88,2.25
2013.09.27 11:41:18.889,0.83995,0.84003,1.88,2.25
2013.09.27 11:41:20.147,0.83998,0.84005,1.13,1.50
2013.09.27 11:41:20.507,0.83998,0.84006,1.13,2.25
2013.09.27 11:41:21.438,0.83998,0.84006,2.48,1.50
2013.09.27 11:41:21.621,0.83999,0.84008,1.50,1.88
2013.09.27 11:41:21.978,0.83999,0.84007,1.13,1.50
2013.09.27 11:41:22.338,0.83997,0.84005,1.50,1.50
2013.09.27 11:41:22.878,0.83998,0.84005,1.13,1.50
2013.09.27 11:41:24.766,0.83998,0.84005,1.13,1.50
2013.09.27 11:41:24.900,0.83995,0.84005,3.00,1.88
2013.09.27 11:41:25.630,0.83995,0.84002,1.13,1.50
2013.09.27 11:41:26.168,0.83995,0.84001,1.13,1.50
2013.09.27 11:41:26.949,0.83995,0.84001,1.13,1.50
2013.09.27 11:41:30.223,0.83995,0.84002,1.13,1.50
2013.09.27 11:41:30.881,0.83995,0.84003,1.13,1.50
2013.09.27 11:41:32.758,0.83993,0.84002,1.50,1.13
2013.09.27 11:41:47.538,0.83995,0.84001,1.50,1.50
2013.09.27 11:41:47.601,0.83995,0.84002,1.13,1.88
2013.09.27 11:41:48.148,0.83994,0.84004,4.73,1.50
2013.09.27 11:41:54.409,0.83995,0.84003,1.13,1.50
2013.09.27 11:41:57.437,0.83994,0.84002,1.88,2.25
2013.09.27 11:41:58.187,0.83993,0.84002,1.88,2.63
2013.09.27 11:41:59.842,0.83993,0.84001,1.13,2.25
2013.09.27 11:42:00.152,0.83991,0.83998,2.25,1.50
2013.09.27 11:42:00.280,0.83988,0.83997,2.63,1.88
2013.09.27 11:42:00.858,0.83989,0.83997,1.13,2.25
2013.09.27 11:42:03.907,0.83989,0.83997,1.13,2.25
2013.09.27 11:42:06.928,0.83988,0.83997,1.13,2.25
2013.09.27 11:42:10.149,0.83989,0.83997,1.13,1.50
2013.09.27 11:42:10.688,0.83989,0.83998,1.13,1.50
2013.09.27 11:42:11.407,0.83989,0.83997,1.13,2.25
2013.09.27 11:42:12.081,0.83989,0.83997,1.13,1.50
2013.09.27 11:42:12.150,0.83988,0.83997,2.25,2.25
2013.09.27 11:42:12.510,0.83987,0.83995,3.75,1.88
2013.09.27 11:42:13.306,0.83985,0.83993,1.50,1.50
2013.09.27 11:42:13.498,0.83984,0.83993,4.13,1.50
2013.09.27 11:42:17.575,0.83985,0.83993,1.50,2.25
2013.09.27 11:42:17.640,0.83985,0.83993,2.25,1.50
2013.09.27 11:42:20.588,0.83986,0.83994,1.13,1.13
2013.09.27 11:42:30.090,0.83986,0.83994,5.10,1.13
2013.09.27 11:42:30.212,0.83987,0.83995,1.88,1.50
2013.09.27 11:42:31.428,0.83987,0.83995,3.38,1.50
2013.09.27 11:42:32.568,0.83989,0.83997,1.13,1.50
2013.09.27 11:42:33.088,0.83989,0.83998,1.88,2.25
2013.09.27 11:42:33.608,0.8399,0.83998,1.50,1.50
2013.09.27 11:42:39.959,0.83991,0.83999,3.98,2.25
2013.09.27 11:42:40.018,0.83992,0.83999,1.88,1.50
2013.09.27 11:42:40.079,0.83992,0.84001,1.88,2.25
2013.09.27 11:42:40.618,0.83994,0.84002,1.50,2.25
2013.09.27 11:42:42.527,0.83994,0.84001,1.50,1.50
2013.09.27 11:42:44.588,0.83994,0.84002,3.00,1.50
2013.09.27 11:42:45.288,0.83994,0.84003,3.00,1.50
2013.09.27 11:42:45.409,0.83998,0.84004,1.50,2.25
2013.09.27 11:42:45.957,0.83997,0.84004,1.13,1.50
2013.09.27 11:42:48.949,0.83997,0.84004,1.13,1.50
2013.09.27 11:42:49.526,0.83996,0.84004,3.75,1.88
2013.09.27 11:42:50.069,0.83996,0.84004,4.13,1.50
2013.09.27 11:42:51.308,0.83997,0.84006,1.88,1.50
2013.09.27 11:42:51.669,0.83999,0.84008,1.13,2.63
2013.09.27 11:42:52.030,0.84002,0.84009,2.25,1.88
2013.09.27 11:42:52.209,0.84001,0.84009,2.25,3.38
2013.09.27 11:42:52.722,0.84,0.84009,1.50,3.38
2013.09.27 11:42:53.649,0.84,0.84009,1.50,1.13
2013.09.27 11:42:59.938,0.84002,0.8401,2.85,1.02
2013.09.27 11:43:00.491,0.84002,0.8401,2.48,1.02
2013.09.27 11:43:01.827,0.84002,0.8401,3.60,1.02
2013.09.27 11:43:02.068,0.84004,0.84012,1.50,2.63
2013.09.27 11:43:03.368,0.84007,0.84012,1.13,1.50
2013.09.27 11:43:03.908,0.84007,0.84013,1.88,1.50
2013.09.27 11:43:04.208,0.84005,0.84013,3.75,1.50
2013.09.27 11:43:05.439,0.84004,0.84012,2.63,1.50
2013.09.27 11:43:05.619,0.84003,0.84011,3.75,1.50
2013.09.27 11:43:06.198,0.84003,0.84011,1.88,1.50
2013.09.27 11:43:06.829,0.84003,0.84011,1.88,1.50
2013.09.27 11:43:08.619,0.84003,0.84011,1.88,1.50
2013.09.27 11:43:09.710,0.84003,0.84011,1.88,1.50
2013.09.27 11:43:13.338,0.84004,0.84012,1.88,2.63
2013.09.27 11:43:13.879,0.84005,0.84013,1.88,1.50
2013.09.27 11:43:14.118,0.84007,0.84014,1.13,1.13
2013.09.27 11:43:14.358,0.84007,0.84015,3.00,1.50
2013.09.27 11:43:14.539,0.84008,0.84017,1.50,2.63
2013.09.27 11:43:15.078,0.84009,0.84018,1.88,2.25
2013.09.27 11:43:16.659,0.8401,0.84018,1.50,1.88
2013.09.27 11:43:17.200,0.8401,0.84019,1.50,3.38
2013.09.27 11:43:17.739,0.84009,0.84018,1.88,1.50
2013.09.27 11:43:18.399,0.84009,0.84018,1.88,3.75
2013.09.27 11:43:19.178,0.84009,0.84018,3.75,1.88
2013.09.27 11:43:19.358,0.8401,0.84018,1.13,1.50
2013.09.27 11:43:19.898,0.8401,0.84019,3.38,1.13
2013.09.27 11:43:20.439,0.84011,0.8402,1.50,3.00
2013.09.27 11:43:21.258,0.8401,0.84019,1.50,1.88
2013.09.27 11:43:26.289,0.84012,0.8402,1.13,2.63
2013.09.27 11:43:26.360,0.84012,0.8402,2.63,1.13
2013.09.27 11:43:27.350,0.84013,0.84021,1.50,1.50
2013.09.27 11:43:28.128,0.84013,0.84022,1.88,2.63
2013.09.27 11:43:32.686,0.84013,0.84021,1.88,2.25
2013.09.27 11:43:33.676,0.84013,0.84021,1.13,2.25
2013.09.27 11:43:35.350,0.84015,0.84023,1.50,2.25
2013.09.27 11:43:35.893,0.84015,0.84022,1.50,1.88
2013.09.27 11:43:36.888,0.84015,0.84022,1.50,1.88
2013.09.27 11:43:39.338,0.84015,0.84023,1.50,2.25
2013.09.27 11:43:40.058,0.84015,0.84024,1.50,3.38
2013.09.27 11:43:40.748,0.84015,0.84023,1.50,1.88
2013.09.27 11:43:58.458,0.84014,0.84022,1.13,1.50
2013.09.27 11:43:59.427,0.84012,0.84021,6.23,1.50
2013.09.27 11:44:02.068,0.84013,0.84021,1.13,1.50
2013.09.27 11:44:07.310,0.84012,0.84021,3.75,1.88
2013.09.27 11:44:07.550,0.8401,0.84018,2.35,1.50
2013.09.27 11:44:07.731,0.84009,0.84017,1.50,1.88
2013.09.27 11:44:08.309,0.84009,0.84017,1.13,3.00
2013.09.27 11:44:08.848,0.84009,0.84017,1.13,2.25
2013.09.27 11:44:12.488,0.84008,0.84017,1.50,2.63
2013.09.27 11:44:15.175,0.84008,0.84017,1.50,3.38
2013.09.27 11:44:15.698,0.84008,0.84015,1.50,1.50
2013.09.27 11:44:16.538,0.84008,0.84015,1.50,1.50
2013.09.27 11:44:18.608,0.84007,0.84016,1.88,3.00
2013.09.27 11:44:22.286,0.84007,0.84016,1.88,2.25
2013.09.27 11:44:22.468,0.84008,0.84016,2.63,1.50
2013.09.27 11:44:22.656,0.84009,0.84015,1.13,1.13
2013.09.27 11:44:23.198,0.84009,0.84016,2.25,1.50
2013.09.27 11:44:27.108,0.8401,0.84017,2.25,1.88
2013.09.27 11:44:27.348,0.84013,0.8402,2.25,3.00
2013.09.27 11:44:27.468,0.84013,0.84019,1.50,1.50
2013.09.27 11:44:27.709,0.84015,0.84024,1.13,1.88
2013.09.27 11:44:27.828,0.84017,0.84024,1.50,1.50
2013.09.27 11:44:28.009,0.84018,0.84025,1.50,1.50
2013.09.27 11:44:31.939,0.84019,0.84026,1.13,2.16
2013.09.27 11:44:32.057,0.8402,0.84028,1.13,2.25
2013.09.27 11:44:32.752,0.8402,0.84029,1.88,3.75
2013.09.27 11:44:40.135,0.84021,0.84029,1.50,2.25
2013.09.27 11:44:41.348,0.84021,0.84029,1.50,3.00
2013.09.27 11:44:42.349,0.84023,0.84029,1.13,3.75
2013.09.27 11:44:42.468,0.84023,0.8403,1.88,3.00
2013.09.27 11:44:43.778,0.84023,0.8403,1.50,3.38
2013.09.27 11:44:44.320,0.84022,0.8403,1.13,2.25
2013.09.27 11:44:44.439,0.84022,0.84029,1.13,1.50
2013.09.27 11:44:45.420,0.8402,0.84029,1.13,2.63
2013.09.27 11:44:45.878,0.8402,0.84029,1.88,1.88
2013.09.27 11:44:47.598,0.84022,0.84029,1.88,1.13
2013.09.27 11:44:48.148,0.84022,0.8403,3.38,1.50
2013.09.27 11:44:49.188,0.84022,0.8403,2.25,1.88
2013.09.27 11:44:50.029,0.84021,0.8403,1.50,7.13
2013.09.27 11:44:50.394,0.8402,0.84028,1.13,3.00
2013.09.27 11:44:50.939,0.8402,0.84028,3.60,4.13
2013.09.27 11:44:51.358,0.8402,0.84027,4.35,1.50
2013.09.27 11:44:53.328,0.8402,0.84027,2.25,1.50
2013.09.27 11:44:53.988,0.84018,0.84026,2.25,1.13
2013.09.27 11:44:54.528,0.84018,0.84025,1.50,1.88
2013.09.27 11:44:54.710,0.84015,0.84023,3.38,1.88
2013.09.27 11:44:55.008,0.84013,0.84022,2.63,1.50
2013.09.27 11:44:55.559,0.84013,0.84022,1.13,3.38
2013.09.27 11:44:56.108,0.84012,0.8402,1.13,2.25
2013.09.27 11:44:56.408,0.84012,0.8402,1.13,2.25
2013.09.27 11:44:56.768,0.84011,0.8402,1.88,3.38
2013.09.27 11:44:57.389,0.84011,0.8402,1.13,4.13
2013.09.27 11:45:01.508,0.84011,0.84019,1.88,1.50
2013.09.27 11:45:01.628,0.84011,0.84019,1.88,2.25
2013.09.27 11:45:04.054,0.84011,0.84018,1.50,1.13
2013.09.27 11:45:04.419,0.84012,0.84018,2.63,3.00
2013.09.27 11:45:05.071,0.84012,0.84018,1.13,2.25
2013.09.27 11:45:08.288,0.84012,0.84019,1.13,1.13
2013.09.27 11:45:10.338,0.84011,0.84019,2.25,2.25
2013.09.27 11:45:10.522,0.84012,0.84019,1.13,2.25
2013.09.27 11:45:11.068,0.8401,0.84018,1.13,2.25
2013.09.27 11:45:11.938,0.84008,0.84017,2.63,1.88
2013.09.27 11:45:13.688,0.8401,0.84017,1.13,1.13
2013.09.27 11:45:13.868,0.84008,0.84016,1.88,2.25
2013.09.27 11:45:14.168,0.84008,0.84016,1.88,2.25
2013.09.27 11:45:14.228,0.84008,0.84016,1.88,2.25
2013.09.27 11:45:14.570,0.84008,0.84016,1.88,2.25
2013.09.27 11:45:15.128,0.84008,0.84016,1.13,3.00
2013.09.27 11:45:19.941,0.84008,0.84016,1.13,1.50
2013.09.27 11:45:20.121,0.84008,0.84017,1.13,4.88
2013.09.27 11:45:20.488,0.84009,0.84017,1.13,3.38
2013.09.27 11:45:20.668,0.8401,0.84017,1.13,3.38
2013.09.27 11:45:22.638,0.84009,0.84017,1.50,2.63
2013.09.27 11:45:22.698,0.84011,0.84017,1.13,2.63
2013.09.27 11:45:22.878,0.84009,0.84017,1.50,2.63
2013.09.27 11:45:33.859,0.84008,0.84017,1.50,3.38
2013.09.27 11:45:34.160,0.8401,0.84017,2.63,2.63
2013.09.27 11:45:34.220,0.8401,0.84017,2.25,2.63
2013.09.27 11:45:34.280,0.8401,0.84017,1.88,2.63
2013.09.27 11:45:34.401,0.8401,0.84017,1.50,2.63
2013.09.27 11:45:34.459,0.8401,0.84017,1.50,2.25
2013.09.27 11:45:34.788,0.8401,0.84017,1.50,3.00
2013.09.27 11:45:35.309,0.8401,0.84017,1.50,3.00
2013.09.27 11:45:35.870,0.8401,0.84017,1.50,3.00
2013.09.27 11:45:36.291,0.84008,0.84016,2.25,3.00
2013.09.27 11:45:36.589,0.84009,0.84016,1.88,1.50
2013.09.27 11:45:37.128,0.84008,0.84016,1.88,4.50
2013.09.27 11:45:37.669,0.84007,0.84016,1.13,3.75
2013.09.27 11:45:38.405,0.84007,0.84016,1.13,3.75
2013.09.27 11:45:46.459,0.84006,0.84014,2.25,1.13
2013.09.27 11:45:46.998,0.84005,0.84013,1.88,2.25
2013.09.27 11:45:48.728,0.84005,0.84013,2.25,1.88
2013.09.27 11:45:56.929,0.84005,0.84013,3.00,1.88
2013.09.27 11:45:57.538,0.84005,0.84013,1.50,2.63
2013.09.27 11:45:58.698,0.84005,0.84013,1.88,2.25
2013.09.27 11:45:59.242,0.84005,0.84013,1.13,3.00
2013.09.27 11:46:00.159,0.84004,0.84013,2.25,3.00
2013.09.27 11:46:00.278,0.84005,0.84013,1.13,3.00
2013.09.27 11:46:00.638,0.84004,0.84011,4.88,1.13
2013.09.27 11:46:01.270,0.84004,0.84011,4.50,2.25
2013.09.27 11:46:01.945,0.84005,0.84011,1.13,1.50
2013.09.27 11:46:02.710,0.84004,0.84011,4.50,1.13
2013.09.27 11:46:04.509,0.84007,0.84012,1.13,2.10
2013.09.27 11:46:04.650,0.84004,0.84011,6.75,1.13
2013.09.27 11:46:04.768,0.84005,0.84012,1.13,2.10
2013.09.27 11:46:08.178,0.84005,0.84012,1.13,1.50
2013.09.27 11:46:08.559,0.84004,0.84011,4.88,1.50
2013.09.27 11:46:08.678,0.84002,0.84009,1.88,1.50
2013.09.27 11:46:08.858,0.84001,0.8401,2.63,1.88
2013.09.27 11:46:11.988,0.84002,0.84009,1.13,2.25
2013.09.27 11:46:12.288,0.84004,0.84011,3.75,1.13
2013.09.27 11:46:12.468,0.84002,0.8401,5.25,1.13
2013.09.27 11:46:12.648,0.84004,0.84011,3.75,1.13
2013.09.27 11:46:16.365,0.84004,0.84012,3.75,1.50
2013.09.27 11:46:16.909,0.84004,0.84013,7.50,1.88
2013.09.27 11:46:20.085,0.84009,0.84015,1.50,2.25
2013.09.27 11:46:20.210,0.84008,0.84015,2.63,1.88
2013.09.27 11:46:20.628,0.84007,0.84014,2.25,1.13
2013.09.27 11:46:23.409,0.84006,0.84014,2.25,1.73
2013.09.27 11:46:28.208,0.84006,0.84014,1.50,2.63
2013.09.27 11:46:34.210,0.84006,0.84014,1.50,2.85
2013.09.27 11:46:34.269,0.84006,0.84014,1.50,3.60
2013.09.27 11:46:34.328,0.84006,0.84014,1.50,3.98
2013.09.27 11:46:34.572,0.84006,0.84014,1.50,3.60
2013.09.27 11:46:34.818,0.84006,0.84014,1.50,3.60
2013.09.27 11:46:36.586,0.84006,0.84014,1.50,3.60
2013.09.27 11:46:36.652,0.84006,0.84014,1.50,3.98
2013.09.27 11:46:37.168,0.84006,0.84014,1.88,3.00
2013.09.27 11:46:39.118,0.84007,0.84014,1.50,1.88
2013.09.27 11:46:39.358,0.84007,0.84014,1.50,1.50
2013.09.27 11:46:39.869,0.84007,0.84015,1.50,2.25
2013.09.27 11:46:42.778,0.84006,0.84015,1.50,4.13
2013.09.27 11:46:43.078,0.84008,0.84014,1.13,1.50
2013.09.27 11:46:43.380,0.84007,0.84013,1.50,1.13
2013.09.27 11:46:49.971,0.84007,0.84013,1.13,1.50
2013.09.27 11:46:50.211,0.84009,0.84014,1.13,2.63
2013.09.27 11:46:50.749,0.84009,0.84016,1.13,3.75
2013.09.27 11:46:51.290,0.84009,0.84015,1.88,1.50
2013.09.27 11:46:52.023,0.84009,0.84015,1.13,1.50
2013.09.27 11:46:52.329,0.84007,0.84015,1.50,1.88
2013.09.27 11:46:52.568,0.84009,0.84015,1.88,1.50
2013.09.27 11:46:53.109,0.8401,0.84016,1.50,2.25
2013.09.27 11:46:54.723,0.84009,0.84016,1.50,4.13
2013.09.27 11:46:55.226,0.84008,0.84016,3.00,3.38
2013.09.27 11:46:55.689,0.84008,0.84015,3.38,1.13
2013.09.27 11:46:58.829,0.84008,0.84015,1.50,3.75
2013.09.27 11:46:58.949,0.84009,0.84015,1.13,3.38
2013.09.27 11:46:59.189,0.84007,0.84014,1.50,1.13
2013.09.27 11:46:59.738,0.84006,0.84014,3.00,1.13
2013.09.27 11:47:06.231,0.84004,0.84013,8.25,2.85
2013.09.27 11:47:06.789,0.84005,0.84013,1.50,2.85
2013.09.27 11:47:07.979,0.84006,0.84013,1.13,1.35
2013.09.27 11:47:08.099,0.84006,0.84013,1.13,1.35
2013.09.27 11:47:08.638,0.84006,0.84013,2.25,1.13
2013.09.27 11:47:17.288,0.84006,0.84013,1.50,1.13
2013.09.27 11:47:31.729,0.84005,0.84013,1.50,1.50
2013.09.27 11:47:34.699,0.84007,0.84014,1.50,2.63
2013.09.27 11:47:35.238,0.84007,0.84014,2.25,1.13
2013.09.27 11:47:36.288,0.84006,0.84012,1.50,1.13
2013.09.27 11:47:36.839,0.84004,0.84012,2.25,1.88
2013.09.27 11:47:37.380,0.84005,0.84012,1.50,2.63
2013.09.27 11:47:43.208,0.84005,0.84012,1.50,1.50
2013.09.27 11:47:43.719,0.84005,0.84013,1.50,3.00
2013.09.27 11:47:47.159,0.84005,0.84012,1.50,1.88
2013.09.27 11:47:49.589,0.84004,0.84012,1.50,3.38
2013.09.27 11:47:50.128,0.84003,0.8401,1.50,1.50
2013.09.27 11:47:50.668,0.84003,0.8401,1.88,1.50
2013.09.27 11:47:51.814,0.84003,0.8401,1.13,2.25
2013.09.27 11:47:52.719,0.84003,0.84011,1.13,3.00
2013.09.27 11:47:53.300,0.84002,0.84011,3.38,3.00
2013.09.27 11:47:53.361,0.84003,0.84011,1.50,2.25
2013.09.27 11:47:53.669,0.84006,0.84012,1.50,1.13
2013.09.27 11:47:54.029,0.84004,0.84012,2.25,2.25
2013.09.27 11:47:54.568,0.84003,0.84011,1.88,2.25
2013.09.27 11:47:58.828,0.84003,0.84011,1.88,1.50
2013.09.27 11:47:58.890,0.84003,0.84011,1.13,1.50
2013.09.27 11:47:59.308,0.84007,0.84014,1.50,1.50
2013.09.27 11:47:59.848,0.84007,0.84015,2.25,4.50
2013.09.27 11:48:00.388,0.84007,0.84015,2.25,4.50
2013.09.27 11:48:00.448,0.84007,0.84015,2.25,4.50
2013.09.27 11:48:02.191,0.84007,0.84015,2.25,6.00
2013.09.27 11:48:02.492,0.84005,0.84013,1.88,1.50
2013.09.27 11:48:03.041,0.84005,0.84013,1.88,2.25
2013.09.27 11:48:03.159,0.84005,0.84013,1.50,1.88
2013.09.27 11:48:04.410,0.84007,0.84014,1.50,2.25
2013.09.27 11:48:05.478,0.84007,0.84014,1.50,1.50
2013.09.27 11:48:06.021,0.84006,0.84014,1.50,1.88
2013.09.27 11:48:06.150,0.84007,0.84014,1.50,1.13
2013.09.27 11:48:06.209,0.84007,0.84014,1.50,1.50
2013.09.27 11:48:06.270,0.84004,0.84012,1.50,1.13
2013.09.27 11:48:06.449,0.84003,0.84011,3.00,1.50
2013.09.27 11:48:06.988,0.84004,0.84012,1.50,2.63
2013.09.27 11:48:07.549,0.84004,0.84012,1.50,1.88
2013.09.27 11:48:07.672,0.84004,0.84012,1.13,1.50
2013.09.27 11:48:08.099,0.84005,0.84012,1.13,1.50
2013.09.27 11:48:08.280,0.84003,0.84011,2.25,1.13
2013.09.27 11:48:08.820,0.84002,0.84011,2.63,1.50
2013.09.27 11:48:09.358,0.84004,0.84011,1.13,1.50
2013.09.27 11:48:09.898,0.84003,0.84011,1.50,1.50
2013.09.27 11:48:10.441,0.84001,0.8401,3.00,1.13
2013.09.27 11:48:10.621,0.84001,0.84009,2.25,1.50
2013.09.27 11:48:11.042,0.84002,0.84009,1.13,2.25
2013.09.27 11:48:11.350,0.84004,0.8401,1.88,1.13
2013.09.27 11:48:11.950,0.84004,0.8401,1.50,1.13
2013.09.27 11:48:12.980,0.84002,0.8401,1.50,4.13
2013.09.27 11:48:14.338,0.84002,0.8401,1.50,4.88
2013.09.27 11:48:15.113,0.84002,0.84009,1.50,1.50
2013.09.27 11:48:15.679,0.84002,0.84009,1.50,1.50
2013.09.27 11:48:16.100,0.84003,0.84011,1.50,1.88
2013.09.27 11:48:17.321,0.84004,0.84012,1.50,4.13
2013.09.27 11:48:18.549,0.84004,0.84012,1.50,2.63
2013.09.27 11:48:19.099,0.84004,0.84011,1.50,1.50
2013.09.27 11:48:20.789,0.84005,0.84013,1.88,3.75
2013.09.27 11:48:21.089,0.84005,0.84013,1.50,3.38
2013.09.27 11:48:21.569,0.84008,0.84015,1.50,2.25
2013.09.27 11:48:21.930,0.84008,0.84016,1.50,2.25
2013.09.27 11:48:22.170,0.8401,0.84017,1.50,1.50
2013.09.27 11:48:22.709,0.84011,0.84019,2.25,1.50
2013.09.27 11:48:23.250,0.84011,0.84019,2.25,1.50
2013.09.27 11:48:23.309,0.84011,0.84019,1.50,1.50
2013.09.27 11:48:23.429,0.8401,0.84018,1.50,1.13
2013.09.27 11:48:23.490,0.84009,0.84018,3.00,1.13
2013.09.27 11:48:23.610,0.84008,0.84016,2.25,1.13
2013.09.27 11:48:23.789,0.84008,0.84016,1.50,2.63
2013.09.27 11:48:26.419,0.84006,0.84014,1.50,1.50
2013.09.27 11:48:26.778,0.84004,0.84012,2.25,1.50
2013.09.27 11:48:27.616,0.84005,0.84012,1.50,1.13
2013.09.27 11:48:28.560,0.84008,0.84015,1.88,1.13
2013.09.27 11:48:28.680,0.84008,0.84014,1.13,1.13
2013.09.27 11:48:28.739,0.84008,0.84016,1.88,1.50
2013.09.27 11:48:29.768,0.84009,0.84015,1.50,2.25
2013.09.27 11:48:30.343,0.84009,0.84017,1.50,3.00
2013.09.27 11:48:30.589,0.84009,0.84017,1.50,3.00
2013.09.27 11:48:30.892,0.84009,0.84017,1.50,2.63
2013.09.27 11:48:31.402,0.84009,0.84017,1.50,2.63
2013.09.27 11:48:31.643,0.84009,0.84017,1.50,1.88
2013.09.27 11:48:31.828,0.84011,0.84019,1.50,1.88
2013.09.27 11:48:32.829,0.84011,0.84019,1.50,1.50
2013.09.27 11:48:33.338,0.84011,0.84019,2.25,1.13
2013.09.27 11:48:36.622,0.84011,0.84019,2.25,1.13
2013.09.27 11:48:38.050,0.84011,0.84019,2.25,1.50
2013.09.27 11:48:38.195,0.84015,0.84021,1.88,2.63
2013.09.27 11:48:39.578,0.84014,0.84021,2.25,1.50
2013.09.27 11:48:40.119,0.84014,0.8402,1.50,2.25
2013.09.27 11:48:40.358,0.84014,0.8402,1.50,2.25
2013.09.27 11:48:41.619,0.84012,0.8402,1.50,2.25
2013.09.27 11:48:41.679,0.84013,0.8402,1.50,2.25
2013.09.27 11:48:42.221,0.84013,0.84021,1.50,4.50
2013.09.27 11:48:42.878,0.84013,0.8402,1.50,2.25
2013.09.27 11:48:43.119,0.84013,0.8402,1.50,2.25
2013.09.27 11:48:43.179,0.84014,0.8402,1.50,2.25
2013.09.27 11:48:43.359,0.84015,0.84021,1.50,1.13
2013.09.27 11:48:43.839,0.84016,0.84022,1.50,3.38
2013.09.27 11:48:44.381,0.84016,0.84021,1.50,1.13
2013.09.27 11:48:44.444,0.84017,0.84024,1.50,2.25
2013.09.27 11:48:44.511,0.84018,0.84024,2.63,2.63
2013.09.27 11:48:44.690,0.84022,0.84028,1.13,1.50
2013.09.27 11:48:44.930,0.84023,0.84031,2.63,2.25
2013.09.27 11:48:45.182,0.84026,0.84033,1.13,3.00
2013.09.27 11:48:45.370,0.84028,0.84035,1.88,1.50
2013.09.27 11:48:45.611,0.84028,0.84036,1.13,1.50
2013.09.27 11:48:45.969,0.84032,0.84038,1.50,1.50
2013.09.27 11:48:46.031,0.84032,0.84039,1.50,2.25
2013.09.27 11:48:46.629,0.84033,0.8404,1.50,3.00
2013.09.27 11:48:47.475,0.84031,0.84039,1.50,1.50
2013.09.27 11:48:47.671,0.8403,0.84038,1.50,1.13
2013.09.27 11:48:47.919,0.84029,0.84036,1.13,2.25
2013.09.27 11:48:47.981,0.84028,0.84036,1.88,2.25
2013.09.27 11:48:48.367,0.84031,0.84038,1.50,1.50
2013.09.27 11:48:48.430,0.84031,0.84039,1.50,2.25
2013.09.27 11:48:49.210,0.84031,0.84039,1.50,1.13
2013.09.27 11:48:49.331,0.84032,0.84039,1.50,1.50
2013.09.27 11:48:49.452,0.84035,0.8404,1.13,2.25
2013.09.27 11:48:49.583,0.84035,0.84041,1.50,1.13
2013.09.27 11:48:49.893,0.84035,0.84043,1.88,2.63
2013.09.27 11:48:50.203,0.84034,0.84044,4.50,1.88
2013.09.27 11:48:50.512,0.84043,0.8405,3.00,2.63
2013.09.27 11:48:50.584,0.84043,0.84052,2.63,3.00
2013.09.27 11:48:50.652,0.84043,0.84052,2.63,1.50
2013.09.27 11:48:50.723,0.84045,0.84052,1.13,1.50
2013.09.27 11:48:50.912,0.84045,0.84055,3.75,1.50
2013.09.27 11:48:50.982,0.84045,0.84053,3.38,1.50
2013.09.27 11:48:51.051,0.84052,0.84058,1.50,1.88
2013.09.27 11:48:51.411,0.84052,0.8406,2.25,2.25
2013.09.27 11:48:51.533,0.84052,0.84062,2.25,3.00
2013.09.27 11:48:52.080,0.84054,0.84062,2.25,1.50
2013.09.27 11:48:52.141,0.84054,0.84062,2.25,1.50
2013.09.27 11:48:52.274,0.84057,0.84065,2.25,1.50
2013.09.27 11:48:52.401,0.84058,0.84066,1.13,2.25
2013.09.27 11:48:52.710,0.84063,0.8407,1.50,1.80
2013.09.27 11:48:53.012,0.84066,0.84071,1.88,2.25
2013.09.27 11:48:53.144,0.84071,0.84076,2.25,1.50
2013.09.27 11:48:53.212,0.84071,0.84077,2.25,3.00
2013.09.27 11:48:53.401,0.84071,0.84079,2.25,2.25
2013.09.27 11:48:54.215,0.84069,0.84077,1.50,2.10
2013.09.27 11:48:55.116,0.84069,0.84078,1.50,3.00
2013.09.27 11:48:55.836,0.84069,0.84077,1.50,1.50
2013.09.27 11:48:55.917,0.84066,0.84077,2.25,3.00
2013.09.27 11:48:56.282,0.84066,0.84075,2.25,3.00
2013.09.27 11:48:56.642,0.84066,0.84074,2.25,1.50
2013.09.27 11:48:57.391,0.84066,0.84075,2.25,3.00
2013.09.27 11:48:57.508,0.84068,0.84075,1.50,2.25
2013.09.27 11:48:57.689,0.84066,0.84075,3.38,3.00
2013.09.27 11:48:57.870,0.84065,0.84072,3.00,1.13
2013.09.27 11:48:58.171,0.84061,0.84071,1.88,3.60
2013.09.27 11:48:58.414,0.84059,0.84066,1.50,1.88
2013.09.27 11:48:58.959,0.84057,0.84066,1.50,1.50
2013.09.27 11:48:59.761,0.84058,0.84066,1.13,3.75
2013.09.27 11:48:59.821,0.84058,0.84065,1.13,1.13
2013.09.27 11:48:59.944,0.84054,0.84063,1.13,1.88
2013.09.27 11:49:00.371,0.84054,0.84062,1.13,1.50
2013.09.27 11:49:00.910,0.84053,0.84063,1.13,4.13
2013.09.27 11:49:00.970,0.84051,0.84063,2.25,4.13
2013.09.27 11:49:01.090,0.84051,0.8406,2.25,1.13
2013.09.27 11:49:01.150,0.84051,0.84062,1.88,1.13
2013.09.27 11:49:01.331,0.84051,0.8406,1.50,1.88
2013.09.27 11:49:01.581,0.84051,0.8406,1.88,1.50
2013.09.27 11:49:01.639,0.84051,0.8406,1.50,1.88
2013.09.27 11:49:02.639,0.8405,0.8406,1.13,1.88
2013.09.27 11:49:02.893,0.84049,0.8406,1.50,1.13
2013.09.27 11:49:03.448,0.84049,0.84059,1.13,1.13
2013.09.27 11:49:04.429,0.84049,0.84058,1.88,1.50
2013.09.27 11:49:04.741,0.84049,0.84057,1.50,1.13
2013.09.27 11:49:04.800,0.84049,0.84057,1.50,1.13
2013.09.27 11:49:05.349,0.84049,0.84059,2.63,1.13
2013.09.27 11:49:05.830,0.84049,0.84058,1.88,1.13
2013.09.27 11:49:06.069,0.84049,0.84055,1.13,3.60
2013.09.27 11:49:06.189,0.84047,0.84056,2.25,1.50
2013.09.27 11:49:06.249,0.84047,0.84057,2.25,1.13
2013.09.27 11:49:06.372,0.84049,0.84059,1.13,3.38
2013.09.27 11:49:06.919,0.8405,0.84059,2.25,1.13
2013.09.27 11:49:06.979,0.8405,0.84059,2.25,1.13
2013.09.27 11:49:07.158,0.8405,0.84061,2.25,1.13
2013.09.27 11:49:07.459,0.84053,0.84062,1.13,1.35
2013.09.27 11:49:07.518,0.84054,0.84063,1.13,2.85
2013.09.27 11:49:07.879,0.84052,0.84061,1.88,1.50
2013.09.27 11:49:08.239,0.84053,0.84061,1.13,1.50
2013.09.27 11:49:08.478,0.84055,0.84063,1.13,1.50
2013.09.27 11:49:08.899,0.84056,0.84063,1.13,2.25
2013.09.27 11:49:08.960,0.84056,0.84062,1.13,1.13
2013.09.27 11:49:09.319,0.84051,0.84059,1.50,1.13
2013.09.27 11:49:09.439,0.84051,0.84058,1.50,1.50
2013.09.27 11:49:09.980,0.84049,0.84058,1.88,1.50
2013.09.27 11:49:10.759,0.84049,0.84057,1.13,1.50
2013.09.27 11:49:11.291,0.84049,0.84056,1.13,1.50
2013.09.27 11:49:11.829,0.84048,0.84056,1.50,1.50
2013.09.27 11:49:12.596,0.84049,0.84059,2.63,2.63
2013.09.27 11:49:12.662,0.84049,0.84057,1.88,1.13
2013.09.27 11:49:13.209,0.84049,0.84058,2.25,2.85
2013.09.27 11:49:14.061,0.84048,0.84057,1.50,1.13
2013.09.27 11:49:14.184,0.84047,0.84054,1.50,1.13
2013.09.27 11:49:14.549,0.84046,0.84053,1.50,1.50
2013.09.27 11:49:15.091,0.84047,0.84054,1.50,1.13
2013.09.27 11:49:15.611,0.84046,0.84054,1.50,1.13
2013.09.27 11:49:15.849,0.84047,0.84054,1.50,1.50
2013.09.27 11:49:16.269,0.84047,0.84054,1.88,1.50
2013.09.27 11:49:16.771,0.84047,0.84054,1.88,2.25
2013.09.27 11:49:17.310,0.84047,0.84055,1.13,2.25
2013.09.27 11:49:18.089,0.84045,0.84054,2.25,1.13
2013.09.27 11:49:18.210,0.84045,0.84055,1.13,6.00
2013.09.27 11:49:18.629,0.84044,0.84053,2.25,1.50
2013.09.27 11:49:19.269,0.84043,0.84051,1.50,1.50
2013.09.27 11:49:20.139,0.84044,0.84051,1.50,1.50
2013.09.27 11:49:20.200,0.84043,0.84052,1.50,1.50
2013.09.27 11:49:20.379,0.84045,0.84053,1.88,1.88
2013.09.27 11:49:20.560,0.84048,0.84055,1.50,4.50
2013.09.27 11:49:20.919,0.84046,0.84055,2.63,1.88
2013.09.27 11:49:21.159,0.8405,0.84055,1.50,1.88
2013.09.27 11:49:21.709,0.8405,0.84056,1.50,2.25
2013.09.27 11:49:22.784,0.8405,0.84057,1.50,1.50
2013.09.27 11:49:22.852,0.8405,0.84058,1.50,1.13
2013.09.27 11:49:22.918,0.8405,0.84059,1.50,1.13
2013.09.27 11:49:23.038,0.8405,0.84059,1.50,1.13
2013.09.27 11:49:23.099,0.8405,0.84059,1.50,1.13
2013.09.27 11:49:23.218,0.84051,0.84059,1.50,1.13
2013.09.27 11:49:24.058,0.84051,0.8406,1.50,3.38
2013.09.27 11:49:24.605,0.84051,0.8406,1.50,2.25
2013.09.27 11:49:25.529,0.84051,0.8406,2.25,1.50
2013.09.27 11:49:25.651,0.8405,0.84058,1.50,1.50
2013.09.27 11:49:26.619,0.84049,0.84058,2.25,3.00
2013.09.27 11:49:31.568,0.84049,0.84055,1.13,1.13
2013.09.27 11:49:32.109,0.84047,0.84056,1.50,3.75
2013.09.27 11:49:33.699,0.84047,0.84056,3.60,3.38
2013.09.27 11:49:34.503,0.84047,0.84056,3.60,3.75
2013.09.27 11:49:36.298,0.84047,0.84056,4.35,3.00
2013.09.27 11:49:38.170,0.84048,0.84056,1.50,3.00
2013.09.27 11:49:38.292,0.84049,0.84056,3.00,2.63
2013.09.27 11:49:38.352,0.84049,0.84056,2.25,2.25
2013.09.27 11:49:38.471,0.84049,0.84056,2.25,1.88
2013.09.27 11:49:39.010,0.8405,0.84056,1.50,1.88
2013.09.27 11:49:39.551,0.8405,0.84056,1.50,1.88
2013.09.27 11:49:39.909,0.8405,0.84058,1.50,1.50
2013.09.27 11:49:39.970,0.8405,0.84059,1.50,3.00
2013.09.27 11:49:40.509,0.8405,0.84057,2.63,1.13
2013.09.27 11:49:40.930,0.84052,0.84059,1.50,1.50
2013.09.27 11:49:41.170,0.84054,0.8406,1.50,1.13
2013.09.27 11:49:42.399,0.84054,0.84062,1.50,1.88
2013.09.27 11:49:43.021,0.84053,0.84062,1.50,1.88
2013.09.27 11:49:43.270,0.84056,0.84064,1.50,3.38
2013.09.27 11:49:43.569,0.84057,0.84065,1.13,2.25
2013.09.27 11:49:44.109,0.84057,0.84066,2.25,3.00
2013.09.27 11:49:45.082,0.84058,0.84066,1.50,2.25
2013.09.27 11:49:45.688,0.84058,0.84067,2.25,2.25
2013.09.27 11:49:46.548,0.84058,0.84067,1.88,3.38
2013.09.27 11:49:46.849,0.84063,0.84067,1.13,2.63
2013.09.27 11:49:47.689,0.8406,0.84067,1.13,3.38
2013.09.27 11:49:48.239,0.84061,0.84067,1.50,2.63
2013.09.27 11:49:48.779,0.84061,0.84067,1.50,3.38
2013.09.27 11:49:49.979,0.8406,0.84066,1.88,1.50
2013.09.27 11:49:50.760,0.8406,0.84066,1.88,2.25
2013.09.27 11:49:51.300,0.8406,0.84066,1.13,2.25
2013.09.27 11:49:51.839,0.84059,0.84064,1.13,1.50
2013.09.27 11:49:52.379,0.84056,0.84064,1.50,1.88
2013.09.27 11:49:52.919,0.84055,0.84064,1.50,2.25
2013.09.27 11:49:53.279,0.84055,0.84062,1.50,1.13
2013.09.27 11:49:53.820,0.84055,0.84062,1.50,1.13
2013.09.27 11:49:54.180,0.84055,0.84064,3.23,2.25
2013.09.27 11:49:54.479,0.84056,0.84065,1.50,3.75
2013.09.27 11:49:54.720,0.84056,0.84064,1.50,1.50
2013.09.27 11:49:55.145,0.84057,0.84064,1.88,1.50
2013.09.27 11:49:56.074,0.84057,0.84066,1.50,2.63
2013.09.27 11:49:56.271,0.84058,0.84065,1.13,1.50
2013.09.27 11:49:56.810,0.84058,0.84066,1.13,3.00
2013.09.27 11:49:56.869,0.84057,0.84066,1.88,3.75
2013.09.27 11:49:57.411,0.84057,0.84065,1.13,1.50
2013.09.27 11:49:57.959,0.84056,0.84064,1.50,1.13
2013.09.27 11:49:58.467,0.84055,0.84064,3.00,1.88
2013.09.27 11:49:59.009,0.84055,0.84064,1.50,3.38
2013.09.27 11:49:59.548,0.84054,0.84062,1.13,1.50
2013.09.27 11:49:59.872,0.84054,0.84062,1.13,1.50
2013.09.27 11:50:02.041,0.84054,0.84062,1.13,1.50
2013.09.27 11:50:02.161,0.84052,0.84062,4.13,1.88
2013.09.27 11:50:03.011,0.84054,0.84061,1.88,1.13
2013.09.27 11:50:03.080,0.84053,0.84059,1.88,1.13
2013.09.27 11:50:03.200,0.84052,0.84059,2.25,1.13
2013.09.27 11:50:03.322,0.84052,0.84061,1.88,3.98
2013.09.27 11:50:03.679,0.84052,0.8406,2.63,1.13
2013.09.27 11:50:03.799,0.84054,0.8406,1.50,1.13
2013.09.27 11:50:04.341,0.84054,0.84061,1.50,1.50
2013.09.27 11:50:04.701,0.84052,0.8406,2.25,1.88
2013.09.27 11:50:04.762,0.84052,0.8406,1.50,1.13
2013.09.27 11:50:05.310,0.84052,0.84061,1.50,3.75
2013.09.27 11:50:05.730,0.84054,0.84062,1.50,2.25
2013.09.27 11:50:06.560,0.84053,0.84062,1.50,2.63
2013.09.27 11:50:06.641,0.84053,0.8406,1.50,1.88
2013.09.27 11:50:06.832,0.84052,0.84061,1.50,1.50
2013.09.27 11:50:07.194,0.84053,0.84062,1.50,2.63
2013.09.27 11:50:07.740,0.84053,0.84061,1.50,1.50
2013.09.27 11:50:08.633,0.84054,0.84061,1.50,1.50
2013.09.27 11:50:09.699,0.84053,0.84062,1.50,3.38
2013.09.27 11:50:10.249,0.84052,0.8406,1.13,1.50
2013.09.27 11:50:10.800,0.84052,0.8406,1.13,1.50
2013.09.27 11:50:11.360,0.84053,0.84061,1.13,3.00
2013.09.27 11:50:11.901,0.84054,0.84062,1.13,1.50
2013.09.27 11:50:12.451,0.84053,0.8406,1.13,1.50
2013.09.27 11:50:12.809,0.84054,0.84062,1.88,3.00
2013.09.27 11:50:13.590,0.84055,0.84062,2.10,3.00
2013.09.27 11:50:13.894,0.84055,0.84062,2.85,3.00
2013.09.27 11:50:14.440,0.84054,0.84062,1.88,2.25
2013.09.27 11:50:15.031,0.84052,0.84058,4.73,1.50
2013.09.27 11:50:15.461,0.84052,0.84057,2.25,1.50
2013.09.27 11:50:15.760,0.84052,0.84058,2.63,1.50
2013.09.27 11:50:15.940,0.84052,0.84059,3.00,1.88
2013.09.27 11:50:16.938,0.8405,0.84057,2.25,1.50
2013.09.27 11:50:17.010,0.84049,0.84056,1.13,1.50
2013.09.27 11:50:17.432,0.84049,0.84057,2.48,3.00
2013.09.27 11:50:17.670,0.84049,0.84055,2.48,1.50
2013.09.27 11:50:18.152,0.84048,0.84054,1.13,1.50
2013.09.27 11:50:18.751,0.84047,0.84053,2.25,1.50
2013.09.27 11:50:18.940,0.84047,0.84055,3.00,1.50
2013.09.27 11:50:19.490,0.84047,0.84055,2.63,1.50
2013.09.27 11:50:20.012,0.84047,0.84056,2.63,2.25
2013.09.27 11:50:20.558,0.84049,0.84055,1.13,1.50
2013.09.27 11:50:20.800,0.84046,0.84054,1.13,1.50
2013.09.27 11:50:21.223,0.84045,0.84053,1.13,2.25
2013.09.27 11:50:21.293,0.84045,0.84053,1.50,1.50
2013.09.27 11:50:21.850,0.84045,0.84053,1.50,1.50
2013.09.27 11:50:22.390,0.84045,0.84054,1.50,2.63
2013.09.27 11:50:22.809,0.84043,0.84052,4.35,1.50
2013.09.27 11:50:23.228,0.84043,0.84052,3.60,3.00
2013.09.27 11:50:23.409,0.84043,0.84052,2.25,2.25
2013.09.27 11:50:23.950,0.84044,0.84053,1.35,3.38
2013.09.27 11:50:24.068,0.84044,0.84053,1.73,2.25
2013.09.27 11:50:24.920,0.84043,0.84052,2.25,1.13
2013.09.27 11:50:27.628,0.84043,0.84052,2.25,1.88
2013.09.27 11:50:28.338,0.84043,0.84051,1.50,1.50
2013.09.27 11:50:28.925,0.84042,0.8405,1.88,1.13
2013.09.27 11:50:29.640,0.84042,0.8405,1.88,1.13
2013.09.27 11:50:30.672,0.84042,0.8405,1.13,1.88
2013.09.27 11:50:30.741,0.84041,0.84049,1.50,1.13
2013.09.27 11:50:30.800,0.84041,0.84049,1.50,1.13
2013.09.27 11:50:30.923,0.8404,0.84049,2.63,1.50
2013.09.27 11:50:31.229,0.84038,0.84043,2.25,1.50
2013.09.27 11:50:31.889,0.84038,0.84044,2.25,1.50
2013.09.27 11:50:32.489,0.84036,0.84043,3.00,1.50
2013.09.27 11:50:33.035,0.84037,0.84044,1.50,1.13
2013.09.27 11:50:35.119,0.84036,0.84043,5.10,1.50
2013.09.27 11:50:35.720,0.84035,0.84043,2.25,1.88
2013.09.27 11:50:36.200,0.84035,0.84041,1.50,1.50
2013.09.27 11:50:36.811,0.84034,0.84042,1.88,1.50
2013.09.27 11:50:40.141,0.84038,0.84044,1.50,1.13
2013.09.27 11:50:40.449,0.84037,0.84043,1.50,1.50
2013.09.27 11:50:41.651,0.84038,0.84043,1.50,1.50
2013.09.27 11:50:42.369,0.84037,0.84043,1.35,1.88
2013.09.27 11:50:42.731,0.84036,0.84041,1.50,1.50
2013.09.27 11:50:44.181,0.84036,0.84043,1.50,1.50
2013.09.27 11:50:46.347,0.84036,0.84043,1.50,1.50
2013.09.27 11:50:46.599,0.84034,0.84042,1.13,1.50
2013.09.27 11:50:49.439,0.84034,0.84042,1.13,2.25
2013.09.27 11:50:49.979,0.84032,0.84041,1.88,1.50
2013.09.27 11:50:53.300,0.84032,0.8404,1.13,1.13
2013.09.27 11:50:53.420,0.84031,0.8404,2.25,2.25
2013.09.27 11:50:53.479,0.84031,0.84036,1.50,1.88
2013.09.27 11:50:53.599,0.8403,0.84036,1.88,1.88
2013.09.27 11:50:54.902,0.8403,0.84036,1.50,1.50
2013.09.27 11:50:55.319,0.8403,0.84036,2.25,1.50
2013.09.27 11:50:55.498,0.8403,0.84039,3.00,2.25
2013.09.27 11:50:55.559,0.84031,0.84039,1.13,1.88
2013.09.27 11:50:58.379,0.84032,0.84039,1.50,1.88
2013.09.27 11:50:58.918,0.84033,0.84039,1.13,1.50
2013.09.27 11:50:59.099,0.84032,0.84039,1.50,1.88
2013.09.27 11:50:59.518,0.84032,0.84039,1.88,1.50
2013.09.27 11:51:00.308,0.84031,0.84039,3.00,1.50
2013.09.27 11:51:00.668,0.84031,0.84037,1.50,1.88
2013.09.27 11:51:01.889,0.8403,0.84037,3.00,1.88
2013.09.27 11:51:02.320,0.8403,0.84037,2.25,1.50
2013.09.27 11:51:03.752,0.84029,0.84036,1.50,3.00
2013.09.27 11:51:03.929,0.84028,0.84034,1.13,1.50
2013.09.27 11:51:05.010,0.84026,0.84033,4.35,2.25
2013.09.27 11:51:05.519,0.84028,0.84034,1.13,1.50
2013.09.27 11:51:05.700,0.84029,0.84035,1.13,2.25
2013.09.27 11:51:06.238,0.84028,0.84036,1.88,1.50
2013.09.27 11:51:06.802,0.84028,0.84036,1.88,1.50
2013.09.27 11:51:08.089,0.84028,0.84036,1.50,1.88
2013.09.27 11:51:08.449,0.84029,0.84036,1.13,1.50
2013.09.27 11:51:08.951,0.84029,0.84037,1.13,2.25
2013.09.27 11:51:09.489,0.84029,0.84036,1.13,1.50
2013.09.27 11:51:12.188,0.84027,0.84037,3.00,2.63
2013.09.27 11:51:13.329,0.84029,0.84037,1.50,2.63
2013.09.27 11:51:15.169,0.84028,0.84037,1.50,2.63
2013.09.27 11:51:16.138,0.84028,0.84036,2.25,1.13
2013.09.27 11:51:16.440,0.84029,0.84037,1.13,2.25
2013.09.27 11:51:17.295,0.84028,0.84035,1.50,2.25
2013.09.27 11:51:19.739,0.84026,0.84034,3.00,1.88
2013.09.27 11:51:21.569,0.84026,0.84034,3.38,1.50
2013.09.27 11:51:21.690,0.84026,0.84034,1.13,2.25
2013.09.27 11:51:22.230,0.84025,0.84033,1.13,2.25
2013.09.27 11:51:22.590,0.84025,0.84033,1.50,3.00
2013.09.27 11:51:22.710,0.84025,0.84033,1.13,3.00
2013.09.27 11:51:22.920,0.84025,0.84033,2.25,3.00
2013.09.27 11:51:23.580,0.84025,0.84033,3.00,1.50
2013.09.27 11:51:25.410,0.84025,0.84033,2.25,2.25
2013.09.27 11:51:26.109,0.84025,0.84033,2.25,2.25
2013.09.27 11:51:26.649,0.84025,0.84033,2.63,1.50
2013.09.27 11:51:27.242,0.84027,0.84033,1.50,2.25
2013.09.27 11:51:28.399,0.84026,0.84033,1.13,1.50
2013.09.27 11:51:29.253,0.84024,0.84029,1.50,1.50
2013.09.27 11:51:29.323,0.84022,0.84028,1.50,1.50
2013.09.27 11:51:29.450,0.84018,0.84027,2.63,1.50
2013.09.27 11:51:29.809,0.84018,0.84024,1.13,1.50
2013.09.27 11:51:30.229,0.84015,0.84022,1.13,1.50
2013.09.27 11:51:30.535,0.84016,0.84024,1.13,3.00
2013.09.27 11:51:31.138,0.84015,0.84023,1.88,2.25
2013.09.27 11:51:31.378,0.84014,0.84023,1.50,2.25
2013.09.27 11:51:31.918,0.84016,0.84023,1.13,2.25
2013.09.27 11:51:32.576,0.84015,0.84022,2.63,1.88
2013.09.27 11:51:33.118,0.84015,0.84022,1.13,2.63
2013.09.27 11:51:34.528,0.84015,0.84022,1.13,2.63
2013.09.27 11:51:34.654,0.84013,0.84021,1.50,3.75
2013.09.27 11:51:34.779,0.84011,0.84019,1.88,1.88
2013.09.27 11:51:34.900,0.8401,0.84019,2.25,2.63
2013.09.27 11:51:34.959,0.8401,0.84018,1.88,1.13
2013.09.27 11:51:35.020,0.84009,0.84018,1.50,2.63
2013.09.27 11:51:35.079,0.84007,0.84016,4.13,1.13
2013.09.27 11:51:35.439,0.84007,0.84014,2.25,1.88
2013.09.27 11:51:35.499,0.84007,0.84014,1.50,1.88
2013.09.27 11:51:36.109,0.84006,0.84014,1.50,1.88
2013.09.27 11:51:36.649,0.84005,0.84014,1.50,3.38
2013.09.27 11:51:36.709,0.84005,0.84014,1.88,3.00
2013.09.27 11:51:37.068,0.84005,0.84014,2.25,2.63
2013.09.27 11:51:37.189,0.84005,0.84014,2.63,2.25
2013.09.27 11:51:37.368,0.84005,0.84014,1.50,3.38
2013.09.27 11:51:39.198,0.84005,0.84014,2.63,3.75
2013.09.27 11:51:39.321,0.84005,0.84014,1.50,3.38
2013.09.27 11:51:39.858,0.84004,0.84013,1.88,2.25
2013.09.27 11:51:40.437,0.84004,0.84013,3.38,1.50
2013.09.27 11:51:44.388,0.84004,0.84014,4.13,4.88
2013.09.27 11:51:44.929,0.84004,0.84014,4.13,4.13
2013.09.27 11:51:47.490,0.84005,0.84014,2.25,1.88
2013.09.27 11:51:48.029,0.84004,0.84014,4.13,2.63
2013.09.27 11:51:52.210,0.84004,0.84013,3.75,1.88
2013.09.27 11:51:52.770,0.84004,0.84013,2.25,2.63
2013.09.27 11:51:54.569,0.84004,0.84013,2.63,3.00
2013.09.27 11:51:55.109,0.84004,0.84014,3.38,1.88
2013.09.27 11:51:56.249,0.84004,0.84014,2.63,2.63
2013.09.27 11:51:57.381,0.84004,0.84013,2.25,1.13
2013.09.27 11:51:58.204,0.84003,0.84012,3.00,1.88
2013.09.27 11:51:58.748,0.84003,0.84011,2.25,1.50
2013.09.27 11:51:58.870,0.84005,0.84013,1.50,4.13
2013.09.27 11:51:59.229,0.84005,0.8401,1.50,1.50
2013.09.27 11:51:59.469,0.84005,0.84012,2.25,1.50
2013.09.27 11:51:59.660,0.84005,0.84014,2.25,2.63
2013.09.27 11:52:00.180,0.84005,0.84014,2.25,1.88
2013.09.27 11:52:00.240,0.84005,0.84014,2.25,1.88
2013.09.27 11:52:00.361,0.84007,0.84014,1.13,2.25
2013.09.27 11:52:00.543,0.84007,0.84015,3.00,1.50
2013.09.27 11:52:01.089,0.84006,0.84014,3.00,1.13
2013.09.27 11:52:01.149,0.84006,0.84014,1.50,1.13
2013.09.27 11:52:01.208,0.84006,0.84014,1.50,1.13
2013.09.27 11:52:01.328,0.84006,0.84015,1.50,3.38
2013.09.27 11:52:01.449,0.84006,0.84015,1.50,2.63
2013.09.27 11:52:01.988,0.84007,0.84015,2.63,1.50
2013.09.27 11:52:02.109,0.84007,0.84015,1.13,1.50
2013.09.27 11:52:02.349,0.84007,0.84014,1.50,1.13
2013.09.27 11:52:02.529,0.84005,0.84014,3.00,1.13
2013.09.27 11:52:03.979,0.84005,0.84015,4.13,1.50
2013.09.27 11:52:05.109,0.84005,0.84014,5.25,1.88
2013.09.27 11:52:05.639,0.84006,0.84014,1.50,1.88
2013.09.27 11:52:06.099,0.84006,0.84015,1.88,1.50
2013.09.27 11:52:06.659,0.84007,0.84015,1.13,2.25
2013.09.27 11:52:07.200,0.8401,0.84015,1.50,1.50
2013.09.27 11:52:07.319,0.8401,0.84018,1.50,1.13
2013.09.27 11:52:08.189,0.8401,0.84018,1.50,1.13
2013.09.27 11:52:08.429,0.84009,0.84015,2.25,2.10
2013.09.27 11:52:09.160,0.84008,0.84016,1.88,3.75
2013.09.27 11:52:09.469,0.84009,0.84016,1.50,2.25
2013.09.27 11:52:09.889,0.84009,0.84016,1.50,3.00
2013.09.27 11:52:11.140,0.84009,0.84017,2.63,2.25
2013.09.27 11:52:11.681,0.84009,0.84018,2.63,1.50
2013.09.27 11:52:11.864,0.84009,0.84016,1.50,1.13
2013.09.27 11:52:12.169,0.84009,0.84015,1.50,1.13
2013.09.27 11:52:12.229,0.84008,0.84015,1.50,1.13
2013.09.27 11:52:12.709,0.84009,0.84015,1.50,1.88
2013.09.27 11:52:13.249,0.84009,0.84015,1.50,1.13
2013.09.27 11:52:13.909,0.84008,0.84015,1.50,1.50
2013.09.27 11:52:14.949,0.84009,0.84015,1.50,1.50
2013.09.27 11:52:16.718,0.84009,0.84016,1.88,2.85
2013.09.27 11:52:16.959,0.84009,0.84015,1.50,1.50
2013.09.27 11:52:17.499,0.84009,0.84017,1.88,2.63
2013.09.27 11:52:18.038,0.84009,0.84017,1.13,2.63
2013.09.27 11:52:18.329,0.84009,0.84017,1.13,1.88
2013.09.27 11:52:18.629,0.84008,0.84014,1.50,1.13
2013.09.27 11:52:18.749,0.84006,0.84014,2.25,1.88
2013.09.27 11:52:19.542,0.84007,0.84015,1.88,1.13
2013.09.27 11:52:20.058,0.84007,0.84015,1.50,1.50
2013.09.27 11:52:20.598,0.84007,0.84015,1.50,1.50
2013.09.27 11:52:20.720,0.84005,0.84014,1.50,1.13
2013.09.27 11:52:21.259,0.84004,0.84013,1.88,4.88
2013.09.27 11:52:23.630,0.84003,0.84011,2.25,1.88
2013.09.27 11:52:23.809,0.84003,0.84009,2.25,1.13
2013.09.27 11:52:24.349,0.84004,0.8401,2.25,1.50
2013.09.27 11:52:24.469,0.84005,0.84012,1.50,1.88
2013.09.27 11:52:27.699,0.84006,0.84013,2.25,2.25
2013.09.27 11:52:27.878,0.84007,0.84014,1.50,1.88
2013.09.27 11:52:27.999,0.84007,0.84015,1.88,1.88
2013.09.27 11:52:28.119,0.84007,0.84015,1.88,1.88
2013.09.27 11:52:28.179,0.84008,0.84015,1.50,1.88
2013.09.27 11:52:33.439,0.84009,0.84016,1.88,1.50
2013.09.27 11:52:33.999,0.84009,0.84017,1.50,1.88
2013.09.27 11:52:34.558,0.84009,0.84017,1.50,1.13
2013.09.27 11:52:35.109,0.84009,0.84017,1.50,1.88
2013.09.27 11:52:35.649,0.84009,0.84017,1.50,1.88
2013.09.27 11:52:37.889,0.8401,0.84017,2.10,1.88
2013.09.27 11:52:38.249,0.84014,0.8402,1.50,2.63
2013.09.27 11:52:38.369,0.84014,0.84021,2.25,1.88
2013.09.27 11:52:38.549,0.84014,0.84022,2.25,3.38
2013.09.27 11:52:38.669,0.84014,0.84022,2.25,1.88
2013.09.27 11:52:38.789,0.84014,0.84021,1.50,1.13
2013.09.27 11:52:38.849,0.84014,0.84022,1.50,2.63
2013.09.27 11:52:38.909,0.84017,0.84022,1.50,1.13
2013.09.27 11:52:39.879,0.84016,0.84022,1.50,1.50
2013.09.27 11:52:40.239,0.84014,0.84021,2.25,1.13
2013.09.27 11:52:40.359,0.84014,0.84021,2.25,1.13
2013.09.27 11:52:40.893,0.84014,0.84022,2.25,2.63
2013.09.27 11:52:41.858,0.84014,0.84022,2.25,2.63
2013.09.27 11:52:41.990,0.84014,0.8402,1.50,1.13
2013.09.27 11:52:43.189,0.84014,0.84021,1.50,3.00
2013.09.27 11:52:45.269,0.84014,0.8402,1.50,1.50
2013.09.27 11:52:46.132,0.84014,0.8402,1.50,1.50
2013.09.27 11:52:48.984,0.84014,0.8402,1.50,2.63
2013.09.27 11:52:49.229,0.84012,0.8402,1.88,2.63
2013.09.27 11:52:49.469,0.84014,0.8402,1.50,1.88
2013.09.27 11:52:49.951,0.84017,0.84023,1.88,3.75
2013.09.27 11:52:50.010,0.84017,0.84023,1.88,2.25
2013.09.27 11:52:50.132,0.84018,0.84024,1.13,1.13
2013.09.27 11:52:50.669,0.84017,0.84024,2.25,1.13
2013.09.27 11:52:52.419,0.84018,0.84026,1.50,3.00
2013.09.27 11:52:52.719,0.84019,0.84025,1.50,1.50
2013.09.27 11:52:54.589,0.84019,0.84027,1.50,4.13
2013.09.27 11:52:59.969,0.84019,0.84027,2.25,1.88
2013.09.27 11:53:03.450,0.84019,0.84026,1.50,3.38
2013.09.27 11:53:04.152,0.84019,0.84026,1.50,3.75
2013.09.27 11:53:05.129,0.84018,0.84026,1.13,2.25
2013.09.27 11:53:06.187,0.84021,0.84026,1.50,1.50
2013.09.27 11:53:10.441,0.84021,0.84027,1.50,2.25
2013.09.27 11:53:10.979,0.84022,0.84027,1.50,1.50
2013.09.27 11:53:12.590,0.84021,0.84027,1.50,2.25
2013.09.27 11:53:14.890,0.84019,0.84026,1.50,1.50
2013.09.27 11:53:14.952,0.84019,0.84026,2.25,1.50
2013.09.27 11:53:15.012,0.84019,0.84027,2.63,2.63
2013.09.27 11:53:15.519,0.84019,0.84026,1.13,1.50
2013.09.27 11:53:20.812,0.84019,0.84027,1.88,2.25
2013.09.27 11:53:20.991,0.84022,0.84028,1.13,1.50
2013.09.27 11:53:21.110,0.84021,0.84028,1.50,3.00
2013.09.27 11:53:21.590,0.84021,0.84026,2.25,1.13
2013.09.27 11:53:21.782,0.84019,0.84026,1.88,1.13
2013.09.27 11:53:22.319,0.84019,0.84026,1.88,2.63
2013.09.27 11:53:22.859,0.84019,0.84026,1.88,1.13
2013.09.27 11:53:23.099,0.84019,0.84026,1.88,1.13
2013.09.27 11:53:24.119,0.8402,0.84026,1.88,2.25
2013.09.27 11:53:24.420,0.84019,0.84024,1.13,3.00
2013.09.27 11:53:24.599,0.84019,0.84024,1.13,1.50
2013.09.27 11:53:25.139,0.84017,0.84024,1.88,1.50
2013.09.27 11:53:25.679,0.84017,0.84024,1.88,1.88
2013.09.27 11:53:26.219,0.84017,0.84024,1.88,1.50
2013.09.27 11:53:27.339,0.84018,0.84026,1.13,4.13
2013.09.27 11:53:27.641,0.84019,0.84026,1.50,1.50
2013.09.27 11:53:29.069,0.8402,0.84026,1.13,2.25
2013.09.27 11:53:29.861,0.84019,0.84026,1.50,2.25
2013.09.27 11:53:30.161,0.8402,0.84026,1.13,1.50
2013.09.27 11:53:31.170,0.8402,0.84027,1.13,3.00
2013.09.27 11:53:31.709,0.8402,0.84026,1.13,1.50
2013.09.27 11:53:32.260,0.8402,0.84027,1.13,2.25
2013.09.27 11:53:33.291,0.84019,0.84026,1.88,3.00
2013.09.27 11:53:33.363,0.84021,0.84026,1.50,2.25
2013.09.27 11:53:35.511,0.84018,0.84025,1.50,1.13
2013.09.27 11:53:35.690,0.84016,0.84023,1.13,2.63
2013.09.27 11:53:35.749,0.84015,0.84023,1.88,2.63
2013.09.27 11:53:36.169,0.84017,0.84023,1.88,3.00
2013.09.27 11:53:36.719,0.84017,0.84022,1.13,2.63
2013.09.27 11:53:37.283,0.84017,0.84022,1.88,2.25
2013.09.27 11:53:39.869,0.84017,0.84022,1.50,1.50
2013.09.27 11:53:40.229,0.84014,0.84023,1.50,1.69
2013.09.27 11:53:40.595,0.84013,0.84022,2.25,2.25
2013.09.27 11:53:40.899,0.84017,0.84022,1.50,2.25
2013.09.27 11:53:41.259,0.84017,0.84022,1.50,2.25
2013.09.27 11:53:41.380,0.84018,0.84023,1.50,1.13
2013.09.27 11:53:41.919,0.84018,0.84024,1.50,1.50
2013.09.27 11:53:42.429,0.84018,0.84023,1.50,1.13
2013.09.27 11:53:47.109,0.84019,0.84024,1.50,1.88
2013.09.27 11:53:47.660,0.84019,0.84024,1.50,1.88
2013.09.27 11:53:48.439,0.84016,0.84023,1.13,3.00
2013.09.27 11:53:48.681,0.8402,0.84024,1.13,1.13
2013.09.27 11:53:49.219,0.84018,0.84023,1.13,1.88
2013.09.27 11:53:49.669,0.8402,0.84024,1.13,2.25
2013.09.27 11:53:49.730,0.8402,0.84025,1.13,2.25
2013.09.27 11:53:50.269,0.84016,0.84022,1.50,1.13
2013.09.27 11:53:50.809,0.8402,0.84024,1.13,1.50
2013.09.27 11:53:51.211,0.84015,0.84021,1.13,1.13
2013.09.27 11:53:52.079,0.84018,0.84024,1.88,1.13
2013.09.27 11:53:52.199,0.8402,0.84025,1.13,3.75
2013.09.27 11:53:52.380,0.8402,0.84026,1.13,4.73
2013.09.27 11:53:52.620,0.8402,0.84026,1.13,2.63
2013.09.27 11:53:52.919,0.84022,0.84027,1.88,1.88
2013.09.27 11:53:53.459,0.8402,0.84026,1.88,2.25
2013.09.27 11:53:54.000,0.8402,0.84026,1.88,3.00
2013.09.27 11:53:54.631,0.84022,0.84027,1.13,1.88
2013.09.27 11:53:56.789,0.84021,0.84026,1.88,1.13
2013.09.27 11:53:57.329,0.84019,0.84025,2.63,1.13
2013.09.27 11:53:57.632,0.84019,0.84026,2.63,1.50
2013.09.27 11:53:58.350,0.84019,0.84025,1.13,1.13
2013.09.27 11:54:01.069,0.84019,0.84026,1.13,2.63
2013.09.27 11:54:01.740,0.84019,0.84024,1.13,1.13
2013.09.27 11:54:05.180,0.84019,0.84025,1.88,1.13
2013.09.27 11:54:05.760,0.84019,0.84025,1.88,1.13
2013.09.27 11:54:06.299,0.84019,0.84026,1.88,1.88
2013.09.27 11:54:06.421,0.8402,0.84026,1.13,1.13
2013.09.27 11:54:08.681,0.84019,0.84027,1.88,3.75
2013.09.27 11:54:08.919,0.8402,0.84027,1.13,3.00
2013.09.27 11:54:12.620,0.84021,0.84027,1.50,1.50
2013.09.27 11:54:13.959,0.8402,0.84026,2.25,1.13
2013.09.27 11:54:14.063,0.8402,0.84027,1.13,2.25
2013.09.27 11:54:14.130,0.8402,0.84026,1.13,1.13
2013.09.27 11:54:14.849,0.8402,0.84027,1.13,3.38
2013.09.27 11:54:15.389,0.8402,0.84025,1.13,1.13
2013.09.27 11:54:15.940,0.8402,0.84027,1.13,2.63
2013.09.27 11:54:17.320,0.84019,0.84025,1.88,1.13
2013.09.27 11:54:18.649,0.84019,0.84026,1.88,1.88
2013.09.27 11:54:20.180,0.84019,0.84026,1.88,1.50
2013.09.27 11:54:20.750,0.84019,0.84026,1.88,1.13
2013.09.27 11:54:24.811,0.84019,0.84027,2.25,1.50
2013.09.27 11:54:24.873,0.8402,0.84027,1.50,1.50
2013.09.27 11:54:25.419,0.84022,0.84028,1.13,3.38
2013.09.27 11:54:25.959,0.84022,0.84028,1.13,2.63
2013.09.27 11:54:26.439,0.84022,0.84028,1.13,3.00
2013.09.27 11:54:28.174,0.84019,0.84025,1.88,1.13
2013.09.27 11:54:28.482,0.84019,0.84025,1.13,1.13
2013.09.27 11:54:32.069,0.84019,0.84027,2.63,3.00
2013.09.27 11:54:32.609,0.84019,0.84026,1.88,1.13
2013.09.27 11:54:33.840,0.84019,0.84027,1.88,3.00
2013.09.27 11:54:34.393,0.84021,0.84027,2.25,2.25
2013.09.27 11:54:35.379,0.84021,0.84028,2.63,2.25
2013.09.27 11:54:38.710,0.84022,0.84028,1.13,1.50
2013.09.27 11:54:39.250,0.84024,0.84029,1.88,1.13
2013.09.27 11:54:39.370,0.84024,0.84032,1.88,1.88
2013.09.27 11:54:39.669,0.84026,0.84032,1.50,2.63
2013.09.27 11:54:40.666,0.84025,0.84032,2.25,3.00
2013.09.27 11:54:41.783,0.84027,0.84032,1.13,1.50
2013.09.27 11:54:41.911,0.84027,0.84033,1.13,3.38
2013.09.27 11:54:42.031,0.84027,0.84034,1.13,3.75
2013.09.27 11:54:42.090,0.84027,0.84033,1.13,1.13
2013.09.27 11:54:42.209,0.84027,0.84033,1.13,1.13
2013.09.27 11:54:42.450,0.84026,0.84034,1.13,3.00
2013.09.27 11:54:45.290,0.84027,0.84034,1.88,1.50
2013.09.27 11:54:48.419,0.84028,0.84033,1.88,2.25
2013.09.27 11:54:50.070,0.84028,0.84034,1.50,3.75
2013.09.27 11:54:50.249,0.84025,0.84032,1.88,1.88
2013.09.27 11:54:50.310,0.84024,0.84031,1.13,2.25
2013.09.27 11:54:50.494,0.84022,0.84028,1.13,1.13
2013.09.27 11:54:50.979,0.84022,0.84027,1.50,1.50
2013.09.27 11:54:51.041,0.84021,0.84027,1.13,2.63
2013.09.27 11:54:51.400,0.84021,0.84027,1.88,1.13
2013.09.27 11:54:51.460,0.84022,0.84028,1.13,2.25
2013.09.27 11:54:51.761,0.84022,0.84028,1.13,1.88
2013.09.27 11:54:51.821,0.84021,0.84028,2.25,2.25
2013.09.27 11:54:52.130,0.84022,0.84028,1.50,2.25
2013.09.27 11:54:52.729,0.84024,0.8403,1.13,2.25
2013.09.27 11:54:53.552,0.84024,0.8403,1.13,4.50
2013.09.27 11:54:54.000,0.84022,0.84029,1.13,1.13
2013.09.27 11:54:54.180,0.84022,0.84029,1.13,1.13
2013.09.27 11:54:54.241,0.84021,0.84029,1.13,1.13
2013.09.27 11:54:54.779,0.84021,0.84029,1.13,1.88
2013.09.27 11:54:55.329,0.84021,0.84027,1.13,1.13
2013.09.27 11:54:55.749,0.8402,0.84028,1.88,1.50
2013.09.27 11:54:55.809,0.8402,0.84028,1.88,1.13
2013.09.27 11:54:56.049,0.84017,0.84025,2.63,1.50
2013.09.27 11:54:56.109,0.84018,0.84025,1.13,1.50
2013.09.27 11:54:56.170,0.84022,0.84027,1.13,2.25
2013.09.27 11:54:56.410,0.84022,0.84029,1.13,3.38
2013.09.27 11:54:56.949,0.84022,0.84029,1.13,2.63
2013.09.27 11:55:00.943,0.84022,0.84029,1.13,1.50
2013.09.27 11:55:03.370,0.84022,0.8403,1.13,3.23
2013.09.27 11:55:05.040,0.84022,0.8403,1.88,2.48
2013.09.27 11:55:12.949,0.84023,0.84031,1.50,2.25
2013.09.27 11:55:13.439,0.84023,0.84031,1.50,2.25
2013.09.27 11:55:15.980,0.84023,0.84031,1.50,2.25
2013.09.27 11:55:16.040,0.84023,0.84031,1.50,2.25
2013.09.27 11:55:16.101,0.84023,0.84031,1.13,2.63
2013.09.27 11:55:19.781,0.84023,0.84031,1.50,2.25
2013.09.27 11:55:20.833,0.84024,0.84032,2.25,3.00
2013.09.27 11:55:21.545,0.84024,0.84032,2.25,2.25
2013.09.27 11:55:22.139,0.84024,0.84032,2.25,1.50
2013.09.27 11:55:23.119,0.84024,0.84032,2.25,2.25
2013.09.27 11:55:23.679,0.84024,0.84032,2.25,1.50
2013.09.27 11:55:24.229,0.84024,0.84032,1.88,2.63
2013.09.27 11:55:24.529,0.84024,0.84032,1.88,2.25
2013.09.27 11:55:25.069,0.84025,0.84033,1.88,1.13
2013.09.27 11:55:25.310,0.84027,0.84034,1.13,2.25
2013.09.27 11:55:25.669,0.84029,0.84036,1.13,1.13
2013.09.27 11:55:25.910,0.84029,0.84036,1.13,2.25
2013.09.27 11:55:30.099,0.84028,0.84035,3.00,1.13
2013.09.27 11:55:30.681,0.8403,0.84036,1.13,1.50
2013.09.27 11:55:30.919,0.84031,0.84038,1.50,1.13
2013.09.27 11:55:31.099,0.84035,0.8404,1.13,2.25
2013.09.27 11:55:31.642,0.84033,0.84039,1.50,1.13
2013.09.27 11:55:33.620,0.84035,0.8404,1.13,1.50
2013.09.27 11:55:34.179,0.84033,0.84039,1.50,1.13
2013.09.27 11:55:34.986,0.84033,0.84039,1.88,1.13
2013.09.27 11:55:35.491,0.84033,0.84039,3.38,1.13
2013.09.27 11:55:36.911,0.84035,0.84042,1.50,3.38
2013.09.27 11:55:36.984,0.84037,0.84041,1.50,1.50
2013.09.27 11:55:37.051,0.84037,0.84042,1.50,1.50
2013.09.27 11:55:37.110,0.84037,0.84042,1.50,1.50
2013.09.27 11:55:37.172,0.84038,0.84044,1.50,1.88
2013.09.27 11:55:37.292,0.84036,0.84043,2.25,1.13
2013.09.27 11:55:37.412,0.84039,0.84045,1.50,1.88
2013.09.27 11:55:37.922,0.8404,0.84045,1.13,1.13
2013.09.27 11:55:38.280,0.8404,0.84046,1.13,1.13
2013.09.27 11:55:38.640,0.8404,0.84046,1.13,2.25
2013.09.27 11:55:38.701,0.84042,0.84047,1.50,1.88
2013.09.27 11:55:38.880,0.84042,0.84047,1.50,1.88
2013.09.27 11:55:39.121,0.84042,0.84048,1.13,1.88
2013.09.27 11:55:39.361,0.84043,0.8405,3.00,1.88
2013.09.27 11:55:39.420,0.84044,0.8405,1.13,1.88
2013.09.27 11:55:39.660,0.84043,0.8405,1.13,1.50
2013.09.27 11:55:39.961,0.84043,0.84048,2.25,1.13
2013.09.27 11:55:40.081,0.84041,0.84048,1.13,1.13
2013.09.27 11:55:40.319,0.84042,0.84049,1.13,3.38
2013.09.27 11:55:40.560,0.84042,0.84049,2.25,1.50
2013.09.27 11:55:40.681,0.84043,0.84048,1.50,1.13
2013.09.27 11:55:41.219,0.84044,0.8405,1.13,1.50
2013.09.27 11:55:41.399,0.84043,0.84051,3.00,2.25
2013.09.27 11:55:41.939,0.84044,0.84051,1.13,2.63
2013.09.27 11:55:42.603,0.84044,0.84051,1.88,1.13
2013.09.27 11:55:43.093,0.84042,0.84048,1.50,1.13
2013.09.27 11:55:43.280,0.84039,0.84044,2.63,1.13
2013.09.27 11:55:43.819,0.84039,0.84046,1.13,3.00
2013.09.27 11:55:44.659,0.84039,0.84046,1.88,1.50
2013.09.27 11:55:45.507,0.8404,0.84048,1.13,4.13
2013.09.27 11:55:45.709,0.84041,0.84049,2.63,1.13
2013.09.27 11:55:46.010,0.84042,0.84049,1.13,1.13
2013.09.27 11:55:47.139,0.84042,0.84049,1.13,1.13
2013.09.27 11:55:47.679,0.84044,0.84051,1.88,3.38
2013.09.27 11:55:47.740,0.84044,0.84051,1.88,2.25
2013.09.27 11:55:47.860,0.84044,0.84051,1.88,1.88
2013.09.27 11:55:48.099,0.84044,0.84052,1.13,1.50
2013.09.27 11:55:48.159,0.84044,0.84052,1.88,1.88
2013.09.27 11:55:48.459,0.84044,0.84051,1.50,1.13
2013.09.27 11:55:49.540,0.84044,0.84052,1.88,2.63
2013.09.27 11:55:49.839,0.84044,0.84052,1.88,2.63
2013.09.27 11:55:49.900,0.84044,0.84051,1.13,1.13
2013.09.27 11:55:50.259,0.84044,0.84052,1.88,2.63
2013.09.27 11:55:50.562,0.84044,0.84051,1.13,1.13
2013.09.27 11:55:50.620,0.84044,0.84051,1.13,1.13
2013.09.27 11:55:50.859,0.84044,0.84051,1.88,1.13
2013.09.27 11:55:51.099,0.84044,0.84052,1.13,2.85
2013.09.27 11:55:55.063,0.84046,0.84053,1.13,4.35
2013.09.27 11:55:55.193,0.84047,0.84055,1.50,1.50
2013.09.27 11:55:55.252,0.84047,0.84053,1.13,1.13
2013.09.27 11:55:55.609,0.84048,0.84055,1.50,2.63
2013.09.27 11:55:56.589,0.84048,0.84055,1.13,3.00
2013.09.27 11:55:56.890,0.84047,0.84055,1.13,3.00
2013.09.27 11:55:57.372,0.84048,0.84055,1.50,1.13
2013.09.27 11:55:57.430,0.84048,0.84055,1.88,1.13
2013.09.27 11:55:58.160,0.84048,0.84056,2.25,3.00
2013.09.27 11:55:58.821,0.84048,0.84056,1.88,3.38
2013.09.27 11:55:59.133,0.8405,0.84057,1.50,1.50
2013.09.27 11:55:59.679,0.84051,0.84057,1.13,1.13
2013.09.27 11:56:00.224,0.84051,0.84059,1.13,2.63
2013.09.27 11:56:00.770,0.84051,0.84059,1.13,1.50
2013.09.27 11:56:01.310,0.84051,0.84059,1.13,1.88
2013.09.27 11:56:01.860,0.84051,0.84059,2.25,1.50
2013.09.27 11:56:02.041,0.84054,0.8406,1.88,1.13
2013.09.27 11:56:02.161,0.84053,0.8406,1.88,1.88
2013.09.27 11:56:03.360,0.84052,0.84059,1.13,1.13
2013.09.27 11:56:05.840,0.84052,0.84061,1.13,5.48
2013.09.27 11:56:06.379,0.84052,0.84061,1.50,3.00
2013.09.27 11:56:06.940,0.84052,0.84061,1.50,3.00
2013.09.27 11:56:07.060,0.84052,0.8406,1.13,1.13
2013.09.27 11:56:09.632,0.84055,0.84063,1.50,1.88
2013.09.27 11:56:10.140,0.84053,0.84063,1.88,2.25
2013.09.27 11:56:10.989,0.84054,0.84063,2.25,1.13
2013.09.27 11:56:11.109,0.84055,0.84064,1.88,3.00
2013.09.27 11:56:11.652,0.84058,0.84064,1.13,3.60
2013.09.27 11:56:12.009,0.84055,0.84063,1.13,1.13
2013.09.27 11:56:13.129,0.84055,0.84064,1.50,6.23
2013.09.27 11:56:13.919,0.84056,0.84064,1.13,5.10
2013.09.27 11:56:14.455,0.84057,0.84063,1.50,1.13
2013.09.27 11:56:15.310,0.84057,0.84065,1.50,1.88
2013.09.27 11:56:15.611,0.84058,0.84065,1.13,3.60
2013.09.27 11:56:15.852,0.84058,0.84065,1.88,1.88
2013.09.27 11:56:16.152,0.84059,0.84065,1.88,1.50
2013.09.27 11:56:16.400,0.8406,0.84067,1.13,1.50
2013.09.27 11:56:17.151,0.8406,0.84067,1.13,1.88
2013.09.27 11:56:17.571,0.84059,0.84068,1.13,4.50
2013.09.27 11:56:17.692,0.84059,0.84068,1.13,4.50
2013.09.27 11:56:17.810,0.84059,0.84068,1.13,4.50
2013.09.27 11:56:18.050,0.8406,0.84068,1.13,2.25
2013.09.27 11:56:18.231,0.8406,0.84068,1.13,1.50
2013.09.27 11:56:18.770,0.84061,0.84069,1.50,3.60
2013.09.27 11:56:18.950,0.84061,0.8407,1.50,3.00
2013.09.27 11:56:19.131,0.84062,0.8407,1.50,2.25
2013.09.27 11:56:19.251,0.84062,0.8407,1.50,2.63
2013.09.27 11:56:19.913,0.84061,0.8407,1.88,2.85
2013.09.27 11:56:20.960,0.84061,0.8407,1.88,1.50
2013.09.27 11:56:21.080,0.84061,0.8407,1.88,1.50
2013.09.27 11:56:21.619,0.8406,0.84068,1.50,1.88
2013.09.27 11:56:21.979,0.84057,0.84065,1.50,5.10
2013.09.27 11:56:22.281,0.8406,0.84066,1.13,1.88
2013.09.27 11:56:22.461,0.8406,0.84068,1.13,1.88
2013.09.27 11:56:22.880,0.84061,0.84069,1.13,2.10
2013.09.27 11:56:23.420,0.84061,0.8407,4.13,3.23
2013.09.27 11:56:23.900,0.84061,0.8407,2.63,3.53
2013.09.27 11:56:23.959,0.84062,0.84068,1.13,1.13
2013.09.27 11:56:24.261,0.84063,0.84069,1.13,4.13
2013.09.27 11:56:24.500,0.84063,0.84068,1.13,1.88
2013.09.27 11:56:24.740,0.84063,0.8407,1.13,2.63
2013.09.27 11:56:25.392,0.84063,0.8407,1.13,1.13
2013.09.27 11:56:26.349,0.84062,0.84069,1.50,1.13
2013.09.27 11:56:26.476,0.84061,0.8407,1.50,5.85
2013.09.27 11:56:27.026,0.84061,0.84069,1.50,1.88
2013.09.27 11:56:27.686,0.8406,0.84069,2.25,3.75
2013.09.27 11:56:27.750,0.84061,0.84069,1.13,3.00
2013.09.27 11:56:27.873,0.84061,0.84069,1.13,1.88
2013.09.27 11:56:28.003,0.84061,0.84068,1.13,1.13
2013.09.27 11:56:28.550,0.8406,0.84066,1.13,2.25
2013.09.27 11:56:28.789,0.84058,0.84065,1.88,1.13
2013.09.27 11:56:28.970,0.84058,0.84064,1.13,1.88
2013.09.27 11:56:29.269,0.84056,0.84063,1.88,1.13
2013.09.27 11:56:30.349,0.84055,0.84063,1.13,3.75
2013.09.27 11:56:31.202,0.84056,0.84063,1.13,1.88
2013.09.27 11:56:31.276,0.84058,0.84066,1.88,2.63
2013.09.27 11:56:31.979,0.84058,0.84066,1.50,3.00
2013.09.27 11:56:32.522,0.84058,0.84066,1.50,2.25
2013.09.27 11:56:32.882,0.84057,0.84064,1.13,1.50
2013.09.27 11:56:33.422,0.84057,0.84064,1.50,1.50
2013.09.27 11:56:33.601,0.84058,0.84066,1.50,2.10
2013.09.27 11:56:34.156,0.84058,0.84065,1.13,1.13
2013.09.27 11:56:34.812,0.84058,0.84065,1.88,1.13
2013.09.27 11:56:35.180,0.84059,0.84068,1.13,3.75
2013.09.27 11:56:35.300,0.84059,0.84066,1.88,1.13
2013.09.27 11:56:35.361,0.84059,0.84066,1.50,3.38
2013.09.27 11:56:35.721,0.84057,0.84064,1.88,1.13
2013.09.27 11:56:35.961,0.84056,0.84063,1.13,1.13
2013.09.27 11:56:36.804,0.84055,0.84063,1.88,1.50
2013.09.27 11:56:37.112,0.84058,0.84065,2.63,1.13
2013.09.27 11:56:37.243,0.84058,0.84067,4.88,1.13
2013.09.27 11:56:37.790,0.8406,0.84067,1.13,1.50
2013.09.27 11:56:37.910,0.8406,0.84067,1.13,1.13
2013.09.27 11:56:38.030,0.84059,0.84068,1.13,1.88
2013.09.27 11:56:38.210,0.84061,0.84069,1.50,3.60
2013.09.27 11:56:38.871,0.84061,0.8407,1.50,4.73
2013.09.27 11:56:39.410,0.84061,0.84068,1.50,1.13
2013.09.27 11:56:40.139,0.8406,0.84068,1.50,1.13
2013.09.27 11:56:41.363,0.84059,0.84068,1.88,2.63
2013.09.27 11:56:41.789,0.84058,0.84066,1.88,2.25
2013.09.27 11:56:42.330,0.84056,0.84065,1.50,2.63
2013.09.27 11:56:42.690,0.84055,0.84064,1.88,1.13
2013.09.27 11:56:43.649,0.84055,0.84064,1.50,1.88
2013.09.27 11:56:44.070,0.84056,0.84065,1.88,1.50
2013.09.27 11:56:44.490,0.84056,0.84064,1.13,2.10
2013.09.27 11:56:45.030,0.84054,0.84064,1.13,4.73
2013.09.27 11:56:45.820,0.84054,0.84063,1.13,1.50
2013.09.27 11:56:46.421,0.84055,0.84062,1.13,1.50
2013.09.27 11:56:47.069,0.84054,0.84062,1.88,1.50
2013.09.27 11:56:48.281,0.84054,0.84062,1.13,1.50
2013.09.27 11:56:48.403,0.84054,0.84062,1.13,2.25
2013.09.27 11:56:48.950,0.84052,0.8406,1.50,2.25
2013.09.27 11:56:49.250,0.84052,0.8406,1.13,3.00
2013.09.27 11:56:49.370,0.84051,0.84059,1.50,1.13
2013.09.27 11:56:49.549,0.84053,0.8406,1.13,3.60
2013.09.27 11:56:49.610,0.8405,0.84059,1.50,3.98
2013.09.27 11:56:49.796,0.84049,0.84057,1.13,1.50
2013.09.27 11:56:50.342,0.84049,0.84057,1.13,1.50
2013.09.27 11:56:50.881,0.84049,0.84057,1.88,1.13
2013.09.27 11:56:50.940,0.84049,0.84058,2.25,2.25
2013.09.27 11:56:54.864,0.84051,0.8406,1.13,3.75
2013.09.27 11:56:55.050,0.84053,0.84061,1.88,4.88
2013.09.27 11:56:55.412,0.84053,0.84061,1.50,2.63
2013.09.27 11:56:55.530,0.84052,0.8406,1.50,1.88
2013.09.27 11:56:55.649,0.84052,0.8406,1.50,1.88
2013.09.27 11:56:55.709,0.84051,0.8406,1.50,2.63
2013.09.27 11:56:56.070,0.84051,0.84059,1.50,1.13
2013.09.27 11:56:56.610,0.84051,0.84059,1.50,1.88
2013.09.27 11:56:57.270,0.84051,0.84059,1.50,1.13
2013.09.27 11:56:57.390,0.84051,0.8406,1.50,2.63
2013.09.27 11:56:57.878,0.84051,0.8406,1.50,2.63
2013.09.27 11:56:58.119,0.84051,0.8406,1.50,2.63
2013.09.27 11:56:58.664,0.8405,0.84059,2.63,1.50
2013.09.27 11:56:59.760,0.84051,0.8406,1.50,1.88
2013.09.27 11:56:59.880,0.84051,0.8406,1.50,3.98
2013.09.27 11:57:00.420,0.8405,0.84059,1.88,2.10
2013.09.27 11:57:00.900,0.84051,0.84059,1.50,2.85
2013.09.27 11:57:01.260,0.84055,0.84062,1.88,3.00
2013.09.27 11:57:01.380,0.84055,0.84064,2.63,1.35
2013.09.27 11:57:01.560,0.84055,0.84064,2.25,2.48
2013.09.27 11:57:01.922,0.84054,0.84063,2.25,1.73
2013.09.27 11:57:02.040,0.84055,0.84063,1.13,2.10
2013.09.27 11:57:02.342,0.84057,0.84065,1.50,1.88
2013.09.27 11:57:02.651,0.84056,0.84063,1.13,1.13
2013.09.27 11:57:02.710,0.84058,0.84064,1.13,1.50
2013.09.27 11:57:03.070,0.84058,0.84065,1.50,1.88
2013.09.27 11:57:03.833,0.8406,0.84068,1.88,5.10
2013.09.27 11:57:04.140,0.84061,0.84068,1.50,1.88
2013.09.27 11:57:04.982,0.84061,0.8407,1.50,4.13
2013.09.27 11:57:05.880,0.84061,0.8407,1.88,6.23
2013.09.27 11:57:06.419,0.84063,0.8407,1.13,3.38
2013.09.27 11:57:06.960,0.84061,0.8407,2.25,4.50
2013.09.27 11:57:07.500,0.84061,0.84069,1.88,1.13
2013.09.27 11:57:08.041,0.84063,0.84069,1.50,2.10
2013.09.27 11:57:08.521,0.84063,0.84071,1.50,1.88
2013.09.27 11:57:08.639,0.84063,0.84071,1.13,1.88
2013.09.27 11:57:08.941,0.84061,0.84068,1.50,1.50
2013.09.27 11:57:09.001,0.84061,0.84069,1.50,3.00
2013.09.27 11:57:09.239,0.84061,0.84069,1.13,4.50
2013.09.27 11:57:09.780,0.8406,0.84068,1.13,2.25
2013.09.27 11:57:11.280,0.84059,0.84068,1.88,2.25
2013.09.27 11:57:11.820,0.84059,0.84068,1.50,4.13
2013.09.27 11:57:11.879,0.84059,0.84067,1.50,1.88
2013.09.27 11:57:11.939,0.84059,0.84067,1.50,1.88
2013.09.27 11:57:12.254,0.8406,0.84066,1.13,1.50
2013.09.27 11:57:12.561,0.84059,0.84068,2.25,3.38
2013.09.27 11:57:12.870,0.84059,0.84066,1.50,1.13
2013.09.27 11:57:12.930,0.84058,0.84066,2.25,1.13
2013.09.27 11:57:13.643,0.8406,0.84069,2.63,2.25
2013.09.27 11:57:14.011,0.8406,0.84069,2.25,3.00
2013.09.27 11:57:14.195,0.84061,0.84068,1.50,1.13
2013.09.27 11:57:14.501,0.8406,0.84068,1.50,4.35
2013.09.27 11:57:14.680,0.84058,0.84066,1.50,1.13
2013.09.27 11:57:14.861,0.84057,0.84066,1.50,2.25
2013.09.27 11:57:15.102,0.8406,0.84068,1.50,3.98
2013.09.27 11:57:15.644,0.8406,0.84067,3.00,1.50
2013.09.27 11:57:15.711,0.8406,0.8407,3.75,4.73
2013.09.27 11:57:15.771,0.84063,0.8407,1.13,3.00
2013.09.27 11:57:16.370,0.84064,0.8407,1.50,1.50
2013.09.27 11:57:16.490,0.84065,0.84073,1.50,3.60
2013.09.27 11:57:16.851,0.84065,0.84073,1.88,2.85
2013.09.27 11:57:16.912,0.84065,0.84073,1.50,3.23
2013.09.27 11:57:17.210,0.84064,0.84073,2.25,4.35
2013.09.27 11:57:17.762,0.84065,0.84072,1.50,2.10
2013.09.27 11:57:18.291,0.84066,0.84071,1.50,1.13
2013.09.27 11:57:18.831,0.84066,0.84072,1.50,2.63
2013.09.27 11:57:19.371,0.84064,0.84071,1.50,1.13
2013.09.27 11:57:20.188,0.84068,0.84076,1.50,2.63
2013.09.27 11:57:20.382,0.84067,0.84076,1.50,1.88
2013.09.27 11:57:20.922,0.84069,0.84075,1.50,1.13
2013.09.27 11:57:21.223,0.84068,0.84076,1.50,1.88
2013.09.27 11:57:21.761,0.84068,0.84076,2.25,1.88
2013.09.27 11:57:21.821,0.84068,0.84076,2.25,1.88
2013.09.27 11:57:22.985,0.84068,0.84075,1.13,1.88
2013.09.27 11:57:23.522,0.84069,0.84076,1.50,1.13
2013.09.27 11:57:24.003,0.84069,0.84077,1.13,2.85
2013.09.27 11:57:24.313,0.84068,0.84076,2.25,1.13
2013.09.27 11:57:24.430,0.84068,0.84076,1.88,1.50
2013.09.27 11:57:24.550,0.84067,0.84075,3.38,1.13
2013.09.27 11:57:24.671,0.84067,0.84075,2.63,1.13
2013.09.27 11:57:24.790,0.84067,0.84075,2.63,3.60
2013.09.27 11:57:24.910,0.84067,0.84075,1.88,3.60
2013.09.27 11:57:25.270,0.84067,0.84075,1.50,1.13
2013.09.27 11:57:25.450,0.84067,0.84075,2.25,1.13
2013.09.27 11:57:25.510,0.84067,0.84075,2.25,1.50
2013.09.27 11:57:25.811,0.84065,0.84074,1.50,2.85
2013.09.27 11:57:25.871,0.84065,0.84073,1.13,1.88
2013.09.27 11:57:25.990,0.84065,0.84073,1.88,1.13
2013.09.27 11:57:26.111,0.84065,0.84072,2.63,1.88
2013.09.27 11:57:26.471,0.84067,0.84072,1.13,1.50
2013.09.27 11:57:26.591,0.84064,0.84071,2.25,1.13
2013.09.27 11:57:26.890,0.84064,0.84072,1.50,1.13
2013.09.27 11:57:27.071,0.84064,0.84071,1.50,1.13
2013.09.27 11:57:27.136,0.84064,0.84071,1.50,1.13
2013.09.27 11:57:28.611,0.84065,0.84073,2.63,1.13
2013.09.27 11:57:29.151,0.84064,0.84071,1.88,2.10
2013.09.27 11:57:29.331,0.84063,0.8407,3.38,1.35
2013.09.27 11:57:29.391,0.84062,0.8407,1.50,1.73
2013.09.27 11:57:29.931,0.84062,0.84071,2.25,1.50
2013.09.27 11:57:30.223,0.84062,0.8407,2.25,1.13
2013.09.27 11:57:30.581,0.84062,0.8407,1.50,1.88
2013.09.27 11:57:30.761,0.84061,0.8407,3.00,2.25
2013.09.27 11:57:30.881,0.84063,0.84071,2.25,1.88
2013.09.27 11:57:31.240,0.84063,0.84071,1.88,1.13
2013.09.27 11:57:31.483,0.84063,0.8407,1.88,1.13
2013.09.27 11:57:31.660,0.84063,0.8407,1.88,1.13
2013.09.27 11:57:31.843,0.84061,0.84069,1.50,1.13
2013.09.27 11:57:32.081,0.8406,0.84069,1.88,1.88
2013.09.27 11:57:33.393,0.8406,0.84069,1.88,1.88
2013.09.27 11:57:33.514,0.8406,0.84069,1.88,1.88
2013.09.27 11:57:33.851,0.8406,0.84069,2.63,1.13
2013.09.27 11:57:34.390,0.84062,0.8407,1.50,2.25
2013.09.27 11:57:34.630,0.8406,0.84069,2.25,1.13
2013.09.27 11:57:34.930,0.84059,0.84069,2.63,1.88
2013.09.27 11:57:35.232,0.84059,0.84068,3.38,3.23
2013.09.27 11:57:35.350,0.84059,0.84068,2.63,1.88
2013.09.27 11:57:35.831,0.84059,0.84068,1.50,1.88
2013.09.27 11:57:36.011,0.84059,0.84068,1.50,3.98
2013.09.27 11:57:36.553,0.84059,0.84068,3.75,1.13
2013.09.27 11:57:37.090,0.8406,0.84069,1.50,2.63
2013.09.27 11:57:39.861,0.84061,0.84069,1.50,1.13
2013.09.27 11:57:39.981,0.84061,0.8407,3.75,3.23
2013.09.27 11:57:40.040,0.84062,0.8407,1.50,2.48
2013.09.27 11:57:40.160,0.84061,0.8407,3.75,2.48
2013.09.27 11:57:40.642,0.84062,0.8407,1.13,1.50
2013.09.27 11:57:40.762,0.84062,0.8407,1.88,1.50
2013.09.27 11:57:40.824,0.84062,0.8407,1.50,1.13
2013.09.27 11:57:40.952,0.84063,0.84071,2.25,1.13
2013.09.27 11:57:41.311,0.84062,0.84071,3.00,3.38
2013.09.27 11:57:41.371,0.84062,0.84071,1.50,4.13
2013.09.27 11:57:41.490,0.84062,0.8407,1.50,1.88
2013.09.27 11:57:41.791,0.84063,0.84071,1.13,1.88
2013.09.27 11:57:42.155,0.84065,0.84072,1.13,1.50
2013.09.27 11:57:42.343,0.84064,0.84071,1.50,2.10
2013.09.27 11:57:43.773,0.84063,0.84071,1.88,1.88
2013.09.27 11:57:44.143,0.84062,0.8407,1.50,1.73
2013.09.27 11:57:44.440,0.84063,0.8407,1.50,1.73
2013.09.27 11:57:46.300,0.84063,0.8407,1.50,2.63
2013.09.27 11:57:46.801,0.84063,0.8407,1.50,1.88
2013.09.27 11:57:48.250,0.84063,0.84071,1.88,1.88
2013.09.27 11:57:48.371,0.84065,0.84071,1.50,1.88
2013.09.27 11:57:48.551,0.84067,0.84074,1.13,1.50
2013.09.27 11:57:48.671,0.84066,0.84072,1.50,1.13
2013.09.27 11:57:48.731,0.84065,0.84071,1.13,1.13
2013.09.27 11:57:48.971,0.84063,0.84072,2.63,1.88
2013.09.27 11:57:49.481,0.84064,0.84072,1.50,1.13
2013.09.27 11:57:49.541,0.84064,0.84072,1.50,1.50
2013.09.27 11:57:50.380,0.84061,0.84066,2.25,2.48
2013.09.27 11:57:50.501,0.8406,0.84065,1.50,1.13
2013.09.27 11:57:50.560,0.84058,0.84065,1.88,2.63
2013.09.27 11:57:50.620,0.84057,0.84064,3.00,1.13
2013.09.27 11:57:50.681,0.84057,0.84064,3.00,1.13
2013.09.27 11:57:50.801,0.84057,0.84064,1.88,1.13
2013.09.27 11:57:50.862,0.84057,0.84064,1.50,1.50
2013.09.27 11:57:51.401,0.84056,0.84062,1.88,1.50
2013.09.27 11:57:52.182,0.84054,0.8406,1.13,1.13
2013.09.27 11:57:52.677,0.84056,0.84061,1.13,1.50
2013.09.27 11:57:52.981,0.84053,0.84061,1.13,2.25
2013.09.27 11:57:53.340,0.84052,0.84059,1.88,1.50
2013.09.27 11:57:53.940,0.84052,0.8406,1.50,3.00
2013.09.27 11:57:54.481,0.84051,0.8406,1.88,2.25
2013.09.27 11:57:55.224,0.84051,0.8406,1.50,2.63
2013.09.27 11:57:56.281,0.84051,0.84059,1.50,1.88
2013.09.27 11:57:56.821,0.84051,0.84059,1.88,2.25
2013.09.27 11:57:57.840,0.84049,0.84058,1.88,1.50
2013.09.27 11:57:58.380,0.84051,0.84059,1.13,2.25
2013.09.27 11:57:59.100,0.84049,0.84059,3.00,1.88
2013.09.27 11:57:59.403,0.84049,0.84058,3.00,1.13
2013.09.27 11:57:59.651,0.84052,0.84059,1.50,2.25
2013.09.27 11:58:02.342,0.84051,0.8406,1.13,3.75
2013.09.27 11:58:02.522,0.8405,0.84058,1.88,1.13
2013.09.27 11:58:02.880,0.84052,0.84059,1.50,3.00
2013.09.27 11:58:03.181,0.84052,0.8406,1.50,2.25
2013.09.27 11:58:03.691,0.84051,0.84061,1.88,5.48
2013.09.27 11:58:04.231,0.84051,0.8406,1.50,2.25
2013.09.27 11:58:05.314,0.84051,0.84061,1.50,3.98
2013.09.27 11:58:05.861,0.84051,0.84059,1.13,1.50
2013.09.27 11:58:07.414,0.84052,0.84059,1.50,1.13
2013.09.27 11:58:07.953,0.84053,0.84061,1.88,1.50
2013.09.27 11:58:08.501,0.84053,0.84061,1.50,1.88
2013.09.27 11:58:09.160,0.84052,0.8406,1.50,1.88
2013.09.27 11:58:09.340,0.84052,0.8406,1.50,2.63
2013.09.27 11:58:10.571,0.84052,0.8406,1.50,1.88
2013.09.27 11:58:11.892,0.84053,0.84061,1.13,1.50
2013.09.27 11:58:12.011,0.8405,0.84059,3.75,2.25
2013.09.27 11:58:12.370,0.84049,0.84058,1.13,1.88
2013.09.27 11:58:12.912,0.84049,0.84058,1.13,1.88
2013.09.27 11:58:13.270,0.84047,0.84057,2.25,1.13
2013.09.27 11:58:13.631,0.84049,0.84058,1.13,1.88
2013.09.27 11:58:14.170,0.84049,0.84058,1.13,3.75
2013.09.27 11:58:14.711,0.84051,0.84059,1.13,2.25
2013.09.27 11:58:15.250,0.84051,0.8406,1.13,6.98
2013.09.27 11:58:16.161,0.84049,0.84059,1.13,2.63
2013.09.27 11:58:16.748,0.84051,0.84059,1.13,3.00
2013.09.27 11:58:17.305,0.84051,0.84058,1.13,2.25
2013.09.27 11:58:18.922,0.84049,0.84058,1.13,4.35
2013.09.27 11:58:19.460,0.84049,0.84059,1.88,1.88
2013.09.27 11:58:21.260,0.8405,0.84059,1.13,1.13
2013.09.27 11:58:22.970,0.84049,0.84059,1.13,2.63
2013.09.27 11:58:23.851,0.84049,0.84058,1.13,1.13
2013.09.27 11:58:24.390,0.84049,0.84058,1.13,1.88
2013.09.27 11:58:28.770,0.84049,0.84059,2.25,2.63
2013.09.27 11:58:29.321,0.84049,0.84059,1.50,3.38
2013.09.27 11:58:30.330,0.84049,0.84059,2.25,2.63
2013.09.27 11:58:30.691,0.84051,0.84059,1.88,2.25
2013.09.27 11:58:30.930,0.84054,0.84061,1.13,1.50
2013.09.27 11:58:31.470,0.84053,0.84061,1.50,1.88
2013.09.27 11:58:34.816,0.84052,0.84058,1.50,2.10
2013.09.27 11:58:34.941,0.84051,0.84056,2.25,1.88
2013.09.27 11:58:35.482,0.84049,0.84057,1.88,1.50
2013.09.27 11:58:36.320,0.84051,0.84057,1.13,1.50
2013.09.27 11:58:37.104,0.84049,0.84057,2.63,1.50
2013.09.27 11:58:37.710,0.8405,0.84057,1.13,1.50
2013.09.27 11:58:38.261,0.84049,0.84057,1.13,1.50
2013.09.27 11:58:38.801,0.84048,0.84056,1.50,1.88
2013.09.27 11:58:39.340,0.84046,0.84056,2.63,3.75
2013.09.27 11:58:39.890,0.84046,0.84055,2.25,1.73
2013.09.27 11:58:40.432,0.84046,0.84055,1.13,2.85
2013.09.27 11:58:40.973,0.84046,0.84056,2.63,2.25
2013.09.27 11:58:41.213,0.84047,0.84056,1.13,1.88
2013.09.27 11:58:41.781,0.84046,0.84056,3.00,1.88
2013.09.27 11:58:42.411,0.84046,0.84056,2.25,2.63
2013.09.27 11:58:43.601,0.84046,0.84055,1.50,4.35
2013.09.27 11:58:44.140,0.84045,0.84055,2.25,4.73
2013.09.27 11:58:44.680,0.84045,0.84053,1.50,1.13
2013.09.27 11:58:46.251,0.84045,0.84054,1.13,2.25
2013.09.27 11:58:46.611,0.84043,0.84052,3.00,1.13
2013.09.27 11:58:46.731,0.84043,0.84052,2.63,1.50
2013.09.27 11:58:47.131,0.84043,0.84052,2.25,1.88
2013.09.27 11:58:47.898,0.84043,0.84052,1.13,1.50
2013.09.27 11:58:48.384,0.84043,0.84051,1.13,1.50
2013.09.27 11:58:49.781,0.84043,0.84052,1.13,3.75
2013.09.27 11:58:50.141,0.84046,0.84052,1.50,1.88
2013.09.27 11:58:50.200,0.84046,0.84053,1.50,1.13
2013.09.27 11:58:50.750,0.84047,0.84055,1.13,2.25
2013.09.27 11:58:51.421,0.84046,0.84054,1.50,1.13
2013.09.27 11:58:51.720,0.84046,0.84054,1.50,1.13
2013.09.27 11:58:51.841,0.84045,0.84053,3.00,1.13
2013.09.27 11:58:52.629,0.84048,0.84054,1.13,1.50
2013.09.27 11:58:53.183,0.84046,0.84055,1.50,1.13
2013.09.27 11:58:53.721,0.84046,0.84055,2.25,1.13
2013.09.27 11:58:54.871,0.84046,0.84055,1.50,2.63
2013.09.27 11:58:55.411,0.84044,0.84051,1.50,1.13
2013.09.27 11:58:55.771,0.84046,0.84052,1.50,1.50
2013.09.27 11:58:55.833,0.84046,0.84051,1.50,1.13
2013.09.27 11:58:56.371,0.84045,0.84051,1.88,1.35
2013.09.27 11:58:59.131,0.84043,0.84051,1.50,2.55
2013.09.27 11:58:59.870,0.84044,0.84051,1.13,1.73
2013.09.27 11:59:00.650,0.84042,0.84051,1.50,2.10
2013.09.27 11:59:01.190,0.84044,0.84051,1.13,2.48
2013.09.27 11:59:01.731,0.84044,0.84051,1.13,4.35
2013.09.27 11:59:02.210,0.84043,0.8405,1.13,1.13
2013.09.27 11:59:02.751,0.8404,0.8405,1.13,4.50
2013.09.27 11:59:03.470,0.84042,0.8405,1.13,3.98
2013.09.27 11:59:04.010,0.84042,0.8405,1.13,4.13
2013.09.27 11:59:04.671,0.84041,0.84049,1.13,1.50
2013.09.27 11:59:05.214,0.8404,0.84048,1.13,2.25
2013.09.27 11:59:05.750,0.8404,0.84049,1.88,1.50
2013.09.27 11:59:06.171,0.8404,0.84048,1.50,1.13
2013.09.27 11:59:06.471,0.84039,0.84046,1.50,1.50
2013.09.27 11:59:07.011,0.84038,0.84046,1.50,1.13
2013.09.27 11:59:07.311,0.84039,0.84048,1.13,2.25
2013.09.27 11:59:08.862,0.84039,0.84048,1.50,2.63
2013.09.27 11:59:08.981,0.84041,0.84048,1.50,1.50
2013.09.27 11:59:09.282,0.8404,0.84048,1.13,2.25
2013.09.27 11:59:09.582,0.84041,0.84048,1.13,1.13
2013.09.27 11:59:09.886,0.84041,0.84049,1.50,2.25
2013.09.27 11:59:09.951,0.84041,0.84049,1.50,3.00
2013.09.27 11:59:10.371,0.84041,0.84048,1.13,1.13
2013.09.27 11:59:10.674,0.84041,0.84048,1.50,2.85
2013.09.27 11:59:11.360,0.8404,0.84048,1.13,2.85
2013.09.27 11:59:11.881,0.8404,0.84048,1.13,3.60
2013.09.27 11:59:13.070,0.84039,0.84048,1.50,3.98
2013.09.27 11:59:14.793,0.84038,0.84047,2.63,1.35
2013.09.27 11:59:15.330,0.8404,0.84047,1.13,1.73
2013.09.27 11:59:15.690,0.8404,0.84047,1.13,1.35
2013.09.27 11:59:17.150,0.84038,0.84047,2.63,1.35
2013.09.27 11:59:19.011,0.84041,0.84048,1.13,2.85
2013.09.27 11:59:19.313,0.84044,0.84051,1.13,2.25
2013.09.27 11:59:19.372,0.84045,0.84051,1.50,1.50
2013.09.27 11:59:20.341,0.84043,0.84051,1.88,1.50
2013.09.27 11:59:20.871,0.84042,0.84051,1.50,1.88
2013.09.27 11:59:22.191,0.84043,0.84052,1.13,3.00
2013.09.27 11:59:22.311,0.84045,0.84052,1.13,1.50
2013.09.27 11:59:22.372,0.84045,0.84052,1.13,1.50
2013.09.27 11:59:22.673,0.84043,0.8405,1.13,1.13
2013.09.27 11:59:22.971,0.84042,0.84049,1.88,1.50
2013.09.27 11:59:23.273,0.84043,0.8405,1.13,1.73
2013.09.27 11:59:28.581,0.84043,0.84051,1.50,1.13
2013.09.27 11:59:29.123,0.84043,0.84051,2.63,2.25
2013.09.27 11:59:29.481,0.84043,0.84048,1.13,2.85
2013.09.27 11:59:30.014,0.84042,0.84049,1.13,3.00
2013.09.27 11:59:30.561,0.8404,0.84048,1.50,1.13
2013.09.27 11:59:31.964,0.84041,0.84048,1.50,1.13
2013.09.27 11:59:32.323,0.84043,0.84051,1.50,1.50
2013.09.27 11:59:35.211,0.84045,0.84053,1.13,1.13
2013.09.27 11:59:35.391,0.84045,0.84051,2.25,1.13
2013.09.27 11:59:35.511,0.84046,0.84053,1.13,1.13
2013.09.27 11:59:35.642,0.84045,0.84051,1.50,1.13
2013.09.27 11:59:35.701,0.84046,0.84053,1.13,1.13
2013.09.27 11:59:35.821,0.84045,0.84051,1.50,1.13
2013.09.27 11:59:36.061,0.84047,0.84053,1.13,1.13
2013.09.27 11:59:36.304,0.84047,0.84054,1.13,1.50
2013.09.27 11:59:36.842,0.84048,0.84055,1.13,2.25
2013.09.27 11:59:38.110,0.84045,0.84054,3.00,1.50
2013.09.27 11:59:40.771,0.84045,0.84054,2.25,2.25
2013.09.27 11:59:41.132,0.84046,0.84054,1.13,1.50
2013.09.27 11:59:41.672,0.84047,0.84056,1.13,1.13
2013.09.27 11:59:42.032,0.84052,0.84057,1.50,2.25
2013.09.27 11:59:42.092,0.84052,0.84061,2.25,1.88
2013.09.27 11:59:42.211,0.84052,0.84059,1.50,3.00
2013.09.27 11:59:42.915,0.84052,0.84059,1.13,1.50
2013.09.27 11:59:43.044,0.84051,0.84059,1.13,3.00
2013.09.27 11:59:43.604,0.84047,0.84057,2.25,1.13
2013.09.27 11:59:43.665,0.84047,0.84056,2.25,1.13
2013.09.27 11:59:43.731,0.84048,0.84057,1.13,1.50
2013.09.27 11:59:43.791,0.84048,0.84057,1.13,1.50
2013.09.27 11:59:43.971,0.84047,0.84055,1.13,1.13
2013.09.27 11:59:44.211,0.84046,0.84055,1.88,1.50
2013.09.27 11:59:44.330,0.84047,0.84055,1.13,1.13
2013.09.27 11:59:44.591,0.84047,0.84055,1.13,1.13
2013.09.27 11:59:45.132,0.84048,0.84056,1.50,3.00
2013.09.27 11:59:45.851,0.84047,0.84056,2.25,2.25
2013.09.27 11:59:47.061,0.84047,0.84056,2.25,3.00
2013.09.27 11:59:47.749,0.84047,0.84056,1.50,3.00
2013.09.27 11:59:48.413,0.84048,0.84056,1.50,3.00
2013.09.27 11:59:48.531,0.8405,0.84056,1.50,1.50
2013.09.27 11:59:49.071,0.84049,0.84057,2.25,2.25
2013.09.27 11:59:49.671,0.8405,0.84057,3.00,1.50
2013.09.27 11:59:49.914,0.84051,0.8406,2.25,2.25
2013.09.27 11:59:50.460,0.84051,0.84059,2.25,1.50
2013.09.27 11:59:51.002,0.8405,0.84059,3.00,1.50
2013.09.27 11:59:52.311,0.8405,0.84059,1.50,1.50
2013.09.27 11:59:53.090,0.84051,0.8406,1.50,3.00
2013.09.27 11:59:53.630,0.84051,0.84059,2.25,1.50
2013.09.27 11:59:53.990,0.84049,0.84058,3.00,1.50
2013.09.27 11:59:54.855,0.84049,0.84057,3.00,1.50
2013.09.27 11:59:55.112,0.84049,0.84059,3.75,3.00
2013.09.27 11:59:55.771,0.8405,0.84059,2.25,1.50
2013.09.27 11:59:56.490,0.8405,0.84059,1.50,2.25
2013.09.27 11:59:56.670,0.84049,0.84057,2.25,1.50
2013.09.27 11:59:57.452,0.84049,0.84057,2.25,1.50
2013.09.27 11:59:57.992,0.84049,0.84056,2.25,1.50
2013.09.27 11:59:58.543,0.84049,0.84056,2.25,1.50
2013.09.27 11:59:59.081,0.84049,0.84055,1.50,1.50
2013.09.27 11:59:59.861,0.84046,0.84056,1.13,3.75
