2009.09.17 11:00:00.459,0.8904,0.8905,2.40,4.00
2009.09.17 11:00:01.159,0.8904,0.89055,2.40,7.20
2009.09.17 11:00:01.499,0.8904,0.89055,3.30,5.60
2009.09.17 11:00:01.849,0.8904,0.89055,3.30,5.20
2009.09.17 11:00:06.088,0.8904,0.89055,3.60,6.00
2009.09.17 11:00:06.328,0.8904,0.89055,3.60,11.20
2009.09.17 11:00:06.627,0.8904,0.89055,3.60,6.00
2009.09.17 11:00:06.968,0.8904,0.89055,3.40,6.10
2009.09.17 11:00:07.328,0.89035,0.8905,4.80,3.20
2009.09.17 11:00:07.677,0.89035,0.8905,2.40,4.00
2009.09.17 11:00:08.507,0.8903,0.89045,3.20,2.40
2009.09.17 11:00:08.627,0.8903,0.89045,2.40,3.20
2009.09.17 11:00:09.427,0.8903,0.89045,3.20,2.40
2009.09.17 11:00:09.657,0.8903,0.89045,6.40,2.40
2009.09.17 11:00:09.997,0.8903,0.89045,3.20,2.40
2009.09.17 11:00:10.397,0.89035,0.8905,2.40,7.90
2009.09.17 11:00:10.737,0.89035,0.8905,2.40,10.10
2009.09.17 11:00:11.087,0.89035,0.8905,2.40,12.90
2009.09.17 11:00:11.417,0.89035,0.89045,2.40,1.00
2009.09.17 11:00:12.866,0.89035,0.8905,2.40,24.00
2009.09.17 11:00:13.206,0.89035,0.8905,2.40,20.70
2009.09.17 11:00:13.316,0.89035,0.89045,2.40,1.00
2009.09.17 11:00:13.436,0.8903,0.89045,2.40,3.20
2009.09.17 11:00:14.786,0.8903,0.89045,2.40,3.30
2009.09.17 11:00:19.315,0.8903,0.89045,2.40,6.50
2009.09.17 11:00:19.375,0.89025,0.8904,14.40,2.40
2009.09.17 11:00:19.435,0.89025,0.8904,11.10,2.40
2009.09.17 11:00:19.495,0.89025,0.8904,9.60,2.40
2009.09.17 11:00:19.605,0.89025,0.8904,2.40,3.20
2009.09.17 11:00:21.374,0.89025,0.8904,2.40,6.50
2009.09.17 11:00:21.724,0.89025,0.8904,2.40,12.10
2009.09.17 11:00:21.994,0.89025,0.8904,2.40,10.70
2009.09.17 11:00:22.754,0.89025,0.8904,2.40,7.30
2009.09.17 11:00:22.984,0.89025,0.8904,3.40,3.20
2009.09.17 11:00:23.164,0.89025,0.8904,4.20,2.40
2009.09.17 11:00:23.343,0.89025,0.8904,8.20,2.40
2009.09.17 11:00:25.193,0.89025,0.8904,3.40,3.20
2009.09.17 11:00:25.583,0.89025,0.8904,6.40,3.20
2009.09.17 11:00:25.923,0.89025,0.8904,2.40,7.20
2009.09.17 11:00:26.273,0.89025,0.8904,2.40,3.20
2009.09.17 11:00:26.963,0.89025,0.8904,2.40,11.10
2009.09.17 11:00:27.663,0.89025,0.89035,2.40,1.00
2009.09.17 11:00:29.302,0.89025,0.89035,2.40,1.00
2009.09.17 11:00:29.412,0.89025,0.89035,2.40,3.30
2009.09.17 11:00:29.522,0.89025,0.89035,2.40,3.20
2009.09.17 11:00:31.302,0.89025,0.8904,2.40,15.10
2009.09.17 11:00:31.652,0.89025,0.8904,2.40,11.30
2009.09.17 11:00:35.471,0.8902,0.89035,7.30,4.80
2009.09.17 11:00:35.820,0.8902,0.89035,6.50,6.00
2009.09.17 11:00:36.171,0.8902,0.89035,2.50,6.00
2009.09.17 11:00:36.571,0.8902,0.89035,3.60,10.00
2009.09.17 11:00:36.921,0.8902,0.8903,2.40,1.00
2009.09.17 11:00:37.960,0.8902,0.8903,2.40,4.00
2009.09.17 11:00:38.310,0.8902,0.8903,2.40,4.80
2009.09.17 11:00:38.880,0.8902,0.8903,2.40,1.60
2009.09.17 11:00:42.529,0.8902,0.8903,2.40,4.80
2009.09.17 11:00:43.449,0.8902,0.8903,2.40,1.60
2009.09.17 11:00:44.499,0.8902,0.89035,2.40,15.60
2009.09.17 11:00:44.719,0.8902,0.8903,2.40,1.00
2009.09.17 11:00:45.078,0.8902,0.89035,2.40,14.00
2009.09.17 11:00:45.459,0.8902,0.89035,2.40,17.00
2009.09.17 11:00:45.798,0.8902,0.89035,2.40,17.10
2009.09.17 11:00:46.418,0.8902,0.8903,2.40,2.40
2009.09.17 11:00:46.658,0.8902,0.8903,2.40,4.90
2009.09.17 11:00:46.878,0.8902,0.8903,2.40,4.10
2009.09.17 11:00:47.278,0.8902,0.8903,2.40,2.50
2009.09.17 11:00:47.618,0.8902,0.89035,2.40,13.30
2009.09.17 11:00:47.968,0.8902,0.89035,2.40,16.50
2009.09.17 11:00:48.188,0.8902,0.89035,2.40,16.30
2009.09.17 11:00:50.387,0.8902,0.89035,2.40,13.10
2009.09.17 11:00:51.377,0.8902,0.89035,2.40,11.30
2009.09.17 11:00:51.727,0.8902,0.89035,2.40,8.80
2009.09.17 11:00:52.057,0.8902,0.89035,3.30,8.00
2009.09.17 11:00:52.636,0.8902,0.89035,2.50,8.80
2009.09.17 11:00:53.936,0.8902,0.89035,3.30,4.00
2009.09.17 11:00:54.106,0.8902,0.89035,3.30,8.00
2009.09.17 11:00:54.906,0.8902,0.89035,3.30,4.00
2009.09.17 11:00:55.926,0.8902,0.89035,2.50,8.80
2009.09.17 11:00:56.216,0.8902,0.89035,2.40,9.60
2009.09.17 11:00:56.856,0.8902,0.89035,2.40,12.90
2009.09.17 11:00:57.205,0.8902,0.89035,2.40,16.30
2009.09.17 11:00:57.565,0.8902,0.89035,2.40,13.10
2009.09.17 11:01:00.255,0.8902,0.89035,3.40,10.30
2009.09.17 11:01:00.585,0.8902,0.89035,3.40,20.00
2009.09.17 11:01:00.975,0.8902,0.89035,2.40,20.00
2009.09.17 11:01:01.744,0.8902,0.89035,2.40,25.20
2009.09.17 11:01:02.094,0.89015,0.8903,11.40,4.00
2009.09.17 11:01:05.933,0.89015,0.8903,14.60,4.00
2009.09.17 11:01:06.263,0.8902,0.89035,3.40,16.80
2009.09.17 11:01:06.563,0.8902,0.89035,2.40,16.80
2009.09.17 11:01:09.983,0.8902,0.89035,3.40,20.00
2009.09.17 11:01:10.672,0.8902,0.89035,3.40,12.80
2009.09.17 11:01:11.062,0.8902,0.89035,4.20,8.10
2009.09.17 11:01:11.402,0.8902,0.89035,3.40,8.90
2009.09.17 11:01:11.732,0.8902,0.89035,3.40,16.30
2009.09.17 11:01:12.082,0.8902,0.89035,3.40,16.80
2009.09.17 11:01:13.402,0.8902,0.89035,3.40,20.00
2009.09.17 11:01:13.572,0.8902,0.89035,3.40,16.80
2009.09.17 11:01:15.561,0.8902,0.89035,3.40,19.10
2009.09.17 11:01:15.901,0.8902,0.89035,3.40,19.90
2009.09.17 11:01:16.261,0.8902,0.89035,3.40,16.70
2009.09.17 11:01:16.961,0.8902,0.89035,3.40,16.80
2009.09.17 11:01:18.700,0.8902,0.89035,3.40,20.00
2009.09.17 11:01:18.930,0.8902,0.89035,3.40,16.80
2009.09.17 11:01:19.160,0.8902,0.89035,3.40,20.00
2009.09.17 11:01:19.380,0.8902,0.89035,3.40,16.80
2009.09.17 11:01:19.730,0.8902,0.89035,3.40,15.90
2009.09.17 11:01:20.060,0.8902,0.89035,3.40,14.30
2009.09.17 11:01:20.460,0.8902,0.89035,3.40,13.50
2009.09.17 11:01:21.859,0.8902,0.89035,3.40,14.30
2009.09.17 11:01:22.200,0.8902,0.89035,3.40,17.60
2009.09.17 11:01:25.769,0.8902,0.89035,3.40,12.00
2009.09.17 11:01:26.128,0.8902,0.89035,3.40,12.70
2009.09.17 11:01:26.518,0.8902,0.89035,3.40,13.50
2009.09.17 11:01:27.848,0.8902,0.89035,4.20,16.40
2009.09.17 11:01:27.968,0.8902,0.89035,7.60,13.10
2009.09.17 11:01:28.078,0.8902,0.89035,7.60,8.50
2009.09.17 11:01:28.188,0.8902,0.89035,6.80,9.30
2009.09.17 11:01:28.418,0.8902,0.89035,6.80,10.10
2009.09.17 11:01:28.528,0.8902,0.89035,6.60,10.10
2009.09.17 11:01:28.648,0.8902,0.89035,6.60,13.30
2009.09.17 11:01:28.758,0.8902,0.89035,6.60,14.10
2009.09.17 11:01:29.398,0.8902,0.89035,6.60,10.10
2009.09.17 11:01:30.927,0.8902,0.89035,7.60,8.50
2009.09.17 11:01:31.217,0.8902,0.89035,7.60,7.70
2009.09.17 11:01:31.577,0.8902,0.89035,7.60,4.00
2009.09.17 11:01:31.937,0.8902,0.89035,10.80,4.00
2009.09.17 11:01:34.417,0.8902,0.89035,7.60,4.00
2009.09.17 11:01:35.816,0.8902,0.89035,6.80,5.30
2009.09.17 11:01:36.156,0.8902,0.89035,7.60,4.50
2009.09.17 11:01:36.556,0.8902,0.89035,10.80,4.50
2009.09.17 11:01:36.856,0.8902,0.89035,6.60,12.70
2009.09.17 11:01:37.146,0.8902,0.89035,3.40,13.50
2009.09.17 11:01:38.306,0.8902,0.89035,3.40,5.50
2009.09.17 11:01:38.536,0.8902,0.89035,4.20,4.70
2009.09.17 11:01:38.705,0.8902,0.89035,4.20,8.70
2009.09.17 11:01:38.935,0.8902,0.89035,4.20,11.90
2009.09.17 11:01:39.645,0.8902,0.89035,4.20,8.70
2009.09.17 11:01:40.035,0.8902,0.89035,11.20,8.00
2009.09.17 11:01:40.386,0.8902,0.89035,7.60,4.00
2009.09.17 11:01:40.735,0.8902,0.89035,7.60,4.50
2009.09.17 11:01:42.745,0.8902,0.89035,6.80,8.50
2009.09.17 11:01:42.864,0.8902,0.89035,6.60,12.50
2009.09.17 11:01:44.414,0.8902,0.89035,7.40,11.70
2009.09.17 11:01:44.644,0.8902,0.89035,7.40,8.00
2009.09.17 11:01:44.814,0.8902,0.89035,6.60,8.80
2009.09.17 11:01:45.044,0.8902,0.89035,10.60,8.00
2009.09.17 11:01:45.214,0.8902,0.89035,7.60,8.00
2009.09.17 11:01:45.444,0.8902,0.89035,7.40,4.10
2009.09.17 11:01:45.784,0.8902,0.89035,7.40,8.10
2009.09.17 11:01:48.173,0.8902,0.89035,7.40,4.10
2009.09.17 11:01:48.573,0.8902,0.89035,7.40,8.10
2009.09.17 11:01:55.231,0.8902,0.89035,7.40,4.10
2009.09.17 11:01:55.282,0.8902,0.89035,7.40,4.00
2009.09.17 11:01:58.151,0.8902,0.89035,10.60,4.00
2009.09.17 11:01:58.211,0.8902,0.89035,11.20,4.00
2009.09.17 11:01:58.261,0.8902,0.89035,11.30,4.00
2009.09.17 11:01:58.371,0.8902,0.89035,12.90,4.00
2009.09.17 11:01:58.601,0.8902,0.89035,12.80,4.00
2009.09.17 11:01:58.781,0.8902,0.89035,11.20,4.00
2009.09.17 11:01:59.181,0.8902,0.89035,7.40,4.00
2009.09.17 11:01:59.531,0.8902,0.89035,7.40,8.10
2009.09.17 11:01:59.881,0.8902,0.89035,7.40,4.00
2009.09.17 11:02:00.520,0.89025,0.89035,4.00,4.00
2009.09.17 11:02:01.110,0.8903,0.8904,2.40,6.10
2009.09.17 11:02:01.500,0.89025,0.89035,6.40,4.00
2009.09.17 11:02:01.850,0.8902,0.89035,11.20,4.00
2009.09.17 11:02:02.380,0.8902,0.89035,10.60,11.70
2009.09.17 11:02:02.610,0.8902,0.89035,7.40,11.70
2009.09.17 11:02:02.850,0.8902,0.89035,6.60,12.50
2009.09.17 11:02:03.020,0.8902,0.89035,3.40,12.50
2009.09.17 11:02:03.649,0.8902,0.89035,3.40,12.70
2009.09.17 11:02:06.229,0.8902,0.89035,3.40,8.70
2009.09.17 11:02:06.989,0.8902,0.89035,3.40,12.70
2009.09.17 11:02:07.978,0.8902,0.89035,6.60,12.70
2009.09.17 11:02:08.429,0.8902,0.89035,3.40,12.70
2009.09.17 11:02:10.278,0.8902,0.89035,3.40,13.50
2009.09.17 11:02:10.918,0.8902,0.89035,3.40,12.70
2009.09.17 11:02:14.467,0.8902,0.89035,3.40,8.70
2009.09.17 11:02:14.577,0.8902,0.89035,3.40,8.50
2009.09.17 11:02:14.757,0.8902,0.89035,3.40,12.70
2009.09.17 11:02:16.716,0.8902,0.89035,3.40,8.70
2009.09.17 11:02:17.396,0.8902,0.89035,3.40,12.70
2009.09.17 11:02:18.656,0.8902,0.89035,3.40,9.90
2009.09.17 11:02:18.886,0.8902,0.89035,3.40,8.70
2009.09.17 11:02:19.116,0.8902,0.89035,3.40,12.70
2009.09.17 11:02:20.965,0.8902,0.89035,3.40,13.50
2009.09.17 11:02:21.305,0.8902,0.89035,3.40,15.90
2009.09.17 11:02:21.645,0.8902,0.89035,3.40,12.70
2009.09.17 11:02:22.035,0.8902,0.89035,3.40,14.70
2009.09.17 11:02:23.405,0.8902,0.89035,3.40,17.90
2009.09.17 11:02:23.685,0.8902,0.89035,3.40,13.90
2009.09.17 11:02:24.355,0.8902,0.89035,3.40,14.80
2009.09.17 11:02:28.194,0.8902,0.89035,3.40,11.60
2009.09.17 11:02:28.523,0.8902,0.89035,3.40,11.10
2009.09.17 11:02:28.574,0.8902,0.89035,3.40,8.90
2009.09.17 11:02:28.693,0.8902,0.89035,3.40,4.90
2009.09.17 11:02:28.913,0.8902,0.89035,3.40,8.90
2009.09.17 11:02:32.852,0.8902,0.89035,3.40,9.70
2009.09.17 11:02:32.962,0.8902,0.89035,3.40,11.10
2009.09.17 11:02:36.182,0.8902,0.89035,3.40,10.30
2009.09.17 11:02:36.522,0.8902,0.89035,3.40,8.90
2009.09.17 11:02:36.822,0.8902,0.89035,3.40,11.10
2009.09.17 11:02:37.512,0.8902,0.89035,4.20,10.30
2009.09.17 11:02:37.902,0.8902,0.89035,3.40,7.50
2009.09.17 11:02:38.362,0.8902,0.89035,3.40,11.50
2009.09.17 11:02:38.871,0.8902,0.89035,3.40,9.30
2009.09.17 11:02:47.999,0.8902,0.89035,3.40,9.50
2009.09.17 11:02:48.169,0.8902,0.89035,3.40,8.80
2009.09.17 11:02:48.399,0.8902,0.89035,6.60,4.80
2009.09.17 11:02:48.919,0.8902,0.89035,6.60,8.80
2009.09.17 11:02:49.969,0.8902,0.89035,6.80,8.80
2009.09.17 11:02:54.927,0.8902,0.89035,6.60,9.60
2009.09.17 11:02:55.217,0.8902,0.89035,7.40,4.50
2009.09.17 11:02:55.857,0.8902,0.89035,7.40,8.50
2009.09.17 11:02:56.207,0.8902,0.89035,10.60,4.00
2009.09.17 11:02:56.897,0.8903,0.89035,1.00,4.00
2009.09.17 11:02:57.297,0.89035,0.8904,2.40,4.00
2009.09.17 11:02:57.637,0.8903,0.89045,11.40,8.50
2009.09.17 11:02:57.817,0.89035,0.8905,2.40,13.90
2009.09.17 11:02:58.327,0.89035,0.8905,3.40,9.30
2009.09.17 11:02:58.497,0.89035,0.8905,3.40,4.50
2009.09.17 11:02:58.797,0.89035,0.8905,3.40,3.60
2009.09.17 11:02:59.776,0.8904,0.8905,3.40,1.00
2009.09.17 11:03:00.006,0.8904,0.89055,3.40,20.70
2009.09.17 11:03:00.236,0.8904,0.89055,4.20,13.50
2009.09.17 11:03:02.146,0.8904,0.89055,4.20,11.70
2009.09.17 11:03:04.215,0.8904,0.89055,3.40,12.50
2009.09.17 11:03:04.395,0.8904,0.89055,3.40,12.70
2009.09.17 11:03:09.414,0.89045,0.89055,2.40,4.50
2009.09.17 11:03:09.714,0.89045,0.89055,2.40,5.30
2009.09.17 11:03:09.824,0.89045,0.89055,2.40,1.30
2009.09.17 11:03:09.884,0.8904,0.89055,6.60,7.70
2009.09.17 11:03:10.004,0.8904,0.89055,6.80,3.70
2009.09.17 11:03:10.114,0.89045,0.89055,2.40,1.30
2009.09.17 11:03:13.173,0.89045,0.89055,2.40,6.50
2009.09.17 11:03:13.403,0.8904,0.89055,10.60,9.70
2009.09.17 11:03:13.633,0.8904,0.8905,1.00,8.80
2009.09.17 11:03:13.923,0.8904,0.89045,2.40,1.60
2009.09.17 11:03:14.263,0.8904,0.89055,3.40,21.10
2009.09.17 11:03:14.563,0.8904,0.89055,3.40,20.70
2009.09.17 11:03:16.562,0.8904,0.89055,3.40,21.10
2009.09.17 11:03:16.792,0.89035,0.8905,6.60,8.40
2009.09.17 11:03:17.132,0.89035,0.8905,3.40,8.40
2009.09.17 11:03:20.911,0.89035,0.8905,2.40,12.90
2009.09.17 11:03:21.251,0.89035,0.8905,7.40,6.10
2009.09.17 11:03:21.601,0.89035,0.8905,6.60,7.30
2009.09.17 11:03:21.931,0.89035,0.8905,6.60,12.10
2009.09.17 11:03:22.281,0.89035,0.8905,7.40,7.60
2009.09.17 11:03:22.451,0.89035,0.8905,6.60,8.40
2009.09.17 11:03:22.801,0.89035,0.8905,7.40,8.10
2009.09.17 11:03:23.091,0.89035,0.8905,8.00,8.10
2009.09.17 11:03:23.261,0.89035,0.8905,7.40,11.30
2009.09.17 11:03:24.340,0.89035,0.8905,6.60,12.10
2009.09.17 11:03:26.141,0.89035,0.8905,7.40,2.90
2009.09.17 11:03:26.480,0.89035,0.8905,7.40,2.40
2009.09.17 11:03:26.870,0.89035,0.8905,7.40,6.40
2009.09.17 11:03:28.190,0.89035,0.8905,6.60,7.20
2009.09.17 11:03:28.360,0.89035,0.8905,6.60,12.40
2009.09.17 11:03:28.470,0.89035,0.8905,3.40,12.40
2009.09.17 11:03:28.529,0.89035,0.89045,3.40,2.40
2009.09.17 11:03:31.419,0.8903,0.89045,6.60,6.40
2009.09.17 11:03:31.749,0.89035,0.89045,2.40,2.40
2009.09.17 11:03:32.108,0.89035,0.89045,2.40,3.20
2009.09.17 11:03:32.448,0.8903,0.89045,6.60,7.20
2009.09.17 11:03:33.498,0.8903,0.89045,6.60,7.70
2009.09.17 11:03:35.698,0.89035,0.89045,2.40,6.90
2009.09.17 11:03:36.058,0.89035,0.89045,2.40,7.70
2009.09.17 11:03:36.398,0.89035,0.89045,2.40,2.90
2009.09.17 11:03:36.747,0.89035,0.89045,2.40,6.90
2009.09.17 11:03:37.087,0.89035,0.8905,2.40,16.90
2009.09.17 11:03:37.417,0.89035,0.89045,2.40,2.40
2009.09.17 11:03:37.767,0.89035,0.89045,2.40,7.20
2009.09.17 11:03:38.107,0.8903,0.89045,6.60,7.20
2009.09.17 11:03:38.407,0.8903,0.89045,6.60,7.70
2009.09.17 11:03:39.107,0.8903,0.89045,6.60,8.50
2009.09.17 11:03:40.907,0.8903,0.89045,6.60,7.70
2009.09.17 11:03:41.196,0.8903,0.89045,3.40,10.90
2009.09.17 11:03:41.766,0.8903,0.89045,3.40,11.70
2009.09.17 11:03:42.106,0.8903,0.89045,2.40,11.70
2009.09.17 11:03:42.786,0.8903,0.8904,2.40,1.00
2009.09.17 11:03:43.148,0.8903,0.8904,2.40,2.90
2009.09.17 11:03:43.876,0.8903,0.8904,2.40,3.70
2009.09.17 11:03:44.235,0.89025,0.8904,6.60,3.70
2009.09.17 11:03:48.914,0.89025,0.8904,7.40,2.90
2009.09.17 11:03:49.094,0.8903,0.8904,2.40,2.90
2009.09.17 11:03:49.264,0.89025,0.8904,6.60,3.70
2009.09.17 11:03:51.694,0.89025,0.8904,7.40,2.90
2009.09.17 11:03:52.024,0.8903,0.8904,2.40,2.40
2009.09.17 11:03:53.223,0.89025,0.8904,3.40,6.90
2009.09.17 11:03:53.453,0.89025,0.8904,3.40,10.10
2009.09.17 11:03:53.693,0.89025,0.8904,3.40,10.90
2009.09.17 11:03:53.953,0.89025,0.8904,6.60,11.70
2009.09.17 11:03:57.582,0.89025,0.8904,3.40,11.70
2009.09.17 11:04:01.142,0.89025,0.8904,3.40,13.30
2009.09.17 11:04:01.841,0.89025,0.89035,3.40,2.40
2009.09.17 11:04:02.181,0.89025,0.89035,2.40,2.90
2009.09.17 11:04:02.531,0.89025,0.89035,2.40,6.10
2009.09.17 11:04:02.861,0.89025,0.89035,2.40,6.30
2009.09.17 11:04:03.611,0.89025,0.8903,2.40,3.20
2009.09.17 11:04:03.961,0.8902,0.89025,2.40,1.00
2009.09.17 11:04:04.241,0.8902,0.89035,2.40,26.20
2009.09.17 11:04:04.581,0.89015,0.89035,2.40,22.60
2009.09.17 11:04:04.871,0.89015,0.89035,3.40,22.70
2009.09.17 11:04:05.261,0.8901,0.8903,11.40,15.80
2009.09.17 11:04:05.960,0.8901,0.8903,7.40,15.80
2009.09.17 11:04:06.660,0.8901,0.89025,3.40,7.10
2009.09.17 11:04:07.001,0.8901,0.8903,3.40,27.20
2009.09.17 11:04:07.350,0.8901,0.8903,3.40,16.40
2009.09.17 11:04:07.700,0.89015,0.8903,2.40,15.40
2009.09.17 11:04:08.110,0.89015,0.89035,2.40,28.20
2009.09.17 11:04:08.980,0.8901,0.89025,13.10,2.90
2009.09.17 11:04:09.340,0.89015,0.8903,2.40,15.80
2009.09.17 11:04:10.419,0.89015,0.8903,2.40,15.80
2009.09.17 11:04:10.769,0.8901,0.8903,3.40,15.80
2009.09.17 11:04:11.099,0.8901,0.8903,3.40,22.60
2009.09.17 11:04:11.459,0.8901,0.8903,2.40,28.60
2009.09.17 11:04:12.189,0.8901,0.8903,2.40,30.20
2009.09.17 11:04:12.539,0.8901,0.89025,2.40,24.60
2009.09.17 11:04:12.879,0.89005,0.89025,8.00,28.60
2009.09.17 11:04:13.238,0.89005,0.8902,8.00,14.90
2009.09.17 11:04:13.629,0.89005,0.8902,3.40,14.90
2009.09.17 11:04:14.739,0.89005,0.8902,3.40,6.90
2009.09.17 11:04:14.908,0.89005,0.8902,3.40,6.10
2009.09.17 11:04:15.409,0.89005,0.8902,3.40,10.90
2009.09.17 11:04:16.128,0.89005,0.8902,2.40,11.70
2009.09.17 11:04:16.808,0.89005,0.89015,2.40,3.20
2009.09.17 11:04:17.168,0.89005,0.8902,2.40,22.60
2009.09.17 11:04:17.528,0.89,0.8902,3.40,22.20
2009.09.17 11:04:17.817,0.89,0.8902,3.40,22.40
2009.09.17 11:04:17.927,0.89,0.8902,3.40,26.40
2009.09.17 11:04:18.047,0.89,0.89015,1.00,20.10
2009.09.17 11:04:18.107,0.88995,0.89015,17.00,20.10
2009.09.17 11:04:18.327,0.88995,0.89015,14.60,20.10
2009.09.17 11:04:18.437,0.88995,0.89015,14.60,20.00
2009.09.17 11:04:18.547,0.88995,0.89015,13.80,20.00
2009.09.17 11:04:18.667,0.88995,0.89015,13.80,20.00
2009.09.17 11:04:18.787,0.88995,0.89015,13.40,27.00
2009.09.17 11:04:18.897,0.88995,0.89015,13.40,27.00
2009.09.17 11:04:20.277,0.88995,0.89015,8.60,27.00
2009.09.17 11:04:20.967,0.88995,0.8901,2.00,20.90
2009.09.17 11:04:21.307,0.8899,0.8901,10.60,32.70
2009.09.17 11:04:21.657,0.89,0.8901,2.40,8.90
2009.09.17 11:04:22.059,0.89,0.89015,2.40,27.40
2009.09.17 11:04:22.457,0.88995,0.8901,5.60,16.10
2009.09.17 11:04:22.816,0.88995,0.8901,1.60,20.50
2009.09.17 11:04:23.446,0.88995,0.8901,4.00,20.70
2009.09.17 11:04:23.606,0.88995,0.8901,1.60,20.30
2009.09.17 11:04:23.786,0.88995,0.89015,5.00,29.90
2009.09.17 11:04:24.066,0.88995,0.8901,2.40,25.00
2009.09.17 11:04:24.296,0.8899,0.8901,8.20,25.40
2009.09.17 11:04:24.766,0.88995,0.8901,2.40,24.60
2009.09.17 11:04:25.846,0.88995,0.8901,4.00,19.00
2009.09.17 11:04:26.085,0.88995,0.8901,4.00,19.00
2009.09.17 11:04:26.665,0.89,0.8901,2.40,15.10
2009.09.17 11:04:26.955,0.89,0.8901,2.40,11.10
2009.09.17 11:04:27.295,0.88995,0.8901,5.00,11.10
2009.09.17 11:04:27.645,0.89,0.89015,2.40,22.70
2009.09.17 11:04:28.005,0.89,0.89015,2.40,11.30
2009.09.17 11:04:28.305,0.89,0.8902,2.40,24.10
2009.09.17 11:04:28.705,0.89,0.8902,2.40,24.10
2009.09.17 11:04:29.045,0.89005,0.8902,4.00,13.30
2009.09.17 11:04:29.505,0.89005,0.8902,4.00,11.80
2009.09.17 11:04:29.615,0.8901,0.8902,2.40,7.80
2009.09.17 11:04:29.735,0.8901,0.89025,2.40,17.60
2009.09.17 11:04:29.855,0.8901,0.8902,2.40,6.90
2009.09.17 11:04:30.025,0.8901,0.8902,2.40,10.90
2009.09.17 11:04:30.145,0.8901,0.8902,2.40,7.70
2009.09.17 11:04:30.495,0.8901,0.8902,4.00,3.70
2009.09.17 11:04:30.794,0.8901,0.8902,2.40,10.90
2009.09.17 11:04:31.134,0.8901,0.8902,2.40,6.90
2009.09.17 11:04:31.484,0.8901,0.89015,2.40,1.00
2009.09.17 11:04:31.874,0.89005,0.89015,4.00,1.00
2009.09.17 11:04:32.234,0.8901,0.8902,2.40,6.90
2009.09.17 11:04:32.924,0.8901,0.8902,2.40,10.90
2009.09.17 11:04:33.604,0.8901,0.8902,2.40,14.90
2009.09.17 11:04:33.884,0.89005,0.89015,4.00,3.70
2009.09.17 11:04:34.234,0.8901,0.8902,2.40,11.00
2009.09.17 11:04:34.584,0.8901,0.89025,2.40,21.80
2009.09.17 11:04:38.753,0.8901,0.8902,2.40,14.10
2009.09.17 11:04:38.982,0.8901,0.89015,2.40,2.10
2009.09.17 11:04:39.202,0.89,0.8902,9.40,61.50
2009.09.17 11:04:39.312,0.89,0.8902,12.60,58.30
2009.09.17 11:04:39.422,0.89005,0.8902,2.40,57.30
2009.09.17 11:04:39.842,0.8901,0.8902,2.40,53.70
2009.09.17 11:04:40.252,0.8901,0.89025,2.40,58.10
2009.09.17 11:04:40.552,0.8901,0.89025,4.00,11.70
2009.09.17 11:04:45.511,0.89015,0.89025,4.00,4.50
2009.09.17 11:04:45.871,0.89015,0.8903,4.00,19.40
2009.09.17 11:04:47.780,0.89015,0.8903,4.00,15.30
2009.09.17 11:04:48.120,0.89015,0.8903,4.00,15.30
2009.09.17 11:04:49.110,0.89015,0.8902,4.00,1.00
2009.09.17 11:04:49.280,0.89015,0.89025,2.40,4.50
2009.09.17 11:04:49.510,0.8901,0.89025,4.60,7.70
2009.09.17 11:04:49.690,0.8901,0.89025,4.00,7.70
2009.09.17 11:04:49.920,0.8901,0.89025,5.00,11.70
2009.09.17 11:04:51.160,0.8901,0.89025,5.00,7.70
2009.09.17 11:04:51.510,0.8901,0.8902,5.00,4.00
2009.09.17 11:04:51.859,0.89005,0.8902,4.00,7.70
2009.09.17 11:04:52.549,0.89005,0.8902,4.00,14.90
2009.09.17 11:04:56.398,0.89005,0.89015,4.00,4.70
2009.09.17 11:04:56.728,0.89005,0.89015,4.00,4.50
2009.09.17 11:04:57.078,0.89005,0.89015,4.00,6.90
2009.09.17 11:04:57.478,0.8901,0.8902,2.40,3.70
2009.09.17 11:04:57.588,0.8901,0.89025,2.40,17.80
2009.09.17 11:04:57.748,0.8901,0.89025,2.40,22.00
2009.09.17 11:04:57.858,0.8901,0.89025,2.40,27.20
2009.09.17 11:04:58.028,0.89005,0.89025,2.40,27.20
2009.09.17 11:04:58.138,0.89005,0.89025,2.40,31.50
2009.09.17 11:04:58.438,0.89005,0.8902,2.40,24.70
2009.09.17 11:04:58.898,0.89005,0.8902,2.40,24.60
2009.09.17 11:04:59.238,0.89,0.89015,5.60,12.50
2009.09.17 11:04:59.587,0.89,0.89015,4.00,14.90
2009.09.17 11:05:00.147,0.89,0.89015,4.80,10.90
2009.09.17 11:05:00.377,0.8901,0.8902,4.00,14.60
2009.09.17 11:05:00.667,0.89005,0.8902,5.60,10.90
2009.09.17 11:05:01.007,0.89005,0.89015,4.00,1.00
2009.09.17 11:05:01.749,0.89005,0.89015,1.60,10.30
2009.09.17 11:05:02.107,0.89,0.8901,4.00,3.70
2009.09.17 11:05:02.467,0.89005,0.8901,2.40,1.00
2009.09.17 11:05:02.807,0.89005,0.89015,2.40,10.30
2009.09.17 11:05:03.027,0.89005,0.8902,2.40,20.80
2009.09.17 11:05:03.426,0.89005,0.8902,2.40,23.20
2009.09.17 11:05:03.947,0.89005,0.8902,2.40,23.20
2009.09.17 11:05:04.356,0.89005,0.8902,2.40,23.20
2009.09.17 11:05:04.526,0.89005,0.8902,2.40,20.80
2009.09.17 11:05:04.646,0.89005,0.8902,2.40,20.80
2009.09.17 11:05:04.826,0.89005,0.89015,2.40,11.10
2009.09.17 11:05:05.176,0.89,0.89015,4.00,13.60
2009.09.17 11:05:06.566,0.89,0.8901,2.40,4.70
2009.09.17 11:05:06.905,0.89,0.8901,2.40,8.70
2009.09.17 11:05:07.246,0.89,0.8901,2.40,7.90
2009.09.17 11:05:07.586,0.89,0.8901,2.40,8.70
2009.09.17 11:05:08.326,0.89,0.8901,2.40,4.50
2009.09.17 11:05:09.365,0.89,0.8901,2.40,8.50
2009.09.17 11:05:09.585,0.89,0.8901,2.40,4.50
2009.09.17 11:05:10.745,0.89,0.8901,2.40,3.90
2009.09.17 11:05:11.015,0.89,0.8901,4.00,3.70
2009.09.17 11:05:11.295,0.89005,0.8901,2.40,1.00
2009.09.17 11:05:12.694,0.89,0.89015,4.00,19.00
2009.09.17 11:05:13.504,0.89,0.89015,4.00,19.00
2009.09.17 11:05:14.734,0.89,0.8901,4.00,3.70
2009.09.17 11:05:14.964,0.89005,0.8901,2.40,1.00
2009.09.17 11:05:17.813,0.8901,0.89015,2.40,7.90
2009.09.17 11:05:18.313,0.89005,0.89015,4.00,9.50
2009.09.17 11:05:18.833,0.89005,0.89015,2.40,10.30
2009.09.17 11:05:19.343,0.89,0.89015,4.00,13.50
2009.09.17 11:05:19.463,0.89,0.89015,4.00,13.40
2009.09.17 11:05:19.873,0.89005,0.89015,2.40,10.20
2009.09.17 11:05:20.222,0.89005,0.8902,2.40,23.40
2009.09.17 11:05:20.562,0.89005,0.8902,2.40,27.40
2009.09.17 11:05:20.912,0.89005,0.8902,2.40,29.00
2009.09.17 11:05:21.602,0.89005,0.89015,2.40,13.50
2009.09.17 11:05:21.962,0.89005,0.89015,2.40,10.10
2009.09.17 11:05:22.262,0.89005,0.89015,2.40,13.50
2009.09.17 11:05:22.652,0.89005,0.89015,2.40,10.30
2009.09.17 11:05:23.002,0.89005,0.89015,2.40,10.10
2009.09.17 11:05:24.002,0.89005,0.89015,2.40,10.90
2009.09.17 11:05:24.351,0.89005,0.89015,2.40,13.50
2009.09.17 11:05:25.631,0.89,0.8901,4.00,3.70
2009.09.17 11:05:28.001,0.89005,0.89015,2.40,15.00
2009.09.17 11:05:28.231,0.89,0.89015,4.00,19.40
2009.09.17 11:05:28.850,0.89005,0.8901,1.60,3.70
2009.09.17 11:05:29.090,0.8901,0.89015,1.60,7.70
2009.09.17 11:05:29.200,0.8901,0.89015,1.60,4.50
2009.09.17 11:05:29.380,0.89005,0.89015,3.20,3.70
2009.09.17 11:05:29.730,0.89,0.89015,4.00,6.90
2009.09.17 11:05:30.080,0.89,0.89015,4.00,10.90
2009.09.17 11:05:30.430,0.89,0.89015,4.00,17.30
2009.09.17 11:05:31.790,0.89,0.89015,4.00,14.30
2009.09.17 11:05:37.069,0.89,0.89015,5.00,15.10
2009.09.17 11:05:37.418,0.89,0.89015,4.00,17.50
2009.09.17 11:05:37.768,0.89,0.8901,4.00,1.00
2009.09.17 11:05:38.598,0.89,0.89015,4.00,17.40
2009.09.17 11:05:39.338,0.89,0.8902,5.00,24.50
2009.09.17 11:05:39.568,0.89,0.8902,8.20,24.60
2009.09.17 11:05:40.158,0.89,0.8902,9.00,36.10
2009.09.17 11:05:40.318,0.89,0.8902,5.80,36.10
2009.09.17 11:05:40.718,0.89,0.8902,5.80,36.10
2009.09.17 11:05:40.898,0.89005,0.8902,5.00,30.50
2009.09.17 11:05:41.408,0.89005,0.89015,4.00,1.00
2009.09.17 11:05:41.707,0.89005,0.89015,1.60,2.90
2009.09.17 11:05:42.067,0.89005,0.89015,1.60,6.10
2009.09.17 11:05:42.417,0.89005,0.89015,4.00,3.70
2009.09.17 11:05:43.807,0.89,0.89015,5.00,6.90
2009.09.17 11:05:44.207,0.89,0.8902,4.00,20.60
2009.09.17 11:05:45.936,0.89,0.8902,4.00,20.80
2009.09.17 11:05:46.406,0.89,0.8902,4.00,20.80
2009.09.17 11:05:47.946,0.89,0.89015,4.00,11.10
2009.09.17 11:05:48.286,0.89,0.89015,4.00,15.40
2009.09.17 11:05:48.616,0.89,0.89015,4.00,13.50
2009.09.17 11:05:48.966,0.89,0.89015,4.00,9.30
2009.09.17 11:05:49.325,0.89005,0.89015,4.00,4.50
2009.09.17 11:05:49.655,0.89,0.8902,9.00,15.80
2009.09.17 11:05:49.825,0.89005,0.8902,4.00,15.00
2009.09.17 11:05:53.344,0.89005,0.89015,4.00,4.50
2009.09.17 11:05:53.464,0.89,0.89015,5.00,6.90
2009.09.17 11:05:53.994,0.89,0.89015,5.00,10.90
2009.09.17 11:05:56.754,0.89,0.89015,4.00,10.90
2009.09.17 11:05:58.063,0.88995,0.8901,8.20,3.20
2009.09.17 11:05:58.413,0.88995,0.89015,8.20,20.60
2009.09.17 11:05:58.583,0.88995,0.89015,8.20,20.60
2009.09.17 11:05:58.973,0.88995,0.8901,2.60,7.70
2009.09.17 11:05:59.133,0.88995,0.8901,1.60,15.00
2009.09.17 11:05:59.943,0.88995,0.8901,4.00,11.90
2009.09.17 11:06:00.283,0.88995,0.89015,4.00,27.40
2009.09.17 11:06:00.913,0.88995,0.8901,4.00,14.90
2009.09.17 11:06:01.602,0.88995,0.89005,4.00,1.00
2009.09.17 11:06:01.952,0.88995,0.89005,4.00,3.70
2009.09.17 11:06:02.652,0.88995,0.89005,4.00,6.90
2009.09.17 11:06:03.352,0.88995,0.89005,4.00,3.70
2009.09.17 11:06:06.061,0.88995,0.89005,4.00,1.00
2009.09.17 11:06:06.821,0.88995,0.89005,4.00,1.30
2009.09.17 11:06:07.171,0.8899,0.89005,16.40,3.70
2009.09.17 11:06:07.521,0.88995,0.8901,2.40,11.00
2009.09.17 11:06:07.871,0.88995,0.8901,4.00,15.00
2009.09.17 11:06:09.330,0.88995,0.8901,4.00,11.00
2009.09.17 11:06:09.511,0.88995,0.89005,4.00,6.90
2009.09.17 11:06:10.700,0.88995,0.89005,4.00,3.70
2009.09.17 11:06:10.990,0.88995,0.89005,4.00,1.00
2009.09.17 11:06:11.270,0.88995,0.89005,4.00,2.90
2009.09.17 11:06:11.940,0.88995,0.89005,4.80,2.90
2009.09.17 11:06:12.290,0.88995,0.8901,4.80,10.10
2009.09.17 11:06:12.620,0.88995,0.89015,4.00,27.40
2009.09.17 11:06:12.900,0.88995,0.8901,4.80,10.20
2009.09.17 11:06:13.370,0.88995,0.8901,4.00,11.00
2009.09.17 11:06:15.309,0.88995,0.8901,4.00,16.10
2009.09.17 11:06:15.589,0.8899,0.89005,7.80,9.70
2009.09.17 11:06:15.809,0.88995,0.89005,2.40,7.30
2009.09.17 11:06:16.139,0.88995,0.89005,4.00,7.70
2009.09.17 11:06:16.819,0.88995,0.89005,4.00,3.70
2009.09.17 11:06:18.858,0.88995,0.89005,4.00,9.70
2009.09.17 11:06:19.148,0.8899,0.89,6.20,2.40
2009.09.17 11:06:19.388,0.88995,0.89005,1.60,10.10
2009.09.17 11:06:19.558,0.88995,0.8901,1.60,12.50
2009.09.17 11:06:20.008,0.8899,0.8901,6.40,15.00
2009.09.17 11:06:20.248,0.8899,0.8901,3.20,20.50
2009.09.17 11:06:20.518,0.8899,0.8901,11.20,12.90
2009.09.17 11:06:20.748,0.8899,0.8901,9.60,21.70
2009.09.17 11:06:21.038,0.8899,0.8901,8.10,33.70
2009.09.17 11:06:21.328,0.8899,0.8901,2.50,33.70
2009.09.17 11:06:21.608,0.8899,0.8901,5.70,30.50
2009.09.17 11:06:21.897,0.89,0.89005,1.60,4.50
2009.09.17 11:06:22.247,0.8899,0.89005,16.80,5.20
2009.09.17 11:06:22.587,0.88995,0.89005,7.40,2.40
2009.09.17 11:06:22.927,0.89,0.8901,1.60,2.80
2009.09.17 11:06:23.267,0.89,0.89015,4.00,6.90
2009.09.17 11:06:23.667,0.89,0.89015,5.00,6.90
2009.09.17 11:06:24.297,0.89,0.89015,5.80,6.10
2009.09.17 11:06:24.597,0.88995,0.89005,9.10,2.40
2009.09.17 11:06:24.777,0.8899,0.8901,14.80,17.20
2009.09.17 11:06:24.887,0.8899,0.8901,14.00,18.50
2009.09.17 11:06:25.437,0.8899,0.8901,12.40,22.50
2009.09.17 11:06:30.106,0.8899,0.8901,9.00,28.20
2009.09.17 11:06:30.336,0.8899,0.8901,9.00,30.70
2009.09.17 11:06:31.955,0.8899,0.8901,9.20,30.70
2009.09.17 11:06:33.225,0.8899,0.8901,8.40,30.80
2009.09.17 11:06:33.735,0.8899,0.8901,8.40,29.00
2009.09.17 11:06:33.975,0.8899,0.8901,9.20,29.20
2009.09.17 11:06:34.215,0.8899,0.8901,9.20,29.10
2009.09.17 11:06:34.435,0.8899,0.8901,8.40,29.10
2009.09.17 11:06:34.665,0.8899,0.89005,9.20,8.00
2009.09.17 11:06:34.835,0.8899,0.89005,8.40,8.80
2009.09.17 11:06:35.405,0.88995,0.89005,3.40,6.40
2009.09.17 11:06:35.745,0.89,0.89015,4.00,14.60
2009.09.17 11:06:36.104,0.89,0.8902,4.80,19.80
2009.09.17 11:06:36.374,0.89,0.8902,4.80,15.80
2009.09.17 11:06:36.944,0.89005,0.8902,4.00,15.80
2009.09.17 11:06:37.524,0.89005,0.8902,4.00,15.00
2009.09.17 11:06:39.494,0.89005,0.89015,4.00,6.90
2009.09.17 11:06:39.853,0.89,0.8901,4.00,1.00
2009.09.17 11:06:40.943,0.89,0.8901,4.00,3.70
2009.09.17 11:06:50.171,0.89,0.8902,7.00,30.00
2009.09.17 11:06:50.391,0.89,0.8902,5.40,30.00
2009.09.17 11:06:50.691,0.89,0.8902,5.00,30.00
2009.09.17 11:06:50.931,0.89,0.8902,5.00,29.80
2009.09.17 11:06:51.630,0.89,0.8902,6.00,28.60
2009.09.17 11:06:52.330,0.89,0.8902,5.00,28.20
2009.09.17 11:06:54.840,0.89,0.8901,4.00,1.00
2009.09.17 11:06:55.979,0.89,0.89015,4.00,14.90
2009.09.17 11:06:56.669,0.89,0.8902,4.10,31.20
2009.09.17 11:06:58.179,0.89,0.8902,4.00,31.00
2009.09.17 11:07:01.468,0.89,0.89015,4.80,14.10
2009.09.17 11:07:02.118,0.89,0.8902,8.00,22.60
2009.09.17 11:07:02.458,0.89005,0.8902,4.00,12.20
2009.09.17 11:07:03.548,0.8901,0.89025,2.40,19.00
2009.09.17 11:07:03.668,0.8901,0.89025,4.00,17.30
2009.09.17 11:07:04.188,0.8901,0.89025,4.00,9.40
2009.09.17 11:07:05.347,0.89005,0.8902,6.60,16.10
2009.09.17 11:07:05.707,0.8901,0.8902,4.00,11.70
2009.09.17 11:07:06.087,0.8901,0.8902,2.40,1.00
2009.09.17 11:07:06.437,0.8901,0.8902,4.00,1.00
2009.09.17 11:07:08.117,0.8901,0.89015,4.00,1.00
2009.09.17 11:07:08.287,0.89005,0.8902,12.00,7.00
2009.09.17 11:07:08.397,0.89005,0.8902,8.00,7.00
2009.09.17 11:07:08.747,0.89005,0.8902,4.00,7.90
2009.09.17 11:07:08.856,0.89005,0.8902,10.00,7.10
2009.09.17 11:07:09.206,0.8901,0.89025,4.00,21.80
2009.09.17 11:07:09.597,0.89015,0.89025,1.60,21.40
2009.09.17 11:07:09.896,0.89015,0.89025,1.60,17.40
2009.09.17 11:07:10.126,0.89015,0.8903,1.60,26.00
2009.09.17 11:07:10.356,0.89015,0.8903,1.60,21.80
2009.09.17 11:07:11.866,0.89015,0.8903,1.60,24.00
2009.09.17 11:07:12.196,0.8901,0.8902,4.00,3.70
2009.09.17 11:07:12.556,0.89015,0.89025,1.60,13.50
2009.09.17 11:07:12.915,0.89015,0.89025,1.60,9.50
2009.09.17 11:07:13.815,0.89015,0.89025,1.60,8.50
2009.09.17 11:07:13.926,0.89015,0.89025,4.00,6.10
2009.09.17 11:07:14.105,0.89015,0.89025,4.00,3.70
2009.09.17 11:07:14.505,0.89015,0.89025,1.60,6.10
2009.09.17 11:07:14.675,0.8901,0.89025,4.10,8.50
2009.09.17 11:07:14.855,0.8901,0.8903,4.00,22.90
2009.09.17 11:07:15.015,0.8901,0.8903,4.00,26.90
2009.09.17 11:07:15.714,0.8901,0.8903,4.00,27.10
2009.09.17 11:07:16.414,0.8901,0.8903,4.00,27.50
2009.09.17 11:07:16.774,0.8901,0.89025,4.00,19.10
2009.09.17 11:07:17.454,0.8901,0.8902,4.00,3.70
2009.09.17 11:07:20.164,0.8901,0.8902,4.00,1.00
2009.09.17 11:07:22.693,0.8901,0.8902,4.80,1.00
2009.09.17 11:07:22.993,0.8901,0.89025,9.00,8.50
2009.09.17 11:07:23.343,0.89015,0.8903,4.00,15.50
2009.09.17 11:07:23.633,0.89015,0.89035,4.00,25.80
2009.09.17 11:07:23.922,0.89015,0.89035,4.00,24.70
2009.09.17 11:07:24.433,0.89015,0.89035,4.00,24.50
2009.09.17 11:07:25.352,0.89015,0.89035,4.00,26.50
2009.09.17 11:07:25.582,0.89015,0.89035,4.00,24.50
2009.09.17 11:07:25.882,0.8902,0.89035,1.00,23.50
2009.09.17 11:07:26.222,0.89015,0.89035,3.40,21.70
2009.09.17 11:07:26.562,0.8902,0.89035,1.00,23.70
2009.09.17 11:07:26.952,0.8902,0.89035,2.40,21.10
2009.09.17 11:07:29.101,0.89015,0.89025,8.40,2.40
2009.09.17 11:07:29.441,0.89015,0.89035,5.00,26.10
2009.09.17 11:07:36.330,0.89015,0.8903,5.00,11.70
2009.09.17 11:07:39.449,0.89015,0.89025,2.60,2.40
2009.09.17 11:07:39.969,0.89015,0.8903,1.60,15.50
2009.09.17 11:07:46.217,0.89015,0.8903,8.20,7.70
2009.09.17 11:07:46.797,0.89015,0.89025,4.00,1.00
2009.09.17 11:07:47.147,0.8901,0.8903,13.80,27.00
2009.09.17 11:07:47.497,0.8901,0.8903,8.20,26.90
2009.09.17 11:07:47.847,0.8901,0.8903,8.20,27.10
2009.09.17 11:07:48.127,0.8901,0.8903,8.20,27.10
2009.09.17 11:07:49.456,0.8901,0.8903,8.20,27.10
2009.09.17 11:07:49.566,0.89015,0.8903,2.40,26.80
2009.09.17 11:07:49.677,0.89015,0.8903,4.00,20.00
2009.09.17 11:07:50.206,0.89015,0.8903,4.00,15.30
2009.09.17 11:07:50.376,0.89015,0.8903,5.00,11.30
2009.09.17 11:07:51.696,0.89015,0.89025,4.00,1.00
2009.09.17 11:07:52.496,0.89015,0.89025,1.60,2.40
2009.09.17 11:07:53.216,0.89015,0.89025,2.60,2.40
2009.09.17 11:07:55.845,0.89015,0.89025,6.00,2.40
2009.09.17 11:07:56.075,0.89015,0.8903,8.40,10.90
2009.09.17 11:07:56.585,0.89015,0.8903,5.20,10.90
2009.09.17 11:07:57.535,0.89015,0.8903,5.20,7.70
2009.09.17 11:07:57.884,0.8902,0.8903,4.00,1.00
2009.09.17 11:07:58.974,0.8902,0.8903,4.00,1.30
2009.09.17 11:08:01.174,0.8902,0.8903,4.00,1.00
2009.09.17 11:08:06.812,0.8902,0.89035,5.60,12.70
2009.09.17 11:08:07.152,0.8902,0.8903,4.00,1.00
2009.09.17 11:08:07.722,0.8902,0.8903,1.60,2.90
2009.09.17 11:08:08.722,0.8902,0.8903,1.60,6.90
2009.09.17 11:08:08.942,0.8902,0.8903,1.60,7.10
2009.09.17 11:08:09.182,0.8902,0.8903,1.60,6.30
2009.09.17 11:08:09.922,0.8902,0.8903,1.60,7.10
2009.09.17 11:08:10.102,0.8902,0.8903,1.60,2.40
2009.09.17 11:08:10.552,0.8902,0.8903,2.60,2.40
2009.09.17 11:08:10.731,0.8902,0.8903,1.60,2.40
2009.09.17 11:08:11.741,0.8902,0.8903,2.60,2.40
2009.09.17 11:08:13.091,0.8902,0.8903,1.60,2.40
2009.09.17 11:08:13.901,0.8902,0.89035,4.80,13.70
2009.09.17 11:08:14.011,0.89025,0.89035,1.60,10.30
2009.09.17 11:08:14.530,0.89025,0.89035,1.60,6.30
2009.09.17 11:08:14.701,0.89025,0.89035,1.60,7.10
2009.09.17 11:08:15.100,0.89025,0.89035,1.60,6.30
2009.09.17 11:08:15.620,0.89025,0.89035,1.60,7.10
2009.09.17 11:08:16.930,0.89025,0.8903,1.60,2.90
2009.09.17 11:08:17.220,0.89025,0.89035,1.60,9.30
2009.09.17 11:08:17.910,0.8902,0.89035,5.00,6.90
2009.09.17 11:08:18.950,0.8902,0.89035,5.00,7.10
2009.09.17 11:08:19.179,0.8902,0.89035,5.00,10.30
2009.09.17 11:08:19.409,0.8902,0.8903,1.60,2.40
2009.09.17 11:08:19.649,0.8902,0.89035,4.00,6.90
2009.09.17 11:08:19.759,0.89025,0.89035,1.60,6.10
2009.09.17 11:08:23.898,0.89025,0.89035,4.00,1.00
2009.09.17 11:08:24.188,0.89025,0.8904,4.00,11.70
2009.09.17 11:08:25.298,0.89025,0.8904,5.00,11.70
2009.09.17 11:08:25.868,0.89025,0.8904,5.20,6.90
2009.09.17 11:08:27.717,0.89025,0.8904,4.10,6.90
2009.09.17 11:08:30.437,0.89025,0.8904,4.10,7.70
2009.09.17 11:08:30.776,0.89025,0.89035,4.00,1.00
2009.09.17 11:08:31.116,0.89025,0.89035,4.00,3.70
2009.09.17 11:08:32.676,0.89025,0.89035,4.10,3.20
2009.09.17 11:08:32.896,0.89025,0.8904,4.10,6.90
2009.09.17 11:08:38.695,0.89025,0.89035,4.10,3.70
2009.09.17 11:08:38.865,0.89025,0.89035,4.00,3.70
2009.09.17 11:08:42.264,0.8902,0.89035,5.00,7.10
2009.09.17 11:08:43.643,0.8902,0.89035,5.00,6.90
2009.09.17 11:08:44.343,0.8902,0.89035,5.00,7.10
2009.09.17 11:08:44.674,0.8902,0.89035,4.00,7.90
2009.09.17 11:08:45.003,0.8902,0.89035,4.00,11.10
2009.09.17 11:08:45.173,0.8902,0.89035,4.00,11.20
2009.09.17 11:08:45.293,0.8902,0.8903,4.00,4.50
2009.09.17 11:08:45.823,0.8902,0.8903,4.00,5.30
2009.09.17 11:08:47.523,0.89015,0.89025,4.00,10.10
2009.09.17 11:08:47.753,0.8901,0.8903,5.00,23.80
2009.09.17 11:08:47.922,0.8901,0.8903,5.00,20.70
2009.09.17 11:08:48.692,0.8901,0.8903,5.00,20.90
2009.09.17 11:08:49.422,0.8901,0.8903,5.00,20.70
2009.09.17 11:08:50.222,0.89015,0.8903,1.60,15.50
2009.09.17 11:08:50.512,0.89015,0.8903,1.60,15.70
2009.09.17 11:08:51.142,0.8901,0.8903,4.00,20.90
2009.09.17 11:08:55.341,0.8901,0.89025,4.00,9.50
2009.09.17 11:08:56.081,0.8901,0.8903,4.00,23.30
2009.09.17 11:08:57.220,0.8901,0.89025,1.60,13.80
2009.09.17 11:08:58.870,0.8901,0.8902,4.00,3.70
2009.09.17 11:08:58.980,0.8901,0.8902,4.00,1.00
2009.09.17 11:08:59.200,0.8901,0.8902,4.80,1.00
2009.09.17 11:08:59.490,0.89015,0.89025,4.00,8.50
2009.09.17 11:08:59.710,0.89015,0.89025,4.00,6.10
2009.09.17 11:08:59.990,0.89015,0.89025,4.00,6.90
2009.09.17 11:09:01.429,0.89015,0.89025,4.00,6.10
2009.09.17 11:09:02.459,0.89015,0.89025,4.00,3.70
2009.09.17 11:09:02.799,0.89015,0.8903,4.00,10.90
2009.09.17 11:09:03.319,0.8902,0.8903,1.20,10.90
2009.09.17 11:09:03.669,0.8902,0.8903,1.20,6.10
2009.09.17 11:09:04.009,0.8902,0.8903,3.60,1.00
2009.09.17 11:09:04.179,0.8902,0.89035,5.40,10.10
2009.09.17 11:09:04.359,0.89025,0.89035,2.40,10.10
2009.09.17 11:09:04.469,0.89025,0.89035,2.40,6.10
2009.09.17 11:09:04.648,0.89025,0.89035,2.40,6.90
2009.09.17 11:09:04.829,0.8902,0.89035,5.20,6.90
2009.09.17 11:09:05.189,0.8902,0.89035,11.00,10.90
2009.09.17 11:09:05.518,0.8902,0.8903,8.60,2.90
2009.09.17 11:09:05.878,0.8902,0.8903,7.00,6.10
2009.09.17 11:09:07.268,0.8902,0.8903,11.00,1.00
2009.09.17 11:09:07.608,0.8902,0.8903,8.60,1.00
2009.09.17 11:09:09.008,0.8902,0.8903,11.00,1.00
2009.09.17 11:09:10.577,0.89025,0.8903,1.00,1.00
2009.09.17 11:09:10.987,0.8902,0.8903,1.60,2.90
2009.09.17 11:09:11.457,0.8902,0.8903,1.60,6.10
2009.09.17 11:09:12.836,0.8902,0.8903,1.60,2.90
2009.09.17 11:09:13.066,0.8902,0.89035,5.00,11.10
2009.09.17 11:09:13.287,0.8902,0.89035,5.00,10.90
2009.09.17 11:09:13.586,0.8902,0.89035,5.00,6.90
2009.09.17 11:09:14.906,0.8902,0.89035,2.60,6.90
2009.09.17 11:09:15.286,0.8902,0.89035,2.60,10.90
2009.09.17 11:09:15.636,0.8902,0.89035,2.60,6.90
2009.09.17 11:09:16.296,0.8902,0.89035,2.60,10.90
2009.09.17 11:09:20.485,0.8902,0.89035,2.60,6.90
2009.09.17 11:09:21.414,0.8902,0.8903,1.60,2.90
2009.09.17 11:09:21.774,0.8902,0.8903,1.60,1.00
2009.09.17 11:09:22.134,0.89015,0.8903,10.10,10.90
2009.09.17 11:09:22.484,0.89015,0.8903,10.00,10.90
2009.09.17 11:09:22.804,0.8902,0.8903,1.60,10.10
2009.09.17 11:09:23.194,0.8902,0.8903,1.60,6.10
2009.09.17 11:09:28.333,0.8902,0.89035,13.60,2.90
2009.09.17 11:09:28.553,0.8902,0.8903,9.40,2.40
2009.09.17 11:09:28.773,0.8902,0.8903,1.60,2.40
2009.09.17 11:09:29.013,0.8902,0.89035,4.00,7.70
2009.09.17 11:09:29.243,0.8902,0.89035,5.00,7.70
2009.09.17 11:09:29.952,0.8902,0.89035,5.00,6.10
2009.09.17 11:09:30.502,0.8902,0.8903,2.60,1.00
2009.09.17 11:09:30.782,0.8902,0.8903,1.60,1.00
2009.09.17 11:09:31.072,0.8902,0.8903,1.60,1.60
2009.09.17 11:09:32.212,0.8902,0.8903,1.60,2.40
2009.09.17 11:09:33.911,0.8902,0.8903,1.60,6.10
2009.09.17 11:09:34.261,0.8902,0.89035,4.00,13.70
2009.09.17 11:09:34.612,0.8902,0.89035,4.00,6.90
2009.09.17 11:09:34.891,0.8902,0.89035,5.00,6.90
2009.09.17 11:09:35.891,0.8902,0.8903,5.00,2.40
2009.09.17 11:09:36.251,0.8902,0.89035,5.00,6.90
2009.09.17 11:09:36.591,0.8902,0.89035,4.00,6.90
2009.09.17 11:09:37.271,0.8902,0.89035,4.00,10.90
2009.09.17 11:09:39.260,0.8902,0.89035,4.00,11.10
2009.09.17 11:09:39.600,0.8902,0.89035,4.00,10.90
2009.09.17 11:09:41.200,0.8902,0.89035,4.00,6.90
2009.09.17 11:09:41.550,0.8902,0.89035,4.00,10.90
2009.09.17 11:09:41.830,0.8902,0.89035,4.80,10.10
2009.09.17 11:09:42.120,0.89025,0.89035,2.40,6.10
2009.09.17 11:09:43.469,0.89025,0.89035,2.40,6.90
2009.09.17 11:09:43.639,0.8902,0.89035,4.00,6.90
2009.09.17 11:09:44.389,0.8902,0.89035,4.00,10.90
2009.09.17 11:09:44.919,0.89025,0.89035,2.40,6.10
2009.09.17 11:09:45.219,0.8902,0.89035,10.00,6.10
2009.09.17 11:09:45.569,0.8902,0.89035,5.80,6.10
2009.09.17 11:09:45.899,0.8902,0.89035,9.80,6.10
2009.09.17 11:09:46.249,0.8902,0.89035,5.80,6.10
2009.09.17 11:09:46.928,0.8902,0.89035,4.80,6.10
2009.09.17 11:09:47.288,0.8902,0.89035,4.00,6.90
2009.09.17 11:09:48.012,0.89025,0.89035,3.20,3.20
2009.09.17 11:09:48.408,0.89025,0.89035,2.40,2.90
2009.09.17 11:09:48.518,0.8902,0.89035,13.20,2.90
2009.09.17 11:09:48.628,0.8902,0.89035,13.00,2.90
2009.09.17 11:09:48.738,0.89025,0.89035,2.40,2.90
2009.09.17 11:09:48.848,0.8902,0.89035,16.20,2.90
2009.09.17 11:09:48.968,0.8902,0.89035,13.00,2.90
2009.09.17 11:09:49.198,0.8902,0.89035,13.00,2.40
2009.09.17 11:09:49.718,0.8902,0.89035,8.00,6.90
2009.09.17 11:09:50.058,0.8902,0.89035,4.00,6.90
2009.09.17 11:09:50.437,0.8902,0.89035,5.00,6.90
2009.09.17 11:09:50.787,0.8902,0.89035,9.80,6.10
2009.09.17 11:09:51.137,0.89025,0.89035,6.60,2.40
2009.09.17 11:09:51.467,0.8902,0.89035,13.00,6.10
2009.09.17 11:09:51.827,0.8902,0.89035,9.80,6.10
2009.09.17 11:09:52.117,0.8902,0.89035,5.00,6.90
2009.09.17 11:09:52.507,0.89025,0.89035,2.40,2.90
2009.09.17 11:09:52.847,0.8902,0.89035,13.00,2.90
2009.09.17 11:09:53.197,0.8902,0.89025,1.60,2.40
2009.09.17 11:09:53.547,0.89015,0.8903,7.20,8.40
2009.09.17 11:09:54.177,0.89015,0.89035,13.80,29.40
2009.09.17 11:09:54.576,0.89015,0.89035,13.80,23.00
2009.09.17 11:09:54.807,0.8902,0.8904,5.00,24.70
2009.09.17 11:09:55.027,0.89025,0.8904,4.00,16.50
2009.09.17 11:09:55.256,0.89025,0.8904,4.00,19.30
2009.09.17 11:09:55.716,0.8903,0.89045,4.00,24.20
2009.09.17 11:09:56.056,0.8903,0.89045,4.00,15.40
2009.09.17 11:09:58.785,0.8903,0.8904,4.00,5.30
2009.09.17 11:09:59.135,0.8903,0.8904,1.60,7.10
2009.09.17 11:09:59.485,0.8903,0.8904,4.00,3.70
2009.09.17 11:09:59.605,0.8903,0.8904,4.00,1.00
2009.09.17 11:10:01.385,0.8903,0.8904,2.40,1.00
2009.09.17 11:10:01.785,0.8903,0.89045,2.40,15.10
2009.09.17 11:10:02.165,0.8903,0.89045,2.40,13.50
2009.09.17 11:10:03.314,0.8903,0.8904,2.40,1.00
2009.09.17 11:10:03.604,0.89025,0.89035,6.60,2.40
2009.09.17 11:10:04.644,0.8902,0.89035,7.40,2.40
2009.09.17 11:10:05.034,0.8902,0.89035,11.40,2.40
2009.09.17 11:10:05.384,0.8902,0.89035,10.60,3.20
2009.09.17 11:10:05.724,0.8902,0.89035,10.60,3.70
2009.09.17 11:10:06.074,0.89025,0.89035,2.40,2.90
2009.09.17 11:10:06.414,0.89025,0.89035,2.40,6.10
2009.09.17 11:10:07.103,0.8902,0.89035,6.60,6.90
2009.09.17 11:10:07.463,0.8902,0.89035,3.40,6.90
2009.09.17 11:10:07.813,0.8902,0.89035,11.60,6.10
2009.09.17 11:10:08.044,0.8902,0.89035,3.60,6.90
2009.09.17 11:10:08.513,0.8902,0.89035,4.40,6.10
2009.09.17 11:10:08.793,0.8902,0.89035,4.20,6.10
2009.09.17 11:10:09.503,0.89025,0.89035,2.40,6.10
2009.09.17 11:10:09.783,0.89025,0.89035,2.40,2.40
2009.09.17 11:10:10.003,0.89025,0.89035,2.40,3.20
2009.09.17 11:10:10.363,0.8902,0.89035,3.40,6.90
2009.09.17 11:10:10.693,0.8902,0.89035,2.40,7.70
2009.09.17 11:10:11.083,0.8902,0.8903,2.40,3.70
2009.09.17 11:10:13.292,0.89025,0.89035,2.40,13.30
2009.09.17 11:10:13.472,0.89025,0.89035,2.40,10.10
2009.09.17 11:10:13.582,0.8902,0.89035,4.20,6.90
2009.09.17 11:10:14.112,0.8902,0.89035,4.20,6.10
2009.09.17 11:10:15.281,0.8902,0.89035,7.40,6.10
2009.09.17 11:10:15.391,0.89025,0.89035,2.40,6.10
2009.09.17 11:10:15.552,0.8902,0.89035,3.20,6.10
2009.09.17 11:10:15.791,0.8902,0.89035,2.40,6.90
2009.09.17 11:10:15.972,0.8902,0.89035,2.40,10.90
2009.09.17 11:10:17.331,0.8902,0.89035,3.40,10.90
2009.09.17 11:10:18.031,0.8902,0.89035,4.20,10.10
2009.09.17 11:10:18.371,0.8902,0.89035,4.20,6.10
2009.09.17 11:10:18.701,0.8902,0.89035,3.40,10.90
2009.09.17 11:10:19.060,0.8902,0.89035,4.20,6.10
2009.09.17 11:10:19.900,0.8902,0.89035,3.40,6.90
2009.09.17 11:10:20.191,0.8902,0.89035,3.40,10.90
2009.09.17 11:10:20.480,0.8902,0.89035,7.40,6.10
2009.09.17 11:10:22.210,0.8902,0.89035,10.60,6.10
2009.09.17 11:10:22.540,0.89025,0.89035,2.40,2.90
2009.09.17 11:10:24.059,0.8902,0.89035,7.40,2.90
2009.09.17 11:10:24.229,0.8902,0.89035,7.40,6.10
2009.09.17 11:10:24.409,0.8902,0.89035,4.20,6.10
2009.09.17 11:10:28.938,0.8902,0.89035,7.40,6.10
2009.09.17 11:10:29.178,0.89025,0.8903,2.40,1.00
2009.09.17 11:10:29.578,0.89015,0.89025,12.80,1.00
2009.09.17 11:10:29.808,0.89015,0.8903,2.40,15.30
2009.09.17 11:10:30.098,0.89015,0.8903,2.40,20.60
2009.09.17 11:10:32.397,0.89015,0.8903,4.00,24.60
2009.09.17 11:10:32.728,0.89015,0.89025,2.40,4.50
2009.09.17 11:10:33.077,0.89015,0.89025,2.40,3.70
2009.09.17 11:10:34.797,0.89015,0.89025,2.40,4.50
2009.09.17 11:10:36.316,0.89015,0.89025,2.40,3.70
2009.09.17 11:10:44.455,0.89015,0.89025,2.40,4.50
2009.09.17 11:10:46.244,0.89015,0.89025,2.40,3.70
2009.09.17 11:10:48.434,0.89015,0.89025,4.00,3.70
2009.09.17 11:10:48.964,0.89015,0.89025,1.60,6.10
2009.09.17 11:10:49.253,0.89015,0.89025,4.00,4.50
2009.09.17 11:10:49.703,0.89015,0.89025,4.00,3.70
2009.09.17 11:10:49.883,0.89015,0.89025,4.00,1.00
2009.09.17 11:10:50.113,0.89015,0.8903,4.80,10.30
2009.09.17 11:10:50.283,0.8902,0.8903,1.60,6.10
2009.09.17 11:10:50.513,0.89015,0.8903,4.80,6.10
2009.09.17 11:10:51.193,0.8902,0.8903,4.00,3.70
2009.09.17 11:10:52.603,0.8901,0.89025,4.80,13.10
2009.09.17 11:10:52.943,0.89005,0.8902,6.50,18.20
2009.09.17 11:10:53.232,0.89005,0.89015,3.20,3.70
2009.09.17 11:10:53.582,0.88995,0.89015,10.80,16.10
2009.09.17 11:10:53.872,0.88995,0.8901,1.00,12.10
2009.09.17 11:10:54.232,0.8899,0.8901,11.00,18.50
2009.09.17 11:10:55.342,0.8899,0.8901,7.40,21.90
2009.09.17 11:10:55.962,0.8899,0.89005,7.40,6.10
2009.09.17 11:10:56.312,0.8899,0.89005,6.60,6.90
2009.09.17 11:10:56.662,0.8899,0.89,2.40,1.00
2009.09.17 11:10:57.021,0.8899,0.89005,2.40,8.80
2009.09.17 11:10:57.361,0.8899,0.8901,2.40,32.90
2009.09.17 11:10:57.701,0.8899,0.8901,2.40,30.50
2009.09.17 11:10:58.631,0.8899,0.8901,2.40,32.90
2009.09.17 11:10:59.181,0.8899,0.8901,3.20,32.90
2009.09.17 11:10:59.461,0.8899,0.8901,2.40,32.90
2009.09.17 11:11:00.731,0.8899,0.89005,2.40,9.40
2009.09.17 11:11:01.020,0.8899,0.89005,2.40,9.30
2009.09.17 11:11:01.300,0.8899,0.89005,2.40,10.90
2009.09.17 11:11:01.581,0.8899,0.89,2.40,2.40
2009.09.17 11:11:01.920,0.8899,0.89,2.40,2.10
2009.09.17 11:11:02.270,0.88985,0.89,13.20,5.30
2009.09.17 11:11:02.600,0.88985,0.89,6.00,6.90
2009.09.17 11:11:02.900,0.88985,0.89,9.20,8.50
2009.09.17 11:11:03.180,0.88985,0.88995,5.00,4.00
2009.09.17 11:11:03.470,0.8898,0.88995,11.80,4.00
2009.09.17 11:11:03.770,0.8898,0.88995,13.40,4.50
2009.09.17 11:11:03.940,0.8898,0.88995,9.00,8.50
2009.09.17 11:11:04.050,0.8898,0.88995,7.40,6.90
2009.09.17 11:11:04.220,0.8898,0.88995,2.40,9.30
2009.09.17 11:11:04.910,0.88975,0.8899,17.40,2.40
2009.09.17 11:11:05.020,0.88975,0.8899,16.80,2.40
2009.09.17 11:11:05.139,0.88975,0.8899,13.60,2.40
2009.09.17 11:11:05.199,0.88975,0.8899,13.60,4.00
2009.09.17 11:11:05.309,0.88975,0.8899,13.20,4.00
2009.09.17 11:11:07.069,0.88975,0.8899,13.20,4.70
2009.09.17 11:11:07.899,0.88975,0.8899,13.20,3.10
2009.09.17 11:11:08.239,0.88975,0.8899,13.20,4.70
2009.09.17 11:11:08.479,0.88975,0.8899,9.20,7.90
2009.09.17 11:11:08.719,0.88975,0.8899,9.20,4.10
2009.09.17 11:11:08.949,0.88975,0.8899,12.20,4.00
2009.09.17 11:11:09.299,0.88975,0.8899,12.60,2.90
2009.09.17 11:11:09.459,0.88975,0.8899,16.60,2.90
2009.09.17 11:11:10.028,0.88975,0.8899,16.60,2.40
2009.09.17 11:11:10.778,0.88975,0.8899,16.80,2.40
2009.09.17 11:11:10.898,0.88975,0.8899,16.80,2.90
2009.09.17 11:11:11.018,0.88975,0.8899,16.40,2.90
2009.09.17 11:11:12.648,0.8898,0.8899,4.20,2.40
2009.09.17 11:11:13.217,0.88985,0.8899,8.00,2.40
2009.09.17 11:11:13.437,0.88985,0.88995,8.00,8.10
2009.09.17 11:11:13.677,0.88985,0.88995,7.20,2.50
2009.09.17 11:11:14.247,0.88985,0.88995,7.90,2.40
2009.09.17 11:11:14.477,0.88985,0.88995,8.20,4.00
2009.09.17 11:11:14.717,0.88985,0.88995,8.20,2.40
2009.09.17 11:11:15.357,0.88985,0.88995,9.00,2.40
2009.09.17 11:11:15.827,0.88985,0.89,14.60,2.40
2009.09.17 11:11:16.517,0.88985,0.89,17.80,2.40
2009.09.17 11:11:17.147,0.88985,0.89,14.60,2.40
2009.09.17 11:11:17.786,0.88985,0.89,17.80,2.40
2009.09.17 11:11:18.136,0.8899,0.89,1.00,2.40
2009.09.17 11:11:18.527,0.8899,0.89005,8.20,4.40
2009.09.17 11:11:18.876,0.8899,0.89,5.00,2.40
2009.09.17 11:11:19.288,0.8899,0.89,10.60,2.40
2009.09.17 11:11:19.467,0.8899,0.89005,16.20,6.40
2009.09.17 11:11:19.646,0.8899,0.89005,20.20,2.40
2009.09.17 11:11:20.519,0.88995,0.89005,1.00,2.40
2009.09.17 11:11:20.856,0.88995,0.8901,4.20,6.30
2009.09.17 11:11:21.026,0.88995,0.8901,7.40,6.10
2009.09.17 11:11:21.706,0.88995,0.8901,6.60,6.90
2009.09.17 11:11:22.055,0.88995,0.8901,7.40,2.90
2009.09.17 11:11:22.345,0.88995,0.8901,7.40,2.40
2009.09.17 11:11:26.414,0.89,0.8901,1.00,2.40
2009.09.17 11:11:26.745,0.88995,0.8901,11.00,2.40
2009.09.17 11:11:27.104,0.88995,0.8901,11.80,2.40
2009.09.17 11:11:27.444,0.89,0.8901,1.00,2.40
2009.09.17 11:11:27.784,0.88995,0.8901,10.60,2.40
2009.09.17 11:11:28.124,0.88995,0.8901,14.60,2.40
2009.09.17 11:11:28.394,0.89,0.8901,1.00,2.40
2009.09.17 11:11:28.634,0.88995,0.8901,7.40,2.40
2009.09.17 11:11:28.814,0.88995,0.8901,14.60,2.40
2009.09.17 11:11:29.474,0.89,0.8901,1.00,2.40
2009.09.17 11:11:29.583,0.89,0.8901,4.20,2.40
2009.09.17 11:11:29.873,0.89,0.8901,1.00,2.40
2009.09.17 11:11:30.454,0.89,0.8901,4.20,2.40
2009.09.17 11:11:32.363,0.89,0.8901,7.40,2.40
2009.09.17 11:11:32.753,0.89,0.89015,12.20,2.40
2009.09.17 11:11:33.103,0.89,0.89015,16.20,2.40
2009.09.17 11:11:33.453,0.89,0.89015,13.40,2.40
2009.09.17 11:11:34.083,0.89,0.89015,16.80,2.40
2009.09.17 11:11:34.203,0.89,0.89015,13.60,2.40
2009.09.17 11:11:34.372,0.89,0.89015,13.40,2.40
2009.09.17 11:11:35.312,0.89,0.89015,9.20,6.10
2009.09.17 11:11:35.842,0.89,0.89015,9.30,6.10
2009.09.17 11:11:37.751,0.89,0.89015,13.60,6.10
2009.09.17 11:11:37.981,0.89,0.89015,13.60,2.90
2009.09.17 11:11:38.202,0.89,0.89015,13.60,2.40
2009.09.17 11:11:38.381,0.89,0.89015,16.80,2.40
2009.09.17 11:11:39.481,0.89005,0.89015,1.00,2.40
2009.09.17 11:11:43.460,0.89005,0.89015,3.20,1.00
2009.09.17 11:11:43.620,0.89005,0.89015,2.40,1.00
2009.09.17 11:11:43.740,0.89005,0.89015,8.40,1.00
2009.09.17 11:11:43.970,0.89005,0.8902,2.80,7.70
2009.09.17 11:11:44.090,0.89005,0.8902,2.80,6.90
2009.09.17 11:11:44.200,0.89005,0.8902,3.60,6.10
2009.09.17 11:11:44.550,0.89005,0.8902,3.20,6.30
2009.09.17 11:11:45.540,0.89005,0.8902,7.20,6.30
2009.09.17 11:11:46.220,0.8901,0.8902,2.40,3.70
2009.09.17 11:11:47.249,0.8901,0.89025,2.40,14.10
2009.09.17 11:11:47.589,0.8901,0.89025,3.40,6.90
2009.09.17 11:11:49.199,0.8901,0.89025,4.20,6.10
2009.09.17 11:11:51.558,0.89005,0.8902,11.00,6.10
2009.09.17 11:11:51.908,0.89005,0.8902,3.40,6.90
2009.09.17 11:11:52.268,0.8901,0.8902,2.40,4.50
2009.09.17 11:11:52.618,0.8901,0.8902,2.40,3.70
2009.09.17 11:11:52.898,0.8901,0.8902,2.40,1.00
2009.09.17 11:11:53.178,0.8901,0.89025,2.40,10.90
2009.09.17 11:11:53.758,0.8901,0.89025,3.20,10.10
2009.09.17 11:11:54.288,0.8901,0.89025,2.40,10.90
2009.09.17 11:11:54.648,0.8901,0.89025,3.20,6.10
2009.09.17 11:11:54.878,0.8901,0.89025,3.20,10.10
2009.09.17 11:11:55.167,0.8901,0.89025,4.20,10.10
2009.09.17 11:11:55.467,0.8901,0.89025,4.20,6.10
2009.09.17 11:11:56.107,0.8901,0.89025,4.20,10.10
2009.09.17 11:11:58.147,0.8901,0.89025,4.20,6.10
2009.09.17 11:11:59.107,0.8901,0.89025,4.20,10.10
2009.09.17 11:12:02.406,0.8901,0.8902,3.40,1.00
2009.09.17 11:12:02.686,0.8901,0.8902,2.40,6.10
2009.09.17 11:12:02.926,0.8901,0.89025,2.40,6.90
2009.09.17 11:12:03.146,0.89015,0.89025,2.40,6.10
2009.09.17 11:12:03.376,0.89015,0.89025,2.40,2.90
2009.09.17 11:12:03.785,0.8901,0.89025,2.40,6.90
2009.09.17 11:12:04.136,0.8901,0.8902,2.40,3.70
2009.09.17 11:12:06.055,0.89005,0.8902,7.40,6.10
2009.09.17 11:12:07.714,0.89005,0.8902,2.40,6.90
2009.09.17 11:12:08.074,0.89005,0.8902,2.40,10.10
2009.09.17 11:12:10.244,0.89005,0.8902,2.40,10.30
2009.09.17 11:12:10.884,0.89005,0.89015,2.40,1.00
2009.09.17 11:12:11.173,0.89,0.89015,9.80,2.40
2009.09.17 11:12:11.453,0.89005,0.8902,2.40,7.70
2009.09.17 11:12:11.733,0.89005,0.8902,2.40,11.70
2009.09.17 11:12:12.953,0.89005,0.8902,2.40,11.90
2009.09.17 11:12:16.702,0.89005,0.8902,2.40,7.90
2009.09.17 11:12:17.042,0.89005,0.8902,2.40,7.10
2009.09.17 11:12:18.902,0.89005,0.8902,2.40,6.90
2009.09.17 11:12:25.520,0.89005,0.8902,2.40,7.10
2009.09.17 11:12:25.960,0.89005,0.8902,3.20,6.30
2009.09.17 11:12:26.320,0.89005,0.8902,11.40,6.10
2009.09.17 11:12:26.930,0.89005,0.8902,10.60,6.10
2009.09.17 11:12:27.270,0.89005,0.8902,14.60,6.10
2009.09.17 11:12:30.279,0.88985,0.88995,1.00,2.40
2009.09.17 11:12:30.609,0.8898,0.88995,9.80,6.10
2009.09.17 11:12:31.649,0.8898,0.88995,16.20,6.10
2009.09.17 11:12:31.988,0.8898,0.88995,4.60,6.10
2009.09.17 11:12:32.328,0.8898,0.88995,6.40,6.10
2009.09.17 11:12:32.668,0.8898,0.88995,7.80,2.40
2009.09.17 11:12:33.068,0.88985,0.88995,3.20,2.40
2009.09.17 11:12:33.299,0.88985,0.88995,4.20,2.40
2009.09.17 11:12:33.708,0.88985,0.89,7.40,2.90
2009.09.17 11:12:34.168,0.88985,0.89,10.60,3.70
2009.09.17 11:12:34.578,0.88985,0.89,4.20,6.90
2009.09.17 11:12:34.928,0.88985,0.89,10.60,2.90
2009.09.17 11:12:35.498,0.88985,0.89,11.40,6.10
2009.09.17 11:12:35.668,0.88985,0.89,3.40,6.90
2009.09.17 11:12:35.828,0.88985,0.89,12.60,2.40
2009.09.17 11:12:35.998,0.88985,0.89,7.40,3.70
2009.09.17 11:12:36.178,0.88985,0.89,12.60,3.70
2009.09.17 11:12:36.347,0.8899,0.89,2.40,3.20
2009.09.17 11:12:36.528,0.88985,0.89,7.80,2.40
2009.09.17 11:12:36.858,0.88985,0.88995,7.40,2.40
2009.09.17 11:12:37.197,0.88985,0.89,6.60,6.90
2009.09.17 11:12:37.548,0.88985,0.88995,7.40,2.40
2009.09.17 11:12:38.977,0.88985,0.89,12.60,6.10
2009.09.17 11:12:40.776,0.88985,0.89,12.60,2.90
2009.09.17 11:12:49.404,0.8899,0.89005,3.20,6.10
2009.09.17 11:12:49.514,0.8899,0.89005,2.40,6.90
2009.09.17 11:12:49.624,0.8899,0.89,2.40,3.20
2009.09.17 11:12:49.674,0.88985,0.89,16.60,5.60
2009.09.17 11:12:49.735,0.88985,0.89,13.40,6.10
2009.09.17 11:12:49.914,0.88985,0.89,9.40,6.10
2009.09.17 11:12:49.974,0.88985,0.89,12.60,6.10
2009.09.17 11:12:52.084,0.88985,0.88995,9.60,6.10
2009.09.17 11:12:52.494,0.88985,0.88995,4.40,6.10
2009.09.17 11:12:53.543,0.88985,0.88995,4.00,6.10
2009.09.17 11:12:54.283,0.88985,0.88995,5.60,6.10
2009.09.17 11:12:54.563,0.88985,0.8899,1.60,2.40
2009.09.17 11:12:54.793,0.88985,0.8899,1.60,6.10
2009.09.17 11:12:55.013,0.8898,0.8899,4.00,6.10
2009.09.17 11:13:02.032,0.8898,0.8899,1.60,2.50
2009.09.17 11:13:02.371,0.8898,0.8899,4.00,2.40
2009.09.17 11:13:05.721,0.88985,0.8899,1.60,2.40
2009.09.17 11:13:06.220,0.88985,0.88995,1.60,6.10
2009.09.17 11:13:07.980,0.88985,0.88995,1.60,2.90
2009.09.17 11:13:08.390,0.8898,0.88995,6.60,8.50
2009.09.17 11:13:08.560,0.8898,0.8899,1.00,4.00
2009.09.17 11:13:09.020,0.88975,0.8899,14.20,2.40
2009.09.17 11:13:09.240,0.88975,0.8899,17.40,4.10
2009.09.17 11:13:09.479,0.88975,0.8899,15.60,2.40
2009.09.17 11:13:09.759,0.88975,0.8899,17.60,2.40
2009.09.17 11:13:10.749,0.88975,0.8899,17.60,2.50
2009.09.17 11:13:11.139,0.88975,0.8899,17.40,2.40
2009.09.17 11:13:12.219,0.88985,0.88995,1.60,9.50
2009.09.17 11:13:12.609,0.88985,0.88995,1.60,6.10
2009.09.17 11:13:12.939,0.88985,0.88995,1.60,6.90
2009.09.17 11:13:13.169,0.88985,0.8899,1.60,2.40
2009.09.17 11:13:14.408,0.8898,0.8899,3.40,2.40
2009.09.17 11:13:14.698,0.8898,0.8899,1.00,2.40
2009.09.17 11:13:14.858,0.8898,0.8899,3.40,2.40
2009.09.17 11:13:14.968,0.8898,0.8899,2.40,2.40
2009.09.17 11:13:15.138,0.88975,0.8899,16.40,2.40
2009.09.17 11:13:15.188,0.8898,0.8899,1.00,2.40
2009.09.17 11:13:15.298,0.8898,0.8899,5.20,2.40
2009.09.17 11:13:15.358,0.8898,0.88995,10.50,9.10
2009.09.17 11:13:15.588,0.88985,0.88995,1.00,7.50
2009.09.17 11:13:15.748,0.88985,0.88995,2.40,8.10
2009.09.17 11:13:15.928,0.8898,0.88995,5.70,6.90
2009.09.17 11:13:16.098,0.8898,0.8899,6.40,2.40
2009.09.17 11:13:16.438,0.8898,0.8899,10.60,2.40
2009.09.17 11:13:16.778,0.8898,0.8899,3.40,2.40
2009.09.17 11:13:17.528,0.8898,0.88995,7.40,6.90
2009.09.17 11:13:17.818,0.8898,0.88995,10.60,6.90
2009.09.17 11:13:18.167,0.8898,0.8899,10.60,2.40
2009.09.17 11:13:18.457,0.8898,0.88995,3.40,6.90
2009.09.17 11:13:20.287,0.8898,0.88995,6.60,6.90
2009.09.17 11:13:20.467,0.8898,0.88995,7.40,2.90
2009.09.17 11:13:22.377,0.8898,0.88995,2.40,8.90
2009.09.17 11:13:22.726,0.88975,0.8899,19.20,2.40
2009.09.17 11:13:23.026,0.8898,0.88995,11.00,3.00
2009.09.17 11:13:23.316,0.88985,0.88995,13.40,2.80
2009.09.17 11:13:23.546,0.88985,0.89,10.60,6.10
2009.09.17 11:13:23.786,0.88985,0.89,10.60,2.40
2009.09.17 11:13:24.076,0.88985,0.89,11.80,2.40
2009.09.17 11:13:24.366,0.88985,0.88995,9.20,2.40
2009.09.17 11:13:24.636,0.88985,0.88995,5.20,2.40
2009.09.17 11:13:26.565,0.88985,0.88995,4.20,2.40
2009.09.17 11:13:33.754,0.88985,0.88995,1.00,2.40
2009.09.17 11:13:37.413,0.88985,0.88995,4.20,2.40
2009.09.17 11:13:42.142,0.88985,0.88995,7.40,2.40
2009.09.17 11:13:42.492,0.88985,0.88995,5.00,2.40
2009.09.17 11:13:44.621,0.88985,0.88995,4.20,2.40
2009.09.17 11:13:46.341,0.88985,0.89,9.00,8.80
2009.09.17 11:13:46.741,0.8899,0.89,3.40,4.10
2009.09.17 11:13:47.091,0.8899,0.89005,11.00,6.50
2009.09.17 11:13:47.311,0.88995,0.89005,2.40,6.10
2009.09.17 11:13:47.490,0.88995,0.89005,3.20,2.40
2009.09.17 11:13:47.731,0.88995,0.8901,3.20,10.70
2009.09.17 11:13:47.951,0.88995,0.8901,7.40,10.70
2009.09.17 11:13:49.160,0.88995,0.8901,7.40,9.90
2009.09.17 11:13:49.330,0.88995,0.8901,7.40,6.10
2009.09.17 11:13:49.720,0.88995,0.89005,5.00,2.40
2009.09.17 11:13:49.840,0.88995,0.89005,1.00,2.40
2009.09.17 11:13:50.350,0.88995,0.89005,6.60,2.40
2009.09.17 11:13:51.339,0.88995,0.8901,6.60,6.90
2009.09.17 11:13:51.639,0.89,0.8901,2.40,6.10
2009.09.17 11:13:51.969,0.88995,0.8901,6.60,3.70
2009.09.17 11:13:52.289,0.88995,0.8901,6.60,7.90
2009.09.17 11:13:53.039,0.88995,0.8901,6.60,11.90
2009.09.17 11:13:54.249,0.88995,0.8901,6.60,11.10
2009.09.17 11:13:54.648,0.88995,0.8901,7.40,10.30
2009.09.17 11:13:54.829,0.88995,0.8901,12.60,10.30
2009.09.17 11:13:54.999,0.88995,0.8901,7.40,6.30
2009.09.17 11:13:56.258,0.88995,0.8901,6.60,7.10
2009.09.17 11:13:56.318,0.88995,0.89005,6.60,2.40
2009.09.17 11:13:56.438,0.88995,0.89005,7.40,2.40
2009.09.17 11:13:56.599,0.88995,0.8901,7.40,6.10
2009.09.17 11:13:56.988,0.88995,0.8901,7.40,2.90
2009.09.17 11:13:58.028,0.88995,0.8901,7.60,2.90
2009.09.17 11:13:58.478,0.89,0.89015,2.40,15.80
2009.09.17 11:13:58.698,0.88995,0.8901,15.20,2.40
2009.09.17 11:13:59.439,0.88995,0.8901,11.20,2.40
2009.09.17 11:13:59.668,0.88995,0.8901,8.00,2.40
2009.09.17 11:13:59.777,0.88995,0.8901,7.80,2.40
2009.09.17 11:14:00.017,0.88995,0.8901,7.40,2.90
2009.09.17 11:14:00.377,0.88995,0.8901,6.60,3.70
2009.09.17 11:14:00.498,0.88995,0.8901,3.40,6.90
2009.09.17 11:14:04.466,0.88995,0.8901,3.40,7.70
2009.09.17 11:14:04.696,0.88995,0.8901,3.40,13.30
2009.09.17 11:14:05.376,0.88995,0.8901,3.40,16.50
2009.09.17 11:14:05.436,0.88995,0.8901,3.40,16.70
2009.09.17 11:14:05.706,0.88995,0.8901,3.40,21.90
2009.09.17 11:14:05.766,0.88995,0.89005,2.40,1.60
2009.09.17 11:14:05.936,0.8899,0.89005,13.00,4.00
2009.09.17 11:14:06.636,0.8899,0.89005,9.00,4.50
2009.09.17 11:14:06.996,0.88995,0.8901,2.40,12.10
2009.09.17 11:14:07.326,0.88995,0.8901,2.40,11.70
2009.09.17 11:14:08.035,0.88995,0.8901,2.40,7.70
2009.09.17 11:14:09.665,0.88995,0.8901,2.40,6.90
2009.09.17 11:14:09.725,0.88995,0.8901,4.20,6.10
2009.09.17 11:14:09.785,0.88995,0.8901,10.60,6.10
2009.09.17 11:14:10.135,0.88995,0.8901,10.60,2.90
2009.09.17 11:14:10.195,0.88995,0.8901,11.00,2.90
2009.09.17 11:14:10.245,0.88995,0.8901,7.80,2.90
2009.09.17 11:14:10.355,0.88995,0.8901,7.40,2.90
2009.09.17 11:14:10.415,0.88995,0.8901,11.40,2.90
2009.09.17 11:14:10.475,0.88995,0.8901,7.40,2.90
2009.09.17 11:14:10.535,0.88995,0.8901,7.40,6.10
2009.09.17 11:14:12.455,0.88995,0.8901,6.60,6.90
2009.09.17 11:14:12.864,0.88995,0.8901,7.40,6.10
2009.09.17 11:14:13.144,0.88995,0.8901,7.40,2.90
2009.09.17 11:14:14.014,0.88995,0.8901,6.60,6.90
2009.09.17 11:14:14.304,0.88995,0.89005,3.40,1.00
2009.09.17 11:14:14.654,0.8899,0.89,1.40,3.20
2009.09.17 11:14:14.994,0.88985,0.89,11.20,3.70
2009.09.17 11:14:15.394,0.88985,0.88995,2.80,1.00
2009.09.17 11:14:15.634,0.88985,0.88995,2.40,3.70
2009.09.17 11:14:16.424,0.8898,0.8899,4.80,1.00
2009.09.17 11:14:16.764,0.8898,0.8899,6.40,1.30
2009.09.17 11:14:17.163,0.88975,0.8899,8.40,10.90
2009.09.17 11:14:17.494,0.88975,0.8899,5.00,8.50
2009.09.17 11:14:17.843,0.8898,0.88995,2.40,15.10
2009.09.17 11:14:18.193,0.8898,0.8899,2.40,4.50
2009.09.17 11:14:18.533,0.88975,0.8899,5.40,8.50
2009.09.17 11:14:18.883,0.88975,0.8899,4.40,7.70
2009.09.17 11:14:19.223,0.88975,0.8899,8.20,8.50
2009.09.17 11:14:19.563,0.88975,0.8899,8.20,10.90
2009.09.17 11:14:19.853,0.88975,0.8899,8.20,8.50
2009.09.17 11:14:20.382,0.88975,0.8899,5.00,12.50
2009.09.17 11:14:20.502,0.88975,0.8899,5.00,11.10
2009.09.17 11:14:20.663,0.8898,0.8899,2.40,3.90
2009.09.17 11:14:20.882,0.8898,0.8899,2.40,3.70
2009.09.17 11:14:21.562,0.8898,0.8899,4.00,1.00
2009.09.17 11:14:21.912,0.8898,0.8899,2.40,3.70
2009.09.17 11:14:22.312,0.8898,0.8899,2.40,4.50
2009.09.17 11:14:23.332,0.8898,0.8899,2.40,3.70
2009.09.17 11:14:23.662,0.8898,0.88995,2.40,12.70
2009.09.17 11:14:23.902,0.8898,0.88995,2.40,15.90
2009.09.17 11:14:23.962,0.8898,0.88995,2.40,16.70
2009.09.17 11:14:24.082,0.8898,0.8899,2.40,1.00
2009.09.17 11:14:28.820,0.8898,0.88995,2.40,8.50
2009.09.17 11:14:29.110,0.88985,0.88995,2.40,6.10
2009.09.17 11:14:29.391,0.88985,0.88995,2.40,6.90
2009.09.17 11:14:29.620,0.88985,0.88995,2.40,6.10
2009.09.17 11:14:31.270,0.88985,0.88995,2.40,2.90
2009.09.17 11:14:39.018,0.88985,0.88995,5.60,2.90
2009.09.17 11:14:39.129,0.88985,0.89,6.60,11.50
2009.09.17 11:14:39.528,0.88985,0.89,6.60,11.30
2009.09.17 11:14:39.638,0.88985,0.89,6.60,9.70
2009.09.17 11:14:41.047,0.88985,0.89,6.60,8.10
2009.09.17 11:14:41.277,0.88985,0.89,6.60,6.90
2009.09.17 11:14:41.917,0.88985,0.89,6.60,7.70
2009.09.17 11:14:42.367,0.88985,0.89,6.60,4.50
2009.09.17 11:14:42.587,0.88985,0.89,7.40,2.90
2009.09.17 11:14:42.827,0.88985,0.89,9.80,2.40
2009.09.17 11:14:43.047,0.8899,0.89,1.00,2.40
2009.09.17 11:14:43.637,0.8899,0.89,1.00,3.20
2009.09.17 11:14:50.096,0.88985,0.89,6.60,3.70
2009.09.17 11:14:50.206,0.88985,0.89,6.60,3.20
2009.09.17 11:14:52.885,0.88985,0.89,6.60,3.70
2009.09.17 11:14:53.484,0.88985,0.89,6.60,6.90
2009.09.17 11:14:54.064,0.88985,0.89,7.40,6.10
2009.09.17 11:14:54.184,0.88985,0.89,7.40,2.90
2009.09.17 11:14:54.484,0.88985,0.89,12.60,2.90
2009.09.17 11:14:54.664,0.88985,0.89,12.60,2.40
2009.09.17 11:14:54.784,0.88985,0.89,13.00,2.40
2009.09.17 11:14:54.954,0.8899,0.89005,3.40,10.90
2009.09.17 11:14:55.124,0.8899,0.89005,3.40,6.90
2009.09.17 11:14:55.534,0.8899,0.89005,6.60,6.90
2009.09.17 11:14:56.054,0.8899,0.89005,10.60,6.10
2009.09.17 11:14:56.394,0.8899,0.89005,11.40,2.90
2009.09.17 11:14:56.724,0.8899,0.89005,7.40,2.90
2009.09.17 11:14:57.064,0.8899,0.89005,6.60,6.90
2009.09.17 11:14:57.344,0.8899,0.89005,3.40,6.90
2009.09.17 11:14:58.154,0.8899,0.89005,3.40,10.90
2009.09.17 11:15:01.703,0.8899,0.89005,4.20,6.10
2009.09.17 11:15:02.083,0.8899,0.89005,3.40,10.90
2009.09.17 11:15:02.432,0.8899,0.89005,3.40,6.90
2009.09.17 11:15:03.123,0.8899,0.89005,3.40,10.90
2009.09.17 11:15:08.071,0.8899,0.89,1.00,2.40
2009.09.17 11:15:08.641,0.8899,0.89005,3.40,10.90
2009.09.17 11:15:09.381,0.8899,0.89005,2.40,10.90
2009.09.17 11:15:09.611,0.8899,0.89005,2.40,15.10
2009.09.17 11:15:09.901,0.88985,0.89,7.00,6.90
2009.09.17 11:15:10.140,0.88985,0.89,7.80,3.70
2009.09.17 11:15:10.370,0.88985,0.89,14.60,1.00
2009.09.17 11:15:10.541,0.88985,0.89,10.60,3.70
2009.09.17 11:15:10.660,0.88985,0.89,7.00,3.70
2009.09.17 11:15:10.831,0.88985,0.89,7.80,1.00
2009.09.17 11:15:11.070,0.88985,0.89,11.00,1.00
2009.09.17 11:15:11.250,0.88985,0.89,14.60,1.00
2009.09.17 11:15:11.420,0.88985,0.89,6.60,6.90
2009.09.17 11:15:11.720,0.88985,0.89,11.40,3.70
2009.09.17 11:15:22.138,0.88995,0.89005,2.40,1.00
2009.09.17 11:15:24.027,0.8899,0.89005,14.80,2.90
2009.09.17 11:15:24.197,0.8899,0.89005,10.60,6.90
2009.09.17 11:15:24.717,0.8899,0.89005,6.60,6.90
2009.09.17 11:15:24.837,0.8899,0.89005,7.40,6.10
2009.09.17 11:15:25.177,0.8899,0.89005,11.40,6.10
2009.09.17 11:15:34.634,0.88995,0.89005,2.40,3.70
2009.09.17 11:15:34.984,0.8899,0.89005,11.60,6.10
2009.09.17 11:15:35.094,0.8899,0.89005,11.40,6.10
2009.09.17 11:15:35.594,0.8899,0.89005,7.40,6.10
2009.09.17 11:15:35.714,0.88995,0.89005,2.40,3.70
2009.09.17 11:15:37.324,0.88995,0.89005,2.40,1.00
2009.09.17 11:15:38.284,0.8899,0.89005,10.80,3.70
2009.09.17 11:15:38.464,0.8899,0.89005,7.40,2.90
2009.09.17 11:15:39.034,0.8899,0.89005,11.40,2.90
2009.09.17 11:15:40.783,0.8899,0.89005,11.40,2.40
2009.09.17 11:15:41.143,0.8899,0.89005,14.80,2.40
2009.09.17 11:15:41.493,0.88995,0.8901,2.40,11.70
2009.09.17 11:15:48.022,0.88995,0.8901,2.40,6.90
2009.09.17 11:15:58.999,0.88995,0.8901,3.40,6.90
2009.09.17 11:16:00.499,0.88995,0.8901,3.40,7.70
2009.09.17 11:16:01.088,0.88995,0.8901,3.40,11.70
2009.09.17 11:16:02.398,0.88995,0.8901,6.60,8.50
2009.09.17 11:16:02.798,0.88995,0.8901,6.60,3.20
2009.09.17 11:16:04.597,0.89,0.8901,1.00,2.40
2009.09.17 11:16:05.477,0.88995,0.8901,9.80,2.90
2009.09.17 11:16:06.447,0.88995,0.8901,9.80,2.40
2009.09.17 11:16:06.787,0.88995,0.8901,9.00,3.20
2009.09.17 11:16:08.116,0.88995,0.8901,9.80,2.40
2009.09.17 11:16:08.697,0.88995,0.8901,9.00,3.20
2009.09.17 11:16:08.926,0.88995,0.8901,9.80,2.40
2009.09.17 11:16:09.386,0.88995,0.8901,13.00,2.40
2009.09.17 11:16:09.676,0.88995,0.8901,9.00,3.20
2009.09.17 11:16:10.366,0.88995,0.8901,9.00,3.70
2009.09.17 11:16:10.656,0.88995,0.8901,6.60,3.70
2009.09.17 11:16:13.935,0.88995,0.8901,6.60,5.30
2009.09.17 11:16:14.265,0.88995,0.8901,6.60,9.30
2009.09.17 11:16:15.085,0.88995,0.8901,6.60,12.50
2009.09.17 11:16:15.495,0.88995,0.8901,3.40,17.90
2009.09.17 11:16:15.665,0.88995,0.89005,1.00,2.40
2009.09.17 11:16:21.743,0.88995,0.89005,1.80,2.40
2009.09.17 11:16:21.853,0.88995,0.89005,7.00,2.40
2009.09.17 11:16:21.913,0.89,0.8901,2.40,8.90
2009.09.17 11:16:22.363,0.89,0.8901,2.40,3.20
2009.09.17 11:16:22.703,0.88995,0.8901,6.60,3.80
2009.09.17 11:16:26.012,0.88995,0.8901,6.60,7.00
2009.09.17 11:16:26.072,0.88995,0.89005,4.20,2.40
2009.09.17 11:16:26.252,0.88995,0.8901,6.60,8.90
2009.09.17 11:16:26.312,0.88995,0.8901,6.60,9.50
2009.09.17 11:16:26.722,0.88995,0.89005,4.20,2.40
2009.09.17 11:16:27.412,0.88995,0.8901,6.60,7.70
2009.09.17 11:16:27.762,0.88995,0.8901,6.60,4.00
2009.09.17 11:16:28.102,0.88995,0.89005,4.20,2.40
2009.09.17 11:16:28.442,0.88995,0.89005,1.00,2.40
2009.09.17 11:16:29.481,0.8899,0.89005,9.00,2.40
2009.09.17 11:16:29.831,0.8899,0.89005,5.80,6.10
2009.09.17 11:16:30.181,0.88995,0.8901,3.40,7.70
2009.09.17 11:16:30.641,0.88995,0.8901,4.20,6.90
2009.09.17 11:16:30.991,0.89,0.8901,2.40,2.90
2009.09.17 11:16:31.341,0.88995,0.8901,9.80,3.70
2009.09.17 11:16:31.631,0.88995,0.8901,6.60,7.10
2009.09.17 11:16:32.721,0.88995,0.8901,6.60,3.90
2009.09.17 11:16:33.360,0.88995,0.8901,9.00,3.90
2009.09.17 11:16:33.700,0.88995,0.8901,9.00,4.70
2009.09.17 11:16:33.870,0.88995,0.89005,2.60,2.50
2009.09.17 11:16:36.920,0.88995,0.8901,4.00,11.90
2009.09.17 11:16:37.270,0.88995,0.8901,5.00,7.10
2009.09.17 11:16:38.290,0.88995,0.8901,8.20,7.10
2009.09.17 11:16:38.679,0.89,0.8901,2.40,7.10
2009.09.17 11:16:39.019,0.88995,0.8901,8.20,6.90
2009.09.17 11:16:39.369,0.88995,0.8901,3.40,10.30
2009.09.17 11:16:39.589,0.88995,0.89005,2.40,1.00
2009.09.17 11:16:39.759,0.8899,0.89005,7.40,7.10
2009.09.17 11:16:39.939,0.8899,0.89005,6.40,10.30
2009.09.17 11:16:40.339,0.8899,0.89,2.40,2.50
2009.09.17 11:16:40.689,0.8899,0.89,2.80,6.30
2009.09.17 11:16:41.039,0.88985,0.89,12.60,7.10
2009.09.17 11:16:41.369,0.88985,0.88995,1.00,6.90
2009.09.17 11:16:41.988,0.8898,0.8899,6.80,1.30
2009.09.17 11:16:42.379,0.8898,0.8899,2.40,4.50
2009.09.17 11:16:43.079,0.8898,0.8899,2.40,3.70
2009.09.17 11:16:43.418,0.8898,0.8899,6.40,3.70
2009.09.17 11:16:43.768,0.88975,0.8899,19.00,6.90
2009.09.17 11:16:44.118,0.8898,0.8899,6.40,6.90
2009.09.17 11:16:44.348,0.88975,0.8899,18.60,6.90
2009.09.17 11:16:44.578,0.88975,0.8899,13.20,7.10
2009.09.17 11:16:45.038,0.8898,0.8899,1.60,7.10
2009.09.17 11:16:45.248,0.8898,0.8899,4.00,6.30
2009.09.17 11:16:45.588,0.8898,0.8899,4.00,6.10
2009.09.17 11:16:45.928,0.8898,0.8899,8.80,1.00
2009.09.17 11:16:46.217,0.88985,0.8899,1.60,2.90
2009.09.17 11:16:46.617,0.8898,0.8899,8.00,2.90
2009.09.17 11:16:47.637,0.8898,0.8899,4.00,2.90
2009.09.17 11:16:47.987,0.8898,0.8899,4.00,3.70
2009.09.17 11:16:48.277,0.8898,0.8899,1.60,7.10
2009.09.17 11:16:49.017,0.8898,0.8899,1.60,6.10
2009.09.17 11:16:49.367,0.8898,0.8899,4.00,6.90
2009.09.17 11:16:49.707,0.8898,0.8899,4.00,4.50
2009.09.17 11:16:50.396,0.8898,0.88985,1.60,1.00
2009.09.17 11:16:50.786,0.8898,0.8899,4.00,5.30
2009.09.17 11:16:51.007,0.8898,0.8899,4.00,4.50
2009.09.17 11:16:51.746,0.8898,0.8899,1.60,7.10
2009.09.17 11:16:52.096,0.8898,0.8899,1.60,6.90
2009.09.17 11:16:52.446,0.88975,0.8899,4.00,7.10
2009.09.17 11:16:52.916,0.88975,0.8899,4.00,7.90
2009.09.17 11:16:53.326,0.88975,0.8899,4.00,7.10
2009.09.17 11:16:53.676,0.8898,0.8899,1.60,6.30
2009.09.17 11:16:54.386,0.8898,0.8899,1.60,5.50
2009.09.17 11:16:55.015,0.8898,0.8899,1.60,6.30
2009.09.17 11:16:55.195,0.8898,0.8899,1.60,7.10
2009.09.17 11:16:55.365,0.8898,0.8899,1.60,6.10
2009.09.17 11:16:56.055,0.8898,0.8899,2.00,6.10
2009.09.17 11:16:56.395,0.8898,0.8899,1.60,6.90
2009.09.17 11:16:56.755,0.8898,0.88985,1.60,2.40
2009.09.17 11:16:58.155,0.8898,0.8899,1.60,7.00
2009.09.17 11:16:58.455,0.8898,0.88985,1.60,2.40
2009.09.17 11:16:58.984,0.8898,0.8899,1.60,6.10
2009.09.17 11:17:00.654,0.8898,0.8899,1.60,6.30
2009.09.17 11:17:00.944,0.8898,0.8899,1.60,2.40
2009.09.17 11:17:01.294,0.8898,0.8899,2.60,2.40
2009.09.17 11:17:04.133,0.8898,0.8899,1.60,2.40
2009.09.17 11:17:04.523,0.8898,0.8899,1.60,2.90
2009.09.17 11:17:05.873,0.8898,0.8899,1.60,6.10
2009.09.17 11:17:07.532,0.8898,0.8899,1.60,2.40
2009.09.17 11:17:07.852,0.8898,0.88995,5.00,10.90
2009.09.17 11:17:08.192,0.8898,0.8899,1.60,2.40
2009.09.17 11:17:08.872,0.8898,0.88995,5.20,10.90
2009.09.17 11:17:09.222,0.8898,0.88995,5.00,6.90
2009.09.17 11:17:09.572,0.8898,0.88995,5.20,6.90
2009.09.17 11:17:09.802,0.8898,0.88995,5.00,6.90
2009.09.17 11:17:10.732,0.8898,0.88995,5.20,6.90
2009.09.17 11:17:10.911,0.8898,0.88995,3.60,6.90
2009.09.17 11:17:12.341,0.8898,0.88995,6.80,6.90
2009.09.17 11:17:13.421,0.88985,0.88995,3.40,2.40
2009.09.17 11:17:13.761,0.88985,0.88995,2.40,2.40
2009.09.17 11:17:15.780,0.8898,0.88995,13.20,2.40
2009.09.17 11:17:15.901,0.8898,0.88995,13.20,6.10
2009.09.17 11:17:15.961,0.8898,0.88995,7.80,6.30
2009.09.17 11:17:16.080,0.8898,0.88995,6.60,7.10
2009.09.17 11:17:16.410,0.88985,0.88995,2.40,6.30
2009.09.17 11:17:16.650,0.88985,0.88995,2.40,6.10
2009.09.17 11:17:20.509,0.88985,0.88995,2.40,6.90
2009.09.17 11:17:20.729,0.88985,0.88995,2.40,6.30
2009.09.17 11:17:20.969,0.88985,0.88995,2.40,6.10
2009.09.17 11:17:22.579,0.8898,0.88995,6.60,6.90
2009.09.17 11:17:25.388,0.8898,0.88995,6.60,3.70
2009.09.17 11:17:26.398,0.88985,0.89,3.40,18.70
2009.09.17 11:17:26.748,0.8898,0.88995,7.60,2.40
2009.09.17 11:17:27.098,0.8898,0.88995,10.80,2.40
2009.09.17 11:17:27.457,0.8898,0.88995,10.80,2.90
2009.09.17 11:17:27.807,0.8898,0.88995,6.80,6.90
2009.09.17 11:17:28.127,0.8898,0.88995,6.60,6.90
2009.09.17 11:17:28.487,0.8898,0.88995,3.40,6.90
2009.09.17 11:17:29.957,0.8898,0.88995,4.20,6.10
2009.09.17 11:17:30.127,0.8898,0.88995,3.60,6.90
2009.09.17 11:17:30.297,0.8898,0.88995,3.40,6.90
2009.09.17 11:17:30.877,0.8898,0.88995,3.60,6.90
2009.09.17 11:17:31.217,0.8898,0.88995,3.40,6.90
2009.09.17 11:17:31.506,0.8898,0.88995,2.40,6.90
2009.09.17 11:17:33.566,0.88975,0.8899,25.40,2.90
2009.09.17 11:17:33.856,0.8898,0.8899,2.40,4.50
2009.09.17 11:17:34.186,0.8898,0.8899,2.40,1.30
2009.09.17 11:17:34.486,0.88975,0.8899,11.80,6.10
2009.09.17 11:17:34.726,0.88975,0.8899,7.40,6.10
2009.09.17 11:17:35.016,0.88975,0.8899,6.60,6.90
2009.09.17 11:17:35.476,0.88975,0.8899,4.20,6.10
2009.09.17 11:17:35.715,0.88975,0.8899,4.20,6.30
2009.09.17 11:17:36.406,0.88975,0.8899,2.50,6.90
2009.09.17 11:17:36.635,0.88975,0.8899,2.50,10.90
2009.09.17 11:17:36.865,0.88975,0.8899,2.40,11.10
2009.09.17 11:17:37.215,0.8897,0.88985,17.80,2.90
2009.09.17 11:17:37.555,0.8897,0.88985,8.00,7.10
2009.09.17 11:17:37.895,0.88975,0.88985,2.40,3.70
2009.09.17 11:17:38.635,0.8897,0.8898,8.80,1.30
2009.09.17 11:17:38.975,0.8897,0.8898,2.40,1.00
2009.09.17 11:17:39.315,0.8897,0.88985,6.40,10.30
2009.09.17 11:17:39.675,0.8897,0.8898,2.40,4.70
2009.09.17 11:17:40.474,0.8897,0.8898,6.40,1.00
2009.09.17 11:17:40.765,0.88975,0.88985,2.40,1.00
2009.09.17 11:17:41.054,0.88975,0.8899,2.40,7.50
2009.09.17 11:17:41.334,0.88975,0.8899,2.40,7.30
2009.09.17 11:17:41.504,0.88975,0.8899,6.40,6.10
2009.09.17 11:17:41.734,0.8898,0.8899,2.40,3.70
2009.09.17 11:17:41.964,0.88975,0.8899,4.40,6.10
2009.09.17 11:17:42.194,0.8898,0.8899,2.40,3.70
2009.09.17 11:17:42.584,0.88975,0.8899,7.40,7.30
2009.09.17 11:17:42.934,0.8898,0.8899,2.40,4.10
2009.09.17 11:17:43.294,0.8898,0.8899,2.40,6.10
2009.09.17 11:17:43.634,0.8898,0.8899,3.20,3.70
2009.09.17 11:17:43.984,0.8898,0.88995,7.60,2.80
2009.09.17 11:17:44.334,0.8898,0.88995,6.60,3.70
2009.09.17 11:17:44.544,0.8898,0.88995,3.40,4.50
2009.09.17 11:17:44.784,0.8898,0.88995,3.40,7.70
2009.09.17 11:17:45.353,0.8898,0.88995,2.40,6.90
2009.09.17 11:17:47.113,0.8898,0.88995,2.40,10.90
2009.09.17 11:17:47.463,0.8898,0.8899,2.40,3.70
2009.09.17 11:17:48.173,0.8898,0.88995,2.40,14.30
2009.09.17 11:17:48.523,0.8898,0.88995,2.40,17.30
2009.09.17 11:17:48.873,0.8898,0.88995,2.40,13.30
2009.09.17 11:17:49.602,0.8898,0.88995,2.40,17.90
2009.09.17 11:17:49.832,0.8898,0.88995,2.40,17.50
2009.09.17 11:17:50.052,0.8898,0.88995,2.40,14.10
2009.09.17 11:17:50.282,0.8898,0.88995,2.40,10.10
2009.09.17 11:17:51.942,0.8898,0.8899,2.40,2.90
2009.09.17 11:17:52.282,0.8898,0.88995,2.40,9.30
2009.09.17 11:17:52.662,0.8898,0.88995,2.40,10.30
2009.09.17 11:17:53.391,0.8898,0.8899,2.40,2.90
2009.09.17 11:17:54.071,0.8898,0.88995,4.20,8.80
2009.09.17 11:17:54.411,0.88985,0.88995,3.20,2.40
2009.09.17 11:17:54.771,0.88985,0.89,2.40,13.60
2009.09.17 11:17:55.051,0.88985,0.88995,1.00,6.40
2009.09.17 11:17:55.331,0.8898,0.88995,3.60,6.90
2009.09.17 11:17:55.561,0.8898,0.88995,2.50,6.90
2009.09.17 11:17:55.851,0.8898,0.88995,2.40,6.90
2009.09.17 11:17:56.481,0.8898,0.8899,2.40,1.00
2009.09.17 11:17:57.930,0.8898,0.88995,3.20,8.70
2009.09.17 11:17:58.260,0.8898,0.88995,2.50,6.90
2009.09.17 11:17:58.600,0.8898,0.88995,2.40,9.30
2009.09.17 11:18:00.039,0.8898,0.88995,3.40,6.90
2009.09.17 11:18:00.849,0.8898,0.88995,4.20,6.10
2009.09.17 11:18:01.079,0.8898,0.88995,3.40,6.90
2009.09.17 11:18:02.519,0.8898,0.88995,4.40,6.10
2009.09.17 11:18:03.149,0.8898,0.88995,3.60,6.90
2009.09.17 11:18:03.489,0.8898,0.88995,2.40,6.90
2009.09.17 11:18:04.809,0.8898,0.88995,7.40,6.10
2009.09.17 11:18:05.108,0.8898,0.88995,10.60,6.10
2009.09.17 11:18:05.508,0.8898,0.88995,10.60,2.90
2009.09.17 11:18:05.678,0.8898,0.88995,7.40,2.90
2009.09.17 11:18:05.848,0.8898,0.88995,8.00,6.10
2009.09.17 11:18:06.078,0.8898,0.88995,7.40,6.10
2009.09.17 11:18:07.498,0.8898,0.88995,4.20,6.10
2009.09.17 11:18:08.168,0.88985,0.88995,2.40,3.70
2009.09.17 11:18:09.937,0.88985,0.88995,2.40,1.00
2009.09.17 11:18:09.998,0.88985,0.89,7.20,6.10
2009.09.17 11:18:10.117,0.88985,0.89,7.60,6.10
2009.09.17 11:18:10.287,0.88985,0.89,7.20,6.10
2009.09.17 11:18:10.627,0.88985,0.89,5.60,6.10
2009.09.17 11:18:11.357,0.88985,0.89,3.40,6.10
2009.09.17 11:18:11.697,0.88985,0.89,7.40,6.10
2009.09.17 11:18:12.037,0.88985,0.88995,1.60,1.00
2009.09.17 11:18:12.387,0.88985,0.89,2.40,6.90
2009.09.17 11:18:12.727,0.8899,0.89,2.40,6.90
2009.09.17 11:18:13.796,0.8899,0.89,2.40,6.10
2009.09.17 11:18:14.146,0.8899,0.89,2.40,6.90
2009.09.17 11:18:16.345,0.8899,0.89,2.40,6.10
2009.09.17 11:18:16.685,0.8899,0.89,2.40,6.50
2009.09.17 11:18:17.016,0.8899,0.89,2.40,7.30
2009.09.17 11:18:17.586,0.88985,0.88995,2.40,1.00
2009.09.17 11:18:17.885,0.8899,0.88995,2.40,1.00
2009.09.17 11:18:18.245,0.8899,0.89,2.40,6.90
2009.09.17 11:18:18.955,0.88985,0.89,3.40,7.10
2009.09.17 11:18:19.295,0.88985,0.88995,3.40,2.40
2009.09.17 11:18:22.575,0.88985,0.89,7.40,6.10
2009.09.17 11:18:23.264,0.88985,0.89,4.20,6.10
2009.09.17 11:18:23.554,0.88985,0.89,3.20,6.10
2009.09.17 11:18:24.774,0.88985,0.89,2.40,6.90
2009.09.17 11:18:25.343,0.88985,0.88995,2.40,3.70
2009.09.17 11:18:25.573,0.8898,0.88995,7.00,6.90
2009.09.17 11:18:25.743,0.8898,0.88995,6.60,6.90
2009.09.17 11:18:26.643,0.8898,0.88995,6.60,7.10
2009.09.17 11:18:27.613,0.8898,0.88995,3.40,7.10
2009.09.17 11:18:28.743,0.8898,0.8899,2.40,10.10
2009.09.17 11:18:29.103,0.88975,0.88985,4.40,6.90
2009.09.17 11:18:29.393,0.8897,0.8898,4.00,2.40
2009.09.17 11:18:29.733,0.88965,0.8898,25.00,6.10
2009.09.17 11:18:30.032,0.88965,0.8898,21.80,6.10
2009.09.17 11:18:30.262,0.8897,0.8898,4.00,6.30
2009.09.17 11:18:31.142,0.8897,0.8898,6.40,3.70
2009.09.17 11:18:31.562,0.8897,0.8898,7.40,3.20
2009.09.17 11:18:31.672,0.8897,0.88985,11.40,6.10
2009.09.17 11:18:32.182,0.8897,0.88985,11.40,2.90
2009.09.17 11:18:33.162,0.8897,0.88985,7.40,6.90
2009.09.17 11:18:33.482,0.8897,0.88985,8.20,6.10
2009.09.17 11:18:33.822,0.8897,0.88985,6.40,7.10
2009.09.17 11:18:35.231,0.8897,0.88985,7.40,7.10
2009.09.17 11:18:35.931,0.8897,0.88985,6.40,7.90
2009.09.17 11:18:36.101,0.88975,0.88985,1.60,7.90
2009.09.17 11:18:36.391,0.88975,0.88985,4.00,1.00
2009.09.17 11:18:36.561,0.88975,0.8899,4.00,7.90
2009.09.17 11:18:36.731,0.88975,0.8899,4.00,6.90
2009.09.17 11:18:36.911,0.88975,0.8899,8.20,6.90
2009.09.17 11:18:37.081,0.88975,0.8899,8.20,7.70
2009.09.17 11:18:37.431,0.88975,0.88985,2.60,2.40
2009.09.17 11:18:37.951,0.8897,0.88985,13.00,4.00
2009.09.17 11:18:38.291,0.8897,0.88985,9.00,4.00
2009.09.17 11:18:38.570,0.8897,0.88985,8.20,4.90
2009.09.17 11:18:41.040,0.8897,0.88985,8.40,4.80
2009.09.17 11:18:41.270,0.88975,0.88985,2.40,4.00
2009.09.17 11:18:41.500,0.88975,0.88985,14.60,1.60
2009.09.17 11:18:41.850,0.8898,0.88995,4.00,7.70
2009.09.17 11:18:42.129,0.88985,0.88995,1.60,7.90
2009.09.17 11:18:42.450,0.88985,0.88995,1.60,11.10
2009.09.17 11:18:42.749,0.8898,0.88995,1.60,14.90
2009.09.17 11:18:43.079,0.8898,0.88995,8.00,6.90
2009.09.17 11:18:43.489,0.88975,0.8899,13.00,3.20
2009.09.17 11:18:43.839,0.88975,0.88985,12.20,1.00
2009.09.17 11:18:44.189,0.8898,0.88985,1.00,1.60
2009.09.17 11:18:44.539,0.8898,0.8899,4.00,2.40
2009.09.17 11:18:45.059,0.8898,0.8899,2.40,2.40
2009.09.17 11:18:45.289,0.8898,0.8899,2.40,2.90
2009.09.17 11:18:45.849,0.8898,0.8899,2.40,6.10
2009.09.17 11:18:45.969,0.88975,0.88985,5.60,2.40
2009.09.17 11:18:46.209,0.88975,0.88985,1.60,2.40
2009.09.17 11:18:46.449,0.88975,0.8899,4.00,8.50
2009.09.17 11:18:46.628,0.88975,0.8899,5.00,7.70
2009.09.17 11:18:46.739,0.88975,0.8899,5.80,6.10
2009.09.17 11:18:46.858,0.88975,0.8899,9.20,6.10
2009.09.17 11:18:47.239,0.88975,0.8899,13.20,2.40
2009.09.17 11:18:47.589,0.88985,0.88995,1.60,13.30
2009.09.17 11:18:47.938,0.88985,0.88995,1.60,6.10
2009.09.17 11:18:48.278,0.88985,0.89,4.80,6.10
2009.09.17 11:18:48.978,0.88985,0.89,8.80,6.10
2009.09.17 11:18:49.368,0.88985,0.89,8.00,6.90
2009.09.17 11:18:49.548,0.88985,0.89,4.00,6.90
2009.09.17 11:18:51.797,0.8899,0.89,2.40,3.70
2009.09.17 11:18:51.907,0.8899,0.89,2.40,3.20
2009.09.17 11:18:52.017,0.8899,0.89005,4.00,7.30
2009.09.17 11:18:52.367,0.8899,0.89005,4.00,6.90
2009.09.17 11:18:53.667,0.88995,0.89005,1.60,6.10
2009.09.17 11:18:54.587,0.88995,0.89,1.60,3.70
2009.09.17 11:18:54.647,0.88995,0.89,1.60,6.10
2009.09.17 11:18:54.766,0.8899,0.89,1.60,6.10
2009.09.17 11:18:55.226,0.8899,0.89,1.60,5.60
2009.09.17 11:18:55.346,0.8899,0.89,1.60,2.40
2009.09.17 11:18:55.686,0.8899,0.89,1.60,1.60
2009.09.17 11:18:56.396,0.88995,0.89005,2.40,7.70
2009.09.17 11:18:56.576,0.88995,0.89005,4.00,7.70
2009.09.17 11:18:57.026,0.88995,0.89005,1.60,6.10
2009.09.17 11:18:57.256,0.8899,0.89005,5.80,6.10
2009.09.17 11:18:57.426,0.88995,0.89005,1.60,6.10
2009.09.17 11:18:58.116,0.8899,0.89005,5.00,6.90
2009.09.17 11:19:02.564,0.8899,0.89,1.00,2.40
2009.09.17 11:19:04.024,0.88985,0.89,14.80,2.40
2009.09.17 11:19:04.254,0.88985,0.89,18.80,2.40
2009.09.17 11:19:04.494,0.8899,0.89,1.00,2.40
2009.09.17 11:19:06.204,0.8899,0.89,1.80,2.40
2009.09.17 11:19:06.554,0.8899,0.89005,6.80,12.90
2009.09.17 11:19:06.954,0.8899,0.89,1.00,2.40
2009.09.17 11:19:07.294,0.8899,0.89005,6.80,13.10
2009.09.17 11:19:07.983,0.8899,0.89005,18.90,4.00
2009.09.17 11:19:08.333,0.88995,0.89005,4.00,4.00
2009.09.17 11:19:08.623,0.88995,0.8901,4.00,7.10
2009.09.17 11:19:08.903,0.88995,0.8901,5.00,7.90
2009.09.17 11:19:09.543,0.88995,0.8901,8.20,7.10
2009.09.17 11:19:10.173,0.89,0.8901,2.40,1.00
2009.09.17 11:19:10.293,0.89,0.89015,2.40,16.10
2009.09.17 11:19:10.413,0.89,0.89015,2.40,12.10
2009.09.17 11:19:10.533,0.89,0.89015,2.40,11.70
2009.09.17 11:19:10.763,0.89,0.89015,2.40,7.70
2009.09.17 11:19:10.983,0.89,0.89015,3.40,7.70
2009.09.17 11:19:11.383,0.89,0.89015,6.60,7.70
2009.09.17 11:19:11.612,0.89,0.89015,8.20,3.70
2009.09.17 11:19:11.952,0.89,0.89015,12.40,2.90
2009.09.17 11:19:12.243,0.89005,0.89015,2.40,3.70
2009.09.17 11:19:12.532,0.89,0.89015,8.40,3.70
2009.09.17 11:19:13.512,0.89,0.89015,8.20,3.90
2009.09.17 11:19:13.842,0.8901,0.89015,2.40,1.00
2009.09.17 11:19:14.192,0.89,0.89015,5.40,7.70
2009.09.17 11:19:14.522,0.89,0.8901,1.60,2.40
2009.09.17 11:19:14.862,0.89,0.8901,1.60,2.90
2009.09.17 11:19:15.031,0.89,0.8901,1.60,6.10
2009.09.17 11:19:15.372,0.89,0.8901,4.00,6.10
2009.09.17 11:19:17.341,0.89,0.89015,4.00,10.90
2009.09.17 11:19:18.061,0.89,0.89015,4.00,6.90
2009.09.17 11:19:18.401,0.89,0.8901,1.60,3.20
2009.09.17 11:19:18.751,0.89,0.8901,1.60,3.70
2009.09.17 11:19:20.520,0.88995,0.8901,22.00,3.70
2009.09.17 11:19:21.500,0.88995,0.8901,18.60,3.70
2009.09.17 11:19:21.610,0.88995,0.8901,14.60,3.70
2009.09.17 11:19:24.059,0.89005,0.8901,2.40,1.00
2009.09.17 11:19:24.409,0.89005,0.89015,2.40,6.90
2009.09.17 11:19:29.138,0.89015,0.8902,4.00,7.70
2009.09.17 11:19:29.418,0.8901,0.89025,3.10,14.10
2009.09.17 11:19:29.588,0.8901,0.89025,2.40,6.90
2009.09.17 11:19:29.758,0.8901,0.89025,2.40,12.10
2009.09.17 11:19:29.938,0.89005,0.8902,11.40,2.40
2009.09.17 11:19:30.108,0.89005,0.8902,11.40,6.10
2009.09.17 11:19:30.838,0.8901,0.8902,2.40,3.70
2009.09.17 11:19:31.187,0.89005,0.8902,7.40,6.10
2009.09.17 11:19:39.026,0.89005,0.8902,10.60,6.10
2009.09.17 11:19:39.316,0.8901,0.8902,2.40,6.10
2009.09.17 11:19:40.835,0.8901,0.8902,3.20,6.10
2009.09.17 11:19:41.015,0.8901,0.8902,3.20,1.00
2009.09.17 11:19:41.305,0.8901,0.89025,3.20,6.10
2009.09.17 11:19:42.925,0.8901,0.8902,2.40,1.00
2009.09.17 11:19:43.275,0.8901,0.8902,2.40,3.70
2009.09.17 11:19:43.615,0.89005,0.8902,6.60,7.10
2009.09.17 11:19:43.975,0.89005,0.8902,2.40,7.10
2009.09.17 11:19:44.305,0.89005,0.8902,3.20,6.10
2009.09.17 11:19:44.764,0.89005,0.8902,4.20,6.10
2009.09.17 11:19:49.193,0.89005,0.8902,3.40,6.90
2009.09.17 11:19:49.483,0.89005,0.8902,3.40,10.90
2009.09.17 11:19:50.233,0.89005,0.8902,7.40,6.10
2009.09.17 11:19:50.523,0.8901,0.8902,2.40,6.10
2009.09.17 11:19:50.633,0.8901,0.8902,2.40,3.70
2009.09.17 11:19:50.743,0.8901,0.8902,2.40,1.00
2009.09.17 11:19:53.842,0.8901,0.8902,1.60,1.00
2009.09.17 11:19:55.312,0.8901,0.8902,2.40,1.00
2009.09.17 11:19:55.472,0.8901,0.89025,2.40,9.30
2009.09.17 11:19:55.592,0.8901,0.89025,3.20,8.50
2009.09.17 11:19:55.872,0.8901,0.89025,7.20,6.10
2009.09.17 11:19:56.382,0.8901,0.89025,19.80,2.40
2009.09.17 11:19:56.722,0.89015,0.89025,3.40,4.00
2009.09.17 11:19:57.062,0.89015,0.89025,1.00,2.40
2009.09.17 11:19:58.411,0.8901,0.8902,4.00,2.40
2009.09.17 11:19:58.811,0.89015,0.89025,1.60,5.30
2009.09.17 11:19:59.091,0.89015,0.89025,1.60,2.90
2009.09.17 11:19:59.671,0.89015,0.89025,1.60,2.40
2009.09.17 11:20:00.181,0.89015,0.89025,4.00,2.40
2009.09.17 11:20:00.241,0.89015,0.89025,8.40,2.40
2009.09.17 11:20:00.361,0.89015,0.8903,8.40,8.10
2009.09.17 11:20:00.481,0.8902,0.8903,2.40,4.10
2009.09.17 11:20:00.881,0.8902,0.8903,1.60,2.80
2009.09.17 11:20:00.991,0.8902,0.89035,5.00,10.90
2009.09.17 11:20:01.101,0.8902,0.89035,5.80,5.60
2009.09.17 11:20:01.450,0.8902,0.89035,8.40,3.20
2009.09.17 11:20:01.790,0.8902,0.89035,12.20,3.20
2009.09.17 11:20:02.130,0.8902,0.89035,8.20,3.20
2009.09.17 11:20:03.170,0.8902,0.8903,2.60,2.40
2009.09.17 11:20:03.530,0.89015,0.8903,10.60,3.20
2009.09.17 11:20:03.880,0.89015,0.8903,5.00,6.90
2009.09.17 11:20:04.220,0.89015,0.89025,1.60,2.40
2009.09.17 11:20:04.390,0.89015,0.89025,1.60,3.30
2009.09.17 11:20:04.630,0.89015,0.89025,1.60,6.10
2009.09.17 11:20:04.800,0.8901,0.89025,6.40,6.10
2009.09.17 11:20:05.030,0.8901,0.89025,6.20,6.10
2009.09.17 11:20:05.200,0.89015,0.89025,1.60,7.10
2009.09.17 11:20:05.380,0.89015,0.8902,1.60,2.90
2009.09.17 11:20:05.659,0.8901,0.8902,1.60,6.10
2009.09.17 11:20:05.950,0.89005,0.8902,9.20,6.10
2009.09.17 11:20:06.239,0.89005,0.8902,9.20,5.30
2009.09.17 11:20:07.159,0.89005,0.8902,4.00,14.70
2009.09.17 11:20:07.389,0.89005,0.89015,1.60,2.40
2009.09.17 11:20:08.069,0.89005,0.89015,4.00,1.00
2009.09.17 11:20:09.119,0.89005,0.89015,1.60,2.40
2009.09.17 11:20:09.988,0.89005,0.89015,2.40,2.40
2009.09.17 11:20:10.148,0.89005,0.8902,8.00,6.10
2009.09.17 11:20:10.318,0.8901,0.8902,1.60,6.10
2009.09.17 11:20:12.219,0.8901,0.8902,4.10,3.70
2009.09.17 11:20:12.498,0.8901,0.89025,4.00,6.90
2009.09.17 11:20:12.788,0.8901,0.89025,4.90,6.10
2009.09.17 11:20:13.638,0.8901,0.89025,4.80,6.10
2009.09.17 11:20:13.978,0.8901,0.8902,1.60,2.90
2009.09.17 11:20:14.588,0.8901,0.8902,1.60,6.10
2009.09.17 11:20:15.187,0.8901,0.8902,4.00,6.10
2009.09.17 11:20:15.587,0.8901,0.8902,4.00,2.90
2009.09.17 11:20:15.827,0.8901,0.8902,1.60,2.90
2009.09.17 11:20:15.997,0.8901,0.8902,1.60,6.10
2009.09.17 11:20:16.517,0.8901,0.8902,4.00,6.10
2009.09.17 11:20:19.556,0.8901,0.8902,1.60,6.10
2009.09.17 11:20:19.606,0.8901,0.8902,1.60,7.10
2009.09.17 11:20:20.486,0.89005,0.8902,9.80,6.10
2009.09.17 11:20:20.976,0.89005,0.8902,9.00,6.10
2009.09.17 11:20:24.475,0.8901,0.8902,4.00,6.10
2009.09.17 11:20:24.925,0.8901,0.8902,1.60,6.90
2009.09.17 11:20:25.165,0.8901,0.8902,1.60,7.10
2009.09.17 11:20:25.335,0.8901,0.8902,5.20,6.10
2009.09.17 11:20:25.455,0.89015,0.8902,2.40,3.20
2009.09.17 11:20:25.615,0.8901,0.8902,6.00,2.90
2009.09.17 11:20:25.735,0.8901,0.8902,8.00,6.10
2009.09.17 11:20:25.914,0.89015,0.8902,1.60,6.10
2009.09.17 11:20:26.424,0.8901,0.8902,1.60,6.10
2009.09.17 11:20:32.393,0.8901,0.8902,1.60,6.90
2009.09.17 11:20:32.563,0.8901,0.89015,1.60,6.30
2009.09.17 11:20:32.963,0.89005,0.89015,1.60,7.10
2009.09.17 11:20:33.313,0.89005,0.89015,4.00,1.00
2009.09.17 11:20:33.663,0.89005,0.89015,4.00,6.10
2009.09.17 11:20:34.352,0.89005,0.89015,1.60,6.30
2009.09.17 11:20:34.762,0.89005,0.8901,1.60,1.00
2009.09.17 11:20:34.942,0.89005,0.89015,4.00,6.10
2009.09.17 11:20:35.112,0.89005,0.89015,4.00,6.20
2009.09.17 11:20:42.041,0.89005,0.89015,1.60,7.20
2009.09.17 11:20:42.741,0.89005,0.89015,4.00,6.20
2009.09.17 11:20:43.480,0.89005,0.89015,1.60,7.00
2009.09.17 11:20:43.820,0.89005,0.89015,1.60,7.20
2009.09.17 11:20:44.970,0.89005,0.89015,1.60,8.00
2009.09.17 11:20:45.260,0.89005,0.89015,1.60,12.00
2009.09.17 11:20:45.890,0.89005,0.89015,1.60,11.90
2009.09.17 11:20:46.160,0.89005,0.89015,1.60,7.90
2009.09.17 11:20:46.330,0.89005,0.89015,1.60,7.10
2009.09.17 11:20:47.679,0.89005,0.89015,1.60,6.30
2009.09.17 11:20:48.029,0.89005,0.89015,4.00,6.10
2009.09.17 11:20:49.069,0.89005,0.89015,1.60,6.10
2009.09.17 11:20:49.409,0.89005,0.89015,4.00,6.10
2009.09.17 11:20:52.768,0.89005,0.89015,4.00,6.90
2009.09.17 11:20:53.158,0.89005,0.89015,4.00,8.50
2009.09.17 11:20:53.498,0.89005,0.89015,4.00,6.10
2009.09.17 11:20:53.838,0.89005,0.89015,1.60,6.90
2009.09.17 11:20:54.837,0.89005,0.89015,1.60,7.10
2009.09.17 11:20:55.688,0.89005,0.8901,1.60,3.20
2009.09.17 11:20:55.747,0.89005,0.8901,1.60,3.70
2009.09.17 11:20:55.908,0.89,0.8901,4.00,6.10
2009.09.17 11:20:57.287,0.89,0.8901,4.00,6.90
2009.09.17 11:20:58.087,0.89,0.8901,1.60,6.90
2009.09.17 11:20:58.417,0.89,0.89005,1.60,1.00
2009.09.17 11:20:59.676,0.89,0.89005,1.60,3.70
2009.09.17 11:20:59.966,0.88995,0.89005,1.60,6.90
2009.09.17 11:21:00.246,0.88995,0.89005,1.60,9.30
2009.09.17 11:21:00.866,0.88995,0.89005,1.60,9.50
2009.09.17 11:21:01.456,0.88995,0.89005,4.00,8.50
2009.09.17 11:21:01.576,0.88995,0.89005,4.00,2.90
2009.09.17 11:21:01.696,0.88995,0.89005,4.00,1.00
2009.09.17 11:21:01.756,0.88995,0.8901,4.80,6.10
2009.09.17 11:21:03.085,0.88995,0.89005,4.00,3.70
2009.09.17 11:21:12.954,0.88995,0.89005,4.80,3.70
2009.09.17 11:21:13.233,0.89,0.8901,4.00,1.00
2009.09.17 11:21:13.563,0.89,0.8901,1.60,6.10
2009.09.17 11:21:14.613,0.89,0.89005,1.60,1.00
2009.09.17 11:21:14.943,0.88995,0.89005,4.00,1.00
2009.09.17 11:21:15.233,0.88995,0.89005,4.80,1.00
2009.09.17 11:21:15.583,0.89,0.8901,4.00,1.00
2009.09.17 11:21:15.793,0.89,0.89015,4.00,9.30
2009.09.17 11:21:15.973,0.89,0.89015,4.00,13.30
2009.09.17 11:21:16.203,0.89,0.8901,1.60,6.40
2009.09.17 11:21:16.423,0.88995,0.8901,8.40,6.90
2009.09.17 11:21:16.763,0.88995,0.89005,4.00,3.20
2009.09.17 11:21:17.102,0.88995,0.89005,4.40,1.00
2009.09.17 11:21:17.452,0.88995,0.89005,4.00,1.00
2009.09.17 11:21:17.802,0.89,0.89005,2.40,1.00
2009.09.17 11:21:18.142,0.89,0.89015,4.80,8.50
2009.09.17 11:21:18.492,0.89005,0.89015,1.60,8.50
2009.09.17 11:21:18.882,0.89005,0.89015,4.00,6.10
2009.09.17 11:21:20.352,0.89005,0.8901,4.00,3.70
2009.09.17 11:21:20.521,0.89,0.8901,1.60,3.70
2009.09.17 11:21:20.701,0.89,0.8901,1.60,4.50
2009.09.17 11:21:21.061,0.89,0.8901,1.60,1.00
2009.09.17 11:21:21.121,0.89,0.8901,1.60,3.70
2009.09.17 11:21:21.392,0.89,0.8901,1.60,5.30
2009.09.17 11:21:21.511,0.89,0.8901,1.60,6.10
2009.09.17 11:21:21.571,0.89,0.8901,1.60,4.50
2009.09.17 11:21:21.971,0.88995,0.8901,16.20,3.70
2009.09.17 11:21:22.321,0.89,0.8901,1.60,6.10
2009.09.17 11:21:22.661,0.88995,0.8901,3.80,6.10
2009.09.17 11:21:23.011,0.88995,0.8901,1.60,6.90
2009.09.17 11:21:23.371,0.89,0.8901,1.60,7.70
2009.09.17 11:21:23.751,0.89,0.8901,8.00,3.70
2009.09.17 11:21:24.101,0.89005,0.89015,5.60,6.10
2009.09.17 11:21:24.431,0.89005,0.8902,4.00,6.90
2009.09.17 11:21:24.820,0.89005,0.8902,1.60,6.90
2009.09.17 11:21:24.991,0.89005,0.89015,1.60,1.00
2009.09.17 11:21:25.400,0.89005,0.89015,4.80,1.00
2009.09.17 11:21:25.960,0.89005,0.8902,4.80,6.10
2009.09.17 11:21:26.130,0.89005,0.8902,1.60,6.90
2009.09.17 11:21:26.520,0.89005,0.8902,2.40,3.70
2009.09.17 11:21:26.700,0.89005,0.8902,5.80,3.70
2009.09.17 11:21:26.870,0.89005,0.8902,9.80,6.10
2009.09.17 11:21:27.090,0.89005,0.8902,13.00,6.10
2009.09.17 11:21:27.440,0.8901,0.8902,1.60,6.10
2009.09.17 11:21:29.060,0.8901,0.89025,4.00,12.10
2009.09.17 11:21:29.350,0.8901,0.89025,5.80,6.50
2009.09.17 11:21:30.319,0.8901,0.89025,9.00,7.30
2009.09.17 11:21:30.499,0.8901,0.89025,8.80,7.30
2009.09.17 11:21:30.679,0.8901,0.89025,13.00,8.10
2009.09.17 11:21:30.859,0.89015,0.89025,2.40,8.10
2009.09.17 11:21:31.029,0.89015,0.89025,2.40,4.90
2009.09.17 11:21:31.199,0.89015,0.89025,4.00,4.40
2009.09.17 11:21:31.899,0.89015,0.89025,4.00,7.60
2009.09.17 11:21:31.959,0.89015,0.89025,4.00,8.10
2009.09.17 11:21:32.279,0.89015,0.89025,4.00,6.50
2009.09.17 11:21:33.298,0.89015,0.8902,1.60,1.00
2009.09.17 11:21:33.638,0.8901,0.8902,4.00,3.70
2009.09.17 11:21:33.988,0.8901,0.8902,4.00,6.10
2009.09.17 11:21:36.607,0.8901,0.8902,4.00,1.00
2009.09.17 11:21:36.727,0.8901,0.8902,1.60,6.10
2009.09.17 11:21:36.848,0.8901,0.8902,4.00,1.00
2009.09.17 11:21:37.297,0.8901,0.89025,4.80,12.10
2009.09.17 11:21:37.417,0.8901,0.89025,4.80,8.10
2009.09.17 11:21:37.527,0.8901,0.89025,4.00,8.90
2009.09.17 11:21:37.887,0.8901,0.89025,4.00,12.90
2009.09.17 11:21:39.257,0.8901,0.89025,4.00,11.30
2009.09.17 11:21:41.167,0.8901,0.89025,5.00,11.30
2009.09.17 11:21:41.756,0.8901,0.89025,5.80,10.50
2009.09.17 11:21:42.156,0.8901,0.89025,5.80,6.50
2009.09.17 11:21:43.126,0.8901,0.89025,6.00,6.50
2009.09.17 11:21:43.466,0.89015,0.89025,1.00,2.80
2009.09.17 11:21:43.766,0.89015,0.89025,4.00,3.30
2009.09.17 11:21:44.086,0.89015,0.89025,4.00,1.00
2009.09.17 11:21:44.426,0.89015,0.89025,4.00,1.00
2009.09.17 11:21:44.776,0.89015,0.89025,4.90,1.00
2009.09.17 11:21:45.126,0.89015,0.89025,9.20,1.00
2009.09.17 11:21:45.595,0.89015,0.89025,5.20,1.00
2009.09.17 11:21:45.816,0.89015,0.89025,5.00,1.00
2009.09.17 11:21:46.385,0.89015,0.89025,8.20,1.00
2009.09.17 11:21:47.205,0.89015,0.89025,9.00,1.00
2009.09.17 11:21:47.535,0.89015,0.89025,9.20,1.00
2009.09.17 11:21:47.875,0.89015,0.89025,8.20,1.00
2009.09.17 11:21:48.215,0.89015,0.89025,5.00,1.00
2009.09.17 11:21:48.565,0.89015,0.89025,4.00,1.00
2009.09.17 11:21:49.245,0.8902,0.8903,2.40,1.00
2009.09.17 11:21:49.895,0.89015,0.8903,9.80,6.10
2009.09.17 11:21:50.114,0.8902,0.8903,2.40,3.70
2009.09.17 11:21:50.584,0.89015,0.8903,6.00,6.10
2009.09.17 11:21:51.534,0.89015,0.89025,6.00,1.00
2009.09.17 11:21:51.764,0.89015,0.89025,4.80,1.00
2009.09.17 11:21:51.984,0.89015,0.89025,4.00,1.00
2009.09.17 11:21:53.863,0.89015,0.89025,5.80,1.00
2009.09.17 11:21:54.223,0.89015,0.89025,5.00,1.00
2009.09.17 11:21:54.553,0.89015,0.89025,8.20,1.00
2009.09.17 11:21:57.893,0.89015,0.89025,8.20,2.80
2009.09.17 11:21:58.582,0.89015,0.89025,5.00,2.80
2009.09.17 11:21:59.272,0.89015,0.89025,4.00,2.80
2009.09.17 11:22:00.562,0.89015,0.89025,8.20,2.80
2009.09.17 11:22:01.362,0.89015,0.89025,4.00,2.80
2009.09.17 11:22:01.421,0.89015,0.89025,4.00,3.30
2009.09.17 11:22:01.931,0.89015,0.89025,4.00,6.50
2009.09.17 11:22:03.991,0.89015,0.89025,4.80,6.50
2009.09.17 11:22:04.221,0.89015,0.89025,4.00,2.80
2009.09.17 11:22:04.451,0.89015,0.89025,4.00,3.30
2009.09.17 11:22:04.681,0.89015,0.89025,5.00,2.80
2009.09.17 11:22:05.261,0.89015,0.89025,8.20,2.80
2009.09.17 11:22:06.430,0.89015,0.89025,9.00,1.00
2009.09.17 11:22:07.350,0.89015,0.89025,12.20,1.00
2009.09.17 11:22:07.700,0.89015,0.89025,9.00,1.00
2009.09.17 11:22:08.400,0.89015,0.89025,12.20,1.00
2009.09.17 11:22:10.299,0.89015,0.89025,9.00,1.00
2009.09.17 11:22:12.489,0.89015,0.89025,12.20,1.00
2009.09.17 11:22:13.638,0.89015,0.89025,8.20,1.00
2009.09.17 11:22:13.929,0.89015,0.89025,9.00,1.00
2009.09.17 11:22:14.168,0.89015,0.89025,8.20,1.00
2009.09.17 11:22:14.868,0.89015,0.89025,5.00,2.80
2009.09.17 11:22:16.158,0.89015,0.89025,8.20,2.80
2009.09.17 11:22:16.488,0.89015,0.89025,6.60,2.80
2009.09.17 11:22:20.227,0.8901,0.89025,3.40,7.30
2009.09.17 11:22:20.347,0.8901,0.89025,2.40,7.30
2009.09.17 11:22:20.507,0.8901,0.89025,2.40,11.30
2009.09.17 11:22:20.857,0.8901,0.8902,2.40,6.10
2009.09.17 11:22:20.967,0.8901,0.8902,2.40,3.70
2009.09.17 11:22:21.077,0.8901,0.8902,2.40,3.20
2009.09.17 11:22:21.197,0.8901,0.89025,2.40,17.70
2009.09.17 11:22:21.307,0.8901,0.8902,2.40,5.60
2009.09.17 11:22:21.367,0.8901,0.8902,2.40,6.10
2009.09.17 11:22:22.167,0.8901,0.8902,2.40,6.90
2009.09.17 11:22:22.467,0.89005,0.89015,2.40,2.40
2009.09.17 11:22:22.696,0.89005,0.89015,2.40,6.10
2009.09.17 11:22:22.986,0.89005,0.89015,2.40,2.90
2009.09.17 11:22:25.096,0.89005,0.89015,2.40,3.10
2009.09.17 11:22:25.716,0.89,0.8901,3.40,2.40
2009.09.17 11:22:25.996,0.89005,0.89015,3.60,4.00
2009.09.17 11:22:26.226,0.89005,0.8902,3.40,17.00
2009.09.17 11:22:26.405,0.89005,0.8902,3.40,11.80
2009.09.17 11:22:26.626,0.89005,0.8902,3.40,11.10
2009.09.17 11:22:26.805,0.89005,0.8902,3.40,16.30
2009.09.17 11:22:26.976,0.89005,0.8902,3.40,17.00
2009.09.17 11:22:27.155,0.89005,0.8902,3.40,13.00
2009.09.17 11:22:27.895,0.89005,0.8902,6.60,9.80
2009.09.17 11:22:28.245,0.89005,0.8902,6.60,3.90
2009.09.17 11:22:28.875,0.8901,0.8902,1.00,6.30
2009.09.17 11:22:29.165,0.8901,0.89025,10.80,8.80
2009.09.17 11:22:29.455,0.8901,0.8902,7.60,2.40
2009.09.17 11:22:29.735,0.8901,0.89025,10.80,8.40
2009.09.17 11:22:30.005,0.8901,0.8902,10.80,2.40
2009.09.17 11:22:30.514,0.8901,0.8902,10.60,2.40
2009.09.17 11:22:31.784,0.8901,0.89025,10.60,8.40
2009.09.17 11:22:32.254,0.8901,0.89025,11.20,8.40
2009.09.17 11:22:32.544,0.8901,0.8902,7.40,2.40
2009.09.17 11:22:32.894,0.8901,0.8902,4.20,2.40
2009.09.17 11:22:33.244,0.89005,0.8902,10.60,2.40
2009.09.17 11:22:35.643,0.89005,0.8902,7.40,2.40
2009.09.17 11:22:35.803,0.89005,0.8902,7.40,7.60
2009.09.17 11:22:35.973,0.89005,0.8902,10.60,2.40
2009.09.17 11:22:36.484,0.89005,0.8901,8.20,2.40
2009.09.17 11:22:36.653,0.89005,0.8901,1.00,2.40
2009.09.17 11:22:36.833,0.89005,0.8902,3.40,20.70
2009.09.17 11:22:36.993,0.89005,0.89015,3.40,2.40
2009.09.17 11:22:37.683,0.89005,0.89015,2.40,2.40
2009.09.17 11:22:40.072,0.89005,0.89015,3.40,2.40
2009.09.17 11:22:40.982,0.89005,0.89015,7.40,2.40
2009.09.17 11:22:41.462,0.89005,0.8902,7.40,6.10
2009.09.17 11:22:42.072,0.89005,0.8902,11.20,5.60
2009.09.17 11:22:42.412,0.89005,0.8902,7.40,2.40
2009.09.17 11:22:44.091,0.89005,0.8902,7.40,2.90
2009.09.17 11:22:44.481,0.89005,0.8902,11.20,2.90
2009.09.17 11:22:45.121,0.89005,0.8902,7.60,2.90
2009.09.17 11:22:45.231,0.89005,0.8902,6.60,7.10
2009.09.17 11:22:46.641,0.89005,0.8902,7.40,6.30
2009.09.17 11:22:46.821,0.89005,0.8902,7.40,11.50
2009.09.17 11:22:46.871,0.89005,0.8902,7.40,11.30
2009.09.17 11:22:46.981,0.89005,0.8902,7.40,6.10
2009.09.17 11:22:47.380,0.89005,0.8902,10.60,6.10
2009.09.17 11:22:47.431,0.89005,0.8902,11.20,6.10
2009.09.17 11:22:48.390,0.89005,0.8902,11.20,2.90
2009.09.17 11:22:48.740,0.8901,0.89025,8.00,13.10
2009.09.17 11:22:49.020,0.8901,0.89025,4.00,7.50
2009.09.17 11:22:49.260,0.8901,0.8902,1.00,2.40
2009.09.17 11:22:49.550,0.89005,0.8902,17.60,2.40
2009.09.17 11:22:49.790,0.89005,0.8902,13.60,2.40
2009.09.17 11:22:52.260,0.8901,0.8902,1.00,2.40
2009.09.17 11:22:52.610,0.89005,0.8902,10.00,2.40
2009.09.17 11:22:53.011,0.89005,0.8902,9.80,2.40
2009.09.17 11:22:53.349,0.89005,0.8902,7.40,2.40
2009.09.17 11:22:54.339,0.8901,0.89025,4.80,8.50
2009.09.17 11:22:54.579,0.8901,0.89025,4.80,8.10
2009.09.17 11:22:55.359,0.8901,0.89025,2.40,8.90
2009.09.17 11:22:55.658,0.8901,0.89025,5.80,8.10
2009.09.17 11:22:56.559,0.8901,0.89025,9.40,8.10
2009.09.17 11:22:56.898,0.8901,0.89025,12.60,8.10
2009.09.17 11:22:57.968,0.8901,0.89025,5.80,6.70
2009.09.17 11:22:58.308,0.8901,0.89025,5.80,6.50
2009.09.17 11:22:58.948,0.8901,0.8902,2.60,2.40
2009.09.17 11:22:59.238,0.89005,0.8902,11.00,2.40
2009.09.17 11:23:00.537,0.89005,0.8902,11.20,2.40
2009.09.17 11:23:00.707,0.89005,0.8902,15.20,2.40
2009.09.17 11:23:02.257,0.89005,0.8902,12.00,6.10
2009.09.17 11:23:02.637,0.89005,0.8902,7.40,2.90
2009.09.17 11:23:02.987,0.89005,0.8902,11.00,2.40
2009.09.17 11:23:03.337,0.89005,0.8902,7.40,11.30
2009.09.17 11:23:04.317,0.89005,0.89015,1.80,2.40
2009.09.17 11:23:04.666,0.89005,0.89015,4.20,2.40
2009.09.17 11:23:08.525,0.8901,0.8902,1.80,2.40
2009.09.17 11:23:08.756,0.89005,0.8902,15.00,2.40
2009.09.17 11:23:08.986,0.89005,0.8902,11.00,2.40
2009.09.17 11:23:09.215,0.89005,0.89015,5.00,2.40
2009.09.17 11:23:09.436,0.89005,0.89015,1.00,2.40
2009.09.17 11:23:10.915,0.89,0.89015,17.20,2.40
2009.09.17 11:23:11.025,0.89,0.89015,12.80,2.40
2009.09.17 11:23:13.464,0.89,0.8901,8.80,2.40
2009.09.17 11:23:13.814,0.89,0.8901,7.40,2.40
2009.09.17 11:23:14.174,0.89,0.8901,5.60,2.40
2009.09.17 11:23:14.474,0.88995,0.89005,16.30,2.40
2009.09.17 11:23:14.874,0.88995,0.89005,11.00,2.40
2009.09.17 11:23:15.094,0.89,0.89015,6.60,10.80
2009.09.17 11:23:15.334,0.89,0.8901,1.00,2.40
2009.09.17 11:23:15.574,0.88995,0.8901,13.80,2.40
2009.09.17 11:23:15.984,0.88995,0.89005,9.00,2.40
2009.09.17 11:23:16.204,0.89,0.89015,2.40,18.90
2009.09.17 11:23:16.444,0.89,0.89015,3.40,9.10
2009.09.17 11:23:16.614,0.88995,0.8901,10.00,2.40
2009.09.17 11:23:17.063,0.88995,0.89005,6.60,2.40
2009.09.17 11:23:22.062,0.89,0.89015,2.40,8.90
2009.09.17 11:23:22.182,0.89,0.89015,3.40,8.90
2009.09.17 11:23:22.302,0.89,0.89015,6.60,8.90
2009.09.17 11:23:22.422,0.89,0.89015,6.60,8.50
2009.09.17 11:23:23.922,0.89,0.89015,6.80,8.50
2009.09.17 11:23:24.332,0.89005,0.89015,1.00,3.70
2009.09.17 11:23:24.602,0.89005,0.8902,2.40,13.70
2009.09.17 11:23:25.052,0.89005,0.8902,2.40,19.10
2009.09.17 11:23:25.222,0.89,0.89015,6.60,3.70
2009.09.17 11:23:25.391,0.89,0.89015,3.40,6.90
2009.09.17 11:23:25.891,0.89,0.89015,3.40,12.10
2009.09.17 11:23:26.051,0.89,0.89015,4.20,11.30
2009.09.17 11:23:26.341,0.89,0.89015,7.40,6.10
2009.09.17 11:23:26.581,0.89,0.89015,11.20,6.10
2009.09.17 11:23:26.881,0.89,0.89015,15.20,2.40
2009.09.17 11:23:27.451,0.89005,0.89015,1.00,2.40
2009.09.17 11:23:30.140,0.89,0.8901,4.20,2.40
2009.09.17 11:23:30.480,0.89,0.89015,3.40,7.70
2009.09.17 11:23:30.590,0.89,0.8901,3.40,2.40
2009.09.17 11:23:30.700,0.89,0.8901,2.40,6.10
2009.09.17 11:23:32.350,0.89,0.8901,2.40,2.40
2009.09.17 11:23:32.649,0.88995,0.8901,11.40,2.40
2009.09.17 11:23:33.000,0.88995,0.8901,10.60,2.90
2009.09.17 11:23:34.030,0.88995,0.8901,11.20,2.90
2009.09.17 11:23:34.379,0.88995,0.8901,15.20,2.40
2009.09.17 11:23:35.759,0.89,0.8901,1.80,2.40
2009.09.17 11:23:35.879,0.89,0.8901,2.00,2.40
2009.09.17 11:23:35.989,0.89,0.89015,3.60,20.10
2009.09.17 11:23:36.099,0.89,0.89015,3.60,8.50
2009.09.17 11:23:36.159,0.89,0.8901,2.40,1.00
2009.09.17 11:23:36.399,0.89,0.8901,2.40,2.90
2009.09.17 11:23:36.679,0.89,0.8901,2.40,2.40
2009.09.17 11:23:37.488,0.89,0.8901,2.40,2.90
2009.09.17 11:23:38.468,0.89,0.89015,10.60,8.50
2009.09.17 11:23:39.218,0.89005,0.89015,4.20,8.00
2009.09.17 11:23:39.578,0.89,0.89015,10.80,4.00
2009.09.17 11:23:39.878,0.89,0.89015,11.20,4.00
2009.09.17 11:23:40.218,0.89,0.8901,10.60,2.40
2009.09.17 11:23:41.558,0.89,0.89015,11.00,4.00
2009.09.17 11:23:41.738,0.89,0.89015,11.20,4.00
2009.09.17 11:23:43.927,0.89,0.89015,10.80,4.00
2009.09.17 11:23:44.207,0.89,0.8901,6.80,2.40
2009.09.17 11:23:44.497,0.89,0.8901,7.40,2.40
2009.09.17 11:23:47.186,0.89,0.8901,6.60,2.40
2009.09.17 11:23:47.406,0.89,0.8901,7.40,2.40
2009.09.17 11:23:49.755,0.89,0.8901,3.40,2.40
2009.09.17 11:23:53.504,0.89,0.8901,4.20,2.40
2009.09.17 11:24:00.303,0.89,0.8901,3.40,2.40
2009.09.17 11:24:01.093,0.89,0.8901,6.60,2.40
2009.09.17 11:24:02.573,0.89,0.8901,3.40,2.40
2009.09.17 11:24:02.922,0.88995,0.8901,11.60,2.40
2009.09.17 11:24:03.263,0.88995,0.8901,7.40,2.90
2009.09.17 11:24:03.622,0.88995,0.8901,6.60,6.90
2009.09.17 11:24:08.291,0.88995,0.89005,1.00,2.40
2009.09.17 11:24:08.631,0.8899,0.89005,10.60,7.10
2009.09.17 11:24:09.021,0.88995,0.8901,6.60,17.30
2009.09.17 11:24:09.311,0.88995,0.8901,6.60,8.40
2009.09.17 11:24:09.661,0.88995,0.8901,7.40,2.40
2009.09.17 11:24:10.011,0.89,0.8901,3.40,2.40
2009.09.17 11:24:10.511,0.89,0.8901,6.60,2.40
2009.09.17 11:24:10.691,0.89,0.8901,10.60,2.40
2009.09.17 11:24:14.379,0.89,0.8901,4.20,2.40
2009.09.17 11:24:14.720,0.89,0.8901,7.40,2.40
2009.09.17 11:24:15.529,0.89,0.8901,6.60,2.40
2009.09.17 11:24:15.939,0.89,0.8901,4.20,2.40
2009.09.17 11:24:16.159,0.89,0.8901,3.40,2.40
2009.09.17 11:24:16.739,0.89,0.89005,3.40,1.00
2009.09.17 11:24:19.088,0.89,0.89005,2.40,1.00
2009.09.17 11:24:19.738,0.89,0.89005,3.40,1.00
2009.09.17 11:24:20.068,0.89,0.89005,7.40,1.00
2009.09.17 11:24:20.458,0.89,0.8901,7.40,2.40
2009.09.17 11:24:22.797,0.89,0.8901,4.20,2.40
2009.09.17 11:24:23.947,0.89,0.8901,4.60,2.40
2009.09.17 11:24:24.307,0.89,0.8901,7.40,2.40
2009.09.17 11:24:24.597,0.89,0.8901,4.20,2.40
2009.09.17 11:24:24.877,0.89,0.8901,2.40,2.40
2009.09.17 11:24:25.217,0.89,0.8901,2.40,6.90
2009.09.17 11:24:25.507,0.88995,0.8901,12.60,4.50
2009.09.17 11:24:25.787,0.88995,0.8901,6.60,2.10
2009.09.17 11:24:26.067,0.88995,0.8901,7.40,1.30
2009.09.17 11:24:26.537,0.88995,0.8901,7.40,4.50
2009.09.17 11:24:26.767,0.88995,0.8901,7.40,2.10
2009.09.17 11:24:26.947,0.88995,0.8901,6.60,2.90
2009.09.17 11:24:27.247,0.88995,0.8901,7.40,1.60
2009.09.17 11:24:27.536,0.88995,0.8901,6.60,3.20
2009.09.17 11:24:27.817,0.88995,0.89005,6.60,3.20
2009.09.17 11:24:28.166,0.8899,0.89005,6.60,3.20
2009.09.17 11:24:28.506,0.88985,0.89,9.00,3.20
2009.09.17 11:24:28.896,0.88985,0.89,8.60,3.20
2009.09.17 11:24:29.536,0.88985,0.89,6.60,3.20
2009.09.17 11:24:29.936,0.88985,0.89,12.60,2.50
2009.09.17 11:24:30.396,0.88985,0.89,6.60,3.30
2009.09.17 11:24:31.045,0.88985,0.89,7.40,2.50
2009.09.17 11:24:31.155,0.88985,0.89,6.60,3.30
2009.09.17 11:24:31.885,0.88985,0.89,7.40,2.50
2009.09.17 11:24:31.996,0.88985,0.89,10.60,2.40
2009.09.17 11:24:32.055,0.8899,0.89,2.40,2.40
2009.09.17 11:24:32.456,0.8899,0.89,3.40,2.40
2009.09.17 11:24:33.145,0.8899,0.89005,6.60,3.70
2009.09.17 11:24:33.845,0.8899,0.89005,6.60,3.20
2009.09.17 11:24:35.174,0.8899,0.89005,7.40,2.40
2009.09.17 11:24:35.464,0.88995,0.89005,2.40,2.40
2009.09.17 11:24:36.024,0.88995,0.89005,3.40,2.40
2009.09.17 11:24:36.564,0.88995,0.89005,6.60,2.40
2009.09.17 11:24:36.734,0.88995,0.89005,3.40,2.40
2009.09.17 11:24:36.854,0.88995,0.89005,2.40,2.40
2009.09.17 11:24:37.554,0.88995,0.89005,3.40,2.40
2009.09.17 11:24:37.894,0.88995,0.89005,6.60,2.40
2009.09.17 11:24:38.974,0.88995,0.8901,6.60,7.70
2009.09.17 11:24:39.324,0.88995,0.8901,6.60,6.90
2009.09.17 11:24:39.663,0.88995,0.8901,6.60,3.70
2009.09.17 11:24:40.403,0.88995,0.8901,7.40,2.90
2009.09.17 11:24:40.693,0.88995,0.8901,7.40,2.40
2009.09.17 11:24:41.093,0.88995,0.8901,7.40,2.90
2009.09.17 11:24:41.213,0.88995,0.8901,11.40,2.90
2009.09.17 11:24:41.493,0.89,0.8901,2.50,1.00
2009.09.17 11:24:41.663,0.89,0.8901,1.00,2.90
2009.09.17 11:24:42.013,0.88995,0.8901,10.90,2.90
2009.09.17 11:24:43.693,0.88995,0.8901,7.60,2.90
2009.09.17 11:24:45.252,0.88995,0.8901,7.60,6.10
2009.09.17 11:24:45.772,0.88995,0.8901,6.80,6.90
2009.09.17 11:24:46.222,0.88995,0.8901,6.60,6.90
2009.09.17 11:24:46.672,0.88995,0.8901,3.40,6.90
2009.09.17 11:24:46.722,0.88995,0.8901,3.40,7.70
2009.09.17 11:24:46.902,0.88995,0.8901,3.40,7.90
2009.09.17 11:24:47.602,0.88995,0.8901,2.40,7.90
2009.09.17 11:24:48.741,0.88995,0.8901,2.40,7.70
2009.09.17 11:24:48.981,0.88995,0.8901,3.40,7.90
2009.09.17 11:24:49.211,0.88995,0.8901,3.40,7.10
2009.09.17 11:24:49.431,0.88995,0.8901,3.40,7.90
2009.09.17 11:24:52.120,0.88995,0.8901,4.20,7.10
2009.09.17 11:24:52.281,0.88995,0.8901,4.40,6.10
2009.09.17 11:24:53.070,0.88995,0.8901,7.60,6.10
2009.09.17 11:24:54.120,0.88995,0.8901,7.60,2.40
2009.09.17 11:24:56.999,0.88995,0.8901,7.60,2.90
2009.09.17 11:24:57.579,0.88995,0.8901,7.60,6.10
2009.09.17 11:25:01.378,0.88995,0.8901,11.20,2.40
2009.09.17 11:25:01.548,0.89,0.89015,2.40,11.20
2009.09.17 11:25:01.778,0.89,0.89015,3.40,9.60
2009.09.17 11:25:02.278,0.89,0.89015,6.80,16.70
2009.09.17 11:25:02.668,0.89,0.89015,6.60,16.50
2009.09.17 11:25:02.888,0.89,0.89015,6.80,16.70
2009.09.17 11:25:03.238,0.89,0.89015,6.60,16.50
2009.09.17 11:25:03.578,0.89,0.89015,6.80,13.50
2009.09.17 11:25:06.637,0.89,0.8901,6.80,1.00
2009.09.17 11:25:07.377,0.88995,0.8901,9.00,3.20
2009.09.17 11:25:14.875,0.88995,0.8901,6.60,3.20
2009.09.17 11:25:17.485,0.88995,0.8901,7.40,2.40
2009.09.17 11:25:20.444,0.88995,0.8901,10.60,2.40
2009.09.17 11:25:20.564,0.88995,0.8901,13.20,2.40
2009.09.17 11:25:22.623,0.89,0.8901,1.00,2.40
2009.09.17 11:25:22.793,0.89,0.89015,7.40,8.40
2009.09.17 11:25:23.143,0.89,0.89015,7.60,11.70
2009.09.17 11:25:23.483,0.89,0.8901,4.20,2.40
2009.09.17 11:25:33.021,0.89,0.8901,7.60,2.40
2009.09.17 11:25:33.301,0.89,0.89015,7.60,4.70
2009.09.17 11:25:34.930,0.89,0.89015,8.00,4.10
2009.09.17 11:25:35.140,0.89,0.8901,7.60,2.40
2009.09.17 11:25:35.370,0.89,0.8901,7.40,2.40
2009.09.17 11:25:35.820,0.89,0.8901,6.60,2.40
2009.09.17 11:25:37.200,0.89,0.8901,1.00,2.40
2009.09.17 11:25:37.369,0.89,0.8901,3.40,2.40
2009.09.17 11:25:41.699,0.89,0.89015,4.20,6.10
2009.09.17 11:25:42.038,0.89,0.89015,7.40,6.10
2009.09.17 11:25:46.287,0.89,0.89015,4.20,6.10
2009.09.17 11:25:46.577,0.89,0.89015,4.20,2.90
2009.09.17 11:25:47.047,0.89,0.89015,7.40,2.40
2009.09.17 11:25:47.097,0.89,0.89015,10.60,2.40
2009.09.17 11:25:47.207,0.89,0.89015,10.80,2.40
2009.09.17 11:25:47.327,0.89005,0.89015,1.00,2.40
2009.09.17 11:25:47.687,0.89,0.89015,11.40,2.40
2009.09.17 11:25:47.867,0.89,0.89015,7.40,2.40
2009.09.17 11:25:47.977,0.89,0.89015,7.40,2.90
2009.09.17 11:25:48.607,0.89,0.89015,7.40,2.40
2009.09.17 11:25:49.996,0.89,0.89015,10.60,2.40
2009.09.17 11:25:50.236,0.89,0.89015,14.60,2.40
2009.09.17 11:25:50.477,0.89,0.89015,15.20,2.40
2009.09.17 11:25:50.816,0.89,0.89015,10.60,2.40
2009.09.17 11:25:51.497,0.89,0.89015,14.60,2.40
2009.09.17 11:25:54.165,0.89,0.89015,11.40,2.40
2009.09.17 11:25:54.636,0.89,0.89015,10.60,2.40
2009.09.17 11:25:55.175,0.89005,0.8902,4.20,12.50
2009.09.17 11:25:55.536,0.89005,0.89015,1.20,2.40
2009.09.17 11:25:55.875,0.89005,0.89015,1.00,2.40
2009.09.17 11:25:57.965,0.89005,0.8902,4.40,8.50
2009.09.17 11:25:58.314,0.8901,0.8902,2.40,1.60
2009.09.17 11:25:58.674,0.8901,0.8902,3.40,4.00
2009.09.17 11:25:59.004,0.8901,0.89025,3.40,6.90
2009.09.17 11:25:59.354,0.89015,0.89025,2.40,6.10
2009.09.17 11:26:00.674,0.8901,0.89025,14.60,1.00
2009.09.17 11:26:00.904,0.8901,0.89025,20.20,1.00
2009.09.17 11:26:01.064,0.89015,0.8903,3.40,7.20
2009.09.17 11:26:01.234,0.89015,0.8903,6.60,6.90
2009.09.17 11:26:01.514,0.89015,0.89025,6.60,6.80
2009.09.17 11:26:01.694,0.89015,0.8902,8.20,2.40
2009.09.17 11:26:01.904,0.8901,0.8902,3.60,2.40
2009.09.17 11:26:02.074,0.8901,0.8902,6.80,2.40
2009.09.17 11:26:03.593,0.8901,0.89025,13.20,4.00
2009.09.17 11:26:03.933,0.8901,0.89025,12.20,2.40
2009.09.17 11:26:04.274,0.8902,0.8903,2.40,4.40
2009.09.17 11:26:04.683,0.8902,0.8903,2.40,2.40
2009.09.17 11:26:06.063,0.8902,0.8903,5.60,2.40
2009.09.17 11:26:06.223,0.8902,0.8903,6.60,2.40
2009.09.17 11:26:06.452,0.8902,0.89035,7.40,6.10
2009.09.17 11:26:06.563,0.8902,0.89035,11.00,6.10
2009.09.17 11:26:06.673,0.89025,0.89035,3.20,2.40
2009.09.17 11:26:06.793,0.89025,0.89035,4.20,2.40
2009.09.17 11:26:06.972,0.89025,0.8904,4.20,10.40
2009.09.17 11:26:07.082,0.89025,0.8904,3.40,11.20
2009.09.17 11:26:07.193,0.89025,0.89035,2.40,2.40
2009.09.17 11:26:07.822,0.89025,0.89035,6.60,2.40
2009.09.17 11:26:08.512,0.89025,0.89035,7.60,2.40
2009.09.17 11:26:08.862,0.89025,0.8904,7.60,10.10
2009.09.17 11:26:09.882,0.89025,0.8904,7.60,6.10
2009.09.17 11:26:10.122,0.89025,0.8904,6.80,6.90
2009.09.17 11:26:10.712,0.89025,0.8904,6.60,6.90
2009.09.17 11:26:11.221,0.89025,0.8904,6.60,3.70
2009.09.17 11:26:11.982,0.89025,0.89035,6.60,2.40
2009.09.17 11:26:12.201,0.89025,0.89035,2.40,2.40
2009.09.17 11:26:13.122,0.89025,0.89035,1.00,2.40
2009.09.17 11:26:13.471,0.8902,0.89035,7.40,2.90
2009.09.17 11:26:13.821,0.8902,0.89035,6.60,8.90
2009.09.17 11:26:14.171,0.8902,0.8903,3.20,2.40
2009.09.17 11:26:14.501,0.89015,0.89025,9.20,2.40
2009.09.17 11:26:14.901,0.89015,0.8903,3.60,6.90
2009.09.17 11:26:15.241,0.89015,0.8903,6.80,6.90
2009.09.17 11:26:15.580,0.89015,0.8903,7.60,6.10
2009.09.17 11:26:15.921,0.89015,0.8903,7.40,6.10
2009.09.17 11:26:16.270,0.89015,0.8903,4.20,6.10
2009.09.17 11:26:17.600,0.89015,0.8903,3.40,6.90
2009.09.17 11:26:17.950,0.89015,0.89025,2.40,2.40
2009.09.17 11:26:18.640,0.89015,0.89025,3.40,2.40
2009.09.17 11:26:19.319,0.89015,0.8903,7.60,6.90
2009.09.17 11:26:19.609,0.89015,0.8903,6.60,7.70
2009.09.17 11:26:19.899,0.89015,0.89025,6.60,2.40
2009.09.17 11:26:31.227,0.89015,0.89025,5.60,2.40
2009.09.17 11:26:31.397,0.8901,0.89025,10.80,2.40
2009.09.17 11:26:31.567,0.8901,0.89025,7.60,2.40
2009.09.17 11:26:31.686,0.8901,0.89025,7.40,2.40
2009.09.17 11:26:34.906,0.8901,0.89025,10.60,2.40
2009.09.17 11:26:35.776,0.8901,0.89025,10.80,2.40
2009.09.17 11:26:39.215,0.89015,0.89025,1.60,2.40
2009.09.17 11:26:39.445,0.89015,0.8903,4.80,12.00
2009.09.17 11:26:39.675,0.89015,0.89025,8.20,2.40
2009.09.17 11:26:40.005,0.89015,0.89025,2.40,2.40
2009.09.17 11:26:43.174,0.89015,0.89025,3.40,2.40
2009.09.17 11:26:43.574,0.89015,0.89025,1.00,2.40
2009.09.17 11:26:44.453,0.8901,0.89025,10.80,2.40
2009.09.17 11:26:50.572,0.8901,0.8902,7.40,2.40
2009.09.17 11:26:58.090,0.8901,0.89025,10.80,4.00
2009.09.17 11:26:58.150,0.8901,0.89025,11.20,4.00
2009.09.17 11:26:58.500,0.8902,0.89025,1.00,2.40
2009.09.17 11:26:58.850,0.8902,0.8903,4.20,2.40
2009.09.17 11:26:59.190,0.8902,0.8903,3.40,2.40
2009.09.17 11:26:59.700,0.8902,0.8903,2.40,2.90
2009.09.17 11:26:59.990,0.8902,0.89035,2.40,16.10
2009.09.17 11:27:00.290,0.8902,0.89035,3.20,14.10
2009.09.17 11:27:00.520,0.8902,0.89035,7.40,4.00
2009.09.17 11:27:00.800,0.8902,0.89035,6.60,8.90
2009.09.17 11:27:01.030,0.8902,0.89035,7.40,8.10
2009.09.17 11:27:01.260,0.8902,0.89035,7.40,4.00
2009.09.17 11:27:01.489,0.8902,0.89035,6.60,10.00
2009.09.17 11:27:01.709,0.8902,0.89035,6.60,10.10
2009.09.17 11:27:01.939,0.8902,0.8903,6.60,2.40
2009.09.17 11:27:02.149,0.8902,0.8903,3.40,2.40
2009.09.17 11:27:02.839,0.8902,0.8903,4.20,2.40
2009.09.17 11:27:03.179,0.8902,0.8903,6.60,2.40
2009.09.17 11:27:03.519,0.8902,0.8903,3.40,2.40
2009.09.17 11:27:04.089,0.8902,0.8903,4.20,2.40
2009.09.17 11:27:04.609,0.89025,0.89035,2.40,2.90
2009.09.17 11:27:04.958,0.8902,0.89035,11.40,2.90
2009.09.17 11:27:05.298,0.8902,0.89035,7.40,6.10
2009.09.17 11:27:05.988,0.8902,0.89035,3.40,6.90
2009.09.17 11:27:06.168,0.8902,0.8903,3.40,2.40
2009.09.17 11:27:11.657,0.89015,0.8903,11.80,2.50
2009.09.17 11:27:12.047,0.89015,0.89025,11.00,2.40
2009.09.17 11:27:12.167,0.89015,0.89025,10.60,2.40
2009.09.17 11:27:12.277,0.89015,0.89025,6.60,2.40
2009.09.17 11:27:14.476,0.8901,0.89025,15.00,2.40
2009.09.17 11:27:14.696,0.89015,0.8903,3.40,11.40
2009.09.17 11:27:14.926,0.89015,0.8903,7.40,6.10
2009.09.17 11:27:15.096,0.8902,0.8903,2.40,1.00
2009.09.17 11:27:15.676,0.8902,0.89035,3.40,11.90
2009.09.17 11:27:18.955,0.89015,0.8903,14.80,2.40
2009.09.17 11:27:19.185,0.89015,0.8903,7.80,2.40
2009.09.17 11:27:19.415,0.89015,0.8903,7.40,2.90
2009.09.17 11:27:22.004,0.89015,0.8903,7.80,2.90
2009.09.17 11:27:22.174,0.89015,0.8903,7.80,6.10
2009.09.17 11:27:22.294,0.89015,0.8903,7.40,6.10
2009.09.17 11:27:24.124,0.8902,0.8903,2.40,6.10
2009.09.17 11:27:33.102,0.89015,0.8903,7.80,2.90
2009.09.17 11:27:33.501,0.89015,0.8903,7.40,2.90
2009.09.17 11:27:35.371,0.89015,0.8903,7.40,6.10
2009.09.17 11:27:40.190,0.89015,0.8903,7.40,2.90
2009.09.17 11:27:41.240,0.89015,0.8903,7.40,2.40
2009.09.17 11:27:43.149,0.8902,0.8903,3.40,2.40
2009.09.17 11:27:50.518,0.89015,0.8903,9.80,2.40
2009.09.17 11:27:50.688,0.89015,0.8903,9.80,2.90
2009.09.17 11:27:51.098,0.89015,0.8903,6.60,2.90
2009.09.17 11:27:52.377,0.89015,0.8903,7.40,2.90
2009.09.17 11:27:52.947,0.8902,0.8903,2.40,2.90
2009.09.17 11:27:53.237,0.8902,0.8903,2.40,2.40
2009.09.17 11:27:55.117,0.8902,0.89035,2.40,13.50
2009.09.17 11:27:55.466,0.8902,0.89035,2.40,9.30
2009.09.17 11:27:55.577,0.8902,0.89035,2.40,6.90
2009.09.17 11:27:55.746,0.8902,0.89035,2.40,10.90
2009.09.17 11:27:55.866,0.8902,0.8903,2.40,1.00
2009.09.17 11:27:59.416,0.89015,0.8903,14.60,6.30
2009.09.17 11:27:59.585,0.8902,0.8903,2.40,6.30
2009.09.17 11:27:59.805,0.8902,0.8903,2.40,6.10
2009.09.17 11:28:00.016,0.8902,0.8903,2.40,2.90
2009.09.17 11:28:01.125,0.8902,0.8903,2.40,6.10
2009.09.17 11:28:08.523,0.8902,0.89035,3.40,6.90
2009.09.17 11:28:08.753,0.8902,0.89035,3.20,6.30
2009.09.17 11:28:09.103,0.8902,0.89035,3.40,7.90
2009.09.17 11:28:09.503,0.8902,0.89035,2.40,7.10
2009.09.17 11:28:11.003,0.8902,0.89035,3.20,6.10
2009.09.17 11:28:11.113,0.89025,0.89035,2.40,3.70
2009.09.17 11:28:11.533,0.89025,0.89035,2.40,1.00
2009.09.17 11:28:13.712,0.89025,0.8904,2.40,12.10
2009.09.17 11:28:14.062,0.8902,0.89035,14.80,2.40
2009.09.17 11:28:14.512,0.8902,0.89035,10.80,2.40
2009.09.17 11:28:16.851,0.8902,0.89035,7.60,2.90
2009.09.17 11:28:17.021,0.89025,0.89035,4.00,1.00
2009.09.17 11:28:17.131,0.89025,0.89035,4.80,1.00
2009.09.17 11:28:17.241,0.89025,0.8904,4.80,7.70
2009.09.17 11:28:17.351,0.89025,0.8904,4.80,6.10
2009.09.17 11:28:17.651,0.89025,0.8904,4.10,7.10
2009.09.17 11:28:17.971,0.89025,0.8904,4.10,8.70
2009.09.17 11:28:18.561,0.89025,0.8904,4.00,8.50
2009.09.17 11:28:18.901,0.89025,0.8904,4.00,8.70
2009.09.17 11:28:20.790,0.89025,0.8904,4.10,8.70
2009.09.17 11:28:21.070,0.89025,0.8904,4.00,8.50
2009.09.17 11:28:21.130,0.89025,0.8904,4.00,9.30
2009.09.17 11:28:22.230,0.89025,0.8904,4.00,12.50
2009.09.17 11:28:22.570,0.8902,0.89035,4.50,6.90
2009.09.17 11:28:22.870,0.8902,0.8903,2.40,1.00
2009.09.17 11:28:23.560,0.8902,0.8903,2.40,6.10
2009.09.17 11:28:23.950,0.8902,0.8903,2.40,6.90
2009.09.17 11:28:30.728,0.8902,0.8903,2.40,6.10
2009.09.17 11:28:31.068,0.8902,0.8903,2.40,5.30
2009.09.17 11:28:31.638,0.8902,0.8903,3.60,5.30
2009.09.17 11:28:31.938,0.89025,0.8903,2.40,1.00
2009.09.17 11:28:32.288,0.89025,0.89035,2.40,6.10
2009.09.17 11:28:34.227,0.89025,0.8903,2.40,1.00
2009.09.17 11:28:34.457,0.8902,0.8903,2.40,1.00
2009.09.17 11:28:38.366,0.89015,0.8903,21.40,6.10
2009.09.17 11:28:38.716,0.89015,0.8903,11.40,6.30
2009.09.17 11:28:39.066,0.89015,0.8903,10.40,6.30
2009.09.17 11:28:39.696,0.89015,0.8903,10.50,6.30
2009.09.17 11:28:40.446,0.89015,0.8903,6.40,6.30
2009.09.17 11:28:40.566,0.89015,0.8903,6.50,6.30
2009.09.17 11:28:40.806,0.89015,0.8903,5.60,7.10
2009.09.17 11:28:41.105,0.89015,0.8903,6.40,6.30
2009.09.17 11:28:41.225,0.89015,0.8903,12.00,6.30
2009.09.17 11:28:41.446,0.89015,0.8903,6.00,7.10
2009.09.17 11:28:41.795,0.89015,0.89025,10.00,1.00
2009.09.17 11:28:42.145,0.89015,0.8903,10.00,7.10
2009.09.17 11:28:42.525,0.89015,0.8903,9.60,7.10
2009.09.17 11:28:42.825,0.89015,0.8903,10.40,6.30
2009.09.17 11:28:43.125,0.89015,0.8903,9.60,7.10
2009.09.17 11:28:43.815,0.89015,0.8903,5.60,7.10
2009.09.17 11:28:44.165,0.89015,0.89025,2.40,1.00
2009.09.17 11:28:46.104,0.89015,0.8903,2.40,7.70
2009.09.17 11:28:46.554,0.89015,0.8903,2.40,6.90
2009.09.17 11:28:47.055,0.89015,0.8903,3.40,6.90
2009.09.17 11:28:48.813,0.89015,0.8903,4.40,6.10
2009.09.17 11:28:49.403,0.89015,0.8903,3.40,7.70
2009.09.17 11:28:49.734,0.89015,0.8903,4.00,7.10
2009.09.17 11:28:50.023,0.89015,0.8903,8.00,7.10
2009.09.17 11:28:50.723,0.89015,0.8903,4.10,7.10
2009.09.17 11:28:52.163,0.89015,0.8903,4.80,6.10
2009.09.17 11:28:52.333,0.8902,0.8903,2.40,6.10
2009.09.17 11:28:52.912,0.89015,0.8903,7.40,6.90
2009.09.17 11:28:53.023,0.89015,0.8903,11.40,6.10
2009.09.17 11:28:53.532,0.89015,0.8903,14.60,2.40
2009.09.17 11:28:53.923,0.8902,0.89035,2.40,6.90
2009.09.17 11:28:54.962,0.8902,0.89035,3.20,6.10
2009.09.17 11:28:55.292,0.8902,0.8903,6.40,1.00
2009.09.17 11:28:55.462,0.8902,0.8903,2.40,1.00
2009.09.17 11:28:55.632,0.8902,0.8903,2.40,6.10
2009.09.17 11:28:57.101,0.89015,0.8903,3.40,6.90
2009.09.17 11:28:57.571,0.8902,0.8903,2.40,6.90
2009.09.17 11:28:57.691,0.8902,0.8903,2.40,6.10
2009.09.17 11:28:59.751,0.8902,0.8903,2.40,2.40
2009.09.17 11:29:00.721,0.8902,0.89035,2.40,13.30
2009.09.17 11:29:00.841,0.8902,0.89035,2.40,10.90
2009.09.17 11:29:01.300,0.8902,0.89035,2.40,7.70
2009.09.17 11:29:01.970,0.8902,0.89035,2.40,11.70
2009.09.17 11:29:02.360,0.89015,0.8903,12.20,3.20
2009.09.17 11:29:02.710,0.89015,0.8903,6.60,6.90
2009.09.17 11:29:03.040,0.8902,0.8903,2.40,6.10
2009.09.17 11:29:03.730,0.8902,0.8903,6.40,2.40
2009.09.17 11:29:04.070,0.89025,0.89035,2.40,2.90
2009.09.17 11:29:04.470,0.89025,0.89035,2.40,6.10
2009.09.17 11:29:05.909,0.89025,0.89035,10.60,2.40
2009.09.17 11:29:06.119,0.8903,0.8904,2.40,2.40
2009.09.17 11:29:06.459,0.8903,0.8904,3.40,2.40
2009.09.17 11:29:08.929,0.89025,0.8904,14.00,2.40
2009.09.17 11:29:09.278,0.8903,0.8904,2.20,2.40
2009.09.17 11:29:09.678,0.8903,0.8904,1.20,2.40
2009.09.17 11:29:09.978,0.8903,0.8904,1.00,2.40
2009.09.17 11:29:10.888,0.8903,0.8904,3.40,2.40
2009.09.17 11:29:12.818,0.8903,0.8904,1.00,2.40
2009.09.17 11:29:15.257,0.8903,0.89045,3.60,17.70
2009.09.17 11:29:15.597,0.8903,0.89045,6.80,20.90
2009.09.17 11:29:15.877,0.8903,0.8904,1.00,2.40
2009.09.17 11:29:20.726,0.8903,0.8904,2.40,2.40
2009.09.17 11:29:21.186,0.8903,0.8904,2.40,2.90
2009.09.17 11:29:21.626,0.89025,0.8904,15.70,3.90
2009.09.17 11:29:21.746,0.89025,0.8904,12.50,7.10
2009.09.17 11:29:22.795,0.89025,0.8904,13.50,6.10
2009.09.17 11:29:23.076,0.8903,0.8904,2.40,6.10
2009.09.17 11:29:23.646,0.8903,0.8904,2.50,2.40
2009.09.17 11:29:23.945,0.8903,0.8904,2.40,2.40
2009.09.17 11:29:24.935,0.8903,0.8904,2.40,2.90
2009.09.17 11:29:28.504,0.8903,0.8904,3.20,1.00
2009.09.17 11:29:28.844,0.8903,0.8904,3.20,2.40
2009.09.17 11:29:31.793,0.8903,0.8904,3.20,2.90
2009.09.17 11:29:32.263,0.8903,0.8904,3.20,2.10
2009.09.17 11:29:32.723,0.8903,0.8904,3.20,1.00
2009.09.17 11:29:32.783,0.8903,0.8904,2.40,1.00
2009.09.17 11:29:32.943,0.8903,0.8904,2.40,1.60
2009.09.17 11:29:33.053,0.8903,0.8904,2.40,4.80
2009.09.17 11:29:33.173,0.8903,0.8904,2.40,5.30
2009.09.17 11:29:33.945,0.8903,0.8904,2.40,6.10
2009.09.17 11:29:44.460,0.8903,0.8904,2.40,6.90
2009.09.17 11:29:44.700,0.8903,0.8904,2.40,6.10
2009.09.17 11:29:45.220,0.8903,0.8904,2.40,6.90
2009.09.17 11:29:45.450,0.8903,0.8904,2.40,6.10
2009.09.17 11:29:53.158,0.8903,0.8904,2.40,6.90
2009.09.17 11:29:53.498,0.89025,0.89035,4.00,1.00
2009.09.17 11:29:54.468,0.89025,0.89035,1.60,1.00
2009.09.17 11:29:54.818,0.8902,0.8903,7.20,6.10
2009.09.17 11:29:55.167,0.89015,0.8903,11.70,6.90
2009.09.17 11:29:55.507,0.89015,0.89025,11.20,1.00
2009.09.17 11:29:55.847,0.89015,0.89025,7.20,1.00
2009.09.17 11:29:56.077,0.89015,0.89025,4.00,2.90
2009.09.17 11:29:56.257,0.8901,0.89025,14.20,6.10
2009.09.17 11:29:56.377,0.8901,0.89025,9.80,6.10
2009.09.17 11:29:57.007,0.8901,0.8902,8.80,1.00
2009.09.17 11:29:57.757,0.8901,0.8902,3.30,4.70
2009.09.17 11:29:58.327,0.8901,0.8902,3.30,5.30
2009.09.17 11:29:58.667,0.89,0.89015,8.90,2.40
2009.09.17 11:29:59.007,0.89,0.8901,2.40,8.50
2009.09.17 11:29:59.367,0.89,0.8901,2.40,7.70
2009.09.17 11:29:59.716,0.88995,0.89005,2.40,6.10
2009.09.17 11:30:00.396,0.88985,0.89,9.70,6.10
2009.09.17 11:30:00.746,0.88985,0.88995,6.00,2.40
2009.09.17 11:30:01.107,0.88985,0.89,2.40,6.90
2009.09.17 11:30:01.616,0.88985,0.88995,2.40,2.40
2009.09.17 11:30:01.786,0.88985,0.88995,2.40,6.90
2009.09.17 11:30:02.016,0.88985,0.88995,2.40,2.40
2009.09.17 11:30:02.186,0.88985,0.88995,2.40,6.10
2009.09.17 11:30:02.466,0.88985,0.88995,2.40,3.70
2009.09.17 11:30:02.766,0.88985,0.88995,2.40,1.00
2009.09.17 11:30:03.046,0.88985,0.88995,2.40,6.30
2009.09.17 11:30:03.695,0.88985,0.88995,2.40,6.10
2009.09.17 11:30:04.086,0.8899,0.89,2.40,6.10
2009.09.17 11:30:04.426,0.8899,0.89,2.40,6.90
2009.09.17 11:30:04.766,0.88985,0.89,2.40,11.70
2009.09.17 11:30:05.045,0.88985,0.88995,2.40,3.70
2009.09.17 11:30:07.315,0.88985,0.88995,4.00,3.70
2009.09.17 11:30:09.074,0.8899,0.89,2.40,1.00
2009.09.17 11:30:09.425,0.8899,0.89,4.00,1.00
2009.09.17 11:30:09.774,0.8899,0.89005,2.40,19.30
2009.09.17 11:30:10.054,0.8899,0.89005,2.40,20.10
2009.09.17 11:30:12.413,0.8899,0.89005,2.40,12.10
2009.09.17 11:30:12.803,0.8899,0.89005,5.80,4.00
2009.09.17 11:30:13.033,0.8899,0.89005,9.00,4.00
2009.09.17 11:30:15.702,0.88995,0.89005,5.80,2.40
2009.09.17 11:30:15.973,0.89,0.8901,2.40,17.20
2009.09.17 11:30:16.213,0.88995,0.8901,8.20,12.10
2009.09.17 11:30:16.382,0.89,0.8901,2.40,5.70
2009.09.17 11:30:16.492,0.89,0.8901,2.40,4.90
2009.09.17 11:30:16.943,0.89,0.8901,2.40,4.50
2009.09.17 11:30:18.272,0.89,0.89015,3.20,13.30
2009.09.17 11:30:18.952,0.89005,0.89015,4.00,2.90
2009.09.17 11:30:19.302,0.89005,0.89015,4.00,2.40
2009.09.17 11:30:19.642,0.89005,0.89015,5.00,2.40
2009.09.17 11:30:19.982,0.89005,0.89015,4.00,2.40
2009.09.17 11:30:22.321,0.89005,0.8902,4.00,7.70
2009.09.17 11:30:22.491,0.89005,0.8902,8.20,6.90
2009.09.17 11:30:25.231,0.89005,0.8902,4.00,6.90
2009.09.17 11:30:25.520,0.89005,0.8902,5.00,6.90
2009.09.17 11:30:26.850,0.89005,0.8902,5.00,7.70
2009.09.17 11:30:27.010,0.89005,0.8902,5.00,11.70
2009.09.17 11:30:27.350,0.89005,0.8902,4.00,11.70
2009.09.17 11:30:27.410,0.89005,0.8902,4.00,10.90
2009.09.17 11:30:27.520,0.89005,0.8902,4.00,6.90
2009.09.17 11:30:27.680,0.89005,0.8902,8.20,6.90
2009.09.17 11:30:28.420,0.89005,0.89015,4.00,4.50
2009.09.17 11:30:28.759,0.89005,0.89015,4.00,10.90
2009.09.17 11:30:29.099,0.89005,0.89015,4.00,6.90
2009.09.17 11:30:29.449,0.89005,0.89015,4.00,6.10
2009.09.17 11:30:30.139,0.89005,0.89015,2.40,6.10
2009.09.17 11:30:30.489,0.89005,0.89015,2.40,7.70
2009.09.17 11:30:30.839,0.89005,0.89015,2.40,6.90
2009.09.17 11:30:31.239,0.89005,0.89015,2.40,7.20
2009.09.17 11:30:31.679,0.89005,0.8901,2.40,3.20
2009.09.17 11:30:32.029,0.89005,0.8901,2.40,3.70
2009.09.17 11:30:32.198,0.89,0.8901,4.00,3.70
2009.09.17 11:30:34.438,0.89005,0.89015,2.40,8.50
2009.09.17 11:30:34.668,0.89005,0.89015,2.40,9.30
2009.09.17 11:30:34.958,0.89005,0.89015,2.40,9.50
2009.09.17 11:30:35.588,0.89005,0.89015,2.40,8.70
2009.09.17 11:30:35.828,0.89005,0.89015,2.40,7.90
2009.09.17 11:30:36.958,0.89005,0.89015,2.40,8.50
2009.09.17 11:30:37.308,0.89005,0.89015,2.40,6.10
2009.09.17 11:30:39.317,0.89005,0.89015,4.00,6.10
2009.09.17 11:30:39.547,0.89005,0.89015,4.00,6.90
2009.09.17 11:30:39.777,0.89005,0.89015,4.00,7.10
2009.09.17 11:30:41.646,0.89005,0.89015,2.40,7.10
2009.09.17 11:30:42.376,0.89005,0.89015,2.40,7.90
2009.09.17 11:30:42.426,0.89,0.89015,4.00,7.90
2009.09.17 11:30:42.776,0.89,0.89015,4.00,9.50
2009.09.17 11:30:43.056,0.89,0.89015,4.00,10.10
2009.09.17 11:30:43.716,0.89,0.89015,4.00,10.30
2009.09.17 11:30:45.036,0.89,0.8901,1.60,6.10
2009.09.17 11:30:45.336,0.89,0.8901,4.00,3.70
2009.09.17 11:30:48.745,0.89,0.8901,4.00,1.00
2009.09.17 11:30:49.085,0.89005,0.89015,2.40,7.10
2009.09.17 11:30:49.365,0.89005,0.89015,2.40,3.70
2009.09.17 11:30:49.655,0.8901,0.8902,2.40,10.90
2009.09.17 11:30:49.895,0.8901,0.8902,2.40,7.10
2009.09.17 11:30:50.184,0.89005,0.89015,4.00,3.70
2009.09.17 11:30:50.525,0.8901,0.8902,2.40,6.90
2009.09.17 11:30:51.914,0.89005,0.89015,4.00,6.10
2009.09.17 11:30:52.154,0.89005,0.89015,4.00,6.30
2009.09.17 11:30:52.604,0.89005,0.89015,4.00,3.70
2009.09.17 11:30:52.844,0.89005,0.89015,4.00,1.00
2009.09.17 11:30:54.444,0.89005,0.89015,1.60,7.10
2009.09.17 11:30:57.422,0.89005,0.89015,1.60,9.50
2009.09.17 11:30:59.212,0.89005,0.89015,1.60,7.10
2009.09.17 11:31:00.642,0.89005,0.89015,4.00,3.70
2009.09.17 11:31:05.581,0.89005,0.89015,4.00,1.00
2009.09.17 11:31:05.691,0.89005,0.8902,4.00,14.90
2009.09.17 11:31:06.670,0.89005,0.89015,4.00,1.00
2009.09.17 11:31:11.759,0.89005,0.89015,4.10,1.00
2009.09.17 11:31:12.879,0.89005,0.89015,4.00,1.00
2009.09.17 11:31:13.049,0.89005,0.89015,4.00,3.70
2009.09.17 11:31:13.409,0.89005,0.89015,4.00,1.00
2009.09.17 11:31:13.929,0.89005,0.8902,4.00,6.90
2009.09.17 11:31:14.379,0.8901,0.8902,1.60,10.90
2009.09.17 11:31:14.769,0.89005,0.8902,8.40,6.90
2009.09.17 11:31:15.788,0.89005,0.89015,1.60,2.90
2009.09.17 11:31:16.318,0.89005,0.89015,1.60,6.10
2009.09.17 11:31:17.438,0.89005,0.89015,4.00,6.10
2009.09.17 11:31:17.728,0.89005,0.89015,4.00,2.90
2009.09.17 11:31:18.398,0.89005,0.89015,1.60,7.10
2009.09.17 11:31:18.787,0.89005,0.8902,4.00,8.10
2009.09.17 11:31:19.118,0.89005,0.89015,4.00,1.00
2009.09.17 11:31:19.458,0.89005,0.89015,4.00,3.70
2009.09.17 11:31:20.317,0.89005,0.89015,4.00,1.00
2009.09.17 11:31:21.617,0.89005,0.89015,4.80,3.70
2009.09.17 11:31:21.787,0.8901,0.8902,4.00,3.70
2009.09.17 11:31:21.957,0.8901,0.8902,2.40,3.70
2009.09.17 11:31:22.447,0.8901,0.8902,2.40,1.00
2009.09.17 11:31:22.797,0.89005,0.8902,10.60,6.90
2009.09.17 11:31:23.176,0.89005,0.89015,2.40,1.00
2009.09.17 11:31:23.527,0.89005,0.89015,3.20,1.00
2009.09.17 11:31:23.866,0.8901,0.8902,2.40,8.50
2009.09.17 11:31:24.216,0.8901,0.8902,2.40,5.30
2009.09.17 11:31:24.566,0.8901,0.8902,2.40,3.70
2009.09.17 11:31:25.006,0.8901,0.89025,2.40,13.50
2009.09.17 11:31:25.396,0.89015,0.89025,2.40,11.10
2009.09.17 11:31:25.746,0.89015,0.89025,2.40,8.50
2009.09.17 11:31:26.466,0.89015,0.89025,2.40,4.50
2009.09.17 11:31:26.806,0.89015,0.89025,2.40,3.70
2009.09.17 11:31:27.695,0.89015,0.89025,2.40,4.50
2009.09.17 11:31:31.964,0.8901,0.8902,2.40,1.00
2009.09.17 11:31:33.194,0.89015,0.89025,2.40,8.70
2009.09.17 11:31:33.484,0.89015,0.89025,2.40,9.30
2009.09.17 11:31:33.754,0.89015,0.89025,2.40,4.50
2009.09.17 11:31:35.524,0.89015,0.8902,2.40,1.00
2009.09.17 11:31:35.863,0.89015,0.89025,2.40,9.30
2009.09.17 11:31:36.493,0.89015,0.89025,2.40,6.90
2009.09.17 11:31:36.673,0.8902,0.89025,2.40,1.00
2009.09.17 11:31:36.903,0.8902,0.8903,2.40,15.20
2009.09.17 11:31:37.133,0.89015,0.89025,2.40,1.00
2009.09.17 11:31:37.533,0.89015,0.89025,2.40,4.50
2009.09.17 11:31:39.952,0.89015,0.89025,2.40,3.70
2009.09.17 11:31:40.292,0.8902,0.8903,2.40,4.50
2009.09.17 11:31:40.643,0.8902,0.8903,2.40,1.30
2009.09.17 11:31:40.922,0.8902,0.8903,2.40,3.70
2009.09.17 11:31:41.272,0.8902,0.8903,2.40,1.00
2009.09.17 11:31:42.202,0.8902,0.8903,2.50,1.00
2009.09.17 11:31:42.542,0.89025,0.89035,2.40,15.20
2009.09.17 11:31:42.652,0.89025,0.89035,2.40,13.60
2009.09.17 11:31:42.762,0.89025,0.89035,2.40,11.20
2009.09.17 11:31:42.872,0.89025,0.89035,2.40,4.80
2009.09.17 11:31:42.982,0.8903,0.89035,2.40,1.00
2009.09.17 11:31:43.102,0.8903,0.8904,2.40,15.20
2009.09.17 11:31:43.681,0.89025,0.89035,2.40,3.20
2009.09.17 11:31:44.411,0.8902,0.8903,8.40,3.70
2009.09.17 11:31:44.641,0.8902,0.8903,4.00,3.90
2009.09.17 11:31:44.811,0.89025,0.8903,4.00,1.00
2009.09.17 11:31:44.981,0.89025,0.89035,4.00,5.50
2009.09.17 11:31:45.151,0.89025,0.89035,4.00,4.70
2009.09.17 11:31:45.321,0.89025,0.89035,4.00,4.50
2009.09.17 11:31:45.781,0.89025,0.8903,1.60,1.00
2009.09.17 11:31:46.131,0.89025,0.8903,4.00,1.00
2009.09.17 11:31:46.531,0.89025,0.89035,4.00,3.70
2009.09.17 11:31:46.821,0.8903,0.8904,4.00,8.50
2009.09.17 11:31:47.171,0.8903,0.8904,4.00,4.50
2009.09.17 11:31:47.691,0.8903,0.8904,4.00,3.70
2009.09.17 11:31:48.580,0.8903,0.8904,4.00,4.50
2009.09.17 11:31:48.920,0.8903,0.8904,4.00,3.70
2009.09.17 11:31:50.280,0.8903,0.8904,4.10,3.70
2009.09.17 11:31:50.960,0.89035,0.89045,2.40,13.30
2009.09.17 11:31:51.140,0.89035,0.89045,2.40,6.90
2009.09.17 11:31:51.250,0.89035,0.89045,3.20,3.70
2009.09.17 11:31:51.360,0.89035,0.89045,2.40,3.70
2009.09.17 11:31:51.540,0.8903,0.8904,6.80,3.70
2009.09.17 11:31:51.659,0.8903,0.8904,9.70,3.70
2009.09.17 11:31:52.000,0.8903,0.8904,4.00,3.70
2009.09.17 11:31:52.700,0.8903,0.8904,4.80,3.70
2009.09.17 11:31:53.039,0.8903,0.89045,4.90,11.70
2009.09.17 11:31:53.449,0.8903,0.89045,8.90,7.70
2009.09.17 11:31:54.459,0.8903,0.89045,4.90,11.70
2009.09.17 11:31:54.809,0.8903,0.89045,4.10,13.30
2009.09.17 11:31:55.189,0.8903,0.8904,4.80,1.00
2009.09.17 11:31:55.519,0.8903,0.89045,5.20,10.90
2009.09.17 11:31:56.159,0.8903,0.89045,9.20,7.70
2009.09.17 11:31:56.558,0.8903,0.89045,5.20,8.50
2009.09.17 11:31:56.898,0.8903,0.89045,5.20,12.50
2009.09.17 11:31:57.008,0.8903,0.89045,4.10,14.90
2009.09.17 11:31:57.128,0.8903,0.8904,4.10,1.00
2009.09.17 11:31:57.648,0.8903,0.89045,5.20,14.90
2009.09.17 11:31:57.888,0.8903,0.89045,5.20,12.50
2009.09.17 11:31:58.408,0.8903,0.89045,4.10,12.50
2009.09.17 11:31:58.748,0.8903,0.89045,4.00,12.50
2009.09.17 11:31:59.088,0.8903,0.89045,4.80,11.70
2009.09.17 11:31:59.438,0.8903,0.8904,4.00,1.00
2009.09.17 11:31:59.728,0.8903,0.89045,6.00,7.70
2009.09.17 11:32:00.027,0.8903,0.89045,4.90,11.70
2009.09.17 11:32:01.067,0.8903,0.89045,6.00,11.70
2009.09.17 11:32:02.807,0.8903,0.89045,9.20,7.70
2009.09.17 11:32:03.207,0.8903,0.89045,12.80,7.70
2009.09.17 11:32:03.547,0.8903,0.89045,9.60,7.70
2009.09.17 11:32:03.837,0.8903,0.89045,9.20,7.70
2009.09.17 11:32:05.476,0.89035,0.89045,2.40,5.30
2009.09.17 11:32:05.527,0.89035,0.89045,2.40,2.10
2009.09.17 11:32:11.425,0.89035,0.89045,2.40,1.60
2009.09.17 11:32:12.415,0.89035,0.89045,2.50,1.60
2009.09.17 11:32:12.475,0.8904,0.8905,2.40,4.50
2009.09.17 11:32:12.535,0.8904,0.8905,2.40,1.00
2009.09.17 11:32:15.344,0.8904,0.8905,3.20,1.00
2009.09.17 11:32:15.624,0.8904,0.8905,2.50,1.00
2009.09.17 11:32:20.363,0.89045,0.89055,2.40,12.50
2009.09.17 11:32:20.653,0.8904,0.89055,4.40,21.70
2009.09.17 11:32:20.953,0.8904,0.8905,2.40,1.00
2009.09.17 11:32:21.632,0.8904,0.8905,2.40,1.30
2009.09.17 11:32:22.982,0.89045,0.8905,2.40,1.30
2009.09.17 11:32:23.042,0.89045,0.8905,2.40,1.00
2009.09.17 11:32:23.102,0.89045,0.89055,2.40,12.50
2009.09.17 11:32:23.512,0.8904,0.89055,4.00,12.50
2009.09.17 11:32:23.812,0.8904,0.89055,2.40,12.50
2009.09.17 11:32:24.152,0.8904,0.89055,2.40,17.70
2009.09.17 11:32:24.451,0.8904,0.89055,2.40,16.90
2009.09.17 11:32:24.742,0.8904,0.89055,2.40,18.90
2009.09.17 11:32:25.072,0.8904,0.89055,2.40,15.70
2009.09.17 11:32:25.352,0.8904,0.89055,2.40,12.50
2009.09.17 11:32:26.741,0.8904,0.89055,2.50,12.50
2009.09.17 11:32:29.570,0.8904,0.89055,2.50,14.90
2009.09.17 11:32:33.429,0.8904,0.8905,2.50,2.40
2009.09.17 11:32:36.189,0.8904,0.8905,2.40,6.10
2009.09.17 11:32:36.469,0.89035,0.8905,4.00,6.90
2009.09.17 11:32:37.029,0.89035,0.8905,8.20,10.90
2009.09.17 11:32:37.268,0.89035,0.8905,9.00,6.10
2009.09.17 11:32:37.648,0.8904,0.8905,2.40,6.10
2009.09.17 11:32:38.108,0.8904,0.8905,2.40,2.90
2009.09.17 11:32:38.618,0.8904,0.8905,2.40,2.40
2009.09.17 11:32:40.228,0.89035,0.8905,7.60,7.60
2009.09.17 11:32:40.408,0.89035,0.8905,12.40,4.00
2009.09.17 11:32:40.928,0.89035,0.8905,9.20,4.00
2009.09.17 11:32:41.148,0.89035,0.8905,9.20,7.70
2009.09.17 11:32:41.668,0.89035,0.89045,2.50,4.00
2009.09.17 11:32:41.788,0.89035,0.89045,2.40,4.00
2009.09.17 11:32:41.908,0.89035,0.89045,3.30,1.60
2009.09.17 11:32:42.018,0.89035,0.8905,8.10,12.10
2009.09.17 11:32:42.187,0.89035,0.8905,9.20,12.10
2009.09.17 11:32:42.297,0.89035,0.8905,9.20,11.70
2009.09.17 11:32:42.527,0.89035,0.8905,9.20,7.70
2009.09.17 11:32:42.877,0.8904,0.8905,2.40,6.10
2009.09.17 11:32:43.267,0.89035,0.8905,9.20,10.10
2009.09.17 11:32:43.627,0.89035,0.8905,9.20,6.10
2009.09.17 11:32:44.307,0.89035,0.8905,9.00,6.10
2009.09.17 11:32:44.657,0.89035,0.8905,12.60,6.10
2009.09.17 11:32:45.347,0.89035,0.8905,12.80,2.90
2009.09.17 11:32:45.737,0.89035,0.8905,12.80,2.40
2009.09.17 11:32:45.897,0.89035,0.8905,9.60,2.40
2009.09.17 11:32:46.407,0.89035,0.8905,12.80,2.40
2009.09.17 11:32:47.246,0.8904,0.8905,2.50,2.40
2009.09.17 11:32:47.417,0.8904,0.8905,4.40,2.40
2009.09.17 11:32:47.586,0.8904,0.8905,5.20,2.40
2009.09.17 11:32:47.976,0.8904,0.8905,3.60,2.40
2009.09.17 11:32:48.326,0.89045,0.8906,4.20,23.60
2009.09.17 11:32:48.666,0.89045,0.8906,11.00,8.00
2009.09.17 11:32:49.016,0.89045,0.8906,13.40,2.80
2009.09.17 11:32:49.366,0.89045,0.8906,11.80,2.40
2009.09.17 11:32:49.725,0.89045,0.8906,12.00,2.40
2009.09.17 11:32:50.026,0.89045,0.8906,7.60,2.40
2009.09.17 11:32:50.365,0.89045,0.8906,11.20,2.40
2009.09.17 11:32:50.895,0.89045,0.8906,10.80,2.90
2009.09.17 11:32:51.305,0.89045,0.8906,7.40,2.90
2009.09.17 11:32:51.465,0.89045,0.8906,10.80,2.90
2009.09.17 11:32:51.875,0.8905,0.8906,2.50,2.40
2009.09.17 11:32:52.105,0.8905,0.8906,4.40,2.40
2009.09.17 11:32:52.225,0.8905,0.8906,3.60,2.40
2009.09.17 11:32:52.785,0.8905,0.8906,3.40,2.40
2009.09.17 11:32:53.025,0.8905,0.8906,6.60,2.40
2009.09.17 11:32:53.624,0.8905,0.8906,3.40,2.40
2009.09.17 11:32:56.474,0.8905,0.8906,8.20,2.40
2009.09.17 11:32:56.644,0.89055,0.89065,1.00,4.00
2009.09.17 11:32:56.804,0.89055,0.89065,1.20,4.00
2009.09.17 11:32:57.144,0.89055,0.89065,1.20,2.40
2009.09.17 11:32:57.894,0.89055,0.89065,2.00,2.40
2009.09.17 11:32:58.013,0.89055,0.8907,9.20,6.90
2009.09.17 11:32:58.183,0.89055,0.8907,9.00,2.90
2009.09.17 11:32:58.344,0.89055,0.8907,9.20,2.40
2009.09.17 11:32:58.793,0.89055,0.8907,9.20,2.90
2009.09.17 11:32:59.993,0.8906,0.8907,1.00,2.90
2009.09.17 11:33:02.422,0.8906,0.8907,1.20,2.40
2009.09.17 11:33:03.452,0.89055,0.8907,11.60,2.40
2009.09.17 11:33:04.172,0.89055,0.8907,10.80,3.20
2009.09.17 11:33:04.522,0.89055,0.89065,1.00,4.00
2009.09.17 11:33:04.812,0.8905,0.89065,8.40,4.80
2009.09.17 11:33:05.152,0.8905,0.89065,9.20,8.00
2009.09.17 11:33:05.542,0.8906,0.8907,5.60,6.40
2009.09.17 11:33:05.872,0.8906,0.89075,10.60,2.90
2009.09.17 11:33:06.232,0.89065,0.89075,3.20,2.40
2009.09.17 11:33:06.732,0.89065,0.8907,1.00,2.40
2009.09.17 11:33:06.902,0.8906,0.8907,4.20,2.40
2009.09.17 11:33:07.081,0.8906,0.89075,6.60,13.70
2009.09.17 11:33:07.252,0.8906,0.89075,6.60,7.20
2009.09.17 11:33:07.592,0.89065,0.89075,1.00,7.20
2009.09.17 11:33:07.951,0.89065,0.89075,1.00,14.00
2009.09.17 11:33:08.301,0.89065,0.89075,1.00,12.40
2009.09.17 11:33:08.991,0.8906,0.8907,4.40,2.40
2009.09.17 11:33:09.961,0.8906,0.8907,4.20,2.40
2009.09.17 11:33:11.280,0.8906,0.89075,7.40,2.80
2009.09.17 11:33:11.630,0.8906,0.89075,7.40,2.40
2009.09.17 11:33:11.790,0.8906,0.89075,7.60,2.40
2009.09.17 11:33:22.028,0.8906,0.89075,8.00,2.40
2009.09.17 11:33:22.138,0.89065,0.89075,4.20,2.40
2009.09.17 11:33:22.258,0.89065,0.89075,4.40,2.40
2009.09.17 11:33:22.378,0.89065,0.89075,10.80,2.40
2009.09.17 11:33:22.548,0.89065,0.8908,14.40,6.40
2009.09.17 11:33:22.658,0.8907,0.89075,1.60,2.40
2009.09.17 11:33:23.057,0.8907,0.8908,2.40,10.10
2009.09.17 11:33:23.398,0.89065,0.89075,4.80,1.00
2009.09.17 11:33:23.737,0.89065,0.89075,4.00,1.00
2009.09.17 11:33:24.087,0.89065,0.89075,1.00,6.10
2009.09.17 11:33:24.437,0.8906,0.89075,4.10,6.90
2009.09.17 11:33:24.797,0.8906,0.89075,4.90,6.10
2009.09.17 11:33:25.127,0.89065,0.89075,1.70,6.10
2009.09.17 11:33:26.507,0.89065,0.89075,1.00,6.10
2009.09.17 11:33:27.837,0.8906,0.89075,4.00,7.10
2009.09.17 11:33:27.947,0.8906,0.8907,1.60,2.40
2009.09.17 11:33:28.117,0.8906,0.8907,2.40,2.40
2009.09.17 11:33:28.226,0.8906,0.89075,5.80,10.30
2009.09.17 11:33:28.397,0.89065,0.89075,1.00,10.10
2009.09.17 11:33:28.516,0.89065,0.89075,1.00,6.10
2009.09.17 11:33:28.846,0.89065,0.89075,2.40,3.70
2009.09.17 11:33:28.966,0.8906,0.89075,6.50,6.10
2009.09.17 11:33:29.306,0.8906,0.89075,4.90,6.10
2009.09.17 11:33:30.056,0.89065,0.89075,1.60,6.10
2009.09.17 11:33:32.525,0.89065,0.89075,1.60,6.90
2009.09.17 11:33:32.755,0.89065,0.8907,1.60,6.10
2009.09.17 11:33:32.985,0.8906,0.8907,4.00,6.10
2009.09.17 11:33:33.215,0.8906,0.8907,4.10,6.10
2009.09.17 11:33:37.264,0.8906,0.8907,4.00,6.10
2009.09.17 11:33:37.444,0.89065,0.8907,4.00,3.20
2009.09.17 11:33:37.614,0.89065,0.89075,4.00,10.30
2009.09.17 11:33:37.784,0.89065,0.89075,4.00,6.30
2009.09.17 11:33:40.123,0.89065,0.89075,4.00,6.10
2009.09.17 11:33:46.772,0.89065,0.89075,1.60,6.10
2009.09.17 11:33:49.621,0.8906,0.89075,5.20,6.90
2009.09.17 11:33:51.821,0.8906,0.89075,6.00,6.10
2009.09.17 11:33:52.161,0.8906,0.89075,5.20,6.90
2009.09.17 11:33:52.630,0.8906,0.8907,4.10,6.10
2009.09.17 11:33:53.640,0.8906,0.8907,4.10,2.90
2009.09.17 11:33:53.870,0.8906,0.89075,5.20,6.90
2009.09.17 11:33:57.060,0.8906,0.89075,9.20,6.10
2009.09.17 11:33:57.409,0.89065,0.89075,2.40,2.90
2009.09.17 11:33:57.759,0.8906,0.89075,9.20,2.90
2009.09.17 11:33:57.929,0.8906,0.89075,5.20,6.90
2009.09.17 11:33:58.169,0.8906,0.89075,4.00,6.90
2009.09.17 11:33:58.709,0.8906,0.89075,4.00,7.70
2009.09.17 11:33:59.439,0.8906,0.89075,4.80,6.10
2009.09.17 11:33:59.959,0.89065,0.89075,2.40,3.70
2009.09.17 11:34:00.319,0.89065,0.89075,2.50,3.70
2009.09.17 11:34:01.039,0.89065,0.89075,2.80,3.70
2009.09.17 11:34:01.268,0.89065,0.89075,2.50,3.70
2009.09.17 11:34:01.508,0.8906,0.89075,6.00,6.10
2009.09.17 11:34:01.738,0.8906,0.89075,3.60,6.90
2009.09.17 11:34:01.958,0.8906,0.89075,3.30,6.10
2009.09.17 11:34:02.188,0.8906,0.89075,7.60,6.10
2009.09.17 11:34:02.548,0.8906,0.89075,4.40,6.10
2009.09.17 11:34:03.168,0.89065,0.89075,2.40,2.90
2009.09.17 11:34:03.508,0.89065,0.89075,2.40,2.40
2009.09.17 11:34:04.207,0.89065,0.89075,2.50,2.40
2009.09.17 11:34:04.478,0.89065,0.89075,3.30,2.40
2009.09.17 11:34:04.748,0.89065,0.8908,2.50,19.70
2009.09.17 11:34:05.037,0.89065,0.89075,2.50,2.40
2009.09.17 11:34:05.677,0.89065,0.89075,3.60,2.40
2009.09.17 11:34:06.817,0.89065,0.89075,2.50,2.40
2009.09.17 11:34:06.937,0.89065,0.89075,3.30,2.40
2009.09.17 11:34:07.567,0.89065,0.89075,2.50,2.90
2009.09.17 11:34:13.036,0.89065,0.89075,2.50,6.10
2009.09.17 11:34:15.055,0.89065,0.89075,1.00,6.10
2009.09.17 11:34:15.745,0.8906,0.89075,2.50,6.90
2009.09.17 11:34:16.075,0.8906,0.8907,2.50,2.40
2009.09.17 11:34:18.014,0.8906,0.8907,3.60,2.40
2009.09.17 11:34:18.475,0.8906,0.8907,3.40,2.40
2009.09.17 11:34:18.644,0.8906,0.8907,2.40,2.90
2009.09.17 11:34:18.764,0.8906,0.8907,3.40,2.40
2009.09.17 11:34:19.804,0.8906,0.8907,11.20,2.40
2009.09.17 11:34:20.204,0.89065,0.8908,2.80,16.10
2009.09.17 11:34:20.903,0.89065,0.8908,7.00,14.50
2009.09.17 11:34:21.073,0.89065,0.8908,7.20,14.50
2009.09.17 11:34:21.703,0.89065,0.89075,7.20,2.40
2009.09.17 11:34:21.883,0.89065,0.89075,6.80,2.40
2009.09.17 11:34:21.993,0.89065,0.89075,3.40,2.40
2009.09.17 11:34:22.333,0.8906,0.89075,7.60,2.90
2009.09.17 11:34:22.683,0.8906,0.89075,7.40,6.10
2009.09.17 11:34:23.043,0.8906,0.89075,4.40,2.90
2009.09.17 11:34:23.273,0.8906,0.89075,4.40,6.10
2009.09.17 11:34:23.493,0.8906,0.89075,3.20,6.10
2009.09.17 11:34:24.063,0.8906,0.89075,2.40,6.90
2009.09.17 11:34:25.103,0.8906,0.89075,3.30,6.10
2009.09.17 11:34:25.452,0.89065,0.89075,2.40,6.10
2009.09.17 11:34:26.892,0.8906,0.89075,4.40,6.10
2009.09.17 11:34:27.472,0.8906,0.89075,4.20,6.10
2009.09.17 11:34:27.862,0.8906,0.89075,3.60,6.90
2009.09.17 11:34:28.102,0.89065,0.89075,2.40,6.10
2009.09.17 11:34:33.550,0.8906,0.89075,6.50,6.90
2009.09.17 11:34:34.150,0.8906,0.89075,2.50,6.90
2009.09.17 11:34:35.610,0.8906,0.89075,2.40,6.90
2009.09.17 11:34:35.850,0.8906,0.89075,2.50,6.90
2009.09.17 11:34:36.010,0.8906,0.89075,2.40,6.90
2009.09.17 11:34:36.310,0.8906,0.89075,2.50,6.90
2009.09.17 11:34:41.459,0.89055,0.8907,10.00,5.60
2009.09.17 11:34:41.569,0.89055,0.8907,9.20,6.90
2009.09.17 11:34:41.729,0.8906,0.8907,1.60,6.90
2009.09.17 11:34:42.289,0.8906,0.8907,1.60,7.70
2009.09.17 11:34:42.409,0.8906,0.8907,1.60,6.90
2009.09.17 11:34:42.459,0.8906,0.8907,1.60,6.10
2009.09.17 11:34:42.859,0.8906,0.8907,4.00,6.10
2009.09.17 11:34:44.918,0.8906,0.8907,4.00,2.90
2009.09.17 11:34:45.248,0.8906,0.89075,4.00,13.30
2009.09.17 11:34:45.527,0.8906,0.89075,5.00,13.30
2009.09.17 11:34:46.028,0.8906,0.89075,5.00,6.90
2009.09.17 11:34:46.377,0.8906,0.8907,3.40,2.40
2009.09.17 11:34:48.527,0.8906,0.8907,2.40,2.40
2009.09.17 11:34:49.347,0.8906,0.8907,3.40,2.40
2009.09.17 11:34:49.697,0.8906,0.8907,2.40,2.40
2009.09.17 11:34:49.937,0.8906,0.8907,2.40,2.90
2009.09.17 11:34:50.626,0.89055,0.8907,13.80,3.70
2009.09.17 11:34:50.856,0.8906,0.8907,2.40,10.90
2009.09.17 11:34:51.076,0.8906,0.8907,2.50,4.00
2009.09.17 11:34:51.416,0.8906,0.89075,2.50,19.30
2009.09.17 11:34:51.836,0.8906,0.8907,2.50,2.90
2009.09.17 11:34:52.046,0.8906,0.8907,2.50,2.40
2009.09.17 11:34:52.676,0.8906,0.8907,3.60,2.40
2009.09.17 11:34:54.476,0.89055,0.89065,12.20,2.40
2009.09.17 11:34:54.745,0.89055,0.89065,8.20,2.40
2009.09.17 11:34:55.215,0.89055,0.89065,4.00,2.40
2009.09.17 11:34:58.584,0.89055,0.8907,5.20,6.90
2009.09.17 11:34:58.944,0.89055,0.8907,8.40,6.90
2009.09.17 11:35:00.964,0.89055,0.89065,4.00,2.40
2009.09.17 11:35:01.324,0.89055,0.89065,4.00,2.90
2009.09.17 11:35:03.443,0.89055,0.89065,4.00,3.70
2009.09.17 11:35:03.563,0.89055,0.89065,1.60,6.90
2009.09.17 11:35:05.003,0.89055,0.89065,4.00,6.10
2009.09.17 11:35:05.353,0.89055,0.89065,4.00,2.40
2009.09.17 11:35:05.753,0.89055,0.8907,4.00,6.90
2009.09.17 11:35:06.103,0.89055,0.8907,2.40,12.10
2009.09.17 11:35:06.323,0.89055,0.8907,2.40,12.90
2009.09.17 11:35:06.742,0.89055,0.8907,2.50,12.90
2009.09.17 11:35:07.662,0.89055,0.89065,2.50,1.00
2009.09.17 11:35:07.902,0.89055,0.89065,2.50,6.10
2009.09.17 11:35:08.182,0.89055,0.89065,2.40,6.10
2009.09.17 11:35:08.912,0.8905,0.89065,10.80,6.90
2009.09.17 11:35:09.032,0.8905,0.89065,10.00,6.90
2009.09.17 11:35:09.092,0.8905,0.89065,8.40,6.90
2009.09.17 11:35:09.572,0.8905,0.89065,8.20,6.90
2009.09.17 11:35:10.252,0.8905,0.8906,4.00,2.40
2009.09.17 11:35:10.892,0.8905,0.89065,5.00,6.90
2009.09.17 11:35:11.192,0.8905,0.89065,8.20,6.90
2009.09.17 11:35:11.481,0.8905,0.89065,8.20,3.70
2009.09.17 11:35:12.551,0.8905,0.89065,8.20,3.20
2009.09.17 11:35:12.881,0.8905,0.89065,8.40,3.20
2009.09.17 11:35:13.341,0.8905,0.89065,9.20,2.40
2009.09.17 11:35:13.391,0.89055,0.89065,1.00,2.40
2009.09.17 11:35:13.561,0.89055,0.89065,4.20,2.40
2009.09.17 11:35:14.311,0.89055,0.89065,8.20,2.40
2009.09.17 11:35:14.650,0.89055,0.8907,8.20,3.70
2009.09.17 11:35:15.750,0.89055,0.8907,8.40,3.70
2009.09.17 11:35:16.050,0.89055,0.8907,10.80,3.70
2009.09.17 11:35:18.150,0.89055,0.8907,10.60,3.70
2009.09.17 11:35:18.380,0.89055,0.89065,8.20,2.40
2009.09.17 11:35:18.600,0.89055,0.89065,2.40,4.00
2009.09.17 11:35:18.820,0.89055,0.89065,2.40,9.20
2009.09.17 11:35:19.059,0.8905,0.8906,7.40,4.00
2009.09.17 11:35:19.409,0.8905,0.8906,3.60,4.00
2009.09.17 11:35:19.809,0.8905,0.8906,4.10,2.40
2009.09.17 11:35:20.099,0.8905,0.8906,5.20,2.40
2009.09.17 11:35:20.899,0.8905,0.8906,9.20,2.40
2009.09.17 11:35:21.239,0.8905,0.8906,6.00,2.40
2009.09.17 11:35:21.469,0.8905,0.8906,4.10,2.90
2009.09.17 11:35:21.639,0.89055,0.89065,4.00,8.50
2009.09.17 11:35:21.859,0.89055,0.89065,4.00,6.10
2009.09.17 11:35:22.039,0.8905,0.89065,6.40,6.10
2009.09.17 11:35:22.329,0.89055,0.89065,2.40,1.00
2009.09.17 11:35:23.389,0.89055,0.8907,3.40,7.10
2009.09.17 11:35:23.678,0.89055,0.8907,3.60,6.90
2009.09.17 11:35:26.028,0.89055,0.8907,5.20,6.90
2009.09.17 11:35:27.298,0.89055,0.8907,8.40,6.90
2009.09.17 11:35:31.217,0.8906,0.8907,2.50,3.70
2009.09.17 11:35:35.496,0.8906,0.8907,2.50,4.50
2009.09.17 11:35:35.656,0.89055,0.8907,8.40,6.90
2009.09.17 11:35:38.785,0.89055,0.8907,9.20,6.10
2009.09.17 11:35:39.125,0.89055,0.8907,9.20,2.90
2009.09.17 11:35:39.865,0.89055,0.8907,10.40,6.90
2009.09.17 11:35:40.164,0.89055,0.89065,8.20,2.40
2009.09.17 11:35:40.454,0.89055,0.8907,9.20,2.90
2009.09.17 11:35:40.794,0.89055,0.8907,9.60,2.40
2009.09.17 11:35:40.904,0.89055,0.8907,9.20,2.40
2009.09.17 11:35:43.454,0.89055,0.8907,11.60,2.40
2009.09.17 11:35:44.073,0.8906,0.8907,3.40,2.40
2009.09.17 11:35:44.134,0.8906,0.8907,6.60,2.40
2009.09.17 11:35:44.594,0.8906,0.8907,3.60,2.40
2009.09.17 11:35:45.313,0.8906,0.8907,3.60,3.20
2009.09.17 11:35:45.593,0.8906,0.89075,5.60,9.30
2009.09.17 11:35:45.883,0.8906,0.8907,3.60,2.40
2009.09.17 11:35:46.173,0.8906,0.8907,6.80,2.40
2009.09.17 11:35:47.883,0.8906,0.8907,3.60,2.40
2009.09.17 11:35:47.993,0.8906,0.8907,1.00,2.40
2009.09.17 11:35:48.852,0.89055,0.8907,11.60,2.40
2009.09.17 11:35:58.050,0.8906,0.8907,6.80,2.40
2009.09.17 11:36:00.310,0.8906,0.8907,3.60,2.40
2009.09.17 11:36:01.799,0.89055,0.8907,10.00,2.40
2009.09.17 11:36:02.639,0.89055,0.8907,7.60,2.40
2009.09.17 11:36:03.379,0.89055,0.8907,7.60,2.90
2009.09.17 11:36:03.489,0.8906,0.8907,2.40,2.90
2009.09.17 11:36:07.778,0.89055,0.8907,6.60,3.20
2009.09.17 11:36:10.367,0.89055,0.8907,8.20,3.20
2009.09.17 11:36:11.297,0.89055,0.8907,8.20,3.90
2009.09.17 11:36:11.707,0.89055,0.8907,8.20,4.50
2009.09.17 11:36:13.666,0.89055,0.8907,4.00,7.70
2009.09.17 11:36:14.026,0.8906,0.8907,2.40,6.90
2009.09.17 11:36:14.376,0.89055,0.8907,8.20,6.90
2009.09.17 11:36:14.716,0.89055,0.8907,12.20,6.10
2009.09.17 11:36:15.066,0.89055,0.8907,8.20,3.20
2009.09.17 11:36:15.416,0.89055,0.8907,9.00,2.40
2009.09.17 11:36:16.106,0.89055,0.8907,8.20,3.20
2009.09.17 11:36:16.436,0.89055,0.8907,9.00,2.40
2009.09.17 11:36:16.786,0.89055,0.8907,8.20,6.40
2009.09.17 11:36:17.066,0.89055,0.8907,4.00,11.70
2009.09.17 11:36:17.226,0.89055,0.89065,4.00,1.00
2009.09.17 11:36:17.406,0.89055,0.8907,4.00,6.90
2009.09.17 11:36:17.686,0.89055,0.8907,4.00,7.70
2009.09.17 11:36:17.805,0.89055,0.8907,4.00,6.90
2009.09.17 11:36:17.915,0.89055,0.8907,8.20,6.90
2009.09.17 11:36:18.666,0.8906,0.8907,2.40,4.50
2009.09.17 11:36:19.025,0.89055,0.8907,8.40,6.90
2009.09.17 11:36:19.656,0.89055,0.8907,9.00,2.90
2009.09.17 11:36:19.995,0.89055,0.8907,9.20,2.90
2009.09.17 11:36:20.645,0.89055,0.8907,9.00,2.90
2009.09.17 11:36:20.995,0.89055,0.8907,9.20,2.90
2009.09.17 11:36:22.054,0.89055,0.8907,9.20,2.40
2009.09.17 11:36:22.235,0.89055,0.8907,8.40,3.20
2009.09.17 11:36:22.404,0.89055,0.8907,8.40,6.90
2009.09.17 11:36:23.854,0.89055,0.8907,5.80,6.10
2009.09.17 11:36:24.034,0.89055,0.8907,5.00,6.90
2009.09.17 11:36:24.264,0.89055,0.8907,5.20,6.90
2009.09.17 11:36:26.303,0.89055,0.8906,1.60,1.00
2009.09.17 11:36:26.543,0.89055,0.8906,4.00,1.00
2009.09.17 11:36:26.933,0.89055,0.89065,4.00,3.70
2009.09.17 11:36:27.623,0.89055,0.89065,4.00,1.00
2009.09.17 11:36:28.983,0.8906,0.8907,2.40,4.50
2009.09.17 11:36:29.703,0.8906,0.89075,3.40,18.70
2009.09.17 11:36:30.033,0.8906,0.89075,3.40,13.50
2009.09.17 11:36:31.412,0.89065,0.89075,2.40,8.70
2009.09.17 11:36:31.752,0.8906,0.89075,6.80,8.50
2009.09.17 11:36:32.092,0.8906,0.89075,7.40,4.50
2009.09.17 11:36:32.442,0.8906,0.89075,6.60,8.80
2009.09.17 11:36:32.782,0.8906,0.89075,6.60,12.50
2009.09.17 11:36:33.072,0.89065,0.89075,2.40,8.00
2009.09.17 11:36:33.372,0.89065,0.89075,2.40,4.00
2009.09.17 11:36:33.662,0.8906,0.89075,7.60,4.00
2009.09.17 11:36:34.642,0.8906,0.89075,6.80,4.80
2009.09.17 11:36:35.271,0.8906,0.8907,4.40,2.40
2009.09.17 11:36:35.601,0.8906,0.8907,1.00,3.20
2009.09.17 11:36:35.931,0.8906,0.89065,1.00,2.40
2009.09.17 11:36:36.221,0.89055,0.8906,1.00,2.40
2009.09.17 11:36:36.331,0.89055,0.89065,1.00,4.10
2009.09.17 11:36:36.451,0.89055,0.89065,1.00,4.50
2009.09.17 11:36:36.731,0.89055,0.89065,1.00,7.70
2009.09.17 11:36:36.851,0.89055,0.8906,1.00,2.40
2009.09.17 11:36:37.441,0.8906,0.89065,1.00,7.70
2009.09.17 11:36:37.721,0.8905,0.89065,4.20,6.10
2009.09.17 11:36:37.951,0.89055,0.89065,2.40,6.10
2009.09.17 11:36:38.221,0.89055,0.89065,2.40,2.90
2009.09.17 11:36:38.490,0.89055,0.89065,3.40,2.40
2009.09.17 11:36:39.171,0.89055,0.8907,3.60,14.90
2009.09.17 11:36:39.520,0.89055,0.89065,3.40,2.40
2009.09.17 11:36:39.920,0.89055,0.89065,6.60,2.40
2009.09.17 11:36:41.070,0.89055,0.8907,10.60,6.10
2009.09.17 11:36:41.410,0.8906,0.8907,2.50,3.70
2009.09.17 11:36:41.760,0.8906,0.89075,2.50,20.90
2009.09.17 11:36:41.930,0.89055,0.8907,14.00,2.40
2009.09.17 11:36:42.440,0.89055,0.8907,13.60,2.40
2009.09.17 11:36:42.840,0.8906,0.8907,1.00,2.90
2009.09.17 11:36:43.069,0.8906,0.8907,2.50,1.00
2009.09.17 11:36:43.540,0.8906,0.89075,3.60,10.90
2009.09.17 11:36:43.759,0.8906,0.89075,3.60,8.50
2009.09.17 11:36:44.449,0.8906,0.8907,1.00,2.40
2009.09.17 11:36:44.799,0.89055,0.8907,14.40,2.40
2009.09.17 11:36:45.199,0.89055,0.8907,7.60,2.40
2009.09.17 11:36:45.859,0.8906,0.8907,2.40,2.40
2009.09.17 11:36:46.189,0.89055,0.8907,11.40,2.40
2009.09.17 11:36:46.589,0.89055,0.8907,9.00,3.20
2009.09.17 11:36:46.938,0.89055,0.8907,6.60,3.70
2009.09.17 11:36:47.099,0.89055,0.89065,6.60,2.40
2009.09.17 11:36:47.848,0.89055,0.8907,6.60,3.20
2009.09.17 11:36:50.038,0.89055,0.8907,6.60,3.90
2009.09.17 11:36:50.658,0.89055,0.8907,8.40,2.40
2009.09.17 11:36:50.998,0.8906,0.8907,2.40,2.40
2009.09.17 11:36:53.267,0.89065,0.89075,2.40,1.60
2009.09.17 11:36:53.497,0.89065,0.8908,3.40,23.10
2009.09.17 11:36:53.667,0.89065,0.89075,1.00,4.80
2009.09.17 11:36:53.847,0.8906,0.89075,6.60,4.80
2009.09.17 11:36:54.067,0.8906,0.8907,6.60,2.40
2009.09.17 11:36:54.237,0.8906,0.8907,2.40,2.40
2009.09.17 11:36:55.817,0.8906,0.8907,2.40,6.10
2009.09.17 11:36:56.176,0.8906,0.8907,2.40,2.90
2009.09.17 11:36:57.106,0.8906,0.8907,2.40,2.40
2009.09.17 11:36:57.386,0.8906,0.89075,3.40,17.70
2009.09.17 11:36:57.726,0.8906,0.89075,3.40,13.70
2009.09.17 11:36:58.076,0.8906,0.89075,3.40,17.70
2009.09.17 11:36:58.776,0.8906,0.89075,3.60,17.70
2009.09.17 11:36:59.356,0.8906,0.8907,3.60,2.40
2009.09.17 11:36:59.695,0.8906,0.8907,2.40,2.90
2009.09.17 11:37:00.365,0.8906,0.8907,2.40,2.40
2009.09.17 11:37:01.225,0.8906,0.8907,2.40,6.90
2009.09.17 11:37:01.625,0.89055,0.89065,2.40,1.00
2009.09.17 11:37:02.845,0.89055,0.8907,2.40,11.90
2009.09.17 11:37:03.195,0.89055,0.89065,2.40,1.00
2009.09.17 11:37:03.544,0.89055,0.89065,2.40,6.10
2009.09.17 11:37:03.894,0.89055,0.8907,3.40,11.90
2009.09.17 11:37:04.234,0.89055,0.89065,2.40,3.30
2009.09.17 11:37:04.634,0.89055,0.89065,2.40,1.00
2009.09.17 11:37:05.284,0.89055,0.89065,3.40,2.40
2009.09.17 11:37:05.674,0.8906,0.8907,2.40,1.00
2009.09.17 11:37:06.434,0.8906,0.8907,2.40,2.90
2009.09.17 11:37:06.664,0.8906,0.8907,2.40,6.10
2009.09.17 11:37:07.074,0.8906,0.89075,2.40,25.90
2009.09.17 11:37:07.524,0.8906,0.89075,2.40,20.70
2009.09.17 11:37:07.873,0.8906,0.8907,2.40,2.40
2009.09.17 11:37:08.953,0.89055,0.8907,9.00,3.90
2009.09.17 11:37:09.123,0.89055,0.89065,6.60,2.40
2009.09.17 11:37:09.363,0.89055,0.89065,3.40,2.40
2009.09.17 11:37:10.033,0.89055,0.89065,5.00,2.40
2009.09.17 11:37:10.383,0.89055,0.8907,9.00,2.40
2009.09.17 11:37:10.733,0.8906,0.8907,2.40,2.40
2009.09.17 11:37:11.013,0.89055,0.8907,8.20,3.20
2009.09.17 11:37:11.483,0.89055,0.8907,8.20,3.70
2009.09.17 11:37:12.403,0.89055,0.8907,8.20,4.50
2009.09.17 11:37:13.282,0.89055,0.8907,8.20,7.70
2009.09.17 11:37:13.682,0.89055,0.8907,8.20,4.70
2009.09.17 11:37:14.382,0.89055,0.8907,8.20,3.20
2009.09.17 11:37:14.712,0.8906,0.89075,2.40,7.20
2009.09.17 11:37:15.052,0.8906,0.89075,3.40,7.20
2009.09.17 11:37:15.392,0.8906,0.89075,3.40,11.10
2009.09.17 11:37:15.672,0.8906,0.89075,3.40,9.50
2009.09.17 11:37:16.031,0.8906,0.89075,3.40,10.30
2009.09.17 11:37:16.761,0.8906,0.89075,5.80,8.50
2009.09.17 11:37:16.942,0.8906,0.89075,9.20,8.00
2009.09.17 11:37:17.351,0.8906,0.89075,9.20,4.00
2009.09.17 11:37:17.831,0.8906,0.89075,7.60,7.60
2009.09.17 11:37:18.121,0.8906,0.89075,8.00,7.60
2009.09.17 11:37:18.911,0.8906,0.89075,7.00,11.70
2009.09.17 11:37:19.201,0.8906,0.8907,3.40,1.00
2009.09.17 11:37:19.491,0.8906,0.8907,2.40,6.90
2009.09.17 11:37:19.761,0.89055,0.8907,8.60,3.70
2009.09.17 11:37:19.931,0.89055,0.8907,8.60,8.90
2009.09.17 11:37:20.051,0.89055,0.89065,4.20,4.00
2009.09.17 11:37:20.461,0.8905,0.89065,21.00,4.00
2009.09.17 11:37:20.580,0.8905,0.89065,17.40,4.00
2009.09.17 11:37:20.980,0.8905,0.89065,18.00,4.00
2009.09.17 11:37:21.330,0.8905,0.89065,17.60,4.00
2009.09.17 11:37:22.030,0.8905,0.89065,16.80,4.00
2009.09.17 11:37:22.380,0.8905,0.89065,12.80,4.00
2009.09.17 11:37:22.850,0.89055,0.89065,1.00,4.00
2009.09.17 11:37:22.970,0.8906,0.8907,4.00,8.80
2009.09.17 11:37:23.080,0.8906,0.8907,4.00,8.10
2009.09.17 11:37:23.190,0.8906,0.8907,4.00,3.70
2009.09.17 11:37:23.310,0.8906,0.89075,4.00,15.90
2009.09.17 11:37:23.760,0.8906,0.89075,5.00,15.90
2009.09.17 11:37:24.100,0.8906,0.89075,5.00,13.50
2009.09.17 11:37:24.779,0.8906,0.89075,5.00,12.50
2009.09.17 11:37:25.629,0.8906,0.89075,5.00,17.90
2009.09.17 11:37:25.919,0.8906,0.89075,2.40,13.80
2009.09.17 11:37:26.269,0.8906,0.89075,5.80,11.90
2009.09.17 11:37:27.769,0.8906,0.89075,5.00,12.70
2009.09.17 11:37:29.378,0.8906,0.89075,5.80,11.90
2009.09.17 11:37:29.768,0.8906,0.8907,2.40,2.40
2009.09.17 11:37:30.068,0.8906,0.89075,4.00,13.10
2009.09.17 11:37:30.418,0.8906,0.89075,5.00,12.70
2009.09.17 11:37:30.758,0.8906,0.89075,5.80,8.70
2009.09.17 11:37:31.348,0.8906,0.8907,2.40,2.40
2009.09.17 11:37:31.628,0.8906,0.89075,9.00,13.00
2009.09.17 11:37:31.798,0.8906,0.89075,9.00,11.90
2009.09.17 11:37:32.128,0.8906,0.89075,9.00,4.70
2009.09.17 11:37:33.167,0.8906,0.89075,8.20,9.50
2009.09.17 11:37:33.627,0.8906,0.89075,8.20,12.70
2009.09.17 11:37:35.877,0.89065,0.89075,2.40,6.30
2009.09.17 11:37:36.157,0.89065,0.89075,2.40,2.40
2009.09.17 11:37:37.636,0.89065,0.89075,2.40,2.50
2009.09.17 11:37:38.106,0.89065,0.89075,2.40,2.40
2009.09.17 11:37:38.346,0.89065,0.8908,2.40,15.50
2009.09.17 11:37:38.406,0.89065,0.8908,2.40,14.70
2009.09.17 11:37:39.996,0.89065,0.8908,2.40,17.90
2009.09.17 11:37:40.226,0.89065,0.89075,2.40,2.40
2009.09.17 11:37:40.526,0.89065,0.89075,2.40,2.90
2009.09.17 11:37:41.445,0.89065,0.89075,2.40,3.10
2009.09.17 11:37:41.795,0.8906,0.89075,6.60,7.10
2009.09.17 11:37:42.145,0.8906,0.89075,5.00,8.70
2009.09.17 11:37:42.775,0.8906,0.89075,5.80,7.90
2009.09.17 11:37:42.895,0.8906,0.89075,5.80,4.70
2009.09.17 11:37:43.135,0.8906,0.89075,5.80,4.50
2009.09.17 11:37:43.315,0.8906,0.8907,5.80,2.40
2009.09.17 11:37:45.175,0.8906,0.8907,9.00,2.40
2009.09.17 11:37:45.524,0.8906,0.8907,5.80,2.40
2009.09.17 11:37:45.704,0.8906,0.8907,9.00,2.40
2009.09.17 11:37:46.534,0.8906,0.8907,9.40,2.40
2009.09.17 11:37:46.874,0.8906,0.8907,14.20,2.40
2009.09.17 11:37:47.224,0.8906,0.8907,12.60,2.40
2009.09.17 11:37:47.744,0.89065,0.89075,2.40,2.40
2009.09.17 11:37:48.024,0.89065,0.89075,9.00,2.40
2009.09.17 11:37:48.374,0.89065,0.89075,12.20,2.40
2009.09.17 11:37:48.484,0.89065,0.8908,12.40,4.10
2009.09.17 11:37:48.594,0.89065,0.8908,9.20,4.10
2009.09.17 11:37:48.714,0.89065,0.8908,8.40,4.90
2009.09.17 11:37:48.824,0.89065,0.89075,8.40,2.40
2009.09.17 11:37:48.874,0.89065,0.89075,8.20,2.40
2009.09.17 11:37:54.512,0.89065,0.8908,12.40,8.00
2009.09.17 11:37:54.862,0.89065,0.8908,8.40,8.80
2009.09.17 11:37:55.232,0.89065,0.8908,9.20,4.00
2009.09.17 11:37:56.812,0.89065,0.8908,9.20,4.10
2009.09.17 11:37:57.252,0.89065,0.8908,12.40,4.10
2009.09.17 11:37:57.362,0.89065,0.8908,12.20,4.00
2009.09.17 11:37:57.532,0.8907,0.8908,3.40,4.00
2009.09.17 11:37:58.032,0.8907,0.8908,3.40,8.00
2009.09.17 11:37:58.372,0.8907,0.8908,1.00,4.00
2009.09.17 11:37:59.071,0.8907,0.89085,5.80,7.70
2009.09.17 11:37:59.421,0.8907,0.89085,9.60,2.40
2009.09.17 11:37:59.761,0.8907,0.89085,9.20,2.40
2009.09.17 11:37:59.991,0.8907,0.89085,8.40,3.20
2009.09.17 11:38:00.211,0.8907,0.89085,9.20,2.40
2009.09.17 11:38:01.510,0.89075,0.89085,1.00,7.60
2009.09.17 11:38:01.860,0.89075,0.8908,1.00,2.40
2009.09.17 11:38:05.860,0.8907,0.8908,8.00,3.20
2009.09.17 11:38:06.210,0.89065,0.8908,16.80,2.90
2009.09.17 11:38:06.480,0.89065,0.8908,16.00,3.20
2009.09.17 11:38:06.719,0.8907,0.8908,2.40,2.40
2009.09.17 11:38:07.469,0.8907,0.8908,1.60,2.40
2009.09.17 11:38:07.739,0.8907,0.8908,9.20,1.00
2009.09.17 11:38:07.979,0.8908,0.89085,2.40,1.10
2009.09.17 11:38:08.249,0.8908,0.8909,2.40,11.70
2009.09.17 11:38:08.719,0.8908,0.8909,2.40,10.90
2009.09.17 11:38:09.519,0.89075,0.8909,5.00,7.70
2009.09.17 11:38:10.219,0.8908,0.8909,2.40,6.10
2009.09.17 11:38:10.448,0.8908,0.8909,2.40,3.70
2009.09.17 11:38:11.198,0.8908,0.8909,4.00,3.70
2009.09.17 11:38:11.558,0.8908,0.89095,8.20,11.10
2009.09.17 11:38:11.898,0.8909,0.89095,4.00,1.00
2009.09.17 11:38:12.348,0.8909,0.891,4.00,7.70
2009.09.17 11:38:12.688,0.891,0.89105,2.40,1.00
2009.09.17 11:38:13.038,0.891,0.8911,4.00,3.70
2009.09.17 11:38:13.388,0.891,0.8911,4.00,1.00
2009.09.17 11:38:13.857,0.891,0.8911,4.00,3.70
2009.09.17 11:38:14.087,0.891,0.8911,4.00,1.00
2009.09.17 11:38:14.367,0.891,0.8911,4.80,1.00
2009.09.17 11:38:14.587,0.89105,0.89115,2.40,3.70
2009.09.17 11:38:14.938,0.8911,0.89115,1.60,3.70
2009.09.17 11:38:15.277,0.89105,0.89115,2.40,3.70
2009.09.17 11:38:16.497,0.89105,0.8912,3.00,6.90
2009.09.17 11:38:16.837,0.89105,0.89115,2.40,3.70
2009.09.17 11:38:16.957,0.89105,0.89115,2.40,6.10
2009.09.17 11:38:17.187,0.89105,0.89115,2.40,3.70
2009.09.17 11:38:17.367,0.89105,0.89115,2.40,7.70
2009.09.17 11:38:17.597,0.89105,0.89115,2.40,3.70
2009.09.17 11:38:19.286,0.89105,0.89115,2.40,6.10
2009.09.17 11:38:19.576,0.89105,0.89115,2.40,3.70
2009.09.17 11:38:20.486,0.8911,0.89115,2.40,3.70
2009.09.17 11:38:20.836,0.8911,0.8912,2.40,8.50
2009.09.17 11:38:21.236,0.8911,0.8912,2.40,4.70
2009.09.17 11:38:21.396,0.8911,0.8912,2.40,7.90
2009.09.17 11:38:21.456,0.8911,0.89115,2.40,1.00
2009.09.17 11:38:21.576,0.89105,0.89115,3.40,3.70
2009.09.17 11:38:21.696,0.89105,0.89115,3.40,6.10
2009.09.17 11:38:21.755,0.89105,0.89115,2.40,6.10
2009.09.17 11:38:28.404,0.891,0.89115,3.30,6.10
2009.09.17 11:38:28.574,0.891,0.89115,2.40,7.10
2009.09.17 11:38:28.634,0.891,0.89115,2.40,7.80
2009.09.17 11:38:28.694,0.891,0.8911,2.40,2.40
2009.09.17 11:38:29.374,0.891,0.8911,2.40,6.10
2009.09.17 11:38:29.714,0.891,0.8911,2.40,2.90
2009.09.17 11:38:32.413,0.891,0.8911,2.40,1.00
2009.09.17 11:38:35.472,0.891,0.8911,2.40,6.10
2009.09.17 11:38:40.791,0.891,0.8911,2.40,2.40
2009.09.17 11:38:41.091,0.891,0.8911,2.40,3.30
2009.09.17 11:38:41.391,0.891,0.8911,2.40,2.90
2009.09.17 11:38:42.541,0.891,0.8911,2.40,2.40
2009.09.17 11:38:42.771,0.891,0.89115,3.40,11.70
2009.09.17 11:38:43.051,0.891,0.89115,3.40,6.90
2009.09.17 11:38:43.930,0.89105,0.89115,2.40,6.10
2009.09.17 11:38:44.280,0.891,0.89115,3.40,6.90
2009.09.17 11:38:44.580,0.891,0.89115,3.40,10.90
2009.09.17 11:38:44.940,0.891,0.89115,2.40,10.90
2009.09.17 11:38:45.230,0.891,0.8911,2.40,2.90
2009.09.17 11:38:45.580,0.891,0.8911,2.40,6.90
2009.09.17 11:38:46.750,0.89095,0.8911,3.40,7.10
2009.09.17 11:38:46.860,0.89095,0.8911,2.40,7.90
2009.09.17 11:38:46.980,0.89095,0.8911,3.20,6.10
2009.09.17 11:38:47.040,0.891,0.8911,2.40,6.10
2009.09.17 11:38:48.329,0.891,0.8911,2.40,7.10
2009.09.17 11:38:48.959,0.89095,0.89105,2.40,1.00
2009.09.17 11:38:49.429,0.89095,0.89105,2.40,3.70
2009.09.17 11:38:52.278,0.89095,0.8911,3.40,16.70
2009.09.17 11:38:52.549,0.89095,0.8911,3.40,16.50
2009.09.17 11:38:52.658,0.89095,0.8911,3.40,13.30
2009.09.17 11:38:53.098,0.89095,0.8911,6.60,16.50
2009.09.17 11:38:54.128,0.89095,0.8911,6.60,13.30
2009.09.17 11:38:54.478,0.89095,0.89105,2.40,2.40
2009.09.17 11:38:54.828,0.8909,0.891,4.20,3.20
2009.09.17 11:38:55.118,0.8909,0.891,2.40,2.40
2009.09.17 11:38:56.937,0.8909,0.891,2.40,4.10
2009.09.17 11:38:57.227,0.89085,0.891,6.60,3.90
2009.09.17 11:38:57.447,0.8909,0.891,2.40,3.20
2009.09.17 11:38:57.677,0.8909,0.89105,2.40,21.70
2009.09.17 11:38:57.907,0.8909,0.891,2.40,2.40
2009.09.17 11:39:02.466,0.8909,0.89105,2.40,15.50
2009.09.17 11:39:02.806,0.8909,0.89105,2.40,8.80
2009.09.17 11:39:02.856,0.8909,0.89105,6.60,8.80
2009.09.17 11:39:03.096,0.8909,0.89105,6.60,8.90
2009.09.17 11:39:03.366,0.8909,0.891,6.60,1.00
2009.09.17 11:39:03.776,0.89085,0.891,11.00,3.90
2009.09.17 11:39:04.065,0.89085,0.891,6.60,4.40
2009.09.17 11:39:04.355,0.89085,0.891,6.60,11.60
2009.09.17 11:39:04.985,0.89085,0.891,6.60,15.50
2009.09.17 11:39:05.335,0.8908,0.89095,12.80,2.40
2009.09.17 11:39:05.665,0.8909,0.891,2.40,10.90
2009.09.17 11:39:06.025,0.8909,0.891,2.40,6.40
2009.09.17 11:39:06.735,0.8909,0.891,2.40,6.90
2009.09.17 11:39:08.464,0.89085,0.89095,2.40,1.00
2009.09.17 11:39:08.795,0.89085,0.89095,2.40,2.40
2009.09.17 11:39:09.134,0.89085,0.891,7.40,13.20
2009.09.17 11:39:09.484,0.89085,0.89095,2.40,2.40
2009.09.17 11:39:14.773,0.89085,0.89095,3.20,2.40
2009.09.17 11:39:14.993,0.89085,0.891,7.40,8.70
2009.09.17 11:39:15.643,0.89085,0.891,6.60,12.70
2009.09.17 11:39:15.823,0.89085,0.891,7.40,8.10
2009.09.17 11:39:16.163,0.8909,0.891,2.40,6.40
2009.09.17 11:39:16.552,0.89085,0.89095,2.40,4.00
2009.09.17 11:39:19.492,0.8909,0.891,2.40,7.50
2009.09.17 11:39:19.782,0.8909,0.891,2.40,6.40
2009.09.17 11:39:24.391,0.8909,0.891,2.40,11.80
2009.09.17 11:39:24.721,0.89085,0.891,2.40,16.60
2009.09.17 11:39:25.110,0.89085,0.891,7.40,12.50
2009.09.17 11:39:25.450,0.89085,0.891,6.60,4.80
2009.09.17 11:39:25.791,0.89085,0.891,7.40,7.10
2009.09.17 11:39:26.430,0.89085,0.891,7.40,6.40
2009.09.17 11:39:26.780,0.89085,0.891,6.60,11.80
2009.09.17 11:39:27.120,0.89085,0.891,6.60,12.50
2009.09.17 11:39:27.470,0.89085,0.891,6.60,9.30
2009.09.17 11:39:27.880,0.8909,0.891,2.40,10.90
2009.09.17 11:39:28.210,0.89085,0.891,7.40,10.10
2009.09.17 11:39:28.540,0.8909,0.891,2.40,10.10
2009.09.17 11:39:28.770,0.8909,0.891,2.40,6.90
2009.09.17 11:39:29.390,0.8909,0.891,2.40,7.90
2009.09.17 11:39:29.620,0.89085,0.891,6.60,6.90
2009.09.17 11:39:30.319,0.89085,0.891,6.60,6.40
2009.09.17 11:39:30.649,0.89085,0.891,7.40,6.90
2009.09.17 11:39:30.999,0.89085,0.89095,6.60,2.40
2009.09.17 11:39:31.339,0.89085,0.891,8.20,6.90
2009.09.17 11:39:31.719,0.89085,0.89095,8.20,2.40
2009.09.17 11:39:31.889,0.89085,0.89095,6.60,2.40
2009.09.17 11:39:32.470,0.89085,0.89095,1.00,2.40
2009.09.17 11:39:32.629,0.89085,0.89095,1.00,6.40
2009.09.17 11:39:33.308,0.8908,0.8909,3.40,2.40
2009.09.17 11:39:33.658,0.8908,0.8909,1.80,2.40
2009.09.17 11:39:35.248,0.8908,0.8909,1.00,2.40
2009.09.17 11:39:35.468,0.89075,0.8909,12.50,2.40
2009.09.17 11:39:35.968,0.89075,0.8909,8.50,2.40
2009.09.17 11:39:36.348,0.8908,0.8909,1.00,2.40
2009.09.17 11:39:38.177,0.8908,0.89095,3.40,21.70
2009.09.17 11:39:38.347,0.89085,0.89095,3.20,15.30
2009.09.17 11:39:38.817,0.89085,0.89095,3.20,12.10
2009.09.17 11:39:39.397,0.89085,0.8909,1.00,2.40
2009.09.17 11:39:40.657,0.89085,0.89095,1.00,10.90
2009.09.17 11:39:40.937,0.89085,0.89095,3.20,1.00
2009.09.17 11:39:41.176,0.89085,0.89095,2.40,1.00
2009.09.17 11:39:42.086,0.8908,0.89095,8.20,2.90
2009.09.17 11:39:42.366,0.8908,0.89095,7.40,2.90
2009.09.17 11:39:42.606,0.8908,0.89095,10.60,2.90
2009.09.17 11:39:42.716,0.89085,0.89095,2.40,2.90
2009.09.17 11:39:44.755,0.89085,0.89095,2.40,1.00
2009.09.17 11:39:45.096,0.89085,0.891,2.40,11.70
2009.09.17 11:39:45.456,0.89085,0.89095,2.40,2.40
2009.09.17 11:39:45.695,0.89085,0.89095,3.40,2.40
2009.09.17 11:39:46.275,0.89085,0.89095,6.60,2.40
2009.09.17 11:39:51.904,0.89085,0.891,7.40,10.10
2009.09.17 11:39:57.583,0.8909,0.891,2.40,10.90
2009.09.17 11:39:57.873,0.89085,0.891,6.60,12.10
2009.09.17 11:39:58.112,0.89085,0.891,6.60,11.70
2009.09.17 11:39:58.393,0.8908,0.8909,1.60,4.00
2009.09.17 11:39:58.682,0.8908,0.8909,7.40,4.00
2009.09.17 11:39:59.262,0.8908,0.89095,7.40,8.90
2009.09.17 11:39:59.372,0.89085,0.89095,1.00,8.40
2009.09.17 11:39:59.652,0.89085,0.89095,1.00,4.00
2009.09.17 11:40:01.032,0.8908,0.89095,7.40,6.90
2009.09.17 11:40:01.332,0.8908,0.89095,7.40,2.40
2009.09.17 11:40:01.902,0.8908,0.89095,10.60,2.40
2009.09.17 11:40:02.822,0.89085,0.89095,6.60,2.40
2009.09.17 11:40:03.791,0.89085,0.891,7.60,4.00
2009.09.17 11:40:04.151,0.8908,0.89095,13.20,4.00
2009.09.17 11:40:04.501,0.8908,0.89095,11.20,4.00
2009.09.17 11:40:05.951,0.89085,0.89095,5.00,4.00
2009.09.17 11:40:06.131,0.89085,0.891,7.40,6.40
2009.09.17 11:40:06.530,0.8909,0.891,3.40,6.40
2009.09.17 11:40:06.870,0.89085,0.891,11.40,6.40
2009.09.17 11:40:07.211,0.89085,0.891,7.60,6.40
2009.09.17 11:40:07.630,0.89085,0.891,7.60,6.90
2009.09.17 11:40:09.420,0.89085,0.891,6.80,7.70
2009.09.17 11:40:10.060,0.89085,0.891,7.60,6.90
2009.09.17 11:40:10.749,0.89085,0.891,10.80,6.90
2009.09.17 11:40:11.089,0.89085,0.891,7.60,6.40
2009.09.17 11:40:11.429,0.89085,0.891,10.80,6.40
2009.09.17 11:40:11.769,0.8909,0.891,6.60,6.40
2009.09.17 11:40:12.289,0.8909,0.891,6.60,2.40
2009.09.17 11:40:12.459,0.8909,0.891,6.60,6.40
2009.09.17 11:40:12.579,0.8909,0.891,6.60,2.40
2009.09.17 11:40:13.219,0.8909,0.891,6.60,6.40
2009.09.17 11:40:15.029,0.8909,0.891,7.40,6.40
2009.09.17 11:40:15.309,0.8909,0.89105,10.60,13.10
2009.09.17 11:40:15.368,0.8909,0.89105,10.80,13.10
2009.09.17 11:40:15.428,0.89095,0.89105,1.00,9.10
2009.09.17 11:40:15.658,0.8909,0.89105,8.00,9.10
2009.09.17 11:40:15.718,0.8909,0.891,7.40,2.40
2009.09.17 11:40:16.019,0.8909,0.891,6.60,2.40
2009.09.17 11:40:17.688,0.8909,0.89095,1.00,4.00
2009.09.17 11:40:18.038,0.8909,0.891,3.40,2.40
2009.09.17 11:40:18.318,0.8909,0.891,3.40,6.40
2009.09.17 11:40:23.227,0.8909,0.891,2.40,2.40
2009.09.17 11:40:23.706,0.8909,0.891,3.40,2.40
2009.09.17 11:40:24.296,0.8909,0.891,3.40,5.60
2009.09.17 11:40:24.456,0.8909,0.891,2.40,6.10
2009.09.17 11:40:25.256,0.8909,0.891,2.40,2.40
2009.09.17 11:40:26.636,0.8909,0.891,3.20,2.40
2009.09.17 11:40:26.926,0.8909,0.891,4.20,2.40
2009.09.17 11:40:28.165,0.8909,0.891,3.20,2.40
2009.09.17 11:40:28.455,0.8909,0.891,2.40,2.40
2009.09.17 11:40:29.415,0.8909,0.891,3.20,2.40
2009.09.17 11:40:29.635,0.8909,0.891,4.20,2.40
2009.09.17 11:40:29.875,0.8909,0.89105,4.20,12.80
2009.09.17 11:40:30.215,0.8909,0.89105,3.40,13.60
2009.09.17 11:40:30.924,0.8909,0.89105,3.60,13.80
2009.09.17 11:40:31.274,0.8909,0.89105,3.40,14.60
2009.09.17 11:40:31.595,0.8909,0.89105,3.60,13.80
2009.09.17 11:40:34.394,0.8909,0.89105,3.40,13.80
2009.09.17 11:40:34.724,0.8909,0.89105,2.50,13.80
2009.09.17 11:40:35.064,0.8909,0.89105,3.60,13.80
2009.09.17 11:40:40.142,0.89085,0.891,7.40,6.90
2009.09.17 11:40:44.331,0.89085,0.891,6.60,7.20
2009.09.17 11:40:45.421,0.89085,0.891,7.40,6.40
2009.09.17 11:40:50.440,0.89085,0.891,10.60,6.40
2009.09.17 11:40:50.780,0.89085,0.891,11.40,6.40
2009.09.17 11:40:51.780,0.89085,0.891,11.60,6.40
2009.09.17 11:40:52.759,0.89085,0.891,11.20,6.40
2009.09.17 11:40:53.549,0.8909,0.891,6.60,4.00
2009.09.17 11:40:53.779,0.89085,0.891,15.20,6.40
2009.09.17 11:40:54.009,0.89085,0.891,13.60,6.40
2009.09.17 11:40:56.069,0.89085,0.891,9.40,7.20
2009.09.17 11:40:56.368,0.89085,0.89095,3.40,2.40
2009.09.17 11:40:58.918,0.89085,0.89095,2.40,2.40
2009.09.17 11:41:04.536,0.8908,0.89095,13.00,6.10
2009.09.17 11:41:04.716,0.8908,0.89095,12.20,6.90
2009.09.17 11:41:04.946,0.8908,0.89095,10.60,6.90
2009.09.17 11:41:05.337,0.8908,0.89095,8.20,6.10
2009.09.17 11:41:05.686,0.8908,0.89095,8.20,6.30
2009.09.17 11:41:07.066,0.8908,0.89095,2.40,7.50
2009.09.17 11:41:07.416,0.8908,0.89095,7.40,7.10
2009.09.17 11:41:07.636,0.8908,0.89095,11.40,2.90
2009.09.17 11:41:07.866,0.8908,0.89095,14.60,2.40
2009.09.17 11:41:08.095,0.8908,0.89095,11.40,2.40
2009.09.17 11:41:08.625,0.8908,0.89095,11.60,2.40
2009.09.17 11:41:10.595,0.8908,0.89095,7.60,2.40
2009.09.17 11:41:12.594,0.8908,0.89095,6.60,3.20
2009.09.17 11:41:12.865,0.8908,0.89095,6.60,3.70
2009.09.17 11:41:13.084,0.8908,0.89095,6.60,3.90
2009.09.17 11:41:13.315,0.8908,0.89095,3.40,7.90
2009.09.17 11:41:13.544,0.8908,0.89095,3.40,7.10
2009.09.17 11:41:17.333,0.8908,0.8909,3.40,1.60
2009.09.17 11:41:17.393,0.89075,0.89085,13.40,2.40
2009.09.17 11:41:17.623,0.89075,0.8909,17.00,7.20
2009.09.17 11:41:17.743,0.89075,0.8909,18.40,3.30
2009.09.17 11:41:17.803,0.89075,0.8909,11.60,3.30
2009.09.17 11:41:17.924,0.89075,0.8909,11.60,2.90
2009.09.17 11:41:18.273,0.89075,0.8909,7.40,10.10
2009.09.17 11:41:18.623,0.89075,0.8909,6.60,6.90
2009.09.17 11:41:18.973,0.89075,0.8909,6.60,10.90
2009.09.17 11:41:19.783,0.89075,0.8909,7.40,10.10
2009.09.17 11:41:20.063,0.89075,0.8909,7.40,6.10
2009.09.17 11:41:21.282,0.8907,0.89085,16.20,2.40
2009.09.17 11:41:21.632,0.89075,0.8909,6.60,8.10
2009.09.17 11:41:21.982,0.89075,0.8909,2.40,11.70
2009.09.17 11:41:22.332,0.89075,0.8909,3.40,11.70
2009.09.17 11:41:22.902,0.89075,0.8909,6.60,6.90
2009.09.17 11:41:23.602,0.89075,0.8909,6.80,6.90
2009.09.17 11:41:24.532,0.89075,0.8909,7.60,6.10
2009.09.17 11:41:24.872,0.89075,0.8909,6.60,8.10
2009.09.17 11:41:25.221,0.89075,0.8909,6.60,7.70
2009.09.17 11:41:25.592,0.8907,0.8908,13.40,2.40
2009.09.17 11:41:25.932,0.89075,0.8909,4.20,10.10
2009.09.17 11:41:26.291,0.89075,0.8909,7.40,2.90
2009.09.17 11:41:26.631,0.8907,0.8908,10.80,3.70
2009.09.17 11:41:26.852,0.8907,0.8908,4.00,6.90
2009.09.17 11:41:27.021,0.8907,0.89075,4.00,3.70
2009.09.17 11:41:27.601,0.8907,0.8908,4.00,6.90
2009.09.17 11:41:27.831,0.8907,0.8908,2.40,4.00
2009.09.17 11:41:28.061,0.8907,0.89085,7.40,10.10
2009.09.17 11:41:28.291,0.8907,0.8908,1.00,2.40
2009.09.17 11:41:28.521,0.8907,0.89085,3.40,7.70
2009.09.17 11:41:28.761,0.8907,0.89085,6.60,7.70
2009.09.17 11:41:28.871,0.8907,0.89085,7.40,6.10
2009.09.17 11:41:28.981,0.8907,0.89085,11.40,2.40
2009.09.17 11:41:29.491,0.8907,0.89085,7.40,2.40
2009.09.17 11:41:30.920,0.8907,0.89085,11.40,2.40
2009.09.17 11:41:31.260,0.8907,0.89085,7.40,2.40
2009.09.17 11:41:31.590,0.8907,0.89085,6.60,3.20
2009.09.17 11:41:31.940,0.8907,0.89085,6.60,8.00
2009.09.17 11:41:32.330,0.8907,0.89085,6.60,8.50
2009.09.17 11:41:32.630,0.8907,0.8908,4.20,2.40
2009.09.17 11:41:32.910,0.89065,0.8908,7.40,6.40
2009.09.17 11:41:33.659,0.89065,0.89075,6.60,2.40
2009.09.17 11:41:34.799,0.89065,0.89075,10.60,2.40
2009.09.17 11:41:35.159,0.89065,0.8908,11.20,6.40
2009.09.17 11:41:35.509,0.89065,0.89075,6.60,2.40
2009.09.17 11:41:36.709,0.89065,0.8908,7.40,10.10
2009.09.17 11:41:37.059,0.89065,0.8908,7.60,6.90
2009.09.17 11:41:37.389,0.89065,0.89075,3.40,2.40
2009.09.17 11:41:37.769,0.89065,0.89075,6.60,2.40
2009.09.17 11:41:40.178,0.89065,0.89075,4.20,2.40
2009.09.17 11:41:40.468,0.8906,0.89075,21.00,2.40
2009.09.17 11:41:40.698,0.8906,0.89075,20.60,2.40
2009.09.17 11:41:40.928,0.8906,0.89075,16.40,2.40
2009.09.17 11:41:41.268,0.89065,0.89075,6.60,2.40
2009.09.17 11:41:41.617,0.89065,0.89075,3.40,2.40
2009.09.17 11:41:42.323,0.89065,0.89075,4.20,2.40
2009.09.17 11:41:42.377,0.8907,0.8908,2.40,7.70
2009.09.17 11:41:42.437,0.8907,0.8908,3.40,4.00
2009.09.17 11:41:43.937,0.8907,0.8908,4.40,4.00
2009.09.17 11:41:44.287,0.8907,0.8908,7.60,4.00
2009.09.17 11:41:44.567,0.8907,0.89085,7.60,11.70
2009.09.17 11:41:44.897,0.8907,0.89085,6.80,12.50
2009.09.17 11:41:45.177,0.8907,0.8908,6.60,4.00
2009.09.17 11:41:45.467,0.8907,0.89075,4.20,4.00
2009.09.17 11:41:45.796,0.8906,0.89075,11.60,4.00
2009.09.17 11:41:46.136,0.89065,0.89075,6.60,8.00
2009.09.17 11:41:46.526,0.8906,0.89075,10.80,8.00
2009.09.17 11:41:46.876,0.8906,0.89075,10.80,4.00
2009.09.17 11:41:47.176,0.89065,0.89075,4.20,8.80
2009.09.17 11:41:47.866,0.89065,0.89075,3.40,6.40
2009.09.17 11:41:48.036,0.89065,0.89075,3.40,2.40
2009.09.17 11:41:48.216,0.89065,0.8908,4.20,11.30
2009.09.17 11:41:48.336,0.89065,0.8908,10.60,6.40
2009.09.17 11:41:48.566,0.8907,0.8908,3.40,6.40
2009.09.17 11:41:49.416,0.8907,0.8908,3.40,4.00
2009.09.17 11:41:49.576,0.8907,0.8908,3.60,4.00
2009.09.17 11:41:49.976,0.8907,0.8908,6.80,4.00
2009.09.17 11:41:50.625,0.8907,0.8908,7.20,4.00
2009.09.17 11:41:51.025,0.8907,0.8908,3.40,4.00
2009.09.17 11:41:51.325,0.8907,0.89085,3.40,15.50
2009.09.17 11:41:51.675,0.8907,0.8908,3.40,4.00
2009.09.17 11:41:59.223,0.8907,0.8908,7.40,4.00
2009.09.17 11:41:59.333,0.8907,0.8908,10.80,4.00
2009.09.17 11:41:59.393,0.8907,0.89085,11.20,8.00
2009.09.17 11:42:00.493,0.8907,0.89085,10.80,8.00
2009.09.17 11:42:01.183,0.8907,0.89085,7.60,8.00
2009.09.17 11:42:01.523,0.8907,0.89085,7.60,8.50
2009.09.17 11:42:03.312,0.8907,0.89085,10.80,8.50
2009.09.17 11:42:03.662,0.8907,0.89085,10.80,4.00
2009.09.17 11:42:04.012,0.89075,0.8909,7.40,6.10
2009.09.17 11:42:04.122,0.89075,0.8909,7.40,2.40
2009.09.17 11:42:04.402,0.89075,0.8909,6.60,3.20
2009.09.17 11:42:05.222,0.89075,0.8909,7.60,2.40
2009.09.17 11:42:05.922,0.89075,0.8909,7.40,2.40
2009.09.17 11:42:06.262,0.89075,0.89085,4.20,2.40
2009.09.17 11:42:06.602,0.89075,0.8909,7.40,2.40
2009.09.17 11:42:06.892,0.89075,0.8909,6.60,3.20
2009.09.17 11:42:08.961,0.89075,0.8909,6.80,3.20
2009.09.17 11:42:10.950,0.89075,0.8909,6.60,3.20
2009.09.17 11:42:11.230,0.89075,0.8909,6.60,7.70
2009.09.17 11:42:12.630,0.89075,0.8909,6.60,7.90
2009.09.17 11:42:12.990,0.89075,0.8909,6.60,3.90
2009.09.17 11:42:13.730,0.89075,0.8909,6.80,3.70
2009.09.17 11:42:14.810,0.89075,0.8909,3.60,5.30
2009.09.17 11:42:15.160,0.89075,0.8909,7.40,2.40
2009.09.17 11:42:15.549,0.89075,0.89085,6.60,2.40
2009.09.17 11:42:16.459,0.89075,0.89085,4.20,2.40
2009.09.17 11:42:16.789,0.89075,0.89085,1.00,2.40
2009.09.17 11:42:17.089,0.89075,0.89085,1.80,2.40
2009.09.17 11:42:17.429,0.89075,0.8909,4.20,2.80
2009.09.17 11:42:17.549,0.89075,0.8909,7.40,2.40
2009.09.17 11:42:17.609,0.89075,0.89085,6.60,2.40
2009.09.17 11:42:20.538,0.8908,0.89095,3.40,25.20
2009.09.17 11:42:20.878,0.8908,0.89095,6.60,16.10
2009.09.17 11:42:21.218,0.8908,0.8909,1.00,3.20
2009.09.17 11:42:22.578,0.8908,0.89085,1.00,2.40
2009.09.17 11:42:23.268,0.89075,0.8909,6.60,6.90
2009.09.17 11:42:23.438,0.8907,0.89085,19.90,2.40
2009.09.17 11:42:23.497,0.8907,0.89085,19.40,2.40
2009.09.17 11:42:23.737,0.8907,0.89085,15.40,2.40
2009.09.17 11:42:23.848,0.8907,0.89085,14.60,2.40
2009.09.17 11:42:24.088,0.89075,0.89085,6.60,2.40
2009.09.17 11:42:24.507,0.89075,0.8909,6.60,8.00
2009.09.17 11:42:24.727,0.89075,0.8909,6.60,3.20
2009.09.17 11:42:25.307,0.89075,0.8909,3.40,9.00
2009.09.17 11:42:25.667,0.89075,0.8909,11.40,2.40
2009.09.17 11:42:25.967,0.89075,0.8909,7.40,2.40
2009.09.17 11:42:26.317,0.89075,0.8909,11.40,2.40
2009.09.17 11:42:29.236,0.89075,0.8909,10.60,3.20
2009.09.17 11:42:30.156,0.89075,0.8909,11.40,2.40
2009.09.17 11:42:30.606,0.8908,0.8909,3.20,2.40
2009.09.17 11:42:30.726,0.8908,0.8909,6.60,2.40
2009.09.17 11:42:32.345,0.8908,0.8909,4.20,2.40
2009.09.17 11:42:32.745,0.8908,0.8909,2.40,2.40
2009.09.17 11:42:32.975,0.8908,0.8909,5.00,2.40
2009.09.17 11:42:33.155,0.8908,0.89095,2.40,12.20
2009.09.17 11:42:33.435,0.89085,0.89095,3.20,2.80
2009.09.17 11:42:33.655,0.89085,0.891,6.60,12.10
2009.09.17 11:42:33.885,0.89085,0.891,6.60,11.70
2009.09.17 11:42:37.074,0.8908,0.89095,10.60,7.70
2009.09.17 11:42:37.134,0.8908,0.89095,14.60,7.70
2009.09.17 11:42:37.254,0.8908,0.89095,14.60,8.50
2009.09.17 11:42:37.494,0.8908,0.89095,10.60,11.70
2009.09.17 11:42:37.614,0.8908,0.89095,7.40,11.70
2009.09.17 11:42:37.724,0.8908,0.8909,5.00,6.40
2009.09.17 11:42:37.834,0.8908,0.8909,4.80,6.40
2009.09.17 11:42:38.174,0.8908,0.8909,4.00,2.40
2009.09.17 11:42:38.464,0.8908,0.8909,9.20,2.40
2009.09.17 11:42:38.744,0.89085,0.89095,6.60,4.00
2009.09.17 11:42:39.024,0.89085,0.891,6.60,10.90
2009.09.17 11:42:40.663,0.89085,0.891,6.60,12.50
2009.09.17 11:42:41.003,0.89085,0.891,6.60,11.30
2009.09.17 11:42:41.353,0.89085,0.891,3.40,10.90
2009.09.17 11:42:50.831,0.89085,0.891,7.40,14.10
2009.09.17 11:42:51.181,0.89085,0.89095,1.80,6.40
2009.09.17 11:42:51.861,0.89085,0.89095,1.00,6.40
2009.09.17 11:42:59.729,0.89085,0.891,6.60,15.10
2009.09.17 11:43:00.379,0.89085,0.89095,4.20,2.40
2009.09.17 11:43:00.679,0.89085,0.89095,1.00,2.40
2009.09.17 11:43:02.768,0.89085,0.891,6.60,14.90
2009.09.17 11:43:02.988,0.89085,0.891,6.60,11.70
2009.09.17 11:43:06.337,0.8909,0.891,2.40,4.80
2009.09.17 11:43:06.617,0.8909,0.891,2.40,1.00
2009.09.17 11:43:06.957,0.89085,0.89095,6.60,2.40
2009.09.17 11:43:15.375,0.89085,0.89095,11.80,2.40
2009.09.17 11:43:15.705,0.89095,0.89105,2.40,12.90
2009.09.17 11:43:16.095,0.89085,0.891,14.40,2.40
2009.09.17 11:43:16.315,0.89085,0.891,13.20,6.40
2009.09.17 11:43:17.684,0.89085,0.891,10.00,6.40
2009.09.17 11:43:18.034,0.89085,0.891,9.20,7.20
2009.09.17 11:43:19.225,0.89085,0.891,18.80,6.40
2009.09.17 11:43:19.394,0.89095,0.89105,2.40,10.90
2009.09.17 11:43:19.614,0.89095,0.89105,2.40,6.10
2009.09.17 11:43:20.184,0.89095,0.89105,2.40,10.10
2009.09.17 11:43:21.004,0.89095,0.89105,2.40,6.40
2009.09.17 11:43:21.244,0.89095,0.89105,2.40,7.20
2009.09.17 11:43:21.634,0.89095,0.89105,2.40,6.90
2009.09.17 11:43:21.984,0.89095,0.89105,2.40,10.90
2009.09.17 11:43:23.283,0.89095,0.89105,2.40,10.10
2009.09.17 11:43:24.833,0.89095,0.89105,2.40,6.40
2009.09.17 11:43:25.183,0.89095,0.89105,3.40,6.40
2009.09.17 11:43:25.643,0.89095,0.89105,4.20,6.40
2009.09.17 11:43:27.422,0.891,0.89105,2.40,4.00
2009.09.17 11:43:27.772,0.891,0.89115,4.20,15.90
2009.09.17 11:43:27.882,0.891,0.89115,4.20,12.30
2009.09.17 11:43:28.632,0.891,0.89115,6.60,13.10
2009.09.17 11:43:28.922,0.891,0.89115,4.40,12.30
2009.09.17 11:43:29.242,0.891,0.89115,3.60,13.10
2009.09.17 11:43:29.572,0.891,0.8911,3.60,2.40
2009.09.17 11:43:29.912,0.891,0.8911,3.40,2.40
2009.09.17 11:43:36.880,0.89105,0.89115,2.40,11.50
2009.09.17 11:43:37.100,0.89105,0.89115,2.40,6.70
2009.09.17 11:43:37.160,0.891,0.89115,4.20,6.70
2009.09.17 11:43:37.280,0.891,0.8911,3.40,6.00
2009.09.17 11:43:37.340,0.89095,0.89105,11.40,2.40
2009.09.17 11:43:37.460,0.89095,0.89105,7.40,4.00
2009.09.17 11:43:37.639,0.89095,0.89105,10.60,1.60
2009.09.17 11:43:38.100,0.89095,0.8911,7.40,8.50
2009.09.17 11:43:38.210,0.89095,0.8911,7.40,3.70
2009.09.17 11:43:38.379,0.89095,0.8911,11.40,3.70
2009.09.17 11:43:38.609,0.89095,0.8911,10.60,3.20
2009.09.17 11:43:38.779,0.89095,0.8911,6.60,3.20
2009.09.17 11:43:38.889,0.89095,0.8911,6.60,4.00
2009.09.17 11:43:39.009,0.89095,0.89105,6.60,2.40
2009.09.17 11:43:39.399,0.89095,0.89105,6.60,3.20
2009.09.17 11:43:39.689,0.89095,0.891,1.00,2.40
2009.09.17 11:43:39.979,0.89085,0.891,26.70,2.40
2009.09.17 11:43:40.219,0.89085,0.891,26.10,2.40
2009.09.17 11:43:40.919,0.89085,0.89095,18.90,2.40
2009.09.17 11:43:41.269,0.89085,0.89095,16.50,2.40
2009.09.17 11:43:43.458,0.8909,0.89095,1.00,2.40
2009.09.17 11:43:43.728,0.8909,0.891,2.00,2.40
2009.09.17 11:43:43.848,0.8909,0.891,1.80,2.40
2009.09.17 11:43:43.958,0.8909,0.891,1.00,2.40
2009.09.17 11:43:44.528,0.8909,0.891,1.80,2.40
2009.09.17 11:43:46.527,0.8909,0.891,1.00,2.40
2009.09.17 11:43:47.257,0.8909,0.89105,6.60,5.60
2009.09.17 11:43:47.478,0.89095,0.89105,1.00,6.40
2009.09.17 11:43:47.647,0.89095,0.89105,1.00,10.80
2009.09.17 11:43:47.997,0.89095,0.89105,1.00,11.60
2009.09.17 11:43:48.337,0.89085,0.891,22.30,2.40
2009.09.17 11:43:50.246,0.8909,0.89105,7.40,12.40
2009.09.17 11:43:50.467,0.8909,0.89105,7.40,3.20
2009.09.17 11:43:50.687,0.8909,0.891,6.60,2.40
2009.09.17 11:43:51.036,0.89085,0.891,22.70,2.40
2009.09.17 11:43:51.386,0.8909,0.891,4.20,2.40
2009.09.17 11:43:51.736,0.89085,0.891,22.30,2.40
2009.09.17 11:43:53.136,0.8909,0.891,1.00,2.40
2009.09.17 11:43:53.426,0.89085,0.891,26.70,2.40
2009.09.17 11:43:54.455,0.8909,0.891,1.00,2.40
2009.09.17 11:43:56.275,0.891,0.89105,1.00,1.00
2009.09.17 11:43:56.615,0.8911,0.89115,2.40,1.00
2009.09.17 11:44:01.584,0.8911,0.8912,2.40,6.10
2009.09.17 11:44:02.224,0.8911,0.8912,2.40,2.90
2009.09.17 11:44:03.324,0.8911,0.8912,2.40,2.40
2009.09.17 11:44:04.713,0.8911,0.8912,2.40,5.60
2009.09.17 11:44:04.823,0.8911,0.8912,2.40,6.10
2009.09.17 11:44:10.312,0.89105,0.8912,14.00,7.70
2009.09.17 11:44:10.602,0.89105,0.8912,9.80,7.70
2009.09.17 11:44:11.591,0.89105,0.8912,13.20,7.70
2009.09.17 11:44:12.451,0.89105,0.8912,17.20,7.70
2009.09.17 11:44:12.731,0.8911,0.8912,2.40,2.40
2009.09.17 11:44:13.081,0.8911,0.8912,2.40,2.90
2009.09.17 11:44:13.411,0.8911,0.8912,2.40,6.10
2009.09.17 11:44:15.421,0.8911,0.8912,2.40,2.90
2009.09.17 11:44:16.400,0.8911,0.8912,3.40,2.40
2009.09.17 11:44:16.970,0.8911,0.8912,4.20,2.40
2009.09.17 11:44:17.440,0.8911,0.8912,3.40,2.40
2009.09.17 11:44:24.289,0.8911,0.8912,2.40,2.40
2009.09.17 11:44:24.409,0.8911,0.8912,2.40,6.10
2009.09.17 11:44:27.347,0.8911,0.8912,2.40,6.90
2009.09.17 11:44:28.018,0.89105,0.89115,2.40,2.40
2009.09.17 11:44:28.237,0.891,0.89115,7.40,6.90
2009.09.17 11:44:28.457,0.891,0.89115,3.40,7.10
2009.09.17 11:44:28.677,0.891,0.89115,2.40,9.30
2009.09.17 11:44:28.907,0.89095,0.8911,19.40,6.90
2009.09.17 11:44:29.198,0.89095,0.8911,11.40,6.90
2009.09.17 11:44:29.557,0.89095,0.8911,6.60,6.90
2009.09.17 11:44:29.837,0.89095,0.89105,6.60,2.40
2009.09.17 11:44:36.155,0.89095,0.8911,6.60,6.90
2009.09.17 11:44:37.085,0.89095,0.8911,7.40,6.10
2009.09.17 11:44:37.425,0.891,0.8911,2.40,7.70
2009.09.17 11:44:38.335,0.891,0.89105,2.40,1.60
2009.09.17 11:44:38.615,0.891,0.8911,2.40,7.70
2009.09.17 11:44:42.364,0.89105,0.8911,2.40,1.60
2009.09.17 11:44:42.664,0.891,0.89115,3.20,7.70
2009.09.17 11:44:42.834,0.891,0.89115,2.40,8.50
2009.09.17 11:44:42.944,0.891,0.8911,2.40,1.60
2009.09.17 11:44:43.244,0.891,0.8911,2.40,5.30
2009.09.17 11:44:45.823,0.891,0.89115,3.20,7.70
2009.09.17 11:44:46.863,0.891,0.89115,3.20,7.90
2009.09.17 11:44:47.563,0.891,0.89115,2.40,8.70
2009.09.17 11:44:47.623,0.891,0.8911,2.40,1.00
2009.09.17 11:44:47.923,0.891,0.89115,2.40,11.90
2009.09.17 11:44:48.093,0.891,0.89115,2.40,9.50
2009.09.17 11:44:48.903,0.891,0.8911,2.40,8.50
2009.09.17 11:44:49.942,0.891,0.8911,3.40,4.00
2009.09.17 11:44:50.332,0.89105,0.89115,2.40,4.50
2009.09.17 11:44:50.682,0.89105,0.89115,6.60,4.00
2009.09.17 11:44:52.402,0.89105,0.89115,6.60,1.60
2009.09.17 11:44:54.231,0.89105,0.89115,7.40,1.60
2009.09.17 11:44:54.291,0.89105,0.89115,7.60,1.60
2009.09.17 11:44:54.861,0.89105,0.89115,7.60,4.00
2009.09.17 11:44:54.981,0.89105,0.89115,3.60,4.00
2009.09.17 11:44:55.041,0.89105,0.89115,2.40,4.00
2009.09.17 11:44:55.091,0.891,0.89115,21.60,4.00
2009.09.17 11:44:55.151,0.89105,0.89115,2.40,4.00
2009.09.17 11:44:55.261,0.89105,0.89115,6.60,4.10
2009.09.17 11:44:55.661,0.89105,0.89115,6.60,4.00
2009.09.17 11:45:03.379,0.89105,0.89115,4.20,4.00
2009.09.17 11:45:03.659,0.891,0.89115,11.60,4.50
2009.09.17 11:45:03.939,0.891,0.8911,11.60,1.60
2009.09.17 11:45:04.289,0.89105,0.89115,1.00,4.50
2009.09.17 11:45:04.639,0.891,0.8911,11.60,1.60
2009.09.17 11:45:04.979,0.89105,0.8911,3.60,1.60
2009.09.17 11:45:05.268,0.89105,0.89115,3.60,1.60
2009.09.17 11:45:06.558,0.89105,0.89115,6.80,1.60
2009.09.17 11:45:07.538,0.89105,0.8911,6.80,1.60
2009.09.17 11:45:07.648,0.89105,0.89115,6.80,1.60
2009.09.17 11:45:07.808,0.89105,0.8911,4.20,2.40
2009.09.17 11:45:07.918,0.891,0.89115,3.40,8.80
2009.09.17 11:45:08.138,0.891,0.89115,3.40,10.90
2009.09.17 11:45:08.358,0.891,0.8911,3.40,2.40
2009.09.17 11:45:08.588,0.891,0.89115,6.60,6.90
2009.09.17 11:45:08.998,0.891,0.89115,7.40,6.10
2009.09.17 11:45:09.348,0.89105,0.89115,2.40,6.10
2009.09.17 11:45:10.098,0.891,0.89115,3.40,10.90
2009.09.17 11:45:10.457,0.891,0.89115,3.40,6.90
2009.09.17 11:45:11.127,0.891,0.89115,6.60,6.90
2009.09.17 11:45:14.846,0.891,0.89115,6.60,6.40
2009.09.17 11:45:15.026,0.891,0.89115,6.60,3.20
2009.09.17 11:45:16.396,0.891,0.89115,6.60,6.40
2009.09.17 11:45:16.736,0.891,0.89115,6.60,6.90
2009.09.17 11:45:17.796,0.891,0.89115,5.60,7.70
2009.09.17 11:45:17.916,0.89095,0.8911,16.20,2.50
2009.09.17 11:45:17.976,0.89095,0.8911,14.60,2.50
2009.09.17 11:45:18.096,0.891,0.8911,2.40,1.00
2009.09.17 11:45:18.205,0.891,0.89115,2.40,7.90
2009.09.17 11:45:18.255,0.891,0.89115,2.40,7.10
2009.09.17 11:45:18.315,0.891,0.89115,3.40,7.10
2009.09.17 11:45:18.486,0.891,0.8911,1.00,2.40
2009.09.17 11:45:18.666,0.89095,0.8911,10.80,2.40
2009.09.17 11:45:19.125,0.89095,0.8911,10.60,2.50
2009.09.17 11:45:19.515,0.89095,0.8911,8.20,2.50
2009.09.17 11:45:21.035,0.89095,0.8911,16.60,2.40
2009.09.17 11:45:21.265,0.891,0.8911,3.40,2.40
2009.09.17 11:45:23.524,0.891,0.89115,7.40,6.10
2009.09.17 11:45:24.154,0.891,0.89115,14.60,2.40
2009.09.17 11:45:24.494,0.89105,0.89115,2.40,2.40
2009.09.17 11:45:27.613,0.89105,0.89115,2.40,2.90
2009.09.17 11:45:27.783,0.89105,0.89115,2.40,6.10
2009.09.17 11:45:31.262,0.89105,0.89115,2.40,2.90
2009.09.17 11:45:35.781,0.891,0.89115,11.40,2.90
2009.09.17 11:45:36.001,0.891,0.89115,7.20,6.10
2009.09.17 11:45:36.342,0.891,0.89115,8.20,6.30
2009.09.17 11:45:36.681,0.891,0.89115,11.40,6.30
2009.09.17 11:45:41.470,0.89105,0.89115,5.20,6.30
2009.09.17 11:45:41.690,0.89105,0.8912,5.50,10.90
2009.09.17 11:45:41.980,0.89105,0.89115,2.80,2.90
2009.09.17 11:45:42.090,0.891,0.89115,15.40,2.90
2009.09.17 11:45:42.269,0.891,0.89115,12.20,2.90
2009.09.17 11:45:42.380,0.891,0.89115,9.00,2.90
2009.09.17 11:45:42.559,0.891,0.89115,9.00,6.10
2009.09.17 11:45:43.719,0.891,0.89115,9.00,6.30
2009.09.17 11:45:43.949,0.891,0.89115,8.20,6.30
2009.09.17 11:45:46.149,0.891,0.89115,2.40,10.30
2009.09.17 11:45:46.489,0.891,0.8911,2.40,6.90
2009.09.17 11:45:50.008,0.89095,0.89105,1.00,3.20
2009.09.17 11:45:50.368,0.8909,0.89105,11.00,6.10
2009.09.17 11:45:50.698,0.8909,0.89105,14.60,6.10
2009.09.17 11:45:50.988,0.89095,0.89105,4.10,2.40
2009.09.17 11:45:51.328,0.89095,0.89105,1.00,2.90
2009.09.17 11:45:52.647,0.89095,0.89105,1.00,3.10
2009.09.17 11:45:53.237,0.89095,0.89105,1.00,6.30
2009.09.17 11:45:55.496,0.89095,0.89105,1.00,5.70
2009.09.17 11:45:55.836,0.891,0.8911,3.20,11.60
2009.09.17 11:45:56.246,0.89105,0.89115,3.20,7.30
2009.09.17 11:45:56.576,0.89105,0.8912,7.40,4.00
2009.09.17 11:45:56.926,0.8911,0.8912,1.00,3.60
2009.09.17 11:45:57.266,0.8911,0.8912,1.00,2.40
2009.09.17 11:46:02.535,0.8911,0.8912,1.00,3.20
2009.09.17 11:46:02.765,0.89105,0.8912,7.30,3.20
2009.09.17 11:46:04.184,0.89105,0.8912,10.50,3.20
2009.09.17 11:46:07.793,0.89105,0.8912,11.30,2.40
2009.09.17 11:46:07.913,0.89105,0.8912,14.70,2.40
2009.09.17 11:46:08.033,0.8911,0.8912,1.00,2.40
2009.09.17 11:46:08.553,0.8911,0.8912,1.00,2.40
2009.09.17 11:46:08.663,0.8911,0.8912,1.00,2.90
2009.09.17 11:46:11.033,0.8911,0.89115,1.00,2.40
2009.09.17 11:46:11.373,0.891,0.89115,12.10,2.50
2009.09.17 11:46:11.722,0.89105,0.89115,1.00,2.50
2009.09.17 11:46:12.732,0.89105,0.8912,6.80,10.90
2009.09.17 11:46:13.072,0.89105,0.89115,4.10,2.40
2009.09.17 11:46:16.212,0.89105,0.89115,1.70,3.20
2009.09.17 11:46:16.492,0.89105,0.89115,1.00,8.40
2009.09.17 11:46:16.782,0.89105,0.89115,1.00,9.20
2009.09.17 11:46:17.021,0.891,0.8911,7.30,2.40
2009.09.17 11:46:17.382,0.891,0.8911,4.10,2.40
2009.09.17 11:46:19.211,0.891,0.8911,1.00,2.40
2009.09.17 11:46:20.690,0.891,0.8911,1.00,2.50
2009.09.17 11:46:24.280,0.891,0.8911,1.00,3.30
2009.09.17 11:46:24.550,0.891,0.89105,1.00,2.40
2009.09.17 11:46:25.599,0.89095,0.89105,3.40,2.40
2009.09.17 11:46:25.939,0.891,0.89105,1.00,2.40
2009.09.17 11:46:26.339,0.89095,0.89105,3.40,2.40
2009.09.17 11:46:27.279,0.891,0.89105,1.00,2.40
2009.09.17 11:46:27.919,0.89095,0.89105,3.40,2.40
2009.09.17 11:46:28.099,0.89095,0.8911,9.00,10.50
2009.09.17 11:46:28.218,0.89095,0.89105,9.00,2.50
2009.09.17 11:46:28.388,0.891,0.89105,1.00,2.40
2009.09.17 11:46:30.168,0.891,0.8911,1.00,7.90
2009.09.17 11:46:30.518,0.891,0.8911,1.00,3.90
2009.09.17 11:46:30.688,0.89095,0.8911,9.70,3.90
2009.09.17 11:46:30.868,0.891,0.8911,1.00,3.90
2009.09.17 11:46:31.048,0.89095,0.8911,9.00,3.90
2009.09.17 11:46:31.408,0.891,0.8911,1.00,3.90
2009.09.17 11:46:34.547,0.891,0.8911,1.00,3.10
2009.09.17 11:46:34.827,0.89095,0.8911,9.80,3.10
2009.09.17 11:46:35.057,0.891,0.8911,1.00,3.10
2009.09.17 11:46:35.287,0.89095,0.8911,9.80,2.50
2009.09.17 11:46:35.967,0.891,0.8911,1.00,2.50
2009.09.17 11:46:37.716,0.89095,0.8911,9.80,2.50
2009.09.17 11:46:38.246,0.891,0.8911,1.00,2.50
2009.09.17 11:46:38.576,0.89095,0.8911,9.80,2.50
2009.09.17 11:46:39.496,0.89095,0.8911,9.00,3.30
2009.09.17 11:46:39.716,0.89095,0.8911,9.00,3.90
2009.09.17 11:46:39.896,0.89095,0.8911,7.40,3.90
2009.09.17 11:46:40.066,0.891,0.8911,2.40,1.00
2009.09.17 11:46:40.236,0.891,0.8911,3.10,1.00
2009.09.17 11:46:41.136,0.891,0.89115,5.20,13.50
2009.09.17 11:46:41.485,0.891,0.89115,3.70,10.30
2009.09.17 11:46:41.825,0.891,0.89115,2.40,7.10
2009.09.17 11:46:43.555,0.891,0.89115,3.10,7.10
2009.09.17 11:46:43.895,0.891,0.89115,2.40,7.10
2009.09.17 11:46:46.344,0.891,0.8911,3.20,6.10
2009.09.17 11:46:46.684,0.891,0.89115,2.40,13.30
2009.09.17 11:46:47.094,0.891,0.89115,2.40,7.90
2009.09.17 11:46:47.434,0.891,0.8911,2.40,2.90
2009.09.17 11:46:47.784,0.89095,0.8911,10.00,6.10
2009.09.17 11:46:48.064,0.89095,0.8911,18.00,6.90
2009.09.17 11:46:48.414,0.89095,0.89105,2.40,2.40
2009.09.17 11:46:48.704,0.8909,0.89105,14.00,2.40
2009.09.17 11:46:49.064,0.8909,0.89105,9.60,2.50
2009.09.17 11:46:49.403,0.8909,0.89105,7.40,2.50
2009.09.17 11:46:51.013,0.8909,0.89105,7.40,2.40
2009.09.17 11:46:51.073,0.8909,0.89105,8.20,2.40
2009.09.17 11:46:51.183,0.8909,0.89105,8.20,2.50
2009.09.17 11:46:51.293,0.8909,0.89105,9.60,2.50
2009.09.17 11:46:51.353,0.8909,0.89105,14.80,2.50
2009.09.17 11:46:51.473,0.8909,0.89105,15.20,2.50
2009.09.17 11:46:52.463,0.8909,0.89105,15.20,2.40
2009.09.17 11:46:53.453,0.8909,0.89105,15.20,2.50
2009.09.17 11:46:53.752,0.8909,0.89105,15.20,2.40
2009.09.17 11:46:54.732,0.8909,0.89105,10.00,2.50
2009.09.17 11:46:55.364,0.8909,0.89105,8.80,7.10
2009.09.17 11:46:55.722,0.8909,0.89105,9.60,6.30
2009.09.17 11:46:56.062,0.8909,0.89105,8.80,7.10
2009.09.17 11:46:56.182,0.8909,0.891,5.60,2.40
2009.09.17 11:46:56.352,0.8909,0.891,3.40,2.40
2009.09.17 11:47:03.450,0.8909,0.89105,3.40,6.90
2009.09.17 11:47:04.080,0.8909,0.89105,3.40,7.10
2009.09.17 11:47:04.260,0.8909,0.89105,3.40,6.90
2009.09.17 11:47:05.070,0.8909,0.89105,3.40,7.10
2009.09.17 11:47:05.360,0.8909,0.89105,3.40,6.90
2009.09.17 11:47:06.879,0.8909,0.891,3.40,2.40
2009.09.17 11:47:09.489,0.8909,0.891,4.20,2.40
2009.09.17 11:47:09.609,0.8909,0.891,9.40,2.40
2009.09.17 11:47:09.719,0.8909,0.89105,9.40,4.50
2009.09.17 11:47:09.779,0.8909,0.89105,13.00,3.70
2009.09.17 11:47:10.299,0.8909,0.89105,6.90,4.50
2009.09.17 11:47:10.648,0.8909,0.89105,9.80,6.10
2009.09.17 11:47:10.988,0.8909,0.89105,9.80,6.30
2009.09.17 11:47:11.328,0.8909,0.89105,7.40,6.30
2009.09.17 11:47:11.678,0.89095,0.89105,2.40,2.40
2009.09.17 11:47:12.078,0.8909,0.89105,9.80,6.30
2009.09.17 11:47:12.428,0.8909,0.89105,10.00,6.30
2009.09.17 11:47:12.758,0.8909,0.891,6.00,2.40
2009.09.17 11:47:13.098,0.8909,0.89105,4.20,6.30
2009.09.17 11:47:13.778,0.89095,0.8911,4.00,12.30
2009.09.17 11:47:14.127,0.8909,0.891,10.40,2.40
2009.09.17 11:47:14.477,0.8909,0.891,10.00,2.40
2009.09.17 11:47:14.648,0.8909,0.891,2.50,2.50
2009.09.17 11:47:14.768,0.8909,0.891,5.60,1.00
2009.09.17 11:47:14.938,0.8909,0.89105,5.60,10.30
2009.09.17 11:47:15.267,0.8909,0.89105,4.90,10.30
2009.09.17 11:47:15.437,0.8909,0.89105,4.10,10.30
2009.09.17 11:47:15.897,0.8909,0.891,9.10,1.30
2009.09.17 11:47:16.237,0.8909,0.891,1.00,5.60
2009.09.17 11:47:16.637,0.89085,0.891,14.00,2.40
2009.09.17 11:47:16.977,0.89085,0.89095,10.00,2.40
2009.09.17 11:47:17.327,0.89085,0.89095,2.40,2.40
2009.09.17 11:47:17.677,0.89085,0.89095,2.40,2.90
2009.09.17 11:47:18.897,0.8909,0.891,2.40,11.10
2009.09.17 11:47:19.126,0.89085,0.89095,2.40,2.90
2009.09.17 11:47:19.366,0.89085,0.89095,1.00,2.90
2009.09.17 11:47:19.756,0.8908,0.89095,13.80,2.90
2009.09.17 11:47:20.856,0.8908,0.8909,7.40,2.40
2009.09.17 11:47:21.496,0.8908,0.89095,10.60,6.30
2009.09.17 11:47:21.846,0.8908,0.89095,7.40,6.30
2009.09.17 11:47:22.136,0.8908,0.8909,3.40,2.50
2009.09.17 11:47:22.486,0.89075,0.8909,16.60,3.10
2009.09.17 11:47:22.826,0.89075,0.8909,13.80,7.10
2009.09.17 11:47:23.175,0.89075,0.8909,9.80,7.10
2009.09.17 11:47:24.605,0.89075,0.8909,9.60,7.10
2009.09.17 11:47:24.885,0.89075,0.8909,13.70,2.90
2009.09.17 11:47:25.165,0.8908,0.89095,3.40,13.90
2009.09.17 11:47:25.455,0.8908,0.89095,3.40,11.90
2009.09.17 11:47:25.795,0.8908,0.89095,3.40,7.10
2009.09.17 11:47:26.135,0.8908,0.89095,2.40,7.10
2009.09.17 11:47:26.475,0.8908,0.8909,2.40,1.00
2009.09.17 11:47:26.874,0.89075,0.8909,14.40,2.90
2009.09.17 11:47:27.285,0.89075,0.8909,3.40,7.50
2009.09.17 11:47:27.634,0.89075,0.89085,1.00,2.40
2009.09.17 11:47:27.804,0.89075,0.8909,4.20,10.70
2009.09.17 11:47:27.984,0.89075,0.8909,4.20,10.10
2009.09.17 11:47:28.544,0.89075,0.8909,4.20,6.10
2009.09.17 11:47:28.774,0.89075,0.8909,7.40,6.10
2009.09.17 11:47:28.994,0.89075,0.8909,17.80,6.10
2009.09.17 11:47:29.214,0.8908,0.8909,2.40,3.70
2009.09.17 11:47:29.454,0.8908,0.8909,2.40,1.00
2009.09.17 11:47:31.913,0.8908,0.89095,2.40,7.10
2009.09.17 11:47:32.303,0.8908,0.89095,3.40,7.10
2009.09.17 11:47:32.663,0.89085,0.89095,4.00,1.00
2009.09.17 11:47:33.003,0.8908,0.89095,10.00,6.90
2009.09.17 11:47:33.063,0.8908,0.89095,7.80,6.90
2009.09.17 11:47:33.183,0.8908,0.89095,7.40,6.90
2009.09.17 11:47:33.303,0.8908,0.89095,3.40,6.90
2009.09.17 11:47:33.993,0.8908,0.89095,3.40,7.10
2009.09.17 11:47:34.463,0.89085,0.89095,2.40,1.00
2009.09.17 11:47:34.633,0.89085,0.89095,4.00,1.00
2009.09.17 11:47:34.803,0.8908,0.89095,7.70,3.20
2009.09.17 11:47:34.982,0.8908,0.89095,7.50,6.90
2009.09.17 11:47:35.492,0.8908,0.89095,3.40,6.90
2009.09.17 11:47:35.543,0.8908,0.89095,6.60,3.70
2009.09.17 11:47:35.832,0.8908,0.89095,6.60,3.90
2009.09.17 11:47:36.212,0.8908,0.89095,7.40,2.50
2009.09.17 11:47:37.892,0.8909,0.891,2.40,10.90
2009.09.17 11:47:38.242,0.89085,0.89095,2.00,2.40
2009.09.17 11:47:38.582,0.89085,0.891,6.60,11.10
2009.09.17 11:47:38.922,0.89085,0.891,7.40,6.30
2009.09.17 11:47:39.961,0.89085,0.891,6.60,7.10
2009.09.17 11:47:40.181,0.8908,0.89095,13.80,2.50
2009.09.17 11:47:40.351,0.8908,0.89095,7.20,4.90
2009.09.17 11:47:40.581,0.8908,0.89095,6.60,4.90
2009.09.17 11:47:40.921,0.8908,0.89095,6.60,8.90
2009.09.17 11:47:41.281,0.8908,0.89095,7.40,2.50
2009.09.17 11:47:42.341,0.8908,0.89095,7.60,2.50
2009.09.17 11:47:42.681,0.8908,0.89095,7.40,2.50
2009.09.17 11:47:44.050,0.8908,0.89095,10.80,2.50
2009.09.17 11:47:46.210,0.8908,0.8909,6.50,5.20
2009.09.17 11:47:46.500,0.8908,0.89095,3.40,9.10
2009.09.17 11:47:46.780,0.8908,0.89095,3.20,11.50
2009.09.17 11:47:47.010,0.8908,0.89095,7.40,10.30
2009.09.17 11:47:47.240,0.8908,0.89095,6.60,7.10
2009.09.17 11:47:47.419,0.8908,0.89095,3.40,7.10
2009.09.17 11:47:47.649,0.8908,0.89095,3.40,11.10
2009.09.17 11:47:48.699,0.8908,0.89095,6.60,7.30
2009.09.17 11:47:49.569,0.89085,0.89095,1.00,7.30
2009.09.17 11:47:49.689,0.89085,0.89095,1.00,2.50
2009.09.17 11:47:50.649,0.89085,0.89095,1.00,3.30
2009.09.17 11:47:51.339,0.8908,0.89095,6.80,8.50
2009.09.17 11:47:51.688,0.8908,0.89095,6.80,14.10
2009.09.17 11:47:52.079,0.8908,0.89095,6.60,14.10
2009.09.17 11:47:52.418,0.8908,0.89095,3.40,14.10
2009.09.17 11:48:00.066,0.89095,0.891,2.40,1.00
2009.09.17 11:48:00.246,0.89095,0.89105,2.40,10.10
2009.09.17 11:48:00.347,0.89095,0.89105,2.40,4.50
2009.09.17 11:48:00.466,0.89095,0.89105,2.40,3.70
2009.09.17 11:48:00.816,0.89095,0.8911,2.40,13.80
2009.09.17 11:48:01.516,0.89095,0.8911,2.40,9.00
2009.09.17 11:48:02.896,0.8909,0.89095,3.20,2.40
2009.09.17 11:48:03.116,0.8909,0.891,2.40,5.60
2009.09.17 11:48:03.356,0.8909,0.891,4.20,4.00
2009.09.17 11:48:03.586,0.89095,0.89105,2.40,7.30
2009.09.17 11:48:03.815,0.89095,0.89105,2.40,2.90
2009.09.17 11:48:11.074,0.89095,0.89105,2.40,3.70
2009.09.17 11:48:21.641,0.89095,0.89105,2.40,2.90
2009.09.17 11:48:21.991,0.89095,0.89105,2.40,1.00
2009.09.17 11:48:23.331,0.89095,0.89105,2.40,1.30
2009.09.17 11:48:23.391,0.89095,0.89105,2.40,3.70
2009.09.17 11:48:32.429,0.8909,0.89105,3.40,6.90
2009.09.17 11:48:32.779,0.8909,0.89105,3.40,7.70
2009.09.17 11:48:33.128,0.8909,0.89105,4.20,6.10
2009.09.17 11:48:33.458,0.8909,0.89105,3.40,7.70
2009.09.17 11:48:33.808,0.8909,0.89105,3.40,7.90
2009.09.17 11:48:34.098,0.8909,0.89105,3.40,7.10
2009.09.17 11:48:34.388,0.8909,0.89105,7.40,6.10
2009.09.17 11:48:34.628,0.8909,0.89105,6.60,6.90
2009.09.17 11:48:35.158,0.8909,0.89105,3.40,11.70
2009.09.17 11:48:35.678,0.8909,0.89105,6.60,8.50
2009.09.17 11:48:35.968,0.8909,0.891,6.60,2.40
2009.09.17 11:48:36.198,0.8909,0.891,3.40,2.40
2009.09.17 11:48:36.438,0.89085,0.891,9.80,2.40
2009.09.17 11:48:36.958,0.89085,0.891,9.00,3.70
2009.09.17 11:48:37.178,0.89085,0.891,6.60,16.10
2009.09.17 11:48:37.578,0.89085,0.891,6.60,20.10
2009.09.17 11:48:37.877,0.89085,0.891,6.60,20.30
2009.09.17 11:48:38.917,0.89085,0.891,6.60,17.10
2009.09.17 11:48:39.137,0.89085,0.891,6.60,12.90
2009.09.17 11:48:39.897,0.89085,0.891,3.40,20.10
2009.09.17 11:48:40.237,0.89085,0.89095,1.00,2.40
2009.09.17 11:48:41.227,0.8908,0.89095,6.80,3.20
2009.09.17 11:48:42.946,0.8908,0.89095,7.60,2.40
2009.09.17 11:48:46.455,0.8908,0.89095,6.80,3.20
2009.09.17 11:48:46.866,0.8908,0.89095,7.40,2.40
2009.09.17 11:48:47.205,0.8908,0.89095,7.60,2.40
2009.09.17 11:48:47.565,0.8908,0.89095,7.40,2.40
2009.09.17 11:48:48.275,0.8908,0.89095,7.60,2.40
2009.09.17 11:48:48.745,0.8908,0.89095,6.80,3.20
2009.09.17 11:48:48.975,0.8908,0.89095,6.60,3.20
2009.09.17 11:48:50.465,0.8908,0.8909,3.40,2.40
2009.09.17 11:48:50.744,0.8908,0.89095,7.40,9.00
2009.09.17 11:48:50.974,0.8908,0.89095,6.60,3.90
2009.09.17 11:48:51.434,0.8908,0.89095,6.60,3.30
2009.09.17 11:48:51.774,0.8908,0.89095,6.80,3.30
2009.09.17 11:48:54.943,0.8908,0.8909,6.80,1.60
2009.09.17 11:48:55.003,0.8908,0.8909,6.80,4.00
2009.09.17 11:48:55.123,0.8908,0.8909,6.80,4.40
2009.09.17 11:48:55.183,0.8908,0.8909,6.80,2.80
2009.09.17 11:48:55.293,0.8908,0.8909,6.80,1.00
2009.09.17 11:48:55.343,0.8908,0.89095,6.80,5.50
2009.09.17 11:48:55.633,0.8908,0.89095,6.80,4.70
2009.09.17 11:48:57.523,0.8908,0.89095,6.80,3.90
2009.09.17 11:48:58.442,0.8908,0.89095,6.80,3.30
2009.09.17 11:49:02.821,0.89075,0.8909,5.20,16.80
2009.09.17 11:49:03.051,0.89075,0.89085,4.00,1.60
2009.09.17 11:49:03.281,0.89075,0.8909,11.40,6.40
2009.09.17 11:49:03.741,0.8908,0.8909,3.40,6.40
2009.09.17 11:49:03.851,0.8908,0.8909,3.40,2.40
2009.09.17 11:49:08.690,0.8908,0.8909,3.40,3.20
2009.09.17 11:49:08.750,0.8908,0.8909,3.40,8.40
2009.09.17 11:49:08.920,0.8908,0.89085,1.00,4.00
2009.09.17 11:49:09.040,0.89075,0.89085,7.20,4.00
2009.09.17 11:49:09.210,0.89075,0.89085,4.80,4.00
2009.09.17 11:49:09.500,0.89075,0.89085,1.00,4.00
2009.09.17 11:49:13.919,0.89075,0.89085,4.80,4.00
2009.09.17 11:49:20.577,0.8908,0.89095,6.60,4.10
2009.09.17 11:49:20.917,0.8908,0.8909,6.60,2.40
2009.09.17 11:49:29.915,0.8908,0.8909,3.40,2.40
2009.09.17 11:49:36.153,0.8908,0.8909,1.00,2.40
2009.09.17 11:49:36.483,0.89075,0.8909,18.60,2.40
2009.09.17 11:49:36.833,0.89075,0.8909,15.20,2.40
2009.09.17 11:49:37.183,0.89075,0.8909,12.00,4.00
2009.09.17 11:49:37.523,0.89075,0.8909,11.40,4.00
2009.09.17 11:49:38.303,0.89075,0.8909,10.60,4.80
2009.09.17 11:49:38.523,0.89075,0.8909,9.00,10.00
2009.09.17 11:49:38.703,0.89075,0.8909,9.00,14.50
2009.09.17 11:49:38.923,0.89075,0.8909,6.60,14.50
2009.09.17 11:49:42.052,0.89075,0.8909,6.60,14.00
2009.09.17 11:49:42.912,0.8908,0.8909,1.00,14.00
2009.09.17 11:49:43.132,0.8908,0.8909,1.00,10.00
2009.09.17 11:49:43.352,0.89075,0.8909,9.00,14.00
2009.09.17 11:49:43.521,0.89075,0.8909,6.60,14.00
2009.09.17 11:49:44.342,0.8908,0.8909,1.00,9.20
2009.09.17 11:49:44.451,0.8908,0.89095,7.40,10.80
2009.09.17 11:49:44.621,0.89085,0.89095,1.00,9.20
2009.09.17 11:49:44.731,0.89085,0.89095,1.00,8.00
2009.09.17 11:49:45.012,0.89085,0.89095,1.00,4.00
2009.09.17 11:49:45.601,0.89085,0.89095,1.00,8.00
2009.09.17 11:49:45.951,0.8908,0.89095,7.40,13.70
2009.09.17 11:49:46.301,0.8908,0.89095,7.40,8.50
2009.09.17 11:49:46.651,0.8908,0.89095,7.40,11.70
2009.09.17 11:49:47.741,0.89085,0.89095,1.00,11.70
2009.09.17 11:49:47.970,0.89085,0.891,5.00,18.50
2009.09.17 11:49:48.201,0.89085,0.89095,4.20,1.00
2009.09.17 11:49:48.440,0.89075,0.8909,14.30,9.20
2009.09.17 11:49:48.710,0.89075,0.89085,1.00,13.20
2009.09.17 11:49:49.043,0.8907,0.8908,1.00,2.40
2009.09.17 11:49:49.380,0.8907,0.8908,1.00,6.40
2009.09.17 11:49:50.080,0.89065,0.8908,12.80,6.40
2009.09.17 11:49:50.320,0.89065,0.8908,12.40,6.40
2009.09.17 11:49:50.550,0.89065,0.8908,11.60,6.40
2009.09.17 11:49:50.780,0.89065,0.8908,10.80,6.40
2009.09.17 11:49:51.010,0.89065,0.8908,10.80,2.40
2009.09.17 11:49:51.300,0.89065,0.8908,10.80,6.40
2009.09.17 11:49:51.760,0.89065,0.8908,7.60,6.40
2009.09.17 11:49:52.150,0.89065,0.8908,6.60,7.30
2009.09.17 11:49:52.500,0.89065,0.8908,9.00,7.30
2009.09.17 11:49:52.829,0.89065,0.8908,18.20,6.50
2009.09.17 11:49:53.049,0.8907,0.8908,3.40,2.40
2009.09.17 11:49:53.279,0.8907,0.89085,3.40,6.40
2009.09.17 11:49:53.509,0.8907,0.8908,7.60,2.40
2009.09.17 11:49:53.739,0.8907,0.89085,7.40,2.40
2009.09.17 11:49:54.269,0.8907,0.89085,6.60,3.20
2009.09.17 11:49:54.669,0.89075,0.89085,4.20,2.40
2009.09.17 11:49:54.969,0.89075,0.89085,3.40,5.20
2009.09.17 11:49:55.369,0.8907,0.8908,7.40,2.40
2009.09.17 11:49:55.659,0.8907,0.8908,3.40,2.40
2009.09.17 11:50:01.237,0.8907,0.8908,1.00,3.20
2009.09.17 11:50:01.618,0.89065,0.8908,9.00,3.30
2009.09.17 11:50:02.997,0.89065,0.8908,9.80,2.40
2009.09.17 11:50:03.107,0.89065,0.8908,13.00,2.40
2009.09.17 11:50:03.277,0.89065,0.8908,9.80,2.40
2009.09.17 11:50:03.907,0.8907,0.8908,2.40,2.40
2009.09.17 11:50:04.017,0.8907,0.8908,3.40,2.40
2009.09.17 11:50:12.145,0.89065,0.8908,9.00,4.10
2009.09.17 11:50:12.535,0.89065,0.89075,3.40,2.40
2009.09.17 11:50:12.875,0.8906,0.89075,15.00,2.90
2009.09.17 11:50:13.234,0.89065,0.8908,6.60,4.10
2009.09.17 11:50:13.574,0.89065,0.8908,10.60,2.90
2009.09.17 11:50:13.924,0.89065,0.8908,11.00,2.40
2009.09.17 11:50:15.074,0.89065,0.8908,10.60,2.40
2009.09.17 11:50:15.234,0.89065,0.8908,7.40,2.40
2009.09.17 11:50:15.404,0.89065,0.8908,6.60,8.40
2009.09.17 11:50:15.574,0.89065,0.8908,10.60,7.60
2009.09.17 11:50:15.745,0.89065,0.8908,10.60,2.40
2009.09.17 11:50:16.034,0.89065,0.8908,11.20,2.40
2009.09.17 11:50:16.374,0.89065,0.8908,11.00,2.40
2009.09.17 11:50:16.724,0.89065,0.8908,7.40,2.40
2009.09.17 11:50:17.114,0.89065,0.8908,6.60,3.20
2009.09.17 11:50:19.083,0.89065,0.8908,6.60,11.60
2009.09.17 11:50:19.263,0.89065,0.89075,4.20,2.40
2009.09.17 11:50:19.493,0.8906,0.89075,7.40,2.40
2009.09.17 11:50:19.773,0.8907,0.8908,1.00,2.40
2009.09.17 11:50:20.303,0.89065,0.89075,2.40,4.00
2009.09.17 11:50:20.653,0.8906,0.89075,7.60,4.00
2009.09.17 11:50:21.822,0.8906,0.89075,7.60,4.10
2009.09.17 11:50:23.322,0.8906,0.89075,10.80,4.10
2009.09.17 11:50:23.492,0.8906,0.89075,10.80,4.00
2009.09.17 11:50:24.002,0.8906,0.8907,1.80,2.40
2009.09.17 11:50:24.172,0.8906,0.8907,1.00,2.40
2009.09.17 11:50:24.522,0.89055,0.8907,17.40,2.40
2009.09.17 11:50:24.752,0.89055,0.8907,13.40,3.20
2009.09.17 11:50:25.032,0.89055,0.8907,10.60,3.20
2009.09.17 11:50:25.272,0.89055,0.8907,7.40,2.40
2009.09.17 11:50:25.542,0.89055,0.89065,10.60,2.40
2009.09.17 11:50:25.881,0.89055,0.8907,11.40,2.40
2009.09.17 11:50:26.231,0.89055,0.8907,15.80,2.40
2009.09.17 11:50:26.921,0.8906,0.8907,3.20,2.40
2009.09.17 11:50:27.261,0.8906,0.89075,6.60,4.80
2009.09.17 11:50:28.641,0.8906,0.8907,4.20,2.40
2009.09.17 11:50:29.161,0.8906,0.8907,3.20,2.40
2009.09.17 11:50:29.281,0.89055,0.8907,13.80,2.40
2009.09.17 11:50:29.520,0.89055,0.8907,18.20,2.40
2009.09.17 11:50:30.150,0.89055,0.8907,14.40,2.40
2009.09.17 11:50:30.381,0.8906,0.8907,1.00,2.40
2009.09.17 11:50:30.540,0.8906,0.89075,7.60,8.00
2009.09.17 11:50:30.710,0.8906,0.89075,7.60,4.00
2009.09.17 11:50:31.390,0.8906,0.89075,7.60,8.00
2009.09.17 11:50:32.090,0.8906,0.89075,7.60,4.00
2009.09.17 11:50:33.300,0.8906,0.89075,10.80,4.00
2009.09.17 11:50:33.419,0.89065,0.89075,3.20,1.60
2009.09.17 11:50:33.540,0.89065,0.8908,3.20,18.00
2009.09.17 11:50:33.659,0.89065,0.8908,6.60,12.40
2009.09.17 11:50:33.779,0.89065,0.8908,6.60,9.30
2009.09.17 11:50:33.959,0.89065,0.8908,7.40,8.80
2009.09.17 11:50:34.139,0.89065,0.8908,7.40,8.90
2009.09.17 11:50:34.309,0.89065,0.8908,7.40,8.80
2009.09.17 11:50:34.949,0.89065,0.8908,7.60,8.80
2009.09.17 11:50:35.469,0.89065,0.8908,7.40,4.90
2009.09.17 11:50:35.819,0.89065,0.8908,7.60,4.80
2009.09.17 11:50:36.219,0.89065,0.8908,8.40,4.00
2009.09.17 11:50:36.959,0.8907,0.8908,1.00,4.00
2009.09.17 11:50:37.529,0.89065,0.8908,13.80,4.00
2009.09.17 11:50:37.879,0.89065,0.8908,14.00,4.00
2009.09.17 11:50:38.229,0.8907,0.8908,1.00,4.00
2009.09.17 11:50:39.228,0.89065,0.8908,10.80,4.00
2009.09.17 11:50:39.518,0.89065,0.8908,10.60,4.00
2009.09.17 11:50:39.858,0.89065,0.8908,9.80,10.00
2009.09.17 11:50:40.208,0.89065,0.8908,7.40,8.80
2009.09.17 11:50:40.538,0.89065,0.8908,7.40,14.80
2009.09.17 11:50:40.818,0.89065,0.8908,8.20,4.00
2009.09.17 11:50:41.168,0.89065,0.8908,8.20,8.00
2009.09.17 11:50:41.498,0.89065,0.8908,7.40,4.80
2009.09.17 11:50:42.078,0.89065,0.89075,1.00,2.40
2009.09.17 11:50:42.398,0.89065,0.8908,6.60,14.50
2009.09.17 11:50:42.697,0.89065,0.8908,2.40,11.30
2009.09.17 11:50:43.037,0.89065,0.8908,7.40,5.30
2009.09.17 11:50:43.617,0.89065,0.8908,7.60,5.30
2009.09.17 11:50:44.177,0.8907,0.8908,1.00,4.80
2009.09.17 11:50:47.376,0.8907,0.8908,1.00,4.00
2009.09.17 11:50:48.126,0.89065,0.8908,10.60,5.60
2009.09.17 11:50:48.296,0.89065,0.8908,8.20,4.00
2009.09.17 11:50:49.666,0.89065,0.8908,8.40,4.00
2009.09.17 11:50:50.485,0.8907,0.8908,3.40,4.00
2009.09.17 11:50:53.075,0.8907,0.89085,4.40,12.80
2009.09.17 11:50:53.185,0.8907,0.89085,7.60,12.80
2009.09.17 11:50:53.245,0.8907,0.89085,7.60,11.70
2009.09.17 11:50:53.925,0.8907,0.89085,7.60,8.50
2009.09.17 11:50:54.804,0.8907,0.89085,6.80,14.50
2009.09.17 11:50:55.524,0.8907,0.89085,6.80,17.70
2009.09.17 11:51:01.083,0.8907,0.89085,6.80,9.30
2009.09.17 11:51:01.953,0.8907,0.89085,6.80,10.10
2009.09.17 11:51:03.043,0.8907,0.8908,6.80,1.00
2009.09.17 11:51:03.342,0.8907,0.8908,1.00,3.20
2009.09.17 11:51:03.632,0.89065,0.8908,8.40,2.40
2009.09.17 11:51:03.922,0.8907,0.89085,5.60,14.50
2009.09.17 11:51:04.682,0.89065,0.8908,9.80,3.20
2009.09.17 11:51:05.032,0.89065,0.8908,10.60,2.40
2009.09.17 11:51:05.332,0.89065,0.8908,11.40,2.40
2009.09.17 11:51:06.422,0.8907,0.89085,6.80,8.80
2009.09.17 11:51:06.761,0.8907,0.89085,7.60,8.10
2009.09.17 11:51:10.851,0.89075,0.89085,1.00,8.00
2009.09.17 11:51:12.410,0.89075,0.89085,5.00,5.60
2009.09.17 11:51:12.640,0.8907,0.89085,7.60,4.00
2009.09.17 11:51:12.940,0.8907,0.89085,7.60,9.20
2009.09.17 11:51:13.170,0.8907,0.89085,6.80,14.00
2009.09.17 11:51:13.860,0.8907,0.89085,6.80,14.80
2009.09.17 11:51:14.130,0.8907,0.89085,7.60,14.00
2009.09.17 11:51:14.360,0.8907,0.89085,7.60,9.20
2009.09.17 11:51:18.299,0.8907,0.89085,6.80,10.00
2009.09.17 11:51:18.519,0.8907,0.89085,6.80,14.00
2009.09.17 11:51:18.798,0.8907,0.89085,7.60,13.20
2009.09.17 11:51:19.088,0.8907,0.89085,6.80,10.00
2009.09.17 11:51:19.189,0.8907,0.89085,6.80,14.00
2009.09.17 11:51:19.608,0.8907,0.89085,7.60,13.20
2009.09.17 11:51:19.838,0.8907,0.89085,7.60,9.20
2009.09.17 11:51:21.738,0.89075,0.89085,3.40,9.20
2009.09.17 11:51:22.078,0.8907,0.89085,6.80,10.00
2009.09.17 11:51:22.438,0.8907,0.89085,7.50,14.00
2009.09.17 11:51:22.788,0.8907,0.89085,7.20,14.00
2009.09.17 11:51:23.247,0.8907,0.89085,6.80,14.00
2009.09.17 11:51:23.837,0.8907,0.89085,6.80,14.50
2009.09.17 11:51:24.177,0.8907,0.89085,6.80,15.30
2009.09.17 11:51:24.697,0.8907,0.89085,6.80,18.50
2009.09.17 11:51:25.157,0.8907,0.89085,6.80,17.70
2009.09.17 11:51:25.277,0.8907,0.89085,6.80,17.20
2009.09.17 11:51:25.617,0.8907,0.89085,7.60,8.00
2009.09.17 11:51:29.806,0.8907,0.89085,7.60,4.00
2009.09.17 11:51:30.266,0.89075,0.89085,1.00,4.00
2009.09.17 11:51:30.386,0.89075,0.89085,6.60,4.00
2009.09.17 11:51:31.885,0.8908,0.8909,4.00,6.10
2009.09.17 11:51:32.235,0.8908,0.89095,5.00,5.10
2009.09.17 11:51:32.585,0.8908,0.89095,8.20,2.80
2009.09.17 11:51:32.975,0.89085,0.891,6.60,7.30
2009.09.17 11:51:33.315,0.89085,0.891,6.60,6.90
2009.09.17 11:51:35.825,0.89085,0.891,6.60,3.70
2009.09.17 11:51:37.444,0.89085,0.8909,4.20,2.40
2009.09.17 11:51:37.774,0.89085,0.891,6.60,20.50
2009.09.17 11:51:38.004,0.89085,0.891,6.60,9.70
2009.09.17 11:51:38.184,0.89085,0.891,6.60,9.30
2009.09.17 11:51:38.424,0.89085,0.891,6.60,12.70
2009.09.17 11:51:38.664,0.89085,0.89095,6.60,4.80
2009.09.17 11:51:38.884,0.8908,0.89095,6.80,14.00
2009.09.17 11:51:40.213,0.89075,0.8909,9.00,3.20
2009.09.17 11:51:40.564,0.89075,0.8909,6.80,3.20
2009.09.17 11:51:40.903,0.89075,0.89085,6.60,2.40
2009.09.17 11:51:42.443,0.8908,0.8909,3.40,2.40
2009.09.17 11:51:43.673,0.8908,0.8909,1.00,3.20
2009.09.17 11:51:43.842,0.89075,0.8909,9.00,3.20
2009.09.17 11:51:44.063,0.89075,0.8909,6.60,3.20
2009.09.17 11:51:44.173,0.8908,0.8909,1.00,2.40
2009.09.17 11:51:44.773,0.8908,0.8909,3.40,2.40
2009.09.17 11:51:45.002,0.8908,0.8909,2.40,2.40
2009.09.17 11:51:45.173,0.89075,0.8909,6.60,3.20
2009.09.17 11:51:46.412,0.89075,0.8909,7.40,3.20
2009.09.17 11:51:54.490,0.89075,0.8909,8.20,2.40
2009.09.17 11:51:54.610,0.89075,0.8909,8.40,2.40
2009.09.17 11:51:54.720,0.89075,0.8909,7.60,3.20
2009.09.17 11:51:54.890,0.89075,0.8909,7.40,3.20
2009.09.17 11:51:59.529,0.8908,0.8909,3.40,2.40
2009.09.17 11:52:00.599,0.8908,0.8909,1.00,4.10
2009.09.17 11:52:00.959,0.89075,0.8909,7.40,8.10
2009.09.17 11:52:01.228,0.89075,0.8909,7.40,4.00
2009.09.17 11:52:01.528,0.89075,0.8909,7.40,3.20
2009.09.17 11:52:02.168,0.89075,0.89085,7.40,2.40
2009.09.17 11:52:02.508,0.89075,0.89085,3.20,2.40
2009.09.17 11:52:03.038,0.89075,0.89085,4.20,2.40
2009.09.17 11:52:05.168,0.89075,0.89085,3.20,2.40
2009.09.17 11:52:05.767,0.89075,0.89085,4.20,2.40
2009.09.17 11:52:10.216,0.89075,0.8909,7.40,11.90
2009.09.17 11:52:10.496,0.89075,0.8909,7.40,11.70
2009.09.17 11:52:10.666,0.89075,0.8909,7.40,10.90
2009.09.17 11:52:10.726,0.89075,0.8909,7.40,7.20
2009.09.17 11:52:10.846,0.89075,0.8909,7.40,3.20
2009.09.17 11:52:10.906,0.89075,0.8909,7.40,8.40
2009.09.17 11:52:11.206,0.89075,0.8909,7.40,9.20
2009.09.17 11:52:11.266,0.89075,0.8909,7.40,12.40
2009.09.17 11:52:11.616,0.89075,0.8909,3.20,9.20
2009.09.17 11:52:11.946,0.89075,0.8909,7.40,9.20
2009.09.17 11:52:17.714,0.89075,0.8909,7.40,12.40
2009.09.17 11:52:18.054,0.89075,0.89085,1.00,3.70
2009.09.17 11:52:18.235,0.89075,0.89085,1.00,2.90
2009.09.17 11:52:18.474,0.89075,0.89085,1.00,3.70
2009.09.17 11:52:19.114,0.89075,0.89085,1.00,6.90
2009.09.17 11:52:19.704,0.8907,0.89085,3.40,6.90
2009.09.17 11:52:20.384,0.89075,0.89085,2.40,6.90
2009.09.17 11:52:22.733,0.89075,0.89085,2.40,3.70
2009.09.17 11:52:23.083,0.89075,0.89085,2.40,2.90
2009.09.17 11:52:24.493,0.89075,0.89085,3.40,2.40
2009.09.17 11:52:26.512,0.89075,0.8909,3.40,11.90
2009.09.17 11:52:32.741,0.89075,0.89085,3.40,2.40
2009.09.17 11:52:33.081,0.89075,0.89085,2.40,2.40
2009.09.17 11:52:38.429,0.89075,0.89085,2.40,2.50
2009.09.17 11:52:38.599,0.89075,0.89085,2.40,3.30
2009.09.17 11:52:38.709,0.8907,0.89085,6.60,3.20
2009.09.17 11:52:38.939,0.89075,0.89085,2.40,2.40
2009.09.17 11:52:39.180,0.89075,0.8909,2.40,11.90
2009.09.17 11:52:39.289,0.89075,0.89085,2.40,2.40
2009.09.17 11:52:39.919,0.89075,0.89085,3.40,2.40
2009.09.17 11:52:41.999,0.89075,0.89085,3.40,3.20
2009.09.17 11:52:42.159,0.8907,0.89085,10.60,3.30
2009.09.17 11:52:42.598,0.8907,0.89085,10.60,3.90
2009.09.17 11:52:42.768,0.8907,0.89085,6.60,3.90
2009.09.17 11:52:43.938,0.8907,0.89085,3.40,10.30
2009.09.17 11:52:44.158,0.8907,0.89085,3.40,11.10
2009.09.17 11:52:44.378,0.8907,0.89085,2.40,11.10
2009.09.17 11:52:45.298,0.89065,0.8908,14.30,3.10
2009.09.17 11:52:46.377,0.89065,0.8908,11.20,10.30
2009.09.17 11:52:46.658,0.89065,0.89075,5.40,2.40
2009.09.17 11:52:46.887,0.89065,0.89075,1.00,2.40
2009.09.17 11:52:48.487,0.8906,0.89075,6.80,3.70
2009.09.17 11:52:48.717,0.89065,0.89075,2.40,11.30
2009.09.17 11:52:48.997,0.89065,0.89075,2.40,1.00
2009.09.17 11:52:49.287,0.89065,0.8908,2.40,12.10
2009.09.17 11:52:49.567,0.89065,0.8908,2.40,8.10
2009.09.17 11:52:49.957,0.89065,0.8908,2.40,7.70
2009.09.17 11:52:51.676,0.89065,0.8908,2.50,7.70
2009.09.17 11:52:56.815,0.89065,0.89075,3.40,2.40
2009.09.17 11:52:57.165,0.8906,0.89075,7.40,2.40
2009.09.17 11:52:57.695,0.8906,0.89075,7.60,2.40
2009.09.17 11:52:58.684,0.8906,0.8907,7.40,5.20
2009.09.17 11:52:59.034,0.8906,0.89065,1.00,2.40
2009.09.17 11:52:59.255,0.8906,0.8907,1.00,9.30
2009.09.17 11:52:59.365,0.89055,0.8907,6.40,12.10
2009.09.17 11:52:59.644,0.89055,0.8907,6.40,12.00
2009.09.17 11:53:00.164,0.89055,0.8907,6.40,12.10
2009.09.17 11:53:00.504,0.89055,0.8907,6.80,12.10
2009.09.17 11:53:00.834,0.89055,0.8907,1.60,12.10
2009.09.17 11:53:01.114,0.89055,0.8907,1.20,12.10
2009.09.17 11:53:01.814,0.89055,0.8907,1.00,12.10
2009.09.17 11:53:02.494,0.89055,0.8907,4.00,12.10
2009.09.17 11:53:03.193,0.89055,0.8907,5.20,12.10
2009.09.17 11:53:03.304,0.89055,0.8907,6.80,12.10
2009.09.17 11:53:03.753,0.8906,0.8907,1.00,12.10
2009.09.17 11:53:03.873,0.8906,0.8907,1.00,9.30
2009.09.17 11:53:03.933,0.89055,0.8907,9.60,11.70
2009.09.17 11:53:04.053,0.89055,0.89065,4.00,2.40
2009.09.17 11:53:04.164,0.89055,0.89065,1.00,2.40
2009.09.17 11:53:05.303,0.89055,0.89065,4.00,2.40
2009.09.17 11:53:05.423,0.8906,0.8907,1.00,12.10
2009.09.17 11:53:05.603,0.8906,0.8907,1.00,11.70
2009.09.17 11:53:14.091,0.89055,0.89065,4.80,2.40
2009.09.17 11:53:14.201,0.89055,0.89065,1.60,2.40
2009.09.17 11:53:14.501,0.89055,0.89065,1.00,2.40
2009.09.17 11:53:15.131,0.89055,0.89065,4.80,2.40
2009.09.17 11:53:16.581,0.89055,0.89065,4.40,2.40
2009.09.17 11:53:16.870,0.8906,0.89065,1.00,2.40
2009.09.17 11:53:17.170,0.8906,0.8907,1.00,11.60
2009.09.17 11:53:17.450,0.89055,0.8907,13.00,11.60
2009.09.17 11:53:17.730,0.89055,0.8907,4.80,12.10
2009.09.17 11:53:18.020,0.89055,0.8907,9.80,11.70
2009.09.17 11:53:18.380,0.89055,0.89065,1.00,2.40
2009.09.17 11:53:19.429,0.89055,0.8907,11.00,11.70
2009.09.17 11:53:19.770,0.89055,0.89065,1.00,2.40
2009.09.17 11:53:23.249,0.89055,0.8907,6.40,12.10
2009.09.17 11:53:23.359,0.89055,0.8907,11.40,11.70
2009.09.17 11:53:23.419,0.89055,0.8907,13.00,11.70
2009.09.17 11:53:23.469,0.89055,0.8907,12.60,11.70
2009.09.17 11:53:23.859,0.89055,0.8907,12.20,11.70
2009.09.17 11:53:23.919,0.89055,0.89065,6.60,2.40
2009.09.17 11:53:23.979,0.89055,0.89065,2.40,2.40
2009.09.17 11:53:24.148,0.89055,0.89065,1.00,2.40
2009.09.17 11:53:24.318,0.8905,0.89065,13.90,2.40
2009.09.17 11:53:24.669,0.8905,0.89065,15.50,2.40
2009.09.17 11:53:25.018,0.89055,0.89065,1.00,2.40
2009.09.17 11:53:30.717,0.8905,0.89065,15.10,2.50
2009.09.17 11:53:30.957,0.8905,0.89065,13.50,2.50
2009.09.17 11:53:35.076,0.8905,0.89065,13.50,3.10
2009.09.17 11:53:36.865,0.89055,0.8907,2.40,12.30
2009.09.17 11:53:37.036,0.89055,0.8907,2.40,11.90
2009.09.17 11:53:37.205,0.89055,0.8907,2.40,7.90
2009.09.17 11:53:37.435,0.89055,0.89065,2.40,2.40
2009.09.17 11:53:38.465,0.89055,0.89065,6.60,2.40
2009.09.17 11:53:41.624,0.89055,0.89065,3.40,4.00
2009.09.17 11:53:44.513,0.8905,0.89065,10.60,4.90
2009.09.17 11:53:44.733,0.8905,0.89065,11.40,4.10
2009.09.17 11:53:45.143,0.8905,0.89065,7.40,4.10
2009.09.17 11:53:45.663,0.8905,0.89065,10.60,4.10
2009.09.17 11:53:45.783,0.89055,0.89065,5.60,4.00
2009.09.17 11:53:45.894,0.89055,0.89065,6.60,1.60
2009.09.17 11:53:46.003,0.89055,0.8907,6.60,13.30
2009.09.17 11:53:46.114,0.89055,0.8907,6.60,12.50
2009.09.17 11:53:46.233,0.89055,0.8906,4.20,4.00
2009.09.17 11:53:46.353,0.8905,0.8906,10.60,4.00
2009.09.17 11:53:46.814,0.8905,0.8906,6.60,4.00
2009.09.17 11:53:48.163,0.8905,0.8906,3.40,4.00
2009.09.17 11:53:48.543,0.8905,0.8906,3.40,2.40
2009.09.17 11:53:50.463,0.89045,0.89055,13.00,2.40
2009.09.17 11:53:50.693,0.89045,0.89055,4.20,2.40
2009.09.17 11:53:51.043,0.8904,0.8905,7.70,2.40
2009.09.17 11:53:51.392,0.8904,0.89055,9.40,4.50
2009.09.17 11:53:51.742,0.8904,0.89055,8.20,14.70
2009.09.17 11:53:52.012,0.8904,0.8905,3.40,2.40
2009.09.17 11:53:53.372,0.8904,0.8905,3.60,2.40
2009.09.17 11:53:53.662,0.8904,0.89055,8.80,17.70
2009.09.17 11:53:53.942,0.8904,0.8905,3.40,2.40
2009.09.17 11:53:54.422,0.8904,0.8905,2.40,2.40
2009.09.17 11:53:54.532,0.89035,0.8905,9.80,2.90
2009.09.17 11:53:54.882,0.89035,0.8905,9.80,1.30
2009.09.17 11:53:54.941,0.89035,0.8905,7.40,5.30
2009.09.17 11:53:55.402,0.89035,0.8905,6.60,14.70
2009.09.17 11:53:55.691,0.89035,0.89045,6.60,1.00
2009.09.17 11:53:56.351,0.89035,0.8905,6.60,17.10
2009.09.17 11:53:56.641,0.8904,0.8905,2.40,8.40
2009.09.17 11:53:56.941,0.8904,0.8905,2.40,2.40
2009.09.17 11:53:58.271,0.8904,0.8905,3.40,2.40
2009.09.17 11:53:59.831,0.89035,0.8905,6.60,8.40
2009.09.17 11:54:00.000,0.8904,0.8905,2.40,8.40
2009.09.17 11:54:00.470,0.8904,0.8905,2.40,2.40
2009.09.17 11:54:08.448,0.8904,0.8905,3.40,2.40
2009.09.17 11:54:09.838,0.89035,0.8905,6.60,3.20
2009.09.17 11:54:12.307,0.8904,0.8905,3.20,2.40
2009.09.17 11:54:12.899,0.8904,0.89055,6.80,9.90
2009.09.17 11:54:13.287,0.8904,0.89055,7.60,9.60
2009.09.17 11:54:14.547,0.8904,0.89055,7.60,8.90
2009.09.17 11:54:14.767,0.8904,0.89055,10.80,8.40
2009.09.17 11:54:14.997,0.89045,0.89055,6.60,6.00
2009.09.17 11:54:15.237,0.8904,0.8905,7.60,2.40
2009.09.17 11:54:15.407,0.8904,0.8905,7.40,2.40
2009.09.17 11:54:15.807,0.8904,0.8905,6.60,2.40
2009.09.17 11:54:16.136,0.89035,0.8905,7.80,2.40
2009.09.17 11:54:16.466,0.89035,0.8905,7.40,2.40
2009.09.17 11:54:17.506,0.89035,0.8905,11.00,2.40
2009.09.17 11:54:17.856,0.89045,0.89055,3.20,6.40
2009.09.17 11:54:18.196,0.89045,0.89055,4.20,1.60
2009.09.17 11:54:18.886,0.89045,0.8906,7.40,2.40
2009.09.17 11:54:19.286,0.89045,0.8906,7.40,3.10
2009.09.17 11:54:19.516,0.89045,0.8906,7.40,2.50
2009.09.17 11:54:19.736,0.89045,0.8906,6.60,3.30
2009.09.17 11:54:20.016,0.8905,0.8906,2.40,2.40
2009.09.17 11:54:20.636,0.8905,0.8906,6.60,2.40
2009.09.17 11:54:22.655,0.8905,0.89065,7.40,11.70
2009.09.17 11:54:22.985,0.89055,0.89065,1.00,4.00
2009.09.17 11:54:25.364,0.89055,0.89065,1.80,4.00
2009.09.17 11:54:25.534,0.89055,0.8907,7.80,5.20
2009.09.17 11:54:25.755,0.89055,0.8907,7.40,4.50
2009.09.17 11:54:25.924,0.89055,0.8907,7.40,2.90
2009.09.17 11:54:26.094,0.89055,0.8907,6.60,3.90
2009.09.17 11:54:26.434,0.89055,0.8907,7.40,3.70
2009.09.17 11:54:26.774,0.89055,0.8907,7.40,6.10
2009.09.17 11:54:27.124,0.89055,0.8907,7.40,2.90
2009.09.17 11:54:27.474,0.8906,0.8907,2.40,2.40
2009.09.17 11:54:27.834,0.8906,0.8907,4.20,2.40
2009.09.17 11:54:28.184,0.89065,0.89075,2.50,1.00
2009.09.17 11:54:28.574,0.89065,0.8908,2.40,12.30
2009.09.17 11:54:28.923,0.89065,0.8908,6.60,7.30
2009.09.17 11:54:29.573,0.89065,0.89075,2.40,2.40
2009.09.17 11:54:29.963,0.89065,0.89075,4.20,1.00
2009.09.17 11:54:30.263,0.89065,0.8908,3.40,6.50
2009.09.17 11:54:30.643,0.89065,0.8908,6.60,3.30
2009.09.17 11:54:30.923,0.89065,0.8908,6.60,4.10
2009.09.17 11:54:31.143,0.89065,0.89075,4.20,2.40
2009.09.17 11:54:31.433,0.89065,0.8908,6.40,3.30
2009.09.17 11:54:31.783,0.89065,0.8908,6.60,12.00
2009.09.17 11:54:32.193,0.8906,0.89075,12.80,4.00
2009.09.17 11:54:32.543,0.8906,0.8907,7.40,2.40
2009.09.17 11:54:32.933,0.8906,0.89075,7.40,8.00
2009.09.17 11:54:33.282,0.8906,0.89075,7.60,4.00
2009.09.17 11:54:34.322,0.8906,0.89075,10.80,4.00
2009.09.17 11:54:34.672,0.89065,0.89075,1.00,4.00
2009.09.17 11:54:35.072,0.8906,0.89075,7.60,4.00
2009.09.17 11:54:38.741,0.89065,0.89075,4.20,4.00
2009.09.17 11:54:40.651,0.89065,0.89075,3.20,9.20
2009.09.17 11:54:41.001,0.89065,0.89075,4.20,5.10
2009.09.17 11:54:41.340,0.89065,0.89075,3.20,8.00
2009.09.17 11:54:41.670,0.8906,0.89075,7.60,8.00
2009.09.17 11:54:45.229,0.8906,0.89075,10.80,8.00
2009.09.17 11:54:45.399,0.89065,0.89075,3.20,4.00
2009.09.17 11:54:45.579,0.89065,0.89075,7.40,4.00
2009.09.17 11:54:45.750,0.8907,0.8908,3.40,2.40
2009.09.17 11:54:45.969,0.8907,0.89085,4.20,14.30
2009.09.17 11:54:46.139,0.8907,0.89085,4.40,13.90
2009.09.17 11:54:46.479,0.8907,0.89085,4.40,9.90
2009.09.17 11:54:46.829,0.89075,0.89085,4.20,6.10
2009.09.17 11:54:47.169,0.89075,0.89085,6.60,5.30
2009.09.17 11:54:47.519,0.89075,0.89085,6.60,2.40
2009.09.17 11:54:47.909,0.89075,0.89085,1.00,4.00
2009.09.17 11:54:48.239,0.89075,0.89085,5.60,1.00
2009.09.17 11:54:48.589,0.89075,0.8909,6.60,14.50
2009.09.17 11:54:48.929,0.89075,0.89085,6.60,2.40
2009.09.17 11:54:49.279,0.8907,0.8908,10.60,2.40
2009.09.17 11:54:49.908,0.8907,0.8908,4.20,2.40
2009.09.17 11:54:50.078,0.89065,0.8908,14.60,2.40
2009.09.17 11:54:50.238,0.8907,0.8908,1.00,2.40
2009.09.17 11:54:51.238,0.89065,0.8908,13.00,2.40
2009.09.17 11:54:52.398,0.89065,0.8908,13.20,2.40
2009.09.17 11:54:53.028,0.89065,0.8908,13.00,2.40
2009.09.17 11:54:53.377,0.8907,0.8908,1.00,2.40
2009.09.17 11:54:54.877,0.89065,0.8908,13.00,2.40
2009.09.17 11:54:55.177,0.89065,0.8908,13.40,2.40
2009.09.17 11:54:55.817,0.8907,0.8908,1.00,2.40
2009.09.17 11:54:55.977,0.8907,0.8908,4.20,2.40
2009.09.17 11:54:59.026,0.8907,0.8908,3.40,2.40
2009.09.17 11:55:00.366,0.8907,0.8908,4.20,2.40
2009.09.17 11:55:04.045,0.8907,0.8908,3.40,2.40
2009.09.17 11:55:05.805,0.8907,0.8908,2.40,2.40
2009.09.17 11:55:06.095,0.8907,0.8908,1.60,2.40
2009.09.17 11:55:07.094,0.89065,0.8908,9.60,3.20
2009.09.17 11:55:07.454,0.89065,0.8908,7.00,4.50
2009.09.17 11:55:07.794,0.89065,0.8908,7.00,3.30
2009.09.17 11:55:08.624,0.89065,0.8908,6.60,3.30
2009.09.17 11:55:13.562,0.89065,0.8908,6.60,3.90
2009.09.17 11:55:13.793,0.89065,0.89075,6.60,1.60
2009.09.17 11:55:14.502,0.89065,0.8908,6.60,3.90
2009.09.17 11:55:19.071,0.89065,0.8908,6.60,3.30
2009.09.17 11:55:28.379,0.89065,0.8908,2.40,7.10
2009.09.17 11:55:30.838,0.8906,0.89075,12.20,2.50
2009.09.17 11:55:31.179,0.8906,0.89075,7.20,2.50
2009.09.17 11:55:31.459,0.8906,0.8907,2.40,2.40
2009.09.17 11:55:31.968,0.8906,0.89075,4.20,2.40
2009.09.17 11:55:32.249,0.8906,0.89075,12.00,1.60
2009.09.17 11:55:32.578,0.8906,0.89075,11.40,1.60
2009.09.17 11:55:32.978,0.89065,0.8908,3.40,15.60
2009.09.17 11:55:33.298,0.89065,0.8908,7.40,2.40
2009.09.17 11:55:33.628,0.89065,0.8908,10.00,2.40
2009.09.17 11:55:36.407,0.89065,0.8908,6.60,3.20
2009.09.17 11:55:36.757,0.89065,0.8908,6.60,4.10
2009.09.17 11:55:37.107,0.89065,0.89075,2.40,2.40
2009.09.17 11:55:37.507,0.89065,0.89075,7.40,2.40
2009.09.17 11:55:37.857,0.89065,0.89075,6.60,2.40
2009.09.17 11:55:38.207,0.89065,0.8908,7.60,2.40
2009.09.17 11:55:38.547,0.89065,0.8908,14.00,2.40
2009.09.17 11:55:38.996,0.89065,0.8908,10.00,2.40
2009.09.17 11:55:42.236,0.89065,0.8908,13.20,2.40
2009.09.17 11:55:42.586,0.89065,0.8908,10.00,2.40
2009.09.17 11:55:42.825,0.8907,0.89085,3.40,10.80
2009.09.17 11:55:43.105,0.8907,0.8908,1.20,2.40
2009.09.17 11:55:43.396,0.89065,0.8908,13.20,2.40
2009.09.17 11:55:43.975,0.89065,0.8908,17.20,2.40
2009.09.17 11:55:44.765,0.89065,0.8908,17.20,4.00
2009.09.17 11:55:47.825,0.8907,0.8908,3.40,1.60
2009.09.17 11:55:48.174,0.8907,0.8908,1.00,4.00
2009.09.17 11:55:48.524,0.89065,0.8908,10.20,4.00
2009.09.17 11:55:49.144,0.89065,0.8908,9.80,4.00
2009.09.17 11:55:49.724,0.89065,0.8908,10.00,4.00
2009.09.17 11:55:50.314,0.89065,0.8908,9.80,4.00
2009.09.17 11:55:54.283,0.89065,0.8908,13.80,4.00
2009.09.17 11:55:54.553,0.89065,0.8908,14.00,4.00
2009.09.17 11:55:58.172,0.89065,0.8908,10.80,4.00
2009.09.17 11:55:58.342,0.89065,0.8908,9.80,4.00
2009.09.17 11:56:01.681,0.89065,0.8908,10.00,4.00
2009.09.17 11:56:07.220,0.89065,0.8908,13.20,4.00
2009.09.17 11:56:07.560,0.89065,0.8908,10.00,4.00
2009.09.17 11:56:07.839,0.89065,0.8908,9.80,4.00
2009.09.17 11:56:09.199,0.89065,0.8908,9.00,5.60
2009.09.17 11:56:09.560,0.89065,0.89075,3.40,1.60
2009.09.17 11:56:22.556,0.89065,0.89075,7.60,1.60
2009.09.17 11:56:23.476,0.89065,0.89075,6.80,1.60
2009.09.17 11:56:23.756,0.89065,0.89075,10.00,1.60
2009.09.17 11:56:26.865,0.89065,0.89075,9.20,1.60
2009.09.17 11:56:27.205,0.89065,0.89075,6.80,1.60
2009.09.17 11:56:29.264,0.89065,0.89075,8.00,1.60
2009.09.17 11:56:29.375,0.89065,0.8908,11.60,4.00
2009.09.17 11:56:29.495,0.89065,0.8908,10.80,4.80
2009.09.17 11:56:29.614,0.89065,0.89075,9.20,1.60
2009.09.17 11:56:29.854,0.89065,0.89075,6.80,1.60
2009.09.17 11:56:31.004,0.89065,0.89075,4.20,4.00
2009.09.17 11:56:31.384,0.8906,0.8907,16.80,1.60
2009.09.17 11:56:31.674,0.8906,0.8907,12.80,1.60
2009.09.17 11:56:33.743,0.8906,0.8907,9.60,1.60
2009.09.17 11:56:33.793,0.8906,0.8907,6.00,1.60
2009.09.17 11:56:33.913,0.8906,0.8907,5.20,1.60
2009.09.17 11:56:34.033,0.8906,0.8907,3.60,1.60
2009.09.17 11:56:36.043,0.8906,0.8907,4.40,1.60
2009.09.17 11:56:36.153,0.8906,0.89075,7.60,9.60
2009.09.17 11:56:36.263,0.8906,0.89075,7.60,4.00
2009.09.17 11:56:38.032,0.89065,0.89075,2.40,1.60
2009.09.17 11:56:39.702,0.8906,0.89075,11.60,4.00
2009.09.17 11:56:40.412,0.8906,0.89075,7.60,4.00
2009.09.17 11:56:40.821,0.8906,0.89075,7.60,2.40
2009.09.17 11:56:42.091,0.89065,0.89075,3.40,2.40
2009.09.17 11:56:42.421,0.89065,0.8908,3.40,3.20
2009.09.17 11:56:42.811,0.89065,0.8908,6.60,3.20
2009.09.17 11:56:45.271,0.89065,0.8908,7.40,2.40
2009.09.17 11:56:46.410,0.89065,0.8908,11.20,2.40
2009.09.17 11:56:46.750,0.89065,0.8908,13.60,2.40
2009.09.17 11:56:48.460,0.8907,0.89085,4.80,8.00
2009.09.17 11:56:48.800,0.8907,0.8908,1.60,2.40
2009.09.17 11:56:49.190,0.89065,0.8908,18.00,2.40
2009.09.17 11:56:49.829,0.89065,0.8908,14.00,2.40
2009.09.17 11:56:53.948,0.89065,0.89075,14.00,1.60
2009.09.17 11:56:54.358,0.89065,0.89075,13.60,1.60
2009.09.17 11:56:54.878,0.89065,0.89075,10.00,1.60
2009.09.17 11:56:55.049,0.89065,0.89075,9.80,1.60
2009.09.17 11:57:04.356,0.89065,0.89075,10.40,1.60
2009.09.17 11:57:04.466,0.89065,0.89075,13.00,1.60
2009.09.17 11:57:04.626,0.89065,0.89075,13.20,1.60
2009.09.17 11:57:05.136,0.89065,0.89075,13.60,1.60
2009.09.17 11:57:06.645,0.89065,0.89075,10.40,1.60
2009.09.17 11:57:06.866,0.89065,0.89075,9.80,1.60
2009.09.17 11:57:07.865,0.89065,0.89075,7.40,1.60
2009.09.17 11:57:08.205,0.89065,0.89075,6.60,1.60
2009.09.17 11:57:11.764,0.89065,0.89075,6.80,1.60
2009.09.17 11:57:12.454,0.89065,0.89075,3.40,1.60
2009.09.17 11:57:14.434,0.89065,0.89075,3.40,4.00
2009.09.17 11:57:14.734,0.89065,0.89075,2.40,4.00
2009.09.17 11:57:15.233,0.89065,0.89075,6.60,4.00
2009.09.17 11:57:18.402,0.89065,0.89075,7.40,1.60
2009.09.17 11:57:19.672,0.89065,0.89075,7.60,1.60
2009.09.17 11:57:20.702,0.89065,0.89075,8.00,1.60
2009.09.17 11:57:21.402,0.89065,0.89075,7.60,1.60
2009.09.17 11:57:21.762,0.89065,0.8908,7.40,4.00
2009.09.17 11:57:33.619,0.89065,0.8908,6.60,4.80
2009.09.17 11:57:33.849,0.89065,0.89075,6.60,1.60
2009.09.17 11:57:34.079,0.89065,0.89075,2.40,1.60
2009.09.17 11:57:34.869,0.89065,0.8908,2.40,16.90
2009.09.17 11:57:35.209,0.89065,0.8908,7.80,2.40
2009.09.17 11:57:35.739,0.89065,0.8908,10.20,2.40
2009.09.17 11:57:36.428,0.89065,0.8908,9.40,3.20
2009.09.17 11:57:36.538,0.89065,0.8908,9.00,3.20
2009.09.17 11:57:36.648,0.89065,0.8908,2.40,3.20
2009.09.17 11:57:36.998,0.89065,0.8908,6.60,3.20
2009.09.17 11:57:38.028,0.89065,0.8908,6.80,3.20
2009.09.17 11:57:40.657,0.89065,0.8908,3.60,3.70
2009.09.17 11:57:42.617,0.89065,0.8908,7.60,2.40
2009.09.17 11:57:43.587,0.89065,0.89075,5.00,2.40
2009.09.17 11:57:44.877,0.89065,0.89075,1.80,2.40
2009.09.17 11:57:51.465,0.89065,0.89075,1.00,2.40
2009.09.17 11:57:56.753,0.8906,0.89075,15.60,2.40
2009.09.17 11:57:56.873,0.8906,0.89075,15.20,2.40
2009.09.17 11:57:58.353,0.89065,0.89075,1.00,2.40
2009.09.17 11:58:01.972,0.89065,0.8908,3.20,7.10
2009.09.17 11:58:02.252,0.89065,0.89075,2.00,2.40
2009.09.17 11:58:02.492,0.89065,0.89075,1.80,2.40
2009.09.17 11:58:02.842,0.8906,0.89075,16.00,2.40
2009.09.17 11:58:03.182,0.89065,0.8908,2.40,6.90
2009.09.17 11:58:03.562,0.89065,0.8908,13.20,2.40
2009.09.17 11:58:03.792,0.8907,0.8908,1.00,2.40
2009.09.17 11:58:04.031,0.89065,0.8908,9.20,2.40
2009.09.17 11:58:04.302,0.89065,0.8908,7.60,2.40
2009.09.17 11:58:04.531,0.89065,0.8908,6.80,3.20
2009.09.17 11:58:04.822,0.8906,0.89075,14.90,4.00
2009.09.17 11:58:05.051,0.89065,0.89075,1.00,4.00
2009.09.17 11:58:05.511,0.89065,0.89075,10.60,1.60
2009.09.17 11:58:05.721,0.89065,0.8908,10.60,6.80
2009.09.17 11:58:06.131,0.89065,0.8908,10.60,6.40
2009.09.17 11:58:06.521,0.89065,0.8908,10.60,2.40
2009.09.17 11:58:06.821,0.89065,0.8908,10.80,2.40
2009.09.17 11:58:10.180,0.89065,0.8908,11.60,2.40
2009.09.17 11:58:10.300,0.89065,0.8908,15.60,2.40
2009.09.17 11:58:10.750,0.89065,0.8908,14.80,2.40
2009.09.17 11:58:10.910,0.8907,0.89085,3.30,13.50
2009.09.17 11:58:11.030,0.8907,0.89085,4.10,11.70
2009.09.17 11:58:11.090,0.8907,0.89085,3.20,12.90
2009.09.17 11:58:11.210,0.8907,0.89085,3.20,13.70
2009.09.17 11:58:11.560,0.89065,0.8908,10.20,2.40
2009.09.17 11:58:11.900,0.89065,0.8908,7.40,2.40
2009.09.17 11:58:12.240,0.89065,0.8908,10.80,2.40
2009.09.17 11:58:12.979,0.89065,0.8908,7.60,2.40
2009.09.17 11:58:13.159,0.89065,0.8908,4.40,2.90
2009.09.17 11:58:17.098,0.89065,0.89075,2.50,1.60
2009.09.17 11:58:17.809,0.89065,0.8907,2.50,1.60
2009.09.17 11:58:20.488,0.89065,0.89075,2.50,1.60
2009.09.17 11:58:20.718,0.8906,0.89075,14.20,4.00
2009.09.17 11:58:20.938,0.8906,0.89075,7.80,4.00
2009.09.17 11:58:21.977,0.8906,0.89075,7.40,4.00
2009.09.17 11:58:22.647,0.8906,0.89075,12.60,4.00
2009.09.17 11:58:22.817,0.89065,0.8908,4.00,13.70
2009.09.17 11:58:22.977,0.89065,0.8908,8.00,9.30
2009.09.17 11:58:23.147,0.89065,0.8908,8.00,6.10
2009.09.17 11:58:23.707,0.89065,0.8908,9.60,5.30
2009.09.17 11:58:26.896,0.89065,0.8908,13.60,4.00
2009.09.17 11:58:34.494,0.89065,0.8908,15.20,4.00
2009.09.17 11:58:34.664,0.89065,0.8908,15.60,4.00
2009.09.17 11:58:37.384,0.89065,0.8908,14.00,4.00
2009.09.17 11:58:38.523,0.89065,0.8908,13.20,4.80
2009.09.17 11:58:38.863,0.89065,0.8908,12.20,5.60
2009.09.17 11:58:39.313,0.89065,0.89075,6.60,2.40
2009.09.17 11:58:39.663,0.89065,0.89075,5.60,3.20
2009.09.17 11:58:39.783,0.89065,0.89075,6.60,2.40
2009.09.17 11:58:39.953,0.89065,0.8908,12.20,10.50
2009.09.17 11:58:40.073,0.89065,0.8908,12.20,6.50
2009.09.17 11:58:40.193,0.89065,0.8908,12.60,6.50
2009.09.17 11:58:40.363,0.89065,0.8908,12.60,6.40
2009.09.17 11:58:40.483,0.89065,0.8908,16.80,6.40
2009.09.17 11:58:40.603,0.89065,0.8908,17.60,5.60
2009.09.17 11:58:40.943,0.89065,0.8908,20.80,4.80
2009.09.17 11:58:41.333,0.8907,0.8908,1.00,4.00
2009.09.17 11:58:42.003,0.8907,0.8908,1.20,4.00
2009.09.17 11:58:42.343,0.8907,0.8908,1.00,4.00
2009.09.17 11:58:43.952,0.8907,0.8908,3.40,4.00
2009.09.17 11:58:44.542,0.8907,0.8908,3.40,4.80
2009.09.17 11:58:45.452,0.8907,0.8908,3.40,4.00
2009.09.17 11:58:45.802,0.8907,0.8908,3.40,4.80
2009.09.17 11:58:46.422,0.8907,0.8908,3.40,4.00
2009.09.17 11:58:46.481,0.8907,0.8908,2.40,4.00
2009.09.17 11:58:47.141,0.8907,0.8908,2.40,8.80
2009.09.17 11:58:47.531,0.8907,0.8908,2.40,4.80
2009.09.17 11:58:52.000,0.8907,0.89075,4.00,1.60
2009.09.17 11:58:52.290,0.89065,0.89075,3.40,4.00
2009.09.17 11:58:52.520,0.8906,0.89075,11.60,4.00
2009.09.17 11:58:53.050,0.8906,0.89075,7.60,4.00
2009.09.17 11:58:56.549,0.8906,0.8907,6.60,1.60
2009.09.17 11:58:56.889,0.89065,0.8907,2.40,1.60
2009.09.17 11:58:57.249,0.8906,0.8907,6.60,1.60
2009.09.17 11:58:58.269,0.8906,0.8907,3.40,1.60
2009.09.17 11:58:58.609,0.8906,0.8907,1.00,4.00
2009.09.17 11:58:58.898,0.89065,0.8907,2.40,1.60
2009.09.17 11:58:59.248,0.89065,0.89075,2.40,1.60
2009.09.17 11:58:59.988,0.89065,0.89075,4.20,1.60
2009.09.17 11:59:00.218,0.89065,0.89075,10.60,1.60
2009.09.17 11:59:00.498,0.89065,0.89075,3.40,4.00
2009.09.17 11:59:00.678,0.8906,0.89075,15.00,4.00
2009.09.17 11:59:01.308,0.89065,0.89075,1.00,4.00
2009.09.17 11:59:01.698,0.89065,0.89075,3.40,4.00
2009.09.17 11:59:02.388,0.89065,0.89075,1.00,4.00
2009.09.17 11:59:02.788,0.89065,0.89075,3.40,4.00
2009.09.17 11:59:02.967,0.89065,0.89075,1.00,4.00
2009.09.17 11:59:03.138,0.8906,0.89075,11.40,4.00
2009.09.17 11:59:03.477,0.8906,0.89075,10.60,4.80
2009.09.17 11:59:03.827,0.8906,0.8907,3.40,4.00
2009.09.17 11:59:04.177,0.89055,0.89065,7.40,2.40
2009.09.17 11:59:04.527,0.89055,0.89065,3.40,2.40
2009.09.17 11:59:05.057,0.8905,0.89065,9.40,2.50
2009.09.17 11:59:05.217,0.8905,0.89065,7.40,4.80
2009.09.17 11:59:05.387,0.8905,0.8906,3.40,2.40
2009.09.17 11:59:07.057,0.8905,0.8906,1.00,2.40
2009.09.17 11:59:08.156,0.8905,0.89065,6.60,4.80
2009.09.17 11:59:08.506,0.8905,0.89065,7.40,4.00
2009.09.17 11:59:09.706,0.8905,0.89065,11.40,4.00
2009.09.17 11:59:09.996,0.89055,0.89065,2.40,4.00
2009.09.17 11:59:15.484,0.89055,0.89065,3.40,4.00
2009.09.17 11:59:15.944,0.89055,0.89065,2.40,4.00
2009.09.17 11:59:18.394,0.89055,0.89065,3.40,4.00
2009.09.17 11:59:19.713,0.89055,0.89065,2.40,4.00
2009.09.17 11:59:21.583,0.89055,0.89065,2.40,4.80
2009.09.17 11:59:21.863,0.8905,0.89065,6.60,5.50
2009.09.17 11:59:22.083,0.8905,0.89065,2.40,6.30
2009.09.17 11:59:22.813,0.8905,0.89065,2.40,9.50
2009.09.17 11:59:23.493,0.89055,0.8907,3.40,10.50
2009.09.17 11:59:24.173,0.89055,0.8907,3.40,9.50
2009.09.17 11:59:24.292,0.89055,0.8907,3.40,10.10
2009.09.17 11:59:25.212,0.89055,0.8907,3.40,10.10
2009.09.17 11:59:25.552,0.89055,0.8907,2.40,13.30
2009.09.17 11:59:26.252,0.89055,0.89065,4.00,2.40
2009.09.17 11:59:26.602,0.8905,0.89065,8.80,2.90
2009.09.17 11:59:26.942,0.8905,0.89065,2.40,8.70
2009.09.17 11:59:29.571,0.89045,0.8906,17.00,2.40
2009.09.17 11:59:29.681,0.89045,0.8906,16.20,6.40
2009.09.17 11:59:29.791,0.89045,0.8906,6.40,7.70
2009.09.17 11:59:29.851,0.89045,0.89055,4.00,1.00
2009.09.17 11:59:32.020,0.89045,0.89055,4.00,1.50
2009.09.17 11:59:32.880,0.89045,0.89055,4.00,1.00
2009.09.17 11:59:39.709,0.8904,0.8905,7.40,1.60
2009.09.17 11:59:39.829,0.89045,0.8905,1.40,1.60
2009.09.17 11:59:39.949,0.89045,0.89055,3.80,1.60
2009.09.17 11:59:40.068,0.89045,0.89055,2.40,1.60
2009.09.17 11:59:41.428,0.89045,0.89055,3.40,1.60
2009.09.17 11:59:41.778,0.89045,0.8906,7.80,4.00
2009.09.17 11:59:42.938,0.8905,0.8906,2.40,1.60
2009.09.17 11:59:43.208,0.8905,0.89065,4.60,4.00
2009.09.17 11:59:45.547,0.8905,0.8906,3.80,1.60
2009.09.17 11:59:46.067,0.8905,0.8906,1.40,4.00
2009.09.17 11:59:46.677,0.8905,0.8906,1.00,2.40
2009.09.17 11:59:48.846,0.89045,0.8906,19.60,2.40
2009.09.17 11:59:51.036,0.8905,0.89065,3.30,7.70
2009.09.17 11:59:51.316,0.8905,0.8906,2.40,2.40
2009.09.17 11:59:54.295,0.8905,0.8906,3.20,2.40
2009.09.17 11:59:54.576,0.8905,0.8906,2.40,2.40
