2009.09.28 23:00:00.481,0.92075,0.921,2.40,3.20
2009.09.28 23:00:13.578,0.92075,0.92095,2.40,1.00
2009.09.28 23:00:15.537,0.9207,0.921,9.10,5.80
2009.09.28 23:00:17.237,0.92075,0.921,2.40,5.80
2009.09.28 23:00:20.986,0.9207,0.9209,7.10,1.00
2009.09.28 23:00:21.166,0.92075,0.9209,2.40,1.00
2009.09.28 23:00:21.276,0.9207,0.9209,3.10,1.00
2009.09.28 23:00:21.396,0.9207,0.92095,3.10,3.60
2009.09.28 23:00:21.506,0.9207,0.9209,3.10,1.00
2009.09.28 23:00:22.155,0.92075,0.92095,2.40,2.50
2009.09.28 23:00:22.486,0.92075,0.921,2.40,3.30
2009.09.28 23:00:22.825,0.92075,0.92105,2.40,6.60
2009.09.28 23:00:23.265,0.92075,0.92105,2.40,5.70
2009.09.28 23:00:27.984,0.92075,0.921,2.40,1.00
2009.09.28 23:00:28.504,0.92075,0.92105,2.40,5.70
2009.09.28 23:00:28.844,0.92075,0.92105,2.40,6.60
2009.09.28 23:00:34.863,0.92075,0.921,2.40,3.30
2009.09.28 23:00:37.422,0.92075,0.92105,2.40,5.80
2009.09.28 23:00:40.311,0.92075,0.921,2.40,1.70
2009.09.28 23:00:40.671,0.92075,0.92105,2.40,6.60
2009.09.28 23:00:47.540,0.92075,0.92095,2.40,1.00
2009.09.28 23:00:48.619,0.92075,0.921,2.60,3.50
2009.09.28 23:00:48.909,0.92075,0.921,2.40,3.30
2009.09.28 23:00:49.609,0.92075,0.92105,2.40,5.70
2009.09.28 23:00:50.869,0.92075,0.92105,2.40,5.80
2009.09.28 23:00:51.869,0.9208,0.921,1.00,1.00
2009.09.28 23:00:52.518,0.92075,0.921,2.40,1.00
2009.09.28 23:00:52.738,0.92075,0.921,2.40,2.50
2009.09.28 23:00:52.899,0.92075,0.921,2.60,2.50
2009.09.28 23:00:53.118,0.92075,0.921,2.60,1.00
2009.09.28 23:00:54.998,0.92075,0.92095,2.60,1.00
2009.09.28 23:00:56.777,0.92075,0.921,1.80,3.50
2009.09.28 23:00:57.697,0.92075,0.921,2.60,3.50
2009.09.28 23:01:11.514,0.92075,0.921,2.40,3.30
2009.09.28 23:01:11.624,0.92075,0.921,2.40,3.30
2009.09.28 23:01:15.862,0.92075,0.921,2.40,3.30
2009.09.28 23:01:19.552,0.92075,0.921,2.40,1.00
2009.09.28 23:01:19.672,0.9208,0.921,1.00,1.00
2009.09.28 23:01:39.327,0.9208,0.921,1.00,2.40
2009.09.28 23:01:39.627,0.9208,0.921,1.00,4.70
2009.09.28 23:01:39.797,0.9208,0.921,1.00,3.10
2009.09.28 23:01:42.966,0.9208,0.921,1.00,3.20
2009.09.28 23:01:50.154,0.9208,0.921,1.00,3.10
2009.09.28 23:02:03.361,0.92075,0.921,1.00,3.20
2009.09.28 23:02:04.271,0.92075,0.92105,1.60,4.00
2009.09.28 23:02:05.751,0.92075,0.921,1.00,3.20
2009.09.28 23:02:16.028,0.9208,0.921,1.00,3.10
2009.09.28 23:02:29.965,0.92075,0.921,1.00,4.10
2009.09.28 23:02:30.325,0.92075,0.92105,1.00,6.60
2009.09.28 23:02:41.482,0.92075,0.921,1.00,5.60
2009.09.28 23:02:41.652,0.9208,0.92105,1.00,3.40
2009.09.28 23:02:41.992,0.92085,0.92105,1.00,3.30
2009.09.28 23:02:44.491,0.9208,0.9211,1.00,10.90
2009.09.28 23:02:44.601,0.9208,0.9211,2.60,8.90
2009.09.28 23:02:44.721,0.9208,0.9211,1.00,7.30
2009.09.28 23:02:44.881,0.92085,0.9211,1.00,9.00
2009.09.28 23:02:59.828,0.9208,0.92105,1.80,2.40
2009.09.28 23:03:00.937,0.9208,0.9211,1.80,9.70
2009.09.28 23:03:05.786,0.92085,0.92105,1.00,3.20
2009.09.28 23:03:06.086,0.9208,0.9211,1.80,7.20
2009.09.28 23:03:11.145,0.9208,0.92105,1.80,2.40
2009.09.28 23:03:12.065,0.9208,0.9211,1.80,9.70
2009.09.28 23:03:12.865,0.9208,0.9211,1.80,8.90
2009.09.28 23:03:14.034,0.9208,0.92105,1.80,3.20
2009.09.28 23:03:14.214,0.9208,0.92105,1.00,3.20
2009.09.28 23:03:14.724,0.9208,0.92105,1.80,3.20
2009.09.28 23:03:18.153,0.9208,0.92105,1.00,3.20
2009.09.28 23:03:18.783,0.9208,0.92105,1.80,3.20
2009.09.28 23:03:24.632,0.9208,0.92105,1.80,2.40
2009.09.28 23:03:25.791,0.9208,0.92105,1.80,3.20
2009.09.28 23:03:30.370,0.9208,0.92105,4.20,3.20
2009.09.28 23:03:30.830,0.92085,0.92105,1.00,3.20
2009.09.28 23:03:31.000,0.9208,0.9211,6.80,8.00
2009.09.28 23:03:31.470,0.9208,0.9211,7.20,7.30
2009.09.28 23:03:31.830,0.92085,0.9211,1.00,7.20
2009.09.28 23:03:33.200,0.92085,0.9211,1.00,7.20
2009.09.28 23:03:37.249,0.9208,0.92105,6.00,3.20
2009.09.28 23:03:37.769,0.9208,0.9211,4.40,7.30
2009.09.28 23:03:38.468,0.9208,0.9211,5.20,7.30
2009.09.28 23:03:39.708,0.9208,0.9211,6.80,7.30
2009.09.28 23:03:45.497,0.9208,0.92105,5.20,3.20
2009.09.28 23:03:51.635,0.9208,0.92105,6.80,3.20
2009.09.28 23:03:56.614,0.9208,0.92105,5.20,3.20
2009.09.28 23:04:13.450,0.92085,0.92105,1.00,3.20
2009.09.28 23:04:25.367,0.9208,0.92105,1.60,3.20
2009.09.28 23:04:26.937,0.9208,0.9211,1.80,10.50
2009.09.28 23:04:30.066,0.9208,0.92105,2.60,3.20
2009.09.28 23:04:30.296,0.92085,0.92105,1.00,3.20
2009.09.28 23:04:34.385,0.92085,0.92105,1.00,3.30
2009.09.28 23:04:34.615,0.9208,0.92105,1.80,3.40
2009.09.28 23:04:34.845,0.9208,0.9211,1.60,9.70
2009.09.28 23:04:35.475,0.9208,0.9211,1.80,9.70
2009.09.28 23:04:37.374,0.9208,0.9211,2.60,9.70
2009.09.28 23:04:37.664,0.9208,0.9211,4.20,9.70
2009.09.28 23:04:40.234,0.9208,0.92105,2.60,3.20
2009.09.28 23:04:40.764,0.9208,0.9211,2.60,9.70
2009.09.28 23:04:41.223,0.9208,0.9211,4.20,9.70
2009.09.28 23:04:46.432,0.9208,0.92105,2.60,3.20
2009.09.28 23:04:47.232,0.9208,0.9211,4.20,9.70
2009.09.28 23:04:50.411,0.9208,0.92105,2.60,3.20
2009.09.28 23:04:50.631,0.9208,0.92105,5.20,3.20
2009.09.28 23:04:50.851,0.9208,0.92105,1.80,3.20
2009.09.28 23:04:51.072,0.9208,0.921,1.60,2.40
2009.09.28 23:04:51.411,0.92075,0.921,9.90,2.40
2009.09.28 23:04:51.751,0.92075,0.921,7.20,2.50
2009.09.28 23:04:52.091,0.92075,0.92105,4.00,3.30
2009.09.28 23:04:52.371,0.9208,0.9211,1.00,9.90
2009.09.28 23:04:52.641,0.9208,0.9211,1.60,9.90
2009.09.28 23:04:52.930,0.9208,0.9211,1.60,10.50
2009.09.28 23:04:53.210,0.9208,0.92105,1.60,4.10
2009.09.28 23:04:53.430,0.9208,0.921,1.60,2.50
2009.09.28 23:04:53.880,0.92075,0.921,5.60,2.50
2009.09.28 23:04:54.120,0.92075,0.92105,5.60,5.70
2009.09.28 23:04:54.450,0.92075,0.921,8.30,2.40
2009.09.28 23:04:55.080,0.92075,0.921,5.60,2.40
2009.09.28 23:04:55.380,0.92075,0.921,4.30,2.40
2009.09.28 23:04:55.850,0.92075,0.921,1.60,2.40
2009.09.28 23:04:56.090,0.92075,0.92095,1.60,1.00
2009.09.28 23:04:56.260,0.92075,0.921,4.30,2.40
2009.09.28 23:04:57.179,0.92075,0.921,5.60,2.40
2009.09.28 23:04:57.479,0.92075,0.92095,5.60,1.00
2009.09.28 23:04:57.879,0.92075,0.921,1.60,2.50
2009.09.28 23:04:58.059,0.92075,0.92105,4.00,5.70
2009.09.28 23:04:58.239,0.92075,0.92105,4.30,5.70
2009.09.28 23:04:58.889,0.92075,0.92105,1.60,5.70
2009.09.28 23:04:59.189,0.92075,0.921,1.60,2.50
2009.09.28 23:04:59.469,0.92075,0.92105,8.30,5.70
2009.09.28 23:04:59.869,0.92075,0.92105,4.30,5.70
2009.09.28 23:05:00.039,0.92075,0.92105,1.60,5.70
2009.09.28 23:05:00.789,0.92075,0.92105,4.30,5.70
2009.09.28 23:05:02.278,0.92075,0.921,1.90,2.40
2009.09.28 23:05:02.458,0.92075,0.921,1.60,2.40
2009.09.28 23:05:02.568,0.92075,0.921,5.60,2.40
2009.09.28 23:05:03.148,0.92075,0.92095,5.60,1.00
2009.09.28 23:05:03.448,0.92075,0.92105,8.30,5.70
2009.09.28 23:05:04.078,0.92075,0.92105,5.60,5.70
2009.09.28 23:05:04.248,0.92075,0.92105,1.60,6.50
2009.09.28 23:05:04.428,0.92075,0.921,1.60,1.70
2009.09.28 23:05:04.598,0.92075,0.92105,4.30,4.90
2009.09.28 23:05:05.547,0.92075,0.92105,1.60,6.50
2009.09.28 23:05:05.937,0.92075,0.921,5.60,2.50
2009.09.28 23:05:06.167,0.92075,0.92105,8.00,5.70
2009.09.28 23:05:06.387,0.92075,0.92105,4.30,5.70
2009.09.28 23:05:06.917,0.92075,0.92105,1.60,5.70
2009.09.28 23:05:07.127,0.92075,0.921,1.60,2.50
2009.09.28 23:05:07.297,0.92075,0.92105,4.00,5.70
2009.09.28 23:05:07.357,0.92075,0.92105,4.30,5.70
2009.09.28 23:05:08.187,0.92075,0.921,5.60,2.40
2009.09.28 23:05:08.407,0.92075,0.92095,5.60,1.00
2009.09.28 23:05:08.576,0.92075,0.92095,1.60,1.00
2009.09.28 23:05:08.807,0.92075,0.921,1.60,2.40
2009.09.28 23:05:08.986,0.92075,0.921,4.30,2.40
2009.09.28 23:05:09.556,0.92075,0.921,1.90,2.40
2009.09.28 23:05:09.906,0.92075,0.92095,1.60,1.00
2009.09.28 23:05:10.606,0.92075,0.921,1.60,2.40
2009.09.28 23:05:10.936,0.92075,0.92095,1.60,1.00
2009.09.28 23:05:11.406,0.92075,0.921,1.60,2.40
2009.09.28 23:05:11.696,0.92075,0.921,5.60,2.40
2009.09.28 23:05:11.996,0.92075,0.921,5.60,2.40
2009.09.28 23:05:13.755,0.92075,0.921,6.40,2.40
2009.09.28 23:05:13.935,0.92075,0.921,8.00,2.40
2009.09.28 23:05:14.335,0.92075,0.921,8.00,2.40
2009.09.28 23:05:15.995,0.92075,0.921,2.40,2.40
2009.09.28 23:05:19.234,0.92075,0.921,1.60,2.40
2009.09.28 23:05:20.104,0.9207,0.921,8.40,2.40
2009.09.28 23:05:21.643,0.9207,0.921,10.40,2.40
2009.09.28 23:05:21.753,0.9207,0.92095,10.40,1.00
2009.09.28 23:05:26.152,0.92075,0.92095,1.60,1.00
2009.09.28 23:05:30.142,0.9207,0.92095,10.40,1.00
2009.09.28 23:05:30.371,0.92075,0.92095,1.00,1.00
2009.09.28 23:05:30.881,0.92075,0.92095,2.40,1.00
2009.09.28 23:05:33.990,0.92075,0.92095,1.00,1.00
2009.09.28 23:05:40.539,0.92075,0.92095,2.40,1.00
2009.09.28 23:05:43.498,0.92075,0.92095,1.00,1.00
2009.09.28 23:05:46.937,0.92075,0.92095,2.40,1.00
2009.09.28 23:05:58.754,0.92075,0.92095,1.00,1.00
2009.09.28 23:06:12.182,0.9207,0.92095,14.40,1.00
2009.09.28 23:06:12.411,0.92075,0.92095,1.60,1.00
2009.09.28 23:06:12.591,0.92075,0.92095,1.00,1.00
2009.09.28 23:06:13.311,0.92075,0.92095,2.40,1.00
2009.09.28 23:06:18.730,0.92075,0.92095,1.00,1.00
2009.09.28 23:06:23.119,0.9207,0.92085,7.90,1.00
2009.09.28 23:06:23.239,0.92065,0.92085,1.00,1.00
2009.09.28 23:06:23.349,0.92065,0.9209,1.00,7.20
2009.09.28 23:06:23.639,0.92065,0.92085,1.80,1.00
2009.09.28 23:06:23.928,0.92065,0.92085,1.70,1.00
2009.09.28 23:06:24.289,0.92065,0.92085,1.00,1.00
2009.09.28 23:06:31.757,0.92065,0.92085,1.00,1.00
2009.09.28 23:06:31.927,0.9207,0.92085,1.00,1.00
2009.09.28 23:06:40.135,0.92065,0.92085,5.20,1.00
2009.09.28 23:06:47.003,0.92065,0.92085,3.60,1.00
2009.09.28 23:06:47.283,0.92065,0.92085,5.20,1.00
2009.09.28 23:06:50.822,0.92065,0.92085,3.60,1.00
2009.09.28 23:06:51.172,0.92065,0.92085,5.20,1.00
2009.09.28 23:06:56.171,0.92065,0.92085,8.40,1.00
2009.09.28 23:06:56.461,0.92065,0.9209,9.20,4.00
2009.09.28 23:06:59.570,0.92065,0.9209,8.40,4.00
2009.09.28 23:06:59.810,0.92065,0.9209,6.80,4.00
2009.09.28 23:07:00.940,0.92065,0.9209,7.60,4.00
2009.09.28 23:07:01.119,0.92065,0.9209,9.20,4.00
2009.09.28 23:07:16.726,0.9207,0.9209,1.00,4.00
2009.09.28 23:07:18.105,0.92065,0.9209,9.20,4.00
2009.09.28 23:07:28.683,0.92065,0.9209,6.80,4.00
2009.09.28 23:07:28.803,0.92065,0.9209,7.60,4.00
2009.09.28 23:07:28.963,0.92065,0.9209,9.20,4.00
2009.09.28 23:07:29.193,0.92065,0.9209,7.60,4.00
2009.09.28 23:07:29.303,0.92065,0.9209,6.80,4.00
2009.09.28 23:07:29.693,0.92065,0.9209,6.80,4.00
2009.09.28 23:07:29.803,0.92065,0.9209,6.80,4.00
2009.09.28 23:07:30.523,0.92065,0.9209,7.60,4.00
2009.09.28 23:07:30.852,0.92065,0.9209,9.20,4.00
2009.09.28 23:07:46.698,0.92065,0.9209,8.40,4.00
2009.09.28 23:07:46.978,0.92065,0.9209,6.80,4.00
2009.09.28 23:07:47.738,0.92065,0.9209,6.80,4.00
2009.09.28 23:07:48.028,0.92065,0.9209,6.80,4.00
2009.09.28 23:07:48.308,0.92065,0.9209,8.40,4.00
2009.09.28 23:07:48.648,0.92065,0.9209,9.20,4.00
2009.09.28 23:07:53.307,0.92065,0.9209,6.00,7.10
2009.09.28 23:07:53.417,0.92065,0.9209,5.20,7.30
2009.09.28 23:07:53.887,0.92065,0.9209,3.60,7.30
2009.09.28 23:07:54.817,0.9207,0.9209,1.00,7.30
2009.09.28 23:07:59.625,0.9207,0.9209,2.50,1.50
2009.09.28 23:07:59.795,0.9207,0.9209,1.00,3.90
2009.09.28 23:08:00.025,0.9207,0.9209,2.50,4.70
2009.09.28 23:08:00.245,0.92065,0.9209,6.80,7.10
2009.09.28 23:08:00.625,0.92065,0.9209,5.20,7.10
2009.09.28 23:08:01.315,0.92065,0.9209,6.00,7.10
2009.09.28 23:08:01.605,0.92065,0.9209,2.40,7.10
2009.09.28 23:08:01.885,0.92065,0.92085,1.00,1.00
2009.09.28 23:08:02.175,0.92065,0.9209,4.00,3.90
2009.09.28 23:08:02.735,0.92065,0.9209,4.00,4.00
2009.09.28 23:08:03.015,0.92065,0.92085,1.00,1.00
2009.09.28 23:08:03.245,0.92065,0.92085,1.00,1.00
2009.09.28 23:08:03.744,0.92065,0.9209,1.00,7.70
2009.09.28 23:08:03.925,0.92065,0.9209,1.00,7.30
2009.09.28 23:08:04.554,0.92065,0.92085,1.00,1.00
2009.09.28 23:08:15.831,0.92065,0.9209,4.00,4.00
2009.09.28 23:08:16.171,0.92065,0.9209,4.20,4.00
2009.09.28 23:08:17.671,0.92065,0.9209,4.20,4.10
2009.09.28 23:08:18.951,0.92065,0.92085,4.20,1.00
2009.09.28 23:08:19.471,0.92065,0.92085,1.00,1.00
2009.09.28 23:08:19.711,0.92065,0.92085,1.00,1.00
2009.09.28 23:08:19.991,0.9206,0.92085,14.20,1.00
2009.09.28 23:08:20.270,0.9206,0.92085,14.60,1.00
2009.09.28 23:08:20.570,0.9206,0.92085,16.40,1.00
2009.09.28 23:08:20.860,0.9206,0.92085,14.60,1.00
2009.09.28 23:08:21.450,0.9206,0.92085,14.80,1.00
2009.09.28 23:08:21.740,0.9206,0.92085,16.40,1.00
2009.09.28 23:08:22.200,0.9206,0.92085,17.20,1.00
2009.09.28 23:08:22.440,0.9206,0.92085,17.00,1.00
2009.09.28 23:08:22.670,0.9206,0.92085,15.40,1.00
2009.09.28 23:08:23.790,0.9206,0.92085,15.60,1.00
2009.09.28 23:08:24.130,0.9206,0.92085,15.60,4.00
2009.09.28 23:08:24.419,0.9206,0.9208,8.80,1.00
2009.09.28 23:08:24.709,0.9206,0.9208,1.00,1.00
2009.09.28 23:08:25.180,0.92055,0.9208,18.00,1.00
2009.09.28 23:08:27.499,0.92055,0.9208,17.90,1.00
2009.09.28 23:08:28.739,0.9206,0.9208,1.00,1.00
2009.09.28 23:08:37.277,0.9206,0.9208,3.20,1.00
2009.09.28 23:08:37.566,0.9206,0.9208,2.40,1.00
2009.09.28 23:08:37.746,0.9206,0.9208,2.50,1.00
2009.09.28 23:08:38.546,0.9206,0.9208,4.10,1.00
2009.09.28 23:08:39.746,0.9206,0.9208,4.90,1.00
2009.09.28 23:08:40.446,0.9206,0.9208,4.90,1.00
2009.09.28 23:08:40.746,0.9206,0.92085,5.00,6.60
2009.09.28 23:08:41.035,0.9206,0.92085,3.40,6.40
2009.09.28 23:08:41.276,0.9206,0.92085,5.00,6.40
2009.09.28 23:08:59.351,0.9206,0.92085,8.20,3.20
2009.09.28 23:08:59.631,0.92065,0.92085,1.00,1.00
2009.09.28 23:08:59.971,0.92065,0.92085,1.00,1.00
2009.09.28 23:09:00.301,0.92065,0.92085,1.00,1.00
2009.09.28 23:09:00.600,0.9206,0.92085,12.40,1.00
2009.09.28 23:09:00.941,0.92065,0.92085,1.00,1.00
2009.09.28 23:09:04.849,0.92065,0.92085,1.00,1.00
2009.09.28 23:09:05.299,0.92065,0.92085,1.00,1.00
2009.09.28 23:09:05.539,0.9206,0.92085,12.40,1.00
2009.09.28 23:09:08.439,0.92065,0.92085,1.00,1.00
2009.09.28 23:09:08.618,0.9206,0.92085,12.40,1.00
2009.09.28 23:09:08.949,0.9206,0.92085,12.40,3.20
2009.09.28 23:09:09.288,0.9206,0.92085,9.00,3.20
2009.09.28 23:09:09.638,0.9206,0.9208,2.40,1.00
2009.09.28 23:09:09.978,0.9206,0.9208,1.00,1.00
2009.09.28 23:09:11.018,0.9206,0.9208,1.00,1.00
2009.09.28 23:09:11.368,0.9206,0.9208,1.70,1.00
2009.09.28 23:09:12.298,0.9206,0.9208,3.30,1.00
2009.09.28 23:09:18.036,0.9206,0.9208,3.20,1.00
2009.09.28 23:09:18.156,0.9206,0.9208,1.00,1.00
2009.09.28 23:09:20.186,0.9206,0.9208,1.00,1.00
2009.09.28 23:09:20.646,0.9206,0.9208,1.00,1.00
2009.09.28 23:09:44.680,0.9206,0.92085,1.00,6.40
2009.09.28 23:09:45.210,0.9206,0.9208,1.00,1.00
2009.09.28 23:09:45.440,0.9206,0.92085,1.00,6.80
2009.09.28 23:09:45.660,0.9206,0.92085,4.00,3.20
2009.09.28 23:09:46.350,0.9206,0.9208,1.00,1.00
2009.09.28 23:09:48.349,0.9206,0.9208,4.00,1.00
2009.09.28 23:09:48.629,0.9206,0.92085,4.20,3.20
2009.09.28 23:09:49.669,0.9206,0.92085,4.00,3.20
2009.09.28 23:09:50.948,0.9206,0.92085,4.20,3.20
2009.09.28 23:10:07.275,0.9206,0.92085,6.60,1.00
2009.09.28 23:10:07.445,0.9206,0.92085,7.40,4.00
2009.09.28 23:10:07.725,0.92065,0.92085,6.40,1.00
2009.09.28 23:10:07.904,0.92065,0.9209,6.40,4.10
2009.09.28 23:10:08.074,0.9207,0.9209,4.00,1.00
2009.09.28 23:10:08.424,0.9207,0.9209,1.00,1.50
2009.09.28 23:10:09.164,0.92065,0.9209,6.60,1.60
2009.09.28 23:10:09.444,0.92065,0.9209,6.40,4.00
2009.09.28 23:10:10.414,0.92065,0.92085,3.20,1.00
2009.09.28 23:10:10.824,0.9207,0.9209,4.00,1.00
2009.09.28 23:10:11.513,0.92065,0.92085,3.20,1.00
2009.09.28 23:10:19.631,0.92065,0.92085,1.00,3.20
2009.09.28 23:10:20.611,0.92065,0.92085,1.00,1.00
2009.09.28 23:10:20.941,0.92065,0.92085,1.00,1.00
2009.09.28 23:10:24.850,0.9207,0.9209,4.00,3.10
2009.09.28 23:10:28.639,0.9207,0.9209,4.20,1.00
2009.09.28 23:10:28.989,0.9207,0.9209,4.00,1.00
2009.09.28 23:10:30.029,0.9207,0.9209,4.20,1.00
2009.09.28 23:10:35.888,0.9207,0.9209,1.00,4.10
2009.09.28 23:10:36.347,0.9207,0.9209,1.00,4.00
2009.09.28 23:10:38.367,0.9207,0.9209,4.00,3.20
2009.09.28 23:10:38.647,0.9207,0.9209,4.20,1.00
2009.09.28 23:10:38.987,0.9207,0.9209,4.20,1.00
2009.09.28 23:10:42.796,0.9207,0.9209,6.60,1.00
2009.09.28 23:10:47.465,0.9207,0.9209,6.40,1.00
2009.09.28 23:10:47.795,0.9207,0.9209,3.20,1.50
2009.09.28 23:10:47.965,0.9207,0.9209,3.20,1.60
2009.09.28 23:10:49.464,0.9207,0.9209,3.20,1.70
2009.09.28 23:10:50.874,0.9207,0.9209,3.30,1.70
2009.09.28 23:10:51.914,0.9207,0.9209,3.20,1.60
2009.09.28 23:11:02.031,0.9207,0.9209,3.20,1.70
2009.09.28 23:11:02.601,0.9207,0.9209,6.40,1.00
2009.09.28 23:11:05.441,0.9207,0.9209,4.00,1.00
2009.09.28 23:11:06.360,0.92075,0.9209,1.00,1.00
2009.09.28 23:11:07.390,0.92075,0.9209,4.00,1.00
2009.09.28 23:11:11.949,0.9208,0.9209,1.00,1.00
2009.09.28 23:11:12.289,0.9208,0.9209,6.50,1.00
2009.09.28 23:11:12.649,0.9208,0.92105,7.00,4.80
2009.09.28 23:11:12.929,0.9208,0.92105,7.40,7.40
2009.09.28 23:11:13.149,0.9208,0.92105,7.00,8.10
2009.09.28 23:11:13.379,0.9208,0.92105,7.00,11.30
2009.09.28 23:11:13.558,0.92085,0.92105,1.00,5.70
2009.09.28 23:11:13.729,0.92085,0.92105,1.00,1.00
2009.09.28 23:11:14.298,0.9208,0.92105,6.60,6.60
2009.09.28 23:11:14.658,0.9208,0.92105,6.60,7.40
2009.09.28 23:11:14.998,0.9208,0.92105,7.40,4.20
2009.09.28 23:11:15.278,0.9208,0.92105,9.00,3.20
2009.09.28 23:11:15.568,0.9208,0.92105,9.00,7.20
2009.09.28 23:11:15.798,0.9208,0.92105,9.00,10.40
2009.09.28 23:11:16.298,0.9208,0.92105,9.00,7.20
2009.09.28 23:11:16.578,0.9208,0.92105,2.60,10.40
2009.09.28 23:11:16.868,0.9208,0.92105,1.00,10.40
2009.09.28 23:11:17.099,0.9208,0.92105,1.00,11.20
2009.09.28 23:11:17.608,0.9208,0.92105,1.00,10.40
2009.09.28 23:11:18.927,0.9208,0.92105,4.20,10.40
2009.09.28 23:11:19.317,0.9208,0.92105,4.20,11.20
2009.09.28 23:11:21.737,0.9208,0.92105,1.00,11.20
2009.09.28 23:11:22.566,0.9208,0.92105,1.00,10.40
2009.09.28 23:11:26.315,0.9208,0.92105,1.00,11.20
2009.09.28 23:11:35.763,0.9208,0.92105,4.20,11.20
2009.09.28 23:11:36.003,0.9208,0.92105,6.60,7.20
2009.09.28 23:11:37.503,0.9208,0.92105,7.40,7.20
2009.09.28 23:11:37.673,0.9208,0.92105,9.00,7.20
2009.09.28 23:11:40.412,0.9208,0.92105,9.00,11.20
2009.09.28 23:11:44.231,0.9208,0.92105,9.00,7.20
2009.09.28 23:11:46.591,0.9208,0.92105,5.80,7.20
2009.09.28 23:11:46.701,0.9208,0.92105,8.20,7.20
2009.09.28 23:11:46.821,0.9208,0.92105,9.00,7.20
2009.09.28 23:11:51.960,0.9208,0.92105,5.80,7.40
2009.09.28 23:11:52.139,0.9208,0.92105,3.40,7.40
2009.09.28 23:12:01.867,0.9208,0.92105,2.60,7.40
2009.09.28 23:12:02.907,0.9208,0.92105,3.40,7.40
2009.09.28 23:12:06.586,0.9208,0.921,3.40,1.00
2009.09.28 23:12:06.826,0.9208,0.921,3.30,1.00
2009.09.28 23:12:07.695,0.9208,0.921,3.30,1.00
2009.09.28 23:12:07.926,0.9208,0.92105,4.20,7.20
2009.09.28 23:12:08.155,0.9208,0.92105,5.80,7.20
2009.09.28 23:12:08.335,0.9208,0.921,5.80,1.60
2009.09.28 23:12:08.445,0.9208,0.921,3.40,1.60
2009.09.28 23:12:08.565,0.9208,0.921,2.50,1.60
2009.09.28 23:12:16.083,0.9208,0.921,2.40,1.60
2009.09.28 23:12:16.263,0.9208,0.921,1.00,1.60
2009.09.28 23:12:17.813,0.9208,0.921,1.00,1.60
2009.09.28 23:12:20.642,0.9208,0.921,2.50,1.60
2009.09.28 23:12:23.412,0.9208,0.921,2.40,1.60
2009.09.28 23:12:23.652,0.9208,0.921,1.00,1.60
2009.09.28 23:12:24.931,0.9208,0.921,1.00,1.60
2009.09.28 23:12:40.578,0.9208,0.921,2.50,1.60
2009.09.28 23:12:48.556,0.9208,0.921,5.60,1.00
2009.09.28 23:12:48.676,0.9208,0.921,8.30,1.00
2009.09.28 23:12:48.856,0.92085,0.921,1.00,1.00
2009.09.28 23:12:49.096,0.9208,0.921,1.00,1.00
2009.09.28 23:12:49.615,0.9208,0.921,2.60,1.00
2009.09.28 23:12:51.165,0.92085,0.921,1.00,1.00
2009.09.28 23:12:51.405,0.9208,0.921,6.40,1.00
2009.09.28 23:12:52.055,0.9208,0.921,4.80,1.00
2009.09.28 23:12:52.915,0.92085,0.921,1.00,1.00
2009.09.28 23:12:59.013,0.9208,0.921,2.50,1.60
2009.09.28 23:12:59.303,0.92075,0.921,14.40,4.00
2009.09.28 23:12:59.543,0.92075,0.921,12.80,4.00
2009.09.28 23:13:00.853,0.92075,0.921,8.80,4.00
2009.09.28 23:13:01.783,0.92075,0.921,10.40,4.00
2009.09.28 23:13:15.119,0.92075,0.921,8.80,4.00
2009.09.28 23:13:32.055,0.92075,0.921,8.30,4.00
2009.09.28 23:13:35.674,0.92075,0.921,5.10,7.20
2009.09.28 23:13:35.965,0.92075,0.92095,5.00,1.00
2009.09.28 23:13:37.774,0.92075,0.92095,5.20,1.00
2009.09.28 23:13:46.012,0.92075,0.921,8.40,7.20
2009.09.28 23:13:47.711,0.92075,0.921,8.40,7.40
2009.09.28 23:13:52.390,0.92075,0.921,8.40,4.20
2009.09.28 23:13:56.839,0.92075,0.921,8.40,7.40
2009.09.28 23:13:57.009,0.92075,0.921,8.30,7.20
2009.09.28 23:13:58.929,0.92075,0.921,8.40,7.20
2009.09.28 23:14:00.628,0.92075,0.921,8.40,7.20
2009.09.28 23:14:48.637,0.92075,0.921,8.40,7.20
2009.09.28 23:15:00.744,0.92075,0.921,8.40,4.00
2009.09.28 23:15:01.094,0.92075,0.921,8.40,7.20
2009.09.28 23:15:01.624,0.92075,0.921,8.40,4.00
2009.09.28 23:15:10.841,0.92075,0.921,8.40,7.20
2009.09.28 23:15:11.891,0.9208,0.921,1.00,7.20
2009.09.28 23:15:12.171,0.9208,0.921,1.20,1.60
2009.09.28 23:15:12.411,0.9208,0.921,1.00,1.00
2009.09.28 23:15:12.691,0.9208,0.921,4.00,1.00
2009.09.28 23:15:12.801,0.9208,0.921,4.00,1.00
2009.09.28 23:15:13.161,0.9208,0.921,1.00,1.60
2009.09.28 23:15:13.221,0.9208,0.921,1.00,1.60
2009.09.28 23:15:22.069,0.9208,0.921,1.00,1.00
2009.09.28 23:15:22.189,0.9208,0.921,1.00,1.00
2009.09.28 23:15:22.309,0.9208,0.921,3.60,1.00
2009.09.28 23:15:24.768,0.92085,0.921,1.00,1.00
2009.09.28 23:15:25.168,0.92085,0.921,1.00,1.00
2009.09.28 23:15:26.937,0.92085,0.921,1.00,1.00
2009.09.28 23:15:31.797,0.92085,0.921,1.00,1.00
2009.09.28 23:15:34.976,0.92085,0.921,1.00,1.00
2009.09.28 23:15:41.894,0.92085,0.921,1.00,1.00
2009.09.28 23:15:42.184,0.9208,0.921,6.80,1.00
2009.09.28 23:15:42.424,0.9208,0.921,3.60,1.00
2009.09.28 23:15:42.994,0.9208,0.921,6.80,1.00
2009.09.28 23:15:45.503,0.9208,0.921,3.60,1.00
2009.09.28 23:15:48.023,0.92085,0.921,1.00,1.00
2009.09.28 23:15:48.712,0.9208,0.921,6.80,1.00
2009.09.28 23:15:48.892,0.9208,0.921,3.60,1.00
2009.09.28 23:15:51.712,0.92085,0.921,1.00,1.00
2009.09.28 23:15:52.681,0.92085,0.921,1.00,1.00
2009.09.28 23:15:53.081,0.9208,0.921,4.00,1.00
2009.09.28 23:15:53.301,0.9208,0.921,6.80,1.00
2009.09.28 23:15:53.481,0.9208,0.921,3.60,1.00
2009.09.28 23:15:53.901,0.9208,0.921,6.80,1.00
2009.09.28 23:15:54.771,0.9208,0.921,6.80,1.00
2009.09.28 23:15:55.061,0.9208,0.921,6.80,1.00
2009.09.28 23:15:56.331,0.92085,0.921,1.00,1.00
2009.09.28 23:15:56.561,0.92085,0.921,1.00,1.00
2009.09.28 23:15:57.950,0.92085,0.921,1.00,1.00
2009.09.28 23:16:05.438,0.92085,0.921,1.00,1.00
2009.09.28 23:16:05.678,0.9208,0.921,5.00,1.00
2009.09.28 23:16:05.958,0.9208,0.921,6.60,1.00
2009.09.28 23:16:06.248,0.9208,0.921,6.80,1.00
2009.09.28 23:16:13.697,0.9208,0.921,6.70,1.00
2009.09.28 23:16:14.946,0.9208,0.921,6.80,1.00
2009.09.28 23:16:20.285,0.92085,0.921,1.00,1.00
2009.09.28 23:16:43.699,0.9208,0.921,9.20,1.00
2009.09.28 23:16:43.869,0.9208,0.921,6.80,1.00
2009.09.28 23:16:48.578,0.9208,0.921,3.60,1.00
2009.09.28 23:16:51.577,0.92085,0.921,1.00,1.00
2009.09.28 23:16:52.727,0.92085,0.921,1.00,1.00
2009.09.28 23:16:53.197,0.92085,0.921,1.00,1.00
2009.09.28 23:16:53.537,0.9208,0.921,10.00,1.00
2009.09.28 23:16:53.717,0.9208,0.921,6.80,1.00
2009.09.28 23:17:21.120,0.9208,0.921,7.20,1.00
2009.09.28 23:17:21.400,0.92085,0.921,1.00,1.00
2009.09.28 23:17:24.429,0.92085,0.921,1.00,1.00
2009.09.28 23:17:24.719,0.9208,0.921,6.80,1.00
2009.09.28 23:17:25.669,0.9208,0.921,6.80,1.00
2009.09.28 23:17:25.949,0.9208,0.921,6.80,1.00
2009.09.28 23:17:30.008,0.92085,0.921,1.00,1.00
2009.09.28 23:17:30.118,0.92085,0.921,1.00,1.00
2009.09.28 23:17:30.348,0.92085,0.921,1.00,1.00
2009.09.28 23:17:31.038,0.9208,0.921,6.80,1.00
2009.09.28 23:17:50.453,0.92085,0.921,1.00,1.00
2009.09.28 23:17:53.992,0.9208,0.921,6.80,1.00
2009.09.28 23:18:23.395,0.9208,0.921,2.80,1.60
2009.09.28 23:18:23.695,0.92075,0.92095,12.00,2.40
2009.09.28 23:18:23.995,0.92075,0.92095,1.00,4.80
2009.09.28 23:18:24.275,0.92075,0.92095,1.00,8.80
2009.09.28 23:18:24.505,0.92075,0.92095,1.00,9.60
2009.09.28 23:18:24.775,0.9207,0.92095,9.00,9.60
2009.09.28 23:18:26.054,0.9207,0.92095,8.60,9.60
2009.09.28 23:18:26.234,0.92075,0.92095,1.00,9.60
2009.09.28 23:18:26.584,0.92075,0.92095,1.00,9.60
2009.09.28 23:18:26.874,0.92075,0.92095,1.00,7.20
2009.09.28 23:18:29.064,0.92075,0.92095,1.00,7.40
2009.09.28 23:18:29.224,0.9207,0.9209,9.20,2.40
2009.09.28 23:18:29.344,0.9207,0.9209,5.80,2.40
2009.09.28 23:18:29.514,0.9207,0.9209,4.20,2.40
2009.09.28 23:18:36.412,0.92075,0.9209,1.00,2.40
2009.09.28 23:18:36.642,0.92075,0.92095,1.00,8.00
2009.09.28 23:18:36.882,0.92075,0.92095,1.00,7.20
2009.09.28 23:18:37.942,0.92075,0.92095,1.00,7.20
2009.09.28 23:18:38.182,0.92075,0.92095,1.00,7.20
2009.09.28 23:18:38.482,0.9207,0.92095,6.60,7.20
2009.09.28 23:18:38.932,0.9207,0.92095,6.60,9.60
2009.09.28 23:18:39.521,0.92075,0.92095,6.40,4.00
2009.09.28 23:18:39.811,0.92075,0.921,10.70,4.80
2009.09.28 23:18:40.041,0.92075,0.921,12.30,4.80
2009.09.28 23:18:40.341,0.92075,0.921,8.30,4.80
2009.09.28 23:18:40.741,0.92075,0.92095,1.00,1.00
2009.09.28 23:18:40.901,0.9207,0.92095,18.00,1.00
2009.09.28 23:18:41.741,0.92075,0.92095,1.00,1.00
2009.09.28 23:18:41.961,0.92075,0.92095,6.50,1.00
2009.09.28 23:18:42.191,0.92075,0.921,6.80,7.40
2009.09.28 23:18:42.421,0.92075,0.92095,2.70,1.00
2009.09.28 23:18:42.651,0.92075,0.92095,2.40,4.20
2009.09.28 23:18:42.881,0.9207,0.9209,3.50,1.00
2009.09.28 23:18:43.161,0.92065,0.9209,17.20,3.20
2009.09.28 23:18:43.681,0.9207,0.9209,1.00,3.20
2009.09.28 23:18:43.970,0.92065,0.9209,13.10,3.20
2009.09.28 23:18:44.200,0.9207,0.9209,1.00,1.00
2009.09.28 23:18:44.480,0.9207,0.9209,6.60,1.00
2009.09.28 23:18:44.770,0.9207,0.92095,10.70,3.20
2009.09.28 23:18:45.710,0.9207,0.92095,10.80,3.20
2009.09.28 23:18:45.920,0.9207,0.92095,10.80,3.20
2009.09.28 23:18:46.450,0.92075,0.9209,2.40,1.00
2009.09.28 23:18:46.730,0.9207,0.9209,4.00,6.40
2009.09.28 23:18:47.010,0.92065,0.92085,1.00,1.00
2009.09.28 23:18:47.309,0.92065,0.92085,3.40,1.00
2009.09.28 23:18:47.589,0.92065,0.9209,14.00,1.00
2009.09.28 23:18:47.819,0.9207,0.92095,1.00,7.60
2009.09.28 23:18:48.050,0.9207,0.9209,1.00,1.00
2009.09.28 23:18:48.799,0.9207,0.92095,1.00,6.40
2009.09.28 23:18:49.659,0.9207,0.9209,1.00,1.00
2009.09.28 23:18:49.829,0.9207,0.92095,1.00,6.80
2009.09.28 23:18:50.009,0.9207,0.92095,1.00,6.40
2009.09.28 23:18:51.278,0.9207,0.92095,9.60,3.20
2009.09.28 23:18:51.509,0.9207,0.9209,10.40,1.00
2009.09.28 23:18:51.688,0.9207,0.9209,6.40,1.00
2009.09.28 23:18:51.918,0.9207,0.92095,8.80,3.20
2009.09.28 23:18:52.089,0.9207,0.92095,10.40,3.20
2009.09.28 23:18:52.438,0.9207,0.92095,12.30,3.20
2009.09.28 23:18:52.728,0.9207,0.9209,6.40,1.00
2009.09.28 23:18:53.068,0.9207,0.9209,7.20,1.00
2009.09.28 23:18:53.368,0.9207,0.9209,4.80,1.00
2009.09.28 23:18:53.658,0.9207,0.92095,4.80,6.80
2009.09.28 23:18:53.948,0.9207,0.92095,4.80,6.40
2009.09.28 23:18:54.578,0.92075,0.92095,4.00,6.40
2009.09.28 23:18:54.927,0.9207,0.9209,4.80,1.00
2009.09.28 23:18:55.617,0.9207,0.9209,4.80,1.00
2009.09.28 23:18:55.857,0.9207,0.92095,8.00,3.20
2009.09.28 23:18:56.867,0.9207,0.9209,4.80,1.00
2009.09.28 23:18:57.217,0.9207,0.9209,4.80,1.00
2009.09.28 23:18:57.517,0.9207,0.92095,4.80,6.40
2009.09.28 23:18:57.737,0.9207,0.92095,8.00,3.20
2009.09.28 23:18:58.187,0.9207,0.92095,4.80,6.40
2009.09.28 23:18:58.427,0.9207,0.92095,8.00,3.20
2009.09.28 23:18:58.716,0.9207,0.92095,10.70,3.20
2009.09.28 23:18:58.776,0.9207,0.92095,10.80,3.20
2009.09.28 23:18:58.957,0.9207,0.92095,7.60,6.40
2009.09.28 23:18:59.067,0.9207,0.92095,3.60,6.40
2009.09.28 23:18:59.126,0.9207,0.9209,3.60,1.00
2009.09.28 23:18:59.247,0.9207,0.9209,1.10,1.00
2009.09.28 23:18:59.306,0.9207,0.9209,1.00,1.00
2009.09.28 23:19:06.195,0.92065,0.9209,21.50,1.00
2009.09.28 23:19:06.375,0.92065,0.9209,11.50,1.00
2009.09.28 23:19:06.725,0.92065,0.9209,15.50,1.00
2009.09.28 23:20:06.360,0.92065,0.9209,15.40,1.00
2009.09.28 23:20:06.540,0.92065,0.9209,11.40,1.00
2009.09.28 23:20:07.400,0.92065,0.9209,12.20,1.00
2009.09.28 23:20:07.630,0.9207,0.9209,1.00,1.00
2009.09.28 23:20:07.850,0.92065,0.9209,15.90,1.00
2009.09.28 23:20:08.020,0.92065,0.9209,17.50,1.00
2009.09.28 23:20:08.250,0.92065,0.9209,15.90,1.00
2009.09.28 23:20:08.420,0.92065,0.9209,15.50,1.00
2009.09.28 23:20:17.018,0.9207,0.9209,1.00,1.00
2009.09.28 23:20:17.538,0.92065,0.9209,18.40,1.00
2009.09.28 23:20:18.098,0.92065,0.9209,11.50,1.00
2009.09.28 23:20:18.327,0.92065,0.9209,15.50,1.00
2009.09.28 23:20:22.407,0.9207,0.9209,1.00,1.00
2009.09.28 23:20:22.697,0.92065,0.9209,21.20,1.00
2009.09.28 23:20:22.816,0.92065,0.9209,21.10,1.00
2009.09.28 23:20:22.927,0.92065,0.9209,15.50,1.00
2009.09.28 23:20:24.416,0.92065,0.9209,19.50,1.00
2009.09.28 23:20:35.333,0.9207,0.9209,1.00,1.00
2009.09.28 23:20:35.623,0.92065,0.9209,21.10,1.00
2009.09.28 23:20:36.133,0.92065,0.9209,15.50,1.00
2009.09.28 23:20:46.341,0.9207,0.9209,1.00,1.00
2009.09.28 23:20:49.790,0.9207,0.92095,4.00,3.80
2009.09.28 23:20:49.850,0.9207,0.92095,4.80,3.40
2009.09.28 23:20:50.020,0.9207,0.92095,13.10,3.20
2009.09.28 23:20:51.180,0.9207,0.92095,12.30,6.40
2009.09.28 23:20:51.570,0.9207,0.92095,12.00,3.20
2009.09.28 23:20:52.479,0.9207,0.92095,12.80,3.20
2009.09.28 23:20:52.659,0.9207,0.92095,10.40,3.20
2009.09.28 23:20:55.708,0.9207,0.92095,10.60,3.20
2009.09.28 23:21:05.386,0.92075,0.92095,3.20,1.00
2009.09.28 23:21:05.626,0.9207,0.92095,17.60,3.20
2009.09.28 23:21:05.966,0.92075,0.92095,1.00,3.20
2009.09.28 23:21:06.306,0.9207,0.92095,10.60,3.20
2009.09.28 23:21:06.606,0.9207,0.92095,12.00,3.20
2009.09.28 23:21:07.516,0.9207,0.92095,12.80,3.20
2009.09.28 23:21:07.815,0.9207,0.92095,14.40,3.20
2009.09.28 23:21:09.895,0.9207,0.92095,17.00,3.20
2009.09.28 23:21:09.955,0.9207,0.92095,17.20,3.20
2009.09.28 23:21:13.604,0.92075,0.92095,1.00,4.00
2009.09.28 23:21:51.065,0.92075,0.92095,1.00,7.20
2009.09.28 23:21:51.295,0.9207,0.92095,13.20,7.20
2009.09.28 23:21:51.575,0.9207,0.92095,13.20,4.00
2009.09.28 23:21:51.815,0.9207,0.92095,13.60,4.00
2009.09.28 23:21:52.035,0.9207,0.92095,13.60,7.20
2009.09.28 23:21:52.215,0.9207,0.92095,13.20,7.20
2009.09.28 23:21:52.445,0.9207,0.92095,13.60,7.20
2009.09.28 23:22:07.001,0.9207,0.92095,13.20,7.20
2009.09.28 23:22:07.231,0.9207,0.92095,13.60,7.20
2009.09.28 23:22:10.690,0.9207,0.9209,2.50,1.00
2009.09.28 23:22:11.160,0.9207,0.9209,1.00,1.00
2009.09.28 23:22:15.049,0.9207,0.9209,1.00,3.20
2009.09.28 23:22:15.229,0.92065,0.9209,8.40,3.40
2009.09.28 23:22:18.029,0.9207,0.9209,4.10,2.40
2009.09.28 23:22:18.149,0.9207,0.92095,6.80,8.00
2009.09.28 23:22:18.319,0.9207,0.92095,7.60,7.20
2009.09.28 23:22:18.439,0.9207,0.92095,6.80,4.00
2009.09.28 23:22:19.259,0.9207,0.92095,11.20,4.00
2009.09.28 23:22:20.008,0.92075,0.92095,1.00,4.00
2009.09.28 23:22:21.158,0.92075,0.92095,4.20,3.20
2009.09.28 23:22:21.338,0.92075,0.92095,4.10,3.20
2009.09.28 23:22:21.518,0.92075,0.92095,4.20,3.20
2009.09.28 23:22:22.038,0.92075,0.92095,4.20,1.00
2009.09.28 23:22:23.237,0.92075,0.92095,4.20,3.20
2009.09.28 23:22:24.157,0.92075,0.92095,1.00,3.20
2009.09.28 23:22:27.556,0.92075,0.92095,1.00,4.00
2009.09.28 23:22:27.666,0.92075,0.92095,1.00,4.00
2009.09.28 23:22:29.636,0.92075,0.92095,4.20,1.00
2009.09.28 23:22:29.806,0.92075,0.92095,7.00,1.00
2009.09.28 23:22:30.016,0.92075,0.92095,14.40,1.00
2009.09.28 23:22:30.196,0.92075,0.92095,16.00,1.00
2009.09.28 23:22:31.436,0.92075,0.92095,16.80,1.00
2009.09.28 23:22:31.605,0.92075,0.92095,18.40,1.00
2009.09.28 23:22:31.725,0.9208,0.92095,1.00,1.00
2009.09.28 23:22:31.905,0.9208,0.92095,1.60,1.00
2009.09.28 23:22:32.086,0.9208,0.92095,1.80,1.00
2009.09.28 23:22:32.375,0.9208,0.92095,3.40,1.00
2009.09.28 23:22:32.495,0.9208,0.92095,3.30,1.00
2009.09.28 23:22:32.785,0.9208,0.92095,3.40,1.00
2009.09.28 23:22:33.115,0.9208,0.92095,3.30,1.00
2009.09.28 23:22:33.405,0.9208,0.92095,3.40,1.00
2009.09.28 23:22:34.095,0.9208,0.92095,2.50,1.00
2009.09.28 23:22:34.265,0.9208,0.92095,1.00,1.00
2009.09.28 23:22:55.760,0.9208,0.92095,1.00,1.00
2009.09.28 23:22:56.829,0.9208,0.92095,1.00,1.00
2009.09.28 23:23:00.938,0.92075,0.92095,17.20,1.00
2009.09.28 23:23:01.108,0.92075,0.92095,13.80,1.00
2009.09.28 23:23:01.398,0.92075,0.92095,10.60,1.00
2009.09.28 23:23:04.347,0.92075,0.92095,10.40,1.00
2009.09.28 23:23:04.458,0.92075,0.92095,6.40,1.60
2009.09.28 23:23:04.517,0.92075,0.92095,6.40,1.60
2009.09.28 23:23:04.637,0.92075,0.92095,2.40,1.60
2009.09.28 23:23:04.697,0.9207,0.92095,11.00,4.00
2009.09.28 23:23:06.917,0.9207,0.92095,11.00,4.20
2009.09.28 23:23:13.186,0.9207,0.92095,10.60,7.40
2009.09.28 23:23:13.725,0.9207,0.92095,6.60,7.40
2009.09.28 23:23:26.892,0.9207,0.9209,1.00,2.40
2009.09.28 23:23:27.122,0.9207,0.9209,1.00,2.40
2009.09.28 23:23:27.402,0.9207,0.9209,1.00,2.40
2009.09.28 23:23:28.682,0.9207,0.9209,4.00,2.40
2009.09.28 23:23:28.862,0.92075,0.92095,1.00,4.80
2009.09.28 23:23:29.032,0.92075,0.92095,3.30,1.60
2009.09.28 23:23:29.142,0.92075,0.92095,3.30,4.00
2009.09.28 23:23:29.202,0.92075,0.92095,2.40,4.00
2009.09.28 23:23:29.432,0.92075,0.92095,2.40,7.20
2009.09.28 23:23:29.773,0.9207,0.9209,4.80,1.00
2009.09.28 23:23:29.882,0.9207,0.9209,6.40,1.00
2009.09.28 23:23:29.941,0.9207,0.92095,6.70,4.80
2009.09.28 23:23:30.291,0.9207,0.9209,6.40,1.00
2009.09.28 23:23:30.631,0.9207,0.92095,6.40,7.20
2009.09.28 23:23:31.361,0.9207,0.92095,3.20,7.20
2009.09.28 23:23:31.601,0.9207,0.92095,3.60,7.20
2009.09.28 23:23:31.891,0.9207,0.92095,7.60,7.20
2009.09.28 23:23:32.121,0.9207,0.92095,3.20,8.20
2009.09.28 23:23:32.921,0.9207,0.9209,3.20,1.00
2009.09.28 23:23:33.151,0.9207,0.9209,3.20,1.00
2009.09.28 23:23:33.690,0.9207,0.9209,3.20,1.00
2009.09.28 23:23:33.860,0.9207,0.9209,3.30,1.00
2009.09.28 23:23:34.440,0.9207,0.92095,3.40,8.20
2009.09.28 23:23:35.890,0.9207,0.92095,3.40,9.60
2009.09.28 23:23:40.209,0.9207,0.9209,3.40,1.00
2009.09.28 23:23:41.219,0.9207,0.9209,1.00,4.20
2009.09.28 23:23:41.688,0.9207,0.9209,1.00,3.40
2009.09.28 23:24:24.888,0.9207,0.9209,1.00,6.60
2009.09.28 23:24:38.005,0.92065,0.9209,8.40,6.40
2009.09.28 23:24:38.185,0.92065,0.9209,14.00,6.40
2009.09.28 23:24:38.305,0.9207,0.9209,1.00,3.20
2009.09.28 23:24:44.024,0.92065,0.9209,10.60,6.80
2009.09.28 23:24:44.193,0.92065,0.92085,3.40,2.40
2009.09.28 23:24:45.523,0.92065,0.92085,6.50,2.40
2009.09.28 23:24:45.763,0.92065,0.9209,15.20,3.20
2009.09.28 23:24:45.993,0.9207,0.92085,1.00,2.40
2009.09.28 23:24:46.343,0.92075,0.92085,1.00,2.40
2009.09.28 23:24:46.563,0.92075,0.92085,1.00,2.40
2009.09.28 23:24:46.733,0.9207,0.92085,4.00,2.40
2009.09.28 23:24:49.102,0.9207,0.92085,1.00,2.40
2009.09.28 23:24:49.332,0.92065,0.92085,1.20,2.50
2009.09.28 23:24:49.562,0.92065,0.92085,1.00,2.50
2009.09.28 23:24:51.742,0.92065,0.92085,3.20,2.50
2009.09.28 23:24:51.972,0.92065,0.92085,1.00,2.50
2009.09.28 23:24:52.322,0.92065,0.92085,1.00,3.40
2009.09.28 23:24:53.021,0.9206,0.92085,10.80,3.40
2009.09.28 23:24:54.591,0.92065,0.92085,1.00,2.50
2009.09.28 23:24:55.061,0.92065,0.92085,1.00,2.40
2009.09.28 23:24:59.430,0.92065,0.92085,4.00,2.40
2009.09.28 23:24:59.780,0.92065,0.92085,1.00,3.20
2009.09.28 23:24:59.890,0.92065,0.92085,3.20,2.40
2009.09.28 23:25:00.110,0.92065,0.92085,3.20,3.20
2009.09.28 23:25:00.230,0.92065,0.92085,1.00,3.20
2009.09.28 23:25:14.107,0.9206,0.92085,17.40,6.40
2009.09.28 23:25:14.326,0.92065,0.9208,4.00,2.40
2009.09.28 23:25:14.556,0.92065,0.92085,4.00,2.40
2009.09.28 23:25:14.836,0.92065,0.92085,4.80,2.40
2009.09.28 23:25:15.386,0.92065,0.92085,4.00,2.40
2009.09.28 23:25:16.886,0.92065,0.92085,1.00,3.20
2009.09.28 23:25:17.126,0.92065,0.92085,1.00,3.20
2009.09.28 23:25:19.855,0.9206,0.92085,18.20,3.20
2009.09.28 23:25:20.095,0.9206,0.92085,11.00,3.20
2009.09.28 23:25:20.605,0.9206,0.92085,11.00,4.80
2009.09.28 23:25:21.275,0.92065,0.92085,1.00,2.40
2009.09.28 23:25:21.615,0.92065,0.92085,1.00,4.80
2009.09.28 23:25:21.974,0.92065,0.92085,1.00,3.20
2009.09.28 23:25:29.663,0.9206,0.92085,13.40,3.20
2009.09.28 23:25:29.833,0.9206,0.92085,12.60,3.20
2009.09.28 23:25:30.053,0.9206,0.92085,11.00,3.20
2009.09.28 23:25:30.353,0.9206,0.92085,10.80,3.20
2009.09.28 23:25:33.242,0.92065,0.92085,1.00,3.20
2009.09.28 23:25:39.160,0.92065,0.92085,1.00,4.80
2009.09.28 23:25:39.330,0.92065,0.92085,1.00,3.20
2009.09.28 23:25:39.550,0.9206,0.92085,12.00,3.20
2009.09.28 23:25:39.730,0.9206,0.92085,8.40,3.20
2009.09.28 23:25:39.910,0.9206,0.92085,6.80,3.20
2009.09.28 23:25:40.150,0.9206,0.92085,10.80,3.20
2009.09.28 23:25:46.039,0.9206,0.92085,10.40,6.40
2009.09.28 23:25:46.449,0.9206,0.92085,6.40,6.40
2009.09.28 23:25:47.338,0.9206,0.92085,6.40,8.00
2009.09.28 23:25:47.868,0.9206,0.92085,6.60,8.00
2009.09.28 23:25:48.148,0.9206,0.92085,6.40,3.20
2009.09.28 23:25:48.378,0.9206,0.92085,10.40,6.40
2009.09.28 23:25:48.678,0.9206,0.92085,6.40,8.00
2009.09.28 23:25:49.858,0.9206,0.92085,6.60,8.00
2009.09.28 23:25:50.618,0.92065,0.92085,1.00,4.80
2009.09.28 23:25:50.978,0.92065,0.92085,1.00,3.20
2009.09.28 23:25:52.597,0.9206,0.92085,16.20,3.20
2009.09.28 23:25:53.067,0.9206,0.92085,16.40,3.20
2009.09.28 23:25:53.247,0.9206,0.92085,10.40,6.40
2009.09.28 23:25:53.487,0.9206,0.92085,6.40,8.00
2009.09.28 23:25:53.707,0.9206,0.92085,6.40,6.40
2009.09.28 23:25:54.207,0.9206,0.92085,6.60,7.80
2009.09.28 23:25:54.497,0.9206,0.92085,6.40,9.40
2009.09.28 23:25:54.827,0.9206,0.92085,6.60,9.40
2009.09.28 23:26:02.105,0.9206,0.92085,3.40,9.40
2009.09.28 23:26:02.386,0.9206,0.92085,3.20,9.40
2009.09.28 23:26:02.625,0.9206,0.92085,6.40,8.00
2009.09.28 23:26:02.905,0.9206,0.92085,6.60,8.00
2009.09.28 23:26:03.185,0.9206,0.92085,6.60,6.40
2009.09.28 23:26:03.705,0.9206,0.92085,6.60,3.20
2009.09.28 23:26:04.505,0.9206,0.92085,6.60,6.40
2009.09.28 23:26:04.745,0.9206,0.92085,6.40,6.40
2009.09.28 23:26:05.025,0.9206,0.92085,6.40,3.20
2009.09.28 23:26:05.144,0.92065,0.92085,1.00,2.40
2009.09.28 23:26:05.254,0.92065,0.92085,1.00,3.20
2009.09.28 23:26:05.355,0.92065,0.92085,1.00,2.40
2009.09.28 23:26:05.764,0.9206,0.92085,12.00,3.20
2009.09.28 23:26:06.114,0.9206,0.92085,10.40,3.20
2009.09.28 23:26:09.163,0.92065,0.92085,1.00,2.40
2009.09.28 23:26:09.284,0.92065,0.92085,1.00,2.40
2009.09.28 23:26:10.513,0.9206,0.92085,10.80,3.20
2009.09.28 23:26:10.803,0.92065,0.92085,1.00,2.40
2009.09.28 23:26:11.033,0.9206,0.92085,10.60,3.20
2009.09.28 23:26:11.303,0.9206,0.92085,16.20,6.40
2009.09.28 23:26:11.523,0.9206,0.92085,14.60,3.20
2009.09.28 23:26:11.923,0.9206,0.92085,10.60,3.20
2009.09.28 23:26:12.573,0.9206,0.92085,13.00,3.20
2009.09.28 23:26:15.682,0.9206,0.92085,13.00,6.40
2009.09.28 23:26:16.032,0.9206,0.9208,9.80,1.00
2009.09.28 23:26:16.372,0.9206,0.92085,9.00,6.40
2009.09.28 23:26:18.281,0.9206,0.92085,9.00,3.20
2009.09.28 23:26:18.461,0.9206,0.92085,13.00,3.20
2009.09.28 23:26:21.551,0.9206,0.92085,17.00,3.20
2009.09.28 23:26:26.989,0.9206,0.92085,17.00,6.40
2009.09.28 23:26:27.799,0.9206,0.92085,13.00,6.40
2009.09.28 23:26:28.089,0.9206,0.92085,17.00,6.40
2009.09.28 23:26:30.938,0.9206,0.9208,17.00,2.40
2009.09.28 23:26:31.048,0.9206,0.9208,12.90,3.20
2009.09.28 23:26:31.158,0.9206,0.9208,12.80,3.20
2009.09.28 23:26:31.388,0.9206,0.9208,7.20,3.20
2009.09.28 23:26:31.738,0.9206,0.9208,3.20,3.20
2009.09.28 23:26:32.088,0.9206,0.9208,2.40,3.20
2009.09.28 23:26:32.428,0.9206,0.9208,3.30,1.00
2009.09.28 23:26:33.008,0.9206,0.9208,3.20,1.00
2009.09.28 23:26:33.238,0.9206,0.9208,3.30,1.00
2009.09.28 23:26:43.965,0.9206,0.9208,6.50,1.00
2009.09.28 23:26:44.145,0.9206,0.92085,6.60,10.00
2009.09.28 23:26:44.325,0.9206,0.92085,11.40,9.40
2009.09.28 23:26:44.445,0.9206,0.92085,13.00,9.40
2009.09.28 23:26:45.085,0.9206,0.92085,13.00,8.00
2009.09.28 23:26:45.265,0.9206,0.92085,13.00,6.40
2009.09.28 23:26:46.235,0.9206,0.92085,17.00,6.40
2009.09.28 23:27:03.610,0.9206,0.9208,13.80,1.00
2009.09.28 23:27:03.850,0.9206,0.9208,3.30,1.00
2009.09.28 23:27:04.490,0.9206,0.92085,6.60,8.60
2009.09.28 23:27:04.840,0.9206,0.92085,11.40,8.00
2009.09.28 23:27:05.130,0.9206,0.92085,17.00,8.00
2009.09.28 23:27:12.208,0.9206,0.92085,17.00,6.40
2009.09.28 23:27:17.827,0.9206,0.9208,13.80,1.00
2009.09.28 23:27:18.067,0.9206,0.9208,7.30,1.00
2009.09.28 23:27:18.357,0.9206,0.9208,3.30,1.00
2009.09.28 23:27:43.851,0.9206,0.9208,7.30,1.00
2009.09.28 23:27:44.021,0.9206,0.92085,11.40,3.20
2009.09.28 23:27:44.141,0.9206,0.92085,13.00,3.20
2009.09.28 23:27:44.431,0.92065,0.92085,1.00,3.20
2009.09.28 23:27:44.880,0.9206,0.92085,12.20,6.60
2009.09.28 23:27:45.171,0.9206,0.9208,3.30,1.00
2009.09.28 23:27:46.890,0.92065,0.9208,2.40,1.00
2009.09.28 23:27:53.158,0.92065,0.9208,2.40,1.00
2009.09.28 23:27:53.388,0.92065,0.92085,2.40,7.00
2009.09.28 23:27:53.499,0.92065,0.92085,2.40,2.40
2009.09.28 23:27:53.619,0.92065,0.92085,2.40,1.00
2009.09.28 23:27:53.738,0.92065,0.92085,3.20,1.00
2009.09.28 23:27:54.148,0.92065,0.92085,2.40,6.40
2009.09.28 23:27:54.258,0.92065,0.92085,2.40,6.60
2009.09.28 23:27:54.588,0.92065,0.92085,2.40,3.20
2009.09.28 23:27:54.978,0.92065,0.92085,2.40,1.20
2009.09.28 23:27:55.328,0.92065,0.9208,2.40,1.00
2009.09.28 23:27:55.608,0.92065,0.92085,3.20,3.20
2009.09.28 23:27:55.888,0.92065,0.9208,2.40,1.00
2009.09.28 23:27:56.188,0.92065,0.92085,2.40,6.40
2009.09.28 23:27:56.548,0.92065,0.92085,2.40,1.00
2009.09.28 23:27:56.948,0.92065,0.92085,2.40,4.00
2009.09.28 23:27:57.628,0.92065,0.9208,2.40,1.00
2009.09.28 23:28:11.134,0.9206,0.9208,2.40,1.00
2009.09.28 23:28:11.364,0.92065,0.9208,2.40,1.00
2009.09.28 23:28:11.474,0.9206,0.9208,2.40,1.00
2009.09.28 23:28:15.793,0.9206,0.9208,3.20,1.00
2009.09.28 23:28:15.973,0.92065,0.9208,2.40,1.00
2009.09.28 23:28:21.152,0.9206,0.9208,2.40,1.00
2009.09.28 23:28:22.841,0.92065,0.9208,2.40,1.00
2009.09.28 23:28:25.231,0.9206,0.9208,2.40,1.00
2009.09.28 23:28:43.176,0.9206,0.9208,6.40,1.00
2009.09.28 23:28:43.347,0.92065,0.92085,2.40,4.20
2009.09.28 23:28:44.266,0.92065,0.92085,2.40,1.00
2009.09.28 23:28:44.726,0.9207,0.92085,2.40,1.00
2009.09.28 23:28:44.946,0.9207,0.9209,2.40,4.20
2009.09.28 23:28:47.536,0.92075,0.9209,2.40,1.00
2009.09.28 23:28:51.904,0.92075,0.9209,2.40,1.00
2009.09.28 23:28:52.254,0.92075,0.9209,2.40,1.00
2009.09.28 23:28:52.544,0.9207,0.9209,2.40,1.00
2009.09.28 23:28:53.904,0.9207,0.9209,2.40,1.00
2009.09.28 23:28:59.132,0.9207,0.9209,2.40,4.20
2009.09.28 23:28:59.423,0.92065,0.9209,3.20,10.60
2009.09.28 23:28:59.603,0.92065,0.9209,3.20,6.60
2009.09.28 23:28:59.722,0.9207,0.9209,2.40,4.00
2009.09.28 23:29:02.512,0.9207,0.92085,2.40,2.20
2009.09.28 23:29:02.862,0.92065,0.9208,2.40,1.00
2009.09.28 23:29:03.212,0.92065,0.9208,2.40,1.00
2009.09.28 23:29:03.602,0.92065,0.9208,2.40,1.00
2009.09.28 23:29:03.961,0.92065,0.9208,2.40,4.00
2009.09.28 23:29:04.292,0.92065,0.9208,2.40,8.00
2009.09.28 23:29:04.991,0.92065,0.9208,2.40,4.00
2009.09.28 23:29:06.271,0.92065,0.9208,2.40,1.00
2009.09.28 23:29:06.771,0.92065,0.9208,2.40,1.00
2009.09.28 23:29:07.911,0.92065,0.92085,2.40,10.60
2009.09.28 23:29:08.090,0.92065,0.9208,2.40,1.00
2009.09.28 23:29:08.480,0.92065,0.9208,2.40,1.00
2009.09.28 23:29:08.830,0.92065,0.9208,2.40,1.00
2009.09.28 23:29:09.180,0.92065,0.92085,2.40,7.00
2009.09.28 23:29:16.868,0.92065,0.92085,2.40,4.00
2009.09.28 23:29:57.758,0.92065,0.92085,2.40,4.10
2009.09.28 23:29:57.979,0.92065,0.92085,2.40,4.20
2009.09.28 23:30:01.188,0.92065,0.92085,2.40,5.80
2009.09.28 23:30:07.656,0.92065,0.92085,2.40,5.60
2009.09.28 23:30:09.046,0.92065,0.92085,2.40,5.60
2009.09.28 23:30:09.786,0.92065,0.92085,2.40,5.70
2009.09.28 23:30:11.925,0.92065,0.92085,2.40,5.60
2009.09.28 23:30:12.395,0.92065,0.92085,2.40,5.70
2009.09.28 23:30:13.575,0.92065,0.92085,2.40,5.60
2009.09.28 23:30:17.654,0.92065,0.92085,2.40,5.70
2009.09.28 23:30:27.831,0.92065,0.92085,2.40,5.60
2009.09.28 23:30:28.061,0.92065,0.92085,2.40,5.70
2009.09.28 23:30:33.560,0.92065,0.92085,2.40,5.60
2009.09.28 23:30:34.030,0.92065,0.92085,2.40,5.70
2009.09.28 23:30:41.528,0.92065,0.92085,2.40,5.60
2009.09.28 23:31:00.494,0.92065,0.92085,2.40,5.70
2009.09.28 23:31:20.919,0.92065,0.92085,2.40,5.60
2009.09.28 23:31:24.908,0.92065,0.92085,2.40,5.70
2009.09.28 23:31:26.967,0.92065,0.9208,2.40,1.00
2009.09.28 23:31:27.247,0.92065,0.9208,2.40,1.00
2009.09.28 23:31:28.417,0.92065,0.92085,2.40,5.80
2009.09.28 23:31:28.597,0.92065,0.92085,2.40,5.60
2009.09.28 23:31:28.997,0.92065,0.92085,2.40,5.80
2009.09.28 23:31:29.637,0.92065,0.92085,2.40,5.60
2009.09.28 23:31:30.726,0.92065,0.92085,2.40,2.40
2009.09.28 23:31:31.136,0.92065,0.92085,6.50,2.40
2009.09.28 23:31:31.376,0.92065,0.92085,2.40,2.40
2009.09.28 23:31:31.936,0.92065,0.92085,2.50,2.40
2009.09.28 23:31:32.926,0.92065,0.92085,2.50,5.60
2009.09.28 23:31:33.156,0.92065,0.92085,2.40,5.60
2009.09.28 23:31:33.446,0.92065,0.92085,2.40,2.40
2009.09.28 23:31:40.074,0.92065,0.92085,2.40,4.00
2009.09.28 23:31:51.481,0.92065,0.92085,2.40,7.20
2009.09.28 23:31:51.771,0.92065,0.92085,2.40,7.40
2009.09.28 23:31:52.011,0.92065,0.92085,2.40,8.80
2009.09.28 23:31:54.201,0.92065,0.9208,2.40,1.00
2009.09.28 23:32:08.387,0.92065,0.92085,2.40,12.00
2009.09.28 23:32:08.677,0.92065,0.92085,2.40,11.80
2009.09.28 23:32:09.547,0.92065,0.92085,2.40,4.00
2009.09.28 23:32:10.007,0.92065,0.92085,2.40,2.40
2009.09.28 23:32:14.716,0.92065,0.9208,2.40,1.00
2009.09.28 23:32:15.715,0.92065,0.9208,2.40,1.00
2009.09.28 23:32:17.825,0.92065,0.9208,2.40,1.00
2009.09.28 23:32:18.045,0.92065,0.92085,2.40,7.20
2009.09.28 23:32:18.965,0.92065,0.92085,2.40,4.00
2009.09.28 23:32:21.324,0.92065,0.9208,2.40,4.00
2009.09.28 23:32:21.654,0.9206,0.9208,2.40,4.00
2009.09.28 23:32:21.984,0.92065,0.9208,2.40,1.00
2009.09.28 23:32:22.334,0.92065,0.9208,2.40,1.00
2009.09.28 23:32:22.564,0.92065,0.92085,2.40,11.80
2009.09.28 23:32:33.911,0.9206,0.92085,3.20,14.20
2009.09.28 23:32:37.000,0.9206,0.92085,6.40,11.00
2009.09.28 23:32:37.121,0.9206,0.92085,6.60,11.00
2009.09.28 23:32:37.640,0.9206,0.92085,10.60,11.00
2009.09.28 23:32:40.699,0.9206,0.9208,6.40,1.30
2009.09.28 23:32:40.919,0.9206,0.9208,3.20,1.30
2009.09.28 23:32:41.399,0.9206,0.9208,3.20,5.30
2009.09.28 23:32:41.569,0.9206,0.9208,3.20,2.20
2009.09.28 23:32:41.909,0.9206,0.9208,2.40,5.40
2009.09.28 23:32:42.089,0.9206,0.9208,2.40,7.80
2009.09.28 23:32:42.259,0.9206,0.9208,2.40,11.00
2009.09.28 23:32:42.789,0.9206,0.9208,2.40,7.80
2009.09.28 23:32:43.939,0.9206,0.9208,2.40,6.40
2009.09.28 23:32:45.328,0.9206,0.9208,3.20,3.20
2009.09.28 23:32:46.648,0.9206,0.9208,2.40,6.40
2009.09.28 23:32:47.408,0.9206,0.9208,2.40,11.00
2009.09.28 23:32:48.937,0.9206,0.9208,2.40,11.20
2009.09.28 23:32:54.036,0.92055,0.9208,8.80,15.20
2009.09.28 23:32:56.825,0.92055,0.92075,4.80,7.20
2009.09.28 23:33:09.412,0.92055,0.92075,4.80,6.40
2009.09.28 23:33:09.532,0.92055,0.92075,4.80,6.20
2009.09.28 23:33:09.652,0.92055,0.92075,4.80,6.10
2009.09.28 23:33:10.792,0.92055,0.92075,5.00,6.10
2009.09.28 23:33:16.851,0.9206,0.92075,2.40,6.10
2009.09.28 23:33:17.131,0.9206,0.92075,1.00,2.90
2009.09.28 23:33:17.421,0.9206,0.92075,3.20,1.60
2009.09.28 23:33:17.661,0.92055,0.92075,12.20,6.10
2009.09.28 23:33:17.960,0.92055,0.92075,11.40,6.10
2009.09.28 23:33:18.300,0.92055,0.92075,7.40,6.10
2009.09.28 23:33:18.660,0.92055,0.92075,11.40,6.10
2009.09.28 23:33:18.950,0.92055,0.92075,8.20,6.10
2009.09.28 23:33:20.020,0.9206,0.92075,3.30,2.90
2009.09.28 23:33:20.130,0.9206,0.92075,3.30,1.60
2009.09.28 23:33:20.760,0.92065,0.92075,2.40,1.60
2009.09.28 23:33:20.880,0.92065,0.92075,1.00,1.60
2009.09.28 23:33:21.050,0.9206,0.9208,3.30,5.40
2009.09.28 23:33:21.390,0.9206,0.9208,3.40,1.30
2009.09.28 23:33:21.729,0.9206,0.9208,3.40,4.50
2009.09.28 23:33:22.669,0.9206,0.9208,2.60,4.50
2009.09.28 23:33:23.529,0.9206,0.9208,3.40,4.50
2009.09.28 23:33:26.398,0.92065,0.9208,2.40,4.50
2009.09.28 23:33:26.809,0.92065,0.9208,1.60,4.50
2009.09.28 23:33:27.618,0.92065,0.9208,2.40,4.50
2009.09.28 23:33:28.308,0.9206,0.9208,3.40,5.50
2009.09.28 23:33:28.658,0.9206,0.92075,3.40,1.60
2009.09.28 23:33:28.888,0.92065,0.92075,2.40,1.60
2009.09.28 23:33:29.587,0.9206,0.92075,2.50,1.60
2009.09.28 23:33:33.647,0.92065,0.92075,2.40,1.60
2009.09.28 23:33:34.267,0.9206,0.92075,2.50,1.60
2009.09.28 23:34:02.350,0.9206,0.92075,1.00,1.60
2009.09.28 23:34:02.520,0.9206,0.92075,1.00,2.90
2009.09.28 23:34:02.630,0.92055,0.92075,5.00,2.90
2009.09.28 23:34:04.649,0.92055,0.92075,5.00,6.10
2009.09.28 23:34:52.318,0.92055,0.92075,8.20,6.10
2009.09.28 23:34:52.488,0.92055,0.92075,5.60,8.70
2009.09.28 23:34:52.658,0.92055,0.92075,2.40,9.60
2009.09.28 23:34:52.988,0.92055,0.9207,4.10,1.60
2009.09.28 23:34:53.388,0.92055,0.9208,2.60,15.00
2009.09.28 23:34:53.727,0.9205,0.92075,5.60,14.40
2009.09.28 23:34:54.368,0.92055,0.9208,3.20,13.10
2009.09.28 23:34:54.667,0.92055,0.9208,3.20,8.00
2009.09.28 23:34:54.997,0.92055,0.92085,10.40,20.30
2009.09.28 23:34:55.287,0.92055,0.92085,10.40,14.50
2009.09.28 23:34:55.577,0.92055,0.92085,10.40,14.60
2009.09.28 23:34:56.567,0.92055,0.92085,11.20,14.60
2009.09.28 23:34:56.787,0.92055,0.92085,12.00,15.00
2009.09.28 23:34:57.016,0.92055,0.92085,8.80,14.70
2009.09.28 23:34:57.307,0.92055,0.92085,3.20,20.30
2009.09.28 23:34:59.626,0.92055,0.92075,3.20,1.30
2009.09.28 23:34:59.916,0.92055,0.92075,6.40,2.90
2009.09.28 23:35:00.016,0.92055,0.92075,10.40,2.90
2009.09.28 23:35:00.136,0.92055,0.92075,10.40,1.60
2009.09.28 23:35:00.656,0.92055,0.92075,10.40,2.90
2009.09.28 23:35:00.766,0.92055,0.92075,6.40,2.90
2009.09.28 23:35:01.506,0.9206,0.92075,2.40,1.60
2009.09.28 23:35:02.246,0.92055,0.92075,6.40,2.90
2009.09.28 23:35:02.545,0.92055,0.92075,6.40,1.60
2009.09.28 23:35:07.134,0.92055,0.92075,3.20,2.40
2009.09.28 23:35:07.494,0.92055,0.92075,3.20,3.00
2009.09.28 23:35:07.664,0.92055,0.92075,2.40,3.70
2009.09.28 23:35:07.964,0.92055,0.92075,2.40,9.40
2009.09.28 23:35:08.304,0.92055,0.92075,2.40,13.40
2009.09.28 23:35:08.644,0.9205,0.92075,6.40,16.60
2009.09.28 23:35:08.984,0.92055,0.92075,3.20,10.20
2009.09.28 23:35:09.344,0.92055,0.92075,3.20,1.60
2009.09.28 23:35:09.694,0.92055,0.92075,4.80,3.20
2009.09.28 23:35:09.973,0.92055,0.92075,4.80,1.60
2009.09.28 23:35:10.193,0.92055,0.9208,4.80,16.80
2009.09.28 23:35:10.423,0.92055,0.9208,8.00,15.20
2009.09.28 23:35:11.983,0.92055,0.9208,8.00,15.10
2009.09.28 23:35:12.093,0.92055,0.9208,8.00,15.20
2009.09.28 23:35:15.092,0.92055,0.9208,4.80,15.20
2009.09.28 23:35:15.542,0.9206,0.9208,2.40,15.20
2009.09.28 23:35:16.272,0.9206,0.9208,2.40,15.00
2009.09.28 23:35:16.952,0.9206,0.9208,2.40,15.20
2009.09.28 23:35:17.232,0.9206,0.9208,2.40,16.80
2009.09.28 23:35:17.462,0.9206,0.9208,2.40,15.20
2009.09.28 23:35:21.481,0.9206,0.92075,2.40,1.00
2009.09.28 23:35:21.821,0.9205,0.9207,8.80,4.50
2009.09.28 23:35:22.150,0.9205,0.92075,3.20,17.80
2009.09.28 23:35:22.670,0.9205,0.92075,2.40,19.40
2009.09.28 23:35:22.960,0.9205,0.92075,2.40,19.60
2009.09.28 23:35:24.930,0.92045,0.9207,12.20,4.70
2009.09.28 23:35:24.990,0.92045,0.92065,9.00,1.00
2009.09.28 23:35:25.110,0.92045,0.92065,5.00,1.00
2009.09.28 23:35:25.350,0.92045,0.92065,4.80,1.00
2009.09.28 23:35:25.860,0.92045,0.92065,8.80,1.00
2009.09.28 23:35:26.160,0.9205,0.9207,3.20,7.70
2009.09.28 23:35:26.619,0.9205,0.9207,6.50,1.60
2009.09.28 23:35:26.919,0.92055,0.92075,2.40,3.20
2009.09.28 23:35:27.209,0.92055,0.92075,3.20,1.00
2009.09.28 23:35:27.829,0.92055,0.92075,2.40,1.00
2009.09.28 23:35:29.099,0.92055,0.92075,3.20,1.00
2009.09.28 23:35:30.109,0.9205,0.92075,9.20,3.20
2009.09.28 23:35:30.379,0.9205,0.92075,6.40,3.20
2009.09.28 23:35:31.118,0.9205,0.92075,6.40,3.30
2009.09.28 23:35:31.858,0.9205,0.92075,6.40,3.40
2009.09.28 23:35:32.038,0.9205,0.92075,10.40,3.40
2009.09.28 23:35:32.828,0.9205,0.92075,6.60,3.40
2009.09.28 23:35:36.417,0.9205,0.92075,6.40,3.40
2009.09.28 23:35:36.587,0.9205,0.92075,6.40,11.20
2009.09.28 23:35:36.767,0.9205,0.9207,3.20,3.20
2009.09.28 23:35:36.937,0.9205,0.92075,3.20,17.10
2009.09.28 23:35:38.886,0.9205,0.9208,6.60,25.20
2009.09.28 23:35:39.236,0.9205,0.9208,6.60,19.60
2009.09.28 23:35:39.416,0.9205,0.9208,6.40,19.20
2009.09.28 23:35:39.587,0.9205,0.9208,7.20,19.20
2009.09.28 23:35:40.007,0.9205,0.9208,7.20,19.20
2009.09.28 23:35:40.186,0.9205,0.9208,6.40,19.60
2009.09.28 23:35:48.614,0.9205,0.9207,3.20,1.00
2009.09.28 23:35:48.854,0.9205,0.92075,3.20,17.10
2009.09.28 23:35:49.654,0.9205,0.92075,2.40,17.10
2009.09.28 23:35:49.764,0.9205,0.92075,2.40,20.50
2009.09.28 23:35:54.653,0.9205,0.9207,2.40,3.30
2009.09.28 23:35:54.883,0.9205,0.92075,2.40,20.90
2009.09.28 23:35:55.643,0.92045,0.9207,4.80,16.70
2009.09.28 23:35:55.762,0.9205,0.9207,2.40,10.10
2009.09.28 23:35:55.873,0.9205,0.9207,2.40,7.00
2009.09.28 23:35:55.992,0.9205,0.92075,2.40,26.10
2009.09.28 23:35:56.112,0.9205,0.9207,2.40,7.00
2009.09.28 23:35:56.232,0.9205,0.9207,2.40,6.90
2009.09.28 23:35:56.742,0.9205,0.92075,2.40,21.30
2009.09.28 23:35:57.542,0.92045,0.9207,4.80,9.70
2009.09.28 23:35:57.882,0.92045,0.9207,4.00,15.50
2009.09.28 23:35:58.582,0.92045,0.92065,4.00,6.40
2009.09.28 23:35:59.272,0.92045,0.92065,1.60,11.20
2009.09.28 23:35:59.871,0.92045,0.9206,1.60,4.00
2009.09.28 23:36:00.211,0.92045,0.92065,1.60,18.70
2009.09.28 23:36:00.561,0.92045,0.92065,1.60,22.90
2009.09.28 23:36:00.971,0.92045,0.92065,1.60,19.70
2009.09.28 23:36:01.211,0.9204,0.9206,1.60,8.30
2009.09.28 23:36:01.381,0.9204,0.9206,1.60,15.70
2009.09.28 23:36:01.561,0.9204,0.9206,1.60,16.20
2009.09.28 23:36:01.921,0.9203,0.92055,11.60,20.20
2009.09.28 23:36:02.261,0.92035,0.9206,1.60,18.90
2009.09.28 23:36:02.611,0.92035,0.92055,1.60,16.80
2009.09.28 23:36:02.961,0.9203,0.92055,1.00,17.10
2009.09.28 23:36:03.241,0.9203,0.92055,1.00,16.30
2009.09.28 23:36:03.811,0.9203,0.92055,1.00,16.50
2009.09.28 23:36:04.101,0.9203,0.92055,1.00,19.70
2009.09.28 23:36:04.390,0.92025,0.92055,14.40,20.50
2009.09.28 23:36:04.690,0.92025,0.9205,14.40,7.90
2009.09.28 23:36:04.981,0.92025,0.9205,14.40,8.00
2009.09.28 23:36:06.290,0.92025,0.9205,18.40,8.00
2009.09.28 23:36:06.580,0.92025,0.9205,18.40,7.20
2009.09.28 23:36:07.380,0.92025,0.9205,14.40,7.20
2009.09.28 23:36:07.659,0.92025,0.9205,14.40,8.00
2009.09.28 23:36:08.220,0.92025,0.9205,14.40,7.20
2009.09.28 23:36:09.489,0.9203,0.9205,2.40,7.20
2009.09.28 23:36:10.369,0.9203,0.92055,2.40,16.50
2009.09.28 23:36:13.658,0.92025,0.92055,21.00,20.50
2009.09.28 23:36:13.888,0.9203,0.92055,3.20,20.90
2009.09.28 23:36:14.118,0.9203,0.92055,3.20,18.20
2009.09.28 23:36:14.348,0.9203,0.92055,3.20,16.60
2009.09.28 23:36:14.768,0.9203,0.9205,3.20,2.20
2009.09.28 23:36:17.857,0.9203,0.92055,3.20,16.50
2009.09.28 23:36:18.027,0.9203,0.9206,3.40,25.30
2009.09.28 23:36:20.746,0.9203,0.9205,3.40,1.00
2009.09.28 23:36:20.907,0.9203,0.92055,3.20,16.80
2009.09.28 23:36:21.026,0.9203,0.92055,3.20,19.10
2009.09.28 23:36:21.187,0.9203,0.92055,3.20,19.10
2009.09.28 23:36:24.815,0.9203,0.92055,1.00,19.10
2009.09.28 23:36:25.275,0.9203,0.9205,1.00,3.80
2009.09.28 23:36:26.125,0.9203,0.9205,1.00,4.60
2009.09.28 23:36:26.295,0.9203,0.9205,1.00,3.80
2009.09.28 23:36:27.265,0.9203,0.9205,1.00,4.60
2009.09.28 23:36:31.564,0.9203,0.9205,1.00,3.80
2009.09.28 23:36:32.604,0.9203,0.9205,1.00,4.60
2009.09.28 23:36:33.523,0.9203,0.9205,1.00,3.80
2009.09.28 23:36:34.453,0.9203,0.9205,1.00,4.60
2009.09.28 23:36:42.431,0.9203,0.9205,1.00,3.20
2009.09.28 23:36:42.721,0.9203,0.9205,1.00,2.40
2009.09.28 23:36:42.961,0.9203,0.9205,1.00,3.20
2009.09.28 23:36:43.301,0.9203,0.9205,1.00,3.20
2009.09.28 23:36:45.701,0.92025,0.9205,17.60,3.20
2009.09.28 23:36:45.920,0.92025,0.92055,17.50,19.10
2009.09.28 23:36:46.090,0.92025,0.9205,14.70,7.80
2009.09.28 23:36:46.310,0.92025,0.9205,18.70,7.80
2009.09.28 23:36:46.770,0.92025,0.92045,12.80,1.60
2009.09.28 23:36:47.000,0.92025,0.92045,8.80,1.80
2009.09.28 23:36:47.280,0.92025,0.92045,8.80,2.60
2009.09.28 23:36:47.700,0.92025,0.92045,8.00,2.60
2009.09.28 23:36:48.510,0.92025,0.9204,8.00,2.40
2009.09.28 23:36:48.900,0.92025,0.92045,8.00,12.80
2009.09.28 23:36:49.239,0.92025,0.92045,14.40,4.97
2009.09.28 23:36:49.530,0.92025,0.9205,8.00,15.70
2009.09.28 23:36:49.829,0.92025,0.92045,8.00,9.00
2009.09.28 23:36:50.419,0.92025,0.92045,8.00,9.10
2009.09.28 23:36:50.599,0.92025,0.9205,8.00,21.90
2009.09.28 23:36:50.939,0.92025,0.9205,10.40,17.50
2009.09.28 23:36:51.219,0.92025,0.9205,10.40,17.50
2009.09.28 23:36:51.399,0.9203,0.9205,1.60,13.70
2009.09.28 23:36:54.008,0.9203,0.92055,1.60,23.60
2009.09.28 23:36:54.409,0.92025,0.92055,19.40,14.10
2009.09.28 23:36:54.748,0.9203,0.92055,2.40,15.30
2009.09.28 23:36:55.308,0.9203,0.92055,3.20,15.20
2009.09.28 23:36:55.578,0.9203,0.92055,4.20,7.40
2009.09.28 23:36:55.868,0.9203,0.92055,3.40,7.40
2009.09.28 23:36:56.148,0.9203,0.92055,3.20,8.00
2009.09.28 23:36:56.428,0.92035,0.9205,1.00,2.40
2009.09.28 23:36:56.668,0.92035,0.92055,4.80,3.00
2009.09.28 23:36:56.938,0.92035,0.9206,2.50,16.50
2009.09.28 23:36:57.298,0.92035,0.9206,1.00,21.30
2009.09.28 23:36:57.638,0.9203,0.9206,11.40,13.30
2009.09.28 23:36:58.317,0.9203,0.9206,10.60,18.10
2009.09.28 23:36:58.667,0.92035,0.9206,6.40,12.60
2009.09.28 23:36:59.027,0.92035,0.9206,2.40,12.60
2009.09.28 23:36:59.267,0.9203,0.9206,11.40,12.60
2009.09.28 23:36:59.548,0.92035,0.9206,2.40,12.80
2009.09.28 23:37:00.147,0.9204,0.9206,2.40,8.20
2009.09.28 23:37:00.527,0.9204,0.9206,2.40,8.50
2009.09.28 23:37:00.867,0.9204,0.9206,2.40,8.50
2009.09.28 23:37:04.376,0.9204,0.92055,2.40,1.00
2009.09.28 23:37:04.596,0.9204,0.9206,2.40,8.40
2009.09.28 23:37:05.516,0.9204,0.9206,2.40,8.40
2009.09.28 23:37:05.896,0.9204,0.9206,2.40,8.50
2009.09.28 23:37:06.226,0.92035,0.9206,8.00,8.50
2009.09.28 23:37:06.576,0.9204,0.9206,2.40,8.50
2009.09.28 23:37:09.295,0.92035,0.9206,4.10,9.90
2009.09.28 23:37:10.745,0.92035,0.92055,4.10,1.00
2009.09.28 23:37:11.144,0.92035,0.9206,4.00,10.10
2009.09.28 23:37:11.315,0.92035,0.9206,4.00,13.30
2009.09.28 23:37:12.515,0.92035,0.9206,4.00,13.30
2009.09.28 23:37:12.874,0.92035,0.9206,4.90,9.90
2009.09.28 23:37:13.234,0.92035,0.9206,4.10,9.90
2009.09.28 23:37:15.673,0.92035,0.92055,4.00,1.00
2009.09.28 23:37:15.893,0.92035,0.92055,4.10,4.00
2009.09.28 23:37:16.003,0.92035,0.92055,4.00,4.00
2009.09.28 23:37:16.243,0.9203,0.92055,12.20,6.40
2009.09.28 23:37:16.293,0.9203,0.9206,7.20,20.30
2009.09.28 23:37:16.353,0.9203,0.92055,7.10,9.60
2009.09.28 23:37:16.463,0.9203,0.92055,7.10,9.60
2009.09.28 23:37:16.523,0.9203,0.92055,6.90,9.50
2009.09.28 23:37:17.523,0.9203,0.92055,3.20,17.10
2009.09.28 23:37:18.383,0.9203,0.92055,3.20,16.80
2009.09.28 23:37:18.743,0.9203,0.92055,3.20,16.70
2009.09.28 23:37:18.913,0.9203,0.92055,6.40,16.90
2009.09.28 23:37:19.082,0.9203,0.92055,3.20,16.90
2009.09.28 23:37:20.412,0.9203,0.9205,6.40,2.50
2009.09.28 23:37:20.642,0.92035,0.92055,2.40,7.80
2009.09.28 23:37:20.922,0.9203,0.92055,6.60,4.80
2009.09.28 23:37:21.212,0.92035,0.92055,1.00,3.20
2009.09.28 23:37:21.842,0.9203,0.92055,6.60,6.40
2009.09.28 23:37:22.072,0.9203,0.9206,6.40,22.90
2009.09.28 23:37:22.292,0.9203,0.9206,6.40,22.90
2009.09.28 23:37:23.591,0.9203,0.9206,6.40,22.90
2009.09.28 23:37:31.219,0.9203,0.9205,2.40,1.00
2009.09.28 23:37:31.440,0.9203,0.92055,2.40,13.80
2009.09.28 23:37:31.549,0.9203,0.92055,3.20,19.30
2009.09.28 23:37:33.069,0.9203,0.92055,3.20,19.10
2009.09.28 23:37:33.529,0.9203,0.92055,3.20,19.30
2009.09.28 23:37:34.978,0.9203,0.9205,3.20,3.20
2009.09.28 23:37:35.259,0.9203,0.9205,3.20,3.40
2009.09.28 23:37:36.518,0.9203,0.9205,2.40,3.40
2009.09.28 23:37:37.208,0.92025,0.92045,11.40,1.00
2009.09.28 23:37:37.558,0.92025,0.9205,10.40,10.10
2009.09.28 23:37:40.327,0.92025,0.9205,10.40,11.60
2009.09.28 23:37:50.155,0.92025,0.92045,10.40,1.00
2009.09.28 23:37:52.764,0.92025,0.9205,11.20,14.90
2009.09.28 23:38:00.892,0.92025,0.92045,10.40,1.00
2009.09.28 23:38:01.122,0.92025,0.9205,10.40,15.30
2009.09.28 23:38:01.292,0.92025,0.9205,10.40,21.30
2009.09.28 23:38:01.462,0.92025,0.9205,10.40,20.90
2009.09.28 23:38:01.742,0.92025,0.9205,10.40,20.90
2009.09.28 23:38:02.032,0.92025,0.9205,11.20,13.70
2009.09.28 23:38:02.322,0.92025,0.9205,11.20,12.10
2009.09.28 23:38:04.682,0.92025,0.92045,11.20,1.60
2009.09.28 23:38:04.911,0.92025,0.92045,11.20,1.70
2009.09.28 23:38:08.251,0.92025,0.92045,14.40,1.70
2009.09.28 23:38:08.591,0.92025,0.92045,10.60,2.40
2009.09.28 23:38:08.941,0.92025,0.92045,10.40,2.60
2009.09.28 23:38:09.880,0.92025,0.92045,11.20,1.70
2009.09.28 23:38:10.170,0.92025,0.92045,11.20,1.60
2009.09.28 23:38:12.580,0.92025,0.92045,14.40,1.60
2009.09.28 23:38:12.700,0.92025,0.92045,14.60,1.60
2009.09.28 23:38:13.639,0.9203,0.92045,1.00,1.60
2009.09.28 23:38:13.969,0.9203,0.9206,6.40,22.50
2009.09.28 23:38:14.299,0.9203,0.9206,6.40,26.10
2009.09.28 23:38:14.889,0.9203,0.92055,6.40,11.40
2009.09.28 23:38:15.229,0.9203,0.92055,6.40,12.10
2009.09.28 23:38:16.719,0.9203,0.9205,6.40,2.40
2009.09.28 23:38:16.888,0.9203,0.9205,6.40,2.50
2009.09.28 23:38:18.618,0.9203,0.92045,1.00,1.00
2009.09.28 23:38:19.248,0.9203,0.92045,6.40,1.00
2009.09.28 23:38:19.478,0.9203,0.9205,6.40,2.50
2009.09.28 23:38:22.657,0.9203,0.9206,6.60,20.90
2009.09.28 23:38:22.947,0.9203,0.9206,6.60,20.90
2009.09.28 23:38:24.497,0.9203,0.92055,6.60,14.40
2009.09.28 23:38:25.636,0.9203,0.92055,6.60,11.20
2009.09.28 23:38:30.246,0.9203,0.92055,6.60,15.20
2009.09.28 23:38:30.485,0.9203,0.9205,6.40,2.50
2009.09.28 23:38:30.766,0.9203,0.9205,1.00,3.50
2009.09.28 23:38:30.995,0.9203,0.9205,4.00,5.20
2009.09.28 23:38:31.215,0.9203,0.9205,1.00,5.20
2009.09.28 23:38:31.565,0.9203,0.92055,6.40,20.90
2009.09.28 23:38:31.905,0.9203,0.92055,6.40,16.90
2009.09.28 23:38:35.814,0.9203,0.9205,6.60,2.50
2009.09.28 23:38:35.994,0.9203,0.92055,6.60,11.40
2009.09.28 23:38:44.682,0.9203,0.92055,6.60,14.40
2009.09.28 23:38:46.461,0.9203,0.9205,6.60,1.00
2009.09.28 23:38:47.561,0.9203,0.92055,6.40,16.20
2009.09.28 23:38:47.781,0.9203,0.92055,6.40,20.90
2009.09.28 23:38:48.341,0.9203,0.92055,4.00,20.90
2009.09.28 23:38:50.450,0.9203,0.9205,6.40,2.50
2009.09.28 23:38:55.719,0.9203,0.9205,4.00,2.50
2009.09.28 23:38:57.799,0.9203,0.9205,6.40,2.50
2009.09.28 23:39:02.158,0.9203,0.92055,6.40,20.90
2009.09.28 23:39:06.977,0.9203,0.9205,3.20,2.50
2009.09.28 23:39:07.266,0.9203,0.92055,6.40,20.90
2009.09.28 23:39:09.236,0.9203,0.9205,1.00,4.30
2009.09.28 23:39:09.476,0.9203,0.9205,1.00,10.60
2009.09.28 23:39:09.956,0.9203,0.9205,6.40,4.30
2009.09.28 23:39:10.186,0.9203,0.9205,1.00,10.50
2009.09.28 23:39:10.526,0.9203,0.9205,1.00,10.60
2009.09.28 23:39:13.125,0.92025,0.92045,15.00,1.00
2009.09.28 23:39:13.245,0.92025,0.9205,14.40,10.60
2009.09.28 23:39:13.985,0.9203,0.92055,2.40,21.70
2009.09.28 23:39:14.325,0.9203,0.92055,2.40,20.90
2009.09.28 23:39:15.295,0.9203,0.92055,2.40,20.70
2009.09.28 23:39:15.534,0.9203,0.92055,3.20,17.50
2009.09.28 23:39:16.574,0.9203,0.9205,3.20,4.00
2009.09.28 23:39:22.013,0.9203,0.9205,3.20,4.80
2009.09.28 23:39:22.073,0.9203,0.9205,3.20,5.00
2009.09.28 23:39:32.900,0.9203,0.9205,2.40,5.00
2009.09.28 23:39:34.180,0.9203,0.9205,3.20,5.00
2009.09.28 23:39:34.910,0.9203,0.9205,3.20,4.80
2009.09.28 23:39:35.350,0.9203,0.9205,3.20,4.80
2009.09.28 23:39:38.459,0.9203,0.9205,6.40,4.00
2009.09.28 23:39:38.579,0.9203,0.9205,6.40,4.00
2009.09.28 23:39:40.359,0.9203,0.9205,6.60,4.00
2009.09.28 23:39:40.469,0.92035,0.9205,1.00,4.00
2009.09.28 23:39:40.629,0.92035,0.9206,1.00,21.10
2009.09.28 23:39:40.808,0.92035,0.9206,1.00,19.90
2009.09.28 23:39:47.727,0.9203,0.92055,16.80,4.80
2009.09.28 23:39:48.067,0.9203,0.9206,6.60,18.70
2009.09.28 23:39:48.687,0.9203,0.9206,6.50,18.60
2009.09.28 23:39:48.926,0.9203,0.9206,6.60,18.70
2009.09.28 23:39:50.526,0.9203,0.92055,6.60,9.40
2009.09.28 23:39:50.646,0.9203,0.92055,9.20,9.40
2009.09.28 23:39:51.906,0.9203,0.92055,9.20,9.60
2009.09.28 23:39:52.865,0.9203,0.92055,6.40,9.60
2009.09.28 23:39:56.635,0.9203,0.92055,6.40,8.20
2009.09.28 23:39:57.824,0.9203,0.92055,6.60,8.20
2009.09.28 23:39:59.034,0.9203,0.92055,6.40,8.20
2009.09.28 23:39:59.384,0.9203,0.92055,6.40,9.60
2009.09.28 23:40:00.304,0.9203,0.92055,6.40,9.40
2009.09.28 23:40:00.594,0.9203,0.92055,6.40,6.20
2009.09.28 23:40:01.513,0.9204,0.9206,2.40,8.00
2009.09.28 23:40:01.723,0.9204,0.9206,5.60,2.40
2009.09.28 23:40:01.894,0.9204,0.9206,4.80,2.40
2009.09.28 23:40:02.123,0.9204,0.92065,4.90,11.00
2009.09.28 23:40:02.293,0.92045,0.92065,4.00,3.20
2009.09.28 23:40:03.463,0.9205,0.9207,1.60,6.60
2009.09.28 23:40:03.813,0.9205,0.9207,4.80,3.20
2009.09.28 23:40:04.163,0.9205,0.9207,3.20,3.20
2009.09.28 23:40:04.872,0.9205,0.9207,4.80,3.20
2009.09.28 23:40:05.963,0.9205,0.9207,1.60,6.60
2009.09.28 23:40:06.312,0.9205,0.9206,1.60,1.00
2009.09.28 23:40:06.532,0.92045,0.9206,1.60,3.20
2009.09.28 23:40:06.642,0.9205,0.9206,1.00,2.40
2009.09.28 23:40:06.702,0.9205,0.92065,1.00,1.00
2009.09.28 23:40:06.812,0.92055,0.92065,1.60,1.00
2009.09.28 23:40:07.142,0.92055,0.9207,1.60,5.00
2009.09.28 23:40:07.872,0.9205,0.9207,2.00,3.40
2009.09.28 23:40:09.561,0.9205,0.9207,1.20,3.40
2009.09.28 23:40:19.559,0.9205,0.9207,6.80,2.60
2009.09.28 23:40:19.799,0.92055,0.9207,1.60,3.20
2009.09.28 23:40:20.089,0.92045,0.92065,7.10,2.40
2009.09.28 23:40:20.379,0.9205,0.9207,1.00,10.20
2009.09.28 23:40:20.609,0.92045,0.9207,6.80,3.40
2009.09.28 23:40:20.839,0.92045,0.9207,6.40,3.40
2009.09.28 23:40:21.119,0.92045,0.9207,10.40,3.40
2009.09.28 23:40:21.468,0.92045,0.92065,3.20,2.40
2009.09.28 23:40:21.638,0.92045,0.92065,2.40,3.20
2009.09.28 23:40:21.808,0.92045,0.92065,2.40,3.20
2009.09.28 23:40:22.578,0.9204,0.9206,3.30,1.00
2009.09.28 23:40:22.848,0.9204,0.9206,6.50,1.00
2009.09.28 23:40:23.128,0.9204,0.92065,6.60,8.20
2009.09.28 23:40:23.658,0.9204,0.92065,6.60,11.20
2009.09.28 23:40:23.948,0.9204,0.9206,2.40,1.00
2009.09.28 23:40:24.248,0.9204,0.9206,3.20,3.20
2009.09.28 23:40:24.538,0.9204,0.9206,2.40,3.20
2009.09.28 23:40:25.518,0.92035,0.9206,8.60,3.20
2009.09.28 23:40:25.738,0.92035,0.9206,6.40,3.20
2009.09.28 23:40:26.308,0.92035,0.9206,6.70,3.20
2009.09.28 23:40:26.828,0.92035,0.9206,6.80,3.20
2009.09.28 23:40:27.117,0.92045,0.92065,3.20,8.80
2009.09.28 23:40:27.457,0.92045,0.92065,2.40,4.80
2009.09.28 23:40:27.737,0.9204,0.92065,6.40,3.20
2009.09.28 23:40:28.328,0.9204,0.92065,10.40,3.20
2009.09.28 23:40:28.877,0.9204,0.92065,10.60,3.20
2009.09.28 23:40:30.396,0.92045,0.92065,1.00,2.40
2009.09.28 23:40:30.636,0.92045,0.92065,2.50,3.20
2009.09.28 23:40:30.906,0.92045,0.92065,2.60,3.20
2009.09.28 23:40:31.146,0.9204,0.92065,10.60,3.20
2009.09.28 23:40:33.946,0.9204,0.92065,6.60,6.40
2009.09.28 23:40:34.166,0.9204,0.92065,6.60,8.00
2009.09.28 23:40:34.785,0.9204,0.92065,6.40,8.20
2009.09.28 23:40:35.795,0.9204,0.92065,6.60,4.80
2009.09.28 23:40:46.443,0.9204,0.92065,6.60,4.00
2009.09.28 23:40:47.492,0.9204,0.92065,6.60,4.80
2009.09.28 23:40:49.712,0.9204,0.92065,6.60,8.00
2009.09.28 23:40:49.832,0.9204,0.92065,6.40,9.00
2009.09.28 23:40:50.232,0.9204,0.9206,3.20,3.40
2009.09.28 23:41:03.678,0.9204,0.9206,2.40,3.40
2009.09.28 23:41:03.968,0.92035,0.9206,9.90,6.60
2009.09.28 23:41:04.208,0.92035,0.9206,8.00,6.60
2009.09.28 23:41:05.708,0.92035,0.9206,4.80,6.60
2009.09.28 23:41:05.878,0.92035,0.9206,4.80,8.20
2009.09.28 23:41:06.518,0.92035,0.9206,4.80,9.00
2009.09.28 23:41:06.688,0.92035,0.92055,4.80,1.00
2009.09.28 23:41:06.918,0.92035,0.9206,4.80,10.80
2009.09.28 23:41:08.587,0.92035,0.9206,10.80,7.60
2009.09.28 23:41:08.937,0.92035,0.92065,8.00,17.70
2009.09.28 23:41:09.517,0.92035,0.92065,4.80,15.70
2009.09.28 23:41:09.737,0.92035,0.92065,4.80,20.50
2009.09.28 23:41:10.277,0.92035,0.92065,8.20,20.30
2009.09.28 23:41:11.846,0.92035,0.9206,8.20,5.00
2009.09.28 23:41:18.335,0.9204,0.9206,1.00,4.80
2009.09.28 23:41:28.493,0.92035,0.92055,11.20,1.00
2009.09.28 23:41:28.672,0.92035,0.92065,8.00,17.30
2009.09.28 23:41:28.782,0.92035,0.92065,4.80,20.50
2009.09.28 23:41:28.952,0.92035,0.9206,4.80,8.20
2009.09.28 23:41:29.122,0.92035,0.9206,4.00,12.50
2009.09.28 23:41:29.582,0.92035,0.9206,5.00,12.50
2009.09.28 23:41:30.042,0.92035,0.9206,4.80,12.50
2009.09.28 23:41:47.338,0.92035,0.92055,4.00,6.40
2009.09.28 23:41:47.448,0.92035,0.9206,4.00,17.10
2009.09.28 23:41:47.568,0.92035,0.9206,4.00,17.10
2009.09.28 23:41:47.788,0.92035,0.9206,4.00,17.10
2009.09.28 23:41:47.898,0.92035,0.9206,4.00,17.00
2009.09.28 23:41:49.097,0.92035,0.9206,4.00,18.70
2009.09.28 23:41:49.277,0.92035,0.9206,4.00,18.70
2009.09.28 23:41:49.507,0.92035,0.9206,4.00,18.70
2009.09.28 23:41:49.737,0.92035,0.92055,4.00,4.80
2009.09.28 23:41:50.147,0.92035,0.92055,4.00,8.00
2009.09.28 23:41:50.437,0.92035,0.92055,4.00,4.80
2009.09.28 23:41:51.517,0.92035,0.92055,4.00,8.00
2009.09.28 23:41:51.757,0.92035,0.92055,4.00,4.80
2009.09.28 23:41:52.167,0.92035,0.92055,4.00,8.00
2009.09.28 23:41:52.577,0.92035,0.92055,4.00,4.80
2009.09.28 23:41:52.927,0.92035,0.92055,4.00,8.00
2009.09.28 23:41:53.266,0.92035,0.92055,4.00,4.80
2009.09.28 23:41:54.406,0.92035,0.92055,4.00,8.00
2009.09.28 23:41:55.486,0.92035,0.92055,4.00,4.80
2009.09.28 23:41:55.716,0.92035,0.92055,4.00,8.00
2009.09.28 23:41:56.126,0.92035,0.92055,4.00,4.80
2009.09.28 23:41:56.356,0.92035,0.92055,4.00,8.00
2009.09.28 23:41:56.576,0.92035,0.92055,4.00,4.80
2009.09.28 23:41:56.805,0.92035,0.92055,4.00,8.00
2009.09.28 23:41:57.016,0.92035,0.92055,4.00,4.80
2009.09.28 23:41:57.645,0.92035,0.92055,4.00,8.00
2009.09.28 23:41:57.885,0.92035,0.92055,4.00,4.80
2009.09.28 23:41:58.055,0.92035,0.92055,4.00,8.00
2009.09.28 23:41:58.285,0.92035,0.92055,4.00,4.80
2009.09.28 23:41:59.515,0.92035,0.92055,4.00,8.00
2009.09.28 23:41:59.755,0.92035,0.92055,4.00,4.80
2009.09.28 23:42:00.165,0.92035,0.92055,4.00,8.00
2009.09.28 23:42:00.395,0.92035,0.92055,4.00,4.80
2009.09.28 23:42:00.635,0.92035,0.9205,4.00,1.00
2009.09.28 23:42:00.915,0.92035,0.9206,4.00,18.10
2009.09.28 23:42:01.145,0.92035,0.9206,4.00,12.50
2009.09.28 23:42:02.814,0.92035,0.9206,4.00,14.30
2009.09.28 23:42:18.071,0.92035,0.92055,4.00,5.60
2009.09.28 23:42:18.650,0.92035,0.9206,4.10,12.50
2009.09.28 23:42:18.940,0.92035,0.9206,4.10,9.90
2009.09.28 23:42:19.220,0.92035,0.9206,4.10,9.90
2009.09.28 23:42:20.270,0.92035,0.9206,4.00,8.40
2009.09.28 23:42:20.790,0.92035,0.9206,4.80,9.70
2009.09.28 23:42:21.729,0.92035,0.9206,4.80,9.70
2009.09.28 23:42:21.900,0.92035,0.9206,4.90,9.70
2009.09.28 23:42:22.019,0.92035,0.92055,8.10,1.60
2009.09.28 23:42:22.130,0.92035,0.92055,4.90,1.00
2009.09.28 23:42:22.249,0.9204,0.92055,2.40,1.00
2009.09.28 23:42:24.539,0.9204,0.9206,2.40,8.00
2009.09.28 23:42:33.787,0.9204,0.9206,2.40,8.40
2009.09.28 23:42:34.077,0.9204,0.92055,2.40,1.00
2009.09.28 23:42:45.354,0.9204,0.92055,2.40,1.00
2009.09.28 23:42:45.474,0.9204,0.92055,2.40,1.00
2009.09.28 23:42:45.594,0.9204,0.92055,2.40,1.00
2009.09.28 23:42:45.704,0.9204,0.92055,2.40,1.00
2009.09.28 23:42:45.814,0.9204,0.9206,2.40,8.20
2009.09.28 23:42:58.611,0.9204,0.92055,2.40,1.00
2009.09.28 23:42:58.841,0.9204,0.9206,2.40,8.50
2009.09.28 23:42:59.071,0.9204,0.92065,2.40,18.70
2009.09.28 23:43:00.930,0.9204,0.9206,2.40,8.60
2009.09.28 23:43:01.110,0.9204,0.9206,2.40,8.50
2009.09.28 23:43:03.800,0.9204,0.92055,1.60,1.00
2009.09.28 23:43:04.890,0.9204,0.9206,2.40,8.40
2009.09.28 23:43:06.799,0.92035,0.9206,4.10,8.40
2009.09.28 23:43:07.199,0.92035,0.9206,4.10,8.50
2009.09.28 23:43:07.369,0.92035,0.92055,4.10,5.60
2009.09.28 23:43:07.599,0.92035,0.92055,4.10,2.40
2009.09.28 23:43:07.769,0.92035,0.92055,4.90,2.40
2009.09.28 23:43:09.609,0.92045,0.92055,1.60,1.00
2009.09.28 23:43:10.518,0.92045,0.9206,1.60,6.10
2009.09.28 23:43:10.748,0.92045,0.92065,4.00,9.20
2009.09.28 23:43:11.778,0.92045,0.92065,4.10,8.50
2009.09.28 23:43:17.846,0.92045,0.92055,4.10,1.00
2009.09.28 23:43:18.137,0.9204,0.9206,1.00,8.50
2009.09.28 23:43:18.427,0.92035,0.92065,8.30,12.50
2009.09.28 23:43:18.706,0.92035,0.92065,6.70,12.50
2009.09.28 23:43:19.766,0.92035,0.9206,6.40,9.30
2009.09.28 23:43:19.936,0.92035,0.9206,4.80,9.30
2009.09.28 23:43:21.916,0.92035,0.9206,4.80,14.70
2009.09.28 23:43:25.575,0.92035,0.92055,4.80,1.00
2009.09.28 23:43:25.914,0.9205,0.9207,4.00,8.50
2009.09.28 23:43:26.084,0.9205,0.92075,1.60,14.90
2009.09.28 23:43:26.304,0.9205,0.9207,1.60,8.00
2009.09.28 23:43:26.534,0.92045,0.92065,1.00,8.00
2009.09.28 23:43:26.774,0.92035,0.9207,6.80,21.50
2009.09.28 23:43:26.944,0.92045,0.92055,2.40,2.40
2009.09.28 23:43:27.294,0.9204,0.92055,1.00,6.60
2009.09.28 23:43:27.684,0.92035,0.92055,1.60,3.40
2009.09.28 23:43:28.024,0.92035,0.9206,4.00,9.10
2009.09.28 23:43:28.314,0.92035,0.9206,4.00,9.10
2009.09.28 23:43:28.654,0.9203,0.92055,7.20,6.60
2009.09.28 23:43:29.234,0.9203,0.9205,1.00,3.20
2009.09.28 23:43:29.564,0.9203,0.9205,1.60,3.20
2009.09.28 23:43:29.844,0.9203,0.9205,6.40,2.40
2009.09.28 23:43:30.124,0.9203,0.9205,7.20,2.40
2009.09.28 23:43:31.533,0.9203,0.92055,10.80,3.20
2009.09.28 23:43:31.963,0.9203,0.9206,10.00,14.10
2009.09.28 23:43:33.163,0.92035,0.9206,1.00,14.10
2009.09.28 23:43:35.072,0.92045,0.9206,2.40,10.60
2009.09.28 23:43:35.362,0.92045,0.92065,4.00,8.80
2009.09.28 23:43:35.482,0.92035,0.92065,14.70,8.80
2009.09.28 23:43:35.642,0.92035,0.92065,11.00,12.40
2009.09.28 23:43:35.752,0.9204,0.92065,1.00,10.80
2009.09.28 23:43:36.232,0.9204,0.9206,3.20,2.40
2009.09.28 23:43:36.532,0.9204,0.9206,6.40,2.40
2009.09.28 23:43:37.212,0.9204,0.9206,3.40,2.40
2009.09.28 23:43:37.382,0.9204,0.9206,3.20,3.20
2009.09.28 23:43:37.612,0.9204,0.9206,3.20,3.20
2009.09.28 23:43:41.491,0.92055,0.9206,1.60,1.00
2009.09.28 23:43:41.601,0.92055,0.92065,1.60,1.00
2009.09.28 23:43:41.881,0.92055,0.9207,1.60,2.60
2009.09.28 23:43:43.760,0.92055,0.9207,1.60,2.50
2009.09.28 23:43:44.000,0.92055,0.9207,1.60,2.60
2009.09.28 23:43:44.290,0.92055,0.92065,1.60,1.00
2009.09.28 23:43:44.580,0.9205,0.92065,1.00,3.20
2009.09.28 23:43:44.870,0.92045,0.92065,1.60,3.30
2009.09.28 23:43:45.110,0.92045,0.92065,1.60,3.40
2009.09.28 23:43:45.340,0.92045,0.92065,1.60,6.60
2009.09.28 23:43:45.520,0.9204,0.92065,6.40,3.40
2009.09.28 23:43:47.969,0.9204,0.92065,3.20,8.20
2009.09.28 23:43:49.269,0.9204,0.92065,2.40,8.20
2009.09.28 23:43:49.619,0.9204,0.92065,2.40,10.60
2009.09.28 23:43:51.398,0.9204,0.92065,3.20,10.60
2009.09.28 23:43:57.787,0.9204,0.92065,3.40,10.40
2009.09.28 23:43:58.187,0.9204,0.92065,6.60,5.60
2009.09.28 23:43:58.417,0.9204,0.92065,6.60,4.80
2009.09.28 23:43:58.527,0.9204,0.92065,6.60,3.20
2009.09.28 23:43:59.486,0.9204,0.92065,8.20,3.20
2009.09.28 23:43:59.936,0.9204,0.92065,8.20,3.40
2009.09.28 23:44:00.046,0.9204,0.92065,6.60,3.40
2009.09.28 23:44:00.346,0.92045,0.92065,1.00,3.20
2009.09.28 23:44:00.876,0.9204,0.92065,8.10,3.30
2009.09.28 23:44:01.116,0.92045,0.9207,6.60,13.80
2009.09.28 23:44:01.356,0.9205,0.9207,1.00,2.40
2009.09.28 23:44:04.125,0.9205,0.92075,6.40,5.80
2009.09.28 23:44:04.635,0.92055,0.92075,2.40,3.40
2009.09.28 23:44:04.985,0.92055,0.92075,1.00,3.20
2009.09.28 23:44:05.335,0.92055,0.92075,3.20,7.20
2009.09.28 23:44:05.615,0.92055,0.92075,3.20,3.20
2009.09.28 23:44:14.483,0.92055,0.92075,6.40,2.40
2009.09.28 23:44:14.813,0.92055,0.92075,6.40,2.40
2009.09.28 23:44:15.623,0.92055,0.92075,7.20,2.40
2009.09.28 23:44:15.863,0.92055,0.9208,7.20,5.80
2009.09.28 23:44:16.153,0.92055,0.9208,7.40,8.20
2009.09.28 23:44:16.322,0.92055,0.9208,6.40,5.00
2009.09.28 23:44:16.552,0.92055,0.9208,6.60,3.40
2009.09.28 23:44:16.943,0.92055,0.92075,1.00,3.20
2009.09.28 23:44:17.162,0.92055,0.92075,1.00,3.40
2009.09.28 23:44:17.522,0.9205,0.92075,9.20,6.60
2009.09.28 23:44:17.872,0.92055,0.92075,2.40,3.20
2009.09.28 23:44:42.076,0.92055,0.92075,4.00,3.20
2009.09.28 23:44:42.896,0.92055,0.92075,2.40,3.20
2009.09.28 23:44:46.175,0.92055,0.92075,3.20,3.20
2009.09.28 23:44:46.675,0.9206,0.92075,1.00,2.40
2009.09.28 23:44:46.965,0.92065,0.9208,4.00,1.60
2009.09.28 23:44:49.414,0.92065,0.92085,4.00,5.00
2009.09.28 23:44:50.094,0.92065,0.92085,4.00,8.20
2009.09.28 23:44:51.494,0.92065,0.9208,4.00,1.00
2009.09.28 23:44:51.834,0.92065,0.92085,4.00,8.20
2009.09.28 23:44:53.563,0.92065,0.9208,1.60,1.00
2009.09.28 23:44:53.743,0.92065,0.9208,1.60,1.00
2009.09.28 23:44:53.973,0.92065,0.9208,1.60,2.60
2009.09.28 23:44:56.693,0.92065,0.9208,1.60,5.80
2009.09.28 23:44:56.803,0.92065,0.9208,1.60,5.80
2009.09.28 23:45:01.961,0.92065,0.9208,1.60,2.60
2009.09.28 23:45:02.071,0.92065,0.9208,4.00,2.40
2009.09.28 23:45:02.251,0.92065,0.9208,4.00,1.00
2009.09.28 23:45:02.951,0.92065,0.92085,4.00,8.20
2009.09.28 23:45:03.711,0.92065,0.92085,4.00,8.10
2009.09.28 23:45:03.941,0.92065,0.92085,4.00,8.20
2009.09.28 23:45:04.281,0.92065,0.92085,4.00,2.60
2009.09.28 23:45:04.461,0.92065,0.92085,4.00,2.40
2009.09.28 23:45:05.890,0.92065,0.92085,4.00,2.60
2009.09.28 23:45:06.890,0.92065,0.92085,4.00,5.00
2009.09.28 23:45:08.440,0.92065,0.92085,4.00,8.20
2009.09.28 23:45:08.840,0.92065,0.92085,4.00,7.40
2009.09.28 23:45:09.920,0.92065,0.92085,4.00,8.20
2009.09.28 23:45:17.788,0.92065,0.92085,4.00,5.00
2009.09.28 23:45:23.006,0.92065,0.92085,4.00,8.20
2009.09.28 23:45:24.446,0.92065,0.92085,4.00,8.10
2009.09.28 23:45:24.666,0.92065,0.92085,4.00,8.20
2009.09.28 23:45:25.126,0.92065,0.92085,4.00,5.00
2009.09.28 23:45:27.215,0.92065,0.92085,4.00,8.20
2009.09.28 23:45:29.545,0.92065,0.92085,4.00,5.00
2009.09.28 23:45:35.903,0.92065,0.92085,4.00,8.20
2009.09.28 23:45:36.253,0.92065,0.92085,1.60,8.20
2009.09.28 23:45:37.463,0.92065,0.92085,1.60,9.80
2009.09.28 23:45:37.693,0.92065,0.9208,1.60,1.00
2009.09.28 23:45:37.853,0.92065,0.9208,1.60,1.00
2009.09.28 23:45:37.973,0.92065,0.9208,1.60,3.40
2009.09.28 23:45:38.143,0.92055,0.92075,2.40,3.20
2009.09.28 23:45:38.263,0.92055,0.92075,1.00,3.20
2009.09.28 23:45:38.383,0.92055,0.92075,4.80,3.20
2009.09.28 23:45:38.553,0.92055,0.92075,1.00,3.20
2009.09.28 23:45:39.582,0.9205,0.92075,6.80,6.60
2009.09.28 23:45:39.752,0.92055,0.92075,1.00,3.40
2009.09.28 23:45:40.802,0.92055,0.92075,4.80,3.40
2009.09.28 23:45:41.082,0.92055,0.92075,6.40,2.50
2009.09.28 23:45:41.312,0.92055,0.92075,6.40,2.60
2009.09.28 23:45:41.592,0.92055,0.92075,6.40,2.50
2009.09.28 23:45:41.832,0.92055,0.92075,1.00,3.40
2009.09.28 23:45:42.342,0.9206,0.92075,3.20,1.00
2009.09.28 23:45:42.562,0.92065,0.92075,1.60,1.00
2009.09.28 23:45:42.742,0.92065,0.9208,1.60,1.00
2009.09.28 23:45:42.922,0.92065,0.9208,4.00,1.00
2009.09.28 23:45:43.212,0.92065,0.92085,4.00,8.20
2009.09.28 23:45:46.780,0.92065,0.9208,4.00,1.00
2009.09.28 23:45:46.891,0.92065,0.9208,4.00,1.00
2009.09.28 23:45:47.001,0.92065,0.9208,2.40,1.00
2009.09.28 23:45:47.060,0.9206,0.9208,2.40,3.20
2009.09.28 23:45:47.181,0.9206,0.9208,2.40,6.60
2009.09.28 23:45:47.300,0.92055,0.92075,6.80,2.40
2009.09.28 23:45:47.360,0.92055,0.92075,6.40,2.40
2009.09.28 23:45:47.701,0.92055,0.9208,6.40,7.40
2009.09.28 23:45:47.760,0.92055,0.9208,8.30,7.40
2009.09.28 23:45:47.870,0.92055,0.92075,8.30,2.40
2009.09.28 23:45:48.200,0.92055,0.92075,6.40,2.40
2009.09.28 23:45:51.809,0.9206,0.92075,4.00,2.40
2009.09.28 23:45:51.989,0.92065,0.9208,4.00,2.40
2009.09.28 23:45:52.109,0.92065,0.92085,4.00,8.20
2009.09.28 23:45:53.639,0.92065,0.92085,4.00,8.10
2009.09.28 23:45:53.919,0.92065,0.92085,4.00,8.20
2009.09.28 23:45:57.438,0.92065,0.92085,4.00,5.00
2009.09.28 23:45:59.108,0.92065,0.92085,1.60,8.20
2009.09.28 23:46:00.507,0.92065,0.92085,1.60,10.60
2009.09.28 23:46:00.797,0.92065,0.9208,1.60,1.00
2009.09.28 23:46:01.027,0.9206,0.9208,4.70,3.40
2009.09.28 23:46:01.257,0.9206,0.9208,1.00,3.40
2009.09.28 23:46:01.537,0.9206,0.9208,2.40,3.40
2009.09.28 23:46:01.647,0.9206,0.9208,2.40,6.60
2009.09.28 23:46:01.697,0.92055,0.92075,13.90,2.40
2009.09.28 23:46:01.817,0.92055,0.92075,9.10,2.40
2009.09.28 23:46:01.877,0.92055,0.92075,8.80,2.40
2009.09.28 23:46:01.997,0.92055,0.92075,6.40,2.40
2009.09.28 23:46:04.556,0.92065,0.9208,4.00,2.40
2009.09.28 23:46:04.846,0.92065,0.9208,4.00,1.60
2009.09.28 23:46:05.016,0.92065,0.92085,4.00,9.00
2009.09.28 23:46:05.616,0.92065,0.92085,4.00,8.90
2009.09.28 23:46:05.786,0.92065,0.92085,4.00,9.00
2009.09.28 23:46:12.774,0.92065,0.9208,4.00,2.40
2009.09.28 23:46:13.764,0.92065,0.9208,4.00,2.40
2009.09.28 23:46:14.644,0.92065,0.9208,4.00,1.60
2009.09.28 23:46:17.463,0.92065,0.92085,4.00,5.80
2009.09.28 23:46:20.952,0.92065,0.92085,4.00,9.00
2009.09.28 23:46:21.232,0.92065,0.92085,1.60,9.00
2009.09.28 23:46:22.362,0.92065,0.92085,1.60,9.80
2009.09.28 23:46:22.532,0.92065,0.92085,1.60,11.40
2009.09.28 23:46:22.812,0.92065,0.9208,1.60,1.00
2009.09.28 23:46:23.292,0.92065,0.92085,1.60,8.20
2009.09.28 23:46:23.412,0.92065,0.92085,4.00,8.20
2009.09.28 23:46:23.762,0.92065,0.92085,4.00,5.80
2009.09.28 23:46:31.800,0.92065,0.92085,4.00,9.00
2009.09.28 23:46:32.100,0.92065,0.92085,4.00,9.00
2009.09.28 23:46:32.440,0.92065,0.9208,1.60,1.00
2009.09.28 23:46:32.610,0.92065,0.9208,1.60,1.00
2009.09.28 23:46:33.729,0.92065,0.9208,1.60,1.00
2009.09.28 23:46:34.859,0.92065,0.9208,1.60,2.60
2009.09.28 23:46:35.899,0.92065,0.9208,1.60,1.00
2009.09.28 23:46:36.019,0.92065,0.9208,1.60,1.00
2009.09.28 23:46:36.309,0.92065,0.9208,1.60,1.00
2009.09.28 23:46:36.489,0.92065,0.9208,1.60,2.60
2009.09.28 23:46:39.528,0.9206,0.92075,1.60,3.20
2009.09.28 23:46:40.048,0.92055,0.92075,2.40,3.20
2009.09.28 23:46:40.348,0.9205,0.92075,6.80,3.20
2009.09.28 23:46:40.868,0.9205,0.92075,6.80,3.40
2009.09.28 23:47:00.443,0.92055,0.92075,3.20,3.40
2009.09.28 23:47:00.843,0.9205,0.9207,6.80,2.40
2009.09.28 23:47:01.013,0.9205,0.9207,1.00,4.90
2009.09.28 23:47:01.193,0.92045,0.92065,8.00,1.00
2009.09.28 23:47:02.662,0.9205,0.9207,1.00,7.60
2009.09.28 23:47:02.892,0.92045,0.92075,17.10,14.70
2009.09.28 23:47:03.122,0.92045,0.9207,6.40,12.50
2009.09.28 23:47:03.342,0.92045,0.9207,8.00,8.40
2009.09.28 23:47:04.852,0.9205,0.92075,1.00,15.50
2009.09.28 23:47:05.022,0.9205,0.92075,1.00,14.70
2009.09.28 23:47:05.202,0.9205,0.92075,1.00,14.70
2009.09.28 23:47:21.968,0.9205,0.9207,3.30,1.00
2009.09.28 23:47:22.198,0.9205,0.9207,2.50,1.00
2009.09.28 23:47:22.378,0.9205,0.9207,2.50,3.20
2009.09.28 23:47:22.668,0.9205,0.9207,2.40,3.20
2009.09.28 23:47:26.646,0.9205,0.9207,1.60,3.20
2009.09.28 23:47:27.756,0.9205,0.9207,2.40,3.20
2009.09.28 23:47:28.096,0.9205,0.9207,1.60,3.20
2009.09.28 23:47:28.956,0.9205,0.9207,2.40,3.20
2009.09.28 23:47:43.883,0.9205,0.9207,2.40,2.40
2009.09.28 23:47:45.282,0.9205,0.9207,2.40,3.20
2009.09.28 23:47:51.351,0.92045,0.92065,4.80,1.00
2009.09.28 23:47:51.581,0.92045,0.9207,4.80,13.20
2009.09.28 23:47:51.981,0.92045,0.9207,4.80,9.10
2009.09.28 23:47:53.270,0.92045,0.92075,8.00,24.90
2009.09.28 23:47:53.620,0.92045,0.9207,8.00,6.60
2009.09.28 23:47:53.950,0.92045,0.9207,4.80,7.30
2009.09.28 23:47:54.280,0.92045,0.9207,4.80,11.50
2009.09.28 23:47:54.680,0.92045,0.9207,4.00,14.70
2009.09.28 23:48:01.208,0.9204,0.92065,10.00,3.40
2009.09.28 23:48:01.378,0.9204,0.9207,3.60,14.30
2009.09.28 23:48:05.187,0.92045,0.9207,2.40,14.30
2009.09.28 23:48:05.307,0.92045,0.9207,2.40,14.30
2009.09.28 23:48:05.477,0.92045,0.9207,2.40,8.50
2009.09.28 23:48:07.167,0.92045,0.92065,2.50,3.20
2009.09.28 23:48:07.337,0.92045,0.9207,2.60,6.40
2009.09.28 23:48:07.517,0.92045,0.9207,2.40,6.60
2009.09.28 23:48:07.677,0.92045,0.92075,3.40,17.90
2009.09.28 23:48:07.847,0.92045,0.92075,3.60,17.90
2009.09.28 23:48:11.526,0.92045,0.92065,2.60,1.00
2009.09.28 23:48:11.696,0.92045,0.92065,2.40,4.40
2009.09.28 23:48:11.876,0.9204,0.92065,9.90,7.00
2009.09.28 23:48:12.046,0.9204,0.92065,5.10,6.60
2009.09.28 23:48:12.336,0.9204,0.92065,3.50,6.60
2009.09.28 23:48:15.645,0.9204,0.92065,3.60,6.60
2009.09.28 23:48:54.176,0.9204,0.9206,3.30,1.00
2009.09.28 23:49:08.082,0.9204,0.92065,3.40,6.60
2009.09.28 23:49:08.262,0.9204,0.92065,3.30,8.50
2009.09.28 23:49:10.102,0.9204,0.92065,3.30,8.60
2009.09.28 23:49:10.282,0.9204,0.9207,3.60,14.30
2009.09.28 23:49:10.622,0.9204,0.92065,7.60,6.60
2009.09.28 23:49:10.791,0.9204,0.92065,7.30,8.50
2009.09.28 23:49:11.012,0.9204,0.92065,3.30,8.50
2009.09.28 23:49:11.242,0.9204,0.9207,7.40,14.30
2009.09.28 23:49:11.471,0.9204,0.9207,7.60,14.30
2009.09.28 23:49:11.651,0.9204,0.92065,7.60,6.50
2009.09.28 23:49:11.871,0.9204,0.92065,3.30,8.50
2009.09.28 23:49:12.101,0.9204,0.9207,7.40,14.30
2009.09.28 23:49:12.281,0.9204,0.9207,7.60,14.30
2009.09.28 23:49:12.461,0.9204,0.92065,7.60,8.50
2009.09.28 23:49:12.691,0.9204,0.92065,3.30,8.50
2009.09.28 23:49:13.031,0.9204,0.92065,7.60,6.60
2009.09.28 23:49:13.531,0.9204,0.9206,6.80,1.00
2009.09.28 23:49:13.651,0.9204,0.92065,3.30,8.50
2009.09.28 23:49:14.111,0.9204,0.92065,3.30,8.60
2009.09.28 23:49:14.451,0.9204,0.9207,7.60,14.30
2009.09.28 23:49:14.790,0.9204,0.92065,7.30,8.50
2009.09.28 23:49:15.120,0.9204,0.92065,3.30,8.50
2009.09.28 23:49:15.460,0.9204,0.9207,7.60,14.30
2009.09.28 23:49:15.680,0.9204,0.92065,7.50,6.40
2009.09.28 23:49:15.850,0.9204,0.92065,3.20,8.40
2009.09.28 23:49:16.430,0.9204,0.92065,2.40,8.40
2009.09.28 23:49:16.710,0.9204,0.92065,2.40,10.30
2009.09.28 23:49:17.680,0.9204,0.92065,3.20,14.30
2009.09.28 23:49:17.910,0.9204,0.92065,3.20,6.60
2009.09.28 23:49:18.200,0.9204,0.92065,3.50,6.60
2009.09.28 23:49:19.220,0.9204,0.9206,2.40,3.40
2009.09.28 23:49:49.342,0.92035,0.9206,17.20,6.60
2009.09.28 23:49:49.623,0.92035,0.92065,17.10,14.70
2009.09.28 23:49:49.972,0.92035,0.92065,13.10,14.70
2009.09.28 23:49:50.312,0.92035,0.92065,17.10,14.70
2009.09.28 23:49:51.662,0.92035,0.92065,17.10,14.70
2009.09.28 23:49:51.782,0.92035,0.92065,17.20,14.30
2009.09.28 23:50:16.526,0.9204,0.9206,1.00,2.60
2009.09.28 23:50:16.696,0.9204,0.92065,4.20,10.40
2009.09.28 23:50:16.876,0.9204,0.92065,5.80,8.80
2009.09.28 23:50:17.046,0.9204,0.92065,9.80,8.80
2009.09.28 23:50:17.565,0.9204,0.92065,5.80,8.00
2009.09.28 23:50:27.733,0.9204,0.9206,4.90,3.20
2009.09.28 23:50:27.903,0.9204,0.92065,4.80,8.50
2009.09.28 23:50:28.073,0.9204,0.92065,3.20,8.50
2009.09.28 23:50:30.882,0.9204,0.9206,3.30,3.20
2009.09.28 23:50:36.241,0.9204,0.9206,3.20,3.20
2009.09.28 23:50:36.581,0.9204,0.9206,2.40,3.20
2009.09.28 23:50:37.821,0.9204,0.9206,2.40,3.40
2009.09.28 23:50:38.291,0.9204,0.9206,3.20,3.40
2009.09.28 23:51:22.750,0.9204,0.9206,3.20,3.20
2009.09.28 23:51:23.909,0.9204,0.9206,3.30,3.20
2009.09.28 23:51:32.508,0.9204,0.9206,2.50,3.20
2009.09.28 23:51:32.737,0.9204,0.9206,2.40,3.20
2009.09.28 23:51:33.587,0.9204,0.9206,3.20,3.20
2009.09.28 23:51:38.896,0.9204,0.9206,3.20,3.20
2009.09.28 23:52:23.535,0.9204,0.9206,3.20,2.40
2009.09.28 23:52:23.645,0.9204,0.9206,4.20,2.40
2009.09.28 23:52:23.815,0.9204,0.9206,5.80,2.40
2009.09.28 23:52:23.935,0.9204,0.9206,5.00,2.40
2009.09.28 23:52:25.065,0.9204,0.9206,5.80,2.40
2009.09.28 23:52:25.405,0.9204,0.9206,5.00,2.40
2009.09.28 23:52:26.325,0.9204,0.9206,5.80,2.40
2009.09.28 23:52:46.739,0.9204,0.9206,5.00,3.20
2009.09.28 23:52:46.900,0.9204,0.9206,4.00,3.20
2009.09.28 23:52:47.070,0.9204,0.9206,2.40,3.20
2009.09.28 23:52:49.559,0.9204,0.9206,3.20,2.40
2009.09.28 23:52:49.839,0.9204,0.92065,3.20,8.20
2009.09.28 23:52:51.858,0.9204,0.9207,3.40,19.50
2009.09.28 23:52:52.858,0.9204,0.92065,3.40,8.20
2009.09.28 23:52:56.167,0.9204,0.9206,3.30,1.00
2009.09.28 23:52:56.457,0.9204,0.9207,3.20,16.90
2009.09.28 23:52:56.747,0.9204,0.9207,3.40,16.30
2009.09.28 23:52:57.037,0.9204,0.9207,3.40,16.30
2009.09.28 23:52:59.827,0.9204,0.9207,3.40,14.30
2009.09.28 23:53:01.336,0.9204,0.9206,3.40,3.20
2009.09.28 23:53:01.506,0.9204,0.92065,3.30,8.90
2009.09.28 23:53:01.676,0.9204,0.92065,3.20,8.90
2009.09.28 23:53:02.076,0.9204,0.92065,3.20,10.50
2009.09.28 23:53:03.625,0.9204,0.92065,1.00,14.50
2009.09.28 23:53:03.795,0.92035,0.92065,17.20,14.70
2009.09.28 23:53:03.966,0.92035,0.92065,13.10,14.70
2009.09.28 23:53:05.625,0.9204,0.92065,1.00,14.70
2009.09.28 23:53:05.735,0.9204,0.92065,1.00,14.50
2009.09.28 23:53:05.855,0.9204,0.92065,3.20,10.50
2009.09.28 23:53:07.704,0.9204,0.9206,3.20,2.40
2009.09.28 23:53:07.874,0.9204,0.92065,3.20,8.90
2009.09.28 23:53:08.045,0.9204,0.92065,3.20,14.50
2009.09.28 23:53:09.914,0.92035,0.92065,17.10,14.70
2009.09.28 23:53:10.144,0.92035,0.92065,13.10,14.70
2009.09.28 23:53:10.434,0.92035,0.9206,4.80,9.10
2009.09.28 23:53:11.704,0.92035,0.92055,4.80,2.40
2009.09.28 23:53:11.943,0.92035,0.92055,4.80,2.50
2009.09.28 23:53:17.182,0.92035,0.92055,4.80,1.00
2009.09.28 23:53:17.302,0.92035,0.9206,4.80,10.60
2009.09.28 23:53:17.462,0.92035,0.9206,4.80,8.20
2009.09.28 23:53:18.802,0.92035,0.9206,4.80,12.30
2009.09.28 23:53:26.650,0.92035,0.92055,2.40,3.40
2009.09.28 23:53:26.880,0.92035,0.9205,1.60,3.60
2009.09.28 23:53:27.100,0.9203,0.9205,2.40,4.40
2009.09.28 23:53:27.450,0.92025,0.92045,1.00,3.20
2009.09.28 23:53:27.740,0.92025,0.92045,1.00,3.20
2009.09.28 23:53:28.140,0.92025,0.9205,8.00,8.80
2009.09.28 23:53:28.770,0.92025,0.92045,3.20,2.30
2009.09.28 23:53:29.060,0.92025,0.9205,3.20,7.60
2009.09.28 23:53:29.359,0.92025,0.9205,6.40,7.50
2009.09.28 23:53:29.699,0.92025,0.9205,6.40,7.90
2009.09.28 23:53:30.609,0.92025,0.92055,15.20,12.40
2009.09.28 23:53:30.849,0.9203,0.92055,1.00,12.40
2009.09.28 23:53:31.499,0.9203,0.92055,1.00,11.60
2009.09.28 23:53:32.239,0.92025,0.92055,8.30,13.20
2009.09.28 23:53:32.519,0.92025,0.9205,8.30,4.70
2009.09.28 23:53:32.749,0.92025,0.9205,12.30,4.70
2009.09.28 23:53:34.768,0.92025,0.9205,12.40,4.70
2009.09.28 23:53:36.808,0.9203,0.9205,4.00,4.00
2009.09.28 23:53:36.927,0.92035,0.92055,1.00,12.00
2009.09.28 23:53:37.097,0.92035,0.9206,3.20,19.60
2009.09.28 23:53:37.258,0.92035,0.9206,2.40,14.90
2009.09.28 23:53:37.427,0.92035,0.9206,3.20,13.30
2009.09.28 23:53:37.607,0.92035,0.92065,3.20,25.30
2009.09.28 23:53:37.947,0.92035,0.92065,3.20,25.30
2009.09.28 23:53:38.877,0.92035,0.9206,2.40,12.10
2009.09.28 23:53:39.207,0.92035,0.9206,2.40,14.40
2009.09.28 23:53:41.836,0.92035,0.92055,3.20,2.40
2009.09.28 23:53:42.057,0.92035,0.92065,3.20,27.20
2009.09.28 23:53:42.176,0.92035,0.92065,3.20,25.20
2009.09.28 23:53:43.246,0.92035,0.9206,3.20,12.10
2009.09.28 23:53:43.526,0.92035,0.9206,2.40,12.90
2009.09.28 23:53:45.675,0.92035,0.92065,3.20,27.20
2009.09.28 23:53:45.896,0.92035,0.92065,3.20,25.20
2009.09.28 23:53:49.295,0.92035,0.9206,3.20,12.20
2009.09.28 23:53:57.463,0.92035,0.92055,2.40,3.20
2009.09.28 23:53:57.752,0.92035,0.9206,2.40,14.90
2009.09.28 23:54:07.660,0.92035,0.92055,2.40,4.00
2009.09.28 23:54:07.830,0.92035,0.9206,2.40,15.30
2009.09.28 23:54:07.940,0.9203,0.9206,3.50,19.50
2009.09.28 23:54:08.051,0.92035,0.9206,2.40,18.70
2009.09.28 23:54:08.230,0.92035,0.9206,2.40,14.50
2009.09.28 23:54:08.350,0.92035,0.9206,2.40,14.40
2009.09.28 23:54:08.690,0.92035,0.9206,2.40,18.40
2009.09.28 23:54:11.369,0.92035,0.9206,2.40,18.30
2009.09.28 23:54:12.759,0.92035,0.92055,2.40,7.10
2009.09.28 23:54:17.448,0.92035,0.92055,2.40,7.00
2009.09.28 23:54:18.207,0.92035,0.92055,2.40,7.10
2009.09.28 23:54:19.857,0.92035,0.92055,2.40,7.20
2009.09.28 23:54:45.831,0.92035,0.9205,2.40,1.00
2009.09.28 23:54:46.061,0.9203,0.92055,2.40,19.70
2009.09.28 23:54:46.231,0.92025,0.92055,8.00,21.30
2009.09.28 23:54:46.451,0.92025,0.92055,4.80,21.30
2009.09.28 23:54:46.621,0.92025,0.92055,4.80,21.30
2009.09.28 23:54:46.961,0.92025,0.92055,4.80,21.10
2009.09.28 23:54:47.310,0.92025,0.92055,4.80,21.30
2009.09.28 23:54:48.690,0.92025,0.92055,4.80,22.10
2009.09.28 23:54:49.470,0.92025,0.92055,4.80,21.70
2009.09.28 23:54:54.229,0.92025,0.9205,4.80,9.00
2009.09.28 23:54:54.899,0.92025,0.92055,4.80,21.60
2009.09.28 23:54:55.809,0.92025,0.92055,4.80,21.50
2009.09.28 23:54:57.208,0.92025,0.9205,4.80,8.90
2009.09.28 23:54:57.448,0.92025,0.9205,4.80,10.50
2009.09.28 23:54:57.658,0.92025,0.9205,4.80,14.40
2009.09.28 23:54:58.048,0.92025,0.9205,4.80,10.30
2009.09.28 23:54:58.158,0.9203,0.9205,2.40,8.70
2009.09.28 23:54:58.328,0.9203,0.9205,2.40,7.90
2009.09.28 23:55:01.557,0.9203,0.9205,2.40,8.00
2009.09.28 23:55:01.857,0.92025,0.92045,5.80,1.00
2009.09.28 23:55:02.157,0.92025,0.9205,4.00,7.60
2009.09.28 23:55:02.987,0.9203,0.92055,2.40,13.50
2009.09.28 23:55:03.227,0.9203,0.92055,2.40,12.70
2009.09.28 23:55:03.497,0.9203,0.92055,2.40,11.10
2009.09.28 23:55:03.737,0.92025,0.9205,5.60,7.60
2009.09.28 23:55:04.037,0.9203,0.92055,2.40,15.10
2009.09.28 23:55:04.667,0.9203,0.9205,2.40,3.30
2009.09.28 23:55:04.956,0.9203,0.92045,2.40,1.00
2009.09.28 23:55:05.296,0.9203,0.9205,2.40,4.90
2009.09.28 23:55:05.856,0.92025,0.92045,4.00,1.00
2009.09.28 23:55:06.146,0.9203,0.92045,2.40,1.00
2009.09.28 23:55:06.536,0.9203,0.9205,2.40,4.90
2009.09.28 23:55:06.876,0.9203,0.92045,2.40,1.00
2009.09.28 23:55:07.236,0.9203,0.9205,2.40,4.90
2009.09.28 23:55:07.586,0.9203,0.9205,2.40,8.10
2009.09.28 23:55:07.816,0.92025,0.9205,4.00,8.50
2009.09.28 23:55:07.986,0.92025,0.9205,8.00,5.38
2009.09.28 23:55:08.215,0.9203,0.9205,2.40,4.98
2009.09.28 23:55:08.435,0.9203,0.92055,2.40,13.70
2009.09.28 23:55:08.655,0.9203,0.9205,2.40,8.20
2009.09.28 23:55:08.896,0.92025,0.92055,8.00,16.90
2009.09.28 23:55:09.125,0.9203,0.92055,2.40,16.90
2009.09.28 23:55:10.645,0.92025,0.9205,8.40,8.20
2009.09.28 23:55:10.875,0.9203,0.92045,2.40,1.00
2009.09.28 23:55:11.105,0.9203,0.9205,2.40,8.00
2009.09.28 23:55:11.325,0.9203,0.9205,2.40,4.80
2009.09.28 23:55:11.545,0.9203,0.9205,2.40,8.20
2009.09.28 23:55:11.895,0.92025,0.9205,8.00,8.20
2009.09.28 23:55:12.245,0.9203,0.9205,2.40,4.80
2009.09.28 23:55:12.585,0.9203,0.9205,2.40,8.20
2009.09.28 23:55:12.825,0.92025,0.92045,4.00,1.00
2009.09.28 23:55:13.105,0.92025,0.9205,4.00,8.10
2009.09.28 23:55:13.334,0.92035,0.9205,4.00,1.69
2009.09.28 23:55:13.615,0.9203,0.92055,1.00,8.30
2009.09.28 23:55:13.904,0.92035,0.92055,2.40,14.70
2009.09.28 23:55:14.254,0.92035,0.9206,4.00,22.90
2009.09.28 23:55:14.534,0.92045,0.9206,1.60,16.70
2009.09.28 23:55:14.894,0.92045,0.9206,1.60,16.90
2009.09.28 23:55:15.244,0.9204,0.92065,4.70,20.40
2009.09.28 23:55:15.544,0.9204,0.92065,4.70,18.00
2009.09.28 23:55:16.234,0.9204,0.92055,1.00,8.10
2009.09.28 23:55:16.414,0.9203,0.9206,3.20,20.90
2009.09.28 23:55:16.984,0.92035,0.92055,2.40,3.20
2009.09.28 23:55:17.333,0.9203,0.9205,3.20,2.40
2009.09.28 23:55:21.262,0.9203,0.9205,3.20,3.20
2009.09.28 23:55:24.342,0.9203,0.9205,2.40,3.20
2009.09.28 23:55:24.691,0.92025,0.9205,8.00,6.60
2009.09.28 23:55:25.721,0.92025,0.92055,8.20,10.70
2009.09.28 23:55:26.061,0.92025,0.92055,8.20,10.70
2009.09.28 23:55:26.411,0.92025,0.92055,13.20,10.10
2009.09.28 23:55:28.331,0.92025,0.9205,13.20,6.40
2009.09.28 23:55:28.501,0.92025,0.9205,9.80,6.40
2009.09.28 23:55:28.740,0.92025,0.9205,8.20,6.40
2009.09.28 23:55:28.971,0.92025,0.9205,8.20,6.60
2009.09.28 23:55:29.370,0.92025,0.9205,8.20,3.40
2009.09.28 23:55:29.591,0.92025,0.9205,13.20,3.20
2009.09.28 23:55:29.940,0.92025,0.9205,13.20,6.40
2009.09.28 23:55:31.470,0.92025,0.9205,13.20,5.60
2009.09.28 23:55:31.820,0.92025,0.92045,13.20,1.00
2009.09.28 23:55:32.160,0.92025,0.92055,13.20,10.10
2009.09.28 23:55:33.879,0.92025,0.92055,13.20,8.40
2009.09.28 23:55:34.049,0.92025,0.92055,13.20,10.10
2009.09.28 23:55:34.219,0.9203,0.92055,1.00,10.10
2009.09.28 23:55:34.389,0.9203,0.9206,3.50,11.90
2009.09.28 23:55:34.559,0.9203,0.9206,3.50,11.90
2009.09.28 23:55:35.779,0.9203,0.9206,3.60,10.30
2009.09.28 23:55:36.229,0.9203,0.92055,3.40,9.10
2009.09.28 23:55:36.399,0.9203,0.92055,3.20,10.70
2009.09.28 23:55:36.699,0.9203,0.9205,3.30,3.20
2009.09.28 23:55:38.349,0.9203,0.9205,3.30,3.40
2009.09.28 23:55:39.828,0.9203,0.9205,3.30,3.20
2009.09.28 23:55:42.067,0.9203,0.9205,3.30,1.00
2009.09.28 23:55:42.187,0.9203,0.92055,3.60,8.20
2009.09.28 23:55:42.298,0.9203,0.9206,3.60,15.30
2009.09.28 23:55:42.467,0.9203,0.9206,3.60,15.50
2009.09.28 23:55:43.067,0.9203,0.9206,3.60,10.10
2009.09.28 23:55:46.726,0.9203,0.92055,6.80,8.00
2009.09.28 23:55:47.336,0.9203,0.92055,6.80,4.80
2009.09.28 23:55:48.386,0.92035,0.92055,3.30,4.80
2009.09.28 23:55:48.606,0.92035,0.92065,8.40,10.30
2009.09.28 23:55:48.906,0.92035,0.92065,11.60,10.10
2009.09.28 23:55:49.076,0.92035,0.92065,13.20,9.30
2009.09.28 23:55:49.926,0.92035,0.9206,5.00,8.00
2009.09.28 23:55:50.326,0.92035,0.9206,3.30,8.40
2009.09.28 23:55:51.355,0.92035,0.9206,3.30,8.70
2009.09.28 23:55:51.575,0.92035,0.9206,3.30,8.50
2009.09.28 23:56:00.163,0.92035,0.92055,2.50,1.00
2009.09.28 23:56:00.443,0.92035,0.9206,2.50,8.50
2009.09.28 23:56:00.723,0.92035,0.9206,2.50,9.90
2009.09.28 23:56:10.551,0.9204,0.92055,2.50,1.00
2009.09.28 23:56:10.841,0.9204,0.92065,2.40,8.50
2009.09.28 23:56:11.121,0.92035,0.92065,8.30,9.90
2009.09.28 23:56:11.361,0.92035,0.92065,6.40,22.30
2009.09.28 23:56:12.010,0.92035,0.92065,6.40,14.70
2009.09.28 23:56:27.896,0.9203,0.92055,7.20,7.20
2009.09.28 23:56:28.186,0.9203,0.9206,6.80,13.20
2009.09.28 23:56:29.056,0.9203,0.9206,6.60,14.50
2009.09.28 23:56:29.236,0.9203,0.9206,6.40,15.10
2009.09.28 23:56:30.756,0.9203,0.9206,6.60,17.90
2009.09.28 23:56:50.901,0.92035,0.92055,3.20,5.60
2009.09.28 23:56:51.181,0.92035,0.9206,3.20,11.50
2009.09.28 23:56:51.411,0.92035,0.9206,6.40,9.70
2009.09.28 23:56:51.691,0.92035,0.92065,6.40,19.10
2009.09.28 23:56:57.619,0.92035,0.9206,6.40,8.00
2009.09.28 23:57:03.898,0.92035,0.9206,6.40,8.80
2009.09.28 23:57:24.663,0.92035,0.92055,3.20,1.00
2009.09.28 23:57:24.943,0.92035,0.9206,3.20,14.30
2009.09.28 23:57:26.732,0.92035,0.9206,2.40,14.30
2009.09.28 23:57:28.722,0.92035,0.92055,2.40,3.40
2009.09.28 23:57:32.861,0.92035,0.92055,2.40,3.20
2009.09.28 23:57:42.928,0.9203,0.92055,3.20,6.40
2009.09.28 23:57:43.108,0.9203,0.9206,3.20,16.50
2009.09.28 23:57:45.138,0.9203,0.9206,3.20,16.90
2009.09.28 23:57:46.768,0.92035,0.92055,2.40,5.80
2009.09.28 23:57:46.887,0.92035,0.92055,2.40,4.80
2009.09.28 23:57:47.067,0.92035,0.92055,2.40,4.00
2009.09.28 23:57:47.407,0.92035,0.92055,2.40,3.20
2009.09.28 23:57:48.877,0.92035,0.92055,2.40,3.40
2009.09.28 23:58:00.104,0.92035,0.92055,2.40,3.20
2009.09.28 23:58:00.794,0.92035,0.92055,2.40,3.40
2009.09.28 23:58:46.923,0.92035,0.92055,2.40,3.30
2009.09.28 23:58:49.882,0.92035,0.92055,2.40,3.40
2009.09.28 23:58:50.182,0.92035,0.92055,2.40,3.20
2009.09.28 23:59:01.419,0.9203,0.92055,6.40,3.40
2009.09.28 23:59:02.679,0.9203,0.9206,3.20,22.10
2009.09.28 23:59:02.909,0.9203,0.9206,6.40,22.10
2009.09.28 23:59:05.988,0.9203,0.9206,3.20,21.70
2009.09.28 23:59:06.628,0.92035,0.92055,3.20,9.80
2009.09.28 23:59:06.848,0.92035,0.9206,3.20,19.30
2009.09.28 23:59:07.068,0.92035,0.9206,2.40,19.50
2009.09.28 23:59:07.418,0.92035,0.9206,2.40,19.50
2009.09.28 23:59:07.768,0.92035,0.9206,2.40,19.70
2009.09.28 23:59:09.038,0.92035,0.9206,2.40,20.70
2009.09.28 23:59:09.687,0.92035,0.92055,2.40,6.60
2009.09.28 23:59:09.857,0.92035,0.92055,2.40,3.20
2009.09.28 23:59:27.273,0.92035,0.92055,2.40,6.40
2009.09.28 23:59:27.913,0.92035,0.92055,4.80,3.20
2009.09.28 23:59:28.133,0.92035,0.92055,2.40,1.00
2009.09.28 23:59:28.303,0.92035,0.92055,2.40,3.20
2009.09.28 23:59:29.912,0.9203,0.92055,6.70,6.40
2009.09.28 23:59:30.443,0.9203,0.9206,6.70,15.90
2009.09.28 23:59:30.713,0.9203,0.9206,6.70,15.30
2009.09.28 23:59:31.062,0.9203,0.9206,6.70,15.50
2009.09.28 23:59:31.352,0.9203,0.9206,6.40,15.50
2009.09.28 23:59:31.582,0.9203,0.9206,6.40,13.90
2009.09.28 23:59:31.762,0.9203,0.9206,6.70,14.30
2009.09.28 23:59:32.172,0.92035,0.9206,1.00,14.40
2009.09.28 23:59:32.412,0.9203,0.9206,6.70,13.50
2009.09.28 23:59:34.231,0.9203,0.9206,6.70,14.90
2009.09.28 23:59:34.462,0.9203,0.92055,5.90,1.00
2009.09.28 23:59:35.161,0.9203,0.92055,6.70,4.00
2009.09.28 23:59:35.521,0.9203,0.92055,6.70,3.20
2009.09.28 23:59:35.861,0.92035,0.92055,1.00,3.20
2009.09.28 23:59:36.221,0.9203,0.9206,6.70,6.90
2009.09.28 23:59:36.581,0.92035,0.9206,1.00,8.40
2009.09.28 23:59:36.821,0.9203,0.9206,3.50,10.90
2009.09.28 23:59:37.511,0.9203,0.9206,3.90,11.80
2009.09.28 23:59:37.751,0.9203,0.9206,6.70,12.30
2009.09.28 23:59:38.321,0.9203,0.9206,6.70,13.30
2009.09.28 23:59:39.010,0.9203,0.9206,3.50,13.30
2009.09.28 23:59:39.360,0.9203,0.9206,6.70,13.30
2009.09.28 23:59:41.250,0.9203,0.92055,9.90,1.00
2009.09.28 23:59:41.480,0.9203,0.9206,6.70,12.50
2009.09.28 23:59:42.590,0.9203,0.9206,2.70,10.10
2009.09.28 23:59:42.890,0.9203,0.9206,2.70,10.70
2009.09.28 23:59:43.489,0.9203,0.9206,6.70,14.30
2009.09.28 23:59:43.669,0.9203,0.9206,6.40,20.50
2009.09.28 23:59:43.909,0.9203,0.9206,6.40,20.90
2009.09.28 23:59:44.679,0.9203,0.9206,6.40,20.70
2009.09.28 23:59:45.559,0.9203,0.92055,6.40,13.00
2009.09.28 23:59:48.348,0.9203,0.92055,6.40,9.00
2009.09.28 23:59:48.528,0.9203,0.92055,6.40,5.00
2009.09.28 23:59:48.708,0.92035,0.92055,2.40,3.20
2009.09.28 23:59:55.387,0.9203,0.92055,6.40,9.00
2009.09.28 23:59:55.686,0.9203,0.9206,6.40,20.90
2009.09.28 23:59:57.796,0.9203,0.92055,2.40,13.00
2009.09.28 23:59:58.026,0.92025,0.9204,6.00,4.00
2009.09.28 23:59:58.136,0.92025,0.92045,2.40,4.00
2009.09.28 23:59:58.486,0.9202,0.9205,4.00,15.50
