2017.03.28 06:00:00.096,0.86515,0.86523,1.12,1.00
2017.03.28 06:00:00.275,0.86516,0.86525,2.62,1.12
2017.03.28 06:00:00.326,0.86518,0.86524,1.00,1.00
2017.03.28 06:00:00.732,0.86517,0.86522,1.00,1.00
2017.03.28 06:00:00.885,0.86515,0.86522,1.12,1.00
2017.03.28 06:00:01.466,0.86514,0.86524,5.25,1.50
2017.03.28 06:00:02.177,0.86516,0.86522,1.00,1.00
2017.03.28 06:00:02.684,0.86512,0.86522,3.75,3.37
2017.03.28 06:00:02.914,0.86512,0.86521,1.87,1.87
2017.03.28 06:00:03.421,0.86512,0.86521,2.25,1.12
2017.03.28 06:00:03.927,0.86515,0.86523,1.00,1.00
2017.03.28 06:00:04.428,0.86516,0.86523,1.00,1.37
2017.03.28 06:00:04.784,0.86516,0.86525,1.00,2.06
2017.03.28 06:00:05.091,0.86513,0.86521,2.25,1.50
2017.03.28 06:00:05.294,0.86511,0.8652,1.50,1.12
2017.03.28 06:00:05.497,0.8651,0.86516,1.00,1.00
2017.03.28 06:00:05.649,0.86507,0.86517,1.50,3.37
2017.03.28 06:00:05.964,0.86507,0.86515,1.37,1.00
2017.03.28 06:00:08.131,0.86508,0.86516,1.12,1.12
2017.03.28 06:00:08.637,0.86507,0.86516,1.00,1.12
2017.03.28 06:00:08.941,0.86509,0.86519,1.12,2.25
2017.03.28 06:00:09.491,0.86508,0.86518,1.50,3.37
2017.03.28 06:00:09.795,0.86508,0.86516,1.50,1.00
2017.03.28 06:00:10.201,0.86508,0.86518,3.00,3.75
2017.03.28 06:00:10.302,0.86508,0.86515,1.00,1.00
2017.03.28 06:00:10.606,0.86507,0.86512,1.00,1.00
2017.03.28 06:00:10.965,0.86507,0.86514,1.00,1.87
2017.03.28 06:00:11.481,0.86506,0.86515,2.62,1.50
2017.03.28 06:00:11.785,0.86506,0.86515,3.00,1.87
2017.03.28 06:00:11.887,0.86506,0.86515,2.62,1.87
2017.03.28 06:00:12.392,0.86507,0.86515,1.50,1.12
2017.03.28 06:00:15.669,0.86507,0.86516,1.50,1.12
2017.03.28 06:00:17.255,0.86506,0.86515,5.25,1.00
2017.03.28 06:00:17.823,0.86506,0.86516,4.12,1.00
2017.03.28 06:00:18.546,0.86508,0.86516,1.00,1.00
2017.03.28 06:00:20.946,0.86508,0.86516,1.00,1.50
2017.03.28 06:00:22.407,0.86508,0.86516,1.50,1.00
2017.03.28 06:00:26.836,0.86508,0.86518,1.00,3.37
2017.03.28 06:00:27.351,0.86509,0.86518,1.00,1.87
2017.03.28 06:00:28.147,0.8651,0.86518,1.00,1.87
2017.03.28 06:00:28.682,0.86511,0.86518,1.00,1.50
2017.03.28 06:00:29.038,0.86508,0.86518,4.87,1.87
2017.03.28 06:00:29.548,0.86508,0.86517,4.12,1.00
2017.03.28 06:00:29.949,0.86508,0.86517,1.00,4.31
2017.03.28 06:00:30.455,0.86509,0.86516,1.50,1.00
2017.03.28 06:00:38.257,0.86508,0.86516,2.25,1.12
2017.03.28 06:00:39.755,0.86508,0.86516,1.00,1.50
2017.03.28 06:00:39.857,0.86506,0.86516,1.50,2.25
2017.03.28 06:00:40.389,0.86507,0.86516,2.25,1.37
2017.03.28 06:00:40.958,0.86508,0.86516,1.50,1.37
2017.03.28 06:00:45.854,0.86509,0.86516,1.00,1.00
2017.03.28 06:00:46.158,0.8651,0.86519,2.25,2.81
2017.03.28 06:00:46.665,0.86511,0.86519,2.25,1.31
2017.03.28 06:00:53.730,0.86511,0.86518,1.00,1.00
2017.03.28 06:00:54.234,0.86511,0.86519,1.00,2.06
2017.03.28 06:00:59.262,0.86513,0.8652,1.00,1.37
2017.03.28 06:00:59.770,0.86514,0.86522,1.50,3.75
2017.03.28 06:00:59.973,0.86512,0.86522,3.37,2.25
2017.03.28 06:01:00.496,0.86513,0.86522,1.50,3.00
2017.03.28 06:01:00.851,0.86516,0.86522,1.00,1.75
2017.03.28 06:01:01.004,0.86515,0.86524,1.00,1.69
2017.03.28 06:01:02.901,0.86517,0.86524,1.00,1.12
2017.03.28 06:01:03.307,0.86516,0.86526,1.12,1.87
2017.03.28 06:01:05.153,0.86516,0.86525,1.12,1.00
2017.03.28 06:01:05.683,0.86515,0.86524,1.87,2.25
2017.03.28 06:01:06.206,0.86515,0.86525,3.75,1.31
2017.03.28 06:01:06.977,0.86517,0.86525,1.00,2.81
2017.03.28 06:01:07.180,0.86515,0.86525,3.00,2.81
2017.03.28 06:01:07.231,0.86517,0.86524,1.00,1.00
2017.03.28 06:01:08.538,0.86515,0.86525,3.75,1.31
2017.03.28 06:01:09.044,0.86516,0.86525,1.00,1.31
2017.03.28 06:01:10.581,0.86515,0.86525,3.32,1.31
2017.03.28 06:01:13.695,0.86516,0.86526,1.00,1.69
2017.03.28 06:01:16.547,0.86515,0.86525,3.32,2.06
2017.03.28 06:01:16.916,0.86515,0.86522,1.12,1.00
2017.03.28 06:01:17.287,0.86516,0.86524,1.00,1.87
2017.03.28 06:01:17.997,0.86515,0.86524,1.00,1.12
2017.03.28 06:01:18.761,0.86514,0.86522,1.37,1.50
2017.03.28 06:01:19.296,0.86514,0.86522,1.12,1.50
2017.03.28 06:01:19.647,0.86514,0.86524,1.12,3.75
2017.03.28 06:01:21.185,0.86514,0.86523,1.12,1.50
2017.03.28 06:01:21.395,0.86513,0.8652,1.50,1.50
2017.03.28 06:01:21.902,0.86513,0.86522,1.12,1.87
2017.03.28 06:01:23.351,0.86515,0.86522,1.00,1.87
2017.03.28 06:01:23.538,0.86515,0.86523,1.00,1.00
2017.03.28 06:01:24.045,0.86514,0.86523,1.00,1.69
2017.03.28 06:01:25.048,0.86514,0.86523,1.12,1.00
2017.03.28 06:01:26.909,0.86514,0.86524,1.50,2.62
2017.03.28 06:01:27.010,0.86514,0.86524,1.12,3.37
2017.03.28 06:01:27.731,0.86516,0.86524,1.00,1.12
2017.03.28 06:01:30.863,0.86516,0.86523,1.00,1.00
2017.03.28 06:01:32.817,0.86516,0.86524,1.00,1.87
2017.03.28 06:01:33.460,0.86516,0.86524,1.00,3.75
2017.03.28 06:01:33.966,0.86516,0.86524,1.00,2.81
2017.03.28 06:01:34.927,0.86514,0.86523,1.12,2.25
2017.03.28 06:01:35.130,0.86514,0.86521,1.12,1.00
2017.03.28 06:01:35.383,0.86513,0.86523,1.50,5.44
2017.03.28 06:01:36.326,0.86513,0.86523,1.12,4.87
2017.03.28 06:01:36.630,0.86513,0.86522,1.12,1.87
2017.03.28 06:01:47.856,0.86512,0.86521,1.50,3.37
2017.03.28 06:01:49.212,0.86512,0.8652,1.12,2.25
2017.03.28 06:01:49.520,0.86514,0.86521,1.00,3.00
2017.03.28 06:01:50.684,0.86512,0.86519,1.00,1.00
2017.03.28 06:01:51.218,0.86511,0.8652,1.00,3.37
2017.03.28 06:01:52.672,0.86511,0.86518,1.00,1.00
2017.03.28 06:01:54.270,0.86511,0.86519,1.00,1.00
2017.03.28 06:01:57.611,0.86511,0.8652,1.12,1.87
2017.03.28 06:01:58.119,0.86511,0.86519,1.12,1.00
2017.03.28 06:01:59.633,0.86511,0.86517,1.12,1.00
2017.03.28 06:02:00.139,0.86511,0.86518,1.00,1.00
2017.03.28 06:02:00.595,0.86511,0.8652,1.00,3.75
2017.03.28 06:02:00.949,0.86511,0.86518,1.12,1.00
2017.03.28 06:02:01.000,0.86511,0.8652,1.12,2.62
2017.03.28 06:02:02.173,0.86511,0.8652,1.12,1.50
2017.03.28 06:02:03.293,0.86511,0.86518,1.12,1.00
2017.03.28 06:02:05.690,0.86509,0.86517,1.50,1.00
2017.03.28 06:02:06.276,0.86509,0.86518,1.50,2.25
2017.03.28 06:02:13.136,0.86508,0.86517,2.25,1.00
2017.03.28 06:02:13.891,0.86508,0.86518,2.25,1.87
2017.03.28 06:02:20.948,0.8651,0.86518,1.00,1.00
2017.03.28 06:02:31.755,0.8651,0.8652,1.50,4.87
2017.03.28 06:02:32.471,0.8651,0.86518,1.00,1.00
2017.03.28 06:02:32.976,0.86509,0.86518,1.12,1.00
2017.03.28 06:02:38.288,0.86509,0.86517,1.12,1.00
2017.03.28 06:02:38.644,0.86509,0.86519,1.12,4.31
2017.03.28 06:02:39.204,0.86509,0.86518,1.12,1.00
2017.03.28 06:02:40.572,0.86509,0.86519,1.12,3.37
2017.03.28 06:02:40.674,0.86509,0.86517,1.12,1.00
2017.03.28 06:02:41.124,0.8651,0.86519,1.12,1.87
2017.03.28 06:02:41.631,0.8651,0.86519,1.50,1.12
2017.03.28 06:02:42.140,0.8651,0.86519,1.00,3.75
2017.03.28 06:02:43.063,0.8651,0.86519,1.50,1.12
2017.03.28 06:02:43.570,0.86509,0.86518,1.50,1.12
2017.03.28 06:02:44.077,0.86511,0.8652,1.00,3.00
2017.03.28 06:02:44.258,0.86511,0.8652,1.50,2.62
2017.03.28 06:02:45.186,0.86511,0.86519,1.50,1.00
2017.03.28 06:02:45.441,0.86511,0.86516,1.00,1.00
2017.03.28 06:02:45.593,0.86508,0.86516,1.50,1.00
2017.03.28 06:02:48.831,0.86508,0.86514,1.37,1.00
2017.03.28 06:02:48.984,0.86508,0.86516,1.37,1.00
2017.03.28 06:02:49.144,0.86508,0.86514,1.37,1.00
2017.03.28 06:02:49.246,0.86508,0.86516,1.37,1.00
2017.03.28 06:02:52.529,0.86508,0.86517,1.37,3.56
2017.03.28 06:02:52.681,0.86507,0.86515,1.37,1.00
2017.03.28 06:02:52.935,0.86506,0.86514,1.87,4.50
2017.03.28 06:02:53.190,0.86506,0.86515,2.25,1.87
2017.03.28 06:02:53.291,0.86506,0.86515,1.87,1.87
2017.03.28 06:02:54.196,0.86506,0.86514,1.12,1.00
2017.03.28 06:02:54.704,0.86507,0.86512,1.00,1.00
2017.03.28 06:02:55.212,0.86507,0.86513,1.00,3.00
2017.03.28 06:02:55.928,0.86507,0.86514,1.00,3.75
2017.03.28 06:02:56.587,0.86507,0.86516,1.12,4.50
2017.03.28 06:02:57.863,0.86506,0.86513,2.62,1.00
2017.03.28 06:02:58.117,0.86506,0.86516,2.62,6.37
2017.03.28 06:02:58.996,0.86506,0.86514,2.62,1.00
2017.03.28 06:02:59.501,0.86506,0.86513,2.25,1.00
2017.03.28 06:02:59.703,0.86506,0.86515,3.00,3.75
2017.03.28 06:03:00.596,0.86506,0.86513,1.50,1.00
2017.03.28 06:03:01.142,0.86507,0.86512,1.00,1.00
2017.03.28 06:03:01.648,0.86506,0.86512,1.00,1.00
2017.03.28 06:03:02.863,0.86506,0.86512,1.00,3.00
2017.03.28 06:03:03.016,0.86506,0.86513,1.00,4.12
2017.03.28 06:03:04.044,0.86506,0.86514,1.50,2.62
2017.03.28 06:03:06.013,0.86507,0.86514,1.00,1.12
2017.03.28 06:03:06.317,0.86507,0.86515,2.25,1.00
2017.03.28 06:03:06.571,0.86507,0.86515,1.00,2.25
2017.03.28 06:03:07.078,0.86507,0.86514,1.00,1.00
2017.03.28 06:03:07.604,0.86507,0.86515,1.00,4.50
2017.03.28 06:03:08.300,0.86507,0.86513,1.00,1.00
2017.03.28 06:03:08.402,0.86507,0.86515,1.00,4.50
2017.03.28 06:03:08.953,0.86507,0.86514,1.00,1.00
2017.03.28 06:03:09.459,0.86506,0.86513,1.12,1.00
2017.03.28 06:03:09.612,0.86506,0.86515,1.12,4.87
2017.03.28 06:03:10.438,0.86506,0.86513,1.12,1.00
2017.03.28 06:03:10.590,0.86506,0.86515,1.12,4.87
2017.03.28 06:03:11.147,0.86508,0.86515,1.00,1.12
2017.03.28 06:03:11.504,0.86509,0.86518,1.00,1.37
2017.03.28 06:03:11.730,0.8651,0.86519,1.50,1.12
2017.03.28 06:03:11.985,0.86512,0.8652,1.00,1.50
2017.03.28 06:03:13.612,0.8651,0.86518,2.25,1.00
2017.03.28 06:03:14.119,0.86511,0.86519,1.00,4.12
2017.03.28 06:03:14.781,0.86511,0.86516,1.00,1.00
2017.03.28 06:03:15.969,0.86511,0.86518,1.00,1.12
2017.03.28 06:03:16.951,0.8651,0.8652,1.50,5.06
2017.03.28 06:03:17.103,0.8651,0.86519,1.50,1.12
2017.03.28 06:03:17.610,0.86509,0.86517,1.12,1.12
2017.03.28 06:03:18.146,0.86509,0.86516,1.00,1.00
2017.03.28 06:03:18.350,0.86509,0.86518,1.00,2.62
2017.03.28 06:03:21.350,0.86509,0.86518,1.00,3.00
2017.03.28 06:03:21.502,0.86511,0.86518,3.00,1.12
2017.03.28 06:03:21.807,0.86522,0.86526,2.25,2.25
2017.03.28 06:03:21.858,0.86523,0.86527,1.00,1.00
2017.03.28 06:03:21.960,0.86525,0.86529,1.00,1.00
2017.03.28 06:03:22.011,0.86525,0.8653,1.00,1.00
2017.03.28 06:03:22.349,0.86525,0.86534,1.75,1.00
2017.03.28 06:03:22.884,0.86525,0.86535,1.50,1.87
2017.03.28 06:03:23.087,0.86524,0.86534,3.00,2.62
2017.03.28 06:03:23.340,0.86523,0.86532,1.00,1.50
2017.03.28 06:03:25.804,0.86524,0.86533,2.25,3.37
2017.03.28 06:03:26.311,0.86523,0.86533,1.00,5.62
2017.03.28 06:03:26.668,0.86525,0.86533,1.00,1.12
2017.03.28 06:03:27.214,0.86526,0.86534,1.00,1.12
2017.03.28 06:03:27.569,0.86526,0.86536,1.12,1.12
2017.03.28 06:03:28.173,0.86526,0.86535,1.12,1.00
2017.03.28 06:03:28.722,0.86526,0.86536,1.12,2.62
2017.03.28 06:03:30.169,0.86526,0.86535,1.12,1.00
2017.03.28 06:03:30.678,0.86525,0.86534,1.50,1.00
2017.03.28 06:03:31.088,0.86523,0.86532,1.75,1.50
2017.03.28 06:03:31.595,0.86523,0.86532,1.50,1.00
2017.03.28 06:03:31.697,0.86524,0.86534,1.12,3.56
2017.03.28 06:03:31.951,0.86526,0.86536,1.50,6.37
2017.03.28 06:03:32.283,0.86526,0.86533,1.00,1.50
2017.03.28 06:03:32.896,0.86526,0.86534,1.00,1.00
2017.03.28 06:03:34.312,0.86526,0.86535,1.50,1.00
2017.03.28 06:03:34.617,0.86528,0.86536,1.12,1.00
2017.03.28 06:03:36.396,0.86528,0.86536,1.12,1.50
2017.03.28 06:03:36.904,0.86525,0.86534,1.75,2.62
2017.03.28 06:03:37.441,0.86526,0.86534,1.37,2.62
2017.03.28 06:03:38.486,0.86527,0.86536,2.62,2.25
2017.03.28 06:03:39.168,0.86527,0.86536,3.00,1.12
2017.03.28 06:03:41.065,0.86527,0.86533,3.00,1.00
2017.03.28 06:03:41.441,0.86524,0.86532,2.25,1.12
2017.03.28 06:03:41.955,0.86524,0.86532,1.50,1.12
2017.03.28 06:03:46.592,0.86524,0.86532,1.50,3.00
2017.03.28 06:03:49.573,0.86524,0.86532,1.50,2.62
2017.03.28 06:03:50.024,0.86525,0.86534,1.12,2.25
2017.03.28 06:03:50.530,0.86525,0.86534,1.50,1.50
2017.03.28 06:03:51.370,0.86524,0.86532,1.75,1.00
2017.03.28 06:03:51.674,0.86522,0.8653,1.75,1.00
2017.03.28 06:03:51.826,0.86522,0.8653,1.50,3.00
2017.03.28 06:03:52.341,0.86522,0.8653,1.12,3.00
2017.03.28 06:03:53.442,0.86527,0.86531,1.00,1.12
2017.03.28 06:03:53.494,0.86525,0.86532,3.00,1.50
2017.03.28 06:03:53.545,0.86526,0.86532,1.37,1.50
2017.03.28 06:03:54.001,0.86528,0.86533,1.87,1.00
2017.03.28 06:03:54.397,0.86527,0.86535,3.37,1.00
2017.03.28 06:03:55.836,0.86526,0.86533,1.12,1.00
2017.03.28 06:03:56.111,0.86521,0.86529,2.62,1.00
2017.03.28 06:03:56.349,0.8652,0.86529,2.25,1.00
2017.03.28 06:03:56.900,0.8652,0.86529,2.25,1.00
2017.03.28 06:04:00.119,0.8652,0.86528,1.50,1.00
2017.03.28 06:04:01.066,0.8652,0.86528,1.75,1.12
2017.03.28 06:04:02.852,0.8652,0.86527,1.75,1.00
2017.03.28 06:04:03.056,0.86517,0.86524,3.00,1.50
2017.03.28 06:04:03.411,0.86511,0.86519,2.62,1.87
2017.03.28 06:04:03.463,0.86509,0.86517,3.00,1.12
2017.03.28 06:04:03.768,0.86509,0.86517,1.87,1.87
2017.03.28 06:04:03.869,0.86509,0.86517,2.25,1.87
2017.03.28 06:04:04.123,0.86507,0.86516,2.25,1.87
2017.03.28 06:04:04.997,0.86507,0.86515,3.00,1.00
2017.03.28 06:04:05.625,0.86507,0.86516,3.00,2.25
2017.03.28 06:04:06.127,0.86507,0.86514,3.00,1.00
2017.03.28 06:04:06.677,0.86508,0.86514,1.00,1.00
2017.03.28 06:04:07.336,0.86508,0.86515,1.00,1.00
2017.03.28 06:04:07.846,0.86506,0.86515,2.25,2.25
2017.03.28 06:04:12.091,0.86506,0.86514,2.25,1.00
2017.03.28 06:04:12.613,0.86506,0.86515,2.25,1.87
2017.03.28 06:04:15.873,0.86506,0.86514,2.25,1.00
2017.03.28 06:04:16.392,0.86506,0.86516,2.25,4.12
2017.03.28 06:04:22.952,0.86506,0.86514,2.25,1.00
2017.03.28 06:04:29.126,0.86506,0.86516,3.00,3.37
2017.03.28 06:04:30.901,0.86506,0.86516,3.37,3.37
2017.03.28 06:04:31.876,0.86506,0.86516,3.37,3.00
2017.03.28 06:04:33.919,0.86513,0.86517,1.00,1.00
2017.03.28 06:04:34.020,0.86513,0.8652,1.00,1.37
2017.03.28 06:04:34.122,0.86513,0.86522,1.00,1.37
2017.03.28 06:04:34.325,0.86513,0.86523,1.50,4.12
2017.03.28 06:04:34.836,0.86514,0.86523,1.50,1.12
2017.03.28 06:04:35.344,0.86514,0.86523,1.12,1.12
2017.03.28 06:04:36.491,0.86514,0.86524,1.37,1.50
2017.03.28 06:04:37.101,0.86515,0.86522,1.50,1.50
2017.03.28 06:04:37.608,0.86513,0.86522,1.50,1.50
2017.03.28 06:04:38.142,0.86513,0.86523,1.50,2.62
2017.03.28 06:04:38.750,0.86513,0.86523,1.50,4.12
2017.03.28 06:04:40.400,0.86513,0.86523,1.50,2.62
2017.03.28 06:04:41.666,0.86516,0.86523,1.00,1.87
2017.03.28 06:04:41.870,0.86517,0.86525,1.00,1.87
2017.03.28 06:04:41.921,0.86517,0.86525,1.37,1.50
2017.03.28 06:04:42.441,0.86517,0.86525,1.37,1.50
2017.03.28 06:04:44.219,0.86517,0.86526,1.50,2.25
2017.03.28 06:04:47.998,0.86517,0.86525,1.50,1.00
2017.03.28 06:04:49.179,0.86516,0.86524,2.25,1.50
2017.03.28 06:04:49.230,0.86516,0.86524,2.25,1.50
2017.03.28 06:04:51.445,0.86517,0.86525,1.00,1.87
2017.03.28 06:04:51.496,0.86519,0.86525,1.00,1.37
2017.03.28 06:04:51.548,0.8652,0.86527,1.50,2.25
2017.03.28 06:04:51.701,0.86519,0.86528,1.50,1.50
2017.03.28 06:04:52.224,0.8652,0.8653,2.62,3.37
2017.03.28 06:04:52.730,0.86522,0.8653,1.00,2.25
2017.03.28 06:04:52.832,0.86525,0.86532,3.00,4.50
2017.03.28 06:04:52.883,0.86526,0.86533,1.00,1.37
2017.03.28 06:04:52.985,0.86527,0.86536,1.12,1.50
2017.03.28 06:04:53.036,0.86527,0.86535,1.87,1.00
2017.03.28 06:04:53.997,0.86528,0.86536,1.50,1.50
2017.03.28 06:04:54.960,0.86528,0.86535,1.50,1.00
2017.03.28 06:04:56.468,0.86525,0.86535,2.62,1.50
2017.03.28 06:04:56.519,0.86525,0.86535,2.62,1.50
2017.03.28 06:04:56.774,0.86527,0.86536,1.37,3.00
2017.03.28 06:04:57.078,0.86528,0.86534,1.37,1.50
2017.03.28 06:04:57.581,0.86528,0.86534,1.00,1.50
2017.03.28 06:04:58.139,0.86528,0.86535,1.12,1.50
2017.03.28 06:04:59.199,0.86528,0.86536,1.12,3.75
2017.03.28 06:04:59.721,0.86531,0.86538,1.00,1.87
2017.03.28 06:04:59.823,0.86532,0.8654,1.12,1.12
2017.03.28 06:05:00.514,0.86532,0.86541,1.00,3.37
2017.03.28 06:05:01.023,0.86532,0.8654,1.50,1.00
2017.03.28 06:05:01.531,0.86531,0.86539,1.12,1.50
2017.03.28 06:05:01.785,0.86532,0.86541,1.00,4.12
2017.03.28 06:05:02.306,0.86532,0.8654,1.37,1.00
2017.03.28 06:05:02.909,0.86532,0.86541,1.50,1.87
2017.03.28 06:05:04.954,0.86533,0.86542,1.87,1.00
2017.03.28 06:05:05.462,0.86533,0.86542,1.12,1.00
2017.03.28 06:05:05.969,0.86534,0.86541,1.00,1.00
2017.03.28 06:05:07.335,0.86534,0.86542,1.00,3.00
2017.03.28 06:05:08.463,0.86534,0.86542,1.50,2.25
2017.03.28 06:05:18.052,0.86534,0.86543,2.25,2.25
2017.03.28 06:05:18.475,0.86534,0.86539,1.50,1.00
2017.03.28 06:05:18.779,0.86533,0.86537,1.00,2.25
2017.03.28 06:05:18.932,0.86531,0.86536,1.00,1.00
2017.03.28 06:05:19.034,0.86529,0.86537,1.50,1.50
2017.03.28 06:05:19.136,0.86529,0.86537,1.37,1.50
2017.03.28 06:05:19.754,0.86531,0.86539,1.00,4.87
2017.03.28 06:05:20.828,0.8653,0.86534,1.00,1.00
2017.03.28 06:05:21.165,0.86526,0.86531,1.37,2.25
2017.03.28 06:05:21.217,0.86522,0.8653,3.00,1.50
2017.03.28 06:05:21.321,0.86523,0.86532,4.50,1.00
2017.03.28 06:05:21.475,0.86527,0.86534,2.25,1.00
2017.03.28 06:05:21.782,0.86537,0.86541,1.00,1.00
2017.03.28 06:05:21.833,0.86537,0.86543,1.00,3.37
2017.03.28 06:05:22.036,0.86536,0.86544,1.75,1.87
2017.03.28 06:05:22.470,0.8654,0.86547,1.50,1.00
2017.03.28 06:05:22.522,0.86542,0.86547,1.00,1.00
2017.03.28 06:05:22.675,0.86542,0.86549,4.12,1.12
2017.03.28 06:05:22.797,0.86546,0.86552,1.00,1.50
2017.03.28 06:05:23.102,0.86554,0.86561,1.00,2.62
2017.03.28 06:05:23.205,0.86559,0.86565,1.00,1.37
2017.03.28 06:05:23.256,0.86561,0.86565,1.00,1.00
2017.03.28 06:05:23.435,0.86563,0.8657,1.12,1.37
2017.03.28 06:05:23.487,0.86562,0.8657,2.25,1.00
2017.03.28 06:05:23.792,0.86567,0.86573,1.37,2.25
2017.03.28 06:05:23.843,0.86567,0.86574,1.00,2.62
2017.03.28 06:05:23.945,0.86564,0.86571,4.12,1.00
2017.03.28 06:05:23.997,0.86565,0.86571,1.00,1.50
2017.03.28 06:05:24.603,0.86565,0.8657,1.12,1.00
2017.03.28 06:05:25.008,0.86561,0.86569,2.62,1.50
2017.03.28 06:05:25.414,0.86561,0.86567,2.25,1.00
2017.03.28 06:05:25.516,0.8656,0.86566,1.00,1.00
2017.03.28 06:05:25.618,0.86557,0.86564,4.87,1.00
2017.03.28 06:05:25.720,0.86559,0.86566,1.00,1.00
2017.03.28 06:05:26.228,0.86557,0.86567,1.75,1.12
2017.03.28 06:05:26.435,0.86555,0.86564,3.37,1.50
2017.03.28 06:05:26.740,0.86552,0.8656,4.12,1.00
2017.03.28 06:05:26.994,0.86552,0.86562,1.87,1.00
2017.03.28 06:05:27.734,0.86552,0.86559,1.75,1.00
2017.03.28 06:05:28.034,0.86551,0.86559,1.12,1.00
2017.03.28 06:05:28.086,0.86551,0.86561,1.12,1.00
2017.03.28 06:05:29.064,0.86552,0.86562,1.50,1.87
2017.03.28 06:05:29.682,0.86552,0.86561,1.50,1.00
2017.03.28 06:05:29.733,0.86552,0.86559,1.50,1.00
2017.03.28 06:05:30.529,0.86552,0.86561,1.50,2.25
2017.03.28 06:05:31.850,0.86552,0.86561,2.62,1.00
2017.03.28 06:05:33.420,0.86553,0.8656,1.50,1.00
2017.03.28 06:05:33.937,0.86552,0.8656,1.00,1.50
2017.03.28 06:05:34.446,0.86551,0.8656,2.25,1.50
2017.03.28 06:05:35.003,0.86552,0.8656,1.00,3.75
2017.03.28 06:05:36.594,0.8655,0.86558,1.37,1.00
2017.03.28 06:05:36.966,0.8655,0.8656,2.62,1.50
2017.03.28 06:05:37.068,0.86553,0.86561,1.00,1.12
2017.03.28 06:05:37.323,0.86554,0.86563,1.00,2.62
2017.03.28 06:05:37.426,0.86554,0.86561,1.00,1.00
2017.03.28 06:05:37.933,0.86551,0.8656,1.12,1.00
2017.03.28 06:05:38.086,0.86551,0.8656,1.37,1.00
2017.03.28 06:05:38.513,0.8655,0.86558,1.87,1.00
2017.03.28 06:05:38.717,0.86551,0.8656,1.37,1.50
2017.03.28 06:05:39.275,0.86551,0.8656,1.12,1.00
2017.03.28 06:05:39.897,0.86551,0.86559,1.00,1.00
2017.03.28 06:05:42.848,0.86551,0.86558,1.00,1.50
2017.03.28 06:05:43.102,0.86547,0.86557,1.75,1.00
2017.03.28 06:05:43.306,0.8655,0.86559,1.75,1.50
2017.03.28 06:05:43.409,0.8655,0.8656,1.50,2.62
2017.03.28 06:05:43.460,0.86552,0.8656,1.00,1.87
2017.03.28 06:05:44.222,0.86552,0.86559,1.00,1.00
2017.03.28 06:05:44.375,0.86553,0.86561,1.87,1.50
2017.03.28 06:05:44.578,0.86552,0.86561,2.62,1.00
2017.03.28 06:05:44.730,0.86554,0.86563,1.50,2.25
2017.03.28 06:05:44.984,0.86553,0.86563,4.12,2.25
2017.03.28 06:05:45.524,0.86556,0.86563,1.50,1.12
2017.03.28 06:05:46.037,0.86554,0.86563,1.87,1.12
2017.03.28 06:05:48.597,0.86557,0.86564,1.50,1.00
2017.03.28 06:05:48.816,0.86557,0.86567,2.62,1.50
2017.03.28 06:05:49.322,0.86556,0.86566,2.62,1.00
2017.03.28 06:05:49.853,0.86558,0.86567,1.00,1.12
2017.03.28 06:05:50.851,0.86558,0.86566,1.00,2.25
2017.03.28 06:05:51.696,0.86558,0.86564,1.00,1.00
2017.03.28 06:05:52.230,0.86558,0.86565,1.00,1.00
2017.03.28 06:05:52.833,0.86557,0.86566,1.12,1.00
2017.03.28 06:05:53.496,0.86557,0.86565,1.12,1.00
2017.03.28 06:05:54.023,0.86557,0.86565,1.12,1.87
2017.03.28 06:05:58.903,0.86557,0.86563,1.12,1.50
2017.03.28 06:05:59.005,0.86555,0.86562,1.00,1.12
2017.03.28 06:05:59.259,0.86558,0.86564,1.00,4.50
2017.03.28 06:05:59.311,0.86557,0.86564,1.00,1.00
2017.03.28 06:05:59.413,0.86557,0.86566,1.50,1.50
2017.03.28 06:05:59.731,0.86562,0.8657,2.25,6.19
2017.03.28 06:05:59.912,0.86564,0.86571,1.12,1.50
2017.03.28 06:06:00.318,0.86562,0.8657,2.25,1.00
2017.03.28 06:06:00.522,0.86562,0.86568,1.00,1.00
2017.03.28 06:06:00.573,0.86563,0.86571,1.00,2.62
2017.03.28 06:06:00.625,0.86561,0.86571,1.12,3.00
2017.03.28 06:06:00.676,0.86561,0.86569,1.12,1.00
2017.03.28 06:06:01.258,0.86561,0.8657,1.12,2.62
2017.03.28 06:06:01.796,0.86562,0.86569,1.00,1.00
2017.03.28 06:06:02.319,0.86566,0.86571,1.00,2.25
2017.03.28 06:06:02.473,0.86567,0.86575,1.00,3.37
2017.03.28 06:06:02.576,0.86569,0.86575,1.00,2.62
2017.03.28 06:06:02.628,0.86569,0.86576,1.00,1.50
2017.03.28 06:06:02.887,0.86567,0.86575,1.12,1.12
2017.03.28 06:06:03.041,0.86569,0.86574,1.00,1.00
2017.03.28 06:06:03.549,0.86567,0.86575,1.00,4.12
2017.03.28 06:06:04.056,0.86569,0.86576,1.00,3.00
2017.03.28 06:06:04.566,0.86568,0.86574,1.00,1.87
2017.03.28 06:06:05.073,0.86567,0.86573,1.00,1.00
2017.03.28 06:06:07.073,0.86567,0.86574,1.00,1.50
2017.03.28 06:06:07.378,0.8657,0.86577,1.00,1.50
2017.03.28 06:06:07.891,0.86571,0.86577,1.00,1.00
2017.03.28 06:06:10.258,0.8657,0.86577,1.00,3.00
2017.03.28 06:06:10.842,0.86571,0.86578,1.12,1.50
2017.03.28 06:06:11.147,0.86575,0.86582,1.00,4.50
2017.03.28 06:06:11.198,0.86575,0.86582,1.00,2.25
2017.03.28 06:06:12.128,0.86576,0.86582,1.00,2.62
2017.03.28 06:06:12.656,0.86574,0.86582,1.00,1.12
2017.03.28 06:06:12.809,0.86574,0.8658,1.00,1.00
2017.03.28 06:06:13.195,0.8657,0.86577,1.50,1.00
2017.03.28 06:06:13.721,0.8657,0.86578,1.00,1.00
2017.03.28 06:06:13.948,0.86572,0.86578,1.00,1.00
2017.03.28 06:06:14.253,0.86574,0.86581,1.00,1.12
2017.03.28 06:06:14.761,0.86573,0.86583,1.31,3.75
2017.03.28 06:06:14.863,0.86573,0.86581,1.31,1.00
2017.03.28 06:06:15.194,0.86575,0.86582,1.00,2.25
2017.03.28 06:06:15.519,0.86573,0.86583,2.06,2.25
2017.03.28 06:06:15.621,0.86575,0.86583,1.00,1.00
2017.03.28 06:06:15.774,0.86573,0.86582,1.69,1.00
2017.03.28 06:06:16.285,0.86575,0.86584,1.00,2.25
2017.03.28 06:06:16.797,0.86574,0.86583,1.12,1.00
2017.03.28 06:06:17.102,0.86573,0.86582,1.31,4.12
2017.03.28 06:06:17.810,0.86575,0.86582,1.00,1.87
2017.03.28 06:06:18.014,0.86573,0.86582,1.31,1.37
2017.03.28 06:06:18.583,0.86573,0.86582,1.69,1.37
2017.03.28 06:06:19.089,0.86573,0.86582,1.31,1.87
2017.03.28 06:06:19.292,0.86575,0.86582,1.00,1.37
2017.03.28 06:06:19.445,0.86574,0.86583,1.00,1.50
2017.03.28 06:06:20.017,0.86574,0.86583,1.37,1.00
2017.03.28 06:06:20.223,0.86576,0.86586,3.37,1.00
2017.03.28 06:06:20.529,0.86577,0.86587,1.75,1.50
2017.03.28 06:06:20.833,0.86577,0.86584,1.87,1.00
2017.03.28 06:06:21.371,0.86578,0.86582,1.00,1.00
2017.03.28 06:06:21.423,0.86577,0.86584,1.75,1.00
2017.03.28 06:06:21.525,0.86577,0.86585,1.00,4.87
2017.03.28 06:06:21.829,0.86575,0.86584,1.12,1.00
2017.03.28 06:06:21.931,0.86574,0.86583,2.62,1.50
2017.03.28 06:06:22.454,0.86573,0.86582,1.37,1.00
2017.03.28 06:06:22.506,0.86573,0.86582,1.37,1.00
2017.03.28 06:06:23.015,0.86572,0.86581,3.75,1.00
2017.03.28 06:06:23.539,0.86571,0.8658,1.75,1.00
2017.03.28 06:06:23.744,0.8657,0.86581,1.87,1.87
2017.03.28 06:06:24.302,0.8657,0.8658,1.87,1.00
2017.03.28 06:06:24.524,0.8657,0.86578,3.00,1.00
2017.03.28 06:06:25.034,0.86569,0.86579,2.25,1.87
2017.03.28 06:06:25.615,0.86569,0.86579,2.62,2.25
2017.03.28 06:06:25.920,0.86566,0.86576,2.25,1.00
2017.03.28 06:06:26.023,0.86565,0.86576,4.87,2.25
2017.03.28 06:06:29.003,0.86567,0.86575,1.31,1.00
2017.03.28 06:06:29.537,0.86566,0.86575,1.69,3.75
2017.03.28 06:06:30.055,0.86565,0.86574,1.50,2.25
2017.03.28 06:06:30.157,0.86565,0.86572,1.12,1.00
2017.03.28 06:06:30.259,0.86565,0.86574,1.87,2.62
2017.03.28 06:06:30.463,0.86565,0.86573,2.25,1.50
2017.03.28 06:06:33.762,0.86565,0.86574,2.25,4.12
2017.03.28 06:06:34.381,0.86565,0.86573,2.25,1.50
2017.03.28 06:06:34.950,0.86566,0.86574,1.37,3.00
2017.03.28 06:06:35.254,0.86562,0.86566,2.62,2.25
2017.03.28 06:06:35.356,0.86558,0.86566,2.62,2.25
2017.03.28 06:06:35.458,0.86557,0.86566,2.44,2.25
2017.03.28 06:06:35.967,0.86558,0.86567,1.12,2.62
2017.03.28 06:06:36.492,0.86558,0.86567,1.50,3.37
2017.03.28 06:06:37.601,0.8656,0.86567,1.00,1.12
2017.03.28 06:06:38.240,0.86558,0.86568,1.50,3.37
2017.03.28 06:06:39.057,0.86558,0.86567,2.00,1.00
2017.03.28 06:06:40.275,0.86557,0.86566,2.44,1.00
2017.03.28 06:06:40.327,0.86557,0.86564,1.75,1.50
2017.03.28 06:06:40.480,0.86557,0.86563,1.50,1.00
2017.03.28 06:06:40.988,0.86557,0.86563,1.00,1.00
2017.03.28 06:06:41.359,0.86553,0.86561,3.37,2.25
2017.03.28 06:06:41.411,0.86552,0.86561,1.75,4.35
2017.03.28 06:06:41.462,0.86553,0.86561,1.00,4.50
2017.03.28 06:06:41.969,0.86553,0.86561,1.00,8.47
2017.03.28 06:06:42.503,0.86551,0.8656,3.00,1.50
2017.03.28 06:06:43.045,0.86551,0.86558,1.12,1.00
2017.03.28 06:06:43.350,0.86552,0.8656,1.25,1.00
2017.03.28 06:06:43.401,0.86554,0.86561,2.25,2.25
2017.03.28 06:06:43.555,0.86556,0.86563,1.00,1.00
2017.03.28 06:06:43.904,0.86554,0.86563,4.87,1.00
2017.03.28 06:06:44.057,0.86552,0.86561,4.12,1.00
2017.03.28 06:06:44.565,0.86552,0.8656,2.25,1.00
2017.03.28 06:06:45.093,0.86552,0.8656,2.25,1.50
2017.03.28 06:06:45.791,0.86553,0.86557,1.12,1.00
2017.03.28 06:06:45.996,0.86551,0.86558,1.00,1.12
2017.03.28 06:06:46.351,0.86552,0.8656,1.00,1.00
2017.03.28 06:06:47.505,0.86552,0.86558,1.00,1.00
2017.03.28 06:06:48.390,0.8655,0.86558,2.44,1.00
2017.03.28 06:06:48.646,0.86551,0.8656,1.87,1.12
2017.03.28 06:06:49.161,0.86552,0.8656,1.12,1.00
2017.03.28 06:06:49.466,0.86553,0.86561,1.37,1.50
2017.03.28 06:06:51.652,0.86551,0.86559,2.44,1.00
2017.03.28 06:06:51.754,0.86552,0.86561,1.75,2.25
2017.03.28 06:06:53.118,0.86551,0.8656,3.19,1.00
2017.03.28 06:06:53.425,0.8655,0.86558,2.44,1.00
2017.03.28 06:06:53.630,0.86552,0.86561,1.00,1.87
2017.03.28 06:06:53.895,0.86554,0.86561,1.00,1.87
2017.03.28 06:06:53.946,0.86552,0.86561,1.12,1.87
2017.03.28 06:06:53.997,0.86552,0.86559,1.50,1.00
2017.03.28 06:06:54.301,0.86551,0.86558,1.50,1.00
2017.03.28 06:06:54.829,0.86549,0.86556,1.37,1.00
2017.03.28 06:06:54.931,0.86549,0.86556,1.37,1.00
2017.03.28 06:06:55.134,0.86547,0.86556,3.19,1.00
2017.03.28 06:06:55.337,0.8655,0.86557,1.00,1.00
2017.03.28 06:06:55.878,0.8655,0.86558,1.50,1.00
2017.03.28 06:06:57.046,0.8655,0.86559,1.50,2.25
2017.03.28 06:06:58.643,0.8655,0.86558,1.00,1.00
2017.03.28 06:06:59.201,0.8655,0.86556,1.00,3.00
2017.03.28 06:06:59.536,0.86546,0.86551,1.00,1.00
2017.03.28 06:06:59.587,0.86542,0.86551,3.04,1.50
2017.03.28 06:06:59.740,0.86542,0.8655,1.12,1.00
2017.03.28 06:07:00.652,0.86543,0.8655,1.00,1.12
2017.03.28 06:07:01.186,0.86542,0.86551,1.12,1.00
2017.03.28 06:07:02.570,0.86543,0.86552,1.00,1.50
2017.03.28 06:07:02.621,0.86546,0.86552,1.00,1.00
2017.03.28 06:07:02.875,0.86547,0.86556,2.81,1.00
2017.03.28 06:07:03.192,0.86549,0.86557,1.00,1.37
2017.03.28 06:07:04.083,0.8655,0.86558,1.00,2.00
2017.03.28 06:07:04.286,0.86551,0.86559,1.00,1.37
2017.03.28 06:07:04.498,0.86552,0.86561,1.00,1.12
2017.03.28 06:07:05.006,0.86553,0.86562,1.00,1.50
2017.03.28 06:07:05.514,0.86552,0.86561,2.62,1.00
2017.03.28 06:07:05.757,0.86555,0.86562,1.50,1.12
2017.03.28 06:07:05.962,0.86554,0.86564,2.25,2.62
2017.03.28 06:07:06.013,0.86554,0.86562,2.25,1.00
2017.03.28 06:07:06.523,0.86553,0.86561,1.50,1.00
2017.03.28 06:07:07.048,0.86552,0.86561,2.62,1.00
2017.03.28 06:07:08.170,0.86553,0.86562,1.00,1.00
2017.03.28 06:07:08.764,0.86552,0.86561,1.12,1.00
2017.03.28 06:07:09.070,0.86551,0.86559,1.12,1.00
2017.03.28 06:07:09.577,0.86551,0.8656,1.12,1.12
2017.03.28 06:07:09.882,0.86552,0.86561,1.37,1.00
2017.03.28 06:07:10.406,0.86552,0.86562,1.37,1.50
2017.03.28 06:07:10.917,0.86552,0.86562,2.62,1.50
2017.03.28 06:07:11.420,0.86552,0.86562,2.62,1.50
2017.03.28 06:07:11.522,0.86552,0.86562,2.62,1.69
2017.03.28 06:07:12.258,0.86552,0.86562,2.62,1.50
2017.03.28 06:07:12.664,0.86552,0.86562,2.62,1.50
2017.03.28 06:07:12.766,0.86552,0.86562,2.62,1.50
2017.03.28 06:07:12.868,0.86552,0.86562,2.62,1.50
2017.03.28 06:07:12.969,0.86552,0.86562,2.62,1.50
2017.03.28 06:07:13.072,0.86551,0.86561,2.25,2.25
2017.03.28 06:07:13.595,0.8655,0.8656,3.37,1.00
2017.03.28 06:07:14.209,0.86552,0.8656,1.87,1.00
2017.03.28 06:07:15.466,0.8655,0.8656,6.75,1.00
2017.03.28 06:07:15.517,0.86551,0.86558,1.12,1.00
2017.03.28 06:07:15.925,0.86553,0.86559,1.00,1.00
2017.03.28 06:07:16.437,0.86553,0.8656,1.00,1.00
2017.03.28 06:07:17.845,0.86551,0.8656,2.25,1.00
2017.03.28 06:07:18.048,0.8655,0.86559,4.87,1.00
2017.03.28 06:07:18.451,0.86552,0.8656,1.50,1.00
2017.03.28 06:07:18.958,0.86551,0.8656,1.87,1.00
2017.03.28 06:07:19.992,0.8655,0.8656,1.50,1.12
2017.03.28 06:07:20.298,0.8655,0.86558,1.00,1.00
2017.03.28 06:07:20.709,0.86552,0.8656,1.50,1.50
2017.03.28 06:07:21.217,0.86551,0.8656,2.25,1.12
2017.03.28 06:07:22.060,0.86552,0.8656,1.50,1.12
2017.03.28 06:07:22.383,0.86555,0.86563,1.00,1.37
2017.03.28 06:07:22.434,0.86555,0.86564,1.00,4.12
2017.03.28 06:07:22.536,0.86556,0.86562,1.00,1.00
2017.03.28 06:07:22.638,0.86552,0.86562,3.00,1.00
2017.03.28 06:07:23.044,0.86552,0.8656,1.00,1.00
2017.03.28 06:07:23.570,0.86551,0.8656,1.00,1.00
2017.03.28 06:07:24.258,0.86551,0.86559,1.00,1.00
2017.03.28 06:07:25.088,0.8655,0.8656,1.00,3.00
2017.03.28 06:07:25.599,0.86551,0.86561,1.00,1.12
2017.03.28 06:07:25.957,0.8655,0.86559,2.62,2.25
2017.03.28 06:07:26.373,0.86548,0.86556,1.50,1.50
2017.03.28 06:07:26.542,0.86545,0.86555,1.50,1.00
2017.03.28 06:07:26.796,0.86544,0.86553,1.50,1.50
2017.03.28 06:07:27.302,0.86543,0.86553,2.62,1.50
2017.03.28 06:07:27.615,0.86545,0.86555,1.82,1.12
2017.03.28 06:07:27.969,0.8655,0.86556,1.00,1.37
2017.03.28 06:07:28.071,0.8655,0.86557,1.07,1.00
2017.03.28 06:07:28.223,0.8655,0.8656,1.00,1.87
2017.03.28 06:07:28.426,0.86549,0.86558,3.00,1.00
2017.03.28 06:07:28.939,0.8655,0.86559,1.00,1.00
2017.03.28 06:07:29.398,0.86549,0.86557,1.87,1.50
2017.03.28 06:07:29.703,0.86551,0.86559,1.50,1.00
2017.03.28 06:07:29.855,0.8655,0.86561,3.37,1.50
2017.03.28 06:07:29.906,0.86552,0.86561,1.00,1.12
2017.03.28 06:07:30.154,0.86553,0.86563,1.00,2.06
2017.03.28 06:07:30.411,0.86552,0.86561,1.00,1.00
2017.03.28 06:07:30.614,0.8655,0.86561,3.37,2.62
2017.03.28 06:07:31.827,0.86551,0.86561,1.50,1.12
2017.03.28 06:07:31.982,0.86553,0.86563,1.00,4.87
2017.03.28 06:07:32.033,0.86553,0.86563,2.25,1.00
2017.03.28 06:07:32.540,0.86554,0.86564,1.00,1.50
2017.03.28 06:07:33.128,0.86553,0.86564,2.62,1.12
2017.03.28 06:07:33.643,0.86554,0.86564,1.00,1.12
2017.03.28 06:07:34.148,0.86553,0.86564,1.87,1.12
2017.03.28 06:07:34.332,0.86553,0.86562,1.12,1.00
2017.03.28 06:07:35.004,0.86555,0.86563,1.50,1.00
2017.03.28 06:07:35.258,0.86556,0.86565,1.87,1.12
2017.03.28 06:07:36.102,0.86555,0.86564,2.25,1.00
2017.03.28 06:07:36.621,0.86554,0.86563,3.37,1.00
2017.03.28 06:07:38.493,0.86554,0.86564,1.87,1.00
2017.03.28 06:07:39.557,0.86554,0.86563,3.37,1.00
2017.03.28 06:07:39.710,0.86553,0.86563,4.50,1.00
2017.03.28 06:07:40.046,0.86553,0.86561,1.50,1.00
2017.03.28 06:07:40.553,0.86553,0.86562,1.00,1.00
2017.03.28 06:07:40.893,0.86555,0.86564,1.00,1.00
2017.03.28 06:07:41.402,0.86554,0.86564,3.75,2.62
2017.03.28 06:07:42.152,0.86555,0.86564,1.00,1.12
2017.03.28 06:07:42.664,0.86554,0.86563,1.00,1.12
2017.03.28 06:07:43.173,0.86554,0.86562,1.82,1.00
2017.03.28 06:07:43.681,0.86554,0.86563,2.19,1.00
2017.03.28 06:07:44.746,0.86553,0.86562,1.50,1.00
2017.03.28 06:07:48.211,0.86553,0.86563,3.00,1.50
2017.03.28 06:07:49.392,0.86552,0.86562,9.32,1.00
2017.03.28 06:07:50.652,0.86553,0.86563,1.50,1.12
2017.03.28 06:07:51.888,0.86552,0.86561,6.37,1.00
2017.03.28 06:07:51.939,0.86552,0.86561,3.75,1.00
2017.03.28 06:07:52.547,0.86555,0.86562,1.50,1.00
2017.03.28 06:07:53.059,0.86555,0.86563,1.50,1.00
2017.03.28 06:07:53.364,0.86555,0.86561,1.50,1.00
2017.03.28 06:07:53.415,0.86554,0.86563,1.00,1.00
2017.03.28 06:07:53.618,0.86554,0.86561,1.00,1.00
2017.03.28 06:07:54.134,0.86554,0.86562,1.00,1.00
2017.03.28 06:07:54.651,0.86554,0.86563,1.00,1.12
2017.03.28 06:07:55.184,0.86552,0.86562,3.69,1.00
2017.03.28 06:07:56.563,0.86556,0.86563,1.50,1.12
2017.03.28 06:07:57.072,0.86556,0.86564,1.00,1.00
2017.03.28 06:07:57.584,0.86557,0.86565,1.50,1.00
2017.03.28 06:07:58.087,0.86557,0.86564,1.50,1.00
2017.03.28 06:07:58.283,0.86555,0.86564,1.87,1.00
2017.03.28 06:07:58.436,0.86554,0.86562,3.75,1.00
2017.03.28 06:08:00.130,0.86555,0.86562,2.62,1.00
2017.03.28 06:08:00.283,0.86556,0.86564,1.50,1.00
2017.03.28 06:08:00.790,0.86555,0.86565,4.50,1.00
2017.03.28 06:08:01.298,0.86557,0.86566,1.00,1.12
2017.03.28 06:08:01.814,0.86557,0.86566,1.50,1.00
2017.03.28 06:08:03.741,0.86557,0.86564,1.12,1.50
2017.03.28 06:08:04.198,0.86554,0.86565,7.50,1.00
2017.03.28 06:08:04.805,0.86556,0.86564,3.00,1.00
2017.03.28 06:08:04.999,0.86556,0.86566,4.12,1.50
2017.03.28 06:08:05.256,0.86559,0.86568,1.00,2.62
2017.03.28 06:08:05.766,0.86559,0.86568,1.00,1.00
2017.03.28 06:08:09.107,0.86559,0.86569,1.87,1.00
2017.03.28 06:08:09.412,0.86559,0.86567,1.87,1.00
2017.03.28 06:08:09.818,0.86558,0.86569,1.12,1.50
2017.03.28 06:08:10.925,0.86558,0.86567,1.12,1.50
2017.03.28 06:08:11.130,0.86556,0.86567,4.87,1.12
2017.03.28 06:08:11.384,0.86558,0.86567,1.00,1.12
2017.03.28 06:08:11.891,0.86557,0.86567,2.25,1.12
2017.03.28 06:08:12.295,0.86559,0.86567,1.50,1.00
2017.03.28 06:08:12.801,0.86559,0.86568,1.00,1.12
2017.03.28 06:08:13.564,0.8656,0.86568,1.50,1.12
2017.03.28 06:08:14.200,0.86559,0.86568,1.50,1.00
2017.03.28 06:08:16.667,0.86559,0.86567,1.50,1.00
2017.03.28 06:08:17.617,0.86558,0.86567,3.00,1.00
2017.03.28 06:08:17.922,0.8656,0.86568,1.50,1.00
2017.03.28 06:08:19.376,0.86559,0.86568,1.87,1.00
2017.03.28 06:08:22.513,0.8656,0.86568,2.25,1.00
2017.03.28 06:08:23.054,0.8656,0.86569,1.87,1.00
2017.03.28 06:08:23.624,0.86561,0.86569,1.50,1.12
2017.03.28 06:08:23.930,0.86558,0.86566,3.37,1.00
2017.03.28 06:08:24.530,0.86559,0.86568,2.25,1.00
2017.03.28 06:08:26.325,0.8656,0.86568,2.25,1.00
2017.03.28 06:08:26.912,0.86559,0.86567,3.00,1.00
2017.03.28 06:08:27.979,0.86559,0.86566,2.25,1.00
2017.03.28 06:08:28.192,0.86558,0.86568,5.62,1.00
2017.03.28 06:08:28.294,0.86557,0.86567,3.00,1.00
2017.03.28 06:08:28.802,0.86558,0.86567,1.50,1.00
2017.03.28 06:08:28.954,0.86558,0.86565,1.50,1.00
2017.03.28 06:08:29.430,0.86556,0.86565,3.00,1.00
2017.03.28 06:08:29.684,0.86556,0.86562,1.87,1.00
2017.03.28 06:08:30.192,0.86555,0.86562,1.87,1.00
2017.03.28 06:08:30.744,0.86555,0.86563,1.87,1.00
2017.03.28 06:08:36.468,0.86556,0.86565,1.00,1.00
2017.03.28 06:08:36.808,0.86554,0.86562,1.00,1.00
2017.03.28 06:08:37.932,0.86555,0.86562,1.00,1.00
2017.03.28 06:08:38.439,0.86553,0.86561,3.00,1.00
2017.03.28 06:08:38.787,0.86552,0.86561,3.37,1.00
2017.03.28 06:08:39.522,0.86553,0.86561,1.00,1.00
2017.03.28 06:08:40.254,0.86552,0.86561,4.12,1.00
2017.03.28 06:08:41.875,0.86554,0.86561,1.50,1.00
2017.03.28 06:08:42.747,0.86556,0.86563,1.50,1.12
2017.03.28 06:08:43.078,0.86565,0.86569,1.00,1.00
2017.03.28 06:08:43.433,0.86563,0.8657,1.00,1.00
2017.03.28 06:08:43.890,0.86562,0.86567,1.00,1.00
2017.03.28 06:08:44.095,0.86558,0.86565,1.00,1.00
2017.03.28 06:08:44.248,0.86563,0.86567,1.00,1.50
2017.03.28 06:08:44.299,0.86563,0.86569,1.00,1.12
2017.03.28 06:08:44.538,0.86561,0.86569,1.87,1.00
2017.03.28 06:08:44.589,0.86561,0.86568,4.12,1.00
2017.03.28 06:08:44.893,0.86563,0.8657,1.12,1.00
2017.03.28 06:08:44.945,0.86564,0.86573,1.50,1.12
2017.03.28 06:08:45.047,0.86566,0.86573,1.00,1.00
2017.03.28 06:08:45.355,0.86563,0.86573,1.50,2.25
2017.03.28 06:08:45.583,0.86562,0.86572,1.50,1.00
2017.03.28 06:08:45.888,0.86562,0.8657,1.12,1.00
2017.03.28 06:08:46.446,0.86562,0.86571,1.00,1.00
2017.03.28 06:08:47.107,0.86563,0.86571,1.00,1.00
2017.03.28 06:08:47.637,0.86564,0.86571,1.00,1.00
2017.03.28 06:08:47.739,0.86562,0.86571,1.50,1.00
2017.03.28 06:08:47.892,0.86562,0.86572,1.87,2.25
2017.03.28 06:08:48.046,0.86562,0.86572,1.50,2.25
2017.03.28 06:08:48.198,0.86564,0.86572,1.00,1.50
2017.03.28 06:08:48.756,0.86563,0.86573,1.87,2.06
2017.03.28 06:08:49.352,0.86564,0.86573,1.12,1.87
2017.03.28 06:08:50.079,0.86566,0.86574,1.00,1.50
2017.03.28 06:08:50.536,0.86567,0.86576,1.50,1.87
2017.03.28 06:08:51.043,0.86567,0.86575,1.12,1.50
2017.03.28 06:08:51.551,0.86566,0.86576,1.50,3.00
2017.03.28 06:08:53.473,0.86568,0.86578,1.37,1.87
2017.03.28 06:08:53.524,0.86567,0.86577,1.12,1.50
2017.03.28 06:08:53.576,0.86571,0.86577,1.00,1.50
2017.03.28 06:08:53.627,0.86571,0.86579,1.50,2.25
2017.03.28 06:08:53.831,0.86571,0.86581,1.50,3.00
2017.03.28 06:08:53.983,0.86573,0.86581,1.00,2.25
2017.03.28 06:08:55.621,0.86571,0.8658,1.50,1.00
2017.03.28 06:08:56.539,0.8657,0.86579,3.00,1.50
2017.03.28 06:08:56.793,0.86569,0.86579,1.87,3.00
2017.03.28 06:08:57.250,0.86568,0.86577,2.25,1.00
2017.03.28 06:08:57.962,0.86567,0.86577,1.87,1.00
2017.03.28 06:08:58.267,0.86565,0.86574,1.12,1.00
2017.03.28 06:08:58.571,0.86564,0.86572,1.87,1.00
2017.03.28 06:08:58.982,0.86562,0.8657,2.25,1.00
2017.03.28 06:08:59.034,0.8656,0.86569,2.62,1.00
2017.03.28 06:08:59.541,0.86561,0.8657,1.12,1.00
2017.03.28 06:08:59.592,0.86561,0.86568,1.12,1.00
2017.03.28 06:09:01.554,0.86559,0.86569,4.12,1.00
2017.03.28 06:09:01.989,0.86559,0.86567,5.62,1.00
2017.03.28 06:09:02.042,0.86561,0.86569,1.87,1.00
2017.03.28 06:09:02.855,0.86561,0.86571,1.12,3.37
2017.03.28 06:09:03.332,0.86562,0.86571,1.50,1.00
2017.03.28 06:09:03.841,0.86561,0.8657,1.87,2.25
2017.03.28 06:09:03.942,0.86561,0.8657,1.87,1.50
2017.03.28 06:09:04.427,0.86561,0.8657,1.12,3.37
2017.03.28 06:09:04.529,0.86561,0.8657,1.50,2.62
2017.03.28 06:09:05.149,0.86562,0.8657,1.75,1.37
2017.03.28 06:09:05.655,0.86563,0.8657,1.00,2.62
2017.03.28 06:09:05.706,0.86561,0.8657,1.50,2.62
2017.03.28 06:09:06.213,0.86562,0.8657,1.00,2.62
2017.03.28 06:09:06.736,0.86563,0.8657,1.00,2.62
2017.03.28 06:09:07.232,0.86565,0.86573,1.00,1.00
2017.03.28 06:09:07.690,0.86564,0.8657,1.12,1.50
2017.03.28 06:09:08.268,0.86564,0.86573,1.12,2.62
2017.03.28 06:09:08.471,0.86566,0.86574,1.50,1.00
2017.03.28 06:09:08.777,0.86564,0.86568,1.00,1.50
2017.03.28 06:09:08.879,0.86561,0.86569,2.25,1.00
2017.03.28 06:09:09.448,0.86562,0.8657,1.00,1.50
2017.03.28 06:09:10.007,0.86564,0.86571,1.00,1.00
2017.03.28 06:09:10.211,0.86562,0.86572,2.62,1.37
2017.03.28 06:09:11.236,0.86561,0.8657,1.50,1.00
2017.03.28 06:09:11.741,0.86563,0.86572,1.12,4.87
2017.03.28 06:09:12.358,0.86562,0.86569,1.37,1.50
2017.03.28 06:09:12.562,0.8656,0.86569,1.00,2.62
2017.03.28 06:09:12.664,0.8656,0.86569,1.00,6.37
2017.03.28 06:09:13.189,0.8656,0.86568,1.00,1.50
2017.03.28 06:09:13.698,0.86561,0.86569,1.00,1.00
2017.03.28 06:09:14.594,0.8656,0.86569,2.25,1.00
2017.03.28 06:09:15.101,0.86561,0.86569,1.00,1.00
2017.03.28 06:09:15.610,0.86562,0.8657,1.00,2.25
2017.03.28 06:09:16.136,0.8656,0.8657,1.50,1.50
2017.03.28 06:09:16.812,0.8656,0.8657,1.50,3.75
2017.03.28 06:09:17.928,0.86562,0.86569,1.00,1.87
2017.03.28 06:09:18.264,0.86559,0.86567,2.25,1.00
2017.03.28 06:09:18.571,0.86558,0.86566,1.00,1.37
2017.03.28 06:09:18.978,0.86556,0.86562,1.37,1.50
2017.03.28 06:09:19.144,0.86559,0.86566,1.00,1.87
2017.03.28 06:09:19.246,0.86557,0.86566,1.00,1.37
2017.03.28 06:09:19.753,0.86556,0.86564,1.12,1.50
2017.03.28 06:09:20.283,0.86555,0.86563,1.12,3.37
2017.03.28 06:09:21.102,0.86554,0.86563,1.50,1.87
2017.03.28 06:09:24.371,0.86554,0.86562,1.00,3.00
2017.03.28 06:09:24.880,0.86554,0.86563,2.25,1.87
2017.03.28 06:09:25.491,0.86553,0.86563,4.12,2.62
2017.03.28 06:09:25.998,0.86553,0.86562,1.50,2.25
2017.03.28 06:09:26.251,0.86552,0.86562,1.00,2.25
2017.03.28 06:09:26.455,0.86552,0.86559,1.37,1.00
2017.03.28 06:09:26.963,0.86551,0.86558,1.50,1.00
2017.03.28 06:09:27.471,0.86551,0.86558,1.00,1.00
2017.03.28 06:09:28.205,0.8655,0.8656,1.87,1.12
2017.03.28 06:09:28.713,0.8655,0.86557,1.37,1.00
2017.03.28 06:09:29.131,0.86549,0.86559,2.62,1.12
2017.03.28 06:09:29.385,0.86549,0.86557,2.62,1.00
2017.03.28 06:09:29.638,0.8655,0.86559,1.00,1.12
2017.03.28 06:09:30.188,0.86549,0.86558,1.50,1.00
2017.03.28 06:09:30.342,0.86548,0.86557,1.12,1.00
2017.03.28 06:09:30.858,0.86549,0.86557,1.50,1.12
2017.03.28 06:09:31.362,0.8655,0.86557,1.00,1.12
2017.03.28 06:09:31.871,0.86549,0.86557,1.00,1.12
2017.03.28 06:09:32.024,0.86552,0.86558,1.00,1.00
2017.03.28 06:09:32.525,0.86548,0.86557,2.62,1.00
2017.03.28 06:09:32.576,0.86549,0.86558,1.00,3.37
2017.03.28 06:09:33.089,0.86547,0.86556,2.62,1.00
2017.03.28 06:09:33.596,0.86548,0.86557,1.12,1.50
2017.03.28 06:09:34.635,0.86548,0.86556,1.12,2.62
2017.03.28 06:09:34.943,0.8655,0.86555,1.00,1.00
2017.03.28 06:09:35.096,0.8655,0.86559,1.00,1.12
2017.03.28 06:09:35.352,0.86554,0.8656,1.00,1.00
2017.03.28 06:09:35.404,0.86555,0.86563,1.00,1.12
2017.03.28 06:09:35.720,0.86557,0.86564,1.00,1.00
2017.03.28 06:09:36.227,0.86554,0.86564,2.06,1.00
2017.03.28 06:09:36.532,0.86554,0.86562,1.31,1.00
2017.03.28 06:09:37.050,0.86554,0.86563,3.56,1.00
2017.03.28 06:09:37.354,0.86554,0.8656,2.62,1.00
2017.03.28 06:09:37.607,0.86552,0.86561,1.50,1.00
2017.03.28 06:09:38.025,0.86554,0.86563,1.00,1.00
2017.03.28 06:09:38.526,0.86555,0.86565,1.00,2.62
2017.03.28 06:09:39.535,0.86557,0.86565,1.00,1.87
2017.03.28 06:09:40.107,0.86556,0.86565,1.00,3.37
2017.03.28 06:09:40.416,0.86555,0.86561,1.00,1.37
2017.03.28 06:09:40.948,0.86554,0.86561,1.00,1.00
2017.03.28 06:09:41.476,0.86554,0.86561,1.00,1.37
2017.03.28 06:09:42.952,0.86554,0.8656,1.00,1.37
2017.03.28 06:09:44.087,0.86554,0.86561,1.00,1.37
2017.03.28 06:09:45.638,0.86555,0.86561,1.00,1.37
2017.03.28 06:09:45.791,0.86556,0.86563,1.00,1.37
2017.03.28 06:09:45.893,0.86559,0.86564,1.00,1.37
2017.03.28 06:09:46.086,0.86557,0.86565,1.00,4.50
2017.03.28 06:09:46.597,0.86558,0.86566,1.00,4.12
2017.03.28 06:09:47.575,0.86558,0.86566,1.00,1.87
2017.03.28 06:09:50.188,0.86559,0.86566,1.00,1.37
2017.03.28 06:09:50.976,0.86559,0.86567,1.00,1.37
2017.03.28 06:09:51.484,0.86556,0.86565,1.12,1.87
2017.03.28 06:09:51.535,0.86556,0.86563,1.00,1.50
2017.03.28 06:09:52.069,0.86555,0.86563,1.00,2.25
2017.03.28 06:09:52.598,0.86555,0.86563,1.00,4.87
2017.03.28 06:09:53.118,0.86554,0.86563,1.00,4.12
2017.03.28 06:09:53.663,0.86555,0.86563,1.00,4.87
2017.03.28 06:09:54.268,0.86555,0.86563,1.00,1.87
2017.03.28 06:09:55.170,0.86554,0.86563,1.00,2.25
2017.03.28 06:09:55.474,0.86554,0.8656,1.00,1.00
2017.03.28 06:09:55.576,0.8655,0.8656,4.31,1.00
2017.03.28 06:09:56.111,0.86551,0.86559,1.25,1.00
2017.03.28 06:09:56.761,0.86551,0.86557,1.25,1.00
2017.03.28 06:09:56.812,0.86551,0.86559,1.25,1.00
2017.03.28 06:09:57.427,0.86551,0.86558,1.25,1.00
2017.03.28 06:09:58.468,0.86554,0.86558,1.00,1.00
2017.03.28 06:09:58.622,0.86554,0.8656,1.00,1.12
2017.03.28 06:09:59.128,0.86555,0.86561,1.00,1.12
2017.03.28 06:10:00.013,0.86557,0.86561,1.00,1.00
2017.03.28 06:10:00.165,0.86555,0.86563,1.19,1.50
2017.03.28 06:10:00.268,0.86554,0.86563,2.06,1.00
2017.03.28 06:10:00.675,0.86556,0.86562,1.00,1.00
2017.03.28 06:10:00.828,0.86552,0.8656,2.81,1.50
2017.03.28 06:10:01.045,0.86551,0.86557,2.25,1.50
2017.03.28 06:10:01.555,0.86551,0.86558,1.25,1.00
2017.03.28 06:10:01.962,0.86553,0.8656,1.00,1.50
2017.03.28 06:10:02.775,0.86552,0.8656,1.00,1.50
2017.03.28 06:10:03.297,0.86552,0.86559,1.00,1.00
2017.03.28 06:10:03.825,0.86551,0.86558,1.25,1.12
2017.03.28 06:10:04.570,0.86551,0.8656,1.25,1.87
2017.03.28 06:10:04.672,0.86553,0.8656,1.00,1.12
2017.03.28 06:10:07.715,0.86551,0.86561,1.69,1.50
2017.03.28 06:10:09.928,0.8655,0.8656,1.25,2.25
2017.03.28 06:10:10.284,0.86553,0.86561,1.00,1.00
2017.03.28 06:10:10.791,0.86551,0.86561,2.06,1.00
2017.03.28 06:10:11.310,0.86551,0.86561,1.31,1.12
2017.03.28 06:10:11.839,0.86551,0.8656,3.56,1.00
2017.03.28 06:10:12.143,0.86551,0.86558,1.25,1.00
2017.03.28 06:10:12.670,0.86549,0.86554,1.19,1.00
2017.03.28 06:10:12.721,0.86549,0.86556,1.19,1.00
2017.03.28 06:10:12.925,0.86549,0.86558,1.19,2.62
2017.03.28 06:10:13.624,0.86549,0.86559,3.19,1.00
2017.03.28 06:10:14.166,0.86551,0.86559,1.50,1.50
2017.03.28 06:10:14.217,0.8655,0.86555,1.00,1.00
2017.03.28 06:10:14.754,0.86548,0.86556,1.69,1.00
2017.03.28 06:10:14.907,0.86545,0.86553,2.06,1.00
2017.03.28 06:10:15.161,0.86544,0.86555,2.62,2.25
2017.03.28 06:10:15.668,0.86544,0.86554,3.37,3.00
2017.03.28 06:10:16.150,0.86544,0.86551,2.62,1.00
2017.03.28 06:10:17.172,0.86543,0.86549,1.69,1.00
2017.03.28 06:10:17.324,0.86541,0.86549,2.06,1.00
2017.03.28 06:10:17.832,0.8654,0.86547,1.00,1.00
2017.03.28 06:10:18.340,0.86539,0.86547,1.31,1.00
2017.03.28 06:10:18.887,0.86539,0.86548,1.31,2.25
2017.03.28 06:10:19.902,0.8654,0.86548,1.00,1.00
2017.03.28 06:10:20.426,0.86539,0.86549,1.69,1.00
2017.03.28 06:10:20.831,0.86538,0.86546,2.44,1.00
2017.03.28 06:10:21.136,0.86537,0.86544,1.25,1.00
2017.03.28 06:10:21.339,0.86537,0.86546,1.25,2.62
2017.03.28 06:10:21.475,0.86539,0.86546,1.00,1.50
2017.03.28 06:10:22.053,0.8654,0.86547,1.00,1.00
2017.03.28 06:10:22.556,0.8654,0.86549,1.69,1.00
2017.03.28 06:10:23.072,0.8654,0.86548,2.06,1.00
2017.03.28 06:10:23.855,0.8654,0.8655,2.06,3.75
2017.03.28 06:10:24.444,0.86542,0.8655,1.00,1.00
2017.03.28 06:10:24.950,0.86541,0.8655,1.25,3.00
2017.03.28 06:10:25.502,0.8654,0.86549,1.19,1.00
2017.03.28 06:10:25.606,0.8654,0.86551,2.44,1.00
2017.03.28 06:10:25.911,0.86543,0.86551,1.00,1.00
2017.03.28 06:10:26.216,0.86545,0.86552,1.19,1.59
2017.03.28 06:10:26.571,0.86545,0.86555,1.19,3.00
2017.03.28 06:10:27.782,0.86546,0.86556,1.25,1.00
2017.03.28 06:10:27.934,0.86548,0.86558,1.00,2.62
2017.03.28 06:10:28.088,0.86549,0.86559,1.50,3.37
2017.03.28 06:10:28.140,0.86552,0.8656,1.00,3.75
2017.03.28 06:10:28.499,0.86554,0.86559,1.00,1.00
2017.03.28 06:10:28.551,0.86554,0.86561,1.00,1.00
2017.03.28 06:10:28.654,0.86553,0.86563,1.69,1.12
2017.03.28 06:10:29.277,0.86554,0.86564,1.25,1.50
2017.03.28 06:10:29.802,0.86555,0.86565,1.00,2.25
2017.03.28 06:10:30.843,0.86556,0.86565,1.19,2.25
2017.03.28 06:10:31.165,0.86559,0.86565,1.00,1.00
2017.03.28 06:10:31.521,0.86557,0.86565,1.25,1.00
2017.03.28 06:10:31.776,0.86556,0.86563,2.44,1.00
2017.03.28 06:10:32.352,0.86555,0.86565,1.69,1.00
2017.03.28 06:10:33.374,0.86556,0.86564,1.25,2.62
2017.03.28 06:10:33.425,0.86556,0.86562,1.25,1.00
2017.03.28 06:10:33.476,0.86553,0.86562,1.00,1.00
2017.03.28 06:10:33.696,0.8655,0.8656,2.81,1.00
2017.03.28 06:10:34.229,0.8655,0.86561,1.69,1.50
2017.03.28 06:10:36.240,0.86551,0.86562,1.31,4.50
2017.03.28 06:10:37.352,0.86551,0.86561,1.25,1.12
2017.03.28 06:10:37.880,0.86552,0.8656,1.00,1.00
2017.03.28 06:10:38.236,0.8655,0.8656,1.69,2.25
2017.03.28 06:10:38.975,0.8655,0.86558,1.25,1.00
2017.03.28 06:10:39.919,0.86551,0.8656,1.19,1.87
2017.03.28 06:10:40.426,0.8655,0.86558,1.69,1.00
2017.03.28 06:10:41.387,0.86551,0.86561,1.25,5.25
2017.03.28 06:10:41.541,0.86553,0.86561,1.00,2.25
2017.03.28 06:10:42.367,0.86553,0.86563,1.00,2.62
2017.03.28 06:10:44.391,0.86555,0.86564,1.00,1.50
2017.03.28 06:10:44.698,0.86559,0.86567,1.00,1.00
2017.03.28 06:10:45.208,0.86559,0.8657,1.69,2.25
2017.03.28 06:10:45.717,0.8656,0.86569,1.31,1.00
2017.03.28 06:10:49.628,0.86559,0.86566,1.00,1.00
2017.03.28 06:10:49.680,0.86557,0.86566,2.06,1.00
2017.03.28 06:10:49.784,0.86559,0.86566,1.25,1.00
2017.03.28 06:10:50.292,0.86559,0.86567,1.25,1.00
2017.03.28 06:10:50.920,0.86559,0.86566,1.25,1.00
2017.03.28 06:10:51.444,0.86559,0.86565,1.25,1.00
2017.03.28 06:10:52.927,0.86559,0.86564,1.25,1.00
2017.03.28 06:10:53.225,0.86557,0.86564,1.00,1.00
2017.03.28 06:10:55.777,0.86555,0.86563,2.44,1.00
2017.03.28 06:10:55.930,0.86553,0.86563,2.44,2.25
2017.03.28 06:10:55.981,0.86552,0.86559,2.81,1.50
2017.03.28 06:10:56.185,0.86547,0.86554,1.25,1.50
2017.03.28 06:10:56.237,0.86544,0.86552,3.94,1.00
2017.03.28 06:10:56.845,0.86544,0.86553,3.19,1.00
2017.03.28 06:10:57.379,0.86545,0.86554,1.25,1.87
2017.03.28 06:10:57.783,0.86547,0.86555,1.00,1.50
2017.03.28 06:10:57.936,0.8655,0.86558,1.00,4.50
2017.03.28 06:10:57.988,0.86548,0.86558,1.69,3.00
2017.03.28 06:10:58.090,0.8655,0.86558,1.00,1.50
2017.03.28 06:10:58.597,0.8655,0.86559,1.00,2.25
2017.03.28 06:11:00.431,0.86551,0.86561,1.00,4.87
2017.03.28 06:11:00.886,0.86552,0.86561,1.00,1.12
2017.03.28 06:11:00.937,0.86552,0.86559,1.25,1.00
2017.03.28 06:11:01.394,0.86554,0.8656,1.00,1.00
2017.03.28 06:11:03.094,0.86555,0.8656,1.00,1.00
2017.03.28 06:11:04.233,0.86556,0.8656,1.00,1.00
2017.03.28 06:11:04.867,0.86554,0.8656,1.00,1.00
2017.03.28 06:11:05.375,0.86553,0.8656,1.00,1.00
2017.03.28 06:11:08.369,0.86553,0.86559,1.00,1.00
2017.03.28 06:11:08.897,0.86553,0.86559,1.00,1.50
2017.03.28 06:11:09.673,0.86553,0.86557,1.00,1.50
2017.03.28 06:11:09.725,0.86551,0.86555,1.00,1.00
2017.03.28 06:11:09.884,0.86544,0.86551,1.12,1.00
2017.03.28 06:11:10.087,0.86546,0.86553,1.50,1.87
2017.03.28 06:11:10.268,0.86549,0.86556,1.25,1.12
2017.03.28 06:11:10.816,0.86549,0.86557,1.25,1.12
2017.03.28 06:11:11.276,0.86551,0.86558,1.00,1.12
2017.03.28 06:11:11.580,0.86552,0.8656,1.69,1.00
2017.03.28 06:11:12.605,0.86551,0.86558,3.19,1.00
2017.03.28 06:11:13.944,0.86552,0.8656,1.69,1.00
2017.03.28 06:11:15.534,0.86552,0.86558,1.50,1.00
2017.03.28 06:11:15.585,0.86548,0.86557,3.19,1.00
2017.03.28 06:11:15.687,0.86548,0.86555,1.50,1.00
2017.03.28 06:11:16.197,0.86548,0.86554,1.00,1.00
2017.03.28 06:11:16.516,0.86545,0.86553,1.25,1.00
2017.03.28 06:11:17.093,0.86545,0.86555,1.25,4.12
2017.03.28 06:11:17.754,0.86546,0.86555,1.00,1.87
2017.03.28 06:11:18.635,0.86545,0.86554,1.25,1.00
2017.03.28 06:11:19.144,0.86544,0.86554,1.69,2.25
2017.03.28 06:11:20.716,0.86545,0.86554,1.00,3.75
2017.03.28 06:11:21.229,0.86544,0.86552,1.25,1.00
2017.03.28 06:11:21.778,0.86544,0.86553,1.25,1.87
2017.03.28 06:11:22.312,0.86545,0.86555,1.25,5.62
2017.03.28 06:11:22.819,0.86546,0.86555,1.00,1.12
2017.03.28 06:11:23.365,0.86546,0.86553,1.00,3.00
2017.03.28 06:11:23.416,0.86544,0.86552,1.25,1.00
2017.03.28 06:11:23.569,0.86542,0.86551,1.25,1.12
2017.03.28 06:11:24.096,0.86543,0.86551,1.00,1.12
2017.03.28 06:11:24.603,0.86543,0.86553,2.25,1.87
2017.03.28 06:11:25.240,0.86543,0.86553,3.19,1.87
2017.03.28 06:11:25.941,0.86543,0.86553,1.69,1.87
2017.03.28 06:11:26.449,0.86546,0.86554,1.00,1.00
2017.03.28 06:11:26.602,0.86546,0.86556,1.00,4.12
2017.03.28 06:11:27.108,0.86547,0.86555,1.25,1.50
2017.03.28 06:11:27.627,0.86547,0.86557,1.69,4.87
2017.03.28 06:11:28.032,0.86549,0.86556,1.00,1.87
2017.03.28 06:11:28.134,0.86546,0.86556,3.19,4.12
2017.03.28 06:11:28.642,0.86548,0.86556,1.00,1.00
2017.03.28 06:11:28.991,0.86549,0.86558,1.00,1.12
2017.03.28 06:11:29.194,0.86548,0.86555,1.50,1.00
2017.03.28 06:11:29.245,0.86548,0.86557,1.25,2.25
2017.03.28 06:11:29.499,0.86549,0.86559,1.00,1.87
2017.03.28 06:11:29.804,0.86548,0.86557,1.50,2.25
2017.03.28 06:11:30.179,0.86551,0.86558,1.00,1.00
2017.03.28 06:11:30.332,0.86552,0.8656,1.69,1.12
2017.03.28 06:11:30.839,0.86552,0.86561,1.25,1.00
2017.03.28 06:11:31.093,0.86552,0.86559,1.25,1.00
2017.03.28 06:11:31.397,0.86549,0.86559,2.44,1.12
2017.03.28 06:11:31.920,0.86549,0.86558,2.44,1.50
2017.03.28 06:11:34.044,0.86549,0.86559,1.19,1.50
2017.03.28 06:11:34.907,0.86549,0.86554,1.00,1.00
2017.03.28 06:11:35.212,0.86541,0.86545,1.69,1.00
2017.03.28 06:11:35.264,0.86542,0.86547,1.00,1.00
2017.03.28 06:11:35.417,0.8654,0.86545,1.00,1.00
2017.03.28 06:11:35.468,0.86538,0.86544,1.25,1.00
2017.03.28 06:11:35.996,0.86537,0.86544,1.50,1.00
2017.03.28 06:11:36.502,0.86537,0.86543,1.50,1.00
2017.03.28 06:11:37.045,0.86536,0.86543,1.00,1.00
2017.03.28 06:11:38.334,0.86537,0.86543,1.50,1.00
2017.03.28 06:11:38.435,0.86535,0.8654,1.25,1.00
2017.03.28 06:11:38.537,0.86533,0.8654,1.12,1.00
2017.03.28 06:11:38.639,0.86533,0.86538,1.00,1.00
2017.03.28 06:11:38.842,0.8653,0.86537,1.00,1.00
2017.03.28 06:11:38.944,0.86527,0.86536,5.06,1.12
2017.03.28 06:11:38.995,0.86527,0.86534,5.06,1.00
2017.03.28 06:11:39.147,0.86528,0.86536,1.31,1.00
2017.03.28 06:11:39.685,0.86529,0.86536,1.25,1.00
2017.03.28 06:11:40.296,0.86531,0.86538,1.19,1.00
2017.03.28 06:11:40.808,0.86531,0.86539,1.31,1.00
2017.03.28 06:11:41.689,0.86531,0.86539,1.31,1.00
2017.03.28 06:11:42.979,0.86532,0.86539,1.00,1.00
2017.03.28 06:11:43.805,0.86532,0.8654,1.00,1.00
2017.03.28 06:11:44.333,0.86531,0.8654,2.81,1.00
2017.03.28 06:11:45.949,0.86532,0.8654,1.00,1.00
2017.03.28 06:11:47.213,0.86532,0.86541,2.25,1.50
2017.03.28 06:11:47.720,0.86531,0.86541,2.06,1.87
2017.03.28 06:11:48.804,0.86532,0.86541,1.00,1.87
2017.03.28 06:11:49.109,0.86538,0.86547,2.44,3.75
2017.03.28 06:11:49.160,0.86539,0.86547,1.00,1.87
2017.03.28 06:11:49.363,0.86539,0.86549,1.00,1.87
2017.03.28 06:11:49.769,0.86541,0.86549,1.00,1.12
2017.03.28 06:11:52.176,0.86539,0.86548,1.00,1.00
2017.03.28 06:11:52.749,0.86538,0.86548,3.19,1.00
2017.03.28 06:11:52.953,0.8654,0.86548,1.19,1.00
2017.03.28 06:11:56.209,0.8654,0.86546,1.19,1.50
2017.03.28 06:11:56.260,0.86536,0.86546,3.94,2.25
2017.03.28 06:11:56.767,0.86536,0.86545,1.00,1.00
2017.03.28 06:11:57.247,0.8654,0.86545,1.00,1.00
2017.03.28 06:11:57.551,0.86537,0.86546,1.00,2.25
2017.03.28 06:11:58.085,0.86536,0.86545,1.00,1.00
2017.03.28 06:11:58.289,0.86535,0.86543,1.69,1.00
2017.03.28 06:11:58.818,0.86535,0.86544,2.44,1.12
2017.03.28 06:12:00.847,0.86539,0.86544,1.00,1.00
2017.03.28 06:12:00.949,0.86539,0.86546,1.00,1.00
2017.03.28 06:12:01.051,0.86544,0.86548,1.00,1.87
2017.03.28 06:12:01.233,0.86541,0.86548,1.12,1.00
2017.03.28 06:12:01.386,0.86542,0.86551,1.00,1.00
2017.03.28 06:12:01.944,0.86541,0.8655,1.69,1.00
2017.03.28 06:12:06.149,0.8654,0.86549,2.44,2.25
2017.03.28 06:12:06.201,0.8654,0.86547,1.69,1.00
2017.03.28 06:12:06.352,0.86539,0.86547,1.25,1.12
2017.03.28 06:12:06.405,0.86536,0.86545,3.56,2.25
2017.03.28 06:12:06.862,0.86535,0.86543,1.69,1.00
2017.03.28 06:12:08.548,0.86535,0.86545,6.19,1.00
2017.03.28 06:12:09.055,0.86537,0.86546,1.31,1.12
2017.03.28 06:12:09.511,0.86536,0.86544,2.44,1.50
2017.03.28 06:12:09.861,0.86535,0.8654,1.25,1.00
2017.03.28 06:12:10.167,0.86532,0.8654,1.25,2.25
2017.03.28 06:12:10.827,0.86532,0.86539,1.69,1.50
2017.03.28 06:12:11.137,0.86532,0.86541,1.19,1.00
2017.03.28 06:12:11.846,0.86532,0.86542,2.44,1.12
2017.03.28 06:12:14.481,0.86532,0.86541,1.19,2.25
2017.03.28 06:12:14.532,0.86532,0.86539,1.69,1.00
2017.03.28 06:12:16.142,0.86532,0.86541,1.25,1.00
2017.03.28 06:12:16.548,0.86532,0.86539,2.44,2.25
2017.03.28 06:12:17.056,0.86532,0.8654,1.69,1.00
2017.03.28 06:12:18.017,0.86531,0.86539,2.44,1.00
2017.03.28 06:12:18.818,0.86531,0.86539,1.00,1.00
2017.03.28 06:12:19.342,0.8653,0.86538,1.25,1.00
2017.03.28 06:12:19.884,0.86531,0.86538,1.00,1.00
2017.03.28 06:12:20.391,0.8653,0.86538,2.44,1.00
2017.03.28 06:12:20.898,0.86531,0.86539,1.87,1.00
2017.03.28 06:12:21.478,0.8653,0.86541,3.19,1.12
2017.03.28 06:12:22.890,0.86533,0.86542,1.00,3.37
2017.03.28 06:12:23.421,0.86533,0.86542,1.19,1.37
2017.03.28 06:12:23.523,0.86533,0.86543,1.19,1.12
2017.03.28 06:12:23.659,0.86536,0.86544,1.25,1.50
2017.03.28 06:12:23.762,0.86535,0.86545,2.06,1.12
2017.03.28 06:12:24.297,0.86537,0.86546,1.25,2.62
2017.03.28 06:12:31.670,0.86536,0.86546,1.69,3.00
2017.03.28 06:12:31.727,0.86535,0.86541,1.25,1.50
2017.03.28 06:12:32.031,0.86533,0.8654,1.25,2.25
2017.03.28 06:12:32.184,0.86531,0.86539,1.69,3.37
2017.03.28 06:12:32.691,0.86529,0.86538,1.19,1.00
2017.03.28 06:12:35.746,0.86531,0.86538,1.00,1.00
2017.03.28 06:12:36.253,0.8653,0.86539,1.00,2.62
2017.03.28 06:12:44.781,0.86529,0.8654,1.00,4.50
2017.03.28 06:12:46.330,0.86529,0.86537,1.00,1.00
2017.03.28 06:12:46.432,0.86527,0.86536,1.12,2.62
2017.03.28 06:12:46.484,0.86526,0.86534,1.56,1.50
2017.03.28 06:12:46.637,0.86528,0.86536,1.00,1.50
2017.03.28 06:12:47.143,0.86527,0.86537,1.25,1.37
2017.03.28 06:12:50.366,0.86527,0.86537,1.25,1.00
2017.03.28 06:12:52.470,0.86529,0.86537,1.00,1.12
2017.03.28 06:12:52.774,0.86526,0.86534,1.69,1.00
2017.03.28 06:12:54.016,0.86526,0.86534,1.19,5.62
2017.03.28 06:12:54.118,0.86525,0.86534,1.69,6.37
2017.03.28 06:12:54.422,0.86525,0.86534,1.25,1.50
2017.03.28 06:12:56.658,0.86525,0.86534,1.25,6.37
2017.03.28 06:12:57.292,0.86525,0.86531,1.25,1.00
2017.03.28 06:13:02.740,0.86525,0.86534,2.06,1.12
2017.03.28 06:13:05.900,0.86525,0.86532,1.25,2.25
2017.03.28 06:13:06.002,0.86522,0.8653,1.31,1.00
2017.03.28 06:13:06.509,0.8652,0.86529,1.19,1.12
2017.03.28 06:13:07.016,0.8652,0.86528,1.19,2.25
2017.03.28 06:13:10.168,0.8652,0.8653,2.81,3.00
2017.03.28 06:13:10.320,0.86521,0.8653,2.44,1.00
2017.03.28 06:13:10.980,0.86521,0.86531,3.19,1.87
2017.03.28 06:13:11.753,0.86524,0.86531,1.50,1.00
2017.03.28 06:13:12.007,0.86525,0.86534,1.19,1.50
2017.03.28 06:13:12.646,0.86527,0.86535,1.00,1.00
2017.03.28 06:13:12.748,0.86529,0.86536,1.00,1.12
2017.03.28 06:13:13.255,0.8653,0.86536,1.87,1.00
2017.03.28 06:13:15.639,0.8653,0.86538,1.87,1.50
2017.03.28 06:13:18.435,0.8653,0.86537,1.87,1.50
2017.03.28 06:13:18.486,0.8653,0.86535,1.00,1.12
2017.03.28 06:13:19.019,0.8653,0.86537,1.31,1.87
2017.03.28 06:13:19.578,0.86529,0.86537,2.06,1.87
2017.03.28 06:13:20.179,0.86531,0.86537,1.12,1.50
2017.03.28 06:13:22.188,0.8653,0.86537,2.81,1.37
2017.03.28 06:13:24.812,0.8653,0.86538,1.87,1.50
2017.03.28 06:13:25.169,0.86532,0.86538,1.12,1.12
2017.03.28 06:13:25.716,0.86532,0.86538,1.12,1.50
2017.03.28 06:13:26.237,0.86531,0.86538,1.00,1.50
2017.03.28 06:13:26.846,0.86531,0.86539,2.81,1.50
2017.03.28 06:13:27.405,0.86532,0.86539,2.06,1.00
2017.03.28 06:13:27.916,0.86533,0.86539,1.12,1.00
2017.03.28 06:13:28.954,0.86532,0.86539,2.06,1.00
2017.03.28 06:13:29.276,0.86532,0.86536,1.00,1.00
2017.03.28 06:13:29.330,0.86529,0.86535,1.25,1.12
2017.03.28 06:13:29.532,0.86529,0.86533,1.25,1.00
2017.03.28 06:13:30.039,0.86528,0.86532,1.25,1.00
2017.03.28 06:13:30.561,0.86526,0.86534,1.19,1.50
2017.03.28 06:13:32.476,0.86525,0.86534,2.81,1.50
2017.03.28 06:13:33.236,0.86527,0.86535,1.50,4.12
2017.03.28 06:13:33.447,0.86525,0.86532,1.25,1.00
2017.03.28 06:13:33.953,0.86525,0.86532,1.25,1.50
2017.03.28 06:13:35.634,0.86526,0.86532,1.00,1.50
2017.03.28 06:13:35.736,0.86526,0.86533,1.00,1.50
2017.03.28 06:13:35.788,0.86523,0.86533,1.25,4.87
2017.03.28 06:13:40.122,0.86527,0.86532,1.50,1.37
2017.03.28 06:13:40.173,0.86525,0.86534,1.50,1.87
2017.03.28 06:13:40.682,0.86525,0.86535,2.25,1.87
2017.03.28 06:13:42.118,0.86525,0.86535,1.50,1.87
2017.03.28 06:13:42.932,0.86526,0.86535,3.94,1.37
2017.03.28 06:13:43.440,0.86527,0.86536,1.50,1.87
2017.03.28 06:13:45.240,0.86526,0.86536,3.50,1.37
2017.03.28 06:13:46.631,0.86529,0.86536,1.50,1.37
2017.03.28 06:13:47.161,0.86528,0.86537,1.50,1.37
2017.03.28 06:13:54.382,0.86526,0.86536,2.38,1.87
2017.03.28 06:13:54.484,0.86525,0.86533,1.37,1.12
2017.03.28 06:13:55.018,0.86524,0.86534,4.31,1.87
2017.03.28 06:13:55.618,0.86524,0.86535,1.31,3.75
2017.03.28 06:13:57.665,0.86524,0.86534,2.81,1.87
2017.03.28 06:13:57.970,0.86523,0.86533,1.69,2.62
2017.03.28 06:13:58.477,0.86523,0.86533,1.19,1.12
2017.03.28 06:13:58.980,0.86523,0.86533,2.44,2.62
2017.03.28 06:13:59.641,0.86523,0.86532,2.44,1.00
2017.03.28 06:14:03.180,0.86524,0.86533,1.50,1.12
2017.03.28 06:14:04.337,0.86523,0.86533,1.25,3.37
2017.03.28 06:14:05.265,0.86522,0.86532,3.00,2.25
2017.03.28 06:14:05.568,0.86521,0.8653,2.25,1.50
2017.03.28 06:14:06.136,0.86521,0.8653,1.87,1.50
2017.03.28 06:14:06.645,0.86521,0.8653,1.87,1.50
2017.03.28 06:14:08.612,0.86523,0.86531,1.87,1.00
2017.03.28 06:14:08.917,0.86523,0.86533,4.12,1.50
2017.03.28 06:14:09.637,0.86523,0.86534,2.62,1.12
2017.03.28 06:14:10.279,0.86523,0.86533,1.87,1.00
2017.03.28 06:14:10.785,0.86523,0.86534,3.75,1.87
2017.03.28 06:14:11.089,0.86523,0.86533,1.87,4.12
2017.03.28 06:14:11.190,0.86523,0.86534,2.62,3.37
2017.03.28 06:14:11.292,0.86523,0.86533,1.87,1.00
2017.03.28 06:14:12.471,0.86523,0.86532,2.62,1.00
2017.03.28 06:14:12.978,0.86523,0.86532,1.50,1.87
2017.03.28 06:14:13.507,0.86524,0.86533,1.50,1.00
2017.03.28 06:14:14.017,0.86524,0.86534,1.50,1.50
2017.03.28 06:14:17.384,0.86526,0.86534,1.00,1.00
2017.03.28 06:14:17.945,0.86527,0.86536,1.87,1.00
2017.03.28 06:14:17.996,0.8653,0.86538,1.50,1.12
2017.03.28 06:14:18.303,0.86534,0.86538,1.00,1.12
2017.03.28 06:14:18.356,0.86531,0.86538,1.19,1.00
2017.03.28 06:14:18.407,0.8653,0.8654,2.44,2.25
2017.03.28 06:14:18.562,0.86533,0.86541,1.00,1.50
2017.03.28 06:14:18.866,0.86531,0.8654,1.00,1.50
2017.03.28 06:14:19.188,0.86533,0.8654,1.00,2.25
2017.03.28 06:14:20.197,0.86532,0.86541,1.25,1.50
2017.03.28 06:14:21.302,0.86533,0.8654,1.00,1.12
2017.03.28 06:14:23.479,0.86535,0.8654,1.00,1.12
2017.03.28 06:14:23.581,0.86533,0.8654,1.00,1.00
2017.03.28 06:14:23.683,0.86531,0.8654,2.25,2.25
2017.03.28 06:14:23.784,0.86531,0.86538,1.50,1.00
2017.03.28 06:14:24.089,0.8653,0.86534,1.25,1.00
2017.03.28 06:14:24.191,0.86528,0.86534,1.25,1.00
2017.03.28 06:14:24.293,0.86526,0.86534,2.06,1.00
2017.03.28 06:14:25.311,0.86527,0.86534,1.00,1.00
2017.03.28 06:14:25.819,0.86526,0.86534,1.69,1.00
2017.03.28 06:14:26.351,0.86526,0.86535,1.69,3.37
2017.03.28 06:14:27.629,0.86526,0.86533,1.00,1.00
2017.03.28 06:14:31.257,0.86526,0.86532,1.00,1.00
2017.03.28 06:14:31.308,0.86524,0.86532,1.00,1.00
2017.03.28 06:14:31.815,0.86524,0.86532,1.00,2.25
2017.03.28 06:14:32.335,0.86525,0.86532,1.25,1.12
2017.03.28 06:14:33.378,0.86526,0.86532,1.00,1.12
2017.03.28 06:14:35.295,0.86524,0.86533,1.19,2.25
2017.03.28 06:14:35.843,0.86524,0.86531,1.00,1.12
2017.03.28 06:14:36.493,0.86525,0.86531,1.00,1.12
2017.03.28 06:14:36.646,0.86524,0.86533,1.69,1.12
2017.03.28 06:14:36.697,0.86526,0.86533,1.00,1.00
2017.03.28 06:14:36.799,0.86524,0.86533,1.31,1.00
2017.03.28 06:14:37.104,0.86524,0.86531,1.31,1.00
2017.03.28 06:14:37.410,0.86524,0.86534,1.31,1.12
2017.03.28 06:14:37.561,0.86526,0.86534,1.50,1.12
2017.03.28 06:14:38.097,0.86526,0.86535,2.06,1.12
2017.03.28 06:14:38.403,0.8653,0.86535,1.00,2.25
2017.03.28 06:14:38.810,0.86529,0.86537,2.44,1.00
2017.03.28 06:14:38.912,0.86531,0.86536,1.00,1.00
2017.03.28 06:14:39.594,0.86531,0.86537,1.00,1.00
2017.03.28 06:14:39.746,0.86531,0.8654,2.25,1.87
2017.03.28 06:14:40.101,0.86532,0.86538,1.00,1.00
2017.03.28 06:14:40.638,0.8653,0.86538,1.62,1.00
2017.03.28 06:14:41.169,0.8653,0.86538,1.12,1.00
2017.03.28 06:14:41.676,0.86529,0.86538,1.12,1.00
2017.03.28 06:14:42.057,0.8653,0.86536,1.50,1.00
2017.03.28 06:14:42.158,0.8653,0.86538,1.50,1.87
2017.03.28 06:14:42.210,0.86528,0.86536,1.50,1.00
2017.03.28 06:14:42.729,0.86528,0.86537,1.50,1.87
2017.03.28 06:14:43.637,0.86528,0.86538,1.50,1.12
2017.03.28 06:14:43.943,0.8653,0.86539,1.50,1.87
2017.03.28 06:14:44.454,0.86529,0.86538,3.19,1.00
2017.03.28 06:14:45.150,0.86529,0.86537,1.50,1.00
2017.03.28 06:14:46.759,0.86528,0.86537,1.12,1.50
2017.03.28 06:14:47.064,0.86527,0.86536,1.87,1.37
2017.03.28 06:14:47.620,0.86528,0.86536,1.50,1.37
2017.03.28 06:14:50.196,0.86526,0.86535,1.87,1.12
2017.03.28 06:14:50.707,0.86525,0.86534,3.37,1.00
2017.03.28 06:14:51.628,0.86525,0.86534,1.87,1.87
2017.03.28 06:14:51.730,0.86525,0.86535,3.00,1.87
2017.03.28 06:14:51.832,0.86525,0.86535,3.00,2.62
2017.03.28 06:14:52.846,0.86525,0.86535,3.00,2.62
2017.03.28 06:14:53.357,0.86526,0.86535,1.50,1.50
2017.03.28 06:14:54.910,0.86525,0.86534,1.00,2.62
2017.03.28 06:14:55.237,0.86521,0.8653,1.12,1.00
2017.03.28 06:14:55.796,0.8652,0.86531,4.87,3.00
2017.03.28 06:14:56.461,0.8652,0.8653,5.62,1.00
2017.03.28 06:14:58.221,0.86521,0.8653,2.25,1.00
2017.03.28 06:14:58.832,0.86521,0.8653,1.87,1.00
2017.03.28 06:14:59.138,0.86522,0.86531,6.94,1.50
2017.03.28 06:15:00.166,0.86522,0.86532,7.69,1.12
2017.03.28 06:15:00.704,0.86525,0.86532,1.00,1.00
2017.03.28 06:15:00.856,0.86525,0.86535,1.00,2.62
2017.03.28 06:15:00.907,0.86525,0.86532,1.00,1.00
2017.03.28 06:15:01.365,0.86522,0.8653,3.19,1.00
2017.03.28 06:15:01.670,0.86523,0.86532,4.12,1.12
2017.03.28 06:15:01.874,0.86522,0.8653,1.50,1.00
2017.03.28 06:15:02.192,0.86521,0.86532,3.00,2.62
2017.03.28 06:15:02.294,0.86522,0.86532,1.50,1.50
2017.03.28 06:15:03.970,0.86521,0.86531,2.25,1.00
2017.03.28 06:15:04.476,0.86521,0.86531,4.50,1.00
2017.03.28 06:15:05.051,0.86523,0.86532,1.12,1.00
2017.03.28 06:15:05.566,0.86522,0.8653,1.50,1.00
2017.03.28 06:15:05.870,0.86521,0.86531,2.62,1.00
2017.03.28 06:15:06.377,0.8652,0.8653,1.37,1.12
2017.03.28 06:15:06.529,0.86523,0.8653,1.00,1.00
2017.03.28 06:15:07.047,0.86523,0.86531,1.00,3.37
2017.03.28 06:15:08.874,0.86523,0.86531,1.00,2.25
2017.03.28 06:15:10.174,0.86523,0.86531,1.00,1.87
2017.03.28 06:15:10.277,0.86524,0.86532,1.00,1.12
2017.03.28 06:15:10.827,0.86524,0.86533,1.00,1.00
2017.03.28 06:15:11.339,0.86523,0.86533,3.00,1.50
2017.03.28 06:15:14.954,0.86524,0.86535,2.25,4.12
2017.03.28 06:15:15.005,0.86526,0.86535,1.87,2.25
2017.03.28 06:15:18.250,0.86524,0.86533,1.50,1.00
2017.03.28 06:15:18.301,0.86524,0.86532,1.00,1.00
2017.03.28 06:15:18.808,0.86523,0.86533,3.00,1.00
2017.03.28 06:15:19.362,0.86523,0.86534,4.12,1.50
2017.03.28 06:15:20.131,0.86526,0.86534,1.00,1.50
2017.03.28 06:15:20.638,0.86525,0.86534,1.00,1.37
2017.03.28 06:15:21.164,0.86525,0.86534,1.00,1.50
2017.03.28 06:15:21.671,0.86525,0.86533,1.00,1.00
2017.03.28 06:15:22.127,0.86527,0.86534,1.00,1.00
2017.03.28 06:15:22.648,0.86526,0.86536,1.00,1.87
2017.03.28 06:15:23.257,0.86526,0.86534,1.00,1.00
2017.03.28 06:15:23.787,0.86526,0.86535,1.00,1.00
2017.03.28 06:15:24.321,0.86526,0.86535,1.00,1.50
2017.03.28 06:15:24.882,0.86526,0.86535,1.00,1.50
2017.03.28 06:15:25.200,0.86528,0.86536,1.00,1.37
2017.03.28 06:15:25.724,0.86528,0.86536,1.00,1.12
2017.03.28 06:15:26.230,0.86527,0.86536,1.00,1.87
2017.03.28 06:15:26.895,0.86526,0.86535,1.12,1.87
2017.03.28 06:15:27.570,0.86526,0.86536,1.00,2.25
2017.03.28 06:15:29.272,0.86526,0.86534,1.00,1.00
2017.03.28 06:15:31.739,0.86525,0.86534,1.12,1.00
2017.03.28 06:15:33.190,0.86526,0.86535,1.00,1.37
2017.03.28 06:15:33.715,0.86527,0.86536,1.00,4.12
2017.03.28 06:15:34.942,0.86527,0.86536,1.00,2.25
2017.03.28 06:15:36.619,0.86527,0.86537,1.00,2.62
2017.03.28 06:15:36.979,0.8653,0.86537,1.00,1.87
2017.03.28 06:15:38.023,0.86528,0.86536,1.00,1.00
2017.03.28 06:15:38.531,0.86528,0.86537,1.00,1.50
2017.03.28 06:15:40.932,0.86529,0.86538,1.00,1.00
2017.03.28 06:15:41.448,0.8653,0.86539,1.00,1.87
2017.03.28 06:15:42.702,0.8653,0.86537,1.00,1.00
2017.03.28 06:15:43.239,0.86529,0.86539,1.50,2.25
2017.03.28 06:15:43.291,0.86533,0.86539,1.00,1.00
2017.03.28 06:15:43.443,0.86533,0.86542,1.00,1.87
2017.03.28 06:15:43.950,0.86533,0.86542,1.00,1.50
2017.03.28 06:15:44.203,0.86532,0.86541,1.00,1.87
2017.03.28 06:15:45.149,0.86534,0.86541,1.00,1.37
2017.03.28 06:15:45.352,0.86532,0.86541,1.00,1.37
2017.03.28 06:15:47.173,0.86532,0.8654,1.50,1.37
2017.03.28 06:15:47.874,0.86534,0.8654,1.00,1.37
2017.03.28 06:15:48.418,0.86533,0.86541,1.00,4.12
2017.03.28 06:15:49.046,0.86535,0.86541,1.00,4.12
2017.03.28 06:15:50.074,0.86534,0.86541,1.00,4.12
2017.03.28 06:15:51.070,0.86534,0.86541,1.50,4.12
2017.03.28 06:15:52.174,0.86534,0.86541,1.00,4.12
2017.03.28 06:15:52.377,0.86532,0.86541,1.50,4.12
2017.03.28 06:15:53.086,0.86531,0.8654,1.12,1.50
2017.03.28 06:15:57.311,0.86533,0.86541,1.00,5.62
2017.03.28 06:15:57.413,0.86533,0.86542,1.00,1.50
2017.03.28 06:15:57.465,0.86535,0.86544,1.00,4.12
2017.03.28 06:15:57.677,0.86537,0.86545,1.12,1.00
2017.03.28 06:15:57.981,0.86538,0.86548,1.00,3.00
2017.03.28 06:15:58.488,0.86538,0.86548,1.00,1.87
2017.03.28 06:15:59.047,0.86539,0.86548,1.00,1.00
2017.03.28 06:15:59.703,0.86538,0.86547,1.12,1.00
2017.03.28 06:16:00.219,0.86538,0.86548,1.12,1.87
2017.03.28 06:16:00.798,0.86537,0.86547,1.87,1.00
2017.03.28 06:16:02.863,0.86537,0.86547,1.87,1.37
2017.03.28 06:16:03.319,0.86539,0.86549,1.12,1.12
2017.03.28 06:16:03.919,0.86539,0.8655,1.87,2.25
2017.03.28 06:16:05.100,0.8654,0.8655,1.50,1.37
2017.03.28 06:16:05.610,0.8654,0.8655,1.50,1.37
2017.03.28 06:16:06.122,0.8654,0.8655,1.50,1.00
2017.03.28 06:16:07.531,0.8654,0.8655,1.50,1.37
2017.03.28 06:16:08.037,0.8654,0.86548,1.75,1.00
2017.03.28 06:16:08.588,0.8654,0.8655,1.75,2.25
2017.03.28 06:16:09.121,0.8654,0.8655,1.75,2.25
2017.03.28 06:16:09.627,0.8654,0.8655,1.75,1.50
2017.03.28 06:16:10.325,0.8654,0.8655,1.50,1.87
2017.03.28 06:16:12.112,0.86541,0.8655,1.87,1.12
2017.03.28 06:16:12.214,0.86542,0.86552,1.50,1.50
2017.03.28 06:16:12.317,0.86542,0.86553,3.00,3.37
2017.03.28 06:16:12.865,0.86542,0.86553,3.00,2.62
2017.03.28 06:16:13.373,0.86544,0.86554,1.87,1.87
2017.03.28 06:16:13.706,0.86544,0.86555,1.87,3.00
2017.03.28 06:16:14.562,0.86544,0.86554,1.87,1.00
2017.03.28 06:16:15.365,0.86546,0.86555,1.12,1.87
2017.03.28 06:16:15.886,0.86545,0.86554,1.00,1.12
2017.03.28 06:16:17.240,0.86544,0.86554,1.87,1.87
2017.03.28 06:16:17.342,0.86544,0.86555,2.62,3.75
2017.03.28 06:16:17.595,0.86546,0.86555,1.37,1.00
2017.03.28 06:16:17.900,0.86546,0.86555,1.75,2.25
2017.03.28 06:16:18.529,0.86546,0.86555,1.75,1.12
2017.03.28 06:16:19.037,0.86546,0.86556,1.75,1.87
2017.03.28 06:16:19.545,0.86546,0.86555,1.75,1.00
2017.03.28 06:16:20.067,0.86546,0.86556,1.75,1.87
2017.03.28 06:16:20.613,0.86546,0.86556,1.75,1.87
2017.03.28 06:16:20.920,0.86547,0.86557,1.75,1.50
2017.03.28 06:16:21.174,0.86546,0.86556,1.12,4.12
2017.03.28 06:16:21.225,0.86547,0.86556,1.00,4.50
2017.03.28 06:16:21.762,0.86547,0.86556,1.50,2.25
2017.03.28 06:16:21.915,0.86546,0.86557,1.75,1.50
2017.03.28 06:16:22.742,0.86546,0.86557,1.75,2.25
2017.03.28 06:16:23.269,0.86546,0.86557,2.25,6.75
2017.03.28 06:16:31.718,0.86547,0.86557,1.87,1.00
2017.03.28 06:16:32.320,0.86547,0.86557,2.62,1.00
2017.03.28 06:16:33.133,0.86549,0.86558,1.12,1.50
2017.03.28 06:16:33.717,0.8655,0.86558,1.00,1.00
2017.03.28 06:16:34.259,0.86551,0.86559,1.12,1.12
2017.03.28 06:16:34.666,0.86552,0.86562,1.00,3.00
2017.03.28 06:16:35.172,0.86552,0.86559,1.00,1.00
2017.03.28 06:16:35.694,0.86552,0.86561,1.50,1.50
2017.03.28 06:16:39.340,0.86552,0.86559,1.12,1.00
2017.03.28 06:16:42.985,0.8655,0.86558,1.50,1.00
2017.03.28 06:16:43.087,0.86549,0.86557,1.87,1.00
2017.03.28 06:16:43.660,0.86549,0.86558,1.12,6.37
2017.03.28 06:16:45.370,0.86548,0.86557,1.50,1.00
2017.03.28 06:16:47.072,0.86547,0.86556,3.00,1.00
2017.03.28 06:16:52.695,0.86547,0.86558,4.87,1.12
2017.03.28 06:16:53.322,0.86548,0.86558,1.50,1.50
2017.03.28 06:16:56.138,0.86547,0.86557,3.75,1.37
2017.03.28 06:17:00.142,0.86547,0.86555,2.62,1.00
2017.03.28 06:17:01.499,0.86546,0.86554,2.25,1.00
2017.03.28 06:17:02.074,0.86546,0.86554,1.75,1.00
2017.03.28 06:17:02.433,0.86544,0.86552,1.75,1.00
2017.03.28 06:17:02.702,0.86544,0.86552,1.50,1.00
2017.03.28 06:17:03.108,0.86544,0.86552,2.25,1.00
2017.03.28 06:17:04.999,0.86544,0.86554,1.75,2.62
2017.03.28 06:17:06.298,0.86546,0.86551,1.37,1.00
2017.03.28 06:17:06.603,0.86538,0.86546,2.25,2.25
2017.03.28 06:17:06.778,0.86536,0.86544,2.62,1.00
2017.03.28 06:17:06.930,0.86535,0.86544,2.25,1.50
2017.03.28 06:17:07.732,0.86537,0.86544,1.00,1.00
2017.03.28 06:17:09.897,0.86537,0.86545,1.00,1.00
2017.03.28 06:17:10.727,0.86537,0.86546,1.12,2.62
2017.03.28 06:17:11.231,0.86538,0.86546,1.50,1.12
2017.03.28 06:17:11.763,0.86537,0.86545,1.00,1.00
2017.03.28 06:17:14.164,0.86538,0.86545,1.00,1.00
2017.03.28 06:17:14.687,0.86538,0.86546,1.00,1.50
2017.03.28 06:17:15.194,0.86537,0.86547,1.50,1.87
2017.03.28 06:17:15.681,0.86539,0.86548,1.00,4.50
2017.03.28 06:17:16.188,0.8654,0.86548,1.00,3.75
2017.03.28 06:17:16.494,0.86538,0.86547,1.00,4.87
2017.03.28 06:17:18.005,0.86538,0.86547,3.00,1.00
2017.03.28 06:17:18.929,0.86539,0.86547,1.00,1.12
2017.03.28 06:17:20.787,0.86538,0.86547,1.12,1.12
2017.03.28 06:17:21.809,0.86538,0.86543,1.00,1.00
2017.03.28 06:17:22.115,0.86533,0.86542,4.50,7.12
2017.03.28 06:17:22.166,0.86533,0.86542,3.37,2.62
2017.03.28 06:17:22.371,0.86533,0.86544,1.87,3.00
2017.03.28 06:17:23.351,0.86535,0.86544,1.50,2.62
2017.03.28 06:17:23.878,0.86535,0.86544,1.50,1.50
2017.03.28 06:17:24.487,0.86535,0.86544,1.50,1.37
2017.03.28 06:17:26.931,0.86535,0.86543,1.50,1.12
2017.03.28 06:17:28.137,0.86535,0.86544,1.50,1.50
2017.03.28 06:17:28.646,0.86536,0.86544,1.50,1.00
2017.03.28 06:17:28.836,0.86538,0.86545,1.00,1.37
2017.03.28 06:17:29.345,0.86538,0.86546,1.12,1.50
2017.03.28 06:17:31.664,0.86539,0.86547,1.00,1.37
2017.03.28 06:17:32.780,0.86541,0.86547,1.00,1.37
2017.03.28 06:17:32.831,0.86538,0.86547,1.87,1.50
2017.03.28 06:17:35.853,0.86537,0.86545,1.75,1.37
2017.03.28 06:17:37.974,0.86535,0.86543,1.87,1.50
2017.03.28 06:17:38.078,0.86536,0.86542,1.00,1.50
2017.03.28 06:17:38.129,0.86532,0.86542,4.12,2.25
2017.03.28 06:17:38.181,0.86534,0.86542,1.00,3.00
2017.03.28 06:17:38.724,0.86532,0.8654,1.50,1.00
2017.03.28 06:17:39.028,0.86531,0.86539,1.50,1.37
2017.03.28 06:17:41.129,0.86533,0.8654,1.50,1.00
2017.03.28 06:17:41.281,0.86533,0.86541,2.25,1.00
2017.03.28 06:17:41.383,0.86533,0.86543,1.87,2.62
2017.03.28 06:17:43.163,0.86534,0.8654,1.37,1.50
2017.03.28 06:17:43.417,0.86533,0.86542,1.50,1.87
2017.03.28 06:17:43.620,0.86534,0.86542,1.50,1.50
2017.03.28 06:17:44.127,0.86535,0.86543,1.00,1.00
2017.03.28 06:17:45.037,0.86536,0.86544,1.00,2.62
2017.03.28 06:17:45.189,0.86536,0.86546,1.00,5.81
2017.03.28 06:17:45.392,0.86539,0.86546,1.00,1.50
2017.03.28 06:17:45.646,0.86538,0.86548,1.75,1.87
2017.03.28 06:17:48.280,0.86538,0.86547,1.75,1.00
2017.03.28 06:17:48.786,0.86537,0.86546,1.37,1.00
2017.03.28 06:17:49.773,0.86537,0.86546,1.37,1.87
2017.03.28 06:17:50.313,0.86537,0.86546,1.37,1.87
2017.03.28 06:17:50.820,0.86537,0.86546,1.37,1.50
2017.03.28 06:17:53.875,0.86537,0.86546,1.37,1.50
2017.03.28 06:17:55.150,0.86537,0.86546,1.37,1.50
2017.03.28 06:17:56.075,0.86537,0.86547,2.62,2.62
2017.03.28 06:17:56.418,0.86537,0.86548,2.62,1.87
2017.03.28 06:17:58.630,0.86538,0.86547,1.87,1.00
2017.03.28 06:17:59.088,0.86536,0.86544,3.00,1.00
2017.03.28 06:17:59.628,0.86536,0.86544,1.12,1.00
2017.03.28 06:17:59.932,0.86536,0.86542,1.12,1.00
2017.03.28 06:18:00.718,0.86536,0.86544,1.12,1.00
2017.03.28 06:18:00.870,0.86538,0.86546,2.25,1.00
2017.03.28 06:18:01.073,0.86539,0.86547,1.50,1.00
2017.03.28 06:18:01.732,0.86538,0.86545,1.12,1.00
2017.03.28 06:18:01.885,0.86537,0.86545,1.37,1.00
2017.03.28 06:18:02.116,0.86537,0.86543,1.12,1.00
2017.03.28 06:18:02.635,0.86535,0.86542,1.87,1.00
2017.03.28 06:18:09.043,0.86536,0.86544,1.87,1.00
2017.03.28 06:18:09.348,0.86538,0.86546,1.00,1.00
2017.03.28 06:18:09.869,0.86537,0.86546,3.00,1.00
2017.03.28 06:18:12.154,0.86537,0.86545,1.87,1.00
2017.03.28 06:18:14.286,0.86536,0.86544,3.75,1.00
2017.03.28 06:18:14.794,0.86536,0.86544,3.00,1.00
2017.03.28 06:18:15.869,0.86536,0.86543,1.75,1.12
2017.03.28 06:18:16.021,0.86534,0.86542,3.00,1.00
2017.03.28 06:18:16.527,0.86533,0.86541,2.62,1.00
2017.03.28 06:18:20.880,0.86533,0.86541,4.12,1.00
2017.03.28 06:18:23.306,0.86537,0.86541,1.00,1.00
2017.03.28 06:18:23.357,0.86537,0.86543,1.50,1.00
2017.03.28 06:18:23.408,0.86539,0.86543,1.00,1.00
2017.03.28 06:18:24.380,0.86535,0.86543,3.00,1.00
2017.03.28 06:18:24.887,0.86535,0.86543,1.75,1.00
2017.03.28 06:18:29.571,0.86535,0.86542,1.12,1.00
2017.03.28 06:18:29.673,0.86536,0.8654,1.00,1.00
2017.03.28 06:18:29.826,0.86532,0.8654,3.37,1.00
2017.03.28 06:18:30.709,0.86534,0.86539,1.50,1.00
2017.03.28 06:18:31.241,0.86533,0.86539,1.37,1.00
2017.03.28 06:18:36.935,0.86532,0.86538,1.07,1.00
2017.03.28 06:18:37.442,0.86531,0.86539,3.69,1.00
2017.03.28 06:18:37.847,0.8653,0.86538,1.50,1.00
2017.03.28 06:18:38.151,0.86529,0.86536,2.19,1.00
2017.03.28 06:18:38.667,0.8653,0.86537,3.32,1.00
2017.03.28 06:18:45.035,0.86529,0.86536,2.62,1.00
2017.03.28 06:18:56.091,0.86529,0.86535,1.50,1.00
2017.03.28 06:18:56.480,0.86526,0.86534,2.62,1.00
2017.03.28 06:18:57.797,0.86526,0.86532,1.12,1.00
2017.03.28 06:18:57.848,0.86526,0.86534,1.12,1.00
2017.03.28 06:18:58.362,0.86525,0.86533,1.12,1.00
2017.03.28 06:19:00.587,0.86528,0.86535,1.87,1.00
2017.03.28 06:19:01.094,0.86529,0.86535,1.00,1.00
2017.03.28 06:19:06.135,0.86527,0.86536,4.87,1.00
2017.03.28 06:19:07.364,0.86528,0.86535,3.00,1.00
2017.03.28 06:19:07.567,0.86528,0.86537,2.62,1.00
2017.03.28 06:19:07.618,0.8653,0.86535,1.00,1.00
2017.03.28 06:19:07.924,0.86527,0.86533,1.12,1.00
2017.03.28 06:19:08.025,0.86525,0.86531,2.62,1.00
2017.03.28 06:19:08.538,0.86524,0.86532,2.25,1.00
2017.03.28 06:19:12.445,0.86524,0.86531,2.25,1.00
2017.03.28 06:19:14.220,0.86525,0.86529,1.00,1.00
2017.03.28 06:19:14.574,0.86525,0.86531,1.00,1.00
2017.03.28 06:19:15.080,0.86525,0.86532,1.00,1.00
2017.03.28 06:19:16.907,0.86525,0.86531,1.00,1.00
2017.03.28 06:19:17.415,0.86522,0.86529,1.12,1.00
2017.03.28 06:19:17.721,0.8652,0.86527,2.25,1.00
2017.03.28 06:19:18.246,0.8652,0.86528,1.87,1.00
2017.03.28 06:19:18.741,0.86521,0.86525,1.00,1.00
2017.03.28 06:19:18.944,0.86517,0.86524,1.87,1.00
2017.03.28 06:19:19.431,0.86517,0.86526,1.12,1.12
2017.03.28 06:19:19.938,0.86518,0.86526,2.25,1.00
2017.03.28 06:19:20.870,0.86518,0.86524,1.12,1.00
2017.03.28 06:19:21.326,0.86518,0.86523,1.00,1.00
2017.03.28 06:19:21.631,0.86518,0.86525,1.50,1.00
2017.03.28 06:19:22.155,0.86518,0.86526,1.50,1.00
2017.03.28 06:19:22.663,0.86518,0.86525,1.50,1.00
2017.03.28 06:19:23.171,0.86518,0.86525,1.50,1.00
2017.03.28 06:19:24.159,0.86518,0.86526,1.50,1.00
2017.03.28 06:19:26.162,0.86518,0.86526,2.25,1.00
2017.03.28 06:19:29.225,0.86519,0.86526,1.12,1.00
2017.03.28 06:19:29.770,0.86519,0.86526,1.50,1.00
2017.03.28 06:19:30.345,0.86519,0.86527,1.50,1.00
2017.03.28 06:19:30.548,0.86522,0.86527,1.50,1.00
2017.03.28 06:19:30.803,0.86522,0.8653,1.50,1.00
2017.03.28 06:19:31.335,0.86522,0.8653,2.25,1.00
2017.03.28 06:19:31.745,0.86521,0.86528,1.87,1.00
2017.03.28 06:19:32.241,0.8652,0.86524,1.00,1.00
2017.03.28 06:19:32.343,0.86518,0.86523,1.12,1.00
2017.03.28 06:19:32.547,0.86517,0.86525,1.87,1.00
2017.03.28 06:19:34.139,0.86518,0.86526,1.87,1.00
2017.03.28 06:19:34.565,0.86518,0.86526,2.25,1.00
2017.03.28 06:19:36.433,0.86519,0.86527,2.25,1.00
2017.03.28 06:19:40.849,0.86519,0.86528,2.25,1.00
2017.03.28 06:19:43.447,0.86519,0.86527,2.62,1.50
2017.03.28 06:19:43.758,0.86514,0.86521,1.87,1.00
2017.03.28 06:19:43.860,0.86514,0.86521,2.62,1.00
2017.03.28 06:19:44.115,0.86513,0.86518,1.50,1.00
2017.03.28 06:19:44.267,0.8651,0.86515,1.50,1.00
2017.03.28 06:19:44.369,0.86508,0.86516,2.62,1.50
2017.03.28 06:19:45.522,0.8651,0.86516,1.50,1.00
2017.03.28 06:19:45.573,0.8651,0.86519,3.00,1.00
2017.03.28 06:19:46.098,0.8651,0.86518,3.37,1.00
2017.03.28 06:19:46.251,0.8651,0.86516,1.37,1.00
2017.03.28 06:19:46.557,0.86508,0.86514,1.50,1.00
2017.03.28 06:19:47.065,0.86508,0.86515,1.12,1.00
2017.03.28 06:19:47.768,0.86508,0.86516,1.12,1.00
2017.03.28 06:19:48.309,0.86508,0.86515,1.00,1.00
2017.03.28 06:19:48.614,0.86506,0.86512,1.50,1.50
2017.03.28 06:19:49.116,0.86506,0.86512,1.00,1.50
2017.03.28 06:19:49.988,0.86506,0.86511,1.00,1.00
2017.03.28 06:19:50.704,0.86506,0.86512,1.00,1.00
2017.03.28 06:19:51.211,0.86507,0.86513,1.00,1.00
2017.03.28 06:19:53.306,0.86506,0.86513,1.00,1.00
2017.03.28 06:19:53.459,0.86506,0.86516,1.75,1.87
2017.03.28 06:19:58.188,0.86507,0.86517,4.12,1.87
2017.03.28 06:19:58.721,0.86507,0.86517,5.62,1.50
2017.03.28 06:20:00.496,0.86509,0.86518,1.12,1.12
2017.03.28 06:20:00.700,0.86507,0.86517,1.75,2.25
2017.03.28 06:20:01.003,0.86507,0.86513,1.00,1.00
2017.03.28 06:20:01.509,0.86506,0.86513,1.00,1.00
2017.03.28 06:20:02.877,0.86507,0.86514,1.00,1.50
2017.03.28 06:20:03.442,0.86507,0.86514,1.37,1.12
2017.03.28 06:20:04.975,0.86507,0.86513,1.37,1.00
2017.03.28 06:20:05.128,0.86507,0.86516,3.00,1.50
2017.03.28 06:20:05.280,0.86508,0.86518,3.37,1.87
2017.03.28 06:20:05.433,0.8651,0.86519,6.37,1.37
2017.03.28 06:20:05.779,0.86512,0.86521,1.00,1.00
2017.03.28 06:20:06.296,0.86511,0.86521,2.62,1.00
2017.03.28 06:20:06.759,0.86511,0.86519,2.62,1.00
2017.03.28 06:20:07.216,0.8651,0.86517,1.12,1.00
2017.03.28 06:20:07.520,0.86506,0.86516,3.19,1.50
2017.03.28 06:20:07.672,0.86506,0.86516,2.44,1.50
2017.03.28 06:20:08.187,0.86507,0.86516,2.25,1.50
2017.03.28 06:20:08.989,0.86506,0.86516,5.81,1.50
2017.03.28 06:20:09.041,0.86507,0.86516,1.37,1.50
2017.03.28 06:20:09.579,0.86508,0.86516,1.50,1.00
2017.03.28 06:20:10.076,0.86506,0.86516,6.19,1.50
2017.03.28 06:20:17.505,0.86506,0.86515,2.44,1.00
2017.03.28 06:20:18.213,0.86506,0.86514,2.25,1.00
2017.03.28 06:20:19.220,0.86506,0.86514,1.37,1.50
2017.03.28 06:20:19.726,0.86506,0.86514,1.87,1.00
2017.03.28 06:20:25.684,0.86507,0.86513,1.12,1.00
2017.03.28 06:20:25.887,0.86506,0.86515,1.50,1.00
2017.03.28 06:20:26.811,0.86506,0.8651,1.50,1.00
2017.03.28 06:20:27.217,0.86506,0.86512,1.00,1.12
2017.03.28 06:20:28.394,0.86506,0.86511,1.00,1.00
2017.03.28 06:20:28.496,0.86507,0.86513,1.00,1.00
2017.03.28 06:20:28.598,0.86506,0.86515,1.00,1.00
2017.03.28 06:20:37.852,0.86506,0.86514,1.12,1.00
2017.03.28 06:20:38.359,0.86507,0.86515,1.00,1.12
2017.03.28 06:20:42.457,0.86506,0.86512,1.87,1.00
2017.03.28 06:20:42.969,0.86507,0.86513,1.00,1.12
2017.03.28 06:20:43.273,0.86506,0.86515,1.12,1.00
2017.03.28 06:20:43.805,0.86506,0.86515,3.00,1.00
2017.03.28 06:20:51.269,0.86506,0.86516,2.62,1.12
2017.03.28 06:20:51.775,0.86508,0.86517,1.00,1.00
2017.03.28 06:20:52.191,0.86508,0.86515,1.37,1.00
2017.03.28 06:20:52.394,0.86508,0.86517,1.37,1.00
2017.03.28 06:20:52.900,0.86509,0.86518,1.12,1.50
2017.03.28 06:20:53.420,0.86509,0.86517,1.87,1.00
2017.03.28 06:20:53.521,0.86509,0.86517,1.37,1.00
2017.03.28 06:20:53.623,0.86509,0.86517,1.50,1.00
2017.03.28 06:20:53.981,0.86509,0.86513,1.12,1.00
2017.03.28 06:20:54.235,0.86506,0.86512,1.87,1.00
2017.03.28 06:20:54.286,0.86506,0.86514,1.87,1.00
2017.03.28 06:20:54.439,0.86506,0.86514,2.62,1.00
2017.03.28 06:20:55.055,0.86507,0.86515,1.00,1.00
2017.03.28 06:20:58.176,0.86507,0.86515,3.00,1.00
2017.03.28 06:20:59.203,0.86508,0.86517,1.37,1.00
2017.03.28 06:20:59.457,0.8651,0.86519,1.87,1.87
2017.03.28 06:20:59.999,0.86511,0.86519,1.00,1.12
2017.03.28 06:21:01.609,0.86514,0.8652,1.00,1.00
2017.03.28 06:21:01.899,0.8652,0.86528,1.00,1.12
2017.03.28 06:21:02.305,0.8652,0.86531,1.50,4.31
2017.03.28 06:21:02.811,0.86521,0.8653,1.00,1.00
2017.03.28 06:21:03.345,0.86521,0.86531,1.50,3.94
2017.03.28 06:21:04.924,0.86521,0.8653,1.50,1.50
2017.03.28 06:21:05.514,0.86521,0.86531,1.50,3.94
2017.03.28 06:21:06.257,0.86521,0.86529,1.00,1.50
2017.03.28 06:21:06.562,0.86518,0.86526,1.50,1.50
2017.03.28 06:21:07.105,0.86518,0.86526,1.00,1.50
2017.03.28 06:21:07.664,0.86518,0.86526,1.00,2.25
2017.03.28 06:21:08.196,0.86518,0.86525,1.00,1.37
2017.03.28 06:21:08.602,0.86516,0.86525,1.12,2.62
2017.03.28 06:21:09.324,0.86517,0.86525,1.00,1.87
2017.03.28 06:21:09.426,0.86517,0.86526,1.00,1.00
2017.03.28 06:21:10.189,0.86517,0.86527,1.00,4.50
2017.03.28 06:21:14.304,0.86517,0.86526,1.00,1.00
2017.03.28 06:21:14.894,0.86517,0.86527,1.00,3.75
2017.03.28 06:21:15.401,0.86517,0.86527,1.50,1.12
2017.03.28 06:21:21.609,0.86517,0.86528,1.87,2.62
2017.03.28 06:21:22.878,0.86518,0.86528,1.12,2.62
2017.03.28 06:21:23.520,0.86518,0.86528,1.50,1.87
2017.03.28 06:21:24.140,0.8652,0.86528,1.00,1.12
2017.03.28 06:21:24.684,0.86522,0.8653,1.00,1.87
2017.03.28 06:21:25.191,0.86522,0.86531,1.00,1.87
2017.03.28 06:21:25.749,0.86522,0.86532,1.12,3.19
2017.03.28 06:21:26.637,0.86522,0.86531,1.12,1.00
2017.03.28 06:21:27.172,0.86522,0.86532,1.12,4.12
2017.03.28 06:21:28.802,0.86522,0.86531,1.12,1.00
2017.03.28 06:21:29.540,0.86522,0.86532,1.12,4.12
2017.03.28 06:21:30.199,0.86522,0.86531,1.12,1.00
2017.03.28 06:21:30.704,0.86522,0.8653,1.12,1.00
2017.03.28 06:21:31.110,0.8652,0.8653,1.87,1.87
2017.03.28 06:21:31.618,0.86521,0.8653,1.00,1.87
2017.03.28 06:21:34.746,0.86522,0.86531,1.00,1.87
2017.03.28 06:21:35.261,0.86522,0.86531,1.00,1.12
2017.03.28 06:21:36.120,0.86522,0.86531,1.50,1.50
2017.03.28 06:21:36.222,0.86524,0.86532,1.00,1.12
2017.03.28 06:21:36.627,0.86525,0.86534,1.12,1.12
2017.03.28 06:21:41.968,0.86524,0.86533,1.00,4.12
2017.03.28 06:21:42.327,0.86522,0.86531,1.50,1.00
2017.03.28 06:21:42.429,0.86521,0.8653,1.50,1.00
2017.03.28 06:21:42.938,0.86522,0.86532,1.12,3.00
2017.03.28 06:21:43.938,0.86522,0.8653,1.12,1.00
2017.03.28 06:21:48.957,0.86522,0.86532,1.87,1.87
2017.03.28 06:21:50.160,0.86524,0.86533,1.00,4.87
2017.03.28 06:21:51.468,0.86527,0.86533,1.00,4.87
2017.03.28 06:21:51.520,0.86527,0.86534,1.00,1.37
2017.03.28 06:21:51.847,0.86525,0.86534,1.12,2.62
2017.03.28 06:21:52.651,0.86525,0.86534,1.00,2.62
2017.03.28 06:21:53.189,0.86524,0.86533,1.12,2.62
2017.03.28 06:21:53.698,0.86523,0.86533,1.50,4.87
2017.03.28 06:21:55.566,0.86523,0.86533,1.50,4.87
2017.03.28 06:21:56.083,0.86524,0.86533,1.00,1.50
2017.03.28 06:21:56.593,0.86524,0.86533,1.50,1.87
2017.03.28 06:21:57.343,0.86524,0.86533,1.50,1.00
2017.03.28 06:21:57.876,0.86524,0.86534,1.50,2.25
2017.03.28 06:21:58.409,0.86525,0.86533,1.00,1.00
2017.03.28 06:21:58.664,0.86525,0.86533,1.00,1.75
2017.03.28 06:22:00.257,0.86525,0.86533,1.00,3.00
2017.03.28 06:22:00.767,0.86525,0.86533,1.00,2.62
2017.03.28 06:22:04.276,0.86525,0.86533,1.00,3.37
2017.03.28 06:22:06.663,0.86524,0.86533,1.00,4.87
2017.03.28 06:22:07.170,0.86523,0.86532,1.50,2.25
2017.03.28 06:22:07.682,0.86523,0.86531,1.00,1.87
2017.03.28 06:22:08.020,0.86519,0.86527,3.00,1.37
2017.03.28 06:22:08.526,0.86519,0.86528,1.37,1.50
2017.03.28 06:22:13.502,0.8652,0.86528,1.12,1.00
2017.03.28 06:22:14.756,0.86521,0.86529,1.00,1.37
2017.03.28 06:22:15.061,0.86529,0.86533,1.00,1.00
2017.03.28 06:22:15.227,0.86531,0.86538,1.00,1.12
2017.03.28 06:22:15.430,0.86533,0.8654,1.00,1.50
2017.03.28 06:22:15.634,0.86531,0.86541,1.00,2.62
2017.03.28 06:22:15.888,0.86531,0.86538,1.00,1.50
2017.03.28 06:22:15.939,0.86529,0.86538,1.12,1.50
2017.03.28 06:22:16.480,0.86528,0.86537,1.50,1.50
2017.03.28 06:22:19.704,0.86527,0.86537,1.50,2.44
2017.03.28 06:22:20.225,0.86526,0.86536,1.00,1.87
2017.03.28 06:22:20.749,0.86526,0.86535,1.00,1.25
2017.03.28 06:22:22.573,0.86527,0.86535,1.00,1.00
2017.03.28 06:22:23.074,0.86526,0.86535,1.00,1.12
2017.03.28 06:22:25.327,0.86525,0.86535,1.00,1.00
2017.03.28 06:22:28.371,0.86526,0.86535,1.00,1.00
2017.03.28 06:22:29.911,0.86528,0.86535,1.00,1.00
2017.03.28 06:22:30.216,0.86528,0.86537,1.87,1.00
2017.03.28 06:22:31.177,0.86529,0.86537,1.00,1.00
2017.03.28 06:22:31.395,0.86532,0.86537,1.00,1.00
2017.03.28 06:22:31.626,0.86533,0.86541,2.25,1.12
2017.03.28 06:22:31.779,0.86533,0.8654,5.62,1.00
2017.03.28 06:22:31.881,0.86533,0.86544,6.00,2.25
2017.03.28 06:22:31.933,0.86533,0.86542,6.00,1.00
2017.03.28 06:22:31.984,0.86533,0.86542,2.62,1.50
2017.03.28 06:22:32.592,0.86533,0.86541,1.12,1.00
2017.03.28 06:22:33.112,0.86533,0.86542,1.12,1.87
2017.03.28 06:22:39.913,0.86536,0.86543,1.00,1.37
2017.03.28 06:22:40.268,0.86537,0.86545,1.00,1.50
2017.03.28 06:22:40.622,0.86535,0.86545,1.12,1.87
2017.03.28 06:22:41.247,0.86536,0.86545,1.00,1.12
2017.03.28 06:22:41.399,0.86538,0.86546,1.00,3.75
2017.03.28 06:22:41.857,0.86536,0.86543,1.50,1.00
2017.03.28 06:22:41.960,0.86535,0.86543,1.00,1.00
2017.03.28 06:22:42.673,0.86534,0.86543,1.50,1.12
2017.03.28 06:22:44.309,0.86535,0.86543,1.00,1.12
2017.03.28 06:22:44.834,0.86535,0.86544,1.00,1.00
2017.03.28 06:22:49.418,0.86534,0.86544,1.12,1.50
2017.03.28 06:22:50.910,0.86535,0.86544,1.00,1.00
2017.03.28 06:22:51.581,0.86534,0.86543,1.12,1.00
2017.03.28 06:22:52.147,0.86534,0.86542,1.12,1.00
2017.03.28 06:22:54.140,0.86534,0.86544,1.12,1.50
2017.03.28 06:22:56.148,0.86534,0.86543,1.12,1.00
2017.03.28 06:22:58.279,0.86534,0.86544,1.12,1.50
2017.03.28 06:23:02.260,0.86533,0.86544,1.87,1.87
2017.03.28 06:23:02.464,0.86532,0.86542,1.50,1.12
2017.03.28 06:23:02.565,0.86533,0.86542,1.00,1.75
2017.03.28 06:23:03.089,0.86532,0.86541,1.12,1.50
2017.03.28 06:23:08.749,0.86532,0.86542,1.12,1.50
2017.03.28 06:23:09.754,0.86533,0.86544,1.50,4.87
2017.03.28 06:23:09.805,0.86533,0.86542,2.25,1.00
2017.03.28 06:23:09.907,0.86535,0.86544,1.50,2.62
2017.03.28 06:23:10.212,0.86537,0.86546,1.00,1.00
2017.03.28 06:23:10.518,0.86539,0.86547,1.00,1.12
2017.03.28 06:23:23.122,0.86539,0.86548,1.50,1.12
2017.03.28 06:23:25.673,0.86539,0.86547,1.50,1.00
2017.03.28 06:23:26.722,0.86537,0.86547,3.75,1.00
2017.03.28 06:23:27.335,0.86537,0.86548,4.50,1.87
2017.03.28 06:23:27.740,0.86537,0.86546,2.25,1.00
2017.03.28 06:23:27.791,0.86537,0.86548,3.00,2.62
2017.03.28 06:23:28.350,0.86539,0.86548,1.00,2.25
2017.03.28 06:23:28.857,0.86538,0.86549,1.12,4.50
2017.03.28 06:23:30.042,0.86539,0.86549,1.00,3.75
2017.03.28 06:23:30.549,0.86536,0.86547,5.62,1.50
2017.03.28 06:23:31.277,0.86537,0.86548,1.50,1.87
2017.03.28 06:23:37.239,0.8654,0.86549,1.00,2.25
2017.03.28 06:23:38.534,0.86539,0.86549,1.12,2.62
2017.03.28 06:23:44.267,0.86538,0.86548,2.25,1.37
2017.03.28 06:23:44.571,0.86538,0.86546,1.50,1.87
2017.03.28 06:23:47.567,0.86537,0.86547,1.50,1.37
2017.03.28 06:23:47.974,0.86537,0.86546,2.25,1.87
2017.03.28 06:23:48.278,0.86536,0.86544,1.00,1.37
2017.03.28 06:23:50.676,0.86536,0.86541,1.00,1.00
2017.03.28 06:23:50.981,0.86534,0.86542,1.00,3.00
2017.03.28 06:23:51.551,0.86533,0.8654,1.37,1.00
2017.03.28 06:23:53.480,0.86532,0.8654,1.50,1.50
2017.03.28 06:24:00.401,0.86532,0.86539,2.62,1.12
2017.03.28 06:24:00.502,0.86532,0.86539,3.00,1.00
2017.03.28 06:24:01.458,0.86532,0.86539,3.00,1.00
2017.03.28 06:24:02.178,0.86532,0.8654,1.75,1.00
2017.03.28 06:24:02.451,0.86533,0.86541,1.00,1.00
2017.03.28 06:24:04.687,0.86532,0.8654,1.87,1.00
2017.03.28 06:24:04.788,0.86533,0.86543,1.00,3.00
2017.03.28 06:24:04.890,0.86533,0.86543,1.75,2.25
2017.03.28 06:24:05.284,0.86533,0.86541,4.12,1.00
2017.03.28 06:24:05.997,0.86533,0.86541,1.87,1.00
2017.03.28 06:24:06.200,0.86532,0.8654,1.50,1.00
2017.03.28 06:24:06.707,0.86532,0.86538,1.50,1.00
2017.03.28 06:24:07.086,0.86532,0.8654,1.00,1.50
2017.03.28 06:24:07.341,0.86531,0.86537,1.50,1.00
2017.03.28 06:24:07.799,0.86528,0.86536,2.25,1.00
2017.03.28 06:24:08.343,0.86528,0.86537,3.00,1.00
2017.03.28 06:24:09.240,0.86529,0.86536,1.12,1.00
2017.03.28 06:24:10.382,0.86528,0.86536,1.12,1.00
2017.03.28 06:24:10.914,0.86528,0.86535,1.12,1.00
2017.03.28 06:24:11.442,0.86527,0.86534,1.50,1.00
2017.03.28 06:24:11.984,0.86527,0.86534,1.12,1.00
2017.03.28 06:24:15.319,0.86528,0.86534,1.00,1.00
2017.03.28 06:24:15.902,0.86526,0.86534,2.25,1.00
2017.03.28 06:24:16.427,0.86526,0.86535,2.25,1.00
2017.03.28 06:24:17.070,0.86526,0.86533,1.50,1.00
2017.03.28 06:24:17.577,0.86526,0.86533,1.12,1.00
2017.03.28 06:24:18.083,0.86526,0.86534,1.12,1.00
2017.03.28 06:24:21.687,0.86527,0.86534,1.00,1.00
2017.03.28 06:24:22.427,0.86527,0.86533,1.00,1.00
2017.03.28 06:24:23.752,0.86527,0.86534,1.00,1.00
2017.03.28 06:24:24.736,0.86527,0.86536,1.00,2.25
2017.03.28 06:24:27.821,0.86527,0.86535,1.50,1.12
2017.03.28 06:24:28.490,0.86527,0.86534,1.50,1.00
2017.03.28 06:24:28.833,0.86525,0.86532,3.00,1.00
2017.03.28 06:24:29.634,0.86525,0.86535,2.25,2.62
2017.03.28 06:24:30.595,0.86526,0.86534,1.00,1.00
2017.03.28 06:24:31.175,0.86526,0.86535,1.00,2.62
2017.03.28 06:24:32.188,0.86526,0.86534,1.00,1.00
2017.03.28 06:24:33.836,0.86526,0.86535,1.00,2.62
2017.03.28 06:24:33.990,0.86526,0.86535,1.00,5.62
2017.03.28 06:24:34.497,0.86525,0.86534,1.12,1.50
2017.03.28 06:24:35.480,0.86525,0.86532,1.12,1.00
2017.03.28 06:24:35.990,0.86525,0.86535,2.25,4.50
2017.03.28 06:24:36.970,0.86525,0.86536,4.50,2.62
2017.03.28 06:24:39.741,0.86527,0.86536,1.00,1.87
2017.03.28 06:24:49.221,0.86527,0.86534,1.00,1.00
2017.03.28 06:24:49.731,0.86527,0.86536,1.00,3.37
2017.03.28 06:24:55.305,0.86527,0.86536,1.00,2.25
2017.03.28 06:24:55.811,0.86528,0.86537,1.00,2.62
2017.03.28 06:24:59.187,0.86528,0.86537,1.00,1.12
2017.03.28 06:25:04.209,0.86528,0.86539,1.50,4.12
2017.03.28 06:25:08.479,0.86528,0.86537,1.50,1.00
2017.03.28 06:25:09.011,0.86527,0.86537,1.12,1.12
2017.03.28 06:25:09.264,0.86528,0.86535,1.00,1.00
2017.03.28 06:25:09.800,0.86526,0.86537,3.75,2.62
2017.03.28 06:25:10.320,0.86528,0.86536,1.50,1.12
2017.03.28 06:25:10.837,0.86527,0.86537,1.87,1.37
2017.03.28 06:25:11.701,0.86527,0.86538,1.12,3.00
2017.03.28 06:25:12.006,0.8653,0.86539,1.00,1.87
2017.03.28 06:25:12.311,0.86528,0.86537,1.12,1.50
2017.03.28 06:25:16.132,0.86528,0.86539,3.37,3.00
2017.03.28 06:25:16.234,0.8653,0.86539,1.00,3.00
2017.03.28 06:25:16.741,0.8653,0.86539,1.00,1.12
2017.03.28 06:25:19.221,0.86532,0.8654,1.00,1.87
2017.03.28 06:25:19.526,0.8653,0.86541,1.50,3.00
2017.03.28 06:25:20.046,0.86531,0.86541,1.12,1.50
2017.03.28 06:25:20.401,0.86533,0.86542,1.00,3.00
2017.03.28 06:25:20.907,0.86533,0.86541,1.00,1.00
2017.03.28 06:25:21.161,0.86531,0.86541,1.12,1.00
2017.03.28 06:25:22.148,0.86532,0.86541,1.50,1.50
2017.03.28 06:25:22.199,0.86535,0.86541,1.00,1.00
2017.03.28 06:25:22.429,0.86535,0.86543,1.00,1.12
2017.03.28 06:25:22.970,0.86536,0.86544,1.00,1.50
2017.03.28 06:25:23.582,0.86535,0.86544,1.00,1.37
2017.03.28 06:25:25.293,0.86534,0.86545,1.87,6.00
2017.03.28 06:25:25.941,0.86535,0.86545,1.00,7.50
2017.03.28 06:25:26.239,0.86536,0.86546,1.00,4.50
2017.03.28 06:25:26.722,0.86538,0.86547,1.50,3.75
2017.03.28 06:25:26.925,0.86538,0.86548,2.25,1.69
2017.03.28 06:25:27.650,0.86539,0.86548,1.00,1.00
2017.03.28 06:25:28.157,0.86539,0.8655,1.87,3.00
2017.03.28 06:25:28.619,0.86538,0.86547,3.37,1.00
2017.03.28 06:25:29.162,0.86538,0.86547,1.12,2.25
2017.03.28 06:25:29.520,0.86538,0.86545,1.87,1.00
2017.03.28 06:25:29.623,0.86538,0.86547,1.50,1.12
2017.03.28 06:25:32.217,0.86537,0.86546,7.12,1.50
2017.03.28 06:25:32.370,0.86537,0.86544,1.00,1.00
2017.03.28 06:25:32.522,0.86534,0.86544,1.12,1.00
2017.03.28 06:25:33.059,0.86534,0.86543,1.00,1.12
2017.03.28 06:25:33.414,0.86533,0.8654,1.00,1.00
2017.03.28 06:25:33.719,0.8653,0.86535,1.12,1.00
2017.03.28 06:25:33.902,0.86526,0.86535,1.50,1.00
2017.03.28 06:25:34.412,0.86526,0.86534,1.44,1.00
2017.03.28 06:25:35.639,0.86524,0.86533,2.94,1.00
2017.03.28 06:25:35.690,0.86524,0.86531,1.00,1.00
2017.03.28 06:25:35.944,0.86524,0.86533,1.07,1.12
2017.03.28 06:25:36.147,0.86522,0.86531,3.69,1.00
2017.03.28 06:25:36.401,0.86522,0.86532,1.07,1.50
2017.03.28 06:25:37.330,0.86523,0.86532,1.07,1.50
2017.03.28 06:25:38.720,0.86524,0.86533,1.00,1.50
2017.03.28 06:25:39.024,0.86523,0.86534,3.75,1.50
2017.03.28 06:25:39.620,0.86523,0.86533,1.00,1.00
2017.03.28 06:25:40.126,0.86523,0.86532,1.12,1.00
2017.03.28 06:25:40.819,0.86523,0.86533,4.87,1.50
2017.03.28 06:25:40.870,0.86525,0.86533,1.00,1.00
2017.03.28 06:25:40.921,0.86523,0.86532,3.37,1.00
2017.03.28 06:25:41.451,0.86523,0.86532,3.32,1.00
2017.03.28 06:25:41.983,0.86523,0.86532,2.57,1.00
2017.03.28 06:25:43.681,0.86522,0.86532,3.37,1.00
2017.03.28 06:25:44.212,0.86523,0.86532,1.87,1.00
2017.03.28 06:25:45.169,0.86523,0.86533,1.87,1.50
2017.03.28 06:25:45.718,0.86523,0.86532,1.12,1.50
2017.03.28 06:25:45.819,0.86522,0.86528,1.50,1.00
2017.03.28 06:25:46.124,0.86521,0.86529,1.50,1.00
2017.03.28 06:25:46.327,0.86521,0.86531,6.00,1.12
2017.03.28 06:25:46.840,0.86522,0.86531,1.12,1.87
2017.03.28 06:25:47.355,0.86521,0.8653,1.50,1.12
2017.03.28 06:25:47.887,0.86521,0.8653,1.87,1.12
2017.03.28 06:25:48.388,0.8652,0.8653,1.37,1.87
2017.03.28 06:25:48.905,0.8652,0.86529,1.37,1.12
2017.03.28 06:25:52.910,0.86519,0.86529,1.87,1.00
2017.03.28 06:25:53.435,0.86518,0.86528,2.25,1.00
2017.03.28 06:25:53.950,0.86518,0.86528,1.87,1.00
2017.03.28 06:25:54.593,0.86521,0.8653,2.25,1.50
2017.03.28 06:25:54.898,0.86523,0.86532,1.37,1.12
2017.03.28 06:25:58.415,0.86522,0.8653,1.37,1.00
2017.03.28 06:25:58.516,0.86522,0.8653,1.12,1.00
2017.03.28 06:25:59.026,0.86521,0.8653,1.50,1.00
2017.03.28 06:25:59.570,0.86521,0.8653,1.50,1.12
2017.03.28 06:26:01.377,0.86521,0.86529,2.25,1.50
2017.03.28 06:26:01.581,0.86519,0.86528,2.62,1.00
2017.03.28 06:26:02.122,0.86518,0.86527,1.12,1.00
2017.03.28 06:26:02.630,0.86518,0.86526,1.37,1.00
2017.03.28 06:26:02.967,0.8652,0.86528,1.12,1.00
2017.03.28 06:26:03.535,0.8652,0.86529,1.00,1.07
2017.03.28 06:26:07.561,0.8652,0.86528,1.12,1.82
2017.03.28 06:26:07.766,0.86519,0.86529,3.75,1.50
2017.03.28 06:26:08.377,0.8652,0.8653,1.12,1.44
2017.03.28 06:26:10.592,0.8652,0.8653,1.12,2.25
2017.03.28 06:26:11.093,0.86521,0.8653,1.00,2.25
2017.03.28 06:26:11.601,0.86521,0.86529,1.00,1.82
2017.03.28 06:26:12.125,0.86521,0.86531,1.12,6.13
2017.03.28 06:26:13.516,0.8652,0.86526,1.37,1.00
2017.03.28 06:26:13.567,0.8652,0.86529,1.37,1.00
2017.03.28 06:26:15.919,0.86519,0.86527,2.62,1.00
2017.03.28 06:26:16.021,0.86519,0.8653,1.87,5.81
2017.03.28 06:26:16.073,0.86519,0.8653,1.87,5.81
2017.03.28 06:26:16.124,0.86519,0.86528,1.50,1.00
2017.03.28 06:26:17.114,0.86519,0.86527,1.12,1.00
2017.03.28 06:26:21.982,0.86519,0.86528,1.12,1.00
2017.03.28 06:26:22.584,0.86518,0.86527,3.00,1.00
2017.03.28 06:26:23.093,0.86518,0.86527,1.87,1.50
2017.03.28 06:26:23.398,0.86517,0.86523,1.50,1.00
2017.03.28 06:26:23.500,0.86517,0.86527,1.50,2.25
2017.03.28 06:26:23.703,0.86517,0.86527,1.00,3.00
2017.03.28 06:26:30.632,0.86517,0.86525,1.00,1.00
2017.03.28 06:26:30.886,0.86515,0.86524,1.00,2.25
2017.03.28 06:26:31.387,0.86513,0.86523,1.50,1.50
2017.03.28 06:26:31.438,0.86513,0.86523,1.12,4.87
2017.03.28 06:26:31.767,0.86515,0.86523,1.12,4.87
2017.03.28 06:26:32.332,0.86514,0.86523,1.12,4.87
2017.03.28 06:26:32.383,0.86514,0.86523,1.12,1.50
2017.03.28 06:26:32.889,0.86517,0.86523,1.00,2.25
2017.03.28 06:26:33.181,0.86517,0.86525,1.00,1.00
2017.03.28 06:26:33.689,0.86518,0.86526,1.00,1.00
2017.03.28 06:26:34.205,0.86518,0.86527,1.37,1.50
2017.03.28 06:26:34.770,0.86518,0.86527,1.12,1.00
2017.03.28 06:26:35.293,0.86518,0.86526,1.12,1.00
2017.03.28 06:26:35.799,0.86518,0.86525,1.00,1.00
2017.03.28 06:26:36.435,0.86518,0.86524,1.00,1.00
2017.03.28 06:26:37.067,0.86518,0.86525,1.00,1.00
2017.03.28 06:26:37.623,0.86516,0.86525,1.87,1.00
2017.03.28 06:26:38.383,0.86516,0.86523,1.87,1.00
2017.03.28 06:26:39.593,0.86517,0.86525,1.12,1.00
2017.03.28 06:26:40.099,0.86518,0.86525,2.25,1.00
2017.03.28 06:26:40.715,0.86518,0.86526,1.00,1.00
2017.03.28 06:26:40.917,0.8652,0.86526,1.00,1.00
2017.03.28 06:26:41.086,0.8652,0.86529,1.50,3.75
2017.03.28 06:26:41.609,0.86519,0.86529,1.00,3.00
2017.03.28 06:26:42.139,0.8652,0.86529,1.00,3.00
2017.03.28 06:26:44.162,0.86521,0.86529,1.00,3.75
2017.03.28 06:26:44.334,0.86519,0.86529,1.50,3.00
2017.03.28 06:26:45.286,0.8652,0.86527,1.00,1.50
2017.03.28 06:26:45.337,0.86518,0.86525,1.50,1.50
2017.03.28 06:26:45.654,0.86518,0.86527,1.00,2.62
2017.03.28 06:26:46.161,0.86518,0.86526,1.00,1.87
2017.03.28 06:26:46.748,0.86516,0.86526,2.25,2.62
2017.03.28 06:26:47.858,0.86518,0.86526,1.00,3.37
2017.03.28 06:26:48.425,0.86517,0.86526,1.12,2.62
2017.03.28 06:26:49.322,0.86516,0.86524,2.25,1.50
2017.03.28 06:26:49.832,0.86516,0.86525,2.25,2.25
2017.03.28 06:26:50.317,0.86518,0.86527,1.87,1.50
2017.03.28 06:26:50.672,0.86523,0.8653,1.00,3.00
2017.03.28 06:26:50.774,0.86521,0.8653,2.25,1.12
2017.03.28 06:26:50.825,0.86523,0.8653,1.00,1.12
2017.03.28 06:26:51.332,0.86521,0.86531,3.00,2.25
2017.03.28 06:26:51.599,0.86523,0.86531,1.00,2.25
2017.03.28 06:26:52.108,0.86522,0.86531,2.25,1.50
2017.03.28 06:26:52.413,0.8652,0.86528,1.75,1.00
2017.03.28 06:26:52.717,0.8652,0.86526,1.12,1.00
2017.03.28 06:26:53.243,0.86519,0.86525,1.12,1.00
2017.03.28 06:26:53.907,0.86519,0.86523,1.12,1.00
2017.03.28 06:26:54.059,0.86519,0.86525,1.12,1.12
2017.03.28 06:26:56.453,0.86518,0.86525,1.00,1.12
2017.03.28 06:26:57.569,0.86519,0.86525,1.00,1.12
2017.03.28 06:26:58.229,0.86519,0.86523,1.00,1.00
2017.03.28 06:26:58.483,0.86515,0.86521,1.50,1.00
2017.03.28 06:26:58.686,0.86515,0.86523,2.25,1.00
2017.03.28 06:26:59.022,0.86516,0.86525,2.25,1.12
2017.03.28 06:26:59.074,0.86516,0.86525,2.25,1.12
2017.03.28 06:26:59.530,0.86516,0.86523,1.50,1.00
2017.03.28 06:26:59.683,0.86516,0.86523,1.12,1.00
2017.03.28 06:27:00.139,0.86514,0.86521,1.87,1.00
2017.03.28 06:27:00.642,0.86514,0.86521,1.87,1.00
2017.03.28 06:27:01.894,0.86514,0.86522,1.87,1.00
2017.03.28 06:27:05.916,0.86514,0.86522,2.25,1.00
2017.03.28 06:27:06.545,0.86514,0.86523,2.25,1.12
2017.03.28 06:27:07.102,0.86514,0.86523,2.62,1.12
2017.03.28 06:27:07.644,0.86514,0.86522,1.50,1.00
2017.03.28 06:27:08.049,0.86511,0.86521,4.12,1.00
2017.03.28 06:27:09.502,0.86511,0.8652,2.62,1.00
2017.03.28 06:27:10.012,0.86512,0.86522,1.50,1.12
2017.03.28 06:27:13.796,0.86515,0.86522,1.00,1.12
2017.03.28 06:27:14.322,0.86514,0.86522,1.00,1.12
2017.03.28 06:27:14.829,0.86512,0.86522,3.00,1.12
2017.03.28 06:27:18.171,0.86514,0.86522,1.00,1.12
2017.03.28 06:27:19.581,0.86513,0.86522,1.00,1.12
2017.03.28 06:27:20.088,0.86514,0.86523,1.00,4.12
2017.03.28 06:27:21.964,0.86512,0.86523,2.25,3.37
2017.03.28 06:27:24.981,0.86512,0.86521,1.50,1.87
2017.03.28 06:27:25.598,0.86511,0.8652,2.25,1.50
2017.03.28 06:27:26.105,0.86511,0.86521,1.50,3.37
2017.03.28 06:27:27.338,0.8651,0.8652,1.87,1.00
2017.03.28 06:27:28.221,0.8651,0.8652,1.87,1.00
2017.03.28 06:27:30.137,0.86512,0.8652,1.00,1.00
2017.03.28 06:27:30.385,0.86513,0.86523,3.00,3.00
2017.03.28 06:27:30.437,0.86515,0.86523,1.00,3.37
2017.03.28 06:27:30.970,0.86515,0.86525,3.00,2.25
2017.03.28 06:27:33.337,0.86515,0.86525,3.00,1.50
2017.03.28 06:27:37.582,0.86515,0.86524,1.00,2.25
2017.03.28 06:27:38.301,0.86515,0.86524,1.00,2.62
2017.03.28 06:27:39.229,0.86513,0.86522,2.25,1.00
2017.03.28 06:27:39.753,0.86513,0.86523,1.50,3.00
2017.03.28 06:27:43.635,0.86513,0.86523,1.50,3.00
2017.03.28 06:27:44.568,0.86513,0.8652,1.50,1.00
2017.03.28 06:27:45.073,0.86513,0.86522,1.50,1.00
2017.03.28 06:27:48.114,0.86513,0.86521,1.50,1.00
2017.03.28 06:27:48.642,0.86513,0.86521,1.87,1.00
2017.03.28 06:27:51.847,0.86512,0.86519,3.00,1.00
2017.03.28 06:27:52.152,0.86511,0.86519,1.50,1.00
2017.03.28 06:27:55.864,0.86511,0.86518,1.00,1.00
2017.03.28 06:27:56.068,0.8651,0.86516,1.87,1.00
2017.03.28 06:27:56.169,0.86509,0.86516,1.00,1.00
2017.03.28 06:27:56.710,0.86509,0.86517,1.00,1.12
2017.03.28 06:28:00.506,0.86511,0.86518,1.00,1.00
2017.03.28 06:28:01.034,0.86511,0.86519,1.00,4.12
2017.03.28 06:28:06.565,0.86512,0.8652,1.00,4.87
2017.03.28 06:28:06.768,0.86512,0.86522,1.12,2.25
2017.03.28 06:28:06.819,0.86514,0.86522,1.00,1.50
2017.03.28 06:28:07.340,0.86514,0.86522,1.00,1.00
2017.03.28 06:28:08.070,0.86513,0.86523,1.12,3.75
2017.03.28 06:28:08.791,0.86514,0.86522,1.00,1.00
2017.03.28 06:28:09.358,0.86514,0.86523,1.87,1.87
2017.03.28 06:28:10.491,0.86517,0.86524,1.00,1.00
2017.03.28 06:28:11.028,0.86518,0.86527,1.00,6.37
2017.03.28 06:28:11.909,0.86516,0.86526,1.87,2.25
2017.03.28 06:28:12.213,0.86515,0.86523,1.12,1.50
2017.03.28 06:28:12.690,0.86513,0.86521,1.50,1.50
2017.03.28 06:28:12.791,0.86512,0.86521,1.12,2.25
2017.03.28 06:28:12.944,0.86512,0.86521,1.12,7.12
2017.03.28 06:28:15.028,0.86511,0.8652,1.12,2.25
2017.03.28 06:28:16.859,0.86513,0.86521,1.00,4.87
2017.03.28 06:28:16.911,0.86513,0.86521,1.00,1.50
2017.03.28 06:28:17.417,0.86514,0.86522,1.00,1.37
2017.03.28 06:28:18.690,0.86514,0.86522,1.50,1.87
2017.03.28 06:28:21.247,0.86515,0.86523,1.00,1.87
2017.03.28 06:28:21.399,0.86515,0.86524,1.50,3.00
2017.03.28 06:28:21.987,0.86515,0.86524,1.37,2.25
2017.03.28 06:28:22.533,0.86514,0.86521,1.12,3.37
2017.03.28 06:28:22.635,0.86511,0.86521,1.12,4.50
2017.03.28 06:28:22.686,0.86513,0.86521,1.00,3.37
2017.03.28 06:28:23.192,0.86513,0.8652,1.00,1.12
2017.03.28 06:28:23.704,0.86513,0.86521,1.00,3.00
2017.03.28 06:28:24.008,0.86511,0.86521,1.12,3.00
2017.03.28 06:28:24.873,0.86511,0.8652,1.87,1.50
2017.03.28 06:28:27.447,0.86513,0.86522,1.00,5.62
2017.03.28 06:28:27.751,0.86517,0.86526,1.50,5.62
2017.03.28 06:28:33.824,0.86516,0.86522,1.50,1.00
2017.03.28 06:28:34.158,0.86509,0.86516,1.50,1.87
2017.03.28 06:28:34.311,0.86507,0.86517,1.12,3.00
2017.03.28 06:28:34.362,0.86509,0.86517,1.00,3.37
2017.03.28 06:28:34.464,0.86507,0.86517,1.00,3.75
2017.03.28 06:28:34.970,0.86507,0.86515,1.00,1.12
2017.03.28 06:28:35.508,0.86509,0.86517,1.00,1.50
2017.03.28 06:28:35.711,0.8651,0.86518,1.00,1.00
2017.03.28 06:28:36.066,0.86509,0.86518,1.00,6.37
2017.03.28 06:28:38.634,0.86508,0.86516,1.12,1.00
2017.03.28 06:28:41.875,0.8651,0.86516,1.00,1.00
2017.03.28 06:28:42.382,0.8651,0.86518,1.00,4.87
2017.03.28 06:28:42.778,0.86503,0.8651,1.00,1.00
2017.03.28 06:28:42.830,0.865,0.8651,3.00,1.87
2017.03.28 06:28:43.086,0.865,0.8651,1.12,8.10
2017.03.28 06:28:43.544,0.86502,0.86508,1.00,1.00
2017.03.28 06:28:43.798,0.86502,0.8651,1.50,1.87
2017.03.28 06:28:44.319,0.86502,0.86511,1.87,2.62
2017.03.28 06:28:44.421,0.86504,0.86511,1.00,1.00
2017.03.28 06:28:44.725,0.86506,0.86513,1.00,1.00
2017.03.28 06:28:44.776,0.86506,0.86516,1.00,3.75
2017.03.28 06:28:44.878,0.86508,0.86516,1.00,1.12
2017.03.28 06:28:45.643,0.86508,0.86517,1.00,1.87
2017.03.28 06:28:46.234,0.86508,0.86517,1.00,2.25
2017.03.28 06:28:46.909,0.86508,0.86517,1.00,1.07
2017.03.28 06:28:47.518,0.86508,0.86517,1.00,1.32
2017.03.28 06:28:48.126,0.8651,0.86518,1.00,4.07
2017.03.28 06:28:48.279,0.8651,0.86519,1.00,1.07
2017.03.28 06:28:49.311,0.86511,0.8652,1.00,3.32
2017.03.28 06:28:50.508,0.86511,0.86518,1.12,1.00
2017.03.28 06:28:51.445,0.8651,0.8652,1.50,3.32
2017.03.28 06:28:53.115,0.8651,0.8652,1.50,3.75
2017.03.28 06:28:54.662,0.8651,0.8652,1.50,4.07
2017.03.28 06:28:56.022,0.8651,0.8652,1.50,2.57
2017.03.28 06:28:57.952,0.86511,0.8652,1.12,1.82
2017.03.28 06:28:59.329,0.86511,0.8652,1.12,1.82
2017.03.28 06:28:59.835,0.86512,0.8652,1.50,1.00
2017.03.28 06:28:59.936,0.86512,0.86522,1.50,3.37
2017.03.28 06:29:00.445,0.86514,0.86522,1.50,1.00
2017.03.28 06:29:00.761,0.86518,0.86524,1.00,1.00
2017.03.28 06:29:01.279,0.86517,0.86526,1.87,1.37
2017.03.28 06:29:01.847,0.86518,0.86525,1.00,1.12
2017.03.28 06:29:02.463,0.86519,0.86526,1.00,2.62
2017.03.28 06:29:02.759,0.86516,0.86524,2.25,1.50
2017.03.28 06:29:03.271,0.86515,0.86523,2.25,1.50
2017.03.28 06:29:03.777,0.86516,0.86523,1.00,1.50
2017.03.28 06:29:05.482,0.86514,0.86523,2.62,1.50
2017.03.28 06:29:05.938,0.86517,0.86525,1.00,4.12
2017.03.28 06:29:06.301,0.8652,0.86526,1.00,1.00
2017.03.28 06:29:06.504,0.8652,0.86528,1.00,2.62
2017.03.28 06:29:06.962,0.86523,0.86528,1.00,1.50
2017.03.28 06:29:07.064,0.86523,0.8653,1.00,2.62
2017.03.28 06:29:08.245,0.86522,0.8653,1.00,1.00
2017.03.28 06:29:09.227,0.86524,0.86531,1.00,3.37
2017.03.28 06:29:09.483,0.86523,0.86533,2.25,3.00
2017.03.28 06:29:09.584,0.86523,0.86533,2.25,2.25
2017.03.28 06:29:09.889,0.86523,0.86531,1.87,2.25
2017.03.28 06:29:09.990,0.86522,0.86531,1.87,2.25
2017.03.28 06:29:10.517,0.86523,0.86531,1.00,3.00
2017.03.28 06:29:11.626,0.86524,0.86531,1.00,1.87
2017.03.28 06:29:11.880,0.86525,0.86534,1.00,1.87
2017.03.28 06:29:12.386,0.86524,0.86534,1.12,1.87
2017.03.28 06:29:14.022,0.86523,0.86533,2.62,1.00
2017.03.28 06:29:15.037,0.86524,0.86532,1.12,1.50
2017.03.28 06:29:15.964,0.86525,0.86533,1.00,1.00
2017.03.28 06:29:16.471,0.86524,0.86533,1.50,1.00
2017.03.28 06:29:17.343,0.86524,0.86532,1.50,1.00
2017.03.28 06:29:18.255,0.86524,0.86531,1.00,1.00
2017.03.28 06:29:18.790,0.86523,0.8653,1.00,1.00
2017.03.28 06:29:21.419,0.86524,0.86531,1.00,1.00
2017.03.28 06:29:21.471,0.86522,0.86531,1.50,1.00
2017.03.28 06:29:22.972,0.86523,0.86531,1.00,1.00
2017.03.28 06:29:23.480,0.86524,0.86531,1.25,1.00
2017.03.28 06:29:24.548,0.86526,0.86532,1.00,1.12
2017.03.28 06:29:27.081,0.86526,0.86533,1.00,1.00
2017.03.28 06:29:28.161,0.86525,0.86533,1.00,1.00
2017.03.28 06:29:30.392,0.86524,0.86533,1.50,1.87
2017.03.28 06:29:30.898,0.86523,0.86533,1.31,3.00
2017.03.28 06:29:32.544,0.86524,0.86532,1.00,1.50
2017.03.28 06:29:33.049,0.86525,0.86532,1.00,1.50
2017.03.28 06:29:33.787,0.86524,0.86532,1.00,1.50
2017.03.28 06:29:34.298,0.86524,0.86533,1.00,1.50
2017.03.28 06:29:38.204,0.86525,0.86533,1.00,1.50
2017.03.28 06:29:38.739,0.86526,0.86533,1.00,1.12
2017.03.28 06:29:43.778,0.86527,0.86534,1.00,1.87
2017.03.28 06:29:44.299,0.86527,0.86534,1.00,1.12
2017.03.28 06:29:48.339,0.86528,0.86535,1.00,1.50
2017.03.28 06:29:48.542,0.86529,0.86537,1.50,1.00
2017.03.28 06:29:48.882,0.86531,0.86539,1.00,3.00
2017.03.28 06:29:53.216,0.86531,0.8654,1.50,2.25
2017.03.28 06:29:54.130,0.86531,0.86538,1.00,1.00
2017.03.28 06:29:54.283,0.86529,0.86538,1.12,1.50
2017.03.28 06:29:54.536,0.86531,0.86539,1.00,4.12
2017.03.28 06:29:54.846,0.86534,0.8654,1.00,1.87
2017.03.28 06:29:55.827,0.86531,0.8654,1.12,1.87
2017.03.28 06:29:56.181,0.86529,0.86539,2.25,3.00
2017.03.28 06:30:00.282,0.86529,0.86539,2.25,3.37
2017.03.28 06:30:00.890,0.8653,0.86539,1.00,3.37
2017.03.28 06:30:01.586,0.8653,0.8654,1.00,2.25
2017.03.28 06:30:01.637,0.86535,0.8654,1.00,1.87
2017.03.28 06:30:01.993,0.86534,0.86542,1.00,1.50
2017.03.28 06:30:02.247,0.86531,0.86541,3.00,1.50
2017.03.28 06:30:02.734,0.86534,0.86541,1.00,1.50
2017.03.28 06:30:07.246,0.86535,0.86541,1.00,1.00
2017.03.28 06:30:08.939,0.86537,0.86543,1.00,2.25
2017.03.28 06:30:11.541,0.86535,0.86543,1.00,1.50
2017.03.28 06:30:14.385,0.86537,0.86543,1.00,1.50
2017.03.28 06:30:14.904,0.86536,0.86542,1.00,1.00
2017.03.28 06:30:15.946,0.86536,0.86543,1.00,1.12
2017.03.28 06:30:16.251,0.86533,0.86542,1.50,1.50
2017.03.28 06:30:16.758,0.86533,0.86541,1.00,1.87
2017.03.28 06:30:18.232,0.86533,0.86541,1.00,1.12
2017.03.28 06:30:18.886,0.86532,0.86541,1.00,1.87
2017.03.28 06:30:19.790,0.86533,0.86541,1.00,1.12
2017.03.28 06:30:20.299,0.86534,0.86542,1.00,1.50
2017.03.28 06:30:22.642,0.86535,0.86542,1.00,1.00
2017.03.28 06:30:22.694,0.86537,0.86542,1.00,1.50
2017.03.28 06:30:23.239,0.86537,0.86543,1.00,1.50
2017.03.28 06:30:23.746,0.86538,0.86543,1.00,1.50
2017.03.28 06:30:24.050,0.86536,0.86543,2.25,1.00
2017.03.28 06:30:24.152,0.86538,0.86543,1.00,1.00
2017.03.28 06:30:24.798,0.86535,0.86543,1.50,1.50
2017.03.28 06:30:25.011,0.86537,0.86543,1.00,1.00
2017.03.28 06:30:26.582,0.86539,0.86543,1.00,1.00
2017.03.28 06:30:28.199,0.86539,0.86544,1.00,1.87
2017.03.28 06:30:28.785,0.86536,0.86544,1.00,2.62
2017.03.28 06:30:28.992,0.86534,0.86544,1.00,2.62
2017.03.28 06:30:29.678,0.86533,0.86543,1.12,1.00
2017.03.28 06:30:30.184,0.86533,0.86542,1.12,1.00
2017.03.28 06:30:30.769,0.86533,0.86541,1.00,1.00
2017.03.28 06:30:31.831,0.86532,0.86541,2.25,1.00
2017.03.28 06:30:32.338,0.86532,0.86541,2.25,1.00
2017.03.28 06:30:32.850,0.86532,0.86541,1.00,2.62
2017.03.28 06:30:33.610,0.86532,0.86541,1.00,2.62
2017.03.28 06:30:34.111,0.86531,0.8654,1.50,1.12
2017.03.28 06:30:40.061,0.86531,0.86539,1.50,1.00
2017.03.28 06:30:40.214,0.86532,0.8654,1.75,1.00
2017.03.28 06:30:40.528,0.86532,0.86541,1.12,2.25
2017.03.28 06:30:41.353,0.86531,0.86539,3.37,1.00
2017.03.28 06:30:41.859,0.8653,0.8654,1.12,2.25
2017.03.28 06:30:45.986,0.86531,0.8654,1.50,1.00
2017.03.28 06:30:49.301,0.86534,0.8654,1.00,1.00
2017.03.28 06:30:50.641,0.86533,0.8654,1.00,1.00
2017.03.28 06:30:56.333,0.86533,0.86539,1.00,1.00
2017.03.28 06:30:56.719,0.86532,0.86541,1.00,4.50
2017.03.28 06:31:00.166,0.86532,0.86541,1.00,4.12
2017.03.28 06:31:00.533,0.86531,0.86539,1.50,1.37
2017.03.28 06:31:00.949,0.86534,0.86541,1.00,1.87
2017.03.28 06:31:01.458,0.86534,0.86543,1.00,3.37
2017.03.28 06:31:04.094,0.86533,0.86542,1.12,1.12
2017.03.28 06:31:04.484,0.86535,0.86542,1.00,1.12
2017.03.28 06:31:04.689,0.86534,0.86544,1.00,3.00
2017.03.28 06:31:04.843,0.86534,0.86542,1.00,1.00
2017.03.28 06:31:05.147,0.8653,0.86541,3.75,2.62
2017.03.28 06:31:05.301,0.8653,0.8654,3.00,1.87
2017.03.28 06:31:05.605,0.86532,0.86539,1.00,1.37
2017.03.28 06:31:06.535,0.86532,0.86539,1.00,1.00
2017.03.28 06:31:07.619,0.86531,0.86538,1.00,1.00
2017.03.28 06:31:08.176,0.8653,0.86538,2.25,1.12
2017.03.28 06:31:08.684,0.86528,0.86538,3.00,1.50
2017.03.28 06:31:09.241,0.86529,0.86538,1.37,1.75
2017.03.28 06:31:09.343,0.86529,0.86538,1.37,1.12
2017.03.28 06:31:10.075,0.86528,0.86538,1.50,1.50
2017.03.28 06:31:10.278,0.86528,0.86538,1.00,2.25
2017.03.28 06:31:10.787,0.86529,0.86538,1.00,1.50
2017.03.28 06:31:10.838,0.8653,0.86539,1.00,4.87
2017.03.28 06:31:10.889,0.86532,0.86539,1.00,3.37
2017.03.28 06:31:11.396,0.86532,0.8654,1.12,1.00
2017.03.28 06:31:16.663,0.86533,0.8654,1.00,1.00
2017.03.28 06:31:17.797,0.86532,0.8654,3.75,1.00
2017.03.28 06:31:21.658,0.86532,0.8654,2.25,1.37
2017.03.28 06:31:22.283,0.86532,0.8654,1.00,3.37
2017.03.28 06:31:23.060,0.8653,0.86538,1.75,1.37
2017.03.28 06:31:23.161,0.8653,0.86538,1.12,1.37
2017.03.28 06:31:24.385,0.8653,0.86538,1.12,1.12
2017.03.28 06:31:24.963,0.86528,0.86538,3.56,1.50
2017.03.28 06:31:25.065,0.86528,0.86538,3.00,1.87
2017.03.28 06:31:25.268,0.8653,0.86538,1.00,1.87
2017.03.28 06:31:25.420,0.86528,0.86538,1.37,2.25
2017.03.28 06:31:25.965,0.86528,0.86536,1.00,1.50
2017.03.28 06:31:27.164,0.86529,0.86536,1.00,1.00
2017.03.28 06:31:28.338,0.86528,0.86538,1.50,3.00
2017.03.28 06:31:28.892,0.86529,0.86538,1.00,3.00
2017.03.28 06:31:29.626,0.86528,0.86536,1.50,1.00
2017.03.28 06:31:30.174,0.86526,0.86536,6.00,2.62
2017.03.28 06:31:30.480,0.86526,0.86532,1.12,1.50
2017.03.28 06:31:30.785,0.86522,0.8653,4.12,1.12
2017.03.28 06:31:31.242,0.86521,0.8653,1.50,1.50
2017.03.28 06:31:32.993,0.86522,0.8653,1.12,1.00
2017.03.28 06:31:33.095,0.86524,0.8653,1.00,1.00
2017.03.28 06:31:34.061,0.86524,0.86531,1.00,1.12
2017.03.28 06:31:34.749,0.86523,0.86531,2.25,1.12
2017.03.28 06:31:35.054,0.86521,0.8653,1.87,1.50
2017.03.28 06:31:35.560,0.86521,0.86531,4.12,2.25
2017.03.28 06:31:37.881,0.8652,0.86529,3.00,1.50
2017.03.28 06:31:38.340,0.8652,0.86528,1.12,1.37
2017.03.28 06:31:41.274,0.86521,0.86527,1.00,1.00
2017.03.28 06:31:42.709,0.86522,0.8653,1.00,1.50
2017.03.28 06:31:43.215,0.86523,0.86531,1.00,2.25
2017.03.28 06:31:43.436,0.86523,0.86531,1.00,1.12
2017.03.28 06:31:44.819,0.86524,0.86531,1.00,1.12
2017.03.28 06:31:45.072,0.86524,0.86531,1.00,1.75
2017.03.28 06:31:45.575,0.86523,0.86531,1.00,1.75
2017.03.28 06:31:46.205,0.86523,0.86531,1.00,1.50
2017.03.28 06:31:46.307,0.86523,0.86531,1.00,1.75
2017.03.28 06:31:46.409,0.86523,0.86531,1.00,1.37
2017.03.28 06:31:46.612,0.86523,0.8653,1.12,1.75
2017.03.28 06:31:46.816,0.86522,0.86531,1.12,1.12
2017.03.28 06:31:47.417,0.86523,0.86531,1.00,1.75
2017.03.28 06:31:47.894,0.86522,0.8653,1.12,1.75
2017.03.28 06:31:47.996,0.86522,0.8653,1.00,1.50
2017.03.28 06:31:48.572,0.86523,0.8653,1.00,1.87
2017.03.28 06:31:50.625,0.86523,0.86531,1.00,3.00
2017.03.28 06:31:56.759,0.86523,0.8653,1.00,3.00
2017.03.28 06:31:57.416,0.86522,0.8653,1.00,1.75
2017.03.28 06:31:58.068,0.86522,0.8653,1.00,1.37
2017.03.28 06:31:59.344,0.86523,0.86531,1.00,3.37
2017.03.28 06:31:59.446,0.86524,0.86531,1.00,1.12
2017.03.28 06:31:59.497,0.86526,0.86531,1.00,1.12
2017.03.28 06:32:00.156,0.86526,0.86533,1.00,1.50
2017.03.28 06:32:00.460,0.86523,0.86531,1.00,4.87
2017.03.28 06:32:00.512,0.86522,0.86529,3.00,1.00
2017.03.28 06:32:00.782,0.86522,0.86529,1.00,1.50
2017.03.28 06:32:01.240,0.8652,0.86528,1.87,1.00
2017.03.28 06:32:01.748,0.86521,0.86529,1.50,1.37
2017.03.28 06:32:02.103,0.86522,0.86531,1.12,3.37
2017.03.28 06:32:05.019,0.86522,0.8653,1.12,1.37
2017.03.28 06:32:05.222,0.86521,0.86529,1.12,1.75
2017.03.28 06:32:05.752,0.8652,0.86527,1.00,1.37
2017.03.28 06:32:05.803,0.86518,0.86526,1.00,1.12
2017.03.28 06:32:07.788,0.86516,0.86525,3.75,1.00
2017.03.28 06:32:10.274,0.86515,0.86524,4.44,1.00
2017.03.28 06:32:10.376,0.86515,0.86523,1.12,1.12
2017.03.28 06:32:13.631,0.86513,0.86523,4.87,1.12
2017.03.28 06:32:15.579,0.86514,0.86523,2.25,1.12
2017.03.28 06:32:17.507,0.86516,0.86523,1.00,1.00
2017.03.28 06:32:17.811,0.86514,0.86519,1.50,1.00
2017.03.28 06:32:17.914,0.86513,0.8652,1.50,1.50
2017.03.28 06:32:18.441,0.86512,0.8652,1.12,1.00
2017.03.28 06:32:18.492,0.86514,0.8652,1.00,1.00
2017.03.28 06:32:18.999,0.86513,0.8652,1.00,1.37
2017.03.28 06:32:19.304,0.8651,0.86518,1.00,1.75
2017.03.28 06:32:19.870,0.86509,0.86518,1.00,1.75
2017.03.28 06:32:20.537,0.86509,0.86517,1.00,1.00
2017.03.28 06:32:21.609,0.8651,0.86517,1.00,1.50
2017.03.28 06:32:22.472,0.8651,0.86517,2.25,1.37
2017.03.28 06:32:22.978,0.86511,0.86517,1.00,1.37
2017.03.28 06:32:23.516,0.8651,0.86517,3.00,1.37
2017.03.28 06:32:24.070,0.8651,0.86517,2.25,1.00
2017.03.28 06:32:24.440,0.8651,0.86519,1.50,2.62
2017.03.28 06:32:24.492,0.86512,0.86519,1.00,1.87
2017.03.28 06:32:24.999,0.86512,0.86519,1.00,1.50
2017.03.28 06:32:25.202,0.8651,0.86519,3.00,2.25
2017.03.28 06:32:25.752,0.8651,0.86518,2.25,1.50
2017.03.28 06:32:25.854,0.86509,0.86516,1.87,1.87
2017.03.28 06:32:26.007,0.86508,0.86516,1.87,1.87
2017.03.28 06:32:26.516,0.86508,0.86516,1.87,1.50
2017.03.28 06:32:26.828,0.8651,0.86517,1.00,1.50
2017.03.28 06:32:27.352,0.86509,0.86517,1.00,1.87
2017.03.28 06:32:28.053,0.8651,0.86517,1.00,1.50
2017.03.28 06:32:28.359,0.86509,0.86518,1.00,1.50
2017.03.28 06:32:28.665,0.86508,0.86516,3.37,1.00
2017.03.28 06:32:28.992,0.86511,0.86518,1.00,1.00
2017.03.28 06:32:29.297,0.86509,0.86516,1.42,1.00
2017.03.28 06:32:29.804,0.86509,0.86517,2.92,1.12
2017.03.28 06:32:30.331,0.86509,0.86518,1.00,1.75
2017.03.28 06:32:30.849,0.86508,0.86518,2.62,1.87
2017.03.28 06:32:37.013,0.86508,0.86515,1.12,1.00
2017.03.28 06:32:37.583,0.86506,0.86516,2.25,1.12
2017.03.28 06:32:38.152,0.86508,0.86516,1.00,1.12
2017.03.28 06:32:38.580,0.86508,0.86514,1.00,1.00
2017.03.28 06:32:39.035,0.86506,0.86514,1.12,1.00
2017.03.28 06:32:39.987,0.86505,0.86513,3.37,1.00
2017.03.28 06:32:40.544,0.86506,0.86515,1.87,1.87
2017.03.28 06:32:41.718,0.86508,0.86515,1.00,1.12
2017.03.28 06:32:41.820,0.86509,0.86517,1.50,1.12
2017.03.28 06:32:42.332,0.86509,0.86518,1.50,1.50
2017.03.28 06:32:42.485,0.86513,0.86519,1.00,1.00
2017.03.28 06:32:42.638,0.86511,0.86521,3.37,1.87
2017.03.28 06:32:43.146,0.86511,0.86521,3.00,2.62
2017.03.28 06:32:44.707,0.86511,0.86521,1.50,2.25
2017.03.28 06:32:46.599,0.8651,0.8652,5.62,1.12
2017.03.28 06:32:46.854,0.86513,0.86521,1.00,2.62
2017.03.28 06:32:47.360,0.86513,0.86522,1.00,3.37
2017.03.28 06:32:47.683,0.8651,0.86519,1.50,1.50
2017.03.28 06:32:48.205,0.86508,0.86516,1.00,1.87
2017.03.28 06:32:48.459,0.86506,0.86516,2.62,1.87
2017.03.28 06:32:50.683,0.86505,0.86515,4.50,1.50
2017.03.28 06:32:51.215,0.86505,0.86513,1.50,1.50
2017.03.28 06:32:51.367,0.86504,0.86512,1.12,1.12
2017.03.28 06:32:52.506,0.86502,0.86512,3.75,1.50
2017.03.28 06:32:53.015,0.86503,0.86512,1.37,1.00
2017.03.28 06:32:53.218,0.86505,0.86514,1.00,2.25
2017.03.28 06:32:53.724,0.86504,0.86514,2.62,2.25
2017.03.28 06:32:54.778,0.86504,0.86514,1.87,2.25
2017.03.28 06:32:55.979,0.86504,0.86514,1.87,2.25
2017.03.28 06:32:56.774,0.86504,0.86515,3.75,1.87
2017.03.28 06:32:57.769,0.86506,0.86515,1.50,1.87
2017.03.28 06:33:00.018,0.86505,0.86515,3.00,1.87
2017.03.28 06:33:01.148,0.86506,0.86515,1.00,1.87
2017.03.28 06:33:02.593,0.86505,0.86515,2.25,2.25
2017.03.28 06:33:03.116,0.86504,0.86514,3.00,1.37
2017.03.28 06:33:03.424,0.86506,0.86516,1.00,3.37
2017.03.28 06:33:03.881,0.86508,0.86516,1.00,1.00
2017.03.28 06:33:03.983,0.86506,0.86516,2.25,2.25
2017.03.28 06:33:04.490,0.86505,0.86515,1.87,1.12
2017.03.28 06:33:10.998,0.86505,0.86515,3.37,2.62
2017.03.28 06:33:11.549,0.86505,0.86515,2.62,1.12
2017.03.28 06:33:15.042,0.86506,0.86516,3.37,1.12
2017.03.28 06:33:15.093,0.86506,0.86517,3.75,2.25
2017.03.28 06:33:15.599,0.86507,0.86517,1.37,1.87
2017.03.28 06:33:16.106,0.86506,0.86517,4.87,1.87
2017.03.28 06:33:18.427,0.86506,0.86517,1.87,3.75
2017.03.28 06:33:18.934,0.86506,0.86516,1.87,1.12
2017.03.28 06:33:21.614,0.86507,0.86517,1.12,2.62
2017.03.28 06:33:24.539,0.86506,0.86517,2.25,1.87
2017.03.28 06:33:25.088,0.86505,0.86515,1.12,1.12
2017.03.28 06:33:25.596,0.86505,0.86515,1.00,2.62
2017.03.28 06:33:28.198,0.86504,0.86514,1.87,1.12
2017.03.28 06:33:34.931,0.86505,0.86514,1.12,1.00
2017.03.28 06:33:35.439,0.86506,0.86514,1.00,1.00
2017.03.28 06:33:36.785,0.86506,0.86515,1.12,1.12
2017.03.28 06:33:37.492,0.86507,0.86516,1.00,1.50
2017.03.28 06:33:38.157,0.86506,0.86516,4.87,1.50
2017.03.28 06:33:38.487,0.86508,0.86516,1.00,1.12
2017.03.28 06:33:42.532,0.86508,0.86515,1.00,1.00
2017.03.28 06:33:43.040,0.86508,0.86517,1.50,2.25
2017.03.28 06:33:43.567,0.86506,0.86516,2.62,1.50
2017.03.28 06:33:44.878,0.86507,0.86516,1.12,1.12
2017.03.28 06:33:49.479,0.86506,0.86516,2.62,3.37
2017.03.28 06:33:50.016,0.86506,0.86515,2.62,1.00
2017.03.28 06:33:51.750,0.86506,0.86514,2.62,1.00
2017.03.28 06:33:52.304,0.86506,0.86515,1.37,1.00
2017.03.28 06:33:53.762,0.86505,0.86515,5.62,1.00
2017.03.28 06:33:56.507,0.86507,0.86515,1.50,1.00
2017.03.28 06:33:57.050,0.86506,0.86515,1.50,1.00
2017.03.28 06:33:58.285,0.86506,0.86515,1.50,1.00
2017.03.28 06:33:58.831,0.86506,0.86515,2.25,1.00
2017.03.28 06:33:59.490,0.86507,0.86515,1.00,1.00
2017.03.28 06:33:59.996,0.86506,0.86515,3.00,1.00
2017.03.28 06:34:03.752,0.86507,0.86515,1.00,1.00
2017.03.28 06:34:04.839,0.86506,0.86515,1.50,1.00
2017.03.28 06:34:05.975,0.86506,0.86515,3.00,1.00
2017.03.28 06:34:09.647,0.86507,0.86516,3.37,1.00
2017.03.28 06:34:11.796,0.86507,0.86517,1.12,1.12
2017.03.28 06:34:12.000,0.86508,0.86516,3.00,1.00
2017.03.28 06:34:12.254,0.86504,0.86512,1.00,1.12
2017.03.28 06:34:12.356,0.86504,0.8651,1.00,1.00
2017.03.28 06:34:12.458,0.86501,0.8651,3.00,1.50
2017.03.28 06:34:13.538,0.865,0.86508,1.12,1.00
2017.03.28 06:34:13.843,0.86497,0.86506,1.00,1.87
2017.03.28 06:34:14.386,0.86496,0.86506,1.12,2.62
2017.03.28 06:34:16.655,0.86497,0.86506,1.12,1.50
2017.03.28 06:34:17.162,0.86498,0.86507,1.00,1.50
2017.03.28 06:34:18.345,0.86497,0.86506,2.25,1.12
2017.03.28 06:34:18.905,0.86497,0.86507,3.37,1.12
2017.03.28 06:34:19.669,0.86498,0.86508,1.87,1.87
2017.03.28 06:34:20.057,0.865,0.86509,1.00,1.87
2017.03.28 06:34:20.361,0.865,0.86509,1.00,5.25
2017.03.28 06:34:20.412,0.865,0.86507,1.00,1.12
2017.03.28 06:34:20.869,0.86498,0.86508,1.12,3.75
2017.03.28 06:34:21.021,0.86498,0.86508,1.12,3.37
2017.03.28 06:34:22.253,0.86498,0.86508,3.37,2.25
2017.03.28 06:34:24.416,0.86498,0.86509,4.50,3.00
2017.03.28 06:34:24.923,0.865,0.86509,1.00,1.75
2017.03.28 06:34:25.965,0.865,0.86509,1.00,1.50
2017.03.28 06:34:26.119,0.865,0.86509,1.00,5.25
2017.03.28 06:34:26.635,0.86499,0.86507,1.50,1.12
2017.03.28 06:34:27.141,0.86499,0.86508,1.87,1.00
2017.03.28 06:34:27.445,0.865,0.86508,1.50,1.00
2017.03.28 06:34:27.929,0.86502,0.86511,3.00,1.87
2017.03.28 06:34:28.116,0.86505,0.86512,1.00,1.87
2017.03.28 06:34:28.168,0.86504,0.86515,3.00,3.75
2017.03.28 06:34:29.040,0.86504,0.86514,2.62,2.25
2017.03.28 06:34:29.244,0.86504,0.86513,1.50,1.32
2017.03.28 06:34:29.751,0.86504,0.86511,1.00,1.00
2017.03.28 06:34:30.277,0.86504,0.86512,1.00,1.00
2017.03.28 06:34:30.783,0.86503,0.86513,3.00,1.12
2017.03.28 06:34:31.932,0.86505,0.86515,1.00,4.87
2017.03.28 06:34:35.309,0.86505,0.86515,1.50,2.25
2017.03.28 06:34:35.816,0.86506,0.86515,1.12,1.12
2017.03.28 06:34:36.388,0.86506,0.86515,1.37,1.12
2017.03.28 06:34:36.909,0.86506,0.86515,1.00,1.12
2017.03.28 06:34:39.604,0.86505,0.86511,1.87,1.00
2017.03.28 06:34:39.910,0.86503,0.86507,1.00,1.00
2017.03.28 06:34:40.417,0.86499,0.86507,1.50,2.62
2017.03.28 06:34:41.418,0.86499,0.86506,1.50,1.12
2017.03.28 06:34:41.935,0.86499,0.86507,1.50,2.62
2017.03.28 06:34:42.391,0.865,0.86509,1.50,1.87
2017.03.28 06:34:42.443,0.86502,0.86509,1.00,1.87
2017.03.28 06:34:42.494,0.865,0.86509,3.37,1.50
2017.03.28 06:34:42.545,0.865,0.86509,4.50,1.00
2017.03.28 06:34:44.138,0.86501,0.8651,1.50,1.00
2017.03.28 06:34:45.069,0.86501,0.8651,2.25,1.00
2017.03.28 06:34:45.577,0.86501,0.8651,3.37,1.00
2017.03.28 06:34:47.878,0.86501,0.86509,2.62,1.00
2017.03.28 06:34:48.683,0.86499,0.8651,3.75,3.37
2017.03.28 06:34:50.143,0.86499,0.86509,5.25,1.00
2017.03.28 06:34:50.864,0.86502,0.8651,1.12,1.87
2017.03.28 06:34:51.370,0.86502,0.86509,1.00,1.00
2017.03.28 06:34:52.230,0.86502,0.8651,1.00,1.50
2017.03.28 06:34:52.742,0.86502,0.86509,1.00,1.00
2017.03.28 06:34:53.378,0.86501,0.86509,1.50,1.50
2017.03.28 06:34:53.882,0.86502,0.8651,1.00,2.25
2017.03.28 06:34:55.576,0.86502,0.86512,3.00,2.25
2017.03.28 06:34:56.082,0.86501,0.86511,5.62,1.12
2017.03.28 06:34:59.755,0.86502,0.8651,1.50,1.00
2017.03.28 06:35:00.299,0.86502,0.86509,1.50,1.00
2017.03.28 06:35:00.572,0.86503,0.8651,2.25,1.00
2017.03.28 06:35:02.522,0.86504,0.86511,1.87,1.87
2017.03.28 06:35:03.028,0.86505,0.86512,1.00,1.50
2017.03.28 06:35:06.101,0.86505,0.86513,1.00,1.50
2017.03.28 06:35:10.135,0.86505,0.8651,1.00,1.00
2017.03.28 06:35:10.288,0.865,0.86509,3.37,1.50
2017.03.28 06:35:10.390,0.865,0.86509,2.25,1.00
2017.03.28 06:35:10.745,0.865,0.86509,4.87,1.00
2017.03.28 06:35:13.187,0.86501,0.86509,1.00,1.50
2017.03.28 06:35:14.968,0.86503,0.8651,1.00,1.50
2017.03.28 06:35:15.475,0.86503,0.86511,1.12,1.00
2017.03.28 06:35:15.980,0.86503,0.86512,1.87,1.00
2017.03.28 06:35:16.888,0.86504,0.86512,1.00,1.00
2017.03.28 06:35:17.394,0.86502,0.86511,4.50,1.00
2017.03.28 06:35:21.476,0.86504,0.86513,1.50,1.00
2017.03.28 06:35:21.982,0.86505,0.86513,1.12,1.00
2017.03.28 06:35:22.084,0.86504,0.86511,1.87,1.00
2017.03.28 06:35:22.591,0.86503,0.86511,3.75,1.00
2017.03.28 06:35:23.120,0.86505,0.86511,1.00,1.00
2017.03.28 06:35:23.587,0.86503,0.86511,1.50,1.00
2017.03.28 06:35:23.790,0.86505,0.86511,1.00,1.00
2017.03.28 06:35:27.292,0.86502,0.86511,1.50,1.00
2017.03.28 06:35:27.800,0.86502,0.8651,1.12,1.00
2017.03.28 06:35:30.037,0.86501,0.8651,4.87,1.00
2017.03.28 06:35:30.542,0.86503,0.8651,1.00,1.00
2017.03.28 06:35:30.694,0.86501,0.8651,4.12,1.00
2017.03.28 06:35:31.223,0.86502,0.8651,1.87,1.00
2017.03.28 06:35:32.039,0.86503,0.8651,1.00,1.00
2017.03.28 06:35:32.545,0.86502,0.8651,1.87,1.00
2017.03.28 06:35:32.647,0.86504,0.8651,1.00,1.00
2017.03.28 06:35:33.153,0.86504,0.86511,1.00,1.00
2017.03.28 06:35:33.769,0.86504,0.86512,1.50,1.00
2017.03.28 06:35:34.461,0.86504,0.86512,1.00,1.00
2017.03.28 06:35:34.968,0.86505,0.86512,1.00,1.00
2017.03.28 06:35:35.676,0.86504,0.86512,2.25,1.00
2017.03.28 06:35:36.200,0.86504,0.86512,3.75,1.00
2017.03.28 06:35:38.177,0.86504,0.86512,3.00,1.00
2017.03.28 06:35:38.683,0.86505,0.86512,1.00,1.00
2017.03.28 06:35:39.721,0.86504,0.86512,1.50,1.00
2017.03.28 06:35:40.855,0.86503,0.86512,1.00,1.00
2017.03.28 06:35:45.357,0.86505,0.86512,1.00,1.00
2017.03.28 06:35:49.769,0.86504,0.86512,1.00,1.00
2017.03.28 06:35:51.234,0.86503,0.86511,1.87,1.00
2017.03.28 06:35:51.893,0.86504,0.86512,1.00,1.00
2017.03.28 06:35:52.400,0.86505,0.86513,1.00,1.00
2017.03.28 06:35:53.143,0.86504,0.86513,3.37,1.00
2017.03.28 06:35:54.989,0.86504,0.86512,2.62,1.00
2017.03.28 06:35:55.518,0.86504,0.86513,2.25,1.00
2017.03.28 06:35:56.314,0.86505,0.86513,1.00,1.00
2017.03.28 06:35:56.820,0.86505,0.86514,1.00,1.12
2017.03.28 06:35:57.674,0.86505,0.86512,1.00,1.00
2017.03.28 06:35:59.389,0.86504,0.86513,2.62,1.00
2017.03.28 06:35:59.895,0.86504,0.86513,1.00,1.00
2017.03.28 06:36:04.430,0.86505,0.86513,1.00,1.00
2017.03.28 06:36:06.086,0.86503,0.86511,4.12,1.00
2017.03.28 06:36:06.612,0.86502,0.8651,1.87,1.00
2017.03.28 06:36:08.274,0.86502,0.86509,1.87,1.00
2017.03.28 06:36:08.546,0.86503,0.86511,1.87,1.50
2017.03.28 06:36:09.053,0.86503,0.86512,3.37,1.00
2017.03.28 06:36:10.264,0.86503,0.86512,1.50,1.00
2017.03.28 06:36:12.604,0.86504,0.86512,1.00,1.00
2017.03.28 06:36:18.561,0.86505,0.86513,1.00,1.00
2017.03.28 06:36:18.612,0.86505,0.86513,2.62,1.00
2017.03.28 06:36:18.764,0.86506,0.86515,1.50,1.12
2017.03.28 06:36:19.827,0.86507,0.86515,2.25,1.12
2017.03.28 06:36:21.226,0.86508,0.86516,1.75,1.87
2017.03.28 06:36:21.328,0.86506,0.86516,3.37,1.87
2017.03.28 06:36:22.522,0.86507,0.86516,1.75,1.87
2017.03.28 06:36:23.029,0.86507,0.86516,1.50,1.87
2017.03.28 06:36:23.740,0.86508,0.86516,1.50,1.12
2017.03.28 06:36:24.270,0.86508,0.86516,1.00,1.37
2017.03.28 06:36:24.773,0.86508,0.86516,1.00,1.50
2017.03.28 06:36:25.276,0.86508,0.86516,1.00,1.50
2017.03.28 06:36:25.622,0.86508,0.86517,1.87,1.50
2017.03.28 06:36:26.134,0.86507,0.86517,2.62,1.50
2017.03.28 06:36:26.813,0.86508,0.86515,1.12,1.00
2017.03.28 06:36:27.017,0.86505,0.86514,1.87,1.12
2017.03.28 06:36:27.565,0.86505,0.86514,1.00,1.12
2017.03.28 06:36:28.548,0.86505,0.86512,1.00,1.00
2017.03.28 06:36:29.056,0.86504,0.86512,2.62,1.00
2017.03.28 06:36:32.343,0.86505,0.86512,1.00,1.00
2017.03.28 06:36:32.889,0.86504,0.86512,1.00,1.00
2017.03.28 06:36:33.526,0.86503,0.86512,1.50,1.00
2017.03.28 06:36:37.059,0.86503,0.86511,1.50,1.00
2017.03.28 06:36:38.272,0.86503,0.86513,1.50,2.62
2017.03.28 06:36:38.475,0.86503,0.86511,1.00,1.00
2017.03.28 06:36:38.982,0.86502,0.86511,1.00,1.12
2017.03.28 06:36:39.286,0.86501,0.86509,1.00,1.00
2017.03.28 06:36:42.436,0.86501,0.8651,1.12,1.87
2017.03.28 06:36:45.306,0.865,0.86509,2.25,1.87
2017.03.28 06:36:45.612,0.865,0.86507,1.12,1.00
2017.03.28 06:36:45.916,0.865,0.86509,1.50,1.00
2017.03.28 06:36:46.018,0.865,0.86507,2.62,1.00
2017.03.28 06:36:46.221,0.86498,0.86507,2.25,1.00
2017.03.28 06:36:46.737,0.86499,0.86506,1.00,1.00
2017.03.28 06:36:48.468,0.86498,0.86506,3.37,1.00
2017.03.28 06:36:48.975,0.86496,0.86505,3.00,1.87
2017.03.28 06:36:49.519,0.86497,0.86504,1.37,1.00
2017.03.28 06:36:52.176,0.86496,0.86504,2.25,1.12
2017.03.28 06:36:55.677,0.86495,0.86504,1.00,2.62
2017.03.28 06:36:56.162,0.86496,0.86503,1.50,1.00
2017.03.28 06:36:56.264,0.86498,0.86506,1.00,1.50
2017.03.28 06:36:56.366,0.86498,0.86507,1.00,3.00
2017.03.28 06:36:56.771,0.86497,0.86506,2.25,1.50
2017.03.28 06:36:57.459,0.86497,0.86506,1.00,1.12
2017.03.28 06:37:03.997,0.86496,0.86506,5.25,1.12
2017.03.28 06:37:04.301,0.86496,0.86504,1.12,1.00
2017.03.28 06:37:06.685,0.86496,0.86505,2.25,1.00
2017.03.28 06:37:07.191,0.86497,0.86505,1.12,1.00
2017.03.28 06:37:09.473,0.86497,0.86504,1.50,1.00
2017.03.28 06:37:09.686,0.86496,0.86504,2.62,1.00
2017.03.28 06:37:12.267,0.86496,0.86506,4.12,1.12
2017.03.28 06:37:12.523,0.86496,0.86506,3.00,1.87
2017.03.28 06:37:13.325,0.86497,0.86506,1.12,1.50
2017.03.28 06:37:13.858,0.86498,0.86507,1.07,1.87
2017.03.28 06:37:14.398,0.86497,0.86506,2.19,1.00
2017.03.28 06:37:14.938,0.86498,0.86506,1.00,1.00
2017.03.28 06:37:15.719,0.86497,0.86506,2.19,1.00
2017.03.28 06:37:16.229,0.86497,0.86505,1.12,1.00
2017.03.28 06:37:16.533,0.86495,0.86506,2.57,1.87
2017.03.28 06:37:17.071,0.86496,0.86506,1.00,1.87
2017.03.28 06:37:17.721,0.86495,0.86506,2.57,1.87
2017.03.28 06:37:17.939,0.86495,0.86504,1.00,1.00
2017.03.28 06:37:18.464,0.86495,0.86505,1.50,1.50
2017.03.28 06:37:18.970,0.86496,0.86505,1.00,1.12
2017.03.28 06:37:19.519,0.86497,0.86505,1.00,1.12
2017.03.28 06:37:20.160,0.86497,0.86504,1.50,1.00
2017.03.28 06:37:21.235,0.86497,0.86506,1.50,2.25
2017.03.28 06:37:22.726,0.86497,0.86504,1.00,1.00
2017.03.28 06:37:23.248,0.86496,0.86504,1.00,1.00
2017.03.28 06:37:23.552,0.86498,0.86507,1.50,1.87
2017.03.28 06:37:23.857,0.86501,0.86509,1.00,5.25
2017.03.28 06:37:23.908,0.86501,0.86509,1.00,1.12
2017.03.28 06:37:24.010,0.86503,0.86509,1.00,1.00
2017.03.28 06:37:24.112,0.86503,0.86511,1.00,1.12
2017.03.28 06:37:25.157,0.86504,0.8651,1.00,1.00
2017.03.28 06:37:25.758,0.86504,0.86511,1.00,1.00
2017.03.28 06:37:26.278,0.86504,0.86512,1.00,1.12
2017.03.28 06:37:28.212,0.86505,0.86512,1.00,2.62
2017.03.28 06:37:38.650,0.86502,0.86511,1.50,1.00
2017.03.28 06:37:38.701,0.86502,0.86509,1.50,1.00
2017.03.28 06:37:38.954,0.86499,0.86507,1.00,1.50
2017.03.28 06:37:39.158,0.86498,0.86507,1.87,1.87
2017.03.28 06:37:39.934,0.86497,0.86505,2.25,1.12
2017.03.28 06:37:41.848,0.86497,0.86506,1.50,1.00
2017.03.28 06:37:44.162,0.86497,0.86505,1.50,1.37
2017.03.28 06:37:44.720,0.86496,0.86505,1.50,1.37
2017.03.28 06:37:45.626,0.86498,0.86505,1.50,1.00
2017.03.28 06:37:46.133,0.86497,0.86505,1.00,1.50
2017.03.28 06:37:50.058,0.86498,0.86506,1.00,1.50
2017.03.28 06:37:51.062,0.86498,0.86507,1.12,1.12
2017.03.28 06:37:51.569,0.86499,0.86506,1.00,1.00
2017.03.28 06:37:51.772,0.865,0.86509,3.00,1.87
2017.03.28 06:37:52.279,0.86499,0.86508,2.25,1.00
2017.03.28 06:37:54.981,0.86498,0.86508,3.37,1.37
2017.03.28 06:37:55.488,0.86498,0.86508,1.87,1.87
2017.03.28 06:37:56.231,0.86497,0.86507,2.62,2.62
2017.03.28 06:37:57.123,0.86499,0.86507,1.00,2.62
2017.03.28 06:37:58.901,0.86499,0.86507,1.00,1.50
2017.03.28 06:37:59.823,0.865,0.86507,1.00,2.25
2017.03.28 06:38:00.411,0.86501,0.86507,1.00,1.50
2017.03.28 06:38:03.205,0.86501,0.86507,1.00,1.00
2017.03.28 06:38:06.123,0.86499,0.86507,1.00,1.37
2017.03.28 06:38:06.276,0.86498,0.86504,1.00,1.37
2017.03.28 06:38:06.479,0.86497,0.86505,1.00,1.50
2017.03.28 06:38:06.530,0.86499,0.86505,1.00,1.50
2017.03.28 06:38:07.371,0.86498,0.86505,1.00,1.50
2017.03.28 06:38:07.746,0.865,0.86507,1.00,1.12
2017.03.28 06:38:09.478,0.86499,0.86507,1.00,1.50
2017.03.28 06:38:09.782,0.86498,0.86506,1.00,1.37
2017.03.28 06:38:11.776,0.86497,0.86506,1.12,2.62
2017.03.28 06:38:12.322,0.86498,0.86504,1.00,1.00
2017.03.28 06:38:12.727,0.865,0.86506,1.00,1.12
2017.03.28 06:38:13.032,0.86501,0.86508,1.00,1.87
2017.03.28 06:38:13.185,0.86502,0.8651,1.50,2.25
2017.03.28 06:38:13.691,0.86503,0.8651,1.00,1.50
2017.03.28 06:38:14.849,0.86503,0.86511,1.00,2.25
2017.03.28 06:38:15.354,0.86502,0.86509,1.00,1.00
2017.03.28 06:38:16.491,0.86502,0.8651,1.50,1.50
2017.03.28 06:38:16.998,0.86502,0.8651,1.50,1.50
2017.03.28 06:38:17.535,0.86502,0.8651,1.00,2.25
2017.03.28 06:38:17.636,0.86502,0.8651,1.00,2.25
2017.03.28 06:38:17.789,0.86502,0.8651,1.00,2.25
2017.03.28 06:38:18.296,0.86503,0.8651,1.00,1.12
2017.03.28 06:38:19.247,0.86502,0.8651,1.50,1.12
2017.03.28 06:38:19.762,0.86503,0.86511,1.50,1.00
2017.03.28 06:38:20.269,0.86502,0.86512,3.37,3.37
2017.03.28 06:38:23.038,0.86502,0.8651,1.12,2.25
2017.03.28 06:38:24.692,0.86501,0.86507,1.87,1.00
2017.03.28 06:38:24.947,0.86499,0.86508,2.25,1.00
2017.03.28 06:38:25.251,0.86499,0.86508,1.00,1.50
2017.03.28 06:38:25.454,0.865,0.86508,1.00,1.50
2017.03.28 06:38:25.955,0.865,0.86508,1.00,1.50
2017.03.28 06:38:26.209,0.86502,0.86508,1.00,1.50
2017.03.28 06:38:26.777,0.86501,0.86508,1.00,1.50
2017.03.28 06:38:27.374,0.865,0.86508,1.00,2.25
2017.03.28 06:38:27.981,0.86501,0.86508,1.00,1.37
2017.03.28 06:38:28.490,0.86501,0.86509,1.00,2.25
2017.03.28 06:38:32.007,0.86502,0.86509,1.00,1.87
2017.03.28 06:38:32.698,0.86501,0.86509,1.50,1.50
2017.03.28 06:38:34.759,0.86502,0.86509,1.00,1.87
2017.03.28 06:38:35.265,0.86501,0.8651,1.00,2.62
2017.03.28 06:38:35.646,0.865,0.8651,1.69,2.62
2017.03.28 06:38:36.224,0.86501,0.8651,1.00,2.62
2017.03.28 06:38:38.162,0.865,0.86509,1.00,3.37
2017.03.28 06:38:38.490,0.86497,0.86505,3.00,1.12
2017.03.28 06:38:38.795,0.86496,0.86505,1.12,1.87
2017.03.28 06:38:39.549,0.86495,0.86505,3.19,1.87
2017.03.28 06:38:40.095,0.86495,0.86504,3.00,1.00
2017.03.28 06:38:40.551,0.86497,0.86505,1.00,1.87
2017.03.28 06:38:41.778,0.86495,0.86505,2.62,1.87
2017.03.28 06:38:42.319,0.86497,0.86505,1.12,1.50
2017.03.28 06:38:42.825,0.86498,0.86505,1.50,1.00
2017.03.28 06:38:50.461,0.86497,0.86505,1.12,1.12
2017.03.28 06:38:50.764,0.86499,0.86505,1.00,1.50
2017.03.28 06:38:50.866,0.86497,0.86505,1.87,1.50
2017.03.28 06:38:51.386,0.86498,0.86505,1.00,1.12
2017.03.28 06:38:51.953,0.86497,0.86505,1.87,1.12
2017.03.28 06:38:52.518,0.86498,0.86505,1.00,1.12
2017.03.28 06:38:53.063,0.86497,0.86505,1.87,1.12
2017.03.28 06:38:53.569,0.86496,0.86505,1.00,1.12
2017.03.28 06:38:54.127,0.86496,0.86505,1.00,1.37
2017.03.28 06:39:05.769,0.86497,0.86504,1.00,1.00
2017.03.28 06:39:06.276,0.86498,0.86504,1.00,1.12
2017.03.28 06:39:09.138,0.86499,0.86505,1.00,1.37
2017.03.28 06:39:09.557,0.86497,0.86505,1.00,1.37
2017.03.28 06:39:10.098,0.86496,0.86504,1.50,1.00
2017.03.28 06:39:10.504,0.86498,0.86505,1.00,2.25
2017.03.28 06:39:10.706,0.86498,0.86506,1.50,1.12
2017.03.28 06:39:11.215,0.86499,0.86505,1.00,1.00
2017.03.28 06:39:11.267,0.86499,0.86507,1.12,1.12
2017.03.28 06:39:11.473,0.86498,0.86505,1.12,1.00
2017.03.28 06:39:12.041,0.86496,0.86505,1.50,1.87
2017.03.28 06:39:13.004,0.86496,0.86505,1.50,1.87
2017.03.28 06:39:13.585,0.86496,0.86504,1.50,1.37
2017.03.28 06:39:14.046,0.86496,0.86505,1.50,1.50
2017.03.28 06:39:19.878,0.86495,0.86505,7.31,1.50
2017.03.28 06:39:25.395,0.86495,0.86502,6.00,1.00
2017.03.28 06:39:25.649,0.86495,0.86502,1.87,1.00
2017.03.28 06:39:26.554,0.86494,0.86503,1.12,1.50
2017.03.28 06:39:27.189,0.86494,0.86503,5.25,1.50
2017.03.28 06:39:27.717,0.86497,0.86505,1.00,1.12
2017.03.28 06:39:28.072,0.86496,0.86504,1.00,1.50
2017.03.28 06:39:28.579,0.86496,0.86504,1.50,1.12
2017.03.28 06:39:33.500,0.865,0.86506,1.00,2.25
2017.03.28 06:39:33.551,0.865,0.86506,1.00,1.75
2017.03.28 06:39:33.602,0.865,0.86506,2.25,1.00
2017.03.28 06:39:33.704,0.865,0.86508,2.25,1.12
2017.03.28 06:39:34.059,0.86498,0.86508,6.00,3.37
2017.03.28 06:39:34.566,0.86498,0.86505,1.37,1.00
2017.03.28 06:39:35.104,0.86497,0.86505,3.37,1.00
2017.03.28 06:39:37.666,0.86496,0.86505,2.25,1.87
2017.03.28 06:39:37.768,0.86494,0.86504,3.37,3.00
2017.03.28 06:39:38.275,0.86494,0.86502,3.75,1.00
2017.03.28 06:39:38.528,0.86496,0.86502,1.00,1.00
2017.03.28 06:39:40.039,0.86497,0.86504,1.50,1.75
2017.03.28 06:39:40.141,0.86497,0.86505,3.00,1.12
2017.03.28 06:39:40.293,0.86497,0.86504,1.00,2.25
2017.03.28 06:39:40.698,0.86495,0.86503,1.00,1.37
2017.03.28 06:39:44.584,0.86494,0.86503,2.81,1.87
2017.03.28 06:39:45.090,0.86495,0.86503,1.00,1.87
2017.03.28 06:39:45.597,0.86494,0.86503,2.44,1.00
2017.03.28 06:39:46.171,0.86495,0.86504,2.25,2.25
2017.03.28 06:39:46.222,0.86495,0.86502,1.00,1.00
2017.03.28 06:39:47.346,0.86494,0.86502,1.69,1.00
2017.03.28 06:39:47.914,0.86495,0.86502,1.00,1.00
2017.03.28 06:39:48.439,0.86494,0.86502,2.81,1.00
2017.03.28 06:39:50.137,0.86494,0.865,1.12,1.37
2017.03.28 06:39:50.189,0.86492,0.865,1.50,1.37
2017.03.28 06:39:50.342,0.8649,0.86496,2.25,1.00
2017.03.28 06:39:50.518,0.86489,0.86497,1.00,1.87
2017.03.28 06:39:51.025,0.8649,0.86496,1.00,1.00
2017.03.28 06:39:51.532,0.86489,0.86496,1.00,1.12
2017.03.28 06:39:52.051,0.8649,0.86496,1.00,1.12
2017.03.28 06:39:55.296,0.8649,0.86497,1.00,2.25
2017.03.28 06:39:55.450,0.8649,0.86495,1.00,1.00
2017.03.28 06:39:55.602,0.8649,0.86497,1.00,1.87
2017.03.28 06:39:56.150,0.86491,0.86497,1.00,1.12
2017.03.28 06:39:56.202,0.86489,0.86497,1.50,2.25
2017.03.28 06:39:56.253,0.86489,0.86497,1.00,3.00
2017.03.28 06:39:57.401,0.86489,0.86496,1.00,1.12
2017.03.28 06:39:57.919,0.8649,0.86496,1.00,1.12
2017.03.28 06:40:07.767,0.8649,0.86496,1.00,1.87
2017.03.28 06:40:07.818,0.86486,0.86496,4.12,2.62
2017.03.28 06:40:08.339,0.86488,0.86496,1.00,2.62
2017.03.28 06:40:10.146,0.86488,0.86496,1.00,2.25
2017.03.28 06:40:10.603,0.86486,0.86495,1.37,2.62
2017.03.28 06:40:10.654,0.86485,0.86494,1.87,2.62
2017.03.28 06:40:10.705,0.86485,0.86492,1.12,1.00
2017.03.28 06:40:10.959,0.86486,0.86494,1.00,3.37
2017.03.28 06:40:11.686,0.86486,0.86495,1.50,2.25
2017.03.28 06:40:11.838,0.86488,0.86495,1.00,1.00
2017.03.28 06:40:13.581,0.86487,0.86495,1.00,1.12
2017.03.28 06:40:14.102,0.86487,0.86495,1.00,2.25
2017.03.28 06:40:14.356,0.86485,0.86493,1.50,1.12
2017.03.28 06:40:14.864,0.86486,0.86494,2.25,1.00
2017.03.28 06:40:15.371,0.86487,0.86495,1.50,1.50
2017.03.28 06:40:17.816,0.86487,0.86495,1.50,1.50
2017.03.28 06:40:18.365,0.86487,0.86494,1.50,1.00
2017.03.28 06:40:20.741,0.86487,0.86495,1.00,1.50
2017.03.28 06:40:20.944,0.86486,0.86493,1.50,1.00
2017.03.28 06:40:23.063,0.86485,0.86494,1.00,4.12
2017.03.28 06:40:23.367,0.86487,0.86493,1.12,1.12
2017.03.28 06:40:23.469,0.86487,0.86496,1.12,1.50
2017.03.28 06:40:23.646,0.86489,0.86496,1.00,1.12
2017.03.28 06:40:25.043,0.86489,0.86497,1.00,2.62
2017.03.28 06:40:26.817,0.86489,0.86497,1.00,7.87
2017.03.28 06:40:28.026,0.86488,0.86497,1.12,7.50
2017.03.28 06:40:29.620,0.8649,0.86497,1.00,7.50
2017.03.28 06:40:30.330,0.86489,0.86497,1.12,5.62
2017.03.28 06:40:35.908,0.86486,0.86496,1.50,3.00
2017.03.28 06:40:36.450,0.86485,0.86494,1.12,3.37
2017.03.28 06:40:37.433,0.86485,0.86493,1.12,1.00
2017.03.28 06:40:38.107,0.86486,0.86493,1.00,1.00
2017.03.28 06:40:38.613,0.86487,0.86494,1.00,1.00
2017.03.28 06:40:39.119,0.86487,0.86495,1.00,3.75
2017.03.28 06:40:39.947,0.86487,0.86496,1.00,1.12
2017.03.28 06:40:48.161,0.86487,0.86496,1.50,1.50
2017.03.28 06:40:49.663,0.86487,0.86496,1.12,1.50
2017.03.28 06:40:49.916,0.86489,0.86495,1.00,1.00
2017.03.28 06:40:50.524,0.86489,0.86496,1.00,1.00
2017.03.28 06:40:51.031,0.86487,0.86496,1.12,1.50
2017.03.28 06:40:52.759,0.86488,0.86496,1.00,1.00
2017.03.28 06:40:53.270,0.86488,0.86495,1.00,1.00
2017.03.28 06:40:54.195,0.86487,0.86495,2.62,1.00
2017.03.28 06:40:54.701,0.86488,0.86496,1.00,1.00
2017.03.28 06:40:56.769,0.86489,0.86496,1.00,1.00
2017.03.28 06:40:58.863,0.86489,0.86497,1.50,1.50
2017.03.28 06:40:59.141,0.86491,0.86497,1.00,1.50
2017.03.28 06:41:00.374,0.86489,0.86497,1.00,1.00
2017.03.28 06:41:02.272,0.86489,0.86493,1.00,1.00
2017.03.28 06:41:02.323,0.86487,0.86494,1.50,1.32
2017.03.28 06:41:02.526,0.86485,0.86493,1.50,1.50
2017.03.28 06:41:05.970,0.86484,0.86493,1.12,1.12
2017.03.28 06:41:06.563,0.86484,0.86493,1.00,3.37
2017.03.28 06:41:08.322,0.86485,0.86493,1.00,3.37
2017.03.28 06:41:08.676,0.86487,0.86495,1.00,2.62
2017.03.28 06:41:10.037,0.86487,0.86495,1.50,1.00
2017.03.28 06:41:10.722,0.86487,0.86496,1.50,3.75
2017.03.28 06:41:11.491,0.86488,0.86496,1.00,1.00
2017.03.28 06:41:13.493,0.86487,0.86496,1.50,1.00
2017.03.28 06:41:14.775,0.86487,0.86496,1.00,1.50
2017.03.28 06:41:17.487,0.86487,0.86494,1.00,1.00
2017.03.28 06:41:18.026,0.86486,0.86493,1.00,1.12
2017.03.28 06:41:18.546,0.86487,0.86494,1.00,2.94
2017.03.28 06:41:21.282,0.86485,0.86494,1.00,2.62
2017.03.28 06:41:25.126,0.86485,0.86493,1.00,3.00
2017.03.28 06:41:25.355,0.86483,0.86492,1.00,1.12
2017.03.28 06:41:26.018,0.86484,0.86492,1.00,1.87
2017.03.28 06:41:26.070,0.86482,0.86491,1.31,1.00
2017.03.28 06:41:28.028,0.86484,0.86491,1.00,1.50
2017.03.28 06:41:29.550,0.86483,0.86491,1.00,1.12
2017.03.28 06:41:30.096,0.86481,0.86491,1.50,3.37
2017.03.28 06:41:35.110,0.86481,0.86491,2.25,2.25
2017.03.28 06:41:35.617,0.86482,0.86491,1.50,1.50
2017.03.28 06:41:35.921,0.86486,0.86492,1.50,1.00
2017.03.28 06:41:36.427,0.86486,0.86492,1.87,1.00
2017.03.28 06:41:36.478,0.86486,0.86495,1.87,1.50
2017.03.28 06:41:37.588,0.86487,0.86495,1.00,1.00
2017.03.28 06:41:38.113,0.86486,0.86495,1.87,1.00
2017.03.28 06:41:38.728,0.86486,0.86495,2.62,1.50
2017.03.28 06:41:40.229,0.86487,0.86495,1.12,1.00
2017.03.28 06:41:40.741,0.86487,0.86496,1.12,1.00
2017.03.28 06:41:41.046,0.86489,0.86496,1.00,1.00
2017.03.28 06:41:42.213,0.86489,0.86495,1.00,1.00
2017.03.28 06:41:42.947,0.86487,0.86495,1.12,1.00
2017.03.28 06:41:46.860,0.86488,0.86496,1.00,1.12
2017.03.28 06:41:47.850,0.86488,0.86497,1.50,2.62
2017.03.28 06:41:47.901,0.8649,0.86497,1.50,1.00
2017.03.28 06:41:48.106,0.86488,0.86497,1.00,1.37
2017.03.28 06:41:48.665,0.86487,0.86497,1.12,3.75
2017.03.28 06:41:49.172,0.86486,0.86494,1.00,1.12
2017.03.28 06:41:49.678,0.86485,0.86494,1.07,1.00
2017.03.28 06:41:50.083,0.86487,0.86495,1.00,3.75
2017.03.28 06:41:50.613,0.86487,0.86495,1.50,1.12
2017.03.28 06:41:51.462,0.86487,0.86496,1.50,1.50
2017.03.28 06:41:51.968,0.86488,0.86497,1.00,1.50
2017.03.28 06:41:58.502,0.86489,0.86497,1.00,1.50
2017.03.28 06:42:00.600,0.8649,0.86497,1.00,1.50
2017.03.28 06:42:00.950,0.86488,0.86498,1.50,3.37
2017.03.28 06:42:01.609,0.86489,0.86498,1.00,3.37
2017.03.28 06:42:03.344,0.8649,0.86498,1.00,4.50
2017.03.28 06:42:03.871,0.8649,0.86498,1.00,3.37
2017.03.28 06:42:05.008,0.86488,0.86498,1.32,3.75
2017.03.28 06:42:05.514,0.86489,0.86495,1.00,1.00
2017.03.28 06:42:06.425,0.86487,0.86495,1.00,1.87
2017.03.28 06:42:06.937,0.86489,0.86495,1.00,1.50
2017.03.28 06:42:07.795,0.86489,0.86494,1.00,1.00
2017.03.28 06:42:07.846,0.86487,0.86494,1.00,1.00
2017.03.28 06:42:08.362,0.86487,0.86495,1.00,1.00
2017.03.28 06:42:10.799,0.86489,0.86495,1.00,1.00
2017.03.28 06:42:17.043,0.86489,0.86496,1.00,1.00
2017.03.28 06:42:18.546,0.86492,0.86496,1.00,1.00
2017.03.28 06:42:19.052,0.86492,0.86498,1.00,1.50
2017.03.28 06:42:20.841,0.86492,0.86498,1.00,2.25
2017.03.28 06:42:21.470,0.8649,0.86498,1.00,2.25
2017.03.28 06:42:22.540,0.86489,0.86498,1.00,3.75
2017.03.28 06:42:26.241,0.8649,0.86498,1.87,3.00
2017.03.28 06:42:26.747,0.86491,0.86498,1.00,3.00
2017.03.28 06:42:34.015,0.86489,0.86498,1.00,3.00
2017.03.28 06:42:34.218,0.86491,0.86498,1.00,3.00
2017.03.28 06:42:34.269,0.86489,0.86498,1.00,3.37
2017.03.28 06:42:34.792,0.86489,0.86498,1.00,2.25
2017.03.28 06:42:35.299,0.86489,0.86497,1.00,1.50
2017.03.28 06:42:35.806,0.86488,0.86496,1.00,1.50
2017.03.28 06:42:36.382,0.86487,0.86496,1.50,1.87
2017.03.28 06:42:36.768,0.86487,0.86494,1.50,1.00
2017.03.28 06:42:39.069,0.86485,0.86495,1.87,2.62
2017.03.28 06:42:39.597,0.86485,0.86493,1.00,2.25
2017.03.28 06:42:42.529,0.86485,0.86493,1.00,2.25
2017.03.28 06:42:44.513,0.86486,0.86492,1.00,1.00
2017.03.28 06:42:44.565,0.86486,0.86494,1.00,2.62
2017.03.28 06:42:53.003,0.86486,0.86494,1.00,1.87
2017.03.28 06:42:53.510,0.86485,0.86493,1.12,2.62
2017.03.28 06:42:56.064,0.86483,0.86492,2.62,1.50
2017.03.28 06:42:56.115,0.86483,0.86492,1.37,5.25
2017.03.28 06:42:56.217,0.86482,0.86491,1.50,1.37
2017.03.28 06:42:57.199,0.86482,0.8649,1.87,1.12
2017.03.28 06:42:57.301,0.86482,0.8649,1.87,1.00
2017.03.28 06:42:59.043,0.86482,0.8649,1.00,2.25
2017.03.28 06:43:01.735,0.86482,0.8649,1.00,4.12
2017.03.28 06:43:02.381,0.86482,0.86489,1.00,1.12
2017.03.28 06:43:04.116,0.86482,0.86489,1.00,3.00
2017.03.28 06:43:04.167,0.8648,0.86489,1.00,3.75
2017.03.28 06:43:04.706,0.86481,0.86489,1.00,3.00
2017.03.28 06:43:06.212,0.86482,0.86489,1.00,1.87
2017.03.28 06:43:06.718,0.86483,0.86489,1.00,1.87
2017.03.28 06:43:06.923,0.86485,0.86489,1.00,1.12
2017.03.28 06:43:06.974,0.86482,0.8649,1.00,1.12
2017.03.28 06:43:07.077,0.86484,0.86489,1.00,1.00
2017.03.28 06:43:07.382,0.86484,0.86491,1.00,1.50
2017.03.28 06:43:07.585,0.86483,0.86489,1.00,1.50
2017.03.28 06:43:07.687,0.86479,0.86488,2.25,1.12
2017.03.28 06:43:08.112,0.86479,0.86485,1.00,1.00
2017.03.28 06:43:08.420,0.86481,0.86486,1.00,1.50
2017.03.28 06:43:08.928,0.86481,0.86487,1.12,1.87
2017.03.28 06:43:09.455,0.8648,0.86487,1.00,1.87
2017.03.28 06:43:11.471,0.86482,0.86487,1.00,1.87
2017.03.28 06:43:13.449,0.8648,0.86487,1.00,1.87
2017.03.28 06:43:15.840,0.8648,0.86486,1.00,1.50
2017.03.28 06:43:15.942,0.86478,0.86486,1.00,5.79
2017.03.28 06:43:16.196,0.86476,0.86485,1.50,2.19
2017.03.28 06:43:19.157,0.86476,0.86484,1.00,4.07
2017.03.28 06:43:19.686,0.86477,0.86483,1.00,1.00
2017.03.28 06:43:20.213,0.86478,0.86484,1.00,1.37
2017.03.28 06:43:20.264,0.86478,0.86485,1.00,1.00
2017.03.28 06:43:25.252,0.86475,0.86485,1.87,4.07
2017.03.28 06:43:25.761,0.86477,0.86485,1.00,3.00
2017.03.28 06:43:26.267,0.86478,0.86486,1.00,2.25
2017.03.28 06:43:26.925,0.86478,0.86486,1.00,1.12
2017.03.28 06:43:33.740,0.86476,0.86486,1.00,3.00
2017.03.28 06:43:35.851,0.86476,0.86486,1.00,3.75
2017.03.28 06:43:38.199,0.86477,0.86485,1.00,1.12
2017.03.28 06:43:42.331,0.86476,0.86485,2.25,1.12
2017.03.28 06:43:43.370,0.86477,0.86486,1.00,2.62
2017.03.28 06:43:43.522,0.86479,0.86486,1.00,1.00
2017.03.28 06:43:43.827,0.86482,0.86488,1.00,1.00
2017.03.28 06:43:43.929,0.8648,0.86488,2.25,1.00
2017.03.28 06:43:46.397,0.8648,0.86488,2.62,1.00
2017.03.28 06:43:46.702,0.86483,0.8649,1.50,1.50
2017.03.28 06:43:47.008,0.86486,0.86495,2.25,1.50
2017.03.28 06:43:47.160,0.86486,0.86496,1.50,4.12
2017.03.28 06:43:47.920,0.86486,0.86495,1.00,1.50
2017.03.28 06:43:48.543,0.86487,0.86494,1.00,1.12
2017.03.28 06:43:49.057,0.86487,0.86495,1.00,2.25
2017.03.28 06:43:50.230,0.86486,0.86495,1.00,1.00
2017.03.28 06:43:50.584,0.86485,0.86493,2.25,1.00
2017.03.28 06:43:50.889,0.86482,0.86491,1.50,1.00
2017.03.28 06:43:51.807,0.86482,0.8649,1.00,3.00
2017.03.28 06:43:52.060,0.8648,0.86489,1.50,1.50
2017.03.28 06:43:52.582,0.86481,0.8649,1.50,3.00
2017.03.28 06:43:53.240,0.8648,0.8649,2.25,2.25
2017.03.28 06:43:53.578,0.8648,0.86485,1.00,1.00
2017.03.28 06:43:53.630,0.86478,0.86485,1.12,1.50
2017.03.28 06:43:53.682,0.86478,0.86485,1.00,1.87
2017.03.28 06:43:53.783,0.86476,0.86483,1.00,1.12
2017.03.28 06:43:54.296,0.86477,0.86484,1.00,1.37
2017.03.28 06:43:54.828,0.86477,0.86486,2.25,4.12
2017.03.28 06:43:55.351,0.86477,0.86484,1.87,1.12
2017.03.28 06:43:56.233,0.86478,0.86486,1.00,4.12
2017.03.28 06:43:56.436,0.86475,0.86485,2.25,1.50
2017.03.28 06:43:56.639,0.86477,0.86486,1.00,4.12
2017.03.28 06:43:57.163,0.86478,0.86485,1.00,2.10
2017.03.28 06:43:57.483,0.86476,0.86486,1.50,3.37
2017.03.28 06:43:58.119,0.86478,0.86486,1.00,1.50
2017.03.28 06:43:58.170,0.86476,0.86485,1.50,1.00
2017.03.28 06:43:58.672,0.86477,0.86485,1.00,1.50
2017.03.28 06:43:59.246,0.86477,0.86485,1.00,1.00
2017.03.28 06:43:59.795,0.86477,0.86484,1.00,1.00
2017.03.28 06:44:00.157,0.86477,0.86486,1.50,1.50
2017.03.28 06:44:00.259,0.86477,0.86484,1.00,1.00
2017.03.28 06:44:00.411,0.86477,0.86486,1.00,1.50
2017.03.28 06:44:00.686,0.86477,0.86484,2.25,1.00
2017.03.28 06:44:00.990,0.86479,0.86485,1.00,1.12
2017.03.28 06:44:01.527,0.86478,0.86485,1.00,1.12
2017.03.28 06:44:03.768,0.86478,0.86484,1.00,1.00
2017.03.28 06:44:05.021,0.86478,0.86485,1.00,1.12
2017.03.28 06:44:05.793,0.86478,0.86487,1.00,2.25
2017.03.28 06:44:06.632,0.86479,0.86486,1.00,1.12
2017.03.28 06:44:09.921,0.8648,0.86486,1.00,1.00
2017.03.28 06:44:11.782,0.86479,0.86486,3.00,1.00
2017.03.28 06:44:12.438,0.86479,0.86485,1.00,1.00
2017.03.28 06:44:12.641,0.86477,0.86485,1.00,1.00
2017.03.28 06:44:13.166,0.86478,0.86487,1.00,2.25
2017.03.28 06:44:13.672,0.86479,0.86486,2.25,1.00
2017.03.28 06:44:14.561,0.86479,0.86487,1.50,1.12
2017.03.28 06:44:15.331,0.8648,0.86487,1.00,1.00
2017.03.28 06:44:17.715,0.8648,0.86486,1.00,1.12
2017.03.28 06:44:17.767,0.86478,0.86485,1.50,1.37
2017.03.28 06:44:18.121,0.86476,0.86485,1.00,2.62
2017.03.28 06:44:18.274,0.86476,0.86482,1.00,1.00
2017.03.28 06:44:18.812,0.86476,0.86483,1.00,1.87
2017.03.28 06:44:19.428,0.86476,0.86481,1.00,1.00
2017.03.28 06:44:19.878,0.86476,0.86483,1.00,1.00
2017.03.28 06:44:20.385,0.86475,0.86482,1.00,1.12
2017.03.28 06:44:20.931,0.86474,0.86483,1.00,1.87
2017.03.28 06:44:21.699,0.86474,0.86484,3.00,5.25
2017.03.28 06:44:23.961,0.86475,0.86482,1.00,1.00
2017.03.28 06:44:24.519,0.86477,0.86484,1.00,2.25
2017.03.28 06:44:24.722,0.86476,0.86484,1.00,1.12
2017.03.28 06:44:25.077,0.86475,0.86482,1.87,1.00
2017.03.28 06:44:25.588,0.86476,0.86482,1.00,1.00
2017.03.28 06:44:26.093,0.86475,0.86482,1.12,1.00
2017.03.28 06:44:26.620,0.86476,0.86483,1.00,1.00
2017.03.28 06:44:28.629,0.86477,0.86485,1.00,2.25
2017.03.28 06:44:30.068,0.86476,0.86483,1.00,1.12
2017.03.28 06:44:30.612,0.86475,0.86483,2.62,1.00
2017.03.28 06:44:30.962,0.86473,0.86481,1.12,1.37
2017.03.28 06:44:31.473,0.86472,0.86481,1.87,1.87
2017.03.28 06:44:32.023,0.86473,0.86481,1.00,2.25
2017.03.28 06:44:32.584,0.86474,0.86481,1.00,2.25
2017.03.28 06:44:35.297,0.86475,0.86481,1.00,1.50
2017.03.28 06:44:35.652,0.86475,0.86483,1.00,1.12
2017.03.28 06:44:35.971,0.86474,0.86478,1.50,1.00
2017.03.28 06:44:36.226,0.86466,0.86474,3.00,1.50
2017.03.28 06:44:36.429,0.86467,0.86472,1.00,1.00
2017.03.28 06:44:36.480,0.86464,0.86472,3.00,1.00
2017.03.28 06:44:37.290,0.86465,0.86473,1.87,1.12
2017.03.28 06:44:39.153,0.86464,0.86471,2.25,1.00
2017.03.28 06:44:39.517,0.86464,0.86473,3.00,1.50
2017.03.28 06:44:40.048,0.86465,0.86473,1.12,1.87
2017.03.28 06:44:40.699,0.86465,0.86473,1.12,1.50
2017.03.28 06:44:42.914,0.86464,0.86473,1.12,1.50
2017.03.28 06:44:43.429,0.86465,0.86472,1.00,1.50
2017.03.28 06:44:44.765,0.86465,0.86473,1.12,1.00
2017.03.28 06:44:45.370,0.86466,0.86473,1.00,1.00
2017.03.28 06:44:46.165,0.86465,0.86473,1.00,1.50
2017.03.28 06:44:46.645,0.86463,0.86473,3.75,2.62
2017.03.28 06:44:46.746,0.86465,0.86472,1.00,1.00
2017.03.28 06:44:49.661,0.86464,0.86472,2.25,1.00
2017.03.28 06:44:50.169,0.86464,0.86472,1.00,3.00
2017.03.28 06:44:50.695,0.86465,0.86472,2.25,1.12
2017.03.28 06:44:51.001,0.86466,0.86475,1.50,1.37
2017.03.28 06:44:51.586,0.86467,0.86475,1.00,1.37
2017.03.28 06:44:52.171,0.86466,0.86475,1.50,1.37
2017.03.28 06:44:53.563,0.86466,0.86474,1.00,1.87
2017.03.28 06:44:53.665,0.86464,0.86471,1.00,1.87
2017.03.28 06:44:53.819,0.86462,0.86471,1.87,1.00
2017.03.28 06:44:53.920,0.86464,0.86473,1.50,3.37
2017.03.28 06:44:54.428,0.86464,0.86472,1.50,1.37
2017.03.28 06:44:57.776,0.86463,0.86473,2.25,2.62
2017.03.28 06:44:59.678,0.86466,0.86474,1.00,3.37
2017.03.28 06:44:59.729,0.86466,0.86475,1.00,3.00
2017.03.28 06:45:00.237,0.86465,0.86474,1.00,3.37
2017.03.28 06:45:00.289,0.86465,0.86474,1.00,3.75
2017.03.28 06:45:00.340,0.86463,0.86473,3.00,2.62
2017.03.28 06:45:00.645,0.86463,0.86471,1.00,2.25
2017.03.28 06:45:01.153,0.86462,0.86471,1.12,3.00
2017.03.28 06:45:02.294,0.86462,0.86471,1.00,3.75
2017.03.28 06:45:02.651,0.86462,0.86471,1.50,2.25
2017.03.28 06:45:02.862,0.86462,0.86471,1.50,2.25
2017.03.28 06:45:03.374,0.86463,0.86471,1.00,2.25
2017.03.28 06:45:03.729,0.86465,0.86471,1.00,1.50
2017.03.28 06:45:03.830,0.86464,0.86472,1.00,1.87
2017.03.28 06:45:04.344,0.86465,0.86474,1.00,6.37
2017.03.28 06:45:05.408,0.86467,0.86474,1.00,1.50
2017.03.28 06:45:05.459,0.86468,0.86476,1.00,4.50
2017.03.28 06:45:05.510,0.86466,0.86476,1.50,4.50
2017.03.28 06:45:06.305,0.86467,0.86475,1.00,1.50
2017.03.28 06:45:06.853,0.86466,0.86474,1.00,2.25
2017.03.28 06:45:07.386,0.86464,0.86473,4.12,1.87
2017.03.28 06:45:07.926,0.86466,0.86473,1.00,1.12
2017.03.28 06:45:08.839,0.86466,0.86474,1.00,1.00
2017.03.28 06:45:10.177,0.86465,0.86474,2.25,1.50
2017.03.28 06:45:11.249,0.86466,0.86474,1.00,1.12
2017.03.28 06:45:14.520,0.86465,0.86473,1.00,1.12
2017.03.28 06:45:14.875,0.86465,0.86473,1.00,2.25
2017.03.28 06:45:15.834,0.86463,0.86471,2.62,1.50
2017.03.28 06:45:16.443,0.86464,0.86471,1.00,1.12
2017.03.28 06:45:17.229,0.86463,0.86471,2.25,1.12
2017.03.28 06:45:17.844,0.86464,0.86471,1.00,1.12
2017.03.28 06:45:20.223,0.86465,0.86471,1.00,1.12
2017.03.28 06:45:20.426,0.86463,0.8647,1.00,1.00
2017.03.28 06:45:20.629,0.86461,0.86471,1.87,4.50
2017.03.28 06:45:21.098,0.8646,0.86468,1.87,1.12
2017.03.28 06:45:21.452,0.86458,0.86468,2.62,2.25
2017.03.28 06:45:21.807,0.8646,0.86467,1.00,1.00
2017.03.28 06:45:22.094,0.8646,0.86469,1.50,1.87
2017.03.28 06:45:22.601,0.86459,0.86468,2.62,1.00
2017.03.28 06:45:22.805,0.86459,0.86468,1.00,1.87
2017.03.28 06:45:22.907,0.86459,0.86468,1.00,5.62
2017.03.28 06:45:24.347,0.86458,0.86467,2.62,2.25
2017.03.28 06:45:25.444,0.86457,0.86467,3.75,2.62
2017.03.28 06:45:25.783,0.8646,0.86466,1.00,1.00
2017.03.28 06:45:25.834,0.86458,0.86466,1.87,1.00
2017.03.28 06:45:26.343,0.86457,0.86467,2.25,2.25
2017.03.28 06:45:26.869,0.86458,0.86467,1.00,2.25
2017.03.28 06:45:27.399,0.86457,0.86466,1.50,1.12
2017.03.28 06:45:28.823,0.86458,0.86466,1.00,1.12
2017.03.28 06:45:29.631,0.86459,0.86467,1.00,2.25
2017.03.28 06:45:30.527,0.86459,0.86467,1.50,1.00
2017.03.28 06:45:31.321,0.86458,0.86467,2.25,1.50
2017.03.28 06:45:32.773,0.86457,0.86465,1.12,1.00
2017.03.28 06:45:33.078,0.86456,0.86466,3.75,5.25
2017.03.28 06:45:33.354,0.86459,0.86467,1.00,2.25
2017.03.28 06:45:33.455,0.86458,0.86465,1.00,1.12
2017.03.28 06:45:33.660,0.86455,0.86464,2.25,1.50
2017.03.28 06:45:34.411,0.86455,0.86464,3.75,1.00
2017.03.28 06:45:34.918,0.86455,0.86463,1.50,1.12
2017.03.28 06:45:35.628,0.86456,0.86463,1.50,1.12
2017.03.28 06:45:35.826,0.86456,0.86466,4.50,1.87
2017.03.28 06:45:36.283,0.86456,0.86463,1.50,1.00
2017.03.28 06:45:36.435,0.86453,0.8646,1.87,1.12
2017.03.28 06:45:36.537,0.86451,0.86461,3.37,2.62
2017.03.28 06:45:37.049,0.86452,0.86461,1.00,2.25
2017.03.28 06:45:37.671,0.86452,0.86461,1.00,2.25
2017.03.28 06:45:39.582,0.86452,0.86461,1.00,2.25
2017.03.28 06:45:40.128,0.86452,0.86462,4.12,1.12
2017.03.28 06:45:40.657,0.86452,0.86462,1.50,1.87
2017.03.28 06:45:41.179,0.86452,0.86462,1.50,3.75
2017.03.28 06:45:47.242,0.86453,0.86462,1.00,2.25
2017.03.28 06:45:47.663,0.86453,0.86462,1.87,1.00
2017.03.28 06:45:47.815,0.86455,0.86463,1.00,2.25
2017.03.28 06:45:47.917,0.86453,0.86463,3.37,3.00
2017.03.28 06:45:48.425,0.86454,0.86463,3.00,1.50
2017.03.28 06:45:48.976,0.86454,0.86463,1.50,1.87
2017.03.28 06:45:49.762,0.86453,0.86462,3.00,1.00
2017.03.28 06:45:50.420,0.86455,0.86462,1.00,1.50
2017.03.28 06:45:50.572,0.86455,0.86464,1.12,1.87
2017.03.28 06:45:52.534,0.86454,0.86463,3.00,1.00
2017.03.28 06:45:55.861,0.86455,0.86464,1.50,1.87
2017.03.28 06:45:56.364,0.86456,0.86465,1.50,1.37
2017.03.28 06:45:56.873,0.86456,0.86465,2.25,1.00
2017.03.28 06:45:57.427,0.86456,0.86465,1.87,1.00
2017.03.28 06:46:00.917,0.86457,0.86465,1.00,1.87
2017.03.28 06:46:01.221,0.86455,0.86465,4.50,3.37
2017.03.28 06:46:01.824,0.86456,0.86465,1.50,2.62
2017.03.28 06:46:02.981,0.86457,0.86465,1.00,1.87
2017.03.28 06:46:03.934,0.86457,0.86464,1.00,1.00
2017.03.28 06:46:05.807,0.86455,0.86464,3.75,1.87
2017.03.28 06:46:06.339,0.86456,0.86464,1.00,1.12
2017.03.28 06:46:07.294,0.86454,0.86462,1.37,2.25
2017.03.28 06:46:07.396,0.86452,0.8646,1.00,1.50
2017.03.28 06:46:07.548,0.8645,0.86458,1.12,1.12
2017.03.28 06:46:07.852,0.86449,0.86456,1.00,1.87
2017.03.28 06:46:14.088,0.86448,0.86457,2.25,2.62
2017.03.28 06:46:14.393,0.86447,0.86455,1.00,2.25
2017.03.28 06:46:14.901,0.86446,0.86453,2.62,1.00
2017.03.28 06:46:15.485,0.86447,0.86453,1.00,2.25
2017.03.28 06:46:15.791,0.86449,0.86457,1.50,1.50
2017.03.28 06:46:16.095,0.8645,0.86458,1.75,1.50
2017.03.28 06:46:16.298,0.8645,0.86458,1.50,1.00
2017.03.28 06:46:16.501,0.86451,0.86459,3.75,1.12
2017.03.28 06:46:17.015,0.8645,0.86459,2.25,1.00
2017.03.28 06:46:17.521,0.86452,0.8646,1.00,1.12
2017.03.28 06:46:19.648,0.86453,0.86461,1.00,1.87
2017.03.28 06:46:20.154,0.86453,0.86461,1.12,1.00
2017.03.28 06:46:20.712,0.86454,0.86461,1.00,1.00
2017.03.28 06:46:21.149,0.86452,0.8646,1.50,1.50
2017.03.28 06:46:21.353,0.86452,0.86457,1.00,1.00
2017.03.28 06:46:21.508,0.8645,0.86457,1.12,1.50
2017.03.28 06:46:22.084,0.86449,0.86456,1.87,1.00
2017.03.28 06:46:22.390,0.8645,0.86458,1.12,1.12
2017.03.28 06:46:22.972,0.86451,0.86459,1.00,1.12
2017.03.28 06:46:23.479,0.86452,0.8646,1.00,1.80
2017.03.28 06:46:24.045,0.86451,0.8646,2.62,1.87
2017.03.28 06:46:24.568,0.86454,0.8646,1.00,1.87
2017.03.28 06:46:25.075,0.86453,0.8646,1.87,1.50
2017.03.28 06:46:25.582,0.86454,0.8646,1.00,1.00
2017.03.28 06:46:27.320,0.86454,0.86461,1.00,1.00
2017.03.28 06:46:28.538,0.86453,0.86461,1.00,1.50
2017.03.28 06:46:28.845,0.86451,0.86459,1.12,1.87
2017.03.28 06:46:30.744,0.86453,0.8646,1.00,1.12
2017.03.28 06:46:30.979,0.86454,0.86462,1.87,6.75
2017.03.28 06:46:31.436,0.86454,0.86463,3.37,1.00
2017.03.28 06:46:33.059,0.86456,0.86464,1.87,1.00
2017.03.28 06:46:33.565,0.86457,0.86464,1.00,1.00
2017.03.28 06:46:33.778,0.86455,0.86463,1.00,1.00
2017.03.28 06:46:33.932,0.86455,0.86461,1.50,1.00
2017.03.28 06:46:34.440,0.86456,0.86461,1.00,1.00
2017.03.28 06:46:34.745,0.86455,0.86459,1.00,2.25
2017.03.28 06:46:35.129,0.86453,0.86459,1.00,2.25
2017.03.28 06:46:35.332,0.86451,0.86459,3.75,2.25
2017.03.28 06:46:35.637,0.8645,0.86457,1.50,1.12
2017.03.28 06:46:35.972,0.86448,0.86455,2.62,2.25
2017.03.28 06:46:36.479,0.86448,0.86455,1.87,2.62
2017.03.28 06:46:36.987,0.86449,0.86455,1.00,2.62
2017.03.28 06:46:37.291,0.86447,0.86455,1.50,4.87
2017.03.28 06:46:37.513,0.86446,0.86454,1.00,1.37
2017.03.28 06:46:37.565,0.86446,0.86455,1.87,2.25
2017.03.28 06:46:37.667,0.86448,0.86455,1.00,1.00
2017.03.28 06:46:38.176,0.86448,0.86456,1.00,1.00
2017.03.28 06:46:38.829,0.86448,0.86457,1.50,3.00
2017.03.28 06:46:39.241,0.86451,0.86457,1.00,1.50
2017.03.28 06:46:39.708,0.86448,0.86454,1.00,1.00
2017.03.28 06:46:40.012,0.8645,0.86454,1.00,1.00
2017.03.28 06:46:40.504,0.86448,0.86454,1.00,1.00
2017.03.28 06:46:41.016,0.86447,0.86454,1.00,1.00
2017.03.28 06:46:41.353,0.8645,0.86456,1.00,1.00
2017.03.28 06:46:41.860,0.8645,0.86458,1.87,1.12
2017.03.28 06:46:42.382,0.86449,0.86458,1.50,1.12
2017.03.28 06:46:42.890,0.86449,0.86457,1.00,1.00
2017.03.28 06:46:44.266,0.86449,0.86457,1.00,2.25
2017.03.28 06:46:44.797,0.86448,0.86457,1.00,2.25
2017.03.28 06:46:45.846,0.86448,0.86456,1.50,1.00
2017.03.28 06:46:46.361,0.86448,0.86455,1.00,1.00
2017.03.28 06:46:47.117,0.86448,0.86457,2.25,2.62
2017.03.28 06:46:47.651,0.86449,0.86456,1.00,1.00
2017.03.28 06:46:48.164,0.86452,0.86459,1.00,2.25
2017.03.28 06:46:48.569,0.86454,0.86459,1.00,1.00
2017.03.28 06:46:48.621,0.86452,0.86459,1.00,1.00
2017.03.28 06:46:48.773,0.8645,0.86459,2.25,1.75
2017.03.28 06:46:49.129,0.86451,0.86459,1.00,1.12
2017.03.28 06:46:49.333,0.86453,0.86462,1.00,3.75
2017.03.28 06:46:49.607,0.86455,0.86464,1.50,1.87
2017.03.28 06:46:49.860,0.86456,0.86465,1.87,2.62
2017.03.28 06:46:50.164,0.86459,0.86468,1.50,3.37
2017.03.28 06:46:50.317,0.8646,0.86469,1.87,1.12
2017.03.28 06:46:50.624,0.86462,0.8647,1.00,1.00
2017.03.28 06:46:51.265,0.86462,0.86469,1.00,1.00
2017.03.28 06:46:51.670,0.8646,0.86468,2.62,1.00
2017.03.28 06:46:51.960,0.86459,0.86467,1.50,5.25
2017.03.28 06:46:52.316,0.86457,0.86467,2.25,6.00
2017.03.28 06:46:53.229,0.86458,0.86467,1.00,4.87
2017.03.28 06:46:53.331,0.8646,0.86467,1.12,4.12
2017.03.28 06:46:53.382,0.86461,0.86468,1.00,1.12
2017.03.28 06:46:53.606,0.8646,0.86467,1.50,1.37
2017.03.28 06:46:53.965,0.86456,0.86465,1.12,1.87
2017.03.28 06:46:54.482,0.86455,0.86464,1.12,2.62
2017.03.28 06:46:54.951,0.86454,0.86462,1.50,1.00
2017.03.28 06:46:55.053,0.86453,0.86462,1.50,1.12
2017.03.28 06:46:55.104,0.86455,0.86462,1.00,1.12
2017.03.28 06:46:55.206,0.86453,0.86463,1.12,2.62
2017.03.28 06:46:55.715,0.86453,0.86463,1.87,3.00
2017.03.28 06:46:55.868,0.86452,0.86461,3.00,1.00
2017.03.28 06:46:56.395,0.86451,0.86461,1.87,1.87
2017.03.28 06:46:56.800,0.8645,0.86456,1.87,1.00
2017.03.28 06:46:57.104,0.86446,0.86455,1.37,1.00
2017.03.28 06:46:57.624,0.86446,0.86455,1.87,1.12
2017.03.28 06:46:58.131,0.86446,0.86455,3.00,1.00
2017.03.28 06:46:59.157,0.86447,0.86455,3.00,1.00
2017.03.28 06:47:00.265,0.86446,0.86456,4.12,1.50
2017.03.28 06:47:00.871,0.86448,0.86455,1.00,1.00
2017.03.28 06:47:01.328,0.86448,0.86457,1.00,1.12
2017.03.28 06:47:01.430,0.8645,0.86457,1.00,1.00
2017.03.28 06:47:03.244,0.8645,0.86459,1.50,1.87
2017.03.28 06:47:04.263,0.86449,0.86459,1.12,2.62
2017.03.28 06:47:04.544,0.86448,0.86457,1.12,1.00
2017.03.28 06:47:05.443,0.86448,0.86456,1.00,1.00
2017.03.28 06:47:05.748,0.86446,0.86454,1.00,1.00
2017.03.28 06:47:06.278,0.86445,0.86454,2.25,1.00
2017.03.28 06:47:06.784,0.86446,0.86454,1.00,1.00
2017.03.28 06:47:07.089,0.86448,0.86456,1.50,1.50
2017.03.28 06:47:07.607,0.86448,0.86457,1.00,1.12
2017.03.28 06:47:08.012,0.86447,0.86455,1.00,1.00
2017.03.28 06:47:08.317,0.86444,0.86453,3.00,1.00
2017.03.28 06:47:08.822,0.86444,0.86453,1.50,1.00
2017.03.28 06:47:09.333,0.86445,0.86453,1.12,1.00
2017.03.28 06:47:09.991,0.86446,0.86453,1.00,1.00
2017.03.28 06:47:10.397,0.86444,0.86453,1.12,1.00
2017.03.28 06:47:10.971,0.86444,0.86453,7.87,1.00
2017.03.28 06:47:11.478,0.86446,0.86454,1.12,1.00
2017.03.28 06:47:11.997,0.86444,0.86451,1.87,1.00
2017.03.28 06:47:12.333,0.86442,0.86446,1.00,1.00
2017.03.28 06:47:12.388,0.86438,0.86446,1.12,1.00
2017.03.28 06:47:12.845,0.8644,0.86447,1.00,1.00
2017.03.28 06:47:13.427,0.8644,0.86448,1.00,1.50
2017.03.28 06:47:13.954,0.86438,0.86448,4.12,1.50
2017.03.28 06:47:14.158,0.8644,0.86449,1.37,1.12
2017.03.28 06:47:14.668,0.86442,0.8645,1.00,1.00
2017.03.28 06:47:15.293,0.86442,0.8645,1.50,1.00
2017.03.28 06:47:15.946,0.86442,0.8645,1.12,1.00
2017.03.28 06:47:16.404,0.86444,0.8645,1.00,1.00
2017.03.28 06:47:18.278,0.86441,0.86449,4.50,1.00
2017.03.28 06:47:18.382,0.8644,0.86448,1.50,1.00
2017.03.28 06:47:18.586,0.86442,0.86449,1.00,1.12
2017.03.28 06:47:18.738,0.8644,0.86449,2.62,1.00
2017.03.28 06:47:19.122,0.86442,0.8645,1.00,1.50
2017.03.28 06:47:19.629,0.86441,0.86449,1.00,1.00
2017.03.28 06:47:20.275,0.8644,0.86449,1.12,1.87
2017.03.28 06:47:20.790,0.86439,0.86448,2.25,1.50
2017.03.28 06:47:21.293,0.86441,0.86449,1.00,1.00
2017.03.28 06:47:21.653,0.86441,0.86451,5.25,2.25
2017.03.28 06:47:21.755,0.86444,0.86451,1.00,1.50
2017.03.28 06:47:22.261,0.86443,0.86452,2.62,1.12
2017.03.28 06:47:22.767,0.86445,0.86453,1.00,1.50
2017.03.28 06:47:23.483,0.86444,0.86453,1.00,1.50
2017.03.28 06:47:24.566,0.86445,0.86453,1.00,1.50
2017.03.28 06:47:25.076,0.86444,0.86453,1.12,1.12
2017.03.28 06:47:25.602,0.86443,0.86452,3.00,1.00
2017.03.28 06:47:26.230,0.86444,0.86452,1.00,1.00
2017.03.28 06:47:26.382,0.86442,0.86451,2.25,1.12
2017.03.28 06:47:26.890,0.86441,0.86451,4.50,1.87
2017.03.28 06:47:27.391,0.86443,0.86451,1.00,1.50
2017.03.28 06:47:27.751,0.86443,0.86449,1.00,1.00
2017.03.28 06:47:27.954,0.8644,0.86447,1.87,1.00
2017.03.28 06:47:28.056,0.86441,0.86449,1.00,1.12
2017.03.28 06:47:28.158,0.86443,0.8645,1.50,1.00
2017.03.28 06:47:28.665,0.86444,0.86451,1.00,1.12
2017.03.28 06:47:29.172,0.86443,0.86451,1.00,1.12
2017.03.28 06:47:29.871,0.86441,0.86448,1.87,1.00
2017.03.28 06:47:30.125,0.86441,0.8645,1.12,2.62
2017.03.28 06:47:30.227,0.86443,0.8645,1.00,2.25
2017.03.28 06:47:30.431,0.86441,0.8645,1.87,2.25
2017.03.28 06:47:31.434,0.86441,0.8645,3.00,2.25
2017.03.28 06:47:34.163,0.86442,0.86451,3.37,1.12
2017.03.28 06:47:35.153,0.86444,0.86451,1.00,1.00
2017.03.28 06:47:35.458,0.86441,0.86451,2.62,1.00
2017.03.28 06:47:35.560,0.86441,0.86449,1.50,1.12
2017.03.28 06:47:36.039,0.8644,0.86447,1.00,1.00
2017.03.28 06:47:36.344,0.86442,0.86449,1.00,1.00
2017.03.28 06:47:36.648,0.8644,0.86447,1.00,1.00
2017.03.28 06:47:37.155,0.86439,0.86447,1.12,1.00
2017.03.28 06:47:37.690,0.8644,0.86447,1.00,1.00
2017.03.28 06:47:39.922,0.8644,0.86448,1.00,1.00
2017.03.28 06:47:40.451,0.8644,0.8645,3.00,3.00
2017.03.28 06:47:40.553,0.86442,0.8645,1.00,3.00
2017.03.28 06:47:40.858,0.8644,0.86449,1.12,1.50
2017.03.28 06:47:41.366,0.86441,0.86449,1.00,1.00
2017.03.28 06:47:41.917,0.86439,0.86448,3.37,1.00
2017.03.28 06:47:42.325,0.86442,0.86449,1.00,1.50
2017.03.28 06:47:42.580,0.86443,0.86451,1.00,1.12
2017.03.28 06:47:42.732,0.86445,0.86452,1.00,1.12
2017.03.28 06:47:43.242,0.86444,0.86452,1.00,1.00
2017.03.28 06:47:44.714,0.86443,0.86452,1.87,1.00
2017.03.28 06:47:45.222,0.86444,0.86452,1.00,1.50
2017.03.28 06:47:45.740,0.86445,0.86453,1.00,2.62
2017.03.28 06:47:46.399,0.86445,0.86452,1.00,1.00
2017.03.28 06:47:46.551,0.86443,0.86452,1.12,1.50
2017.03.28 06:47:46.653,0.86443,0.86451,2.25,1.50
2017.03.28 06:47:46.907,0.86441,0.8645,1.87,1.50
2017.03.28 06:47:47.176,0.86441,0.86448,1.12,1.00
2017.03.28 06:47:47.480,0.86441,0.8645,1.12,1.50
2017.03.28 06:47:52.789,0.86441,0.86451,2.62,2.62
2017.03.28 06:47:53.346,0.86444,0.86451,1.00,1.87
2017.03.28 06:47:53.875,0.86445,0.86453,1.00,2.25
2017.03.28 06:47:53.927,0.86446,0.86453,1.00,1.50
2017.03.28 06:47:54.487,0.86444,0.86453,1.87,1.50
2017.03.28 06:47:54.994,0.86445,0.86453,1.00,1.50
2017.03.28 06:47:55.540,0.86446,0.86453,1.00,1.50
2017.03.28 06:47:56.041,0.86445,0.86453,1.00,2.25
2017.03.28 06:47:56.683,0.86444,0.86453,1.87,1.50
2017.03.28 06:47:57.191,0.86443,0.86452,2.25,1.12
2017.03.28 06:47:58.841,0.86443,0.86451,1.50,1.12
2017.03.28 06:47:59.044,0.86442,0.8645,4.87,1.00
2017.03.28 06:47:59.247,0.86442,0.86452,3.75,1.50
2017.03.28 06:47:59.602,0.86444,0.86452,1.00,1.50
2017.03.28 06:48:00.130,0.86442,0.86452,2.62,2.25
2017.03.28 06:48:00.181,0.86442,0.8645,2.62,1.00
2017.03.28 06:48:00.687,0.86443,0.8645,1.00,1.00
2017.03.28 06:48:01.193,0.86444,0.8645,1.00,1.00
2017.03.28 06:48:01.396,0.86444,0.86452,1.00,1.50
2017.03.28 06:48:01.986,0.86443,0.86452,1.50,1.00
2017.03.28 06:48:02.853,0.86444,0.86452,1.00,1.00
2017.03.28 06:48:03.436,0.86443,0.86452,1.00,1.00
2017.03.28 06:48:06.537,0.86442,0.86451,2.25,1.00
2017.03.28 06:48:06.689,0.86444,0.86451,1.00,1.87
2017.03.28 06:48:06.791,0.86442,0.86451,1.12,2.62
2017.03.28 06:48:07.358,0.86443,0.86451,1.00,2.62
2017.03.28 06:48:08.393,0.86442,0.86451,3.37,1.00
2017.03.28 06:48:08.696,0.86444,0.86451,1.00,1.00
2017.03.28 06:48:09.358,0.86444,0.86453,1.00,2.62
2017.03.28 06:48:09.896,0.86444,0.86453,1.00,1.87
2017.03.28 06:48:11.184,0.86445,0.86453,1.00,1.87
2017.03.28 06:48:11.690,0.86444,0.86453,1.50,1.12
2017.03.28 06:48:11.998,0.86448,0.86454,1.00,1.00
2017.03.28 06:48:12.577,0.86448,0.86455,1.00,1.12
2017.03.28 06:48:12.832,0.86447,0.86457,3.00,2.25
2017.03.28 06:48:14.462,0.8645,0.86457,1.00,1.12
2017.03.28 06:48:16.941,0.8645,0.86457,1.00,1.37
2017.03.28 06:48:18.139,0.86449,0.86456,1.00,1.00
2017.03.28 06:48:18.661,0.86451,0.86456,1.00,1.00
2017.03.28 06:48:19.176,0.8645,0.86458,1.00,2.62
2017.03.28 06:48:21.440,0.86451,0.86459,1.00,1.87
2017.03.28 06:48:21.776,0.86453,0.8646,1.00,1.75
2017.03.28 06:48:21.878,0.86454,0.86461,1.00,2.62
2017.03.28 06:48:21.980,0.86454,0.86461,1.00,1.50
2017.03.28 06:48:22.847,0.86452,0.86461,1.50,1.50
2017.03.28 06:48:22.898,0.86451,0.8646,1.50,3.75
2017.03.28 06:48:23.405,0.86451,0.86458,1.00,1.00
2017.03.28 06:48:23.987,0.86451,0.86459,1.00,1.12
2017.03.28 06:48:24.190,0.86454,0.8646,1.12,1.87
2017.03.28 06:48:24.393,0.86454,0.86462,1.12,1.87
2017.03.28 06:48:27.200,0.86453,0.86461,1.12,1.00
2017.03.28 06:48:27.710,0.86454,0.86461,1.00,1.00
2017.03.28 06:48:28.242,0.86453,0.86461,1.50,1.00
2017.03.28 06:48:28.950,0.86452,0.86461,1.87,1.12
2017.03.28 06:48:29.503,0.86452,0.8646,1.00,1.12
2017.03.28 06:48:29.858,0.86454,0.86461,1.00,1.00
2017.03.28 06:48:30.611,0.86454,0.86462,1.00,1.12
2017.03.28 06:48:30.915,0.86452,0.86462,2.62,1.12
2017.03.28 06:48:31.169,0.86454,0.86462,1.00,1.12
2017.03.28 06:48:31.676,0.86455,0.86463,1.00,1.50
2017.03.28 06:48:34.590,0.86453,0.86462,3.00,1.37
2017.03.28 06:48:35.045,0.86455,0.86462,1.00,1.00
2017.03.28 06:48:35.581,0.86455,0.86463,1.00,1.12
2017.03.28 06:48:37.129,0.86454,0.86463,1.50,1.12
2017.03.28 06:48:37.647,0.86454,0.86462,1.50,1.00
2017.03.28 06:48:40.790,0.86455,0.86462,1.00,1.00
2017.03.28 06:48:44.417,0.86454,0.86462,1.00,1.12
2017.03.28 06:48:44.874,0.86453,0.86461,1.00,2.25
2017.03.28 06:48:45.078,0.8645,0.86459,1.37,2.25
2017.03.28 06:48:45.228,0.86449,0.86458,2.25,1.37
2017.03.28 06:48:45.313,0.86449,0.86458,1.50,1.37
2017.03.28 06:48:46.419,0.8645,0.86458,1.00,1.12
2017.03.28 06:48:46.933,0.8645,0.86459,3.69,1.87
2017.03.28 06:48:47.499,0.8645,0.86459,1.50,1.00
2017.03.28 06:48:47.550,0.86452,0.86459,1.00,1.00
2017.03.28 06:48:47.803,0.8645,0.86458,1.44,1.00
2017.03.28 06:48:47.855,0.86449,0.86457,2.25,2.47
2017.03.28 06:48:48.184,0.86446,0.86454,2.62,1.37
2017.03.28 06:48:48.235,0.86446,0.86454,1.00,1.00
2017.03.28 06:48:49.046,0.86445,0.86449,1.00,1.00
2017.03.28 06:48:49.097,0.86444,0.86449,1.12,1.00
2017.03.28 06:48:49.250,0.86442,0.86449,1.00,1.12
2017.03.28 06:48:49.623,0.86443,0.86451,1.50,1.00
2017.03.28 06:48:50.130,0.86445,0.86454,1.12,1.87
2017.03.28 06:48:50.435,0.86447,0.86454,1.00,1.87
2017.03.28 06:48:50.840,0.86444,0.86454,4.12,1.50
2017.03.28 06:48:51.112,0.86445,0.86452,1.12,1.00
2017.03.28 06:48:51.417,0.86442,0.86449,1.00,1.50
2017.03.28 06:48:51.954,0.86442,0.86449,1.00,1.00
2017.03.28 06:48:52.535,0.86441,0.86449,2.25,1.00
2017.03.28 06:48:53.201,0.86441,0.8645,3.00,1.87
2017.03.28 06:48:53.505,0.86443,0.8645,1.00,1.87
2017.03.28 06:48:54.783,0.86443,0.86451,1.00,1.00
2017.03.28 06:48:55.290,0.86444,0.86452,1.00,1.25
2017.03.28 06:48:57.518,0.86444,0.86449,1.00,1.00
2017.03.28 06:48:58.039,0.86443,0.86449,1.12,1.00
2017.03.28 06:48:58.343,0.86444,0.86449,2.25,1.00
2017.03.28 06:48:58.922,0.86444,0.86453,2.62,1.87
2017.03.28 06:48:59.199,0.86443,0.86453,1.00,5.57
2017.03.28 06:48:59.706,0.86443,0.86453,1.50,3.75
2017.03.28 06:49:00.465,0.86444,0.86452,1.00,1.50
2017.03.28 06:49:01.241,0.86443,0.86452,1.12,1.50
2017.03.28 06:49:03.158,0.86443,0.86451,1.00,1.00
2017.03.28 06:49:03.678,0.86443,0.86452,1.00,2.94
2017.03.28 06:49:05.357,0.86442,0.86451,1.87,1.00
2017.03.28 06:49:05.783,0.86442,0.86448,1.12,2.25
2017.03.28 06:49:06.846,0.86442,0.86451,1.12,1.07
2017.03.28 06:49:08.780,0.86442,0.8645,1.00,1.00
2017.03.28 06:49:09.326,0.86442,0.86449,1.00,1.00
2017.03.28 06:49:11.766,0.86442,0.86451,1.00,1.00
2017.03.28 06:49:11.918,0.86444,0.86451,1.00,1.00
2017.03.28 06:49:12.459,0.86443,0.86451,1.00,1.07
2017.03.28 06:49:14.197,0.86442,0.86451,1.00,1.50
2017.03.28 06:49:14.704,0.86443,0.86451,1.50,1.50
2017.03.28 06:49:15.252,0.86442,0.86451,1.50,2.25
2017.03.28 06:49:15.730,0.86441,0.86448,1.12,1.00
2017.03.28 06:49:15.984,0.86439,0.86447,3.75,1.00
2017.03.28 06:49:16.612,0.8644,0.86447,1.00,1.00
2017.03.28 06:49:17.169,0.8644,0.86448,1.00,1.00
2017.03.28 06:49:17.928,0.86439,0.86448,1.87,1.00
2017.03.28 06:49:20.000,0.86439,0.86447,1.00,1.00
2017.03.28 06:49:20.627,0.86437,0.86447,4.12,1.50
2017.03.28 06:49:21.136,0.86436,0.86446,1.87,1.00
2017.03.28 06:49:21.643,0.86438,0.86447,1.12,1.00
2017.03.28 06:49:22.193,0.86439,0.86448,1.00,4.87
2017.03.28 06:49:23.054,0.86439,0.86447,1.50,1.00
2017.03.28 06:49:23.763,0.86438,0.86446,1.00,1.00
2017.03.28 06:49:24.343,0.86438,0.86446,1.00,4.72
2017.03.28 06:49:28.761,0.86438,0.86446,1.00,3.00
2017.03.28 06:49:30.319,0.86436,0.86446,2.62,3.75
2017.03.28 06:49:30.718,0.86437,0.86446,1.00,3.75
2017.03.28 06:49:31.892,0.86437,0.86447,1.12,3.00
2017.03.28 06:49:32.044,0.86436,0.86445,1.87,1.12
2017.03.28 06:49:32.397,0.86435,0.86443,1.12,1.00
2017.03.28 06:49:32.704,0.86433,0.86441,1.50,1.12
2017.03.28 06:49:32.806,0.86432,0.86442,1.50,1.87
2017.03.28 06:49:33.009,0.86433,0.86442,1.37,2.62
2017.03.28 06:49:33.465,0.86431,0.86439,5.25,1.00
2017.03.28 06:49:33.516,0.86432,0.86439,1.00,1.87
2017.03.28 06:49:33.567,0.86431,0.86438,1.00,4.50
2017.03.28 06:49:33.777,0.86432,0.86439,1.37,1.00
2017.03.28 06:49:34.283,0.86434,0.86439,1.12,1.00
2017.03.28 06:49:34.536,0.86434,0.86443,1.12,1.87
2017.03.28 06:49:34.840,0.86436,0.86443,1.00,1.12
2017.03.28 06:49:35.356,0.86437,0.86443,1.00,1.00
2017.03.28 06:49:36.006,0.86436,0.86443,1.00,1.00
2017.03.28 06:49:37.441,0.86434,0.86443,1.00,1.12
2017.03.28 06:49:38.179,0.86434,0.86443,1.37,2.62
2017.03.28 06:49:38.788,0.86434,0.86443,2.62,2.62
2017.03.28 06:49:39.295,0.86434,0.86442,1.87,1.00
2017.03.28 06:49:41.440,0.86435,0.86443,1.00,1.50
2017.03.28 06:49:42.291,0.86432,0.86437,1.50,1.00
2017.03.28 06:49:42.443,0.86428,0.86437,1.50,1.87
2017.03.28 06:49:42.546,0.86427,0.86436,1.50,1.50
2017.03.28 06:49:42.597,0.86429,0.86436,1.00,2.25
2017.03.28 06:49:43.357,0.86428,0.86437,1.00,4.12
2017.03.28 06:49:43.610,0.86426,0.86436,2.25,1.50
2017.03.28 06:49:44.116,0.86426,0.86436,2.62,2.25
2017.03.28 06:49:44.649,0.86427,0.86436,1.00,1.50
2017.03.28 06:49:46.334,0.86428,0.86436,1.00,1.50
2017.03.28 06:49:46.846,0.86427,0.86436,1.00,1.37
2017.03.28 06:49:48.304,0.86429,0.86437,1.00,4.50
2017.03.28 06:49:48.577,0.86427,0.86436,1.12,1.12
2017.03.28 06:49:49.088,0.86426,0.86435,1.87,1.00
2017.03.28 06:49:49.630,0.86426,0.86436,2.62,1.50
2017.03.28 06:49:50.474,0.86426,0.86436,1.00,1.87
2017.03.28 06:49:51.067,0.86426,0.86436,1.00,5.25
2017.03.28 06:49:53.743,0.86427,0.86436,1.00,5.62
2017.03.28 06:49:54.047,0.86429,0.86436,1.00,1.00
2017.03.28 06:49:54.098,0.86429,0.86438,1.50,1.87
2017.03.28 06:49:54.200,0.86431,0.86436,1.00,1.00
2017.03.28 06:49:54.302,0.86429,0.86438,1.50,2.25
2017.03.28 06:49:54.404,0.86429,0.86439,1.00,3.00
2017.03.28 06:49:54.919,0.86429,0.86439,1.00,1.87
2017.03.28 06:49:55.457,0.8643,0.86439,1.00,1.37
2017.03.28 06:49:55.609,0.86432,0.8644,1.00,1.50
2017.03.28 06:49:56.116,0.86432,0.8644,1.00,1.00
2017.03.28 06:49:56.663,0.86433,0.86441,1.00,2.19
2017.03.28 06:49:56.966,0.86431,0.86439,1.12,1.00
2017.03.28 06:49:58.839,0.86432,0.86439,1.00,1.00
2017.03.28 06:49:58.941,0.86432,0.86441,1.50,1.00
2017.03.28 06:49:58.992,0.86432,0.86437,1.37,1.00
2017.03.28 06:49:59.095,0.86431,0.86435,1.00,1.00
2017.03.28 06:49:59.298,0.86428,0.86432,1.00,1.00
2017.03.28 06:49:59.349,0.86426,0.86434,5.25,1.00
2017.03.28 06:49:59.400,0.86428,0.86434,1.00,1.00
2017.03.28 06:49:59.603,0.86426,0.86434,1.87,1.00
2017.03.28 06:50:00.140,0.86425,0.86432,1.50,1.00
2017.03.28 06:50:00.646,0.86425,0.86433,1.00,1.00
2017.03.28 06:50:01.247,0.86424,0.86433,3.37,1.00
2017.03.28 06:50:01.784,0.86425,0.86434,1.87,1.00
2017.03.28 06:50:02.294,0.86425,0.86433,1.37,1.07
2017.03.28 06:50:02.829,0.86425,0.86434,2.62,1.07
2017.03.28 06:50:03.560,0.86425,0.86433,3.00,1.00
2017.03.28 06:50:04.167,0.86424,0.86432,6.37,1.00
2017.03.28 06:50:04.623,0.86425,0.86434,1.00,1.50
2017.03.28 06:50:04.724,0.86428,0.86435,1.00,1.00
2017.03.28 06:50:05.086,0.8643,0.86437,1.00,1.00
2017.03.28 06:50:05.592,0.86429,0.86438,1.50,1.00
2017.03.28 06:50:05.897,0.86428,0.86435,1.12,1.00
2017.03.28 06:50:05.948,0.86428,0.86437,1.12,1.87
2017.03.28 06:50:06.455,0.86428,0.86437,1.87,1.12
2017.03.28 06:50:06.932,0.86428,0.86435,1.37,1.00
2017.03.28 06:50:07.135,0.86427,0.86434,1.12,1.00
2017.03.28 06:50:08.174,0.86427,0.86435,1.00,1.00
2017.03.28 06:50:08.556,0.86427,0.86437,3.75,1.00
2017.03.28 06:50:09.012,0.86427,0.86434,1.12,1.00
2017.03.28 06:50:09.519,0.86425,0.86434,2.62,1.00
2017.03.28 06:50:09.823,0.86428,0.86435,1.00,1.00
2017.03.28 06:50:10.381,0.86427,0.86436,1.00,1.00
2017.03.28 06:50:11.953,0.86427,0.86434,1.37,1.00
2017.03.28 06:50:12.223,0.86425,0.86433,4.12,1.00
2017.03.28 06:50:14.230,0.86426,0.86435,1.12,1.07
2017.03.28 06:50:14.740,0.86427,0.86436,1.00,1.82
2017.03.28 06:50:16.076,0.86427,0.86434,1.00,1.00
2017.03.28 06:50:16.598,0.86426,0.86434,3.00,1.00
2017.03.28 06:50:18.780,0.86427,0.86434,1.00,1.50
2017.03.28 06:50:19.086,0.86425,0.86432,1.50,1.00
2017.03.28 06:50:19.589,0.86425,0.86433,1.50,1.07
2017.03.28 06:50:21.137,0.86426,0.86433,1.00,1.00
2017.03.28 06:50:23.128,0.86425,0.86433,1.50,1.00
2017.03.28 06:50:23.886,0.86425,0.86434,1.50,1.87
2017.03.28 06:50:25.129,0.86425,0.86434,1.12,2.25
2017.03.28 06:50:25.755,0.86425,0.86434,1.50,1.00
2017.03.28 06:50:26.483,0.86425,0.86433,1.12,1.00
2017.03.28 06:50:31.756,0.86426,0.86433,1.00,1.00
2017.03.28 06:50:34.994,0.86425,0.86433,1.00,1.00
2017.03.28 06:50:36.816,0.86424,0.86433,2.25,1.00
2017.03.28 06:50:37.546,0.86424,0.86433,1.12,3.75
2017.03.28 06:50:39.254,0.86424,0.86432,1.12,1.12
2017.03.28 06:50:41.090,0.86426,0.86432,1.00,1.12
2017.03.28 06:50:41.192,0.86424,0.86434,3.75,1.00
2017.03.28 06:50:41.699,0.86424,0.86433,1.50,1.00
2017.03.28 06:50:42.685,0.86424,0.86434,2.25,1.87
2017.03.28 06:50:43.209,0.86424,0.86433,3.00,1.00
2017.03.28 06:50:49.023,0.86424,0.86434,5.25,2.25
2017.03.28 06:50:49.234,0.86425,0.86435,2.62,2.25
2017.03.28 06:50:53.792,0.86425,0.86434,2.25,1.00
2017.03.28 06:50:58.405,0.86425,0.86434,3.37,1.00
2017.03.28 06:50:58.912,0.86425,0.86433,3.00,1.00
2017.03.28 06:50:59.420,0.86426,0.86434,1.00,1.00
2017.03.28 06:50:59.950,0.86426,0.86435,1.00,1.50
2017.03.28 06:51:00.508,0.86425,0.86434,2.62,1.00
2017.03.28 06:51:00.813,0.86424,0.86432,2.62,1.00
2017.03.28 06:51:01.340,0.86424,0.86432,1.87,1.00
2017.03.28 06:51:02.723,0.86424,0.86433,1.87,1.87
2017.03.28 06:51:05.016,0.86426,0.86434,1.00,2.25
2017.03.28 06:51:05.169,0.86426,0.86435,1.00,1.00
2017.03.28 06:51:06.870,0.86426,0.86435,3.37,1.50
2017.03.28 06:51:07.775,0.86427,0.86435,1.12,1.00
2017.03.28 06:51:09.212,0.86427,0.86435,1.37,1.00
2017.03.28 06:51:11.944,0.86427,0.86436,1.87,1.87
2017.03.28 06:51:12.274,0.86428,0.86437,1.87,2.25
2017.03.28 06:51:12.528,0.8643,0.86438,1.12,1.87
2017.03.28 06:51:14.994,0.86432,0.86439,1.50,1.00
2017.03.28 06:51:15.146,0.86433,0.86442,1.87,3.75
2017.03.28 06:51:15.248,0.86435,0.86443,1.00,3.75
2017.03.28 06:51:15.553,0.86437,0.86443,1.00,1.00
2017.03.28 06:51:16.067,0.86436,0.86446,4.87,1.87
2017.03.28 06:51:16.568,0.86437,0.86446,1.12,1.00
2017.03.28 06:51:17.321,0.86437,0.86445,1.12,1.00
2017.03.28 06:51:18.052,0.86437,0.86446,1.12,1.50
2017.03.28 06:51:19.848,0.86437,0.86445,1.12,1.00
2017.03.28 06:51:20.371,0.86437,0.86444,1.12,1.00
2017.03.28 06:51:20.981,0.86437,0.86445,1.12,1.00
2017.03.28 06:51:25.122,0.86437,0.86446,1.12,3.00
2017.03.28 06:51:25.640,0.86437,0.86446,1.37,1.00
2017.03.28 06:51:26.060,0.86437,0.86444,1.37,1.00
2017.03.28 06:51:26.167,0.86437,0.86446,1.37,1.50
2017.03.28 06:51:26.714,0.86437,0.86445,1.37,1.50
2017.03.28 06:51:27.607,0.86437,0.86446,2.25,1.00
2017.03.28 06:51:30.063,0.86441,0.86446,1.00,1.00
2017.03.28 06:51:30.317,0.86441,0.86449,1.00,3.00
2017.03.28 06:51:30.825,0.86441,0.86449,1.00,1.87
2017.03.28 06:51:31.913,0.86441,0.86449,1.00,2.62
2017.03.28 06:51:32.422,0.86439,0.86448,1.87,1.00
2017.03.28 06:51:32.928,0.8644,0.86449,1.87,3.00
2017.03.28 06:51:33.080,0.8644,0.86449,2.25,1.50
2017.03.28 06:51:33.861,0.86439,0.86449,1.87,3.37
2017.03.28 06:51:33.912,0.86438,0.86446,2.62,1.00
2017.03.28 06:51:33.964,0.86439,0.86448,1.12,1.50
2017.03.28 06:51:34.476,0.86439,0.86448,1.87,1.00
2017.03.28 06:51:35.036,0.8644,0.86447,2.25,1.00
2017.03.28 06:51:40.187,0.8644,0.86448,1.00,1.00
2017.03.28 06:51:40.702,0.8644,0.86447,1.00,1.00
2017.03.28 06:51:41.393,0.86438,0.86447,2.62,1.00
2017.03.28 06:51:42.693,0.86438,0.86447,1.50,1.00
2017.03.28 06:51:44.603,0.86437,0.86446,2.25,1.00
2017.03.28 06:51:44.722,0.86436,0.86442,1.12,2.62
2017.03.28 06:51:44.876,0.86431,0.86439,1.00,1.87
2017.03.28 06:51:45.237,0.8643,0.86439,1.12,6.00
2017.03.28 06:51:46.317,0.86429,0.86437,1.37,1.12
2017.03.28 06:51:48.777,0.86428,0.86437,1.00,3.37
2017.03.28 06:51:48.981,0.86427,0.86435,1.50,1.50
2017.03.28 06:51:49.234,0.86428,0.86437,1.87,2.25
2017.03.28 06:51:49.747,0.86429,0.86438,1.00,4.87
2017.03.28 06:51:54.823,0.86429,0.86438,1.00,2.25
2017.03.28 06:51:55.434,0.86429,0.86438,1.12,5.62
2017.03.28 06:51:56.687,0.8643,0.86438,1.50,1.00
2017.03.28 06:51:58.118,0.86431,0.86439,1.00,1.50
2017.03.28 06:51:58.766,0.8643,0.86438,1.00,1.50
2017.03.28 06:51:59.919,0.8643,0.86438,1.00,1.37
2017.03.28 06:52:00.434,0.86429,0.86436,1.00,3.00
2017.03.28 06:52:00.739,0.86434,0.86438,1.44,1.12
2017.03.28 06:52:00.841,0.86436,0.86442,1.00,2.25
2017.03.28 06:52:01.027,0.86435,0.86442,2.19,1.50
2017.03.28 06:52:01.079,0.86436,0.86444,1.87,1.12
2017.03.28 06:52:01.231,0.86438,0.86445,1.00,3.75
2017.03.28 06:52:01.384,0.86438,0.86446,1.87,1.50
2017.03.28 06:52:01.536,0.86439,0.86447,1.50,1.00
2017.03.28 06:52:02.043,0.86441,0.86449,1.00,1.50
2017.03.28 06:52:03.422,0.86441,0.8645,1.00,1.37
2017.03.28 06:52:03.749,0.86443,0.8645,1.00,1.87
2017.03.28 06:52:04.255,0.86442,0.86451,1.00,6.00
2017.03.28 06:52:06.052,0.86441,0.86451,1.00,4.50
2017.03.28 06:52:07.273,0.86441,0.86449,1.00,3.37
2017.03.28 06:52:08.201,0.86439,0.86449,1.50,4.12
2017.03.28 06:52:08.886,0.86441,0.86449,1.00,3.37
2017.03.28 06:52:09.392,0.86442,0.86449,1.00,1.50
2017.03.28 06:52:09.697,0.86442,0.86446,1.00,1.00
2017.03.28 06:52:09.747,0.86439,0.86446,1.00,1.00
2017.03.28 06:52:14.822,0.86439,0.86445,1.00,1.00
2017.03.28 06:52:14.975,0.86437,0.86444,1.00,1.00
2017.03.28 06:52:15.499,0.86438,0.86444,1.00,1.00
2017.03.28 06:52:21.626,0.86436,0.86444,1.12,1.00
2017.03.28 06:52:21.829,0.86434,0.86442,1.87,1.00
2017.03.28 06:52:22.349,0.86434,0.86442,1.50,1.00
2017.03.28 06:52:22.936,0.86436,0.86442,1.00,1.00
2017.03.28 06:52:23.393,0.86437,0.86444,1.12,1.00
2017.03.28 06:52:24.529,0.86436,0.86444,1.87,1.00
2017.03.28 06:52:25.590,0.86435,0.86443,1.50,1.00
2017.03.28 06:52:25.642,0.86433,0.86441,3.37,1.00
2017.03.28 06:52:25.795,0.86433,0.86441,1.12,1.00
2017.03.28 06:52:26.050,0.86432,0.86439,1.87,1.00
2017.03.28 06:52:26.406,0.86434,0.86439,1.00,1.00
2017.03.28 06:52:26.564,0.86434,0.86441,1.50,1.12
2017.03.28 06:52:27.089,0.86435,0.86442,1.12,1.12
2017.03.28 06:52:27.680,0.86434,0.86442,1.00,1.12
2017.03.28 06:52:28.240,0.86435,0.86442,1.00,1.12
2017.03.28 06:52:28.696,0.86437,0.86444,1.00,1.12
2017.03.28 06:52:29.621,0.86438,0.86444,1.00,1.12
2017.03.28 06:52:30.127,0.86439,0.86444,1.00,1.12
2017.03.28 06:52:32.421,0.86437,0.86444,1.00,1.12
2017.03.28 06:52:33.617,0.86436,0.86444,1.12,1.12
2017.03.28 06:52:34.123,0.86434,0.86443,3.00,1.00
2017.03.28 06:52:35.621,0.86435,0.86444,1.12,1.12
2017.03.28 06:52:35.672,0.86435,0.86444,1.12,1.50
2017.03.28 06:52:36.201,0.86436,0.86443,1.00,1.00
2017.03.28 06:52:37.149,0.86435,0.86443,1.12,1.00
2017.03.28 06:52:37.655,0.86434,0.86442,1.87,1.00
2017.03.28 06:52:38.263,0.86435,0.86442,1.00,1.00
2017.03.28 06:52:38.569,0.86438,0.86444,1.00,1.12
2017.03.28 06:52:38.832,0.86435,0.86443,1.00,1.12
2017.03.28 06:52:39.237,0.86436,0.86444,1.87,1.00
2017.03.28 06:52:39.744,0.86436,0.86444,3.00,1.00
2017.03.28 06:52:40.857,0.86436,0.86444,1.37,1.00
2017.03.28 06:52:41.264,0.86438,0.86446,1.00,1.00
2017.03.28 06:52:42.119,0.8644,0.86446,1.00,1.00
2017.03.28 06:52:43.697,0.8644,0.86447,1.00,1.12
2017.03.28 06:52:44.052,0.86438,0.86446,2.25,1.12
2017.03.28 06:52:44.154,0.86438,0.86444,1.50,1.00
2017.03.28 06:52:44.681,0.86437,0.86445,1.50,1.87
2017.03.28 06:52:44.985,0.86438,0.86443,1.12,1.00
2017.03.28 06:52:45.491,0.86437,0.86443,2.62,1.00
2017.03.28 06:52:45.593,0.86437,0.86445,4.12,1.00
2017.03.28 06:52:45.745,0.8644,0.86446,1.00,1.00
2017.03.28 06:52:47.070,0.86441,0.86446,1.00,1.00
2017.03.28 06:52:49.940,0.86441,0.86448,1.12,1.87
2017.03.28 06:52:50.345,0.86441,0.86447,1.75,1.00
2017.03.28 06:52:51.013,0.86441,0.86448,2.25,1.12
2017.03.28 06:52:51.675,0.86442,0.86448,1.00,1.00
2017.03.28 06:52:53.289,0.86442,0.86449,1.75,1.00
2017.03.28 06:52:53.543,0.86448,0.86453,1.00,1.87
2017.03.28 06:52:53.594,0.86446,0.86453,1.00,1.12
2017.03.28 06:52:53.696,0.86448,0.86453,1.00,1.00
2017.03.28 06:52:54.243,0.86448,0.86454,1.00,1.00
2017.03.28 06:52:54.750,0.86448,0.86453,1.00,1.00
2017.03.28 06:52:54.852,0.86448,0.86455,1.00,1.00
2017.03.28 06:52:55.359,0.86447,0.86455,1.50,1.00
2017.03.28 06:52:55.865,0.86447,0.86454,1.50,1.00
2017.03.28 06:52:56.368,0.86447,0.86455,1.00,1.00
2017.03.28 06:52:57.138,0.86447,0.86454,3.00,1.00
2017.03.28 06:52:57.665,0.86447,0.86455,1.50,1.00
2017.03.28 06:52:58.171,0.86448,0.86455,1.00,1.00
2017.03.28 06:52:58.827,0.86448,0.86454,1.00,1.00
2017.03.28 06:52:58.878,0.86446,0.86454,1.12,1.00
2017.03.28 06:52:59.385,0.86447,0.86453,1.00,1.00
2017.03.28 06:52:59.790,0.86445,0.86452,1.50,1.00
2017.03.28 06:53:00.419,0.86446,0.86452,1.00,1.00
2017.03.28 06:53:01.605,0.86445,0.86452,1.12,1.00
2017.03.28 06:53:01.871,0.86444,0.8645,1.50,1.00
2017.03.28 06:53:02.539,0.86443,0.8645,1.87,1.00
2017.03.28 06:53:03.047,0.86443,0.86451,1.00,1.00
2017.03.28 06:53:03.554,0.86444,0.8645,1.00,1.00
2017.03.28 06:53:04.444,0.86444,0.86451,1.00,1.00
2017.03.28 06:53:10.211,0.86444,0.86448,1.00,1.00
2017.03.28 06:53:10.262,0.86442,0.86446,2.62,1.00
2017.03.28 06:53:10.314,0.86443,0.86449,1.00,1.87
2017.03.28 06:53:10.365,0.86443,0.86447,1.00,1.00
2017.03.28 06:53:10.518,0.86442,0.86449,1.00,1.50
2017.03.28 06:53:14.730,0.86444,0.86449,1.00,1.00
2017.03.28 06:53:15.239,0.86443,0.8645,1.50,1.00
2017.03.28 06:53:16.343,0.86443,0.86449,1.00,1.12
2017.03.28 06:53:19.474,0.86442,0.86449,1.00,1.12
2017.03.28 06:53:25.322,0.86443,0.86449,1.00,1.12
2017.03.28 06:53:25.867,0.86443,0.86449,1.00,1.37
2017.03.28 06:53:27.453,0.86443,0.86449,1.00,1.12
2017.03.28 06:53:29.453,0.86442,0.86449,1.00,1.12
2017.03.28 06:53:29.760,0.86441,0.86446,1.00,1.00
2017.03.28 06:53:29.862,0.86439,0.86446,1.12,1.00
2017.03.28 06:53:30.063,0.86441,0.86447,1.00,1.00
2017.03.28 06:53:31.601,0.86441,0.86448,1.00,1.12
2017.03.28 06:53:36.342,0.86443,0.86448,1.12,1.00
2017.03.28 06:53:36.798,0.86444,0.8645,1.00,1.00
2017.03.28 06:53:41.860,0.86442,0.8645,1.87,1.12
2017.03.28 06:53:41.962,0.86442,0.86448,1.00,1.00
2017.03.28 06:53:42.127,0.8644,0.86449,1.50,1.12
2017.03.28 06:53:42.664,0.86441,0.86449,1.00,1.50
2017.03.28 06:53:43.210,0.86441,0.86446,1.00,1.00
2017.03.28 06:53:43.780,0.86441,0.86447,1.00,1.00
2017.03.28 06:53:45.044,0.86443,0.86447,1.00,1.00
2017.03.28 06:53:45.145,0.86441,0.86447,1.00,1.00
2017.03.28 06:53:46.066,0.86443,0.86447,1.00,1.00
2017.03.28 06:53:46.803,0.86444,0.86448,1.00,1.00
2017.03.28 06:53:47.331,0.86444,0.86448,1.00,1.00
2017.03.28 06:53:51.215,0.86442,0.86448,1.12,1.00
2017.03.28 06:53:52.185,0.86441,0.86446,1.00,1.00
2017.03.28 06:53:52.506,0.86439,0.86445,1.00,1.00
2017.03.28 06:53:53.018,0.86438,0.86445,1.00,1.00
2017.03.28 06:53:53.820,0.8644,0.86445,1.00,1.00
2017.03.28 06:53:54.349,0.86439,0.86446,1.00,1.00
2017.03.28 06:53:57.304,0.86438,0.86446,2.25,1.00
2017.03.28 06:53:57.963,0.8644,0.86446,1.00,1.00
2017.03.28 06:53:59.663,0.86437,0.86445,4.12,1.00
2017.03.28 06:53:59.715,0.86437,0.86441,1.87,1.00
2017.03.28 06:53:59.816,0.86437,0.86443,1.00,1.50
2017.03.28 06:54:00.364,0.86438,0.86443,1.00,1.00
2017.03.28 06:54:00.924,0.86439,0.86443,1.00,1.00
2017.03.28 06:54:01.540,0.86438,0.86443,1.00,1.00
2017.03.28 06:54:02.589,0.86437,0.86443,1.50,1.00
2017.03.28 06:54:03.852,0.86438,0.86443,1.00,1.00
2017.03.28 06:54:04.382,0.86437,0.86443,1.00,1.00
2017.03.28 06:54:05.511,0.86437,0.86444,1.00,1.12
2017.03.28 06:54:06.017,0.86438,0.86444,1.00,1.00
2017.03.28 06:54:06.531,0.86439,0.86444,1.00,1.00
2017.03.28 06:54:07.050,0.8644,0.86444,1.00,1.00
2017.03.28 06:54:07.570,0.86439,0.86444,1.00,1.00
2017.03.28 06:54:08.100,0.86439,0.86445,1.00,1.00
2017.03.28 06:54:08.721,0.86438,0.86444,1.00,1.00
2017.03.28 06:54:09.301,0.86437,0.86444,1.00,1.00
2017.03.28 06:54:10.597,0.86439,0.86444,1.00,1.00
2017.03.28 06:54:13.632,0.8644,0.86444,1.00,1.00
2017.03.28 06:54:18.361,0.8644,0.86445,1.00,1.00
2017.03.28 06:54:27.669,0.86439,0.86445,1.00,1.00
2017.03.28 06:54:29.679,0.86438,0.86445,1.12,1.00
2017.03.28 06:54:30.426,0.86439,0.86445,1.00,1.00
2017.03.28 06:54:38.657,0.8644,0.86445,1.00,1.00
2017.03.28 06:54:38.810,0.86437,0.86445,3.00,1.00
2017.03.28 06:54:38.963,0.86437,0.86443,1.00,1.00
2017.03.28 06:54:39.015,0.86435,0.86444,1.00,1.12
2017.03.28 06:54:39.066,0.86434,0.86442,2.62,1.00
2017.03.28 06:54:39.598,0.86435,0.86443,1.00,1.00
2017.03.28 06:54:40.501,0.86436,0.86443,1.00,1.00
2017.03.28 06:54:41.452,0.86434,0.86443,1.50,1.12
2017.03.28 06:54:41.979,0.86435,0.86443,1.00,1.12
2017.03.28 06:54:42.537,0.86434,0.86443,1.12,1.87
2017.03.28 06:54:44.827,0.86432,0.86441,1.50,1.12
2017.03.28 06:54:45.501,0.86432,0.86441,1.50,1.50
2017.03.28 06:54:45.703,0.86434,0.8644,1.00,1.12
2017.03.28 06:54:46.089,0.86432,0.8644,1.87,1.12
2017.03.28 06:54:47.913,0.86434,0.8644,1.00,1.12
2017.03.28 06:54:48.492,0.86433,0.8644,1.00,1.12
2017.03.28 06:54:49.506,0.86432,0.8644,1.50,1.00
2017.03.28 06:54:50.583,0.86433,0.8644,1.00,1.12
2017.03.28 06:54:50.837,0.86429,0.86437,1.50,1.00
2017.03.28 06:54:51.352,0.86428,0.86436,2.25,1.00
2017.03.28 06:54:51.859,0.86428,0.86436,1.50,1.00
2017.03.28 06:54:55.723,0.8643,0.86436,1.00,1.00
2017.03.28 06:54:55.875,0.86428,0.86436,3.00,1.00
2017.03.28 06:54:56.510,0.86427,0.86436,2.25,1.00
2017.03.28 06:54:56.662,0.86426,0.86433,2.62,1.00
2017.03.28 06:54:56.815,0.86424,0.86433,1.12,1.50
2017.03.28 06:54:58.471,0.86424,0.86433,1.00,1.00
2017.03.28 06:54:59.004,0.86425,0.86433,1.00,1.00
2017.03.28 06:55:00.147,0.86424,0.86433,1.12,1.00
2017.03.28 06:55:00.693,0.86425,0.86433,1.00,1.00
2017.03.28 06:55:01.207,0.86426,0.86433,1.00,1.00
2017.03.28 06:55:02.253,0.86425,0.86433,1.87,1.00
2017.03.28 06:55:02.355,0.86427,0.86433,1.00,1.00
2017.03.28 06:55:02.910,0.86426,0.86433,1.00,1.00
2017.03.28 06:55:03.468,0.86425,0.86432,1.00,1.00
2017.03.28 06:55:03.722,0.86423,0.86432,3.75,1.00
2017.03.28 06:55:03.975,0.86425,0.86433,1.37,1.00
2017.03.28 06:55:04.559,0.86425,0.86433,1.00,1.00
2017.03.28 06:55:05.096,0.86423,0.86432,4.12,1.00
2017.03.28 06:55:05.603,0.86425,0.86433,1.12,1.00
2017.03.28 06:55:06.110,0.86425,0.86432,4.50,1.00
2017.03.28 06:55:06.728,0.86427,0.86432,1.00,1.00
2017.03.28 06:55:07.697,0.86427,0.86434,1.00,1.00
2017.03.28 06:55:09.219,0.86426,0.86434,1.00,1.00
2017.03.28 06:55:09.726,0.86426,0.86434,2.62,1.00
2017.03.28 06:55:10.890,0.86427,0.86433,1.12,1.00
2017.03.28 06:55:10.992,0.86427,0.86432,1.12,1.37
2017.03.28 06:55:11.297,0.86424,0.86432,3.37,1.00
2017.03.28 06:55:18.581,0.86424,0.86432,2.25,1.50
2017.03.28 06:55:19.123,0.86424,0.86433,3.75,1.12
2017.03.28 06:55:19.478,0.86424,0.86432,2.25,1.87
2017.03.28 06:55:20.863,0.86424,0.86431,2.25,1.00
2017.03.28 06:55:23.415,0.86424,0.86432,2.25,1.50
2017.03.28 06:55:24.773,0.86426,0.86433,1.00,1.87
2017.03.28 06:55:25.078,0.86428,0.86436,1.12,1.12
2017.03.28 06:55:25.332,0.8643,0.86437,1.00,1.00
2017.03.28 06:55:25.854,0.8643,0.86438,1.50,1.12
2017.03.28 06:55:26.388,0.86431,0.86439,2.62,1.00
2017.03.28 06:55:30.192,0.86431,0.86439,2.25,1.00
2017.03.28 06:55:30.293,0.86431,0.86439,2.25,1.00
2017.03.28 06:55:31.687,0.86432,0.86439,1.00,1.00
2017.03.28 06:55:31.789,0.86432,0.8644,5.62,1.00
2017.03.28 06:55:32.333,0.86433,0.86441,1.87,1.00
2017.03.28 06:55:33.090,0.86435,0.86441,1.00,1.00
2017.03.28 06:55:33.388,0.86435,0.86443,1.50,1.00
2017.03.28 06:55:35.987,0.86435,0.86443,5.25,1.00
2017.03.28 06:55:36.139,0.86435,0.86443,1.12,1.00
2017.03.28 06:55:38.197,0.86436,0.86443,1.00,1.00
2017.03.28 06:55:41.077,0.86437,0.86443,1.00,1.00
2017.03.28 06:55:42.501,0.86437,0.86444,1.00,1.00
2017.03.28 06:55:43.018,0.86436,0.86444,1.00,1.00
2017.03.28 06:55:43.627,0.86435,0.86444,4.50,1.00
2017.03.28 06:55:48.186,0.86438,0.86445,1.00,1.00
2017.03.28 06:55:49.502,0.86437,0.86445,2.25,1.00
2017.03.28 06:55:50.482,0.86439,0.86446,1.00,1.00
2017.03.28 06:55:50.787,0.86441,0.86447,1.00,1.00
2017.03.28 06:55:51.495,0.8644,0.86447,1.07,1.00
2017.03.28 06:55:53.622,0.86439,0.86447,1.00,1.00
2017.03.28 06:55:53.927,0.86437,0.86445,1.00,1.50
2017.03.28 06:55:54.822,0.86438,0.86445,1.00,1.50
2017.03.28 06:55:55.822,0.86438,0.86445,1.00,1.12
2017.03.28 06:55:56.328,0.86437,0.86445,1.87,1.00
2017.03.28 06:55:56.735,0.86438,0.86443,1.00,1.00
2017.03.28 06:55:57.049,0.86435,0.86443,1.87,1.00
2017.03.28 06:55:57.353,0.86435,0.86441,1.87,1.00
2017.03.28 06:55:57.861,0.86436,0.86442,1.00,1.00
2017.03.28 06:55:58.506,0.86437,0.86444,1.00,1.00
2017.03.28 06:55:58.661,0.86438,0.86446,1.07,1.12
2017.03.28 06:55:59.169,0.86441,0.86447,1.00,1.00
2017.03.28 06:55:59.700,0.8644,0.86448,3.32,1.12
2017.03.28 06:56:00.247,0.86441,0.86448,1.32,1.12
2017.03.28 06:56:00.930,0.86441,0.86448,1.07,1.12
2017.03.28 06:56:02.904,0.86439,0.86447,5.94,1.00
2017.03.28 06:56:03.208,0.86438,0.86445,1.00,1.50
2017.03.28 06:56:04.236,0.86437,0.86445,1.00,1.50
2017.03.28 06:56:05.026,0.86437,0.86443,1.00,1.00
2017.03.28 06:56:05.129,0.86437,0.86445,1.00,1.00
2017.03.28 06:56:05.331,0.86436,0.86443,1.12,1.00
2017.03.28 06:56:06.718,0.86437,0.86443,1.00,1.00
2017.03.28 06:56:07.224,0.86436,0.86445,1.12,1.50
2017.03.28 06:56:08.278,0.86437,0.86444,1.00,1.00
2017.03.28 06:56:08.822,0.86437,0.86445,1.00,1.50
2017.03.28 06:56:09.127,0.86436,0.86442,1.12,1.00
2017.03.28 06:56:11.967,0.86436,0.86444,1.12,1.00
2017.03.28 06:56:13.008,0.86437,0.86444,1.00,1.00
2017.03.28 06:56:13.929,0.86436,0.86444,1.12,1.00
2017.03.28 06:56:14.385,0.86438,0.86444,1.00,1.00
2017.03.28 06:56:14.897,0.86437,0.86445,1.35,1.00
2017.03.28 06:56:15.238,0.86439,0.86446,1.00,1.00
2017.03.28 06:56:15.753,0.86438,0.86446,1.87,1.00
2017.03.28 06:56:21.592,0.86439,0.86446,1.00,1.00
2017.03.28 06:56:23.528,0.86438,0.86446,1.12,1.00
2017.03.28 06:56:25.467,0.86437,0.86445,1.87,1.00
2017.03.28 06:56:27.157,0.86437,0.86444,1.37,1.00
2017.03.28 06:56:28.831,0.86436,0.86444,1.12,1.00
2017.03.28 06:56:31.289,0.86438,0.86444,1.00,1.00
2017.03.28 06:56:31.715,0.86436,0.86444,1.00,1.12
2017.03.28 06:56:32.249,0.86436,0.86445,1.00,1.87
2017.03.28 06:56:32.300,0.86438,0.86445,1.00,1.87
2017.03.28 06:56:32.812,0.86437,0.86445,1.00,2.25
2017.03.28 06:56:33.797,0.86438,0.86445,1.00,1.00
2017.03.28 06:56:34.417,0.86438,0.86446,1.00,1.50
2017.03.28 06:56:36.304,0.86441,0.86447,1.50,1.12
2017.03.28 06:56:36.503,0.86443,0.86452,1.50,2.62
2017.03.28 06:56:37.009,0.86443,0.86452,1.00,1.87
2017.03.28 06:56:39.965,0.86442,0.86452,2.25,2.62
2017.03.28 06:56:40.290,0.86442,0.8645,1.50,1.00
2017.03.28 06:56:40.594,0.86438,0.86447,3.00,1.12
2017.03.28 06:56:40.646,0.86438,0.86447,1.87,1.12
2017.03.28 06:56:40.697,0.86438,0.86445,1.87,1.00
2017.03.28 06:56:41.203,0.86439,0.86445,1.00,1.00
2017.03.28 06:56:42.021,0.86439,0.86446,1.00,1.00
2017.03.28 06:56:43.338,0.86439,0.86445,1.00,1.00
2017.03.28 06:56:43.874,0.86437,0.86445,2.62,1.00
2017.03.28 06:56:44.621,0.86438,0.86446,1.12,1.00
2017.03.28 06:56:47.135,0.86439,0.86446,1.00,1.00
2017.03.28 06:56:51.164,0.86439,0.86446,1.00,1.32
2017.03.28 06:56:51.368,0.86438,0.86447,1.12,1.44
2017.03.28 06:56:53.120,0.86438,0.86447,1.12,1.44
2017.03.28 06:56:57.771,0.86439,0.86446,1.00,3.00
2017.03.28 06:56:58.075,0.86437,0.86446,1.50,2.62
2017.03.28 06:56:58.581,0.86438,0.86446,1.00,1.50
2017.03.28 06:56:59.088,0.86437,0.86446,2.62,1.12
2017.03.28 06:56:59.633,0.86438,0.86446,1.00,1.12
2017.03.28 06:57:00.388,0.86437,0.86446,3.00,1.50
2017.03.28 06:57:00.743,0.86439,0.86445,1.00,1.00
2017.03.28 06:57:01.275,0.86439,0.86446,1.00,1.00
2017.03.28 06:57:02.168,0.86439,0.86447,1.00,1.50
2017.03.28 06:57:04.571,0.86437,0.86447,2.25,1.00
2017.03.28 06:57:05.104,0.86437,0.86446,2.25,1.00
2017.03.28 06:57:06.188,0.86438,0.86446,1.00,1.00
2017.03.28 06:57:06.693,0.86438,0.86447,1.00,1.00
2017.03.28 06:57:11.569,0.86439,0.86447,1.00,1.44
2017.03.28 06:57:13.763,0.86438,0.86447,1.00,1.07
2017.03.28 06:57:14.268,0.86438,0.86446,1.00,1.00
2017.03.28 06:57:20.524,0.86438,0.86446,1.00,1.32
2017.03.28 06:57:20.745,0.86436,0.86444,2.62,1.00
2017.03.28 06:57:21.354,0.86437,0.86444,1.00,1.50
2017.03.28 06:57:21.861,0.86438,0.86444,1.00,1.44
2017.03.28 06:57:21.962,0.86436,0.86444,1.00,1.50
2017.03.28 06:57:22.495,0.86435,0.86442,1.00,1.00
2017.03.28 06:57:22.868,0.86437,0.86443,1.00,1.00
2017.03.28 06:57:22.919,0.86435,0.86443,1.50,1.00
2017.03.28 06:57:23.918,0.86434,0.86439,1.12,1.00
2017.03.28 06:57:24.021,0.86434,0.86441,1.12,1.50
2017.03.28 06:57:24.518,0.86432,0.86441,1.00,3.00
2017.03.28 06:57:25.025,0.86432,0.8644,1.00,1.12
2017.03.28 06:57:25.532,0.86432,0.86439,1.00,1.50
2017.03.28 06:57:27.962,0.86432,0.86439,1.50,1.00
2017.03.28 06:57:30.118,0.86431,0.86439,3.00,1.00
2017.03.28 06:57:30.637,0.86432,0.8644,1.00,1.12
2017.03.28 06:57:31.144,0.86433,0.8644,1.00,1.00
2017.03.28 06:57:31.657,0.86435,0.86441,1.00,1.12
2017.03.28 06:57:31.809,0.86435,0.86443,1.87,3.75
2017.03.28 06:57:32.938,0.86436,0.86443,1.00,1.87
2017.03.28 06:57:33.476,0.86435,0.86443,1.87,1.87
2017.03.28 06:57:33.983,0.86436,0.86443,1.00,1.12
2017.03.28 06:57:35.541,0.86435,0.86443,1.12,1.12
2017.03.28 06:57:35.744,0.86433,0.86442,4.87,1.37
2017.03.28 06:57:35.997,0.86433,0.86442,1.50,1.37
2017.03.28 06:57:36.514,0.86434,0.86442,1.00,1.37
2017.03.28 06:57:37.064,0.86433,0.86441,1.00,1.37
2017.03.28 06:57:38.152,0.86434,0.86441,1.00,1.87
2017.03.28 06:57:38.355,0.86432,0.86441,1.12,1.87
2017.03.28 06:57:38.964,0.86434,0.86441,1.00,1.37
2017.03.28 06:57:39.402,0.86435,0.86442,1.00,1.00
2017.03.28 06:57:39.503,0.86433,0.8644,1.12,1.00
2017.03.28 06:57:40.012,0.86432,0.8644,1.00,1.00
2017.03.28 06:57:40.518,0.86433,0.86441,1.00,1.00
2017.03.28 06:57:41.922,0.86432,0.86442,2.62,1.50
2017.03.28 06:57:42.428,0.86433,0.86442,1.00,1.87
2017.03.28 06:57:43.948,0.86434,0.86442,1.00,1.87
2017.03.28 06:57:44.455,0.86433,0.86442,1.50,1.12
2017.03.28 06:57:45.051,0.86432,0.86441,2.25,1.00
2017.03.28 06:57:46.114,0.86433,0.86441,1.00,1.00
2017.03.28 06:57:46.418,0.86435,0.86441,1.00,1.00
2017.03.28 06:57:46.760,0.86433,0.86441,1.00,1.00
2017.03.28 06:57:47.064,0.86432,0.86439,2.25,1.00
2017.03.28 06:57:50.552,0.8643,0.86439,1.12,1.50
2017.03.28 06:57:51.920,0.86432,0.8644,1.00,3.00
2017.03.28 06:57:52.473,0.86431,0.8644,1.37,1.12
2017.03.28 06:57:53.391,0.86431,0.8644,1.37,1.50
2017.03.28 06:57:58.139,0.86433,0.86439,1.00,1.00
2017.03.28 06:57:58.494,0.8643,0.86439,1.00,1.87
2017.03.28 06:57:58.697,0.86431,0.8644,1.50,1.12
2017.03.28 06:57:59.224,0.86431,0.86439,1.50,1.00
2017.03.28 06:57:59.731,0.8643,0.86439,1.00,2.25
2017.03.28 06:58:00.238,0.86431,0.86439,1.12,2.25
2017.03.28 06:58:03.305,0.8643,0.86439,1.12,2.62
2017.03.28 06:58:04.460,0.86431,0.86439,1.50,1.37
2017.03.28 06:58:04.664,0.86431,0.8644,1.87,2.25
2017.03.28 06:58:04.917,0.86433,0.8644,1.00,2.25
2017.03.28 06:58:05.019,0.86431,0.8644,1.87,1.87
2017.03.28 06:58:05.193,0.8643,0.86439,1.50,2.25
2017.03.28 06:58:05.509,0.86427,0.86436,1.50,1.00
2017.03.28 06:58:06.016,0.86427,0.86436,1.50,1.12
2017.03.28 06:58:06.553,0.86427,0.86436,1.12,1.12
2017.03.28 06:58:06.909,0.86429,0.86439,2.25,2.62
2017.03.28 06:58:06.960,0.86429,0.86438,1.50,1.50
2017.03.28 06:58:07.345,0.86428,0.86435,1.12,1.00
2017.03.28 06:58:07.448,0.86426,0.86434,2.62,1.00
2017.03.28 06:58:07.651,0.86425,0.86432,1.00,1.00
2017.03.28 06:58:07.906,0.86423,0.86433,1.87,2.25
2017.03.28 06:58:08.413,0.86422,0.86432,3.37,1.00
2017.03.28 06:58:09.193,0.86423,0.86432,1.00,1.00
2017.03.28 06:58:10.611,0.86422,0.86432,1.50,1.12
2017.03.28 06:58:10.663,0.86421,0.86431,4.87,1.87
2017.03.28 06:58:12.381,0.86421,0.86428,1.50,2.25
2017.03.28 06:58:12.605,0.86416,0.86425,1.12,1.00
2017.03.28 06:58:12.809,0.86415,0.86424,1.50,1.87
2017.03.28 06:58:14.626,0.86415,0.86423,1.50,1.12
2017.03.28 06:58:15.461,0.86415,0.86424,2.62,1.50
2017.03.28 06:58:16.422,0.8642,0.86426,1.72,1.50
2017.03.28 06:58:16.625,0.86422,0.8643,1.00,1.50
2017.03.28 06:58:17.403,0.86422,0.86431,1.12,1.12
2017.03.28 06:58:18.139,0.86424,0.86431,1.00,1.12
2017.03.28 06:58:18.599,0.86422,0.86431,2.25,1.12
2017.03.28 06:58:18.701,0.86424,0.86432,1.00,1.87
2017.03.28 06:58:19.177,0.86424,0.86433,1.50,2.25
2017.03.28 06:58:19.279,0.86423,0.86432,3.37,1.00
2017.03.28 06:58:19.737,0.86421,0.8643,4.12,1.00
2017.03.28 06:58:20.041,0.86425,0.86431,1.50,1.00
2017.03.28 06:58:20.590,0.86424,0.86432,1.12,1.00
2017.03.28 06:58:21.208,0.86424,0.86432,1.00,1.00
2017.03.28 06:58:21.750,0.86425,0.86432,1.87,1.00
2017.03.28 06:58:22.256,0.86424,0.86433,2.25,1.12
2017.03.28 06:58:22.771,0.86424,0.86433,1.87,1.12
2017.03.28 06:58:24.495,0.86424,0.86433,2.62,1.12
2017.03.28 06:58:25.109,0.86423,0.86433,3.75,1.87
2017.03.28 06:58:25.212,0.86423,0.86433,2.62,1.87
2017.03.28 06:58:29.882,0.86423,0.86432,1.00,2.25
2017.03.28 06:58:30.747,0.86423,0.86432,3.75,1.50
2017.03.28 06:58:30.799,0.86427,0.86432,1.00,1.12
2017.03.28 06:58:31.255,0.86425,0.86434,2.62,1.00
2017.03.28 06:58:31.776,0.86427,0.86435,1.00,2.25
2017.03.28 06:58:33.957,0.86425,0.86433,1.75,1.00
2017.03.28 06:58:34.008,0.86423,0.86433,1.50,2.06
2017.03.28 06:58:34.161,0.86421,0.86431,3.75,1.50
2017.03.28 06:58:34.815,0.86421,0.86431,1.87,3.75
2017.03.28 06:58:37.309,0.86423,0.8643,1.00,1.00
2017.03.28 06:58:37.856,0.86423,0.86431,1.00,1.50
2017.03.28 06:58:38.403,0.86423,0.86431,1.00,2.62
2017.03.28 06:58:38.930,0.86423,0.86431,1.50,1.50
2017.03.28 06:58:40.107,0.86424,0.86431,1.00,1.00
2017.03.28 06:58:42.515,0.86423,0.86431,1.00,1.87
2017.03.28 06:58:43.034,0.86424,0.86431,1.00,1.12
2017.03.28 06:58:43.340,0.86426,0.86433,1.00,1.75
2017.03.28 06:58:44.299,0.86426,0.86434,1.00,3.56
2017.03.28 06:58:45.395,0.86425,0.86434,1.00,5.06
2017.03.28 06:58:45.893,0.86427,0.86434,1.00,2.62
2017.03.28 06:58:46.399,0.86428,0.86435,1.12,2.25
2017.03.28 06:58:46.704,0.8643,0.86436,1.00,4.87
2017.03.28 06:58:46.856,0.86428,0.86436,1.00,6.00
2017.03.28 06:58:47.236,0.86427,0.86435,1.00,3.56
2017.03.28 06:58:47.287,0.86425,0.86433,2.25,1.37
2017.03.28 06:58:47.339,0.86427,0.86433,1.00,1.00
2017.03.28 06:58:47.646,0.8643,0.86435,1.00,1.00
2017.03.28 06:58:48.161,0.86429,0.86436,1.00,1.87
2017.03.28 06:58:48.670,0.86429,0.86436,1.00,1.50
2017.03.28 06:58:50.914,0.86429,0.86436,1.00,1.37
2017.03.28 06:58:52.303,0.86429,0.86437,1.00,2.44
2017.03.28 06:59:00.759,0.86428,0.86436,1.00,3.00
2017.03.28 06:59:01.096,0.86428,0.86435,1.00,1.50
2017.03.28 06:59:01.451,0.86428,0.86436,1.50,1.87
2017.03.28 06:59:01.502,0.8643,0.86437,1.50,2.25
2017.03.28 06:59:01.604,0.8643,0.86438,1.50,1.25
2017.03.28 06:59:01.655,0.86432,0.86438,1.00,1.00
2017.03.28 06:59:01.909,0.86433,0.8644,1.00,1.12
2017.03.28 06:59:02.274,0.86436,0.86443,1.00,3.37
2017.03.28 06:59:02.732,0.86435,0.86444,1.00,5.06
2017.03.28 06:59:02.784,0.86437,0.86443,1.00,1.00
2017.03.28 06:59:03.190,0.86434,0.86442,1.50,3.75
2017.03.28 06:59:03.449,0.86436,0.86442,1.00,1.00
2017.03.28 06:59:03.855,0.86437,0.86444,1.00,1.87
2017.03.28 06:59:04.361,0.86439,0.86447,1.00,4.69
2017.03.28 06:59:04.891,0.86439,0.86444,1.50,1.00
2017.03.28 06:59:05.197,0.86441,0.86445,1.00,1.00
2017.03.28 06:59:05.299,0.8644,0.86448,1.00,1.87
2017.03.28 06:59:05.827,0.86438,0.86446,1.00,1.50
2017.03.28 06:59:07.437,0.86438,0.86446,1.00,2.62
2017.03.28 06:59:09.116,0.86437,0.86445,1.00,1.37
2017.03.28 06:59:10.587,0.86436,0.86445,1.12,3.37
2017.03.28 06:59:10.891,0.86438,0.86445,1.00,1.00
2017.03.28 06:59:11.651,0.86438,0.86447,1.00,4.12
2017.03.28 06:59:12.057,0.86436,0.86445,1.12,2.62
2017.03.28 06:59:12.588,0.86436,0.86445,1.12,1.87
2017.03.28 06:59:16.330,0.86435,0.86445,1.12,4.87
2017.03.28 06:59:16.837,0.86436,0.86445,1.00,6.00
2017.03.28 06:59:20.437,0.86437,0.86445,1.00,5.25
2017.03.28 06:59:20.539,0.86437,0.86445,1.00,1.00
2017.03.28 06:59:22.414,0.86439,0.86446,1.00,1.37
2017.03.28 06:59:22.923,0.86439,0.86447,1.00,1.50
2017.03.28 06:59:23.560,0.86439,0.86445,1.00,1.87
2017.03.28 06:59:23.611,0.86436,0.86444,1.12,1.00
2017.03.28 06:59:23.662,0.86436,0.86444,1.00,1.87
2017.03.28 06:59:23.764,0.86434,0.86444,1.12,7.12
2017.03.28 06:59:23.977,0.86433,0.8644,1.50,1.37
2017.03.28 06:59:24.385,0.86433,0.86441,1.00,3.00
2017.03.28 06:59:24.639,0.86435,0.86441,1.00,1.00
2017.03.28 06:59:24.792,0.86435,0.86443,1.50,1.87
2017.03.28 06:59:24.945,0.86433,0.86443,1.12,1.50
2017.03.28 06:59:25.122,0.86435,0.86443,1.00,1.87
2017.03.28 06:59:25.649,0.86435,0.86444,1.12,1.87
2017.03.28 06:59:25.964,0.86437,0.86444,1.00,1.87
2017.03.28 06:59:26.268,0.86436,0.86442,1.00,1.00
2017.03.28 06:59:27.528,0.86436,0.86444,1.00,3.75
2017.03.28 06:59:28.087,0.86436,0.86444,1.00,3.75
2017.03.28 06:59:30.985,0.86437,0.86444,1.12,1.37
2017.03.28 06:59:31.492,0.86438,0.86446,1.12,1.37
2017.03.28 06:59:31.543,0.86438,0.86446,1.12,1.12
2017.03.28 06:59:31.796,0.8644,0.86446,1.12,1.12
2017.03.28 06:59:32.335,0.86439,0.86446,1.12,1.00
2017.03.28 06:59:32.842,0.8644,0.86447,1.00,1.00
2017.03.28 06:59:34.483,0.86439,0.86448,2.62,3.00
2017.03.28 06:59:34.992,0.8644,0.86448,1.12,1.50
2017.03.28 06:59:35.783,0.86438,0.86446,1.00,1.00
2017.03.28 06:59:36.299,0.86436,0.86446,4.50,1.12
2017.03.28 06:59:36.806,0.86436,0.86445,3.37,1.00
2017.03.28 06:59:37.348,0.86437,0.86446,2.25,1.12
2017.03.28 06:59:37.744,0.86439,0.86446,1.00,1.00
2017.03.28 06:59:37.999,0.86434,0.86443,4.50,1.00
2017.03.28 06:59:38.051,0.86436,0.86444,1.00,1.87
2017.03.28 06:59:38.977,0.86435,0.86444,2.25,1.00
2017.03.28 06:59:40.128,0.86435,0.86444,1.00,1.50
2017.03.28 06:59:40.635,0.86435,0.86442,3.37,1.00
2017.03.28 06:59:41.171,0.86435,0.86441,1.00,1.00
2017.03.28 06:59:41.593,0.86433,0.86441,2.62,1.00
2017.03.28 06:59:42.395,0.86434,0.86441,1.00,1.00
2017.03.28 06:59:42.901,0.86434,0.86442,2.62,1.00
2017.03.28 06:59:43.609,0.86433,0.8644,1.12,1.00
2017.03.28 06:59:44.136,0.86431,0.86439,1.37,1.00
2017.03.28 06:59:44.188,0.8643,0.86439,3.37,1.00
2017.03.28 06:59:44.709,0.86431,0.86439,1.00,1.00
2017.03.28 06:59:45.228,0.8643,0.86439,1.87,1.00
2017.03.28 06:59:46.240,0.8643,0.86439,1.37,1.00
2017.03.28 06:59:46.781,0.8643,0.86439,1.12,1.00
2017.03.28 06:59:47.289,0.86431,0.86439,3.75,1.00
2017.03.28 06:59:47.822,0.8643,0.86439,3.00,1.00
2017.03.28 06:59:48.441,0.8643,0.86437,2.25,1.00
2017.03.28 06:59:49.394,0.86429,0.86437,3.37,1.00
2017.03.28 06:59:50.177,0.86429,0.86436,2.62,1.00
2017.03.28 06:59:50.633,0.86425,0.86433,1.87,1.12
2017.03.28 06:59:50.735,0.86425,0.86432,1.12,1.00
2017.03.28 06:59:51.243,0.86423,0.86432,3.37,1.00
2017.03.28 06:59:51.757,0.86423,0.86431,2.62,1.00
2017.03.28 06:59:52.162,0.86425,0.86433,1.87,1.00
2017.03.28 06:59:52.315,0.86424,0.86433,2.62,1.00
2017.03.28 06:59:52.518,0.86423,0.8643,4.50,1.00
2017.03.28 06:59:53.182,0.86423,0.86431,1.37,1.00
2017.03.28 06:59:54.094,0.86421,0.86431,4.87,1.00
2017.03.28 06:59:54.195,0.86422,0.86431,1.00,1.00
2017.03.28 06:59:54.246,0.86421,0.86431,4.50,1.00
2017.03.28 06:59:54.348,0.86421,0.86431,2.62,1.00
2017.03.28 06:59:54.703,0.8642,0.86429,2.81,1.00
2017.03.28 06:59:56.624,0.8642,0.86428,2.06,1.00
2017.03.28 06:59:57.167,0.8642,0.86428,1.37,1.00
2017.03.28 06:59:57.804,0.86418,0.86427,5.25,1.00
2017.03.28 06:59:57.855,0.86418,0.86427,1.50,1.00
2017.03.28 06:59:57.906,0.86418,0.86425,2.25,1.00
2017.03.28 06:59:58.312,0.86415,0.86422,3.37,1.00
2017.03.28 06:59:58.857,0.86413,0.86422,1.50,1.00
2017.03.28 06:59:59.371,0.86413,0.86423,3.37,1.00
2017.03.28 06:59:59.699,0.86413,0.86421,1.37,1.00
