2014.04.14 13:00:02.322,0.82711,0.82719,3.04,3.72
2014.04.14 13:00:02.373,0.8271,0.82718,1.29,1.67
2014.04.14 13:00:04.394,0.82709,0.82717,1.19,2.97
2014.04.14 13:00:05.708,0.82709,0.82715,1.19,1.09
2014.04.14 13:00:06.315,0.82708,0.82715,1.19,2.22
2014.04.14 13:00:06.417,0.82706,0.82714,1.29,1.39
2014.04.14 13:00:06.569,0.82706,0.82712,1.00,1.95
2014.04.14 13:00:06.721,0.82704,0.82713,1.39,5.07
2014.04.14 13:00:07.227,0.82702,0.82711,3.27,2.59
2014.04.14 13:00:07.430,0.82702,0.82711,1.69,5.61
2014.04.14 13:00:08.240,0.82702,0.8271,1.19,1.84
2014.04.14 13:00:08.723,0.82704,0.82711,1.19,3.87
2014.04.14 13:00:08.775,0.82704,0.82711,1.57,1.77
2014.04.14 13:00:09.637,0.82707,0.82714,1.19,1.77
2014.04.14 13:00:12.665,0.82707,0.82715,2.44,3.57
2014.04.14 13:00:13.199,0.82707,0.82715,2.44,3.57
2014.04.14 13:00:13.705,0.82706,0.82714,1.19,2.97
2014.04.14 13:00:14.681,0.82705,0.82713,1.39,2.89
2014.04.14 13:00:20.522,0.82705,0.82713,1.10,1.77
2014.04.14 13:00:20.624,0.82704,0.82711,1.37,1.63
2014.04.14 13:00:21.131,0.82704,0.82712,1.57,1.37
2014.04.14 13:00:21.333,0.82706,0.82714,1.57,2.59
2014.04.14 13:00:22.157,0.82706,0.82714,1.32,1.47
2014.04.14 13:00:22.663,0.82706,0.82714,1.19,4.47
2014.04.14 13:00:23.219,0.82705,0.82713,2.07,1.47
2014.04.14 13:00:31.269,0.82706,0.82714,1.32,2.97
2014.04.14 13:00:32.315,0.82706,0.82714,1.32,2.97
2014.04.14 13:00:32.913,0.82707,0.82714,3.42,1.34
2014.04.14 13:00:38.229,0.82708,0.82715,1.32,4.69
2014.04.14 13:00:39.767,0.82705,0.82713,3.79,1.74
2014.04.14 13:00:42.115,0.82705,0.82713,1.54,2.97
2014.04.14 13:00:42.267,0.82705,0.82711,1.05,1.77
2014.04.14 13:00:43.000,0.82705,0.82711,1.05,2.22
2014.04.14 13:00:43.521,0.82703,0.82711,1.29,2.89
2014.04.14 13:00:44.279,0.82704,0.82711,1.19,2.14
2014.04.14 13:00:45.306,0.82705,0.82711,1.19,2.14
2014.04.14 13:00:46.227,0.82705,0.82711,1.19,1.20
2014.04.14 13:00:48.459,0.82706,0.82713,1.00,1.09
2014.04.14 13:00:48.813,0.82704,0.82712,1.19,1.74
2014.04.14 13:00:49.633,0.82704,0.82712,1.19,1.74
2014.04.14 13:00:50.148,0.82704,0.82712,1.19,1.74
2014.04.14 13:00:50.653,0.82704,0.82712,1.00,2.22
2014.04.14 13:00:51.857,0.82704,0.82712,1.19,2.97
2014.04.14 13:00:52.481,0.82704,0.8271,1.00,1.63
2014.04.14 13:00:55.840,0.82703,0.8271,1.10,1.92
2014.04.14 13:00:56.774,0.82701,0.82709,2.22,1.67
2014.04.14 13:00:56.876,0.827,0.82708,2.22,1.57
2014.04.14 13:00:57.080,0.82698,0.82706,1.84,1.32
2014.04.14 13:00:58.102,0.82698,0.82706,1.19,1.47
2014.04.14 13:00:59.124,0.82699,0.82707,1.19,1.74
2014.04.14 13:00:59.530,0.827,0.82708,1.19,2.97
2014.04.14 13:01:00.300,0.827,0.82708,1.29,2.89
2014.04.14 13:01:00.807,0.82701,0.82709,1.57,1.84
2014.04.14 13:01:01.720,0.82703,0.8271,1.63,1.47
2014.04.14 13:01:02.384,0.82702,0.8271,2.14,1.29
2014.04.14 13:01:02.903,0.82702,0.8271,2.07,1.37
2014.04.14 13:01:03.569,0.82702,0.8271,2.07,1.37
2014.04.14 13:01:04.082,0.82702,0.8271,1.19,1.74
2014.04.14 13:01:04.589,0.82701,0.82709,1.32,1.47
2014.04.14 13:01:05.972,0.82703,0.8271,1.19,2.22
2014.04.14 13:01:06.738,0.82703,0.8271,1.32,1.77
2014.04.14 13:01:07.042,0.82704,0.8271,1.19,1.50
2014.04.14 13:01:07.195,0.82704,0.82712,1.19,1.74
2014.04.14 13:01:07.993,0.82704,0.82712,1.19,1.47
2014.04.14 13:01:09.013,0.82706,0.82714,1.19,2.22
2014.04.14 13:01:09.468,0.82706,0.82711,1.00,2.33
2014.04.14 13:01:09.520,0.82703,0.82711,1.32,3.34
2014.04.14 13:01:10.564,0.82704,0.82712,1.19,2.22
2014.04.14 13:01:11.531,0.82704,0.82712,1.19,2.22
2014.04.14 13:01:12.205,0.82704,0.82712,1.19,2.22
2014.04.14 13:01:14.023,0.82704,0.82712,1.19,2.22
2014.04.14 13:01:15.003,0.82704,0.82712,1.00,2.22
2014.04.14 13:01:15.665,0.82704,0.82712,1.19,2.22
2014.04.14 13:01:19.566,0.82706,0.82712,1.19,1.39
2014.04.14 13:01:21.099,0.82706,0.82712,1.19,1.39
2014.04.14 13:01:21.605,0.82706,0.82712,1.19,1.20
2014.04.14 13:01:22.110,0.82706,0.82712,1.00,1.95
2014.04.14 13:01:22.312,0.82705,0.82712,1.19,2.14
2014.04.14 13:01:23.272,0.82706,0.82713,1.19,1.47
2014.04.14 13:01:23.777,0.82706,0.82714,1.00,2.22
2014.04.14 13:01:25.145,0.82706,0.82714,2.14,1.27
2014.04.14 13:01:26.316,0.82708,0.82715,1.19,2.14
2014.04.14 13:01:26.825,0.82708,0.82713,2.52,1.50
2014.04.14 13:01:27.309,0.82709,0.82713,1.00,1.50
2014.04.14 13:01:27.921,0.82708,0.82714,1.69,1.47
2014.04.14 13:01:28.427,0.82708,0.82714,1.77,1.25
2014.04.14 13:01:28.949,0.82709,0.82717,1.29,3.64
2014.04.14 13:01:29.617,0.8271,0.82717,1.19,2.89
2014.04.14 13:01:30.647,0.82712,0.82718,1.19,2.52
2014.04.14 13:01:30.950,0.82712,0.82717,1.00,1.38
2014.04.14 13:01:31.464,0.82712,0.82717,1.19,1.00
2014.04.14 13:01:32.325,0.82711,0.82716,1.00,1.00
2014.04.14 13:01:32.478,0.8271,0.82716,1.19,1.02
2014.04.14 13:01:32.783,0.82711,0.82717,1.39,1.00
2014.04.14 13:01:33.954,0.82711,0.82717,1.29,1.13
2014.04.14 13:01:34.309,0.82711,0.82716,1.10,1.88
2014.04.14 13:01:34.362,0.82709,0.82716,1.19,2.52
2014.04.14 13:01:34.466,0.82707,0.82713,1.19,2.52
2014.04.14 13:01:34.681,0.82705,0.82713,2.52,3.64
2014.04.14 13:01:35.200,0.82705,0.82712,2.44,1.74
2014.04.14 13:01:35.818,0.82705,0.8271,2.44,1.50
2014.04.14 13:01:36.329,0.82703,0.8271,1.32,1.77
2014.04.14 13:01:36.481,0.82701,0.82709,2.89,1.29
2014.04.14 13:01:37.503,0.82702,0.8271,3.57,1.37
2014.04.14 13:01:38.149,0.82702,0.8271,3.72,1.19
2014.04.14 13:01:38.659,0.82703,0.82711,1.67,1.29
2014.04.14 13:01:39.884,0.82705,0.82712,1.57,1.29
2014.04.14 13:01:40.908,0.82706,0.82712,1.32,1.02
2014.04.14 13:01:42.943,0.82706,0.82714,1.32,4.47
2014.04.14 13:01:44.941,0.82706,0.82712,1.32,1.02
2014.04.14 13:01:45.460,0.82708,0.82714,1.13,1.34
2014.04.14 13:01:45.663,0.82707,0.82715,2.44,1.37
2014.04.14 13:01:46.169,0.82707,0.82713,2.44,1.00
2014.04.14 13:01:46.676,0.82707,0.82715,2.07,1.84
2014.04.14 13:01:48.045,0.82707,0.82716,2.52,1.20
2014.04.14 13:01:48.636,0.82707,0.82716,2.59,1.29
2014.04.14 13:01:49.197,0.82708,0.82717,2.14,2.22
2014.04.14 13:01:49.706,0.82708,0.82716,2.14,1.29
2014.04.14 13:01:53.210,0.82707,0.82715,1.37,2.82
2014.04.14 13:01:53.514,0.82708,0.82716,3.64,1.29
2014.04.14 13:01:54.173,0.82707,0.82715,3.57,1.32
2014.04.14 13:01:54.275,0.82707,0.82715,1.47,1.32
2014.04.14 13:01:54.582,0.82707,0.82715,2.97,1.13
2014.04.14 13:01:55.090,0.82707,0.82714,2.22,1.19
2014.04.14 13:01:55.597,0.82707,0.82715,1.29,1.39
2014.04.14 13:01:55.900,0.82709,0.82716,1.77,1.69
2014.04.14 13:01:56.423,0.82709,0.82716,2.22,1.00
2014.04.14 13:01:56.728,0.82712,0.82719,1.77,1.94
2014.04.14 13:01:57.236,0.82712,0.8272,1.57,2.59
2014.04.14 13:01:57.489,0.82712,0.8272,1.57,1.65
2014.04.14 13:01:57.994,0.82711,0.82719,2.52,1.29
2014.04.14 13:01:58.499,0.82711,0.82719,1.67,1.29
2014.04.14 13:01:59.509,0.82711,0.82718,2.14,1.00
2014.04.14 13:02:00.245,0.82711,0.82719,2.14,1.29
2014.04.14 13:02:00.752,0.82711,0.82718,2.14,1.19
2014.04.14 13:02:01.259,0.82711,0.82718,2.14,1.00
2014.04.14 13:02:02.781,0.82712,0.82719,2.07,1.29
2014.04.14 13:02:03.294,0.82712,0.82719,2.07,1.10
2014.04.14 13:02:04.003,0.82713,0.82719,4.32,1.19
2014.04.14 13:02:04.104,0.82713,0.82721,5.70,1.27
2014.04.14 13:02:04.408,0.82715,0.82723,1.29,1.39
2014.04.14 13:02:04.661,0.82716,0.82723,2.97,1.00
2014.04.14 13:02:04.712,0.82717,0.82725,1.77,1.19
2014.04.14 13:02:05.699,0.82718,0.82726,1.67,1.29
2014.04.14 13:02:07.318,0.82717,0.82726,1.67,2.52
2014.04.14 13:02:07.622,0.82716,0.82724,1.09,1.19
2014.04.14 13:02:08.128,0.82716,0.82724,1.02,1.29
2014.04.14 13:02:08.433,0.82718,0.82726,1.69,4.09
2014.04.14 13:02:09.135,0.8272,0.82728,1.69,6.19
2014.04.14 13:02:10.179,0.8272,0.82728,1.77,1.29
2014.04.14 13:02:13.466,0.8272,0.82726,1.32,1.50
2014.04.14 13:02:13.567,0.8272,0.82724,1.13,1.00
2014.04.14 13:02:14.089,0.8272,0.82725,1.13,1.00
2014.04.14 13:02:14.602,0.8272,0.82726,1.19,1.69
2014.04.14 13:02:15.210,0.8272,0.82727,1.19,4.39
2014.04.14 13:02:15.665,0.8272,0.82725,1.00,1.00
2014.04.14 13:02:15.716,0.82718,0.82724,1.19,1.50
2014.04.14 13:02:15.818,0.82716,0.82724,3.72,1.69
2014.04.14 13:02:16.477,0.82716,0.82724,2.97,2.07
2014.04.14 13:02:16.982,0.82716,0.82724,2.97,2.07
2014.04.14 13:02:17.798,0.82718,0.82726,1.19,3.72
2014.04.14 13:02:19.154,0.8272,0.82727,2.14,2.25
2014.04.14 13:02:19.209,0.82721,0.82729,1.57,3.34
2014.04.14 13:02:19.310,0.82721,0.82729,1.19,3.34
2014.04.14 13:02:19.614,0.82722,0.82729,1.74,1.00
2014.04.14 13:02:20.132,0.82722,0.8273,2.97,1.25
2014.04.14 13:02:20.645,0.82723,0.82729,1.74,1.00
2014.04.14 13:02:21.172,0.82723,0.82731,1.57,1.37
2014.04.14 13:02:21.527,0.82722,0.8273,1.67,3.27
2014.04.14 13:02:22.073,0.82722,0.82728,1.32,4.43
2014.04.14 13:02:22.583,0.8272,0.82728,1.67,3.27
2014.04.14 13:02:22.786,0.82721,0.82728,1.57,2.93
2014.04.14 13:02:23.294,0.82722,0.8273,1.57,1.08
2014.04.14 13:02:23.861,0.82722,0.8273,1.57,1.34
2014.04.14 13:02:24.368,0.82722,0.82729,1.32,2.59
2014.04.14 13:02:26.120,0.82722,0.8273,1.57,3.34
2014.04.14 13:02:26.425,0.82722,0.8273,2.44,1.84
2014.04.14 13:02:26.933,0.82724,0.82731,2.44,3.64
2014.04.14 13:02:26.984,0.82724,0.82731,2.82,1.02
2014.04.14 13:02:27.250,0.82722,0.8273,2.89,1.77
2014.04.14 13:02:28.214,0.82722,0.82729,2.14,1.19
2014.04.14 13:02:29.197,0.82722,0.82729,2.14,1.19
2014.04.14 13:02:29.500,0.82721,0.82727,1.00,1.48
2014.04.14 13:02:30.008,0.8272,0.82725,1.19,1.88
2014.04.14 13:02:30.935,0.82719,0.82725,1.29,2.44
2014.04.14 13:02:32.089,0.82718,0.82724,1.74,1.00
2014.04.14 13:02:32.595,0.8272,0.82727,1.19,1.02
2014.04.14 13:02:32.647,0.8272,0.82727,1.19,1.02
2014.04.14 13:02:34.272,0.8272,0.82726,1.19,1.00
2014.04.14 13:02:37.281,0.8272,0.82725,1.19,1.00
2014.04.14 13:02:38.292,0.8272,0.82726,1.19,1.10
2014.04.14 13:02:39.917,0.8272,0.82726,1.67,1.00
2014.04.14 13:02:40.425,0.82721,0.82727,1.57,1.25
2014.04.14 13:02:40.959,0.82721,0.82727,1.19,1.02
2014.04.14 13:02:43.198,0.8272,0.82726,1.32,1.00
2014.04.14 13:02:45.332,0.8272,0.82726,1.19,1.25
2014.04.14 13:02:46.250,0.8272,0.82726,1.19,1.00
2014.04.14 13:02:46.764,0.8272,0.82727,1.32,2.52
2014.04.14 13:02:47.269,0.8272,0.82727,1.19,2.89
2014.04.14 13:02:49.261,0.8272,0.82727,1.32,1.77
2014.04.14 13:02:51.305,0.8272,0.82728,1.32,5.22
2014.04.14 13:02:52.270,0.8272,0.82728,1.67,3.27
2014.04.14 13:02:54.461,0.8272,0.82726,1.57,1.00
2014.04.14 13:02:54.968,0.8272,0.82728,1.32,5.22
2014.04.14 13:02:56.244,0.8272,0.82728,1.19,5.22
2014.04.14 13:02:59.626,0.8272,0.82727,1.00,2.14
2014.04.14 13:02:59.831,0.8272,0.82727,1.19,4.02
2014.04.14 13:03:01.666,0.8272,0.82727,1.00,3.64
2014.04.14 13:03:02.373,0.8272,0.82727,1.19,3.27
2014.04.14 13:03:04.352,0.8272,0.82727,1.19,3.27
2014.04.14 13:03:04.858,0.8272,0.82727,1.00,3.72
2014.04.14 13:03:05.364,0.8272,0.82726,1.19,1.69
2014.04.14 13:03:06.363,0.8272,0.82726,1.19,1.88
2014.04.14 13:03:06.935,0.8272,0.82728,1.19,2.97
2014.04.14 13:03:09.394,0.82721,0.82728,1.57,1.09
2014.04.14 13:03:11.412,0.82721,0.82729,1.32,3.34
2014.04.14 13:03:12.323,0.82721,0.82728,1.57,1.37
2014.04.14 13:03:12.829,0.82721,0.82728,1.19,1.37
2014.04.14 13:03:13.364,0.82721,0.82728,1.57,1.84
2014.04.14 13:03:14.838,0.82721,0.82729,1.57,2.59
2014.04.14 13:03:15.458,0.82721,0.82728,1.32,1.29
2014.04.14 13:03:24.392,0.8272,0.82728,1.32,2.97
2014.04.14 13:03:24.977,0.8272,0.82727,1.57,2.52
2014.04.14 13:03:25.484,0.8272,0.82727,1.13,1.84
2014.04.14 13:03:25.991,0.82721,0.82727,1.19,4.39
2014.04.14 13:03:27.451,0.8272,0.82727,1.19,2.97
2014.04.14 13:03:28.432,0.8272,0.82724,1.00,1.00
2014.04.14 13:03:28.947,0.8272,0.82725,1.00,1.13
2014.04.14 13:03:29.460,0.82719,0.82725,1.19,1.13
2014.04.14 13:03:35.474,0.82718,0.82725,1.32,1.02
2014.04.14 13:03:38.457,0.82718,0.82724,1.32,1.00
2014.04.14 13:03:38.972,0.82718,0.82725,1.19,1.39
2014.04.14 13:03:40.486,0.82718,0.82725,1.19,2.89
2014.04.14 13:03:41.513,0.82717,0.82725,1.39,5.74
2014.04.14 13:03:47.846,0.82717,0.82724,1.00,1.02
2014.04.14 13:03:47.947,0.82715,0.8272,1.42,1.00
2014.04.14 13:03:48.251,0.82713,0.82721,1.67,1.29
2014.04.14 13:03:49.294,0.82713,0.82722,1.57,2.59
2014.04.14 13:03:50.464,0.82714,0.82722,1.32,2.59
2014.04.14 13:03:52.853,0.82713,0.82722,1.57,1.37
2014.04.14 13:03:54.914,0.82713,0.82722,1.67,1.84
2014.04.14 13:03:56.313,0.82714,0.82722,1.57,1.84
2014.04.14 13:03:57.133,0.82714,0.82722,1.57,1.84
2014.04.14 13:03:57.537,0.82713,0.82719,1.19,1.28
2014.04.14 13:03:57.994,0.82713,0.8272,1.57,1.02
2014.04.14 13:03:58.508,0.82713,0.8272,1.19,1.77
2014.04.14 13:03:59.015,0.82713,0.8272,1.00,2.89
2014.04.14 13:04:00.581,0.82711,0.8272,1.47,3.64
2014.04.14 13:04:01.527,0.82711,0.82719,1.37,2.07
2014.04.14 13:04:02.600,0.82711,0.82719,1.29,1.02
2014.04.14 13:04:03.612,0.82712,0.8272,1.47,1.25
2014.04.14 13:04:04.577,0.82712,0.8272,1.29,2.14
2014.04.14 13:04:07.133,0.82712,0.8272,1.39,2.89
2014.04.14 13:04:08.888,0.82713,0.82721,1.39,2.14
2014.04.14 13:04:12.655,0.82714,0.82721,1.32,1.77
2014.04.14 13:04:14.641,0.82714,0.82721,1.32,1.77
2014.04.14 13:04:16.374,0.82714,0.82719,1.19,1.00
2014.04.14 13:04:16.577,0.82711,0.82719,2.97,1.32
2014.04.14 13:04:17.090,0.82711,0.82719,1.34,1.19
2014.04.14 13:04:18.002,0.82711,0.82719,1.29,3.27
2014.04.14 13:04:18.970,0.82711,0.82719,1.39,3.64
2014.04.14 13:04:19.459,0.82711,0.82719,2.14,1.19
2014.04.14 13:04:19.965,0.82712,0.8272,2.82,2.59
2014.04.14 13:04:20.901,0.82713,0.8272,1.32,1.77
2014.04.14 13:04:24.282,0.82713,0.8272,1.19,1.84
2014.04.14 13:04:24.645,0.82711,0.82719,1.39,1.39
2014.04.14 13:04:25.657,0.82711,0.82718,1.47,1.50
2014.04.14 13:04:26.552,0.8271,0.82718,1.67,2.52
2014.04.14 13:04:27.564,0.82709,0.82717,1.67,1.29
2014.04.14 13:04:31.794,0.82709,0.82717,1.57,1.77
2014.04.14 13:04:32.100,0.82707,0.82716,1.67,1.47
2014.04.14 13:04:32.621,0.82707,0.82716,4.39,1.37
2014.04.14 13:04:34.783,0.82708,0.82716,3.57,1.37
2014.04.14 13:04:36.094,0.82708,0.82716,3.57,1.37
2014.04.14 13:04:36.553,0.82709,0.82716,1.32,1.37
2014.04.14 13:04:37.058,0.82708,0.82716,1.19,1.47
2014.04.14 13:04:37.564,0.82708,0.82716,1.19,3.64
2014.04.14 13:04:38.122,0.82708,0.82715,1.19,1.37
2014.04.14 13:04:38.700,0.82707,0.82715,1.19,1.09
2014.04.14 13:04:53.197,0.82707,0.82715,1.29,1.77
2014.04.14 13:04:58.917,0.82707,0.82715,1.67,1.39
2014.04.14 13:04:59.221,0.82708,0.82716,1.57,1.37
2014.04.14 13:05:03.228,0.82708,0.82716,1.19,1.94
2014.04.14 13:05:11.290,0.82708,0.82716,1.19,1.94
2014.04.14 13:05:12.259,0.82707,0.82715,3.27,1.29
2014.04.14 13:05:12.865,0.82707,0.82714,1.77,1.69
2014.04.14 13:05:13.877,0.82707,0.82714,1.19,1.29
2014.04.14 13:05:20.952,0.82707,0.82715,1.32,2.22
2014.04.14 13:05:23.936,0.82706,0.82714,1.67,1.29
2014.04.14 13:05:24.960,0.82706,0.82714,1.67,1.29
2014.04.14 13:05:26.754,0.82707,0.82715,1.57,1.47
2014.04.14 13:05:30.781,0.82706,0.82714,2.97,1.19
2014.04.14 13:05:34.825,0.82705,0.82713,4.84,1.32
2014.04.14 13:05:39.695,0.82706,0.82714,1.57,3.25
2014.04.14 13:05:40.200,0.82706,0.82714,1.67,3.36
2014.04.14 13:05:40.774,0.82707,0.82714,1.32,2.61
2014.04.14 13:05:42.741,0.82707,0.82714,1.32,2.61
2014.04.14 13:05:43.805,0.82705,0.82713,1.39,3.27
2014.04.14 13:05:50.164,0.82705,0.82713,1.32,3.81
2014.04.14 13:05:50.671,0.82705,0.82713,1.19,4.19
2014.04.14 13:05:52.228,0.82705,0.82713,1.19,4.94
2014.04.14 13:05:52.536,0.82703,0.82708,1.69,1.00
2014.04.14 13:05:53.286,0.82703,0.8271,1.19,1.47
2014.04.14 13:05:53.812,0.82703,0.8271,1.19,1.47
2014.04.14 13:05:54.357,0.82703,0.82708,1.00,1.00
2014.04.14 13:05:54.560,0.82701,0.82708,3.49,1.25
2014.04.14 13:05:56.532,0.82701,0.82709,3.42,1.47
2014.04.14 13:05:57.210,0.82701,0.82708,3.42,1.84
2014.04.14 13:05:57.566,0.82702,0.82708,1.19,1.10
2014.04.14 13:05:57.667,0.82701,0.82709,3.42,3.47
2014.04.14 13:05:58.651,0.82701,0.82708,2.67,1.77
2014.04.14 13:05:59.542,0.82701,0.82708,2.67,1.58
2014.04.14 13:06:02.325,0.82704,0.82711,2.13,3.68
2014.04.14 13:06:02.376,0.82705,0.82711,1.00,4.77
2014.04.14 13:06:02.641,0.82703,0.82711,2.63,2.97
2014.04.14 13:06:02.692,0.82705,0.82711,1.19,2.78
2014.04.14 13:06:03.198,0.82704,0.82709,1.19,1.58
2014.04.14 13:06:03.884,0.82704,0.82711,1.19,2.97
2014.04.14 13:06:04.390,0.82702,0.82711,1.67,1.47
2014.04.14 13:06:05.961,0.82703,0.82711,1.19,2.97
2014.04.14 13:06:06.417,0.82699,0.82705,1.29,1.50
2014.04.14 13:06:07.024,0.82699,0.82705,1.00,2.40
2014.04.14 13:06:07.429,0.82698,0.82704,1.19,1.58
2014.04.14 13:06:07.969,0.82698,0.82705,1.19,2.52
2014.04.14 13:06:08.490,0.82698,0.82705,1.19,1.95
2014.04.14 13:06:09.008,0.82698,0.82705,1.19,3.53
2014.04.14 13:06:09.722,0.82698,0.82703,1.00,1.50
2014.04.14 13:06:10.488,0.82697,0.82705,1.19,4.51
2014.04.14 13:06:13.900,0.82698,0.82702,1.00,1.50
2014.04.14 13:06:14.861,0.82697,0.82703,1.19,1.58
2014.04.14 13:06:15.470,0.82697,0.82703,1.19,1.58
2014.04.14 13:06:17.073,0.82697,0.82702,1.19,1.50
2014.04.14 13:06:19.894,0.82697,0.82705,1.19,4.32
2014.04.14 13:06:20.452,0.82698,0.82705,1.32,1.87
2014.04.14 13:06:21.420,0.82696,0.82704,1.39,1.32
2014.04.14 13:06:22.432,0.82697,0.82705,1.39,1.39
2014.04.14 13:06:26.462,0.82697,0.82705,1.32,1.37
2014.04.14 13:06:27.999,0.82698,0.82705,1.19,1.72
2014.04.14 13:06:28.511,0.82697,0.82703,1.19,1.00
2014.04.14 13:06:29.017,0.82697,0.82705,1.57,1.37
2014.04.14 13:06:29.524,0.82698,0.82705,2.07,1.29
2014.04.14 13:06:29.980,0.82697,0.82705,1.32,1.39
2014.04.14 13:06:30.739,0.82698,0.82706,1.32,5.07
2014.04.14 13:06:32.493,0.82698,0.82705,1.19,2.52
2014.04.14 13:06:33.050,0.82698,0.82703,1.19,1.00
2014.04.14 13:06:33.556,0.82697,0.82705,1.19,1.84
2014.04.14 13:06:34.213,0.82697,0.82705,1.19,2.97
2014.04.14 13:06:34.741,0.82696,0.82704,1.47,1.32
2014.04.14 13:06:36.471,0.82697,0.82705,1.39,1.29
2014.04.14 13:06:37.557,0.82697,0.82706,2.14,3.57
2014.04.14 13:06:38.575,0.82698,0.82706,1.32,3.57
2014.04.14 13:06:40.568,0.82698,0.82706,1.19,3.19
2014.04.14 13:06:41.587,0.82698,0.82706,1.19,3.19
2014.04.14 13:06:50.655,0.82698,0.82706,1.13,1.37
2014.04.14 13:06:51.648,0.82698,0.82706,1.19,1.84
2014.04.14 13:07:03.706,0.82696,0.82704,1.09,1.19
2014.04.14 13:07:04.060,0.82695,0.82703,1.19,1.84
2014.04.14 13:07:04.566,0.82694,0.82702,1.29,1.77
2014.04.14 13:07:07.032,0.82693,0.82701,4.47,1.19
2014.04.14 13:07:07.134,0.82696,0.82704,1.32,2.97
2014.04.14 13:07:07.639,0.82696,0.82704,3.72,1.19
2014.04.14 13:07:08.166,0.82697,0.82705,1.39,1.39
2014.04.14 13:07:11.149,0.82697,0.82705,1.39,1.77
2014.04.14 13:07:12.028,0.82699,0.82705,1.63,1.29
2014.04.14 13:07:12.578,0.827,0.82707,1.25,1.29
2014.04.14 13:07:14.056,0.82699,0.82707,1.77,1.29
2014.04.14 13:07:14.898,0.82699,0.82707,2.89,1.29
2014.04.14 13:07:15.868,0.82699,0.82704,1.10,1.00
2014.04.14 13:07:15.919,0.82696,0.82704,2.59,1.77
2014.04.14 13:07:16.626,0.82695,0.82703,2.52,1.29
2014.04.14 13:07:18.124,0.82697,0.82703,1.00,1.29
2014.04.14 13:07:18.631,0.82695,0.82703,2.44,1.37
2014.04.14 13:07:19.249,0.82696,0.82704,3.64,1.29
2014.04.14 13:07:20.246,0.82698,0.82706,1.19,1.84
2014.04.14 13:07:21.118,0.82696,0.82705,3.27,1.47
2014.04.14 13:07:21.927,0.82698,0.82705,1.63,1.29
2014.04.14 13:07:24.552,0.82698,0.82705,1.32,1.29
2014.04.14 13:07:24.856,0.82699,0.82707,1.77,1.29
2014.04.14 13:07:25.311,0.82701,0.82709,2.14,1.10
2014.04.14 13:07:25.982,0.82702,0.82709,2.07,1.29
2014.04.14 13:07:26.533,0.82702,0.82709,2.14,1.50
2014.04.14 13:07:27.411,0.82702,0.82709,2.14,1.69
2014.04.14 13:07:30.003,0.82702,0.8271,1.69,1.37
2014.04.14 13:07:31.032,0.82701,0.82709,4.39,1.29
2014.04.14 13:07:32.038,0.82701,0.82709,4.39,1.29
2014.04.14 13:07:33.030,0.82702,0.82709,2.07,1.29
2014.04.14 13:07:33.636,0.827,0.82708,1.47,1.32
2014.04.14 13:07:34.654,0.82699,0.82707,1.02,1.29
2014.04.14 13:07:34.957,0.82698,0.82704,1.99,1.00
2014.04.14 13:07:35.637,0.82698,0.82704,1.24,1.00
2014.04.14 13:07:41.701,0.82698,0.82704,3.49,1.00
2014.04.14 13:07:42.669,0.82698,0.82704,3.49,1.25
2014.04.14 13:07:43.687,0.82698,0.82704,3.42,1.10
2014.04.14 13:07:49.102,0.827,0.82706,2.67,1.58
2014.04.14 13:07:49.408,0.827,0.82708,4.99,1.58
2014.04.14 13:07:49.459,0.827,0.82708,4.99,1.77
2014.04.14 13:07:49.979,0.82702,0.82708,2.29,1.25
2014.04.14 13:07:50.485,0.82702,0.82709,2.67,1.77
2014.04.14 13:07:51.300,0.82702,0.82709,2.67,1.77
2014.04.14 13:07:55.577,0.82702,0.82709,3.04,1.02
2014.04.14 13:07:56.121,0.82702,0.82709,1.19,1.09
2014.04.14 13:07:56.627,0.82702,0.82708,3.04,1.02
2014.04.14 13:07:58.603,0.82702,0.8271,3.04,3.34
2014.04.14 13:08:00.511,0.82702,0.8271,1.19,3.34
2014.04.14 13:08:01.520,0.82702,0.8271,1.19,3.34
2014.04.14 13:08:03.506,0.82702,0.82709,2.29,1.37
2014.04.14 13:08:09.521,0.82702,0.8271,3.42,3.34
2014.04.14 13:08:10.331,0.82702,0.8271,3.42,3.72
2014.04.14 13:08:10.863,0.82701,0.82707,1.19,1.00
2014.04.14 13:08:11.376,0.82701,0.82709,1.32,2.97
2014.04.14 13:08:11.885,0.827,0.82708,3.42,2.59
2014.04.14 13:08:15.358,0.82699,0.82707,1.39,2.14
2014.04.14 13:08:24.418,0.82698,0.82706,1.57,2.59
2014.04.14 13:08:25.234,0.82699,0.82705,1.25,2.22
2014.04.14 13:08:25.743,0.82699,0.82705,1.25,2.97
2014.04.14 13:08:26.451,0.82698,0.82705,1.13,1.84
2014.04.14 13:08:28.509,0.82697,0.82705,1.92,1.37
2014.04.14 13:08:31.502,0.82698,0.82706,1.69,5.14
2014.04.14 13:08:33.191,0.82698,0.82706,2.82,2.97
2014.04.14 13:08:33.751,0.82698,0.82706,2.07,5.14
2014.04.14 13:08:34.257,0.82698,0.82706,2.07,2.59
2014.04.14 13:08:36.248,0.82698,0.82706,2.82,4.77
2014.04.14 13:08:36.860,0.82698,0.82706,2.82,2.59
2014.04.14 13:08:36.962,0.827,0.82707,1.19,2.22
2014.04.14 13:08:37.468,0.827,0.82707,1.57,2.59
2014.04.14 13:08:37.980,0.827,0.82706,1.32,1.29
2014.04.14 13:08:40.651,0.82701,0.82707,1.00,1.37
2014.04.14 13:08:41.157,0.827,0.82708,3.57,1.34
2014.04.14 13:08:41.663,0.827,0.82708,3.57,1.08
2014.04.14 13:08:44.062,0.82701,0.82708,1.63,1.34
2014.04.14 13:08:44.568,0.827,0.82708,1.32,2.97
2014.04.14 13:08:45.099,0.82699,0.82707,2.07,1.37
2014.04.14 13:08:46.687,0.82699,0.82707,3.57,1.37
2014.04.14 13:08:47.193,0.82699,0.82707,3.57,1.37
2014.04.14 13:08:48.007,0.827,0.82707,1.19,1.37
2014.04.14 13:08:48.722,0.82699,0.82707,1.00,5.14
2014.04.14 13:08:49.026,0.82698,0.82706,1.32,1.47
2014.04.14 13:08:49.532,0.82698,0.82706,1.32,1.47
2014.04.14 13:08:50.445,0.82698,0.82706,2.82,1.47
2014.04.14 13:08:52.303,0.82698,0.82706,2.82,1.37
2014.04.14 13:08:54.070,0.82699,0.82706,1.19,1.37
2014.04.14 13:08:54.883,0.82699,0.82706,1.19,1.34
2014.04.14 13:08:59.089,0.82697,0.82705,3.79,1.74
2014.04.14 13:09:00.101,0.82697,0.82704,1.17,1.37
2014.04.14 13:09:01.630,0.82697,0.82704,1.63,1.37
2014.04.14 13:09:02.136,0.82697,0.82705,4.17,2.97
2014.04.14 13:09:04.103,0.82697,0.82704,1.32,2.59
2014.04.14 13:09:08.414,0.82694,0.82702,1.67,1.29
2014.04.14 13:09:09.428,0.82693,0.82701,3.57,1.19
2014.04.14 13:09:12.583,0.82693,0.82701,1.57,1.37
2014.04.14 13:09:13.156,0.82693,0.82701,1.57,1.37
2014.04.14 13:09:14.533,0.82693,0.82701,1.57,1.37
2014.04.14 13:09:15.041,0.82693,0.82701,1.57,2.59
2014.04.14 13:09:15.549,0.82692,0.827,3.27,1.29
2014.04.14 13:09:17.217,0.82694,0.827,1.63,1.29
2014.04.14 13:09:17.370,0.82695,0.82702,1.57,1.34
2014.04.14 13:09:17.877,0.82695,0.82702,2.89,1.19
2014.04.14 13:09:18.383,0.82695,0.82703,2.89,1.29
2014.04.14 13:09:19.390,0.82696,0.82704,1.67,1.29
2014.04.14 13:09:22.336,0.82696,0.82704,1.67,1.29
2014.04.14 13:09:22.907,0.82696,0.82704,1.67,1.29
2014.04.14 13:09:28.417,0.82696,0.82704,2.22,1.19
2014.04.14 13:09:28.620,0.82698,0.82705,1.77,1.69
2014.04.14 13:09:31.214,0.82699,0.82707,1.84,1.19
2014.04.14 13:09:31.265,0.827,0.82708,1.67,2.52
2014.04.14 13:09:31.773,0.82701,0.82708,1.74,2.25
2014.04.14 13:09:32.279,0.82701,0.82709,2.14,1.29
2014.04.14 13:09:33.050,0.82701,0.82709,2.14,1.10
2014.04.14 13:09:34.690,0.82702,0.82709,2.44,1.29
2014.04.14 13:09:38.128,0.82702,0.82709,4.17,1.10
2014.04.14 13:09:38.887,0.82702,0.82709,3.79,1.29
2014.04.14 13:09:39.316,0.82703,0.8271,1.75,1.25
2014.04.14 13:09:39.822,0.82703,0.82711,2.89,1.10
2014.04.14 13:09:40.328,0.82703,0.82711,2.52,1.29
2014.04.14 13:09:40.834,0.82703,0.82711,3.64,1.10
2014.04.14 13:09:41.340,0.82703,0.82711,4.39,1.29
2014.04.14 13:09:42.352,0.82704,0.82712,2.07,1.37
2014.04.14 13:09:42.403,0.82708,0.82713,1.00,1.33
2014.04.14 13:09:42.505,0.82706,0.82714,2.14,1.29
2014.04.14 13:09:43.042,0.82707,0.82714,1.47,1.19
2014.04.14 13:09:43.549,0.82707,0.82714,2.22,1.25
2014.04.14 13:09:44.447,0.82707,0.82714,2.22,1.00
2014.04.14 13:09:45.428,0.82707,0.82714,1.47,1.00
2014.04.14 13:09:46.013,0.82709,0.82716,1.50,2.14
2014.04.14 13:09:46.255,0.82709,0.82717,2.89,1.27
2014.04.14 13:09:46.561,0.82713,0.82718,1.25,1.02
2014.04.14 13:09:47.786,0.82713,0.8272,3.72,1.19
2014.04.14 13:09:48.291,0.82715,0.8272,1.50,1.00
2014.04.14 13:09:48.443,0.82715,0.82721,1.50,2.07
2014.04.14 13:09:49.049,0.82716,0.82721,1.50,2.07
2014.04.14 13:09:50.047,0.82719,0.82723,1.00,1.65
2014.04.14 13:09:50.149,0.82718,0.82723,1.00,1.29
2014.04.14 13:09:50.690,0.82718,0.82723,1.50,1.19
2014.04.14 13:09:51.196,0.82718,0.82724,1.88,1.19
2014.04.14 13:09:51.701,0.82718,0.82723,1.50,1.25
2014.04.14 13:09:55.371,0.82716,0.82724,2.52,3.12
2014.04.14 13:09:55.877,0.82715,0.82723,2.97,1.19
2014.04.14 13:09:56.868,0.82715,0.82723,2.97,3.57
2014.04.14 13:09:57.020,0.82715,0.82721,1.58,1.29
2014.04.14 13:09:57.728,0.82715,0.82721,1.88,1.19
2014.04.14 13:09:58.253,0.82715,0.82722,2.07,1.29
2014.04.14 13:09:59.033,0.82715,0.82721,2.07,1.29
2014.04.14 13:10:01.041,0.82715,0.8272,1.50,2.44
2014.04.14 13:10:02.061,0.82715,0.8272,1.88,2.25
2014.04.14 13:10:04.050,0.82714,0.8272,1.77,2.44
2014.04.14 13:10:06.814,0.82714,0.8272,1.77,2.44
2014.04.14 13:10:07.319,0.82714,0.8272,2.89,1.50
2014.04.14 13:10:08.078,0.82714,0.8272,2.33,1.19
2014.04.14 13:10:09.716,0.82714,0.8272,1.58,1.19
2014.04.14 13:10:10.222,0.82714,0.82721,2.52,2.44
2014.04.14 13:10:10.727,0.82714,0.82721,2.89,2.25
2014.04.14 13:10:13.487,0.82714,0.8272,2.89,1.19
2014.04.14 13:10:15.131,0.82714,0.82721,1.67,1.19
2014.04.14 13:10:16.039,0.82714,0.8272,2.14,1.19
2014.04.14 13:10:20.327,0.82714,0.82721,2.14,1.19
2014.04.14 13:10:21.039,0.82713,0.82719,2.14,1.19
2014.04.14 13:10:24.147,0.82713,0.82719,2.14,1.19
2014.04.14 13:10:24.654,0.82713,0.82721,2.97,1.19
2014.04.14 13:10:25.159,0.82713,0.82721,2.59,1.57
2014.04.14 13:10:25.667,0.82713,0.82719,1.77,1.19
2014.04.14 13:10:26.174,0.82714,0.82719,1.50,1.19
2014.04.14 13:10:27.188,0.82714,0.8272,2.07,1.19
2014.04.14 13:10:28.217,0.82714,0.8272,1.88,1.19
2014.04.14 13:10:29.099,0.82714,0.8272,2.07,1.19
2014.04.14 13:10:30.110,0.82714,0.82719,1.50,1.19
2014.04.14 13:10:31.101,0.82714,0.8272,2.07,1.19
2014.04.14 13:10:32.174,0.82714,0.8272,1.88,1.19
2014.04.14 13:10:34.312,0.82715,0.8272,1.00,1.00
2014.04.14 13:10:34.853,0.82715,0.8272,1.38,1.00
2014.04.14 13:10:35.370,0.82715,0.8272,1.00,1.19
2014.04.14 13:10:36.182,0.82715,0.82722,1.69,1.62
2014.04.14 13:10:40.204,0.82715,0.82722,2.07,1.69
2014.04.14 13:10:43.318,0.82716,0.82723,2.07,1.47
2014.04.14 13:10:43.860,0.82716,0.82723,2.07,1.47
2014.04.14 13:10:47.431,0.82718,0.82724,2.44,1.37
2014.04.14 13:10:50.980,0.82716,0.82724,3.19,1.47
2014.04.14 13:10:51.132,0.82716,0.82723,2.82,1.37
2014.04.14 13:10:51.655,0.82717,0.82723,1.50,1.37
2014.04.14 13:10:52.174,0.82717,0.82724,1.69,1.47
2014.04.14 13:10:53.092,0.82717,0.82724,2.07,1.37
2014.04.14 13:10:56.952,0.82719,0.82724,1.00,1.19
2014.04.14 13:10:59.230,0.82719,0.82726,2.97,1.19
2014.04.14 13:11:02.235,0.82719,0.82726,2.89,1.19
2014.04.14 13:11:03.223,0.82719,0.82726,1.32,1.29
2014.04.14 13:11:03.476,0.82719,0.82726,1.67,1.00
2014.04.14 13:11:03.983,0.82721,0.82726,1.50,1.19
2014.04.14 13:11:04.501,0.82722,0.82728,1.00,1.29
2014.04.14 13:11:05.060,0.82722,0.82729,1.63,1.37
2014.04.14 13:11:07.651,0.82724,0.82729,1.00,1.10
2014.04.14 13:11:09.085,0.82724,0.82729,1.00,1.29
2014.04.14 13:11:14.361,0.82722,0.82729,1.19,1.74
2014.04.14 13:11:14.888,0.82724,0.82729,1.00,1.37
2014.04.14 13:11:15.441,0.82723,0.82729,1.32,1.37
2014.04.14 13:11:15.980,0.82723,0.82729,1.25,1.37
2014.04.14 13:11:16.486,0.82722,0.82728,1.25,1.29
2014.04.14 13:11:17.061,0.82722,0.82728,1.63,1.29
2014.04.14 13:11:17.584,0.8272,0.82728,2.52,1.29
2014.04.14 13:11:18.090,0.8272,0.82728,1.77,1.29
2014.04.14 13:11:19.050,0.8272,0.82728,1.20,1.39
2014.04.14 13:11:20.048,0.82719,0.82727,2.59,1.19
2014.04.14 13:11:20.453,0.82718,0.82726,2.89,2.89
2014.04.14 13:11:20.959,0.82717,0.82723,1.32,1.19
2014.04.14 13:11:21.970,0.82716,0.82722,1.32,1.29
2014.04.14 13:11:22.527,0.82714,0.82722,1.29,3.72
2014.04.14 13:11:22.781,0.82713,0.8272,2.29,1.74
2014.04.14 13:11:22.882,0.82711,0.82719,2.89,1.39
2014.04.14 13:11:23.905,0.82711,0.82718,2.82,1.29
2014.04.14 13:11:24.704,0.82711,0.82718,2.97,1.19
2014.04.14 13:11:24.906,0.82714,0.82718,1.00,1.00
2014.04.14 13:11:25.210,0.82714,0.8272,1.13,1.29
2014.04.14 13:11:26.136,0.82714,0.8272,1.50,1.19
2014.04.14 13:11:26.664,0.82715,0.82721,1.00,1.29
2014.04.14 13:11:26.866,0.82716,0.82721,2.25,1.10
2014.04.14 13:11:27.373,0.82715,0.82721,1.13,1.19
2014.04.14 13:11:27.728,0.82711,0.82719,4.77,1.32
2014.04.14 13:11:27.881,0.82711,0.82719,2.52,1.39
2014.04.14 13:11:28.718,0.82711,0.82718,2.52,1.19
2014.04.14 13:11:29.709,0.82711,0.82719,2.52,1.39
2014.04.14 13:11:30.367,0.82712,0.82719,1.77,1.19
2014.04.14 13:11:30.469,0.82714,0.82719,1.58,1.00
2014.04.14 13:11:30.976,0.82715,0.82721,1.58,1.19
2014.04.14 13:11:31.635,0.82716,0.82722,1.00,1.29
2014.04.14 13:11:32.140,0.82714,0.82722,2.52,1.29
2014.04.14 13:11:32.750,0.82714,0.82721,1.02,1.19
2014.04.14 13:11:33.516,0.82714,0.82721,1.02,1.19
2014.04.14 13:11:42.211,0.82713,0.82721,3.34,1.32
2014.04.14 13:11:51.070,0.82712,0.8272,6.12,1.39
2014.04.14 13:11:51.525,0.82714,0.82722,1.67,1.29
2014.04.14 13:11:52.825,0.82713,0.82721,4.02,1.29
2014.04.14 13:11:54.155,0.82713,0.82721,4.02,1.29
2014.04.14 13:11:55.877,0.82713,0.82721,3.72,1.19
2014.04.14 13:11:57.416,0.82713,0.82721,3.72,1.00
2014.04.14 13:12:03.623,0.82713,0.8272,2.97,1.19
2014.04.14 13:12:05.147,0.82713,0.8272,2.59,1.19
2014.04.14 13:12:06.119,0.82713,0.82721,2.97,1.19
2014.04.14 13:12:06.372,0.82713,0.82721,3.72,1.00
2014.04.14 13:12:06.675,0.82713,0.82721,3.72,1.19
2014.04.14 13:12:06.914,0.82713,0.82721,3.72,1.00
2014.04.14 13:12:09.275,0.82713,0.82721,2.59,1.19
2014.04.14 13:12:10.135,0.82715,0.82722,1.25,1.29
2014.04.14 13:12:12.207,0.82715,0.82722,2.14,1.19
2014.04.14 13:12:12.713,0.82716,0.82722,1.25,1.19
2014.04.14 13:12:13.237,0.82715,0.82723,3.27,1.29
2014.04.14 13:12:13.646,0.82716,0.82723,1.77,1.00
2014.04.14 13:12:18.525,0.82715,0.82723,3.72,1.19
2014.04.14 13:12:19.031,0.82715,0.82723,3.72,1.00
2014.04.14 13:12:20.884,0.82716,0.82723,1.67,1.19
2014.04.14 13:12:26.635,0.82716,0.82723,1.77,1.19
2014.04.14 13:12:28.735,0.82716,0.82723,1.77,1.19
2014.04.14 13:12:30.240,0.82716,0.82723,1.77,1.19
2014.04.14 13:12:35.268,0.82716,0.82723,1.77,1.19
2014.04.14 13:12:42.069,0.82718,0.82723,1.00,1.19
2014.04.14 13:12:42.610,0.82718,0.82724,1.95,1.19
2014.04.14 13:12:43.220,0.82718,0.82724,2.52,1.19
2014.04.14 13:12:49.153,0.82718,0.82724,1.02,1.00
2014.04.14 13:12:55.292,0.82717,0.82724,1.74,1.19
2014.04.14 13:12:57.813,0.82718,0.82725,1.02,1.19
2014.04.14 13:12:59.662,0.82717,0.82724,1.67,1.19
2014.04.14 13:12:59.967,0.82716,0.82722,1.84,1.19
2014.04.14 13:13:00.981,0.82717,0.82723,1.02,1.19
2014.04.14 13:13:01.335,0.82716,0.82723,3.34,1.19
2014.04.14 13:13:01.893,0.82717,0.82723,1.02,1.00
2014.04.14 13:13:02.197,0.82718,0.82724,1.09,1.19
2014.04.14 13:13:04.010,0.82719,0.82726,2.04,1.19
2014.04.14 13:13:06.001,0.82719,0.82726,1.39,1.19
2014.04.14 13:13:07.276,0.82719,0.82726,1.77,1.00
2014.04.14 13:13:08.489,0.82719,0.82726,2.14,1.00
2014.04.14 13:13:09.808,0.82719,0.82726,2.14,1.19
2014.04.14 13:13:16.332,0.82719,0.82726,3.27,1.00
2014.04.14 13:13:24.474,0.82719,0.82727,5.52,1.77
2014.04.14 13:13:31.046,0.82719,0.82727,2.04,1.77
2014.04.14 13:13:33.576,0.82719,0.82726,2.52,1.19
2014.04.14 13:13:33.880,0.82719,0.82725,1.00,1.32
2014.04.14 13:13:34.903,0.82717,0.82723,3.27,1.69
2014.04.14 13:13:38.328,0.82718,0.82724,1.10,2.44
2014.04.14 13:13:38.864,0.82718,0.82724,1.02,2.44
2014.04.14 13:13:39.684,0.82718,0.82724,1.02,2.25
2014.04.14 13:13:40.438,0.82716,0.82724,3.72,2.44
2014.04.14 13:13:41.094,0.82719,0.82724,1.00,1.19
2014.04.14 13:13:41.601,0.82718,0.82724,1.77,1.19
2014.04.14 13:13:42.108,0.82717,0.82723,1.58,2.44
2014.04.14 13:13:45.965,0.82716,0.82723,2.14,2.44
2014.04.14 13:13:47.177,0.82716,0.82723,2.52,2.44
2014.04.14 13:13:48.268,0.82716,0.82723,3.72,2.44
2014.04.14 13:14:01.379,0.82716,0.82723,2.59,3.57
2014.04.14 13:14:01.986,0.82715,0.82722,2.52,1.19
2014.04.14 13:14:05.401,0.82716,0.82722,2.03,1.19
2014.04.14 13:14:08.106,0.82716,0.82722,2.03,1.00
2014.04.14 13:14:09.409,0.82716,0.82722,2.03,1.19
2014.04.14 13:14:12.286,0.82716,0.82722,1.95,1.19
2014.04.14 13:14:12.809,0.82715,0.82722,2.59,1.19
2014.04.14 13:14:13.416,0.82715,0.82721,2.52,1.19
2014.04.14 13:14:16.258,0.82715,0.82723,4.58,2.44
2014.04.14 13:14:16.821,0.82715,0.82721,2.40,1.00
2014.04.14 13:14:17.678,0.82715,0.82723,4.58,2.44
2014.04.14 13:14:19.917,0.82715,0.82721,2.40,1.00
2014.04.14 13:14:27.388,0.82715,0.82721,2.59,1.19
2014.04.14 13:14:28.641,0.82717,0.82721,1.50,1.00
2014.04.14 13:14:29.142,0.82717,0.82722,1.50,1.19
2014.04.14 13:14:30.234,0.82717,0.82723,2.07,1.69
2014.04.14 13:14:33.606,0.8272,0.82724,1.88,1.50
2014.04.14 13:14:33.910,0.8272,0.82726,1.50,1.29
2014.04.14 13:14:34.062,0.82719,0.82726,2.07,1.29
2014.04.14 13:14:34.417,0.82718,0.82724,2.25,1.19
2014.04.14 13:14:37.256,0.82716,0.82723,2.22,1.94
2014.04.14 13:14:37.765,0.82716,0.82722,1.00,1.69
2014.04.14 13:14:38.625,0.82716,0.82721,1.25,1.25
2014.04.14 13:14:45.072,0.82716,0.82722,2.44,1.69
2014.04.14 13:14:45.593,0.82715,0.8272,2.52,1.25
2014.04.14 13:14:46.820,0.82715,0.82723,2.14,3.45
2014.04.14 13:14:48.052,0.82716,0.82722,1.69,1.32
2014.04.14 13:14:48.585,0.82716,0.8272,1.69,1.00
2014.04.14 13:14:50.566,0.82716,0.8272,1.77,1.00
2014.04.14 13:14:50.619,0.82716,0.82722,1.77,1.32
2014.04.14 13:14:51.129,0.82713,0.8272,3.19,2.33
2014.04.14 13:14:51.585,0.82711,0.82719,2.59,4.02
2014.04.14 13:14:51.687,0.82711,0.82719,2.59,3.94
2014.04.14 13:14:51.889,0.82712,0.82719,1.02,2.25
2014.04.14 13:14:52.042,0.82714,0.82721,2.59,1.69
2014.04.14 13:14:52.397,0.82712,0.82718,1.29,1.00
2014.04.14 13:14:52.448,0.82711,0.82718,2.97,1.69
2014.04.14 13:14:53.489,0.8271,0.82717,2.59,1.32
2014.04.14 13:14:54.086,0.82709,0.82717,3.34,1.32
2014.04.14 13:14:54.903,0.82709,0.82716,2.59,1.19
2014.04.14 13:14:59.805,0.82709,0.82717,3.34,1.19
2014.04.14 13:15:05.110,0.82709,0.82716,2.52,1.19
2014.04.14 13:15:05.514,0.82708,0.82716,2.14,1.77
2014.04.14 13:15:05.918,0.82708,0.82713,1.10,1.19
2014.04.14 13:15:06.459,0.82707,0.82713,1.09,1.00
2014.04.14 13:15:07.307,0.82707,0.82714,1.09,1.00
2014.04.14 13:15:09.041,0.82706,0.82714,4.47,1.19
2014.04.14 13:15:09.703,0.82707,0.82714,1.09,1.00
2014.04.14 13:15:11.462,0.82706,0.82714,4.84,1.19
2014.04.14 13:15:12.984,0.82707,0.82714,1.09,1.00
2014.04.14 13:15:18.833,0.82708,0.82714,1.00,1.19
2014.04.14 13:15:20.930,0.82707,0.82714,1.02,1.00
2014.04.14 13:15:21.437,0.82708,0.82714,1.10,1.19
2014.04.14 13:15:22.915,0.82707,0.82714,1.02,1.00
2014.04.14 13:15:23.420,0.82708,0.82714,1.00,1.19
2014.04.14 13:15:34.897,0.82706,0.82712,2.22,1.19
2014.04.14 13:15:52.436,0.82706,0.82712,2.22,1.19
2014.04.14 13:15:52.693,0.82706,0.82713,2.44,1.37
2014.04.14 13:15:54.659,0.82705,0.82711,2.82,1.29
2014.04.14 13:15:55.674,0.82705,0.82711,1.63,1.39
2014.04.14 13:15:55.776,0.82705,0.82709,1.32,1.00
2014.04.14 13:15:55.878,0.82703,0.82708,1.69,1.25
2014.04.14 13:15:55.980,0.827,0.82708,3.19,2.22
2014.04.14 13:15:56.031,0.827,0.82708,1.69,2.22
2014.04.14 13:15:56.132,0.827,0.82706,1.00,1.19
2014.04.14 13:15:57.046,0.82699,0.82706,3.19,1.37
2014.04.14 13:15:57.147,0.82699,0.82706,3.19,1.39
2014.04.14 13:15:57.303,0.82699,0.82707,3.19,1.20
2014.04.14 13:15:57.607,0.82703,0.82708,1.88,1.18
2014.04.14 13:15:58.114,0.82701,0.82706,2.18,1.25
2014.04.14 13:16:00.418,0.82703,0.82707,1.50,1.25
2014.04.14 13:16:01.401,0.82703,0.82708,1.69,1.25
2014.04.14 13:16:02.852,0.82703,0.82707,1.69,1.00
2014.04.14 13:16:04.408,0.82703,0.82707,1.69,1.50
2014.04.14 13:16:04.919,0.82702,0.82706,1.05,1.00
2014.04.14 13:16:05.455,0.82702,0.82708,2.07,1.25
2014.04.14 13:16:06.629,0.82702,0.82707,2.07,1.00
2014.04.14 13:16:06.730,0.82701,0.82707,4.02,1.00
2014.04.14 13:16:06.832,0.82701,0.82707,6.12,1.00
2014.04.14 13:16:07.337,0.82701,0.82707,3.34,1.00
2014.04.14 13:16:07.793,0.82701,0.82708,2.14,1.25
2014.04.14 13:16:08.298,0.82701,0.82706,1.58,1.00
2014.04.14 13:16:08.804,0.82701,0.82707,1.77,1.00
2014.04.14 13:16:10.844,0.82703,0.82708,1.19,1.00
2014.04.14 13:16:11.363,0.82703,0.82707,1.00,1.00
2014.04.14 13:16:11.869,0.82702,0.82707,1.69,1.00
2014.04.14 13:16:13.052,0.82702,0.82707,1.25,1.00
2014.04.14 13:16:13.592,0.82701,0.82707,3.27,1.00
2014.04.14 13:16:14.128,0.82702,0.82706,1.25,1.00
2014.04.14 13:16:14.592,0.827,0.82705,1.95,1.00
2014.04.14 13:16:14.895,0.827,0.82704,1.25,1.00
2014.04.14 13:16:15.098,0.827,0.82706,1.75,1.25
2014.04.14 13:16:15.605,0.827,0.82705,2.14,1.00
2014.04.14 13:16:15.958,0.82699,0.82704,3.49,1.00
2014.04.14 13:16:16.465,0.82699,0.82703,1.24,1.00
2014.04.14 13:16:16.970,0.82698,0.82702,4.95,1.00
2014.04.14 13:16:19.930,0.82699,0.82703,1.62,1.00
2014.04.14 13:16:23.424,0.82699,0.82704,1.62,1.25
2014.04.14 13:16:25.353,0.82699,0.82703,1.62,1.00
2014.04.14 13:16:27.625,0.82699,0.82704,1.17,1.25
2014.04.14 13:16:30.293,0.82699,0.82705,1.35,2.52
2014.04.14 13:16:31.669,0.82699,0.82705,1.68,2.33
2014.04.14 13:16:32.445,0.82699,0.82705,1.68,2.33
2014.04.14 13:16:33.009,0.82699,0.82705,1.17,1.77
2014.04.14 13:16:33.515,0.82699,0.82704,2.67,1.00
2014.04.14 13:16:33.667,0.82699,0.82706,3.04,1.09
2014.04.14 13:16:34.173,0.82699,0.82706,2.29,1.84
2014.04.14 13:16:34.678,0.82699,0.82706,1.54,1.77
2014.04.14 13:16:35.677,0.82699,0.82706,1.54,1.77
2014.04.14 13:16:37.327,0.82699,0.82705,1.54,1.77
2014.04.14 13:16:38.343,0.82699,0.82705,1.54,1.29
2014.04.14 13:16:39.220,0.82697,0.82704,3.04,1.29
2014.04.14 13:16:40.433,0.82699,0.82704,1.25,1.00
2014.04.14 13:16:42.369,0.82698,0.82703,1.77,1.00
2014.04.14 13:16:43.960,0.82697,0.82703,1.77,1.00
2014.04.14 13:16:45.069,0.82697,0.82705,2.04,3.08
2014.04.14 13:16:45.575,0.82698,0.82704,2.82,1.25
2014.04.14 13:16:45.827,0.82698,0.82704,1.32,1.25
2014.04.14 13:16:45.878,0.82698,0.82706,1.32,3.34
2014.04.14 13:16:46.181,0.82696,0.82702,2.52,1.25
2014.04.14 13:16:46.686,0.82696,0.82704,2.52,1.58
2014.04.14 13:16:47.292,0.82698,0.82703,1.39,1.00
2014.04.14 13:16:47.913,0.82698,0.82706,1.99,1.10
2014.04.14 13:16:48.418,0.82699,0.82706,1.69,2.14
2014.04.14 13:16:50.498,0.82702,0.82708,1.25,2.52
2014.04.14 13:16:53.795,0.82702,0.82706,1.25,1.00
2014.04.14 13:17:00.304,0.82702,0.82707,1.25,1.25
2014.04.14 13:17:09.645,0.827,0.82706,3.19,1.00
2014.04.14 13:17:10.152,0.827,0.82706,2.63,1.18
2014.04.14 13:17:12.300,0.827,0.82707,2.44,1.84
2014.04.14 13:17:14.203,0.827,0.82707,2.07,1.84
2014.04.14 13:17:19.432,0.82699,0.82706,1.57,1.39
2014.04.14 13:17:20.400,0.82699,0.82707,1.19,2.59
2014.04.14 13:17:24.863,0.82698,0.82706,2.52,1.29
2014.04.14 13:17:24.914,0.82698,0.82706,2.89,1.29
2014.04.14 13:17:25.269,0.82694,0.82703,4.77,1.69
2014.04.14 13:17:32.753,0.82695,0.82702,1.94,1.02
2014.04.14 13:17:37.143,0.82695,0.82701,1.77,1.00
2014.04.14 13:17:37.383,0.82694,0.82701,1.74,1.25
2014.04.14 13:17:38.518,0.82693,0.82701,1.77,2.89
2014.04.14 13:17:39.031,0.82693,0.827,1.69,3.27
2014.04.14 13:17:39.233,0.82691,0.82697,4.02,1.00
2014.04.14 13:17:39.587,0.8269,0.82695,1.57,1.00
2014.04.14 13:17:39.754,0.82689,0.82695,1.02,1.19
2014.04.14 13:17:40.210,0.82687,0.82694,2.07,1.37
2014.04.14 13:17:40.514,0.82691,0.82697,1.25,1.77
2014.04.14 13:17:40.767,0.8269,0.82697,1.69,1.58
2014.04.14 13:17:41.020,0.82691,0.82698,1.57,1.02
2014.04.14 13:17:41.529,0.82691,0.82698,1.19,1.09
2014.04.14 13:17:42.038,0.8269,0.82698,2.82,1.37
2014.04.14 13:17:43.657,0.82691,0.82699,2.07,2.59
2014.04.14 13:17:43.912,0.82692,0.82699,2.82,1.10
2014.04.14 13:17:44.620,0.82692,0.82698,1.67,1.00
2014.04.14 13:17:45.127,0.82691,0.82698,3.19,1.10
2014.04.14 13:17:45.633,0.82692,0.82699,2.07,1.02
2014.04.14 13:17:47.434,0.82692,0.82699,2.07,1.29
2014.04.14 13:17:48.458,0.82693,0.827,1.69,2.59
2014.04.14 13:17:49.954,0.82693,0.827,2.07,2.59
2014.04.14 13:17:50.461,0.82693,0.827,1.69,1.37
2014.04.14 13:17:50.969,0.82693,0.82701,2.07,2.59
2014.04.14 13:17:51.503,0.82693,0.82701,2.07,5.14
2014.04.14 13:17:52.365,0.82694,0.827,2.07,1.84
2014.04.14 13:17:52.923,0.8269,0.82699,5.22,2.52
2014.04.14 13:17:53.126,0.8269,0.82699,1.57,4.77
2014.04.14 13:17:53.995,0.8269,0.82699,1.57,5.14
2014.04.14 13:17:54.811,0.82688,0.82697,3.64,1.37
2014.04.14 13:18:03.428,0.82689,0.82697,1.77,1.39
2014.04.14 13:18:03.934,0.82691,0.82697,1.13,1.19
2014.04.14 13:18:04.239,0.82693,0.82698,1.38,1.00
2014.04.14 13:18:04.746,0.82692,0.827,1.32,2.22
2014.04.14 13:18:05.252,0.82692,0.82699,1.19,1.34
2014.04.14 13:18:05.758,0.8269,0.82699,1.57,1.47
2014.04.14 13:18:06.305,0.8269,0.82699,1.57,1.84
2014.04.14 13:18:07.001,0.82689,0.82697,2.07,1.09
2014.04.14 13:18:16.625,0.82689,0.82697,1.77,1.77
2014.04.14 13:18:20.458,0.82688,0.82696,1.39,1.39
2014.04.14 13:18:21.166,0.82688,0.82695,1.19,1.47
2014.04.14 13:18:21.672,0.82688,0.82695,1.19,1.39
2014.04.14 13:18:22.176,0.82688,0.82695,1.19,1.39
2014.04.14 13:18:31.528,0.82688,0.82695,1.32,1.29
2014.04.14 13:18:32.044,0.82689,0.82697,1.69,2.22
2014.04.14 13:18:33.168,0.82689,0.82697,2.07,1.84
2014.04.14 13:18:33.773,0.82691,0.82697,1.25,1.37
2014.04.14 13:18:34.279,0.8269,0.82697,2.07,1.29
2014.04.14 13:18:35.585,0.8269,0.82698,2.07,2.97
2014.04.14 13:18:36.806,0.82688,0.82696,1.74,1.69
2014.04.14 13:18:38.045,0.82688,0.82696,1.74,1.69
2014.04.14 13:18:39.002,0.82688,0.82696,1.67,1.77
2014.04.14 13:18:41.651,0.82688,0.82696,2.97,2.07
2014.04.14 13:18:44.570,0.82688,0.82696,2.89,1.77
2014.04.14 13:18:47.091,0.82688,0.82696,4.39,1.77
2014.04.14 13:18:48.102,0.82689,0.82697,2.82,2.22
2014.04.14 13:18:49.072,0.82689,0.82697,1.57,2.22
2014.04.14 13:18:50.667,0.82689,0.82697,1.57,2.22
2014.04.14 13:18:50.972,0.82691,0.82699,2.14,3.27
2014.04.14 13:18:51.176,0.82692,0.827,2.89,1.29
2014.04.14 13:18:52.205,0.82693,0.827,1.39,1.25
2014.04.14 13:18:53.129,0.82695,0.82702,1.19,1.84
2014.04.14 13:18:53.635,0.82694,0.82702,1.19,3.72
2014.04.14 13:18:54.421,0.82693,0.82701,1.67,1.77
2014.04.14 13:19:00.545,0.82693,0.82701,2.89,1.29
2014.04.14 13:19:01.636,0.82693,0.82701,3.27,1.29
2014.04.14 13:19:02.396,0.82693,0.82698,3.27,1.00
2014.04.14 13:19:02.700,0.82693,0.827,1.32,1.02
2014.04.14 13:19:03.313,0.82693,0.827,2.14,1.69
2014.04.14 13:19:03.876,0.82693,0.82701,2.14,1.77
2014.04.14 13:19:05.245,0.82693,0.82698,1.77,1.00
2014.04.14 13:19:05.549,0.82691,0.82696,1.29,1.00
2014.04.14 13:19:05.803,0.82689,0.82696,1.47,1.25
2014.04.14 13:19:06.904,0.82688,0.82696,3.34,2.44
2014.04.14 13:19:14.357,0.82688,0.82696,3.34,1.69
2014.04.14 13:19:15.343,0.82688,0.82695,2.22,1.19
2014.04.14 13:19:17.716,0.82688,0.82695,2.59,1.00
2014.04.14 13:19:18.223,0.82691,0.82697,1.88,1.50
2014.04.14 13:19:18.495,0.82692,0.82697,2.07,1.00
2014.04.14 13:19:19.868,0.82692,0.82697,2.14,1.00
2014.04.14 13:19:20.121,0.82692,0.82699,2.89,1.25
2014.04.14 13:19:20.884,0.82692,0.82699,2.89,1.69
2014.04.14 13:19:21.745,0.82692,0.82697,2.63,1.00
2014.04.14 13:19:22.252,0.82691,0.82695,1.88,1.00
2014.04.14 13:19:22.353,0.82692,0.82697,1.13,2.25
2014.04.14 13:19:22.657,0.82693,0.82697,1.00,1.50
2014.04.14 13:19:22.708,0.82691,0.82695,1.00,2.25
2014.04.14 13:19:22.860,0.8269,0.82695,1.50,1.65
2014.04.14 13:19:23.113,0.82687,0.82693,1.69,2.40
2014.04.14 13:19:23.214,0.82686,0.8269,1.00,1.00
2014.04.14 13:19:23.619,0.82684,0.8269,1.13,1.00
2014.04.14 13:19:25.543,0.82683,0.8269,1.57,1.10
2014.04.14 13:19:26.049,0.82683,0.82691,1.32,2.22
2014.04.14 13:19:26.556,0.82683,0.82689,1.57,1.00
2014.04.14 13:19:27.062,0.82683,0.82689,1.67,1.00
2014.04.14 13:19:27.214,0.82682,0.82686,1.43,1.00
2014.04.14 13:19:27.518,0.82679,0.82683,1.20,1.00
2014.04.14 13:19:28.023,0.82679,0.82684,1.19,1.50
2014.04.14 13:19:28.326,0.82676,0.82681,4.50,1.50
2014.04.14 13:19:28.630,0.82676,0.8268,2.25,1.10
2014.04.14 13:19:28.681,0.82676,0.8268,1.50,1.10
2014.04.14 13:19:28.884,0.82674,0.82678,2.25,1.00
2014.04.14 13:19:29.036,0.82671,0.82677,1.32,1.50
2014.04.14 13:19:29.390,0.8267,0.82675,1.37,1.00
2014.04.14 13:19:29.694,0.82672,0.82678,1.50,2.25
2014.04.14 13:19:29.896,0.8267,0.82676,2.52,1.00
2014.04.14 13:19:30.301,0.82668,0.82675,1.29,1.69
2014.04.14 13:19:30.403,0.82668,0.82673,1.29,1.00
2014.04.14 13:19:31.272,0.82669,0.82675,1.19,1.13
2014.04.14 13:19:32.058,0.82669,0.82674,1.19,1.00
2014.04.14 13:19:33.251,0.82668,0.82676,4.02,1.77
2014.04.14 13:19:33.757,0.8267,0.82678,1.19,1.09
2014.04.14 13:19:34.414,0.8267,0.82679,3.64,1.34
2014.04.14 13:19:34.920,0.82671,0.8268,1.19,6.64
2014.04.14 13:19:35.458,0.82671,0.82679,1.19,2.52
2014.04.14 13:19:35.964,0.8267,0.82679,1.32,5.14
2014.04.14 13:19:36.722,0.82671,0.82679,1.25,1.34
2014.04.14 13:19:37.645,0.82671,0.8268,1.19,5.89
2014.04.14 13:19:38.635,0.8267,0.82679,1.19,1.84
2014.04.14 13:19:40.661,0.8267,0.82676,1.19,1.00
2014.04.14 13:19:41.752,0.82669,0.82676,1.29,1.25
2014.04.14 13:19:43.181,0.8267,0.82677,2.44,1.10
2014.04.14 13:19:43.385,0.8267,0.82675,2.44,1.00
2014.04.14 13:19:43.587,0.8267,0.82677,2.44,1.10
2014.04.14 13:19:44.092,0.82669,0.82677,1.69,1.84
2014.04.14 13:19:45.121,0.82671,0.82679,1.19,1.34
2014.04.14 13:19:45.806,0.82671,0.82679,1.32,1.34
2014.04.14 13:19:46.766,0.82672,0.82679,1.69,1.47
2014.04.14 13:19:47.121,0.82671,0.82675,1.00,1.00
2014.04.14 13:19:47.223,0.82669,0.82675,1.37,1.00
2014.04.14 13:19:47.731,0.82668,0.82675,1.19,1.77
2014.04.14 13:19:48.239,0.82668,0.82675,1.19,1.77
2014.04.14 13:19:48.748,0.82667,0.82675,1.19,2.22
2014.04.14 13:19:49.112,0.82667,0.82675,2.44,1.74
2014.04.14 13:19:49.315,0.82667,0.82673,2.44,1.38
2014.04.14 13:19:49.852,0.82665,0.82671,1.37,1.00
2014.04.14 13:19:50.362,0.82665,0.82673,1.37,2.44
2014.04.14 13:19:50.867,0.82664,0.82672,1.47,1.19
2014.04.14 13:19:52.441,0.82664,0.82672,2.82,1.25
2014.04.14 13:19:54.316,0.82667,0.82673,1.50,1.29
2014.04.14 13:19:54.670,0.82667,0.82673,2.44,1.00
2014.04.14 13:19:55.175,0.82667,0.82672,2.25,1.00
2014.04.14 13:19:56.108,0.82668,0.82675,1.19,1.09
2014.04.14 13:19:56.617,0.82668,0.82675,1.19,1.02
2014.04.14 13:19:56.668,0.82668,0.82673,1.19,1.00
2014.04.14 13:19:57.205,0.82668,0.82672,1.00,1.00
2014.04.14 13:19:58.087,0.82668,0.82673,1.32,1.00
2014.04.14 13:19:58.350,0.82668,0.82676,1.32,3.72
2014.04.14 13:19:58.857,0.82669,0.82677,1.67,1.29
2014.04.14 13:19:59.363,0.82669,0.82677,1.74,1.19
2014.04.14 13:19:59.907,0.82669,0.82677,1.39,1.29
2014.04.14 13:20:00.009,0.82669,0.82677,1.39,1.10
2014.04.14 13:20:03.394,0.82669,0.82677,1.67,1.29
2014.04.14 13:20:08.435,0.82669,0.82677,1.84,1.19
2014.04.14 13:20:08.739,0.82671,0.82678,1.57,1.62
2014.04.14 13:20:09.751,0.82672,0.82679,1.32,1.37
2014.04.14 13:20:11.278,0.82672,0.82679,1.32,1.09
2014.04.14 13:20:11.944,0.82672,0.82679,1.19,2.97
2014.04.14 13:20:12.762,0.82671,0.82678,1.32,1.02
2014.04.14 13:20:14.689,0.82671,0.82679,1.39,2.89
2014.04.14 13:20:15.789,0.82673,0.82679,1.19,1.00
2014.04.14 13:20:17.607,0.82673,0.82681,1.39,4.02
2014.04.14 13:20:20.802,0.82674,0.82681,1.39,1.32
2014.04.14 13:20:21.796,0.82673,0.82681,1.74,1.32
2014.04.14 13:20:27.447,0.82673,0.82681,3.72,2.07
2014.04.14 13:20:27.953,0.82673,0.82679,1.47,1.00
2014.04.14 13:20:28.467,0.82673,0.82681,3.72,1.32
2014.04.14 13:20:31.873,0.82674,0.82681,1.37,1.25
2014.04.14 13:20:32.884,0.82673,0.82682,3.72,2.82
2014.04.14 13:20:40.491,0.82673,0.8268,1.47,1.25
2014.04.14 13:20:42.235,0.82673,0.82681,1.74,1.19
2014.04.14 13:20:42.993,0.82673,0.8268,1.47,1.25
2014.04.14 13:20:46.075,0.82674,0.82682,1.39,1.29
2014.04.14 13:20:46.378,0.82677,0.82683,1.38,1.29
2014.04.14 13:20:46.582,0.82677,0.82685,1.69,1.74
2014.04.14 13:20:47.457,0.82678,0.82686,1.19,3.72
2014.04.14 13:20:48.465,0.82677,0.82684,1.19,1.39
2014.04.14 13:20:50.134,0.82679,0.82686,1.00,1.39
2014.04.14 13:20:50.338,0.82679,0.82686,1.45,1.00
2014.04.14 13:20:50.541,0.82678,0.82686,2.97,1.19
2014.04.14 13:20:51.076,0.82678,0.82687,2.22,1.32
2014.04.14 13:20:56.312,0.82679,0.82687,1.74,1.19
2014.04.14 13:21:07.375,0.82679,0.82686,1.47,1.25
2014.04.14 13:21:07.881,0.82679,0.82687,2.22,1.19
2014.04.14 13:21:08.394,0.8268,0.82689,1.67,2.82
2014.04.14 13:21:09.205,0.82681,0.82689,1.47,1.17
2014.04.14 13:21:10.587,0.82681,0.82686,1.47,1.00
2014.04.14 13:21:10.790,0.82681,0.82689,1.32,2.07
2014.04.14 13:21:11.301,0.8268,0.82689,2.22,2.14
2014.04.14 13:21:12.338,0.8268,0.82689,1.74,1.39
2014.04.14 13:21:14.256,0.82681,0.82689,2.97,1.19
2014.04.14 13:21:14.921,0.82683,0.82689,2.22,1.19
2014.04.14 13:21:15.174,0.82684,0.82692,1.37,2.07
2014.04.14 13:21:18.185,0.82686,0.82692,1.29,1.25
2014.04.14 13:21:18.849,0.82686,0.82691,1.29,1.00
2014.04.14 13:21:19.391,0.82686,0.82692,1.19,2.44
2014.04.14 13:21:19.596,0.82686,0.82692,1.19,2.07
2014.04.14 13:21:20.103,0.82684,0.82691,1.74,1.00
2014.04.14 13:21:21.095,0.82684,0.82691,1.74,1.25
2014.04.14 13:21:27.124,0.82683,0.82691,2.22,1.19
2014.04.14 13:21:28.112,0.82684,0.82691,1.47,1.25
2014.04.14 13:21:30.138,0.82683,0.82691,2.22,1.84
2014.04.14 13:21:30.644,0.82684,0.82691,2.59,1.19
2014.04.14 13:21:30.846,0.82685,0.82693,1.77,1.29
2014.04.14 13:21:31.353,0.82688,0.82694,1.50,1.29
2014.04.14 13:21:31.658,0.82688,0.82696,2.82,1.08
2014.04.14 13:21:34.007,0.82688,0.82696,1.67,1.10
2014.04.14 13:21:36.956,0.82691,0.82698,2.07,1.77
2014.04.14 13:21:37.463,0.82691,0.82698,2.14,1.50
2014.04.14 13:21:41.000,0.8269,0.82697,2.52,1.32
2014.04.14 13:21:41.607,0.8269,0.82697,2.14,1.13
2014.04.14 13:21:42.112,0.8269,0.82696,1.58,1.19
2014.04.14 13:21:43.004,0.8269,0.82696,1.77,1.19
2014.04.14 13:21:44.858,0.8269,0.82696,2.14,1.19
2014.04.14 13:21:46.004,0.8269,0.82696,1.50,1.39
2014.04.14 13:21:46.206,0.82691,0.82698,1.25,1.64
2014.04.14 13:21:46.712,0.82692,0.82698,1.50,1.69
2014.04.14 13:21:47.118,0.82689,0.82696,2.14,1.19
2014.04.14 13:21:52.710,0.82689,0.82695,1.84,1.32
2014.04.14 13:21:54.430,0.82687,0.82692,2.25,1.00
2014.04.14 13:21:55.050,0.82688,0.82692,1.58,1.00
2014.04.14 13:21:56.483,0.82689,0.82693,1.77,1.00
2014.04.14 13:21:56.686,0.82688,0.82694,1.00,1.10
2014.04.14 13:21:56.991,0.82684,0.8269,7.28,1.00
2014.04.14 13:21:57.244,0.82684,0.8269,2.97,1.00
2014.04.14 13:21:58.216,0.82683,0.82689,2.97,1.00
2014.04.14 13:22:00.024,0.82685,0.8269,2.14,1.00
2014.04.14 13:22:00.532,0.82684,0.82689,2.97,1.00
2014.04.14 13:22:02.470,0.82682,0.82688,4.02,1.00
2014.04.14 13:22:03.496,0.82682,0.82687,1.95,1.00
2014.04.14 13:22:03.749,0.82683,0.82691,2.07,1.88
2014.04.14 13:22:03.851,0.82683,0.82688,1.02,1.25
2014.04.14 13:22:04.205,0.82681,0.82685,2.25,1.00
2014.04.14 13:22:04.863,0.8268,0.82685,1.02,1.00
2014.04.14 13:22:05.268,0.8268,0.82685,1.25,1.00
2014.04.14 13:22:05.521,0.8268,0.82688,1.02,1.77
2014.04.14 13:22:06.845,0.82683,0.82688,1.19,1.00
2014.04.14 13:22:06.998,0.82682,0.82687,1.88,1.00
2014.04.14 13:22:07.754,0.82682,0.82686,1.13,1.00
2014.04.14 13:22:08.955,0.82682,0.82688,1.38,1.37
2014.04.14 13:22:09.701,0.8268,0.82686,1.57,1.25
2014.04.14 13:22:10.222,0.82679,0.82684,1.58,1.00
2014.04.14 13:22:10.728,0.82679,0.82686,2.14,1.25
2014.04.14 13:22:11.895,0.82681,0.82688,2.89,1.25
2014.04.14 13:22:11.946,0.82681,0.82687,2.89,1.00
2014.04.14 13:22:12.249,0.82681,0.82685,1.00,1.00
2014.04.14 13:22:12.655,0.82681,0.82687,1.67,1.50
2014.04.14 13:22:13.287,0.82682,0.8269,1.57,1.84
2014.04.14 13:22:13.490,0.82682,0.82689,1.57,1.02
2014.04.14 13:22:14.001,0.82683,0.82689,1.57,1.10
2014.04.14 13:22:14.731,0.82683,0.8269,2.82,1.09
2014.04.14 13:22:15.490,0.82681,0.82687,2.14,1.88
2014.04.14 13:22:15.541,0.82682,0.82687,1.19,2.10
2014.04.14 13:22:15.642,0.82679,0.82686,2.59,1.57
2014.04.14 13:22:15.895,0.82678,0.82684,1.32,1.00
2014.04.14 13:22:16.148,0.8268,0.82686,1.19,1.02
2014.04.14 13:22:16.552,0.82679,0.82684,1.69,1.00
2014.04.14 13:22:16.654,0.82679,0.82686,1.84,1.50
2014.04.14 13:22:17.175,0.82679,0.82688,2.97,4.02
2014.04.14 13:22:17.226,0.82679,0.82685,4.47,1.50
2014.04.14 13:22:17.732,0.82678,0.82685,1.84,1.69
2014.04.14 13:22:18.038,0.8268,0.82687,2.52,1.19
2014.04.14 13:22:18.549,0.82678,0.82686,1.37,2.07
2014.04.14 13:22:18.903,0.82676,0.82684,1.47,5.07
2014.04.14 13:22:19.733,0.82676,0.82684,1.37,2.82
2014.04.14 13:22:20.239,0.82675,0.82683,1.19,4.09
2014.04.14 13:22:20.897,0.82674,0.82682,1.67,1.39
2014.04.14 13:22:21.876,0.82674,0.82681,1.19,4.24
2014.04.14 13:22:22.230,0.8267,0.82677,1.47,1.69
2014.04.14 13:22:22.332,0.82669,0.82676,1.37,1.25
2014.04.14 13:22:22.536,0.82669,0.82673,1.10,1.00
2014.04.14 13:22:22.637,0.82667,0.82673,1.57,1.50
2014.04.14 13:22:22.789,0.82667,0.82671,1.00,1.00
2014.04.14 13:22:23.295,0.82665,0.82671,1.47,1.00
2014.04.14 13:22:23.801,0.82665,0.82673,1.47,3.19
2014.04.14 13:22:24.339,0.82667,0.82674,1.67,1.69
2014.04.14 13:22:25.248,0.82667,0.82674,1.39,1.69
2014.04.14 13:22:26.240,0.82666,0.82674,2.22,2.44
2014.04.14 13:22:27.150,0.82668,0.82675,1.29,1.69
2014.04.14 13:22:27.656,0.82666,0.82673,1.74,1.19
2014.04.14 13:22:28.163,0.82666,0.82672,1.47,1.25
2014.04.14 13:22:28.670,0.82664,0.82672,1.72,1.69
2014.04.14 13:22:29.632,0.82664,0.82672,3.64,1.69
2014.04.14 13:22:29.986,0.82666,0.82674,4.47,1.50
2014.04.14 13:22:30.190,0.82668,0.82675,1.29,1.32
2014.04.14 13:22:30.696,0.82668,0.82674,1.74,1.00
2014.04.14 13:22:30.921,0.82668,0.82676,1.74,1.19
2014.04.14 13:22:30.972,0.82668,0.82676,1.74,1.19
2014.04.14 13:22:31.479,0.82668,0.82676,2.44,2.22
2014.04.14 13:22:31.985,0.82669,0.82677,2.59,2.44
2014.04.14 13:22:32.594,0.82669,0.82677,1.37,3.19
2014.04.14 13:22:34.222,0.82669,0.82677,1.74,2.44
2014.04.14 13:22:35.200,0.8267,0.82678,1.47,1.19
2014.04.14 13:22:36.022,0.8267,0.82675,1.29,1.00
2014.04.14 13:22:36.326,0.82668,0.82676,2.59,2.44
2014.04.14 13:22:36.681,0.82668,0.82674,1.77,1.69
2014.04.14 13:22:37.086,0.82668,0.82675,1.84,2.44
2014.04.14 13:22:37.339,0.82668,0.82674,1.84,2.07
2014.04.14 13:22:37.867,0.82667,0.82674,1.47,1.25
2014.04.14 13:22:38.069,0.82667,0.82675,1.37,2.44
2014.04.14 13:22:38.425,0.82667,0.82674,1.39,1.69
2014.04.14 13:22:39.082,0.82667,0.82671,1.00,1.13
2014.04.14 13:22:39.740,0.82665,0.82669,1.88,1.00
2014.04.14 13:22:40.045,0.82664,0.82672,2.69,1.50
2014.04.14 13:22:40.552,0.82662,0.8267,2.69,11.48
2014.04.14 13:22:40.756,0.82661,0.82667,1.00,1.15
2014.04.14 13:22:40.858,0.82659,0.82667,1.19,1.34
2014.04.14 13:22:41.163,0.82658,0.82665,1.19,1.09
2014.04.14 13:22:41.264,0.82656,0.82664,1.77,1.29
2014.04.14 13:22:41.974,0.82657,0.82665,1.29,1.77
2014.04.14 13:22:42.481,0.82657,0.82665,1.32,1.34
2014.04.14 13:22:42.992,0.82657,0.82662,1.67,1.00
2014.04.14 13:22:43.504,0.82658,0.82664,3.72,1.19
2014.04.14 13:22:44.010,0.82659,0.82665,1.38,1.19
2014.04.14 13:22:44.543,0.82659,0.82667,1.48,1.58
2014.04.14 13:22:45.054,0.82659,0.82667,1.67,1.77
2014.04.14 13:22:45.307,0.82659,0.82667,2.59,1.69
2014.04.14 13:22:45.828,0.8266,0.82668,3.34,1.19
2014.04.14 13:22:47.700,0.82661,0.82669,2.14,1.29
2014.04.14 13:22:48.767,0.82662,0.82668,1.38,1.00
2014.04.14 13:22:49.084,0.82662,0.8267,1.13,2.22
2014.04.14 13:22:49.644,0.82661,0.82669,1.67,1.29
2014.04.14 13:22:50.202,0.82661,0.82669,1.67,1.77
2014.04.14 13:22:50.709,0.82661,0.8267,1.67,2.22
2014.04.14 13:22:51.943,0.82661,0.82669,1.67,1.29
2014.04.14 13:22:53.637,0.82662,0.8267,1.57,1.47
2014.04.14 13:22:54.143,0.82664,0.82669,1.19,1.00
2014.04.14 13:22:54.449,0.82669,0.82676,1.57,1.39
2014.04.14 13:22:54.500,0.82669,0.82676,1.57,1.39
2014.04.14 13:22:55.006,0.8267,0.82676,2.22,1.25
2014.04.14 13:22:55.462,0.8267,0.82678,2.59,3.04
2014.04.14 13:22:56.020,0.8267,0.82678,2.97,3.49
2014.04.14 13:22:56.527,0.82671,0.82678,2.14,3.42
2014.04.14 13:22:57.042,0.82671,0.82678,2.07,3.49
2014.04.14 13:22:57.548,0.82671,0.82678,2.07,2.74
2014.04.14 13:22:58.212,0.82672,0.82679,2.14,1.77
2014.04.14 13:22:58.718,0.82673,0.8268,2.63,1.29
2014.04.14 13:22:59.224,0.82673,0.82681,2.25,1.37
2014.04.14 13:22:59.731,0.82674,0.82682,3.38,2.40
2014.04.14 13:22:59.782,0.82674,0.82682,3.45,2.52
2014.04.14 13:23:00.289,0.82674,0.82682,1.20,1.29
2014.04.14 13:23:00.543,0.82673,0.82681,2.97,1.19
2014.04.14 13:23:00.948,0.82673,0.82681,2.22,1.19
2014.04.14 13:23:01.469,0.82674,0.82681,1.67,1.25
2014.04.14 13:23:03.017,0.82674,0.82681,1.72,1.25
2014.04.14 13:23:04.395,0.82674,0.82681,1.34,1.32
2014.04.14 13:23:04.446,0.82673,0.82681,2.52,2.07
2014.04.14 13:23:04.598,0.82672,0.82677,1.77,1.69
2014.04.14 13:23:05.110,0.8267,0.82677,2.59,1.32
2014.04.14 13:23:05.768,0.82671,0.82677,1.58,1.19
2014.04.14 13:23:06.306,0.82671,0.82677,2.70,1.00
2014.04.14 13:23:06.761,0.82671,0.82678,3.19,1.29
2014.04.14 13:23:07.266,0.82671,0.82678,1.32,1.77
2014.04.14 13:23:07.671,0.82669,0.82677,2.52,1.29
2014.04.14 13:23:08.328,0.8267,0.82677,1.77,1.19
2014.04.14 13:23:08.480,0.82671,0.82679,2.44,1.37
2014.04.14 13:23:08.684,0.82671,0.82679,3.27,1.29
2014.04.14 13:23:09.500,0.82671,0.82679,3.45,1.29
2014.04.14 13:23:10.003,0.82671,0.82679,3.08,1.29
2014.04.14 13:23:12.616,0.82672,0.82678,1.00,1.47
2014.04.14 13:23:13.162,0.82671,0.82678,1.69,1.39
2014.04.14 13:23:15.278,0.82672,0.82679,1.00,1.29
2014.04.14 13:23:15.783,0.82671,0.82679,1.69,1.37
2014.04.14 13:23:16.238,0.82673,0.82682,1.88,4.39
2014.04.14 13:23:16.541,0.82674,0.82683,1.19,1.72
2014.04.14 13:23:17.258,0.82674,0.82683,1.39,2.97
2014.04.14 13:23:17.765,0.82675,0.82683,1.19,2.97
2014.04.14 13:23:18.270,0.82675,0.82683,1.19,1.84
2014.04.14 13:23:18.777,0.82675,0.82682,1.00,1.47
2014.04.14 13:23:19.301,0.82673,0.82682,1.29,2.22
2014.04.14 13:23:19.830,0.82673,0.82682,1.29,2.22
2014.04.14 13:23:20.367,0.82673,0.82681,1.00,1.74
2014.04.14 13:23:20.874,0.82672,0.82681,1.10,2.22
2014.04.14 13:23:22.112,0.82672,0.82679,1.00,1.74
2014.04.14 13:23:22.657,0.8267,0.82678,1.29,1.67
2014.04.14 13:23:22.961,0.8267,0.82676,1.29,1.38
2014.04.14 13:23:23.491,0.82669,0.82676,1.19,2.14
2014.04.14 13:23:25.279,0.82669,0.82676,1.00,2.14
2014.04.14 13:23:27.328,0.82669,0.82673,1.10,1.00
2014.04.14 13:23:27.834,0.82667,0.82673,1.29,1.32
2014.04.14 13:23:28.138,0.82666,0.82674,1.20,2.14
2014.04.14 13:23:28.443,0.82666,0.82674,1.53,2.25
2014.04.14 13:23:28.949,0.82668,0.82675,1.77,1.69
2014.04.14 13:23:29.410,0.82669,0.82676,1.18,1.50
2014.04.14 13:23:29.960,0.82669,0.82675,2.40,1.19
2014.04.14 13:23:30.482,0.82669,0.82676,2.59,1.57
2014.04.14 13:23:32.965,0.82671,0.82679,1.13,2.59
2014.04.14 13:23:33.471,0.82671,0.82679,2.63,1.37
2014.04.14 13:23:33.979,0.82672,0.82679,1.13,1.37
2014.04.14 13:23:34.979,0.82671,0.82679,2.82,1.37
2014.04.14 13:23:36.997,0.82672,0.8268,1.13,3.57
2014.04.14 13:23:38.899,0.82671,0.82679,5.97,2.07
2014.04.14 13:23:39.001,0.82672,0.82679,1.37,1.32
2014.04.14 13:23:39.861,0.82672,0.82679,1.37,1.63
2014.04.14 13:23:40.367,0.82673,0.82679,1.00,1.13
2014.04.14 13:23:40.872,0.82671,0.82679,4.84,1.32
2014.04.14 13:23:41.684,0.82671,0.82679,4.09,2.07
2014.04.14 13:23:42.698,0.82671,0.82679,4.84,2.07
2014.04.14 13:23:44.404,0.82671,0.82677,3.34,1.00
2014.04.14 13:23:44.909,0.82671,0.82677,1.00,1.57
2014.04.14 13:23:45.729,0.82671,0.82679,2.52,2.14
2014.04.14 13:23:47.716,0.82671,0.82679,2.33,1.77
2014.04.14 13:23:49.251,0.82672,0.82679,2.07,1.02
2014.04.14 13:23:49.563,0.82674,0.8268,2.07,1.10
2014.04.14 13:23:49.976,0.82674,0.82679,2.07,1.00
2014.04.14 13:23:50.923,0.82674,0.82678,1.00,1.00
2014.04.14 13:23:51.176,0.82672,0.82676,1.13,1.00
2014.04.14 13:23:51.681,0.8267,0.82676,2.14,1.00
2014.04.14 13:23:52.187,0.8267,0.82679,2.22,4.39
2014.04.14 13:23:52.694,0.8267,0.82679,2.07,4.09
2014.04.14 13:23:53.516,0.8267,0.82679,2.07,4.47
2014.04.14 13:23:54.679,0.8267,0.82678,1.19,2.97
2014.04.14 13:23:55.710,0.8267,0.82678,1.00,2.97
2014.04.14 13:23:56.678,0.82669,0.82677,1.39,1.39
2014.04.14 13:23:57.303,0.82671,0.82679,1.32,2.97
2014.04.14 13:23:58.306,0.82672,0.8268,1.32,1.37
2014.04.14 13:23:59.347,0.82673,0.82681,1.19,1.72
2014.04.14 13:24:01.313,0.82673,0.8268,1.00,1.47
2014.04.14 13:24:04.365,0.82672,0.8268,1.00,2.22
2014.04.14 13:24:06.365,0.82672,0.8268,1.19,2.22
2014.04.14 13:24:08.461,0.82671,0.82678,1.13,1.29
2014.04.14 13:24:08.765,0.82672,0.82679,1.32,1.29
2014.04.14 13:24:09.793,0.82673,0.82679,1.32,1.02
2014.04.14 13:24:10.776,0.82673,0.82679,1.13,1.29
2014.04.14 13:24:11.079,0.82678,0.82684,1.57,1.77
2014.04.14 13:24:11.384,0.8268,0.82686,1.38,2.82
2014.04.14 13:24:11.536,0.8268,0.82688,1.38,2.44
2014.04.14 13:24:11.941,0.82682,0.82689,2.82,1.37
2014.04.14 13:24:12.446,0.82683,0.82692,1.13,5.89
2014.04.14 13:24:12.952,0.82683,0.82691,1.20,2.89
2014.04.14 13:24:13.457,0.82683,0.82691,1.57,1.84
2014.04.14 13:24:18.061,0.82683,0.82691,2.14,1.47
2014.04.14 13:24:18.567,0.82685,0.82692,1.38,1.84
2014.04.14 13:24:23.994,0.82685,0.82692,1.57,1.84
2014.04.14 13:24:24.248,0.82689,0.82693,1.00,1.20
2014.04.14 13:24:24.755,0.82688,0.82695,1.00,4.49
2014.04.14 13:24:25.415,0.82688,0.82695,1.50,2.03
2014.04.14 13:24:25.934,0.82688,0.82695,1.19,2.97
2014.04.14 13:24:26.467,0.82688,0.82695,1.19,1.77
2014.04.14 13:24:27.075,0.82689,0.82697,1.88,4.09
2014.04.14 13:24:27.582,0.82689,0.82697,2.07,2.22
2014.04.14 13:24:28.253,0.82689,0.82697,2.07,4.39
2014.04.14 13:24:29.507,0.82689,0.82697,1.88,4.02
2014.04.14 13:24:30.522,0.82689,0.82696,1.88,1.37
2014.04.14 13:24:31.550,0.82689,0.82696,2.07,1.37
2014.04.14 13:24:32.635,0.82689,0.82697,2.07,3.64
2014.04.14 13:24:33.468,0.82687,0.82695,1.19,3.34
2014.04.14 13:24:34.025,0.82687,0.82694,1.19,3.72
2014.04.14 13:24:34.177,0.82685,0.82693,1.57,2.97
2014.04.14 13:24:34.784,0.82684,0.82691,1.39,2.44
2014.04.14 13:24:35.037,0.82682,0.82689,1.00,1.84
2014.04.14 13:24:35.545,0.82681,0.82689,1.25,1.84
2014.04.14 13:24:36.299,0.8268,0.82689,1.88,1.84
2014.04.14 13:24:36.805,0.82681,0.82689,2.07,1.40
2014.04.14 13:24:37.817,0.82681,0.82689,1.88,1.34
2014.04.14 13:24:38.483,0.82681,0.82688,1.50,1.47
2014.04.14 13:24:38.990,0.82679,0.82686,1.19,2.22
2014.04.14 13:24:40.052,0.82679,0.82686,1.00,2.22
2014.04.14 13:24:40.608,0.82679,0.82686,1.19,1.47
2014.04.14 13:24:41.118,0.82679,0.82686,1.19,1.47
2014.04.14 13:24:41.432,0.82678,0.82686,1.00,3.34
2014.04.14 13:24:42.952,0.8268,0.82685,1.00,1.20
2014.04.14 13:24:43.459,0.82679,0.82685,1.00,1.39
2014.04.14 13:24:43.965,0.82677,0.82685,1.77,1.29
2014.04.14 13:24:45.467,0.82679,0.82686,1.00,2.22
2014.04.14 13:24:46.534,0.82678,0.82683,1.19,1.00
2014.04.14 13:24:46.838,0.82677,0.82683,1.10,1.57
2014.04.14 13:24:47.862,0.82677,0.82685,1.29,3.64
2014.04.14 13:24:48.851,0.82677,0.82684,1.10,1.57
2014.04.14 13:24:50.379,0.82676,0.82684,2.97,1.00
2014.04.14 13:24:50.481,0.82678,0.82686,2.89,1.29
2014.04.14 13:24:50.785,0.82679,0.82687,2.07,1.37
2014.04.14 13:24:51.301,0.82679,0.82687,1.32,1.34
2014.04.14 13:24:51.808,0.8268,0.82688,1.19,3.94
2014.04.14 13:24:52.675,0.8268,0.82686,1.19,1.45
2014.04.14 13:24:52.827,0.82679,0.82686,1.25,2.22
2014.04.14 13:24:53.334,0.82678,0.82685,1.19,1.39
2014.04.14 13:24:53.739,0.82677,0.82685,1.50,2.22
2014.04.14 13:24:54.702,0.82677,0.82684,1.19,1.34
2014.04.14 13:24:55.242,0.82677,0.82684,1.19,1.72
2014.04.14 13:24:55.750,0.82677,0.82684,1.00,1.72
2014.04.14 13:24:57.591,0.82677,0.82684,1.00,1.72
2014.04.14 13:24:58.166,0.82675,0.82683,1.19,2.97
2014.04.14 13:24:58.673,0.82675,0.82681,1.19,1.39
2014.04.14 13:24:59.178,0.82674,0.82681,1.19,1.67
2014.04.14 13:25:00.412,0.82674,0.8268,1.19,1.69
2014.04.14 13:25:00.770,0.82672,0.8268,1.29,1.77
2014.04.14 13:25:01.768,0.82672,0.8268,1.00,4.84
2014.04.14 13:25:04.454,0.82672,0.8268,1.00,2.22
2014.04.14 13:25:04.911,0.8267,0.82678,3.83,1.77
2014.04.14 13:25:05.390,0.82671,0.82677,1.00,1.64
2014.04.14 13:25:06.048,0.8267,0.82678,1.19,2.40
2014.04.14 13:25:08.534,0.8267,0.82678,1.00,3.15
2014.04.14 13:25:09.038,0.82671,0.82678,1.00,1.65
2014.04.14 13:25:09.444,0.82669,0.82677,1.58,2.14
2014.04.14 13:25:09.856,0.82671,0.82677,1.00,1.77
2014.04.14 13:25:10.109,0.82669,0.82677,1.58,2.14
2014.04.14 13:25:10.212,0.82671,0.82677,1.00,2.14
2014.04.14 13:25:10.314,0.82669,0.82677,1.58,2.22
2014.04.14 13:25:10.724,0.82671,0.82677,1.00,2.14
2014.04.14 13:25:11.229,0.82671,0.82677,1.00,1.97
2014.04.14 13:25:11.735,0.8267,0.82677,1.00,4.39
2014.04.14 13:25:12.249,0.8267,0.82677,1.00,2.22
2014.04.14 13:25:12.965,0.8267,0.82677,1.13,2.22
2014.04.14 13:25:13.674,0.82669,0.82677,1.57,3.72
2014.04.14 13:25:14.181,0.82669,0.82676,1.19,1.47
2014.04.14 13:25:14.283,0.82669,0.82673,1.00,1.10
2014.04.14 13:25:15.097,0.82668,0.82673,1.19,1.10
2014.04.14 13:25:15.199,0.82666,0.82673,1.32,1.29
2014.04.14 13:25:15.706,0.82665,0.82673,1.58,3.64
2014.04.14 13:25:16.215,0.82666,0.82674,1.57,1.37
2014.04.14 13:25:17.188,0.82667,0.82675,2.07,2.97
2014.04.14 13:25:18.200,0.82668,0.82675,1.19,2.97
2014.04.14 13:25:19.205,0.82668,0.82674,1.00,1.37
2014.04.14 13:25:20.702,0.82669,0.82676,1.19,3.57
2014.04.14 13:25:20.753,0.82669,0.82676,1.19,1.47
2014.04.14 13:25:21.107,0.82669,0.82676,1.00,1.47
2014.04.14 13:25:21.714,0.82667,0.82674,1.19,2.05
2014.04.14 13:25:21.967,0.82667,0.82674,1.00,2.05
2014.04.14 13:25:22.120,0.82666,0.82673,1.00,4.47
2014.04.14 13:25:23.019,0.82666,0.82672,1.00,2.14
2014.04.14 13:25:23.524,0.82664,0.82671,1.19,1.67
2014.04.14 13:25:23.962,0.82663,0.82669,1.19,1.47
2014.04.14 13:25:24.063,0.82661,0.82667,1.29,1.38
2014.04.14 13:25:24.585,0.82661,0.82665,1.00,1.00
2014.04.14 13:25:25.256,0.82661,0.82667,1.19,3.19
2014.04.14 13:25:26.038,0.82659,0.82667,1.37,2.44
2014.04.14 13:25:27.087,0.8266,0.82667,1.29,2.44
2014.04.14 13:25:31.084,0.8266,0.82668,1.39,2.14
2014.04.14 13:25:34.101,0.82661,0.82669,1.19,5.82
2014.04.14 13:25:35.080,0.82661,0.82669,1.19,5.82
2014.04.14 13:25:36.884,0.82661,0.82668,1.19,2.97
2014.04.14 13:25:37.238,0.82658,0.82666,1.57,4.09
2014.04.14 13:25:37.766,0.82658,0.82665,1.69,2.14
2014.04.14 13:25:38.271,0.82657,0.82665,1.69,4.47
2014.04.14 13:25:40.589,0.82659,0.82664,1.00,1.69
2014.04.14 13:25:41.119,0.82659,0.82667,1.50,3.96
2014.04.14 13:25:41.934,0.82659,0.82665,1.19,1.02
2014.04.14 13:25:42.972,0.8266,0.82667,1.19,1.84
2014.04.14 13:25:44.984,0.82661,0.82667,1.19,1.02
2014.04.14 13:25:45.490,0.82661,0.82665,1.00,1.13
2014.04.14 13:25:45.996,0.8266,0.82665,1.19,1.13
2014.04.14 13:25:46.510,0.8266,0.82665,1.00,1.38
2014.04.14 13:25:47.016,0.8266,0.82666,1.19,1.63
2014.04.14 13:25:47.523,0.8266,0.82666,1.19,1.32
2014.04.14 13:25:48.030,0.82661,0.82666,1.19,1.13
2014.04.14 13:25:48.967,0.8266,0.82666,1.19,1.32
2014.04.14 13:25:50.014,0.82661,0.82667,1.19,1.39
2014.04.14 13:25:51.002,0.82661,0.82667,1.00,1.39
2014.04.14 13:25:51.988,0.82661,0.82667,1.19,1.39
2014.04.14 13:25:52.533,0.82661,0.82667,1.00,1.39
2014.04.14 13:25:53.039,0.8266,0.82667,1.19,2.14
2014.04.14 13:25:53.994,0.82659,0.82667,1.29,3.64
2014.04.14 13:25:55.261,0.82659,0.82665,1.29,1.63
2014.04.14 13:25:58.015,0.82659,0.82665,1.10,1.57
2014.04.14 13:25:59.040,0.8266,0.82664,1.00,1.13
2014.04.14 13:26:01.370,0.82659,0.82665,1.29,1.32
2014.04.14 13:26:03.689,0.82661,0.82666,1.69,1.13
2014.04.14 13:26:04.195,0.82661,0.82668,1.69,1.74
2014.04.14 13:26:05.557,0.82662,0.82668,1.19,1.39
2014.04.14 13:26:09.045,0.82662,0.82668,1.19,1.02
2014.04.14 13:26:09.609,0.82662,0.82668,1.00,1.29
2014.04.14 13:26:10.581,0.82662,0.82668,1.19,1.02
2014.04.14 13:26:12.127,0.82662,0.8267,3.19,1.34
2014.04.14 13:26:12.279,0.82664,0.82673,1.88,7.34
2014.04.14 13:26:12.633,0.82665,0.82673,2.82,4.39
2014.04.14 13:26:12.785,0.82668,0.82674,1.00,2.07
2014.04.14 13:26:13.291,0.82668,0.82674,1.00,2.14
2014.04.14 13:26:14.240,0.82668,0.82674,1.00,1.77
2014.04.14 13:26:15.660,0.82667,0.82674,1.29,1.19
2014.04.14 13:26:16.640,0.82667,0.82674,1.29,1.25
2014.04.14 13:26:17.652,0.82667,0.82674,1.29,1.19
2014.04.14 13:26:19.690,0.82668,0.82674,1.19,1.00
2014.04.14 13:26:20.649,0.82668,0.82675,1.00,2.14
2014.04.14 13:26:21.672,0.82669,0.82676,1.19,1.39
2014.04.14 13:26:25.699,0.82669,0.82677,1.19,5.44
2014.04.14 13:26:28.702,0.82669,0.82677,1.19,5.44
2014.04.14 13:26:32.039,0.82669,0.82677,1.69,4.69
2014.04.14 13:26:32.565,0.82669,0.82677,1.69,3.19
2014.04.14 13:26:33.071,0.8267,0.82677,1.32,2.37
2014.04.14 13:26:33.587,0.8267,0.82677,1.19,3.49
2014.04.14 13:26:33.638,0.8267,0.82674,1.00,1.00
2014.04.14 13:26:34.172,0.82669,0.82673,1.00,1.50
2014.04.14 13:26:34.475,0.82668,0.82672,1.00,1.00
2014.04.14 13:26:37.791,0.82667,0.82671,1.00,1.00
2014.04.14 13:26:42.589,0.82668,0.82673,1.19,1.10
2014.04.14 13:26:42.894,0.82666,0.82671,1.19,1.00
2014.04.14 13:26:43.098,0.82664,0.8267,1.32,1.02
2014.04.14 13:26:44.820,0.82664,0.82672,1.57,1.37
2014.04.14 13:26:45.341,0.82664,0.82671,1.57,1.10
2014.04.14 13:26:47.837,0.82665,0.82671,2.44,1.00
2014.04.14 13:26:48.040,0.82668,0.82675,1.57,1.02
2014.04.14 13:26:48.559,0.82669,0.82676,1.19,6.87
2014.04.14 13:26:48.812,0.82669,0.82674,1.19,1.50
2014.04.14 13:26:49.318,0.82668,0.82674,1.48,1.69
2014.04.14 13:26:49.622,0.82669,0.82676,1.32,1.02
2014.04.14 13:26:50.457,0.82669,0.82676,1.32,1.09
2014.04.14 13:26:50.761,0.82669,0.82676,2.44,1.02
2014.04.14 13:26:51.267,0.82671,0.82677,1.57,2.10
2014.04.14 13:26:53.287,0.8267,0.82677,1.32,2.37
2014.04.14 13:26:54.169,0.8267,0.82677,1.38,2.37
2014.04.14 13:26:54.676,0.8267,0.82677,1.48,2.29
2014.04.14 13:26:55.537,0.8267,0.82677,1.67,2.29
2014.04.14 13:26:56.050,0.8267,0.82677,1.77,2.29
2014.04.14 13:26:56.556,0.82672,0.8268,1.13,2.07
2014.04.14 13:26:57.222,0.82673,0.8268,1.00,1.32
2014.04.14 13:26:59.605,0.82674,0.8268,1.00,1.19
2014.04.14 13:27:00.111,0.82674,0.8268,1.95,1.25
2014.04.14 13:27:01.752,0.82674,0.82682,1.77,2.89
2014.04.14 13:27:02.057,0.82674,0.8268,1.00,4.02
2014.04.14 13:27:02.360,0.82671,0.82677,1.18,1.69
2014.04.14 13:27:03.187,0.8267,0.82677,1.47,1.69
2014.04.14 13:27:05.179,0.8267,0.82678,2.14,5.14
2014.04.14 13:27:05.701,0.8267,0.82678,2.89,2.52
2014.04.14 13:27:06.209,0.82672,0.82678,1.25,1.77
2014.04.14 13:27:06.715,0.82672,0.82679,1.63,1.84
2014.04.14 13:27:06.918,0.82673,0.82681,1.57,1.84
2014.04.14 13:27:07.120,0.82673,0.82682,2.97,2.14
2014.04.14 13:27:07.872,0.82674,0.82683,1.39,5.82
2014.04.14 13:27:08.904,0.82675,0.82683,1.13,5.44
2014.04.14 13:27:10.919,0.82674,0.82682,2.14,2.89
2014.04.14 13:27:14.312,0.82675,0.82682,1.63,1.29
2014.04.14 13:27:14.746,0.82678,0.82686,1.00,5.89
2014.04.14 13:27:15.757,0.82678,0.82685,2.14,1.69
2014.04.14 13:27:17.385,0.82679,0.82683,1.00,1.00
2014.04.14 13:27:17.790,0.82677,0.82683,1.10,1.32
2014.04.14 13:27:19.665,0.82675,0.82683,2.89,2.89
2014.04.14 13:27:20.686,0.82676,0.82683,2.44,2.14
2014.04.14 13:27:21.209,0.82678,0.82684,1.00,2.89
2014.04.14 13:27:21.766,0.82678,0.82684,1.65,1.19
2014.04.14 13:27:22.273,0.82678,0.82684,1.10,1.57
2014.04.14 13:27:26.353,0.82677,0.82685,1.34,1.69
2014.04.14 13:27:26.607,0.8268,0.82687,1.00,2.52
2014.04.14 13:27:26.709,0.82681,0.82688,1.00,3.27
2014.04.14 13:27:26.841,0.82682,0.82688,2.07,1.25
2014.04.14 13:27:27.146,0.82684,0.8269,1.34,1.00
2014.04.14 13:27:27.856,0.82685,0.82689,1.58,1.00
2014.04.14 13:27:28.059,0.82686,0.82691,1.00,1.00
2014.04.14 13:27:28.569,0.82685,0.82692,1.39,1.25
2014.04.14 13:27:29.075,0.82685,0.82691,1.29,1.00
2014.04.14 13:27:29.581,0.82684,0.82691,2.22,1.25
2014.04.14 13:27:30.884,0.82684,0.82688,1.10,1.00
2014.04.14 13:27:31.239,0.82682,0.82688,2.37,2.44
2014.04.14 13:27:31.290,0.82679,0.82685,1.39,1.69
2014.04.14 13:27:31.594,0.82676,0.82683,1.32,4.02
2014.04.14 13:27:31.645,0.82676,0.8268,1.00,1.00
2014.04.14 13:27:31.747,0.82674,0.8268,1.29,1.00
2014.04.14 13:27:32.356,0.82673,0.82681,1.19,4.77
2014.04.14 13:27:32.862,0.82671,0.82679,1.29,1.77
2014.04.14 13:27:33.394,0.82671,0.82678,1.19,1.58
2014.04.14 13:27:33.495,0.82671,0.82675,1.00,1.00
2014.04.14 13:27:33.799,0.82667,0.82673,1.34,1.00
2014.04.14 13:27:34.305,0.82667,0.82674,1.19,2.22
2014.04.14 13:27:34.761,0.82666,0.82671,1.00,1.95
2014.04.14 13:27:35.014,0.82665,0.82671,1.50,1.84
2014.04.14 13:27:35.520,0.82666,0.82672,1.00,1.84
2014.04.14 13:27:35.672,0.82666,0.82673,1.19,1.84
2014.04.14 13:27:36.632,0.82668,0.82673,1.00,2.22
2014.04.14 13:27:37.166,0.82668,0.82673,1.00,1.58
2014.04.14 13:27:37.570,0.82668,0.82673,1.00,2.40
2014.04.14 13:27:37.621,0.82666,0.82672,1.69,4.02
2014.04.14 13:27:38.077,0.82664,0.82671,1.19,1.84
2014.04.14 13:27:38.583,0.82663,0.82668,1.19,1.88
2014.04.14 13:27:39.105,0.82664,0.8267,1.19,1.77
2014.04.14 13:27:39.928,0.82662,0.82668,1.19,3.08
2014.04.14 13:27:41.485,0.82662,0.82666,1.00,1.50
2014.04.14 13:27:41.638,0.8266,0.82666,2.52,1.69
2014.04.14 13:27:42.650,0.8266,0.82666,1.69,2.52
2014.04.14 13:27:43.480,0.82661,0.82667,1.32,1.02
2014.04.14 13:27:44.555,0.82661,0.82669,1.74,4.69
2014.04.14 13:27:45.011,0.82663,0.82669,1.32,1.00
2014.04.14 13:27:45.517,0.82665,0.82673,1.32,1.39
2014.04.14 13:27:45.771,0.82667,0.82675,1.39,1.77
2014.04.14 13:27:46.327,0.82667,0.82673,1.84,1.00
2014.04.14 13:27:46.843,0.82667,0.82675,1.02,1.77
2014.04.14 13:27:47.703,0.82667,0.82675,1.19,2.22
2014.04.14 13:27:53.498,0.82667,0.82675,1.67,1.29
2014.04.14 13:27:53.650,0.82669,0.82676,1.57,2.59
2014.04.14 13:27:54.185,0.82669,0.82676,1.57,1.02
2014.04.14 13:27:57.286,0.82669,0.82673,1.00,1.00
2014.04.14 13:27:57.806,0.82668,0.82674,1.19,1.63
2014.04.14 13:27:58.362,0.82668,0.82673,1.00,1.38
2014.04.14 13:27:58.463,0.82666,0.82673,1.37,1.57
2014.04.14 13:27:59.070,0.82666,0.82671,1.29,1.00
2014.04.14 13:27:59.525,0.82664,0.82672,1.29,2.89
2014.04.14 13:28:00.031,0.82663,0.8267,1.19,1.29
2014.04.14 13:28:01.194,0.82662,0.82669,1.29,1.13
2014.04.14 13:28:02.077,0.82662,0.82669,1.29,2.25
2014.04.14 13:28:02.230,0.82659,0.82668,2.03,3.64
2014.04.14 13:28:02.735,0.8266,0.82668,1.29,4.77
2014.04.14 13:28:03.695,0.8266,0.82667,1.29,2.07
2014.04.14 13:28:04.229,0.8266,0.82665,1.29,1.00
2014.04.14 13:28:05.038,0.82659,0.82664,1.18,1.25
2014.04.14 13:28:05.544,0.82659,0.82667,1.10,2.14
2014.04.14 13:28:05.748,0.8266,0.82667,1.19,1.67
2014.04.14 13:28:08.095,0.8266,0.82666,1.19,1.63
2014.04.14 13:28:08.551,0.82658,0.82666,1.39,2.52
2014.04.14 13:28:12.781,0.8266,0.82665,1.19,1.00
2014.04.14 13:28:13.310,0.8266,0.82666,1.19,1.02
2014.04.14 13:28:13.843,0.82659,0.82665,1.19,1.39
2014.04.14 13:28:14.348,0.82659,0.82665,1.19,1.39
2014.04.14 13:28:14.882,0.82659,0.82667,1.29,1.77
2014.04.14 13:28:16.930,0.8266,0.82666,1.19,2.07
2014.04.14 13:28:17.726,0.82658,0.82666,1.37,3.57
2014.04.14 13:28:20.613,0.82659,0.82667,1.29,2.89
2014.04.14 13:28:21.624,0.82661,0.82669,1.19,3.72
2014.04.14 13:28:29.699,0.82661,0.82667,1.10,1.19
2014.04.14 13:28:30.727,0.82662,0.82667,1.00,1.25
2014.04.14 13:28:31.683,0.82662,0.82667,1.19,1.00
2014.04.14 13:28:33.332,0.82662,0.82669,1.39,1.67
2014.04.14 13:28:33.838,0.82664,0.82671,1.13,1.67
2014.04.14 13:28:34.141,0.82665,0.82672,2.07,3.64
2014.04.14 13:28:34.668,0.82665,0.82672,2.07,1.39
2014.04.14 13:28:35.200,0.82667,0.82672,1.00,1.39
2014.04.14 13:28:47.119,0.82665,0.82672,2.89,1.32
2014.04.14 13:28:52.148,0.82666,0.82671,1.19,1.50
2014.04.14 13:28:53.143,0.82665,0.82673,1.29,4.62
2014.04.14 13:28:54.135,0.82666,0.82672,1.19,1.25
2014.04.14 13:28:55.149,0.82667,0.82673,1.19,1.02
2014.04.14 13:28:56.148,0.82666,0.82672,1.09,1.32
2014.04.14 13:28:56.654,0.82668,0.82674,1.19,1.39
2014.04.14 13:28:57.690,0.82669,0.82676,1.32,1.39
2014.04.14 13:28:58.943,0.82669,0.82676,1.19,1.77
2014.04.14 13:28:59.045,0.82669,0.82676,1.00,1.02
2014.04.14 13:28:59.197,0.82667,0.82673,1.29,1.25
2014.04.14 13:29:00.694,0.82667,0.82673,1.19,4.24
2014.04.14 13:29:01.200,0.82665,0.82673,1.29,4.02
2014.04.14 13:29:01.708,0.82665,0.82672,1.29,1.94
2014.04.14 13:29:02.217,0.82664,0.82672,1.29,2.52
2014.04.14 13:29:02.522,0.82667,0.82673,1.19,1.47
2014.04.14 13:29:08.155,0.82667,0.82671,1.13,1.00
2014.04.14 13:29:08.666,0.82667,0.82672,1.32,1.00
2014.04.14 13:29:09.567,0.82668,0.82673,1.39,1.13
2014.04.14 13:29:10.075,0.82668,0.82674,1.29,1.25
2014.04.14 13:29:11.478,0.8267,0.82675,1.19,1.00
2014.04.14 13:29:11.983,0.8267,0.82677,1.39,1.19
2014.04.14 13:29:13.489,0.82671,0.82677,1.19,1.25
2014.04.14 13:29:16.313,0.82669,0.82673,3.08,1.13
2014.04.14 13:29:16.366,0.82669,0.82673,2.33,1.13
2014.04.14 13:29:16.518,0.82669,0.82676,1.27,1.69
2014.04.14 13:29:16.620,0.82671,0.82676,1.19,1.10
2014.04.14 13:29:16.772,0.82671,0.82677,1.19,1.47
2014.04.14 13:29:17.278,0.82671,0.82678,1.19,1.84
2014.04.14 13:29:18.407,0.82671,0.82676,1.19,1.00
2014.04.14 13:29:18.913,0.8267,0.82678,2.44,3.57
2014.04.14 13:29:19.623,0.8267,0.82678,2.44,3.57
2014.04.14 13:29:20.137,0.8267,0.82678,2.82,3.57
2014.04.14 13:29:21.645,0.8267,0.82678,3.64,1.29
2014.04.14 13:29:21.746,0.82672,0.8268,1.67,2.59
2014.04.14 13:29:22.050,0.82674,0.82681,1.32,2.97
2014.04.14 13:29:23.061,0.82673,0.82681,1.32,2.59
2014.04.14 13:29:24.071,0.82673,0.8268,1.32,3.49
2014.04.14 13:29:24.864,0.82673,0.82681,1.32,1.84
2014.04.14 13:29:25.374,0.82673,0.8268,1.39,1.17
2014.04.14 13:29:26.082,0.82676,0.82681,1.00,1.39
2014.04.14 13:29:26.600,0.82676,0.82683,1.25,2.52
2014.04.14 13:29:26.903,0.82677,0.82685,1.69,1.47
2014.04.14 13:29:27.309,0.82677,0.82684,1.50,2.97
2014.04.14 13:29:27.410,0.82674,0.8268,2.97,1.00
2014.04.14 13:29:27.714,0.82673,0.82679,1.19,3.94
2014.04.14 13:29:28.692,0.82672,0.8268,1.19,3.34
2014.04.14 13:29:29.198,0.82672,0.8268,1.19,2.22
2014.04.14 13:29:29.704,0.82673,0.8268,1.19,1.74
2014.04.14 13:29:30.730,0.82672,0.8268,1.19,2.22
2014.04.14 13:29:31.236,0.82672,0.82678,1.19,1.00
2014.04.14 13:29:31.744,0.82672,0.82679,1.19,1.39
2014.04.14 13:29:32.250,0.82672,0.82679,1.19,1.39
2014.04.14 13:29:34.541,0.82672,0.82679,1.19,2.59
2014.04.14 13:29:34.845,0.8267,0.82676,1.10,1.38
2014.04.14 13:29:35.670,0.82669,0.82677,1.19,4.84
2014.04.14 13:29:38.811,0.82668,0.82676,1.10,1.67
2014.04.14 13:29:39.689,0.82668,0.82676,1.29,2.89
2014.04.14 13:29:40.871,0.82666,0.82673,1.84,1.32
2014.04.14 13:29:43.801,0.82666,0.82673,1.29,1.57
2014.04.14 13:29:44.307,0.82665,0.82672,1.19,1.67
2014.04.14 13:29:45.255,0.82665,0.82673,1.19,4.69
2014.04.14 13:29:45.790,0.82665,0.82673,1.19,3.94
2014.04.14 13:29:46.298,0.82665,0.82673,1.19,1.84
2014.04.14 13:29:50.253,0.82665,0.82673,1.50,3.64
2014.04.14 13:29:51.094,0.82665,0.82673,1.69,1.72
2014.04.14 13:29:54.062,0.82665,0.82673,1.50,3.64
2014.04.14 13:29:57.320,0.82666,0.82673,1.19,1.72
2014.04.14 13:29:57.947,0.82665,0.82673,1.50,3.64
2014.04.14 13:29:59.127,0.82666,0.82674,1.19,8.25
2014.04.14 13:30:00.461,0.82667,0.82674,1.25,1.79
2014.04.14 13:30:00.978,0.82667,0.82674,1.25,3.96
2014.04.14 13:30:01.485,0.82666,0.82673,1.00,2.89
2014.04.14 13:30:02.012,0.82666,0.82674,1.19,4.34
2014.04.14 13:30:02.535,0.82665,0.82673,3.19,3.64
2014.04.14 13:30:03.041,0.82666,0.82673,1.19,3.57
2014.04.14 13:30:03.722,0.82667,0.82673,1.25,1.72
2014.04.14 13:30:04.992,0.82666,0.82673,1.25,1.72
2014.04.14 13:30:05.511,0.82665,0.82672,1.19,1.09
2014.04.14 13:30:06.028,0.82665,0.82672,1.19,1.09
2014.04.14 13:30:07.011,0.82664,0.82672,1.19,1.84
2014.04.14 13:30:12.769,0.82664,0.82672,1.00,1.84
2014.04.14 13:30:12.972,0.82662,0.8267,1.77,3.27
2014.04.14 13:30:13.984,0.82663,0.8267,1.19,1.77
2014.04.14 13:30:14.968,0.82662,0.8267,2.89,2.52
2014.04.14 13:30:15.987,0.82662,0.8267,1.39,2.52
2014.04.14 13:30:16.968,0.82662,0.8267,1.99,2.52
2014.04.14 13:30:17.978,0.82662,0.8267,2.74,2.52
2014.04.14 13:30:27.233,0.82661,0.82669,1.39,1.39
2014.04.14 13:30:28.428,0.82662,0.8267,1.19,2.22
2014.04.14 13:30:29.598,0.82664,0.8267,1.00,1.37
2014.04.14 13:30:30.103,0.82664,0.8267,1.19,1.02
2014.04.14 13:30:30.154,0.82662,0.8267,1.19,1.47
2014.04.14 13:30:31.168,0.82661,0.82669,1.29,1.29
2014.04.14 13:30:33.289,0.82661,0.82668,1.69,1.39
2014.04.14 13:30:33.819,0.82661,0.82668,1.19,1.39
2014.04.14 13:30:34.357,0.82659,0.82667,1.69,1.57
2014.04.14 13:30:36.003,0.82659,0.82667,1.69,1.57
2014.04.14 13:30:39.921,0.82659,0.82665,1.23,1.57
2014.04.14 13:30:40.471,0.82657,0.82665,4.47,1.57
2014.04.14 13:30:42.712,0.82657,0.82665,3.34,1.19
2014.04.14 13:30:42.965,0.82659,0.82666,1.29,1.69
2014.04.14 13:30:46.871,0.82659,0.82667,1.39,1.29
2014.04.14 13:30:47.882,0.82659,0.82667,1.39,3.27
2014.04.14 13:30:49.923,0.82659,0.82667,1.39,1.29
2014.04.14 13:30:50.798,0.82659,0.82667,1.34,2.82
2014.04.14 13:30:51.304,0.82659,0.82667,1.37,3.57
2014.04.14 13:30:56.981,0.82659,0.82667,1.37,1.32
2014.04.14 13:30:58.955,0.8266,0.82668,1.29,7.24
2014.04.14 13:31:10.445,0.82661,0.82668,1.29,4.17
2014.04.14 13:31:11.466,0.82661,0.82669,2.14,1.77
2014.04.14 13:31:14.058,0.82661,0.82669,1.69,1.84
2014.04.14 13:31:14.573,0.82661,0.82669,1.19,1.77
2014.04.14 13:31:15.140,0.82661,0.82669,1.19,3.34
2014.04.14 13:31:17.727,0.82661,0.82669,1.19,3.34
2014.04.14 13:31:26.591,0.82662,0.82669,1.19,1.74
2014.04.14 13:31:27.479,0.82661,0.82669,1.19,1.74
2014.04.14 13:31:53.652,0.82661,0.82669,1.69,2.59
2014.04.14 13:31:55.666,0.8266,0.82668,1.39,1.39
2014.04.14 13:31:58.692,0.82662,0.8267,2.07,2.59
2014.04.14 13:32:00.708,0.82662,0.8267,1.57,2.22
2014.04.14 13:32:03.621,0.82662,0.8267,2.07,2.22
2014.04.14 13:32:07.629,0.82662,0.8267,2.07,2.22
2014.04.14 13:32:10.682,0.82662,0.82669,1.77,1.19
2014.04.14 13:32:16.886,0.82664,0.8267,1.00,2.44
2014.04.14 13:32:17.431,0.82663,0.8267,1.02,2.44
2014.04.14 13:32:20.247,0.82664,0.8267,1.00,1.69
2014.04.14 13:32:20.551,0.82664,0.82672,3.57,2.22
2014.04.14 13:32:20.754,0.82665,0.82673,2.89,1.67
2014.04.14 13:32:21.925,0.82667,0.82675,1.19,2.40
2014.04.14 13:32:22.180,0.82667,0.82674,1.00,1.39
2014.04.14 13:32:22.434,0.82665,0.82673,1.27,1.67
2014.04.14 13:32:22.939,0.82663,0.82671,1.84,1.69
2014.04.14 13:32:23.565,0.82663,0.82671,2.22,1.32
2014.04.14 13:32:23.970,0.82665,0.82673,1.67,1.39
2014.04.14 13:32:24.274,0.82667,0.82674,1.29,1.39
2014.04.14 13:32:27.265,0.82668,0.82676,1.29,1.67
2014.04.14 13:32:27.937,0.82668,0.82676,1.29,1.67
2014.04.14 13:32:28.444,0.82668,0.82675,1.27,1.32
2014.04.14 13:32:29.306,0.82669,0.82676,1.25,1.67
2014.04.14 13:32:29.841,0.82668,0.82676,1.29,1.77
2014.04.14 13:32:30.147,0.8267,0.82676,1.38,1.19
2014.04.14 13:32:30.659,0.82669,0.82677,2.89,1.29
2014.04.14 13:32:31.317,0.82669,0.82678,2.89,2.97
2014.04.14 13:32:31.822,0.82671,0.8268,1.39,3.10
2014.04.14 13:32:32.131,0.82673,0.8268,1.19,1.47
2014.04.14 13:32:32.637,0.82673,0.82681,1.39,1.77
2014.04.14 13:32:33.143,0.82676,0.82683,1.19,1.29
2014.04.14 13:32:33.661,0.82676,0.82684,1.34,2.07
2014.04.14 13:32:34.341,0.82677,0.82683,1.37,1.13
2014.04.14 13:32:34.846,0.82677,0.82683,1.37,1.38
2014.04.14 13:32:36.166,0.82677,0.82683,1.27,1.25
2014.04.14 13:32:36.672,0.82675,0.82683,1.29,1.77
2014.04.14 13:32:37.352,0.82675,0.82683,1.29,2.14
2014.04.14 13:32:38.066,0.82675,0.82683,1.29,2.14
2014.04.14 13:32:39.394,0.82675,0.82683,1.37,1.57
2014.04.14 13:32:41.382,0.82674,0.82682,2.22,1.69
2014.04.14 13:32:42.395,0.82674,0.82682,1.47,1.69
2014.04.14 13:32:44.425,0.82674,0.82682,1.72,1.32
2014.04.14 13:32:46.286,0.82674,0.82682,1.47,1.69
2014.04.14 13:32:46.539,0.82673,0.82681,2.97,3.19
2014.04.14 13:32:48.313,0.82674,0.82681,1.39,2.82
2014.04.14 13:32:48.842,0.82674,0.82682,1.32,3.36
2014.04.14 13:32:49.350,0.82673,0.8268,1.29,1.19
2014.04.14 13:32:50.489,0.82673,0.82681,1.29,5.14
2014.04.14 13:32:50.691,0.82671,0.82679,1.77,4.04
2014.04.14 13:32:50.844,0.82671,0.82677,1.00,1.88
2014.04.14 13:32:51.350,0.82669,0.82677,1.37,4.71
2014.04.14 13:32:52.007,0.8267,0.82677,1.02,4.71
2014.04.14 13:32:54.041,0.82671,0.82677,1.00,3.57
2014.04.14 13:32:54.950,0.82671,0.82677,1.48,3.38
2014.04.14 13:32:55.456,0.82671,0.82678,1.39,1.32
2014.04.14 13:32:55.760,0.82669,0.82676,1.47,1.00
2014.04.14 13:32:56.277,0.82669,0.82675,1.63,1.50
2014.04.14 13:32:56.935,0.82668,0.82675,1.57,2.89
2014.04.14 13:33:02.750,0.82669,0.82676,2.82,1.29
2014.04.14 13:33:04.520,0.82669,0.82676,2.82,1.29
2014.04.14 13:33:10.873,0.82669,0.82677,1.57,3.72
2014.04.14 13:33:11.808,0.82669,0.82677,2.07,3.72
2014.04.14 13:33:12.815,0.82669,0.82676,1.57,1.29
2014.04.14 13:33:15.834,0.82669,0.82676,2.82,1.29
2014.04.14 13:33:17.862,0.82669,0.82676,2.82,1.29
2014.04.14 13:33:18.895,0.82669,0.82676,2.82,1.29
2014.04.14 13:33:20.480,0.82669,0.82676,1.25,1.39
2014.04.14 13:33:20.986,0.82667,0.82674,2.14,1.29
2014.04.14 13:33:21.794,0.82666,0.82674,3.72,1.19
2014.04.14 13:33:22.099,0.82668,0.82675,1.29,1.19
2014.04.14 13:33:23.127,0.82668,0.82676,2.22,1.32
2014.04.14 13:33:23.639,0.8267,0.82676,2.14,1.19
2014.04.14 13:33:23.942,0.82672,0.82679,1.69,2.52
2014.04.14 13:33:24.448,0.82672,0.82679,2.14,1.19
2014.04.14 13:33:24.954,0.82671,0.82678,1.69,1.29
2014.04.14 13:33:25.955,0.8267,0.82678,2.89,1.39
2014.04.14 13:33:26.966,0.82669,0.82676,2.22,1.19
2014.04.14 13:33:27.934,0.8267,0.82677,2.14,1.19
2014.04.14 13:33:31.002,0.8267,0.82678,3.64,1.29
2014.04.14 13:33:33.901,0.82672,0.82678,1.63,1.19
2014.04.14 13:33:34.406,0.82672,0.82679,1.67,1.19
2014.04.14 13:33:34.946,0.82672,0.82679,1.67,1.19
2014.04.14 13:33:37.903,0.82671,0.82679,5.22,1.19
2014.04.14 13:33:41.906,0.82672,0.82679,1.67,1.19
2014.04.14 13:33:50.386,0.82671,0.82679,1.47,1.32
2014.04.14 13:33:50.919,0.82669,0.82677,1.19,2.22
2014.04.14 13:33:51.020,0.82668,0.82676,1.27,1.69
2014.04.14 13:33:51.425,0.82666,0.82674,1.84,1.57
2014.04.14 13:33:51.942,0.82666,0.82674,1.37,1.57
2014.04.14 13:33:58.837,0.82668,0.82674,1.50,1.32
2014.04.14 13:33:59.141,0.8267,0.82676,1.77,1.00
2014.04.14 13:34:00.149,0.8267,0.82677,1.77,1.32
2014.04.14 13:34:02.004,0.8267,0.82677,1.84,1.32
2014.04.14 13:34:16.142,0.82669,0.82676,1.47,1.19
2014.04.14 13:34:26.273,0.82669,0.82677,1.47,2.07
2014.04.14 13:34:30.332,0.82669,0.82677,1.84,2.07
2014.04.14 13:34:35.316,0.82669,0.82677,1.84,2.07
2014.04.14 13:34:38.149,0.82671,0.82679,4.32,2.14
2014.04.14 13:34:38.662,0.82671,0.82679,1.67,1.77
2014.04.14 13:34:39.999,0.82673,0.82681,1.77,1.67
2014.04.14 13:34:42.348,0.82674,0.82682,1.19,2.97
2014.04.14 13:34:42.853,0.82674,0.82682,1.19,2.99
2014.04.14 13:34:47.032,0.82673,0.82681,1.39,1.67
2014.04.14 13:34:48.737,0.82672,0.82679,2.14,1.19
2014.04.14 13:34:50.661,0.82671,0.82676,1.18,1.00
2014.04.14 13:34:50.863,0.82671,0.82679,2.97,1.32
2014.04.14 13:34:51.218,0.82674,0.82679,1.38,1.00
2014.04.14 13:34:51.724,0.82675,0.82681,1.13,1.32
2014.04.14 13:34:52.230,0.82674,0.82682,1.19,4.02
2014.04.14 13:34:52.534,0.82672,0.82678,1.37,1.25
2014.04.14 13:34:52.838,0.82668,0.82676,2.97,1.32
2014.04.14 13:34:54.752,0.82668,0.82676,2.97,2.44
2014.04.14 13:34:55.729,0.82668,0.82676,2.22,2.44
2014.04.14 13:34:58.756,0.82668,0.82676,2.22,2.82
2014.04.14 13:35:00.793,0.82668,0.82676,2.22,2.82
2014.04.14 13:35:01.693,0.82668,0.82676,2.22,1.19
2014.04.14 13:35:01.795,0.8267,0.82677,1.39,1.19
2014.04.14 13:35:02.663,0.82672,0.82678,1.00,1.32
2014.04.14 13:35:03.183,0.82672,0.82679,1.25,1.86
2014.04.14 13:35:04.751,0.82671,0.82678,1.50,2.14
2014.04.14 13:35:05.257,0.82669,0.82677,1.39,1.67
2014.04.14 13:35:08.548,0.82671,0.82679,1.19,4.09
2014.04.14 13:35:09.155,0.8267,0.82678,1.32,3.34
2014.04.14 13:35:10.154,0.8267,0.82678,1.32,2.97
2014.04.14 13:35:11.198,0.82672,0.82679,1.32,1.84
2014.04.14 13:35:12.198,0.82672,0.82679,1.32,1.84
2014.04.14 13:35:12.705,0.82674,0.82681,1.19,2.22
2014.04.14 13:35:13.008,0.82673,0.8268,1.25,3.64
2014.04.14 13:35:15.024,0.82672,0.82679,1.25,1.56
2014.04.14 13:35:16.012,0.82672,0.82679,1.69,1.29
2014.04.14 13:35:17.013,0.82672,0.82679,1.25,1.77
2014.04.14 13:35:19.613,0.82673,0.82678,1.00,1.19
2014.04.14 13:35:25.051,0.82673,0.82679,1.25,1.69
2014.04.14 13:35:26.085,0.82675,0.82679,1.00,1.00
2014.04.14 13:35:26.389,0.82671,0.82679,4.84,1.19
2014.04.14 13:35:26.794,0.82671,0.82677,1.09,1.32
2014.04.14 13:35:27.100,0.8267,0.82676,1.00,1.19
2014.04.14 13:35:27.978,0.8267,0.82676,1.25,1.19
2014.04.14 13:35:29.865,0.82669,0.82676,1.02,1.32
2014.04.14 13:35:30.378,0.82669,0.82676,1.25,1.39
2014.04.14 13:35:32.344,0.82669,0.82675,1.19,1.00
2014.04.14 13:35:32.854,0.82669,0.82675,1.00,1.38
2014.04.14 13:35:33.324,0.82668,0.82675,1.29,1.57
2014.04.14 13:35:33.788,0.82668,0.82674,1.29,1.25
2014.04.14 13:35:34.474,0.82667,0.82674,1.29,1.39
2014.04.14 13:35:34.576,0.82667,0.82674,1.00,1.47
2014.04.14 13:35:34.779,0.82667,0.82674,1.19,1.47
2014.04.14 13:35:37.785,0.82668,0.82675,1.25,3.34
2014.04.14 13:35:39.698,0.82668,0.82675,1.19,3.34
2014.04.14 13:35:45.623,0.82668,0.82675,2.07,2.97
2014.04.14 13:35:45.775,0.82671,0.82675,1.25,1.58
2014.04.14 13:35:46.282,0.8267,0.82677,1.32,1.37
2014.04.14 13:35:49.469,0.82669,0.82677,1.69,2.97
2014.04.14 13:35:52.914,0.8267,0.82677,1.19,1.47
2014.04.14 13:35:53.421,0.8267,0.82677,1.19,1.47
2014.04.14 13:35:53.939,0.82668,0.82675,1.32,1.77
2014.04.14 13:35:54.091,0.82668,0.82675,1.13,1.77
2014.04.14 13:35:54.908,0.82667,0.82675,1.29,2.52
2014.04.14 13:35:55.919,0.82667,0.82675,1.19,1.84
2014.04.14 13:35:56.525,0.82667,0.82675,1.19,1.74
2014.04.14 13:35:56.830,0.82668,0.82676,1.19,1.77
2014.04.14 13:35:57.335,0.82668,0.82676,1.19,1.74
2014.04.14 13:35:58.142,0.82668,0.82676,1.19,1.74
2014.04.14 13:35:59.117,0.82668,0.82676,1.39,1.39
2014.04.14 13:36:00.129,0.82669,0.82677,1.19,3.72
2014.04.14 13:36:05.147,0.8267,0.82677,1.19,2.97
2014.04.14 13:36:05.656,0.8267,0.82677,1.19,2.97
2014.04.14 13:36:07.816,0.82669,0.82677,1.32,3.72
2014.04.14 13:36:08.779,0.82669,0.82677,1.19,2.97
2014.04.14 13:36:11.208,0.82669,0.82677,1.32,2.97
2014.04.14 13:36:11.756,0.82669,0.82677,1.57,2.59
2014.04.14 13:36:19.776,0.82671,0.82677,1.57,1.69
2014.04.14 13:36:20.282,0.82673,0.82679,1.00,2.59
2014.04.14 13:36:20.789,0.82671,0.82677,1.57,1.77
2014.04.14 13:36:21.982,0.82669,0.82678,2.89,2.59
2014.04.14 13:36:24.431,0.82669,0.82677,2.52,1.29
2014.04.14 13:36:25.871,0.82672,0.82678,1.00,2.59
2014.04.14 13:36:30.567,0.82673,0.82678,1.00,2.40
2014.04.14 13:36:32.404,0.82673,0.82678,1.38,2.33
2014.04.14 13:36:32.961,0.82672,0.82679,1.57,1.37
2014.04.14 13:36:39.541,0.82673,0.8268,1.57,2.44
2014.04.14 13:36:41.402,0.82673,0.82681,1.25,2.97
2014.04.14 13:36:42.414,0.82673,0.82681,1.57,2.97
2014.04.14 13:36:48.345,0.82674,0.82681,2.07,2.22
2014.04.14 13:36:48.855,0.82676,0.82682,1.00,3.72
2014.04.14 13:36:49.362,0.82673,0.82682,2.14,3.72
2014.04.14 13:36:51.154,0.82676,0.82681,1.00,1.77
2014.04.14 13:36:51.703,0.82673,0.82681,1.67,1.77
2014.04.14 13:36:52.631,0.82673,0.82681,1.67,1.77
2014.04.14 13:36:52.889,0.82672,0.82679,1.39,1.19
2014.04.14 13:36:53.397,0.82673,0.82679,1.00,1.47
2014.04.14 13:36:53.902,0.82673,0.82679,1.00,1.47
2014.04.14 13:37:00.978,0.82673,0.82679,1.00,1.47
2014.04.14 13:37:01.332,0.82671,0.82679,1.19,3.64
2014.04.14 13:37:07.787,0.82672,0.82679,1.32,2.44
2014.04.14 13:37:07.889,0.82672,0.82679,1.00,2.89
2014.04.14 13:37:09.061,0.8267,0.82678,1.69,2.97
2014.04.14 13:37:09.315,0.82669,0.82676,1.54,1.74
2014.04.14 13:37:09.416,0.82669,0.82674,1.00,1.19
2014.04.14 13:37:09.924,0.82667,0.82674,1.32,1.72
2014.04.14 13:37:10.431,0.82667,0.82674,1.19,1.84
2014.04.14 13:37:11.066,0.82667,0.82674,1.19,1.84
2014.04.14 13:37:11.614,0.82667,0.82673,1.19,1.02
2014.04.14 13:37:14.469,0.82667,0.82674,1.69,1.39
2014.04.14 13:37:15.455,0.82667,0.82674,1.19,1.39
2014.04.14 13:37:17.464,0.82667,0.82675,2.14,2.14
2014.04.14 13:37:17.972,0.82669,0.82675,1.32,1.02
2014.04.14 13:37:18.479,0.82669,0.82677,1.19,3.34
2014.04.14 13:37:19.998,0.82669,0.82677,1.32,3.34
2014.04.14 13:37:21.019,0.82669,0.82677,1.32,4.47
2014.04.14 13:37:22.012,0.82669,0.82677,1.32,4.47
2014.04.14 13:37:23.037,0.82669,0.82677,1.32,2.97
2014.04.14 13:37:30.074,0.82668,0.82676,2.14,2.89
2014.04.14 13:37:30.902,0.82668,0.82675,1.77,1.63
2014.04.14 13:37:32.084,0.82668,0.82674,1.25,1.25
2014.04.14 13:37:33.116,0.82668,0.82674,1.25,1.19
2014.04.14 13:37:34.272,0.82668,0.82674,1.25,1.02
2014.04.14 13:37:40.607,0.82666,0.82673,1.29,1.32
2014.04.14 13:37:42.223,0.82668,0.82674,1.00,2.14
2014.04.14 13:37:43.352,0.82666,0.82674,2.14,1.39
2014.04.14 13:37:43.657,0.82668,0.82676,1.57,3.34
2014.04.14 13:37:44.162,0.82668,0.82675,1.39,1.25
2014.04.14 13:37:44.698,0.82667,0.82674,1.77,2.82
2014.04.14 13:37:45.004,0.82665,0.82673,1.47,2.82
2014.04.14 13:37:46.266,0.82665,0.82672,1.37,2.07
2014.04.14 13:37:46.571,0.82664,0.8267,1.00,1.32
2014.04.14 13:37:47.507,0.82664,0.82671,1.19,3.27
2014.04.14 13:37:48.215,0.82665,0.82673,1.32,2.97
2014.04.14 13:37:49.036,0.82665,0.82672,1.19,1.09
2014.04.14 13:37:49.138,0.82663,0.82668,3.45,1.19
2014.04.14 13:37:49.677,0.82663,0.82668,1.00,1.29
2014.04.14 13:37:50.187,0.8266,0.82667,1.02,1.19
2014.04.14 13:37:51.350,0.82662,0.82668,1.00,1.29
2014.04.14 13:37:51.915,0.82663,0.82668,1.00,1.10
2014.04.14 13:37:52.372,0.8266,0.82667,1.39,1.39
2014.04.14 13:37:58.043,0.82661,0.82666,1.25,1.63
2014.04.14 13:37:58.552,0.8266,0.82666,1.25,1.57
2014.04.14 13:37:59.850,0.8266,0.82666,1.25,2.07
2014.04.14 13:38:00.385,0.82659,0.82666,1.62,2.07
2014.04.14 13:38:02.192,0.82659,0.82666,2.37,1.32
2014.04.14 13:38:12.240,0.82659,0.82666,1.54,1.67
2014.04.14 13:38:12.755,0.82659,0.82666,1.54,2.89
2014.04.14 13:38:13.576,0.82659,0.82666,1.54,2.89
2014.04.14 13:38:17.010,0.82661,0.82666,1.00,2.82
2014.04.14 13:38:19.084,0.82659,0.82666,1.62,1.19
2014.04.14 13:38:19.611,0.82661,0.82666,1.00,1.32
2014.04.14 13:38:20.230,0.82659,0.82666,1.39,1.32
2014.04.14 13:38:20.739,0.82658,0.82666,2.97,1.19
2014.04.14 13:38:26.290,0.82659,0.82667,1.39,4.02
2014.04.14 13:38:40.097,0.8266,0.82667,1.63,2.97
2014.04.14 13:38:40.755,0.8266,0.82668,2.82,1.37
2014.04.14 13:38:41.767,0.82661,0.82669,2.14,1.29
2014.04.14 13:38:42.799,0.82662,0.8267,1.32,3.72
2014.04.14 13:38:43.776,0.82662,0.8267,1.32,3.72
2014.04.14 13:38:52.826,0.82663,0.8267,1.19,2.97
2014.04.14 13:38:55.830,0.82664,0.8267,1.00,3.72
2014.04.14 13:38:56.440,0.82663,0.82669,2.07,1.77
2014.04.14 13:38:56.945,0.82664,0.82669,1.00,2.40
2014.04.14 13:38:57.855,0.82664,0.8267,1.00,4.02
2014.04.14 13:38:59.545,0.82663,0.8267,2.07,4.02
2014.04.14 13:39:01.396,0.82662,0.82667,1.27,1.00
2014.04.14 13:39:02.465,0.8266,0.82667,2.89,1.25
2014.04.14 13:39:03.517,0.8266,0.82668,2.14,2.89
2014.04.14 13:39:04.596,0.82661,0.82667,1.00,1.32
2014.04.14 13:39:06.523,0.82661,0.82666,1.00,1.32
2014.04.14 13:39:07.337,0.8266,0.82666,1.77,1.32
2014.04.14 13:39:10.752,0.8266,0.82667,1.39,3.94
2014.04.14 13:39:10.854,0.82663,0.82667,1.00,2.25
2014.04.14 13:39:11.364,0.82662,0.82667,1.00,1.13
2014.04.14 13:39:11.668,0.82659,0.82666,1.09,1.57
2014.04.14 13:39:12.595,0.82659,0.82666,1.09,1.57
2014.04.14 13:39:13.894,0.82659,0.82666,1.09,1.57
2014.04.14 13:39:14.198,0.82658,0.82665,1.25,2.14
2014.04.14 13:39:14.705,0.82659,0.82665,1.50,2.14
2014.04.14 13:39:19.233,0.82659,0.82665,1.58,1.19
2014.04.14 13:39:20.237,0.82659,0.82665,1.77,1.19
2014.04.14 13:39:23.248,0.82659,0.82665,2.33,1.32
2014.04.14 13:39:23.784,0.82658,0.82665,1.02,2.82
2014.04.14 13:39:23.835,0.82657,0.82665,1.29,3.64
2014.04.14 13:39:24.189,0.82654,0.82662,3.34,1.57
2014.04.14 13:39:24.695,0.82654,0.82662,2.59,2.07
2014.04.14 13:39:26.164,0.82654,0.82661,1.84,2.82
2014.04.14 13:39:27.221,0.82655,0.82661,1.77,1.19
2014.04.14 13:39:29.550,0.82656,0.82662,1.58,1.19
2014.04.14 13:39:29.601,0.82656,0.82663,1.77,2.07
2014.04.14 13:39:30.118,0.82655,0.82663,1.39,2.89
2014.04.14 13:39:30.423,0.82654,0.82661,1.84,2.07
2014.04.14 13:39:32.447,0.82654,0.82661,1.84,2.07
2014.04.14 13:39:33.468,0.82653,0.8266,1.77,1.19
2014.04.14 13:39:35.463,0.82653,0.8266,1.69,1.02
2014.04.14 13:39:35.666,0.82651,0.82659,2.33,2.52
2014.04.14 13:39:35.919,0.82651,0.82658,1.19,2.14
2014.04.14 13:39:39.181,0.82651,0.82658,1.32,1.77
2014.04.14 13:39:43.730,0.82651,0.82658,1.02,2.82
2014.04.14 13:39:44.741,0.82651,0.82658,1.19,2.14
2014.04.14 13:39:53.104,0.8265,0.82658,1.29,2.89
2014.04.14 13:39:53.206,0.82649,0.82657,3.34,1.57
2014.04.14 13:39:54.058,0.82649,0.82656,3.19,2.14
2014.04.14 13:39:55.085,0.8265,0.82656,1.19,2.07
2014.04.14 13:39:57.104,0.82649,0.82656,2.89,1.19
2014.04.14 13:40:03.247,0.8265,0.82658,1.29,3.64
2014.04.14 13:40:15.128,0.82654,0.82658,1.00,1.00
2014.04.14 13:40:15.665,0.82654,0.8266,1.00,1.77
2014.04.14 13:40:19.054,0.82652,0.82658,1.29,1.25
2014.04.14 13:40:19.570,0.82651,0.82659,2.07,2.22
2014.04.14 13:40:21.286,0.82652,0.8266,1.32,2.22
2014.04.14 13:40:26.311,0.82654,0.8266,1.00,2.22
2014.04.14 13:40:26.839,0.82652,0.8266,1.32,3.72
2014.04.14 13:40:28.142,0.82652,0.82659,1.19,1.09
2014.04.14 13:40:28.648,0.82651,0.82659,1.69,3.34
2014.04.14 13:40:29.557,0.82651,0.82658,1.69,1.39
2014.04.14 13:40:30.344,0.8265,0.82657,1.19,1.02
2014.04.14 13:40:35.467,0.82649,0.82657,1.77,1.77
2014.04.14 13:40:36.346,0.8265,0.82657,1.19,1.02
2014.04.14 13:40:37.361,0.8265,0.82657,1.00,1.02
2014.04.14 13:40:38.379,0.8265,0.82657,1.19,1.02
2014.04.14 13:40:39.046,0.8265,0.82657,1.19,1.29
2014.04.14 13:40:39.589,0.82651,0.82659,1.19,3.34
2014.04.14 13:40:44.737,0.82652,0.82659,1.19,2.22
2014.04.14 13:40:45.246,0.82652,0.82659,1.19,2.22
2014.04.14 13:40:46.714,0.82651,0.82659,2.07,2.97
2014.04.14 13:40:47.435,0.82652,0.82659,1.25,2.97
2014.04.14 13:40:47.941,0.82652,0.82659,1.00,2.22
2014.04.14 13:40:49.053,0.82652,0.82659,1.19,2.59
2014.04.14 13:40:49.609,0.82652,0.82659,1.19,2.59
2014.04.14 13:40:50.117,0.82652,0.82658,1.00,2.14
2014.04.14 13:40:50.636,0.82652,0.82658,1.00,1.67
2014.04.14 13:40:56.323,0.82651,0.82658,1.10,1.32
2014.04.14 13:40:59.697,0.8265,0.82657,1.69,1.02
2014.04.14 13:41:01.334,0.82651,0.82658,1.19,2.52
2014.04.14 13:41:02.326,0.82651,0.82658,1.00,2.89
2014.04.14 13:41:06.002,0.8265,0.82655,1.00,1.38
2014.04.14 13:41:06.305,0.82648,0.82654,1.32,2.07
2014.04.14 13:41:06.458,0.82646,0.82652,1.77,2.63
2014.04.14 13:41:06.559,0.82645,0.82651,1.00,1.02
2014.04.14 13:41:07.065,0.82645,0.82651,1.00,1.02
2014.04.14 13:41:07.218,0.82644,0.8265,1.25,1.95
2014.04.14 13:41:07.854,0.82643,0.8265,1.69,2.03
2014.04.14 13:41:08.393,0.82643,0.82649,1.19,1.18
2014.04.14 13:41:09.278,0.82643,0.8265,1.00,2.22
2014.04.14 13:41:09.784,0.82642,0.82649,1.19,3.72
2014.04.14 13:41:10.320,0.82641,0.82649,1.69,3.72
2014.04.14 13:41:12.405,0.82641,0.82649,1.69,1.84
2014.04.14 13:41:13.610,0.82641,0.82649,1.69,3.34
2014.04.14 13:41:15.632,0.82641,0.82649,1.69,3.34
2014.04.14 13:41:16.173,0.82641,0.82649,1.69,3.34
2014.04.14 13:41:16.680,0.82643,0.8265,1.25,2.22
2014.04.14 13:41:16.832,0.82644,0.8265,1.00,1.39
2014.04.14 13:41:18.149,0.82644,0.82652,1.19,2.22
2014.04.14 13:41:18.661,0.82645,0.8265,1.25,1.48
2014.04.14 13:41:20.765,0.82644,0.82649,1.25,1.10
2014.04.14 13:41:21.280,0.82644,0.82648,1.25,1.13
2014.04.14 13:41:21.737,0.82642,0.82648,1.00,1.39
2014.04.14 13:41:23.394,0.82642,0.82649,1.69,1.09
2014.04.14 13:41:23.902,0.82643,0.82649,1.19,1.10
2014.04.14 13:41:27.933,0.82642,0.82649,1.69,1.02
2014.04.14 13:41:32.951,0.82642,0.8265,2.07,2.97
2014.04.14 13:41:33.711,0.82643,0.8265,1.63,1.37
2014.04.14 13:41:33.764,0.82642,0.8265,3.57,1.37
2014.04.14 13:41:33.866,0.82644,0.82651,1.32,1.84
2014.04.14 13:41:34.375,0.82644,0.82652,2.82,1.37
2014.04.14 13:41:34.887,0.82647,0.82653,1.00,1.84
2014.04.14 13:41:35.404,0.82646,0.82653,1.25,1.84
2014.04.14 13:41:35.607,0.82644,0.82652,1.00,2.22
2014.04.14 13:41:39.088,0.82646,0.82651,1.00,1.37
2014.04.14 13:41:43.136,0.82646,0.82653,1.19,4.69
2014.04.14 13:41:47.142,0.82647,0.82653,1.00,1.02
2014.04.14 13:41:47.749,0.82647,0.82652,1.00,1.39
2014.04.14 13:41:48.204,0.82644,0.82651,1.25,1.84
2014.04.14 13:41:49.216,0.82643,0.8265,1.69,2.14
2014.04.14 13:41:50.182,0.82642,0.82649,1.77,1.25
2014.04.14 13:41:51.231,0.82642,0.82649,1.77,1.19
2014.04.14 13:41:52.017,0.82645,0.8265,1.00,1.95
2014.04.14 13:41:52.118,0.82645,0.8265,1.25,1.02
2014.04.14 13:41:53.148,0.82645,0.82653,1.69,1.84
2014.04.14 13:41:56.169,0.82646,0.82654,1.69,3.72
2014.04.14 13:41:56.675,0.82648,0.82654,1.00,1.84
2014.04.14 13:41:57.182,0.82648,0.82655,2.07,1.39
2014.04.14 13:41:57.233,0.82647,0.82655,1.67,1.20
2014.04.14 13:41:57.335,0.82647,0.82655,1.67,1.39
2014.04.14 13:41:57.861,0.82649,0.82655,1.00,1.39
2014.04.14 13:41:58.391,0.82647,0.82654,2.07,1.77
2014.04.14 13:41:59.559,0.82647,0.82654,1.63,1.29
2014.04.14 13:42:00.621,0.82646,0.82654,1.67,2.52
2014.04.14 13:42:01.531,0.82647,0.82655,1.57,2.97
2014.04.14 13:42:01.735,0.82648,0.82655,1.25,1.84
2014.04.14 13:42:02.898,0.82649,0.82655,1.00,1.29
2014.04.14 13:42:03.485,0.82649,0.82655,1.38,1.39
2014.04.14 13:42:03.995,0.82648,0.82655,1.63,1.47
2014.04.14 13:42:04.502,0.82647,0.82655,2.07,2.97
2014.04.14 13:42:06.365,0.82648,0.82655,1.32,1.37
2014.04.14 13:42:06.917,0.82648,0.82656,1.32,4.39
2014.04.14 13:42:07.431,0.82649,0.82656,1.00,4.39
2014.04.14 13:42:07.953,0.82648,0.82655,1.32,1.34
2014.04.14 13:42:08.475,0.82648,0.82655,1.32,1.37
2014.04.14 13:42:09.001,0.82648,0.82656,2.07,4.39
2014.04.14 13:42:10.713,0.82649,0.82656,1.25,2.22
2014.04.14 13:42:15.396,0.82649,0.82657,2.07,2.97
2014.04.14 13:42:15.701,0.8265,0.82657,1.32,1.47
2014.04.14 13:42:15.752,0.82651,0.82658,1.19,2.22
2014.04.14 13:42:16.056,0.82651,0.82659,1.32,6.27
2014.04.14 13:42:16.589,0.82653,0.82658,1.00,1.77
2014.04.14 13:42:17.095,0.82653,0.82657,1.00,2.52
2014.04.14 13:42:17.980,0.82652,0.82657,1.00,1.29
2014.04.14 13:42:18.944,0.82649,0.82657,1.29,1.29
2014.04.14 13:42:23.885,0.82652,0.82659,1.63,3.34
2014.04.14 13:42:24.341,0.82651,0.82659,1.57,2.59
2014.04.14 13:42:24.443,0.82655,0.82661,1.13,1.84
2014.04.14 13:42:24.950,0.82656,0.82661,1.13,1.58
2014.04.14 13:42:25.407,0.82654,0.82662,1.67,1.29
2014.04.14 13:42:28.663,0.82654,0.82662,1.67,1.77
2014.04.14 13:42:30.090,0.82654,0.82662,1.67,1.77
2014.04.14 13:42:30.597,0.82654,0.82662,1.67,1.77
2014.04.14 13:42:31.103,0.82656,0.82662,1.13,1.37
2014.04.14 13:42:31.698,0.82657,0.82662,1.00,1.10
2014.04.14 13:42:32.329,0.82656,0.82662,1.13,1.29
2014.04.14 13:42:36.484,0.82656,0.82663,1.32,2.59
2014.04.14 13:42:36.991,0.82657,0.82663,1.00,2.59
2014.04.14 13:42:37.498,0.82655,0.82663,2.07,2.59
2014.04.14 13:42:38.861,0.82655,0.82662,1.63,1.29
2014.04.14 13:42:39.369,0.82658,0.82664,1.13,2.59
2014.04.14 13:42:39.623,0.82657,0.82664,1.38,1.34
2014.04.14 13:42:39.926,0.8266,0.82666,1.00,3.34
2014.04.14 13:42:40.432,0.8266,0.82666,1.00,1.37
2014.04.14 13:42:41.973,0.8266,0.82667,1.32,2.59
2014.04.14 13:42:42.514,0.8266,0.82667,1.63,1.84
2014.04.14 13:42:43.021,0.8266,0.82667,1.88,1.29
2014.04.14 13:42:45.313,0.8266,0.82667,1.88,1.58
2014.04.14 13:42:45.819,0.82663,0.82668,1.38,1.10
2014.04.14 13:42:46.022,0.82663,0.8267,1.38,1.18
2014.04.14 13:42:46.528,0.82664,0.82671,1.00,1.47
2014.04.14 13:42:46.782,0.82665,0.82672,1.50,2.59
2014.04.14 13:42:46.935,0.82665,0.82674,2.82,3.34
2014.04.14 13:42:47.443,0.82665,0.82674,2.14,4.47
2014.04.14 13:42:47.950,0.82664,0.82672,2.07,2.22
2014.04.14 13:42:48.457,0.82664,0.82671,1.29,1.69
2014.04.14 13:42:48.965,0.82664,0.82673,1.48,2.22
2014.04.14 13:42:51.623,0.82664,0.82672,1.57,2.52
2014.04.14 13:42:52.129,0.82663,0.82672,1.37,2.14
2014.04.14 13:42:52.760,0.82663,0.82672,1.47,1.67
2014.04.14 13:42:55.150,0.82664,0.82673,1.00,2.97
2014.04.14 13:42:55.967,0.82664,0.82673,1.00,2.59
2014.04.14 13:42:56.953,0.82664,0.82673,1.77,1.84
2014.04.14 13:42:57.975,0.82664,0.82672,1.10,1.67
2014.04.14 13:42:59.583,0.82666,0.82672,1.00,1.39
2014.04.14 13:43:00.105,0.82663,0.82671,4.47,1.19
2014.04.14 13:43:16.031,0.82664,0.82672,1.39,1.39
2014.04.14 13:43:17.871,0.82664,0.8267,1.29,1.00
2014.04.14 13:43:19.810,0.82664,0.82671,1.29,2.07
2014.04.14 13:43:20.318,0.82663,0.82671,1.29,2.89
2014.04.14 13:43:21.695,0.82664,0.82671,1.02,2.07
2014.04.14 13:43:22.213,0.82662,0.8267,1.37,1.57
2014.04.14 13:43:22.902,0.82661,0.8267,1.84,2.82
2014.04.14 13:43:23.566,0.82661,0.82669,1.77,1.02
2014.04.14 13:43:24.533,0.82661,0.82669,1.77,1.77
2014.04.14 13:43:41.654,0.82662,0.82669,1.84,1.32
2014.04.14 13:43:42.178,0.82662,0.82669,1.84,1.32
2014.04.14 13:43:43.161,0.82662,0.82669,1.84,1.32
2014.04.14 13:43:44.268,0.82661,0.82669,1.84,1.57
2014.04.14 13:43:44.800,0.82661,0.82667,1.10,1.19
2014.04.14 13:43:51.526,0.8266,0.82667,1.84,1.32
2014.04.14 13:43:53.251,0.8266,0.82667,1.09,1.57
2014.04.14 13:43:53.505,0.82658,0.82666,2.97,1.19
2014.04.14 13:43:53.859,0.82659,0.82666,2.22,1.19
2014.04.14 13:43:59.380,0.8266,0.82668,2.89,1.39
2014.04.14 13:43:59.989,0.82661,0.82668,1.39,1.19
2014.04.14 13:44:00.278,0.82661,0.82669,2.14,1.39
2014.04.14 13:44:03.080,0.82662,0.8267,1.29,2.14
2014.04.14 13:44:03.484,0.8266,0.82667,1.09,1.32
2014.04.14 13:44:08.679,0.82659,0.82666,2.97,2.44
2014.04.14 13:44:09.522,0.82659,0.82666,2.97,2.44
2014.04.14 13:44:11.663,0.82661,0.82666,1.00,2.25
2014.04.14 13:44:12.169,0.8266,0.82666,1.58,2.82
2014.04.14 13:44:12.689,0.82659,0.82666,1.84,2.82
2014.04.14 13:44:13.563,0.82659,0.82665,1.84,1.32
2014.04.14 13:44:20.497,0.82659,0.82666,2.59,1.32
2014.04.14 13:44:22.558,0.82659,0.82666,2.59,1.32
2014.04.14 13:44:28.759,0.82659,0.82665,2.59,1.19
2014.04.14 13:44:30.210,0.8266,0.82666,1.58,1.00
2014.04.14 13:44:31.295,0.8266,0.82667,1.58,1.67
2014.04.14 13:44:32.054,0.8266,0.82668,2.25,2.03
2014.04.14 13:44:33.247,0.8266,0.82668,2.25,2.03
2014.04.14 13:44:33.554,0.82658,0.82666,2.52,2.14
2014.04.14 13:44:33.706,0.82657,0.82665,1.58,2.14
2014.04.14 13:44:34.733,0.82656,0.82664,3.15,1.57
2014.04.14 13:44:35.263,0.82656,0.82664,3.15,1.38
2014.04.14 13:44:35.915,0.82656,0.82663,3.15,1.19
2014.04.14 13:44:36.734,0.82657,0.82665,1.29,1.67
2014.04.14 13:44:37.767,0.82657,0.82665,1.10,2.14
2014.04.14 13:44:42.753,0.82657,0.82665,1.18,1.57
2014.04.14 13:44:44.941,0.82657,0.82664,1.00,2.33
2014.04.14 13:44:45.215,0.82655,0.82662,2.52,1.57
2014.04.14 13:44:45.721,0.82656,0.82663,1.84,1.19
2014.04.14 13:44:46.237,0.82656,0.82664,2.59,1.44
2014.04.14 13:44:50.148,0.82658,0.82666,1.32,1.47
2014.04.14 13:44:50.856,0.82659,0.82667,3.27,1.67
2014.04.14 13:44:52.827,0.8266,0.82668,1.00,1.74
2014.04.14 13:44:53.854,0.8266,0.82668,1.00,1.74
2014.04.14 13:44:57.565,0.8266,0.82666,1.00,2.07
2014.04.14 13:44:57.676,0.82658,0.82665,1.09,2.07
2014.04.14 13:44:57.880,0.82657,0.82663,2.33,1.63
2014.04.14 13:44:57.982,0.82655,0.82662,1.84,1.57
2014.04.14 13:44:58.033,0.82655,0.82662,1.58,1.57
2014.04.14 13:44:58.186,0.82653,0.82661,1.37,1.67
2014.04.14 13:44:58.490,0.82652,0.82657,1.77,1.25
2014.04.14 13:44:58.795,0.82647,0.82655,1.77,6.27
2014.04.14 13:44:59.099,0.82645,0.82652,1.77,2.14
2014.04.14 13:44:59.505,0.82646,0.82652,1.10,1.25
2014.04.14 13:45:00.518,0.82646,0.82654,1.19,1.47
2014.04.14 13:45:01.532,0.82646,0.82654,1.19,1.47
2014.04.14 13:45:02.041,0.82646,0.82654,1.29,1.67
2014.04.14 13:45:03.536,0.82646,0.82654,1.10,1.67
2014.04.14 13:45:04.193,0.82646,0.82654,1.18,1.57
2014.04.14 13:45:04.446,0.82648,0.82655,1.10,1.35
2014.04.14 13:45:04.952,0.82649,0.82657,1.19,2.22
2014.04.14 13:45:12.342,0.8265,0.82657,1.00,2.14
2014.04.14 13:45:14.331,0.8265,0.82657,1.19,2.14
2014.04.14 13:45:15.536,0.8265,0.82657,1.00,2.14
2014.04.14 13:45:20.840,0.8265,0.82658,1.19,2.97
2014.04.14 13:45:21.728,0.8265,0.82658,2.89,2.52
2014.04.14 13:45:22.032,0.82655,0.82661,1.00,1.32
2014.04.14 13:45:22.364,0.82655,0.82661,2.03,1.25
2014.04.14 13:45:22.468,0.82655,0.82661,1.10,1.32
2014.04.14 13:45:22.891,0.82657,0.82664,1.00,2.22
2014.04.14 13:45:23.194,0.82659,0.82666,1.00,2.89
2014.04.14 13:45:23.296,0.82659,0.82667,1.00,2.97
2014.04.14 13:45:24.193,0.8266,0.82668,1.19,1.74
2014.04.14 13:45:25.003,0.8266,0.82668,1.19,1.47
2014.04.14 13:45:25.309,0.82662,0.82669,1.48,1.19
2014.04.14 13:45:26.180,0.82662,0.82669,1.20,1.19
2014.04.14 13:45:26.689,0.82662,0.8267,2.14,2.59
2014.04.14 13:45:27.207,0.82663,0.8267,1.32,1.84
2014.04.14 13:45:28.374,0.82663,0.8267,1.19,2.22
2014.04.14 13:45:29.133,0.82663,0.82669,1.00,2.14
2014.04.14 13:45:33.189,0.82662,0.8267,1.00,3.72
2014.04.14 13:45:36.184,0.82662,0.82669,1.19,1.29
2014.04.14 13:45:37.196,0.82662,0.82669,1.00,1.09
2014.04.14 13:45:41.026,0.82662,0.8267,1.29,2.89
2014.04.14 13:45:41.937,0.82663,0.82671,1.19,5.22
2014.04.14 13:45:45.963,0.82664,0.82671,1.29,2.44
2014.04.14 13:45:50.633,0.82664,0.82672,1.67,2.89
2014.04.14 13:45:51.142,0.82665,0.82672,1.57,2.14
2014.04.14 13:45:53.932,0.82667,0.82673,1.00,1.84
2014.04.14 13:45:54.438,0.82667,0.82671,1.00,1.00
2014.04.14 13:45:54.980,0.82667,0.82673,1.19,1.84
2014.04.14 13:45:55.488,0.82667,0.82674,1.00,5.14
2014.04.14 13:45:55.994,0.82667,0.82674,1.00,1.74
2014.04.14 13:45:56.450,0.82667,0.82674,1.50,1.18
2014.04.14 13:45:56.755,0.82669,0.82677,1.00,3.72
2014.04.14 13:45:57.538,0.82669,0.82677,1.38,2.22
2014.04.14 13:45:58.046,0.82669,0.82677,1.55,1.32
2014.04.14 13:45:59.520,0.8267,0.82677,1.00,6.34
2014.04.14 13:46:00.492,0.82669,0.82676,1.00,2.59
2014.04.14 13:46:01.502,0.82669,0.82677,1.38,5.22
2014.04.14 13:46:02.007,0.82669,0.82676,1.00,2.14
2014.04.14 13:46:04.722,0.8267,0.82675,1.00,1.29
2014.04.14 13:46:05.228,0.82669,0.82677,1.00,3.34
2014.04.14 13:46:05.799,0.82668,0.82675,1.19,4.09
2014.04.14 13:46:06.108,0.82668,0.82673,1.19,1.58
2014.04.14 13:46:06.210,0.82667,0.82673,1.00,2.22
2014.04.14 13:46:06.391,0.82667,0.82673,1.00,3.27
2014.04.14 13:46:06.494,0.82665,0.82672,1.00,2.14
2014.04.14 13:46:06.748,0.82662,0.82669,2.82,1.02
2014.04.14 13:46:07.355,0.82662,0.82669,1.69,1.02
2014.04.14 13:46:10.223,0.82664,0.8267,1.00,2.14
2014.04.14 13:46:11.070,0.82664,0.8267,1.00,2.52
2014.04.14 13:46:11.586,0.82663,0.8267,1.00,2.52
2014.04.14 13:46:14.651,0.82665,0.82672,1.00,2.89
2014.04.14 13:46:15.690,0.82664,0.82671,1.18,2.82
2014.04.14 13:46:16.196,0.82665,0.82672,1.69,1.09
2014.04.14 13:46:16.500,0.82665,0.82671,1.69,1.25
2014.04.14 13:46:16.704,0.82663,0.82671,1.29,3.64
2014.04.14 13:46:17.210,0.82663,0.8267,1.00,2.22
2014.04.14 13:46:17.919,0.82663,0.8267,1.00,2.14
2014.04.14 13:46:18.476,0.82664,0.82671,1.00,1.39
2014.04.14 13:46:19.703,0.82664,0.82671,1.19,2.14
2014.04.14 13:46:20.587,0.82664,0.82668,1.00,1.00
2014.04.14 13:46:21.093,0.82663,0.82668,1.19,1.13
2014.04.14 13:46:21.144,0.82661,0.82668,1.77,1.32
2014.04.14 13:46:22.673,0.82661,0.82669,2.07,1.37
2014.04.14 13:46:23.184,0.82662,0.8267,1.19,4.47
2014.04.14 13:46:24.156,0.82661,0.82669,2.14,1.39
2014.04.14 13:46:26.197,0.82661,0.82669,2.89,1.29
2014.04.14 13:46:26.705,0.82662,0.82669,1.39,1.00
2014.04.14 13:46:27.247,0.82665,0.82669,1.00,1.00
2014.04.14 13:46:27.939,0.82662,0.8267,1.74,1.19
2014.04.14 13:46:28.734,0.82664,0.8267,1.00,1.19
2014.04.14 13:46:29.281,0.82665,0.82671,1.00,1.84
2014.04.14 13:46:31.160,0.82665,0.82671,1.25,1.09
2014.04.14 13:46:32.139,0.82665,0.82671,1.00,2.59
2014.04.14 13:46:34.144,0.82665,0.82671,1.25,2.59
2014.04.14 13:46:35.579,0.82662,0.8267,1.19,1.47
2014.04.14 13:46:41.528,0.82665,0.82671,1.00,2.97
2014.04.14 13:46:42.536,0.82665,0.82671,1.25,2.89
2014.04.14 13:46:43.146,0.82666,0.82671,1.00,2.14
2014.04.14 13:46:46.285,0.82665,0.82671,1.25,4.32
2014.04.14 13:46:48.632,0.82662,0.8267,1.19,4.09
2014.04.14 13:46:48.937,0.82661,0.82669,1.19,1.74
2014.04.14 13:46:49.749,0.8266,0.82667,1.77,1.32
2014.04.14 13:46:50.154,0.8266,0.82665,1.00,1.29
2014.04.14 13:46:50.256,0.82657,0.82664,1.25,1.02
2014.04.14 13:46:50.358,0.82657,0.82663,1.00,1.29
2014.04.14 13:46:50.864,0.82655,0.82663,2.52,2.14
2014.04.14 13:46:51.370,0.82655,0.82663,1.29,2.14
2014.04.14 13:46:51.877,0.82655,0.82663,1.29,3.64
2014.04.14 13:46:52.403,0.82654,0.82662,2.59,1.19
2014.04.14 13:46:53.304,0.82655,0.82663,1.29,2.14
2014.04.14 13:46:57.947,0.82655,0.82663,1.29,1.67
2014.04.14 13:46:59.947,0.82655,0.82663,1.29,1.67
2014.04.14 13:47:00.929,0.82655,0.82663,1.29,1.67
2014.04.14 13:47:01.976,0.82656,0.82663,1.25,1.67
2014.04.14 13:47:02.280,0.82659,0.82667,1.25,5.14
2014.04.14 13:47:02.785,0.82659,0.82667,1.25,1.72
2014.04.14 13:47:03.298,0.82659,0.82668,1.69,5.52
2014.04.14 13:47:04.429,0.82659,0.82667,1.69,1.74
2014.04.14 13:47:04.936,0.82659,0.82667,1.69,1.74
2014.04.14 13:47:06.199,0.8266,0.82668,1.19,5.89
2014.04.14 13:47:06.968,0.82661,0.82668,1.00,2.97
2014.04.14 13:47:09.190,0.82661,0.82668,1.19,2.22
2014.04.14 13:47:10.226,0.82662,0.82669,1.19,1.84
2014.04.14 13:47:15.248,0.82662,0.82669,1.00,1.09
2014.04.14 13:47:19.245,0.82662,0.8267,1.19,7.02
2014.04.14 13:47:19.791,0.82664,0.8267,1.00,1.57
2014.04.14 13:47:25.804,0.82664,0.82671,1.00,1.74
2014.04.14 13:47:25.956,0.82664,0.8267,1.00,1.39
2014.04.14 13:47:26.486,0.82662,0.82669,1.32,2.89
2014.04.14 13:47:27.257,0.82662,0.82669,1.00,1.64
2014.04.14 13:47:31.835,0.82663,0.82669,1.00,1.39
2014.04.14 13:47:32.404,0.82664,0.82669,1.00,1.10
2014.04.14 13:47:32.940,0.82663,0.82669,1.00,1.57
2014.04.14 13:47:33.144,0.82663,0.8267,1.69,1.67
2014.04.14 13:47:33.651,0.82661,0.82669,2.59,1.57
2014.04.14 13:47:34.198,0.82661,0.82669,2.59,1.57
2014.04.14 13:47:34.828,0.82662,0.82669,1.39,1.57
2014.04.14 13:47:35.689,0.82662,0.82669,1.77,1.57
2014.04.14 13:47:36.196,0.82662,0.82669,1.58,1.57
2014.04.14 13:47:36.735,0.82661,0.82669,2.59,2.82
2014.04.14 13:47:37.532,0.82661,0.82669,2.59,2.82
2014.04.14 13:47:44.579,0.82661,0.82669,2.59,1.57
2014.04.14 13:47:45.596,0.82661,0.82669,2.59,1.57
2014.04.14 13:47:47.995,0.82661,0.82669,2.59,1.57
2014.04.14 13:47:48.605,0.82662,0.82669,1.02,1.57
2014.04.14 13:47:50.595,0.82662,0.82669,1.29,1.57
2014.04.14 13:47:52.843,0.82662,0.82669,1.10,1.57
2014.04.14 13:47:53.350,0.8266,0.82666,1.19,1.39
2014.04.14 13:47:54.695,0.8266,0.82666,1.50,1.63
2014.04.14 13:47:58.077,0.8266,0.82666,1.69,1.63
2014.04.14 13:47:58.595,0.8266,0.82666,1.50,1.63
2014.04.14 13:47:59.584,0.82659,0.82666,1.58,1.57
2014.04.14 13:48:01.895,0.8266,0.82666,1.69,1.19
2014.04.14 13:48:02.099,0.82662,0.82666,1.00,1.00
2014.04.14 13:48:02.708,0.8266,0.82667,3.19,1.02
2014.04.14 13:48:03.218,0.8266,0.82667,2.25,1.39
2014.04.14 13:48:04.209,0.8266,0.82667,3.19,1.67
2014.04.14 13:48:04.740,0.8266,0.82667,3.19,1.67
2014.04.14 13:48:04.841,0.8266,0.82668,3.00,2.22
2014.04.14 13:48:05.347,0.82658,0.82666,1.37,1.57
2014.04.14 13:48:05.700,0.82657,0.82665,1.29,2.14
2014.04.14 13:48:06.238,0.82657,0.82665,1.19,2.97
2014.04.14 13:48:06.390,0.82656,0.82663,2.52,1.32
2014.04.14 13:48:06.901,0.82656,0.82663,2.44,1.74
2014.04.14 13:48:07.659,0.82656,0.82662,1.00,1.67
2014.04.14 13:48:08.165,0.82656,0.82662,1.00,1.67
2014.04.14 13:48:08.712,0.82656,0.82662,1.00,1.67
2014.04.14 13:48:09.220,0.82655,0.82662,1.25,1.67
2014.04.14 13:48:10.288,0.82655,0.82662,1.25,1.67
2014.04.14 13:48:11.046,0.82657,0.82662,1.00,1.29
2014.04.14 13:48:11.148,0.82657,0.82664,1.25,2.52
2014.04.14 13:48:11.656,0.82657,0.82663,1.25,1.39
2014.04.14 13:48:12.167,0.82655,0.82662,1.29,1.32
2014.04.14 13:48:13.611,0.82658,0.82662,1.00,1.00
2014.04.14 13:48:14.118,0.82658,0.82663,1.00,1.29
2014.04.14 13:48:17.708,0.82656,0.82663,1.69,1.29
2014.04.14 13:48:19.184,0.82656,0.82663,2.44,1.29
2014.04.14 13:48:20.720,0.82656,0.82663,1.25,1.29
2014.04.14 13:48:26.768,0.82656,0.82663,1.00,1.39
2014.04.14 13:48:28.342,0.82655,0.82663,1.02,1.77
2014.04.14 13:48:28.860,0.82655,0.82662,1.00,1.47
2014.04.14 13:48:29.715,0.82655,0.82662,1.25,1.47
2014.04.14 13:48:32.730,0.82655,0.82661,1.00,1.29
2014.04.14 13:48:40.084,0.82653,0.82662,4.84,1.29
2014.04.14 13:48:46.830,0.82654,0.82662,1.77,1.29
2014.04.14 13:48:47.204,0.82657,0.82662,1.00,1.29
2014.04.14 13:48:47.407,0.82657,0.82664,1.25,3.72
2014.04.14 13:48:47.509,0.82659,0.82664,1.00,1.77
2014.04.14 13:48:48.015,0.82658,0.82664,1.10,1.19
2014.04.14 13:48:49.385,0.82657,0.82666,2.22,2.89
2014.04.14 13:48:52.369,0.82657,0.82665,1.47,1.32
2014.04.14 13:48:54.466,0.82656,0.82664,1.47,1.32
2014.04.14 13:48:55.150,0.82656,0.82664,3.34,1.19
2014.04.14 13:48:55.410,0.82657,0.82665,1.39,1.39
2014.04.14 13:48:59.412,0.82656,0.82665,4.47,1.67
2014.04.14 13:49:00.232,0.82656,0.82662,2.82,1.50
2014.04.14 13:49:00.536,0.82654,0.82661,1.19,1.29
2014.04.14 13:49:01.556,0.82654,0.82661,1.25,1.29
2014.04.14 13:49:02.566,0.82653,0.82661,1.19,1.37
2014.04.14 13:49:06.480,0.82654,0.82662,1.39,1.39
2014.04.14 13:49:08.588,0.82655,0.82662,1.25,1.67
2014.04.14 13:49:08.690,0.82654,0.82661,1.19,2.52
2014.04.14 13:49:08.792,0.82652,0.82659,1.00,1.39
2014.04.14 13:49:09.298,0.8265,0.82658,1.29,2.14
2014.04.14 13:49:09.907,0.82649,0.82658,1.47,2.89
2014.04.14 13:49:14.655,0.8265,0.82658,1.29,1.67
2014.04.14 13:49:14.908,0.82649,0.82657,2.22,1.32
2014.04.14 13:49:15.914,0.82649,0.82657,1.25,1.47
2014.04.14 13:49:19.967,0.82649,0.82657,1.25,1.47
2014.04.14 13:49:20.952,0.82649,0.82657,1.25,1.37
2014.04.14 13:49:21.357,0.82648,0.82656,1.19,4.39
2014.04.14 13:49:21.865,0.82644,0.82652,7.09,1.32
2014.04.14 13:49:22.569,0.82644,0.82652,1.19,1.47
2014.04.14 13:49:23.075,0.82644,0.82651,1.25,1.34
2014.04.14 13:49:30.979,0.82642,0.82651,1.69,1.84
2014.04.14 13:49:34.132,0.82643,0.82651,1.25,4.02
2014.04.14 13:49:35.011,0.82643,0.82651,1.25,1.84
2014.04.14 13:49:35.419,0.82641,0.82649,3.42,1.72
2014.04.14 13:49:35.824,0.82639,0.82647,2.07,1.64
2014.04.14 13:49:36.355,0.82639,0.82647,2.07,1.74
2014.04.14 13:49:36.788,0.82639,0.82646,1.25,2.14
2014.04.14 13:49:41.784,0.82639,0.82647,1.25,1.84
2014.04.14 13:49:42.928,0.82638,0.82646,1.29,1.67
2014.04.14 13:49:43.549,0.82639,0.82647,1.69,2.97
2014.04.14 13:49:43.954,0.82642,0.82648,1.19,1.47
2014.04.14 13:49:45.985,0.82642,0.82651,1.19,1.84
2014.04.14 13:49:46.290,0.82644,0.82651,1.19,1.84
2014.04.14 13:49:51.389,0.82644,0.82652,1.19,3.64
2014.04.14 13:49:52.149,0.82644,0.82651,1.19,1.84
2014.04.14 13:49:52.656,0.82643,0.82651,1.32,1.72
2014.04.14 13:49:54.183,0.82643,0.82649,1.19,1.48
2014.04.14 13:49:54.336,0.82641,0.82649,1.69,2.22
2014.04.14 13:49:54.539,0.82641,0.82648,1.25,1.27
2014.04.14 13:49:55.153,0.82638,0.82646,1.29,1.39
2014.04.14 13:50:01.184,0.82637,0.82646,1.77,2.22
2014.04.14 13:50:01.951,0.82637,0.82645,1.29,1.02
2014.04.14 13:50:02.305,0.82635,0.82644,2.52,2.97
2014.04.14 13:50:02.673,0.82638,0.82644,1.00,1.47
2014.04.14 13:50:04.018,0.82638,0.82645,1.25,1.02
2014.04.14 13:50:04.988,0.82638,0.82646,1.19,2.22
2014.04.14 13:50:05.904,0.82638,0.82646,1.19,2.22
2014.04.14 13:50:08.603,0.82638,0.82646,1.19,1.47
2014.04.14 13:50:09.109,0.82638,0.82646,1.19,1.47
2014.04.14 13:50:09.618,0.82638,0.82646,1.19,1.47
2014.04.14 13:50:11.662,0.8264,0.82646,1.00,1.27
2014.04.14 13:50:12.168,0.82641,0.82647,1.25,1.37
2014.04.14 13:50:15.048,0.8264,0.82646,1.13,3.34
2014.04.14 13:50:15.352,0.82639,0.82644,1.50,1.20
2014.04.14 13:50:15.403,0.82637,0.82644,1.32,1.39
2014.04.14 13:50:16.266,0.82637,0.82643,1.13,1.39
2014.04.14 13:50:16.708,0.82638,0.82646,1.19,4.02
2014.04.14 13:50:16.860,0.8264,0.82646,1.00,1.84
2014.04.14 13:50:19.599,0.82637,0.82645,2.82,3.72
2014.04.14 13:50:19.903,0.82637,0.82643,1.88,1.29
2014.04.14 13:50:20.711,0.82636,0.82642,1.50,1.19
2014.04.14 13:50:21.720,0.82637,0.82642,1.00,1.37
2014.04.14 13:50:22.227,0.82635,0.82642,1.19,1.37
2014.04.14 13:50:22.733,0.82636,0.82645,2.07,3.64
2014.04.14 13:50:23.147,0.82638,0.82646,2.29,3.64
2014.04.14 13:50:23.400,0.82637,0.82646,1.77,1.74
2014.04.14 13:50:23.501,0.82637,0.82646,1.69,3.64
2014.04.14 13:50:23.653,0.82636,0.82643,3.19,1.29
2014.04.14 13:50:24.650,0.82636,0.82643,1.25,1.77
2014.04.14 13:50:25.642,0.82636,0.82643,1.19,1.39
2014.04.14 13:50:26.577,0.82634,0.82641,1.37,1.19
2014.04.14 13:50:27.093,0.82636,0.82641,1.00,1.19
2014.04.14 13:50:27.144,0.82636,0.82644,1.69,1.37
2014.04.14 13:50:28.160,0.82636,0.82644,3.94,1.37
2014.04.14 13:50:29.187,0.82636,0.82644,3.19,1.37
2014.04.14 13:50:30.798,0.82638,0.82644,1.00,1.29
2014.04.14 13:50:30.900,0.82638,0.82645,1.69,1.77
2014.04.14 13:50:31.405,0.82639,0.82646,2.22,1.19
2014.04.14 13:50:31.911,0.82639,0.82647,2.97,1.32
2014.04.14 13:50:32.696,0.82639,0.82647,4.39,2.14
2014.04.14 13:50:32.797,0.82639,0.82645,1.69,3.64
2014.04.14 13:50:32.899,0.82636,0.82644,3.34,1.32
2014.04.14 13:50:32.950,0.82636,0.82644,4.84,1.69
2014.04.14 13:50:33.507,0.82636,0.82642,2.59,1.19
2014.04.14 13:50:34.039,0.82636,0.82643,3.34,1.19
2014.04.14 13:50:35.020,0.82636,0.82643,1.84,2.07
2014.04.14 13:50:35.172,0.82639,0.82643,1.50,1.13
2014.04.14 13:50:35.224,0.82639,0.82645,1.50,2.14
2014.04.14 13:50:37.229,0.82639,0.82645,1.84,1.19
2014.04.14 13:50:38.630,0.82639,0.82645,1.84,1.19
2014.04.14 13:50:39.145,0.8264,0.82646,1.58,1.32
2014.04.14 13:50:39.449,0.8264,0.82649,2.59,2.52
2014.04.14 13:50:39.995,0.8264,0.82649,2.59,2.07
2014.04.14 13:50:41.259,0.82641,0.82646,2.59,1.13
2014.04.14 13:50:41.917,0.82641,0.82649,2.59,1.57
2014.04.14 13:50:44.588,0.82641,0.82649,4.02,1.57
2014.04.14 13:50:45.138,0.82641,0.82649,1.84,1.57
2014.04.14 13:50:45.239,0.82641,0.82649,1.84,1.57
2014.04.14 13:50:45.831,0.82641,0.82649,1.84,2.82
2014.04.14 13:50:45.983,0.8264,0.82648,3.87,1.57
2014.04.14 13:50:46.237,0.82639,0.82646,3.27,1.63
2014.04.14 13:50:46.782,0.82638,0.82645,3.34,1.57
2014.04.14 13:50:47.500,0.82638,0.82645,1.77,1.69
2014.04.14 13:50:47.755,0.82635,0.82643,3.90,1.57
2014.04.14 13:50:48.211,0.82634,0.8264,1.84,1.63
2014.04.14 13:50:49.573,0.82636,0.82641,3.23,1.19
2014.04.14 13:50:49.675,0.8264,0.82645,1.88,2.33
2014.04.14 13:50:49.727,0.8264,0.82648,2.07,2.97
2014.04.14 13:50:49.828,0.8264,0.82648,2.89,1.39
2014.04.14 13:50:50.338,0.8264,0.82647,2.97,1.00
2014.04.14 13:50:50.878,0.82641,0.82649,4.09,1.63
2014.04.14 13:50:51.081,0.82641,0.82648,1.37,1.38
2014.04.14 13:50:51.386,0.82639,0.82646,1.84,1.25
2014.04.14 13:50:51.437,0.82638,0.82646,2.59,1.63
2014.04.14 13:50:51.943,0.8264,0.82648,1.37,2.07
2014.04.14 13:50:52.399,0.8264,0.82647,1.27,1.69
2014.04.14 13:50:52.552,0.82639,0.82645,2.52,1.00
2014.04.14 13:50:53.058,0.82638,0.82644,1.29,1.13
2014.04.14 13:50:53.484,0.82637,0.82644,1.37,1.13
2014.04.14 13:50:54.044,0.82637,0.82644,1.34,1.13
2014.04.14 13:50:55.185,0.82636,0.82644,1.84,2.44
2014.04.14 13:50:55.489,0.82634,0.82642,2.59,1.32
2014.04.14 13:50:56.503,0.82633,0.82641,2.59,1.32
2014.04.14 13:50:57.504,0.82633,0.82641,2.59,1.32
2014.04.14 13:51:00.482,0.82633,0.82641,2.59,1.32
2014.04.14 13:51:01.038,0.82634,0.82641,1.02,1.19
2014.04.14 13:51:01.596,0.82634,0.82641,1.09,1.19
2014.04.14 13:51:02.115,0.82634,0.82641,1.37,1.19
2014.04.14 13:51:02.574,0.82633,0.8264,1.84,1.69
2014.04.14 13:51:06.608,0.82633,0.82641,2.59,1.32
2014.04.14 13:51:07.608,0.82632,0.8264,4.09,1.19
2014.04.14 13:51:08.495,0.82636,0.8264,1.00,1.00
2014.04.14 13:51:08.698,0.82637,0.82644,1.63,1.29
2014.04.14 13:51:08.750,0.8264,0.82644,1.00,1.10
2014.04.14 13:51:09.105,0.82637,0.82644,1.69,1.77
2014.04.14 13:51:09.630,0.82637,0.82645,1.29,5.89
2014.04.14 13:51:10.137,0.82637,0.82645,1.34,1.19
2014.04.14 13:51:10.341,0.82637,0.82646,2.59,1.69
2014.04.14 13:51:10.849,0.82639,0.82648,1.47,2.14
2014.04.14 13:51:11.583,0.82639,0.82647,1.84,1.32
2014.04.14 13:51:12.581,0.82639,0.82647,2.59,1.32
2014.04.14 13:51:13.552,0.82641,0.82647,1.00,1.19
2014.04.14 13:51:14.589,0.82641,0.82648,1.25,1.29
2014.04.14 13:51:16.511,0.82641,0.82649,1.84,1.29
2014.04.14 13:51:17.024,0.82641,0.8265,2.59,1.32
2014.04.14 13:51:17.615,0.82641,0.8265,2.59,1.32
2014.04.14 13:51:18.758,0.82642,0.82651,1.40,1.57
2014.04.14 13:51:19.641,0.82642,0.82651,1.34,1.57
2014.04.14 13:51:20.789,0.82644,0.8265,2.03,1.25
2014.04.14 13:51:21.145,0.82646,0.82655,1.19,4.47
2014.04.14 13:51:21.449,0.82646,0.82655,6.27,2.07
2014.04.14 13:51:24.978,0.82647,0.82656,1.84,2.07
2014.04.14 13:51:26.775,0.82648,0.82656,4.09,1.19
2014.04.14 13:51:27.483,0.8265,0.82658,4.02,1.39
2014.04.14 13:51:28.493,0.82651,0.82657,1.00,1.19
2014.04.14 13:51:29.433,0.82652,0.82659,1.25,1.55
2014.04.14 13:51:29.948,0.82652,0.82659,1.09,1.38
2014.04.14 13:51:30.150,0.82651,0.82659,2.52,1.38
2014.04.14 13:51:30.302,0.82651,0.82659,1.65,2.07
2014.04.14 13:51:30.606,0.82651,0.82659,1.58,2.14
2014.04.14 13:51:31.770,0.82651,0.82659,1.77,2.14
2014.04.14 13:51:32.288,0.82651,0.82658,1.77,1.57
2014.04.14 13:51:32.795,0.8265,0.82658,2.52,1.67
2014.04.14 13:51:33.301,0.82648,0.82657,3.34,1.67
2014.04.14 13:51:34.279,0.82648,0.82657,1.84,1.67
2014.04.14 13:51:36.292,0.82649,0.82657,1.29,1.67
2014.04.14 13:51:36.901,0.82649,0.82657,2.52,1.67
2014.04.14 13:51:37.640,0.8265,0.82658,1.29,1.67
2014.04.14 13:51:39.647,0.8265,0.82658,3.27,1.29
2014.04.14 13:51:39.951,0.82653,0.82659,1.02,1.25
2014.04.14 13:51:40.483,0.82653,0.82659,1.77,1.00
2014.04.14 13:51:41.142,0.82653,0.82662,2.89,1.74
2014.04.14 13:51:41.991,0.82654,0.82662,2.44,1.74
2014.04.14 13:51:42.497,0.82655,0.82663,2.52,1.67
2014.04.14 13:51:43.021,0.82655,0.82663,2.52,1.67
2014.04.14 13:51:43.223,0.82656,0.82664,2.44,1.65
2014.04.14 13:51:44.397,0.82656,0.82664,3.83,1.48
2014.04.14 13:51:45.216,0.82656,0.82664,1.19,1.37
2014.04.14 13:51:45.838,0.82656,0.82664,1.19,3.72
2014.04.14 13:51:46.344,0.82656,0.82663,1.69,1.29
2014.04.14 13:51:52.300,0.82656,0.82664,2.82,2.59
2014.04.14 13:51:54.308,0.82656,0.82664,2.82,2.97
2014.04.14 13:51:55.304,0.82657,0.82664,1.19,2.22
2014.04.14 13:51:56.546,0.82656,0.82663,2.07,1.29
2014.04.14 13:51:58.206,0.82656,0.82663,2.07,1.29
2014.04.14 13:51:58.725,0.82656,0.82663,2.07,1.29
2014.04.14 13:51:59.544,0.82656,0.82663,2.07,1.29
2014.04.14 13:52:00.403,0.82656,0.82663,2.07,1.29
2014.04.14 13:52:06.974,0.82653,0.82661,3.72,1.39
2014.04.14 13:52:08.976,0.82653,0.82661,4.39,1.39
2014.04.14 13:52:10.033,0.82653,0.82661,4.32,1.47
2014.04.14 13:52:12.034,0.82653,0.8266,1.69,1.29
2014.04.14 13:52:13.057,0.82653,0.82661,2.52,1.39
2014.04.14 13:52:15.048,0.82653,0.82661,4.32,2.22
2014.04.14 13:52:16.068,0.82653,0.8266,2.44,1.29
2014.04.14 13:52:19.069,0.82654,0.8266,1.88,1.69
2014.04.14 13:52:19.373,0.82654,0.82662,2.52,3.27
2014.04.14 13:52:19.475,0.82657,0.82663,2.07,1.69
2014.04.14 13:52:19.679,0.82658,0.82663,1.19,1.10
2014.04.14 13:52:20.187,0.82658,0.82664,1.19,1.58
2014.04.14 13:52:21.048,0.82658,0.82663,1.19,1.13
2014.04.14 13:52:21.554,0.82658,0.82664,1.19,1.20
2014.04.14 13:52:21.908,0.82658,0.82664,1.19,1.20
2014.04.14 13:52:22.060,0.82658,0.82664,1.19,2.33
2014.04.14 13:52:22.709,0.82657,0.82664,1.29,1.69
2014.04.14 13:52:23.165,0.82658,0.82665,2.14,1.19
2014.04.14 13:52:23.266,0.8266,0.82667,1.39,1.19
2014.04.14 13:52:26.556,0.82659,0.82668,2.22,1.39
2014.04.14 13:52:27.078,0.8266,0.82669,1.29,2.82
2014.04.14 13:52:30.738,0.8266,0.82668,1.29,1.67
2014.04.14 13:52:32.203,0.8266,0.82668,1.10,2.14
2014.04.14 13:52:33.231,0.8266,0.82668,1.29,2.14
2014.04.14 13:52:33.789,0.8266,0.82667,1.29,1.63
2014.04.14 13:52:34.338,0.82659,0.82667,1.84,1.57
2014.04.14 13:52:36.140,0.82659,0.82667,1.37,1.69
2014.04.14 13:52:37.648,0.82659,0.82668,1.37,2.14
2014.04.14 13:52:38.153,0.82661,0.82669,1.00,3.72
2014.04.14 13:52:38.701,0.82659,0.82668,1.65,3.64
2014.04.14 13:52:39.157,0.82657,0.82663,2.59,1.32
2014.04.14 13:52:39.663,0.82657,0.82663,1.29,1.63
2014.04.14 13:52:40.169,0.82657,0.82663,1.10,1.57
2014.04.14 13:52:41.348,0.82657,0.82663,1.08,1.25
2014.04.14 13:52:41.855,0.82658,0.82663,1.29,1.00
2014.04.14 13:52:42.394,0.82658,0.82662,1.10,1.00
2014.04.14 13:52:42.495,0.82656,0.82662,1.29,1.25
2014.04.14 13:52:42.546,0.82656,0.82662,1.37,1.25
2014.04.14 13:52:42.964,0.82656,0.82662,1.29,1.63
2014.04.14 13:52:43.267,0.82654,0.82662,1.37,2.07
2014.04.14 13:52:44.177,0.82654,0.82662,1.37,2.07
2014.04.14 13:52:45.372,0.82654,0.8266,1.37,1.00
2014.04.14 13:52:48.078,0.82654,0.82661,1.37,1.25
2014.04.14 13:52:48.129,0.82654,0.82662,1.37,2.07
2014.04.14 13:52:48.382,0.82654,0.82661,1.37,1.25
2014.04.14 13:52:54.228,0.82655,0.82661,1.10,1.63
2014.04.14 13:52:54.534,0.82653,0.82658,1.62,1.00
2014.04.14 13:52:55.055,0.82653,0.82658,1.19,1.00
2014.04.14 13:52:55.561,0.82652,0.82658,1.37,1.00
2014.04.14 13:52:57.317,0.82652,0.82658,1.19,1.13
2014.04.14 13:52:57.842,0.82652,0.82657,1.19,1.13
2014.04.14 13:52:58.364,0.82651,0.82657,1.77,1.13
2014.04.14 13:52:58.896,0.82651,0.82657,1.77,1.38
2014.04.14 13:53:02.203,0.82652,0.82657,1.00,1.13
2014.04.14 13:53:02.622,0.82653,0.82661,1.19,4.09
2014.04.14 13:53:03.128,0.82655,0.8266,1.00,1.13
2014.04.14 13:53:06.218,0.82654,0.82662,1.39,1.39
2014.04.14 13:53:06.724,0.82654,0.82662,1.29,2.14
2014.04.14 13:53:07.230,0.82654,0.82661,1.29,1.38
2014.04.14 13:53:10.712,0.82655,0.82662,1.77,1.57
2014.04.14 13:53:12.081,0.82656,0.82662,2.52,1.00
2014.04.14 13:53:21.101,0.82656,0.82662,2.33,1.57
2014.04.14 13:53:22.610,0.82656,0.82662,2.33,1.57
2014.04.14 13:53:24.116,0.82656,0.82662,2.52,1.63
2014.04.14 13:53:28.241,0.82657,0.82663,1.00,1.57
2014.04.14 13:53:35.961,0.82657,0.82664,1.00,1.77
2014.04.14 13:53:36.517,0.82656,0.82664,1.77,2.52
2014.04.14 13:53:37.023,0.82658,0.82663,1.19,1.50
2014.04.14 13:53:37.529,0.82659,0.82667,1.69,4.47
2014.04.14 13:53:38.289,0.82659,0.82666,1.69,1.39
2014.04.14 13:53:39.879,0.8266,0.82666,1.00,1.39
2014.04.14 13:53:40.544,0.8266,0.82666,1.19,1.20
2014.04.14 13:53:42.596,0.8266,0.82666,1.69,1.63
2014.04.14 13:53:48.170,0.8266,0.82666,1.19,1.32
2014.04.14 13:53:58.871,0.8266,0.82666,1.19,1.63
2014.04.14 13:54:01.184,0.8266,0.82666,1.69,1.25
2014.04.14 13:54:01.286,0.82659,0.82666,1.00,1.67
2014.04.14 13:54:01.793,0.82657,0.82663,1.37,1.25
2014.04.14 13:54:02.305,0.82656,0.82663,1.37,1.19
2014.04.14 13:54:03.725,0.82656,0.82664,1.37,3.57
2014.04.14 13:54:04.720,0.82656,0.82664,1.29,2.14
2014.04.14 13:54:05.757,0.82656,0.82664,1.29,2.14
2014.04.14 13:54:10.484,0.82656,0.82664,1.19,2.22
2014.04.14 13:54:10.990,0.82658,0.82666,1.32,2.52
2014.04.14 13:54:11.997,0.82658,0.82666,1.77,1.77
2014.04.14 13:54:17.560,0.82659,0.82667,1.29,3.64
2014.04.14 13:54:18.092,0.82659,0.82667,1.29,1.67
2014.04.14 13:54:19.018,0.82658,0.82666,1.84,1.32
2014.04.14 13:54:19.944,0.82658,0.82666,1.74,1.19
2014.04.14 13:54:20.468,0.82658,0.82666,1.74,1.19
2014.04.14 13:54:25.092,0.8266,0.82667,1.32,1.29
2014.04.14 13:54:25.616,0.8266,0.82667,1.19,1.02
2014.04.14 13:54:25.767,0.82658,0.82666,1.37,1.57
2014.04.14 13:54:27.771,0.82658,0.82666,1.27,1.19
2014.04.14 13:54:30.941,0.82658,0.82666,1.19,2.22
2014.04.14 13:54:31.397,0.82658,0.82664,1.00,1.48
2014.04.14 13:54:31.903,0.82657,0.82664,1.19,1.02
2014.04.14 13:54:32.408,0.82657,0.82661,1.00,1.00
2014.04.14 13:54:32.940,0.82656,0.82664,1.29,2.89
2014.04.14 13:54:33.701,0.82656,0.82662,1.29,1.13
2014.04.14 13:54:34.675,0.82656,0.82661,1.10,1.00
2014.04.14 13:54:36.770,0.82656,0.82661,1.77,1.00
2014.04.14 13:54:39.744,0.82655,0.82661,1.47,1.00
2014.04.14 13:54:40.603,0.82655,0.82659,1.28,1.00
2014.04.14 13:54:41.109,0.82654,0.8266,1.00,1.38
2014.04.14 13:54:41.794,0.82653,0.8266,1.77,1.57
2014.04.14 13:54:42.304,0.82653,0.8266,1.84,1.57
2014.04.14 13:54:43.314,0.82653,0.82659,1.77,1.63
2014.04.14 13:54:43.821,0.82653,0.8266,1.77,1.32
2014.04.14 13:54:49.293,0.82653,0.82659,1.77,1.63
2014.04.14 13:54:49.850,0.82654,0.82659,1.19,1.00
2014.04.14 13:54:51.017,0.82654,0.82659,1.19,1.13
2014.04.14 13:54:53.092,0.82653,0.82661,2.63,2.22
2014.04.14 13:54:53.846,0.82653,0.82661,1.32,2.22
2014.04.14 13:54:54.626,0.82653,0.8266,2.82,1.67
2014.04.14 13:54:55.167,0.82653,0.8266,2.89,1.63
2014.04.14 13:54:55.673,0.82653,0.8266,2.89,1.32
2014.04.14 13:54:56.178,0.82654,0.8266,1.19,1.13
2014.04.14 13:54:57.897,0.82654,0.8266,1.19,1.32
2014.04.14 13:55:00.510,0.82654,0.82661,1.00,1.67
2014.04.14 13:55:01.019,0.82654,0.82661,1.19,2.14
2014.04.14 13:55:02.782,0.82654,0.82661,1.19,2.14
2014.04.14 13:55:03.294,0.82654,0.82661,1.25,2.14
2014.04.14 13:55:03.864,0.82654,0.8266,1.19,1.63
2014.04.14 13:55:04.831,0.82654,0.8266,1.25,2.07
2014.04.14 13:55:06.453,0.82654,0.82661,1.69,1.39
2014.04.14 13:55:06.959,0.82654,0.82659,1.00,1.38
2014.04.14 13:55:07.465,0.82654,0.82659,1.00,1.00
2014.04.14 13:55:07.979,0.82653,0.82661,1.29,1.67
2014.04.14 13:55:08.283,0.82651,0.82659,3.64,1.39
2014.04.14 13:55:10.639,0.82653,0.82659,1.00,1.19
2014.04.14 13:55:11.144,0.82653,0.82659,1.00,1.32
2014.04.14 13:55:11.195,0.82653,0.82661,1.69,2.22
2014.04.14 13:55:13.394,0.82652,0.82657,1.58,1.00
2014.04.14 13:55:14.213,0.82652,0.82657,1.69,1.00
2014.04.14 13:55:15.021,0.82652,0.8266,1.19,2.22
2014.04.14 13:55:15.538,0.82652,0.8266,1.32,3.72
2014.04.14 13:55:16.251,0.82652,0.8266,1.29,3.64
2014.04.14 13:55:22.257,0.82652,0.8266,1.37,2.07
2014.04.14 13:55:23.894,0.82652,0.8266,1.29,2.14
2014.04.14 13:55:24.430,0.82653,0.8266,1.19,1.39
2014.04.14 13:55:25.274,0.82652,0.8266,1.37,2.07
2014.04.14 13:55:26.365,0.82652,0.8266,1.37,2.07
2014.04.14 13:55:28.263,0.82652,0.8266,1.47,2.07
2014.04.14 13:55:28.568,0.82654,0.82661,2.14,1.19
2014.04.14 13:55:28.873,0.82656,0.82663,1.29,1.63
2014.04.14 13:55:29.636,0.82656,0.82663,1.29,1.32
2014.04.14 13:55:31.353,0.82657,0.82663,1.29,1.13
2014.04.14 13:55:34.018,0.82657,0.82663,1.19,1.63
2014.04.14 13:55:34.323,0.82655,0.82659,1.58,1.00
2014.04.14 13:55:34.375,0.82655,0.82662,1.29,2.07
2014.04.14 13:55:34.629,0.82655,0.8266,1.19,1.58
2014.04.14 13:55:34.682,0.82653,0.82658,1.19,1.50
2014.04.14 13:55:34.834,0.82653,0.82658,1.00,1.88
2014.04.14 13:55:34.987,0.82651,0.82658,1.19,3.64
2014.04.14 13:55:35.089,0.82651,0.82657,1.00,1.63
2014.04.14 13:55:35.292,0.82651,0.82657,1.29,1.32
2014.04.14 13:55:35.494,0.82653,0.82659,1.39,1.69
2014.04.14 13:55:36.001,0.82653,0.82658,1.29,1.00
2014.04.14 13:55:36.305,0.82651,0.82655,1.10,1.00
2014.04.14 13:55:36.611,0.82651,0.82657,1.19,3.19
2014.04.14 13:55:36.712,0.82649,0.82654,1.39,1.00
2014.04.14 13:55:37.689,0.82648,0.82654,1.37,1.63
2014.04.14 13:55:39.795,0.82648,0.82655,1.47,1.25
2014.04.14 13:55:39.997,0.82649,0.82656,1.70,1.50
2014.04.14 13:55:40.504,0.8265,0.82658,1.84,1.19
2014.04.14 13:55:41.024,0.8265,0.82658,1.84,1.19
2014.04.14 13:55:42.085,0.8265,0.82658,1.84,1.39
2014.04.14 13:55:44.703,0.8265,0.82658,3.72,1.29
2014.04.14 13:55:44.906,0.82652,0.82661,1.69,3.72
2014.04.14 13:55:45.412,0.82654,0.82662,1.39,1.39
2014.04.14 13:55:45.921,0.82655,0.82663,1.19,2.59
2014.04.14 13:55:47.734,0.82656,0.82663,1.19,1.39
2014.04.14 13:55:54.755,0.82655,0.82663,1.32,3.72
2014.04.14 13:55:56.568,0.82655,0.82663,1.32,3.72
2014.04.14 13:56:03.447,0.82654,0.82662,1.00,1.74
2014.04.14 13:56:03.649,0.82653,0.8266,2.14,1.57
2014.04.14 13:56:04.180,0.82652,0.8266,1.19,3.72
2014.04.14 13:56:04.695,0.82651,0.82659,1.29,2.14
2014.04.14 13:56:05.252,0.82649,0.82658,1.39,2.97
2014.04.14 13:56:06.272,0.82649,0.82658,1.39,2.97
2014.04.14 13:56:07.374,0.82649,0.82657,1.29,1.02
2014.04.14 13:56:07.628,0.82647,0.82656,3.19,2.22
2014.04.14 13:56:08.134,0.82647,0.82655,1.39,1.39
2014.04.14 13:56:08.641,0.82647,0.82655,1.29,1.67
2014.04.14 13:56:09.487,0.82647,0.82655,1.29,1.77
2014.04.14 13:56:10.459,0.82647,0.82654,1.29,1.38
2014.04.14 13:56:12.294,0.82647,0.82654,1.29,1.63
2014.04.14 13:56:12.801,0.82648,0.82654,1.19,1.38
2014.04.14 13:56:13.307,0.82648,0.82654,1.00,1.48
2014.04.14 13:56:13.814,0.82646,0.82653,1.29,1.38
2014.04.14 13:56:14.379,0.82646,0.82653,1.00,1.48
2014.04.14 13:56:14.885,0.82646,0.82653,1.19,1.39
2014.04.14 13:56:18.567,0.82645,0.82653,1.29,4.39
2014.04.14 13:56:20.466,0.82645,0.82653,1.29,4.39
2014.04.14 13:56:20.771,0.82642,0.82649,1.37,2.07
2014.04.14 13:56:20.923,0.8264,0.82648,2.52,2.14
2014.04.14 13:56:21.227,0.8264,0.82646,1.00,1.95
2014.04.14 13:56:21.328,0.82638,0.82646,1.77,2.14
2014.04.14 13:56:21.682,0.82638,0.82645,1.19,1.78
2014.04.14 13:56:22.036,0.82636,0.82644,1.19,3.72
2014.04.14 13:56:22.552,0.82636,0.82644,1.69,4.09
2014.04.14 13:56:24.728,0.82638,0.82644,1.00,1.77
2014.04.14 13:56:24.981,0.82639,0.82645,1.25,3.72
2014.04.14 13:56:26.996,0.82637,0.82645,1.32,5.59
2014.04.14 13:56:27.980,0.82637,0.82645,1.57,4.47
2014.04.14 13:56:29.012,0.82637,0.82645,1.57,4.47
2014.04.14 13:56:30.028,0.82637,0.82645,1.32,4.84
2014.04.14 13:56:32.026,0.82637,0.82645,1.32,2.59
2014.04.14 13:56:34.902,0.82638,0.82645,1.19,3.72
2014.04.14 13:56:35.246,0.82637,0.82645,1.32,5.22
2014.04.14 13:56:35.369,0.82637,0.82645,1.32,5.22
2014.04.14 13:56:40.107,0.82637,0.82644,1.19,1.39
2014.04.14 13:56:40.637,0.82637,0.82644,1.19,2.89
2014.04.14 13:56:40.890,0.82635,0.82642,1.47,1.25
2014.04.14 13:56:40.941,0.82635,0.82643,1.28,3.57
2014.04.14 13:56:41.296,0.82634,0.8264,1.19,1.09
2014.04.14 13:56:42.155,0.82634,0.8264,1.00,1.09
2014.04.14 13:56:42.206,0.82632,0.8264,1.19,3.34
2014.04.14 13:56:44.208,0.82632,0.82639,1.32,1.77
2014.04.14 13:56:46.136,0.82633,0.82637,1.00,1.00
2014.04.14 13:56:46.901,0.82633,0.82639,1.19,1.47
2014.04.14 13:56:47.407,0.82633,0.82637,1.00,1.00
2014.04.14 13:56:47.918,0.82633,0.8264,1.19,4.84
2014.04.14 13:56:48.441,0.82633,0.82637,1.13,1.00
2014.04.14 13:56:48.795,0.82633,0.8264,1.32,2.59
2014.04.14 13:56:49.347,0.82633,0.8264,1.32,1.84
2014.04.14 13:56:49.853,0.82633,0.82641,1.67,4.02
2014.04.14 13:56:49.955,0.82635,0.82641,1.19,3.08
2014.04.14 13:56:50.157,0.82633,0.8264,1.29,2.44
2014.04.14 13:56:50.583,0.82632,0.82637,1.19,1.00
2014.04.14 13:56:51.293,0.82631,0.82637,1.32,1.02
2014.04.14 13:56:53.313,0.82631,0.82638,1.19,1.39
2014.04.14 13:56:55.286,0.82631,0.82638,1.19,1.39
2014.04.14 13:56:55.590,0.82631,0.82637,1.00,1.48
2014.04.14 13:56:56.305,0.8263,0.82637,1.19,1.67
2014.04.14 13:56:59.152,0.8263,0.82637,1.19,1.67
2014.04.14 13:57:01.384,0.8263,0.82638,1.29,1.67
2014.04.14 13:57:01.688,0.8263,0.82638,1.00,2.89
2014.04.14 13:57:02.200,0.8263,0.82638,1.19,3.72
2014.04.14 13:57:02.705,0.8263,0.82638,1.19,3.72
2014.04.14 13:57:03.418,0.8263,0.82635,1.19,1.00
2014.04.14 13:57:04.038,0.82632,0.82638,1.00,3.72
2014.04.14 13:57:04.646,0.82631,0.82635,1.69,1.00
2014.04.14 13:57:05.171,0.82631,0.82637,1.25,1.67
2014.04.14 13:57:05.677,0.82632,0.82637,1.19,1.00
2014.04.14 13:57:08.699,0.82631,0.82637,1.69,1.32
2014.04.14 13:57:09.232,0.82631,0.82637,1.69,1.63
2014.04.14 13:57:09.758,0.82631,0.82637,1.69,1.32
2014.04.14 13:57:15.678,0.82631,0.82637,1.69,1.63
2014.04.14 13:57:16.690,0.82631,0.82637,1.50,1.69
2014.04.14 13:57:17.450,0.82631,0.82637,1.19,1.63
2014.04.14 13:57:19.270,0.82631,0.82637,1.19,1.32
2014.04.14 13:57:24.202,0.82631,0.82637,1.19,1.39
2014.04.14 13:57:24.871,0.82631,0.82637,1.00,1.39
2014.04.14 13:57:25.479,0.82631,0.82637,1.69,1.39
2014.04.14 13:57:30.847,0.82631,0.82635,1.50,1.00
2014.04.14 13:57:33.945,0.8263,0.82635,1.10,1.38
2014.04.14 13:57:34.511,0.8263,0.82635,1.00,1.13
2014.04.14 13:57:35.118,0.8263,0.82635,1.00,1.00
2014.04.14 13:57:35.271,0.8263,0.82634,1.00,1.95
2014.04.14 13:57:35.322,0.82626,0.82633,1.88,3.83
2014.04.14 13:57:35.524,0.82619,0.82627,2.18,4.19
2014.04.14 13:57:35.678,0.82619,0.82623,3.68,1.00
2014.04.14 13:57:35.779,0.82619,0.82625,2.18,1.19
2014.04.14 13:57:35.830,0.82616,0.82623,2.93,1.38
2014.04.14 13:57:36.084,0.82614,0.8262,1.69,1.39
2014.04.14 13:57:36.337,0.82611,0.82617,1.84,1.25
2014.04.14 13:57:37.247,0.82612,0.82619,1.19,1.84
2014.04.14 13:57:37.450,0.8261,0.82616,1.29,1.25
2014.04.14 13:57:38.067,0.82612,0.82618,1.19,1.02
2014.04.14 13:57:38.625,0.82612,0.82617,1.19,1.00
2014.04.14 13:57:39.145,0.82611,0.82617,1.19,1.77
2014.04.14 13:57:39.449,0.82611,0.82615,1.00,1.00
2014.04.14 13:57:39.500,0.82611,0.82617,1.19,1.77
2014.04.14 13:57:40.007,0.82612,0.82617,1.19,1.10
2014.04.14 13:57:40.512,0.82612,0.82619,1.19,2.22
2014.04.14 13:57:40.564,0.82612,0.82619,1.00,1.74
2014.04.14 13:57:40.918,0.82612,0.8262,1.19,2.97
2014.04.14 13:57:41.375,0.82612,0.82616,1.00,1.00
2014.04.14 13:57:41.983,0.82612,0.8262,1.29,2.52
2014.04.14 13:57:42.584,0.82612,0.82617,1.19,1.00
2014.04.14 13:57:43.091,0.82612,0.82619,1.39,1.32
2014.04.14 13:57:43.445,0.82613,0.8262,1.39,1.88
2014.04.14 13:57:44.002,0.82615,0.82621,1.39,1.32
2014.04.14 13:57:45.048,0.82615,0.82623,2.89,1.67
2014.04.14 13:57:46.061,0.82615,0.82622,2.14,1.32
2014.04.14 13:57:46.920,0.82615,0.82623,2.89,2.52
2014.04.14 13:57:47.426,0.82616,0.82623,1.29,1.19
2014.04.14 13:57:48.056,0.82616,0.82623,1.29,1.25
2014.04.14 13:57:49.004,0.82616,0.82624,1.29,1.29
2014.04.14 13:57:50.207,0.82615,0.82625,2.22,2.97
2014.04.14 13:57:50.742,0.82615,0.82623,2.22,1.00
2014.04.14 13:57:51.045,0.82615,0.82621,1.69,1.58
2014.04.14 13:57:51.096,0.82615,0.82621,1.69,1.58
2014.04.14 13:57:51.605,0.82615,0.82623,1.77,1.77
2014.04.14 13:57:52.117,0.82616,0.82623,1.19,1.10
2014.04.14 13:57:52.421,0.82616,0.82621,1.19,1.00
2014.04.14 13:57:53.028,0.82614,0.82621,1.29,1.00
2014.04.14 13:57:53.635,0.82613,0.82621,1.27,1.32
2014.04.14 13:57:53.889,0.82612,0.82621,1.19,3.72
2014.04.14 13:57:54.142,0.82611,0.82619,1.19,2.22
2014.04.14 13:57:54.689,0.82611,0.82618,1.19,1.28
2014.04.14 13:57:55.196,0.8261,0.82618,1.19,1.47
2014.04.14 13:58:00.192,0.82609,0.82617,2.44,1.32
2014.04.14 13:58:00.714,0.82611,0.82617,1.00,1.25
2014.04.14 13:58:03.081,0.82611,0.82616,1.25,1.00
2014.04.14 13:58:03.608,0.82611,0.82616,1.19,1.00
2014.04.14 13:58:04.394,0.82611,0.82619,1.69,2.59
2014.04.14 13:58:05.183,0.82612,0.82619,1.69,2.40
2014.04.14 13:58:05.703,0.82612,0.82617,1.69,1.00
2014.04.14 13:58:08.368,0.82611,0.82619,2.44,2.59
2014.04.14 13:58:08.875,0.82612,0.82619,1.29,2.44
2014.04.14 13:58:09.382,0.82612,0.82618,1.19,1.00
2014.04.14 13:58:09.585,0.82612,0.82616,1.00,1.00
2014.04.14 13:58:10.091,0.82613,0.82619,1.19,1.10
2014.04.14 13:58:10.597,0.82613,0.82617,1.00,1.00
2014.04.14 13:58:11.127,0.82614,0.82619,1.05,1.10
2014.04.14 13:58:11.635,0.82615,0.82622,1.19,1.37
2014.04.14 13:58:12.090,0.82615,0.82622,1.19,1.47
2014.04.14 13:58:12.596,0.82615,0.82622,1.69,1.67
2014.04.14 13:58:12.951,0.82618,0.82623,1.19,1.00
2014.04.14 13:58:13.053,0.82618,0.82622,1.00,1.13
2014.04.14 13:58:13.559,0.82618,0.82625,1.19,1.72
2014.04.14 13:58:14.090,0.82619,0.82625,1.19,1.70
2014.04.14 13:58:17.579,0.82618,0.82625,1.50,1.09
2014.04.14 13:58:17.680,0.82617,0.82623,1.69,1.02
2014.04.14 13:58:18.714,0.82616,0.82621,1.69,1.50
2014.04.14 13:58:19.500,0.82616,0.82621,1.00,1.88
2014.04.14 13:58:20.007,0.82615,0.82621,1.19,2.07
2014.04.14 13:58:20.802,0.82615,0.82621,1.19,1.69
2014.04.14 13:58:28.521,0.82615,0.82621,2.14,1.69
2014.04.14 13:58:29.027,0.82616,0.82622,1.57,1.69
2014.04.14 13:58:29.824,0.82616,0.82622,1.57,1.69
2014.04.14 13:58:30.344,0.82616,0.82622,1.57,1.69
2014.04.14 13:58:32.585,0.82616,0.82624,1.57,3.72
2014.04.14 13:58:33.097,0.82615,0.82622,2.14,1.19
2014.04.14 13:58:35.610,0.82616,0.82622,1.13,1.19
2014.04.14 13:58:36.180,0.82616,0.82622,1.38,1.19
2014.04.14 13:58:36.746,0.82617,0.82624,1.13,2.97
2014.04.14 13:58:43.172,0.82617,0.82624,1.63,1.37
2014.04.14 13:58:43.707,0.82617,0.82624,1.32,1.37
2014.04.14 13:58:44.213,0.82618,0.82625,1.00,1.43
2014.04.14 13:58:44.773,0.82618,0.82625,1.19,1.43
2014.04.14 13:58:48.834,0.82617,0.82625,2.89,2.18
2014.04.14 13:58:49.807,0.82618,0.82624,1.77,1.25
2014.04.14 13:58:51.331,0.82618,0.82623,1.77,1.00
2014.04.14 13:58:53.878,0.82619,0.82626,1.19,1.67
2014.04.14 13:58:54.660,0.82619,0.82624,1.19,1.00
2014.04.14 13:58:55.418,0.82619,0.82625,1.19,1.25
2014.04.14 13:58:57.092,0.82619,0.82626,2.07,1.29
2014.04.14 13:58:57.598,0.82619,0.82626,2.14,1.19
2014.04.14 13:59:00.512,0.82621,0.82626,1.00,1.19
2014.04.14 13:59:01.018,0.82621,0.82627,1.50,1.19
2014.04.14 13:59:01.931,0.82621,0.82627,2.82,1.25
2014.04.14 13:59:03.348,0.82621,0.82626,2.44,1.00
2014.04.14 13:59:05.291,0.82622,0.82627,1.00,1.25
2014.04.14 13:59:09.706,0.82624,0.82629,1.00,1.58
2014.04.14 13:59:09.757,0.82624,0.82629,1.00,1.10
2014.04.14 13:59:12.691,0.82624,0.82629,1.19,1.10
2014.04.14 13:59:15.317,0.82624,0.82628,1.00,1.00
2014.04.14 13:59:15.842,0.82624,0.82628,1.00,1.00
2014.04.14 13:59:16.840,0.82624,0.82631,1.13,1.34
2014.04.14 13:59:17.464,0.82625,0.82632,1.19,2.07
2014.04.14 13:59:18.432,0.82624,0.82631,1.32,1.09
2014.04.14 13:59:20.459,0.82625,0.82631,1.32,1.65
2014.04.14 13:59:20.975,0.82625,0.82632,1.13,1.84
2014.04.14 13:59:21.279,0.82625,0.82632,1.32,1.77
2014.04.14 13:59:24.697,0.82625,0.82633,2.07,2.59
2014.04.14 13:59:25.285,0.82625,0.82633,2.07,2.59
2014.04.14 13:59:28.127,0.82625,0.82633,1.69,2.59
2014.04.14 13:59:30.207,0.82625,0.82632,1.19,1.37
2014.04.14 13:59:30.757,0.82625,0.82632,1.00,3.27
2014.04.14 13:59:31.374,0.82625,0.82632,1.50,2.52
2014.04.14 13:59:32.139,0.82624,0.82632,2.07,3.94
2014.04.14 13:59:32.681,0.82624,0.82631,1.88,2.52
2014.04.14 13:59:33.216,0.82624,0.82631,2.07,2.52
2014.04.14 13:59:34.196,0.82625,0.82631,1.19,2.25
2014.04.14 13:59:37.784,0.82625,0.82632,1.00,3.27
2014.04.14 13:59:38.335,0.82625,0.82633,1.69,3.32
2014.04.14 13:59:39.560,0.82625,0.82632,1.00,2.52
2014.04.14 13:59:40.406,0.82627,0.82633,1.95,3.17
2014.04.14 13:59:40.507,0.82627,0.82633,2.03,1.19
2014.04.14 13:59:40.558,0.8263,0.82636,1.69,1.77
2014.04.14 13:59:41.520,0.82629,0.82637,1.19,2.59
2014.04.14 13:59:43.557,0.82629,0.82637,1.29,2.52
2014.04.14 13:59:45.549,0.8263,0.82637,2.59,1.69
2014.04.14 13:59:51.502,0.8263,0.82637,2.59,1.19
2014.04.14 13:59:51.755,0.82631,0.82638,1.65,1.00
2014.04.14 13:59:51.856,0.82631,0.82638,3.83,1.00
2014.04.14 13:59:52.619,0.82632,0.82638,1.00,1.08
2014.04.14 13:59:52.837,0.82632,0.82638,1.00,1.00
2014.04.14 13:59:52.989,0.82632,0.8264,1.00,1.10
2014.04.14 13:59:53.495,0.82633,0.82641,1.58,1.50
2014.04.14 13:59:54.008,0.82633,0.8264,1.58,1.00
2014.04.14 13:59:55.114,0.82633,0.82639,1.58,1.00
2014.04.14 13:59:55.673,0.82632,0.82639,1.50,1.00
2014.04.14 13:59:57.419,0.82633,0.82639,1.50,1.00
2014.04.14 13:59:57.673,0.82632,0.82642,2.25,1.50
2014.04.14 13:59:57.825,0.82634,0.82642,1.00,1.50
2014.04.14 13:59:59.432,0.82633,0.82642,1.00,1.50
