2015.02.12 09:00:00.123,0.74308,0.74318,1.62,1.77
2015.02.12 09:00:00.224,0.74308,0.74318,1.62,1.77
2015.02.12 09:00:00.733,0.74309,0.74319,1.27,1.56
2015.02.12 09:00:00.784,0.74309,0.74316,1.27,1.00
2015.02.12 09:00:00.936,0.74308,0.74318,1.39,2.14
2015.02.12 09:00:01.445,0.74307,0.74317,2.21,1.00
2015.02.12 09:00:01.954,0.74307,0.74318,1.84,1.76
2015.02.12 09:00:02.005,0.74307,0.74318,1.65,2.14
2015.02.12 09:00:02.209,0.74305,0.74315,1.40,1.25
2015.02.12 09:00:02.717,0.74302,0.74314,1.84,1.20
2015.02.12 09:00:03.225,0.74303,0.74315,2.21,1.84
2015.02.12 09:00:03.531,0.74305,0.74314,1.32,1.00
2015.02.12 09:00:03.734,0.74303,0.74313,2.59,1.00
2015.02.12 09:00:04.257,0.74305,0.74316,1.87,3.26
2015.02.12 09:00:04.359,0.74306,0.74315,1.56,1.01
2015.02.12 09:00:04.866,0.74307,0.74316,1.46,1.19
2015.02.12 09:00:05.361,0.74307,0.74318,1.46,1.29
2015.02.12 09:00:07.712,0.74308,0.74319,1.17,1.26
2015.02.12 09:00:09.061,0.74307,0.74317,1.36,1.25
2015.02.12 09:00:09.467,0.74308,0.74319,2.32,2.89
2015.02.12 09:00:10.329,0.74308,0.74319,3.26,1.29
2015.02.12 09:00:11.180,0.74307,0.74319,1.84,6.19
2015.02.12 09:00:12.574,0.74306,0.74317,1.34,1.42
2015.02.12 09:00:12.727,0.74303,0.74315,1.84,1.66
2015.02.12 09:00:13.133,0.74309,0.74315,1.00,1.39
2015.02.12 09:00:13.943,0.74304,0.74316,1.34,1.29
2015.02.12 09:00:17.760,0.74304,0.74316,3.26,2.06
2015.02.12 09:00:18.270,0.74304,0.74316,3.26,2.06
2015.02.12 09:00:19.166,0.74303,0.74315,1.34,1.76
2015.02.12 09:00:19.675,0.74303,0.74315,1.46,1.76
2015.02.12 09:00:20.289,0.74302,0.74313,3.26,1.00
2015.02.12 09:00:20.796,0.74302,0.74313,2.89,1.29
2015.02.12 09:00:21.304,0.74302,0.74311,2.51,1.00
2015.02.12 09:00:21.507,0.74301,0.74311,1.34,1.00
2015.02.12 09:00:21.862,0.743,0.74307,2.51,1.00
2015.02.12 09:00:21.913,0.74298,0.74307,4.01,1.00
2015.02.12 09:00:22.423,0.74297,0.74309,4.01,4.31
2015.02.12 09:00:23.083,0.74297,0.74308,4.39,1.31
2015.02.12 09:00:23.337,0.74296,0.74306,4.09,3.04
2015.02.12 09:00:23.694,0.74294,0.74304,2.25,1.76
2015.02.12 09:00:23.745,0.74292,0.74304,1.36,2.44
2015.02.12 09:00:23.883,0.74293,0.74302,2.51,1.00
2015.02.12 09:00:24.187,0.74295,0.74305,3.00,1.19
2015.02.12 09:00:24.391,0.74295,0.74306,1.84,3.26
2015.02.12 09:00:24.494,0.74295,0.74306,4.01,1.69
2015.02.12 09:00:24.900,0.74297,0.74308,3.26,3.86
2015.02.12 09:00:25.408,0.74299,0.74309,1.40,1.69
2015.02.12 09:00:25.918,0.74299,0.74311,5.81,2.44
2015.02.12 09:00:26.836,0.74299,0.7431,1.84,1.25
2015.02.12 09:00:26.989,0.74302,0.74311,1.07,1.25
2015.02.12 09:00:27.244,0.74304,0.74314,1.17,1.69
2015.02.12 09:00:27.751,0.74306,0.74315,1.10,1.69
2015.02.12 09:00:28.259,0.74306,0.74315,1.17,1.19
2015.02.12 09:00:28.791,0.74307,0.74315,1.10,1.00
2015.02.12 09:00:28.892,0.74307,0.74317,1.32,1.69
2015.02.12 09:00:29.197,0.74308,0.74318,3.07,1.19
2015.02.12 09:00:29.401,0.74308,0.74318,1.17,1.29
2015.02.12 09:00:29.916,0.74305,0.74317,4.01,1.76
2015.02.12 09:00:29.968,0.74305,0.74316,1.84,1.01
2015.02.12 09:00:30.475,0.74306,0.74318,1.46,2.59
2015.02.12 09:00:30.931,0.74308,0.74318,1.07,1.39
2015.02.12 09:00:31.640,0.74307,0.74318,3.26,1.29
2015.02.12 09:00:31.843,0.74306,0.74317,1.84,1.76
2015.02.12 09:00:32.630,0.74306,0.74317,1.84,1.76
2015.02.12 09:00:33.642,0.74306,0.74317,1.36,1.76
2015.02.12 09:00:34.149,0.74305,0.74316,1.46,1.10
2015.02.12 09:00:34.658,0.74306,0.74316,1.01,1.01
2015.02.12 09:00:35.173,0.74304,0.74315,1.34,1.00
2015.02.12 09:00:35.427,0.74306,0.74314,1.25,1.07
2015.02.12 09:00:36.449,0.74306,0.74315,1.12,1.01
2015.02.12 09:00:36.626,0.74308,0.74317,1.07,1.36
2015.02.12 09:00:36.779,0.74306,0.74317,1.39,2.21
2015.02.12 09:00:37.287,0.74306,0.74317,1.84,1.29
2015.02.12 09:00:37.439,0.74306,0.74317,4.01,1.25
2015.02.12 09:00:37.946,0.74309,0.74318,2.21,1.00
2015.02.12 09:00:38.453,0.7431,0.74321,1.55,2.51
2015.02.12 09:00:40.108,0.7431,0.74317,1.17,1.00
2015.02.12 09:00:40.479,0.74308,0.7432,5.14,2.44
2015.02.12 09:00:41.051,0.74308,0.74318,4.39,1.00
2015.02.12 09:00:41.406,0.74308,0.74318,1.74,1.00
2015.02.12 09:00:41.970,0.74307,0.74318,1.46,2.51
2015.02.12 09:00:42.021,0.74306,0.74314,2.96,1.00
2015.02.12 09:00:42.529,0.74306,0.74315,1.39,1.50
2015.02.12 09:00:43.037,0.74305,0.74315,2.59,1.00
2015.02.12 09:00:43.400,0.74305,0.74313,2.21,1.00
2015.02.12 09:00:44.310,0.74306,0.74314,1.25,1.10
2015.02.12 09:00:44.818,0.74306,0.74313,1.25,1.10
2015.02.12 09:00:45.122,0.74304,0.74311,2.06,1.00
2015.02.12 09:00:45.224,0.74304,0.74314,2.06,1.09
2015.02.12 09:00:45.275,0.74304,0.74314,2.06,3.26
2015.02.12 09:00:45.680,0.74304,0.74315,2.14,3.34
2015.02.12 09:00:46.188,0.74304,0.74313,1.66,1.07
2015.02.12 09:00:46.697,0.74304,0.74313,1.71,1.00
2015.02.12 09:00:48.125,0.74304,0.74312,1.46,1.00
2015.02.12 09:00:48.886,0.74303,0.74312,2.21,1.00
2015.02.12 09:00:49.393,0.74303,0.74314,2.89,1.09
2015.02.12 09:00:53.155,0.74306,0.74315,1.00,1.40
2015.02.12 09:00:53.257,0.74306,0.74315,1.00,1.01
2015.02.12 09:00:53.459,0.74305,0.74315,2.14,1.84
2015.02.12 09:00:53.973,0.74305,0.74315,2.51,1.65
2015.02.12 09:00:55.002,0.74305,0.74315,2.14,1.84
2015.02.12 09:00:57.976,0.74305,0.74315,1.57,2.02
2015.02.12 09:00:58.694,0.74303,0.74312,2.14,1.10
2015.02.12 09:00:59.201,0.74303,0.74312,2.06,1.57
2015.02.12 09:00:59.606,0.74303,0.7431,1.56,1.00
2015.02.12 09:01:00.215,0.74303,0.74308,1.56,1.00
2015.02.12 09:01:00.317,0.74301,0.74307,1.00,1.00
2015.02.12 09:01:00.470,0.74297,0.74308,1.84,1.76
2015.02.12 09:01:00.622,0.74296,0.74306,1.36,1.00
2015.02.12 09:01:01.134,0.74296,0.74305,1.36,1.00
2015.02.12 09:01:02.176,0.74294,0.74305,2.59,1.39
2015.02.12 09:01:02.227,0.74295,0.74304,1.25,1.57
2015.02.12 09:01:02.329,0.74293,0.74302,1.84,1.00
2015.02.12 09:01:03.624,0.74294,0.74304,1.29,1.10
2015.02.12 09:01:03.965,0.74297,0.74306,1.00,1.26
2015.02.12 09:01:04.423,0.74299,0.74308,1.00,1.32
2015.02.12 09:01:04.729,0.74304,0.74312,1.10,1.29
2015.02.12 09:01:05.239,0.74303,0.74314,1.32,1.36
2015.02.12 09:01:06.204,0.74302,0.74313,2.21,1.40
2015.02.12 09:01:06.712,0.74303,0.74312,1.32,1.10
2015.02.12 09:01:06.915,0.74303,0.74314,1.84,1.84
2015.02.12 09:01:07.445,0.74303,0.74314,2.21,1.69
2015.02.12 09:01:07.851,0.74304,0.74315,2.14,1.09
2015.02.12 09:01:07.953,0.74304,0.74314,2.21,1.10
2015.02.12 09:01:08.461,0.74306,0.74315,1.10,1.25
2015.02.12 09:01:08.817,0.74304,0.74314,1.36,1.17
2015.02.12 09:01:09.224,0.74301,0.74312,1.76,1.84
2015.02.12 09:01:09.732,0.743,0.7431,1.84,1.00
2015.02.12 09:01:10.087,0.743,0.7431,1.76,1.00
2015.02.12 09:01:10.341,0.74299,0.74308,1.91,1.00
2015.02.12 09:01:12.070,0.74299,0.74308,1.46,1.00
2015.02.12 09:01:13.961,0.74298,0.74307,1.34,1.00
2015.02.12 09:01:14.469,0.74298,0.74306,1.19,1.00
2015.02.12 09:01:14.976,0.74298,0.74305,1.19,1.00
2015.02.12 09:01:15.179,0.74296,0.74303,2.59,1.00
2015.02.12 09:01:16.160,0.74296,0.74305,1.19,1.10
2015.02.12 09:01:16.668,0.74296,0.74305,1.19,1.76
2015.02.12 09:01:17.187,0.74298,0.74305,1.00,1.76
2015.02.12 09:01:17.390,0.74294,0.74303,4.46,1.00
2015.02.12 09:01:17.441,0.74294,0.74303,1.91,1.00
2015.02.12 09:01:17.949,0.74293,0.74304,1.19,1.40
2015.02.12 09:01:18.558,0.74292,0.74301,1.39,1.00
2015.02.12 09:01:18.913,0.74291,0.74301,2.89,1.10
2015.02.12 09:01:19.167,0.74288,0.743,2.89,1.17
2015.02.12 09:01:19.218,0.74288,0.743,2.89,1.09
2015.02.12 09:01:19.269,0.74288,0.743,2.89,3.26
2015.02.12 09:01:19.928,0.74287,0.74297,2.21,1.10
2015.02.12 09:01:20.912,0.74287,0.74297,2.14,1.10
2015.02.12 09:01:21.846,0.74288,0.74298,1.62,1.09
2015.02.12 09:01:22.399,0.74288,0.74298,1.31,1.09
2015.02.12 09:01:22.957,0.74288,0.74299,1.62,2.68
2015.02.12 09:01:23.493,0.74288,0.74299,1.31,2.68
2015.02.12 09:01:24.121,0.74289,0.74299,1.00,2.68
2015.02.12 09:01:24.273,0.7429,0.74301,1.46,2.36
2015.02.12 09:01:24.375,0.74293,0.74301,1.00,1.76
2015.02.12 09:01:24.629,0.74296,0.74305,1.25,1.10
2015.02.12 09:01:24.782,0.74297,0.74307,1.65,1.69
2015.02.12 09:01:25.086,0.74298,0.7431,3.26,3.41
2015.02.12 09:01:25.998,0.74297,0.74309,2.59,1.76
2015.02.12 09:01:26.999,0.74301,0.74309,1.00,1.29
2015.02.12 09:01:27.305,0.74301,0.74311,1.34,1.00
2015.02.12 09:01:27.407,0.74302,0.74311,2.44,1.50
2015.02.12 09:01:27.509,0.74301,0.7431,1.26,1.00
2015.02.12 09:01:28.038,0.74299,0.7431,2.21,1.07
2015.02.12 09:01:28.546,0.743,0.7431,1.74,1.00
2015.02.12 09:01:28.597,0.74302,0.7431,1.45,1.00
2015.02.12 09:01:28.903,0.74303,0.74312,4.20,1.25
2015.02.12 09:01:29.410,0.74304,0.74313,1.09,1.00
2015.02.12 09:01:30.056,0.74304,0.74314,1.09,1.76
2015.02.12 09:01:31.486,0.74305,0.74314,2.02,1.25
2015.02.12 09:01:32.096,0.74306,0.74314,1.47,1.00
2015.02.12 09:01:32.249,0.74307,0.74317,2.21,1.62
2015.02.12 09:01:32.756,0.74308,0.74317,1.10,1.62
2015.02.12 09:01:32.908,0.74308,0.74317,1.47,1.62
2015.02.12 09:01:34.138,0.74308,0.74317,2.81,1.62
2015.02.12 09:01:34.342,0.74309,0.7432,1.40,1.19
2015.02.12 09:01:34.393,0.74312,0.7432,2.62,1.19
2015.02.12 09:01:34.547,0.74312,0.74321,3.64,1.25
2015.02.12 09:01:34.750,0.74314,0.74324,1.39,1.29
2015.02.12 09:01:34.902,0.74315,0.74325,2.51,1.19
2015.02.12 09:01:35.055,0.74319,0.74328,1.10,1.76
2015.02.12 09:01:36.007,0.7432,0.74328,1.10,2.44
2015.02.12 09:01:36.668,0.74324,0.74329,1.00,1.12
2015.02.12 09:01:36.973,0.74329,0.74334,1.00,1.39
2015.02.12 09:01:37.075,0.74329,0.74335,1.00,2.29
2015.02.12 09:01:37.228,0.74329,0.74337,1.00,2.44
2015.02.12 09:01:37.280,0.74332,0.74337,1.00,2.25
2015.02.12 09:01:37.392,0.7433,0.74337,1.00,1.69
2015.02.12 09:01:38.177,0.74329,0.74337,1.07,1.25
2015.02.12 09:01:38.684,0.74331,0.74338,1.00,1.19
2015.02.12 09:01:39.501,0.74329,0.74338,1.00,1.19
2015.02.12 09:01:39.808,0.74332,0.74338,1.00,1.19
2015.02.12 09:01:40.329,0.74328,0.74338,1.00,1.31
2015.02.12 09:01:40.837,0.74327,0.74338,1.01,1.31
2015.02.12 09:01:41.402,0.74327,0.74338,1.29,2.66
2015.02.12 09:01:43.190,0.74327,0.74339,1.01,2.44
2015.02.12 09:01:45.186,0.74325,0.74336,1.74,1.00
2015.02.12 09:01:45.440,0.74322,0.74334,2.96,1.00
2015.02.12 09:01:45.491,0.74322,0.74334,2.96,1.25
2015.02.12 09:01:45.592,0.74324,0.74334,1.25,1.31
2015.02.12 09:01:46.407,0.74323,0.74333,1.12,1.69
2015.02.12 09:01:46.812,0.74323,0.74335,1.31,2.06
2015.02.12 09:01:47.218,0.74325,0.74337,1.37,2.44
2015.02.12 09:01:47.743,0.74325,0.74337,1.12,3.19
2015.02.12 09:01:48.048,0.74325,0.74337,1.62,1.69
2015.02.12 09:01:48.567,0.74326,0.74337,1.62,1.19
2015.02.12 09:01:49.074,0.74325,0.74337,2.06,1.19
2015.02.12 09:01:49.921,0.74327,0.74338,1.00,2.44
2015.02.12 09:01:53.568,0.74327,0.74338,1.39,1.26
2015.02.12 09:01:54.077,0.74328,0.7434,1.46,1.84
2015.02.12 09:01:54.435,0.74328,0.7434,1.46,2.59
2015.02.12 09:01:56.163,0.74328,0.74339,1.09,1.64
2015.02.12 09:01:56.670,0.74327,0.74338,1.40,1.74
2015.02.12 09:01:57.277,0.74327,0.74339,1.46,3.71
2015.02.12 09:01:57.824,0.74327,0.74339,1.40,1.84
2015.02.12 09:01:58.180,0.74329,0.7434,1.01,1.36
2015.02.12 09:01:58.384,0.74331,0.7434,1.00,1.36
2015.02.12 09:01:58.893,0.74332,0.74342,1.00,1.15
2015.02.12 09:01:59.400,0.74333,0.74342,1.01,1.19
2015.02.12 09:01:59.705,0.74333,0.74343,1.39,1.29
2015.02.12 09:02:00.170,0.74332,0.74343,1.46,1.29
2015.02.12 09:02:00.476,0.7433,0.74342,1.84,2.96
2015.02.12 09:02:00.984,0.74329,0.74341,2.96,1.09
2015.02.12 09:02:03.457,0.74329,0.74341,2.96,1.29
2015.02.12 09:02:05.216,0.7433,0.74342,1.10,1.84
2015.02.12 09:02:06.459,0.7433,0.74342,1.39,1.84
2015.02.12 09:02:06.782,0.74332,0.74342,1.12,1.84
2015.02.12 09:02:07.289,0.74332,0.74342,1.37,2.21
2015.02.12 09:02:07.796,0.74332,0.74342,1.00,2.59
2015.02.12 09:02:08.405,0.7433,0.74342,2.59,1.84
2015.02.12 09:02:09.177,0.7433,0.74342,1.84,1.34
2015.02.12 09:02:10.203,0.74331,0.74342,1.39,1.40
2015.02.12 09:02:10.711,0.74332,0.74342,1.19,1.65
2015.02.12 09:02:11.220,0.74332,0.74342,1.39,1.57
2015.02.12 09:02:11.575,0.74332,0.74342,1.39,1.57
2015.02.12 09:02:12.598,0.74332,0.74342,1.39,1.57
2015.02.12 09:02:13.107,0.74332,0.74341,1.39,1.00
2015.02.12 09:02:13.718,0.74332,0.74341,1.66,1.00
2015.02.12 09:02:14.225,0.74333,0.74342,1.25,1.10
2015.02.12 09:02:16.963,0.74334,0.74343,1.00,1.09
2015.02.12 09:02:21.024,0.74334,0.74342,1.37,1.10
2015.02.12 09:02:21.126,0.74331,0.74342,1.74,1.10
2015.02.12 09:02:21.633,0.74328,0.7434,1.84,1.36
2015.02.12 09:02:22.141,0.74327,0.74339,1.84,1.36
2015.02.12 09:02:22.685,0.74328,0.74339,1.39,1.36
2015.02.12 09:02:23.218,0.74327,0.74339,2.21,1.36
2015.02.12 09:02:23.725,0.74327,0.74339,1.46,1.36
2015.02.12 09:02:24.272,0.74327,0.74339,1.39,1.34
2015.02.12 09:02:26.720,0.74326,0.74338,1.46,1.36
2015.02.12 09:02:27.844,0.74326,0.74338,2.21,1.09
2015.02.12 09:02:28.150,0.74323,0.74335,4.76,1.25
2015.02.12 09:02:28.454,0.74323,0.74334,1.19,1.15
2015.02.12 09:02:28.961,0.74324,0.74335,1.56,2.51
2015.02.12 09:02:29.164,0.74325,0.74337,1.46,1.36
2015.02.12 09:02:29.671,0.74327,0.74337,1.00,1.36
2015.02.12 09:02:30.433,0.74325,0.74335,1.46,1.00
2015.02.12 09:02:30.940,0.74322,0.74334,2.14,1.34
2015.02.12 09:02:31.449,0.74323,0.74333,1.40,1.25
2015.02.12 09:02:31.956,0.74321,0.74335,5.89,5.89
2015.02.12 09:02:32.472,0.74321,0.74334,1.74,2.51
2015.02.12 09:02:33.954,0.74322,0.74334,1.64,3.26
2015.02.12 09:02:34.969,0.74322,0.74334,1.64,3.26
2015.02.12 09:02:35.259,0.74325,0.74335,1.31,1.34
2015.02.12 09:02:35.310,0.74325,0.74335,1.62,1.34
2015.02.12 09:02:35.361,0.74324,0.74336,1.74,1.36
2015.02.12 09:02:35.868,0.74325,0.74337,2.21,1.36
2015.02.12 09:02:36.274,0.74324,0.74336,2.96,3.64
2015.02.12 09:02:36.949,0.74321,0.74333,2.21,1.40
2015.02.12 09:02:37.457,0.74322,0.74332,1.29,1.15
2015.02.12 09:02:37.863,0.74321,0.74333,2.21,1.29
2015.02.12 09:02:38.574,0.74325,0.74335,1.37,1.34
2015.02.12 09:02:38.778,0.74326,0.74337,1.01,1.36
2015.02.12 09:02:39.318,0.74326,0.74338,3.71,1.36
2015.02.12 09:02:39.825,0.74326,0.74338,3.71,1.36
2015.02.12 09:02:40.331,0.74326,0.74338,3.71,1.34
2015.02.12 09:02:40.837,0.74326,0.74338,3.71,1.84
2015.02.12 09:02:41.091,0.74326,0.74334,1.34,1.00
2015.02.12 09:02:41.294,0.74324,0.74335,1.91,2.59
2015.02.12 09:02:41.801,0.74324,0.74335,1.29,2.59
2015.02.12 09:02:42.310,0.74324,0.74335,1.66,2.59
2015.02.12 09:02:43.070,0.74323,0.74334,1.19,6.19
2015.02.12 09:02:43.171,0.74323,0.74334,1.25,6.19
2015.02.12 09:02:43.786,0.74323,0.74332,1.25,2.32
2015.02.12 09:02:44.394,0.74322,0.74332,2.81,2.51
2015.02.12 09:02:44.496,0.74325,0.74334,1.00,1.34
2015.02.12 09:02:45.003,0.74325,0.74334,1.00,4.01
2015.02.12 09:02:45.509,0.74325,0.74334,1.00,1.40
2015.02.12 09:02:45.712,0.74325,0.74334,1.00,3.26
2015.02.12 09:02:46.187,0.74323,0.74332,1.25,1.34
2015.02.12 09:02:46.394,0.7432,0.7433,1.31,1.15
2015.02.12 09:02:46.751,0.74319,0.74329,1.31,1.40
2015.02.12 09:02:46.802,0.74318,0.74329,2.06,1.84
2015.02.12 09:02:47.006,0.74319,0.74329,1.46,1.01
2015.02.12 09:02:47.463,0.74319,0.74327,1.64,1.00
2015.02.12 09:02:47.920,0.74318,0.74327,1.07,1.84
2015.02.12 09:02:47.971,0.74318,0.74325,1.07,1.00
2015.02.12 09:02:48.123,0.74316,0.74324,1.39,1.00
2015.02.12 09:02:48.934,0.74314,0.74325,2.21,1.17
2015.02.12 09:02:50.234,0.74316,0.74324,1.46,1.10
2015.02.12 09:02:51.838,0.74316,0.74327,1.77,1.84
2015.02.12 09:02:52.041,0.74318,0.74327,1.37,1.09
2015.02.12 09:02:52.791,0.74319,0.74328,1.46,1.00
2015.02.12 09:02:53.652,0.7432,0.74329,2.14,1.10
2015.02.12 09:02:54.161,0.7432,0.74331,2.14,3.94
2015.02.12 09:02:54.723,0.74319,0.74328,1.36,1.00
2015.02.12 09:02:56.830,0.74318,0.74328,1.46,1.65
2015.02.12 09:02:57.556,0.74317,0.74327,3.71,1.00
2015.02.12 09:02:58.021,0.74317,0.74325,2.14,1.00
2015.02.12 09:02:58.528,0.74316,0.74324,1.31,1.00
2015.02.12 09:02:59.034,0.74315,0.74325,1.74,1.50
2015.02.12 09:03:00.021,0.74316,0.74325,1.46,1.00
2015.02.12 09:03:00.529,0.74319,0.74326,1.12,1.00
2015.02.12 09:03:01.042,0.74319,0.74327,1.12,1.69
2015.02.12 09:03:01.346,0.74315,0.74325,2.21,1.00
2015.02.12 09:03:01.853,0.74318,0.74327,1.20,1.69
2015.02.12 09:03:02.309,0.74318,0.74328,1.52,2.44
2015.02.12 09:03:02.360,0.74318,0.74328,1.77,2.44
2015.02.12 09:03:02.867,0.74318,0.74328,1.77,1.25
2015.02.12 09:03:03.374,0.74318,0.74328,1.70,1.32
2015.02.12 09:03:03.881,0.74319,0.74328,1.47,1.25
2015.02.12 09:03:04.388,0.74319,0.74328,1.39,1.00
2015.02.12 09:03:04.439,0.74319,0.74328,1.39,1.00
2015.02.12 09:03:04.743,0.74321,0.74328,1.10,1.00
2015.02.12 09:03:04.845,0.74321,0.74332,1.95,3.94
2015.02.12 09:03:04.947,0.74321,0.74332,2.70,1.84
2015.02.12 09:03:05.655,0.7432,0.74331,3.71,1.01
2015.02.12 09:03:06.061,0.74322,0.74332,1.47,2.21
2015.02.12 09:03:06.214,0.74321,0.74332,1.84,1.84
2015.02.12 09:03:06.755,0.74322,0.74332,1.25,1.40
2015.02.12 09:03:07.367,0.74323,0.74332,1.37,1.40
2015.02.12 09:03:07.874,0.74324,0.74332,1.37,1.40
2015.02.12 09:03:08.279,0.74321,0.7433,1.19,1.10
2015.02.12 09:03:08.735,0.7432,0.74329,1.01,1.00
2015.02.12 09:03:09.040,0.74318,0.74329,1.19,4.69
2015.02.12 09:03:09.890,0.74317,0.74328,2.14,1.09
2015.02.12 09:03:14.872,0.74317,0.74328,2.14,1.84
2015.02.12 09:03:16.471,0.74317,0.74328,1.66,2.59
2015.02.12 09:03:17.785,0.74317,0.74328,1.66,2.59
2015.02.12 09:03:17.886,0.74317,0.74328,1.66,2.59
2015.02.12 09:03:19.465,0.74318,0.74328,1.66,1.84
2015.02.12 09:03:20.935,0.74318,0.74329,2.21,2.59
2015.02.12 09:03:21.480,0.7432,0.74329,1.12,2.59
2015.02.12 09:03:22.344,0.7432,0.74329,2.06,1.84
2015.02.12 09:03:22.852,0.7432,0.74329,2.06,1.39
2015.02.12 09:03:23.310,0.7432,0.74329,2.21,1.19
2015.02.12 09:03:23.413,0.74321,0.74331,2.14,1.01
2015.02.12 09:03:23.921,0.74323,0.74332,1.37,1.84
2015.02.12 09:03:27.240,0.74326,0.74331,1.00,1.01
2015.02.12 09:03:27.342,0.74324,0.74331,1.00,1.01
2015.02.12 09:03:28.927,0.74326,0.74332,1.00,1.32
2015.02.12 09:03:29.029,0.74324,0.74332,1.00,1.32
2015.02.12 09:03:30.444,0.74327,0.74332,1.00,1.07
2015.02.12 09:03:30.698,0.74328,0.74335,1.00,1.17
2015.02.12 09:03:30.749,0.7433,0.74335,1.00,1.07
2015.02.12 09:03:30.800,0.7433,0.74336,1.00,1.01
2015.02.12 09:03:33.057,0.74328,0.74338,1.31,1.84
2015.02.12 09:03:35.247,0.74328,0.74336,1.31,1.00
2015.02.12 09:03:35.754,0.74329,0.74338,1.01,1.39
2015.02.12 09:03:38.063,0.74327,0.74336,1.27,1.25
2015.02.12 09:03:38.216,0.74325,0.74336,1.84,2.14
2015.02.12 09:03:38.317,0.74325,0.74335,1.20,2.21
2015.02.12 09:03:38.823,0.74324,0.74334,1.31,1.09
2015.02.12 09:03:40.476,0.74325,0.74335,1.00,1.84
2015.02.12 09:03:40.993,0.74326,0.74335,1.00,1.84
2015.02.12 09:03:41.522,0.74326,0.74335,1.00,4.01
2015.02.12 09:03:42.029,0.74326,0.74335,1.00,1.84
2015.02.12 09:03:42.568,0.74326,0.74335,1.00,1.09
2015.02.12 09:03:44.053,0.74326,0.74336,1.95,1.76
2015.02.12 09:03:44.155,0.74326,0.74337,1.66,1.84
2015.02.12 09:03:44.662,0.74327,0.74337,1.25,3.34
2015.02.12 09:03:45.199,0.74327,0.74337,1.25,3.34
2015.02.12 09:03:45.857,0.74327,0.74337,2.06,1.84
2015.02.12 09:03:47.277,0.74327,0.74337,1.26,2.21
2015.02.12 09:03:47.379,0.74326,0.74335,1.00,1.76
2015.02.12 09:03:47.531,0.74325,0.74333,1.69,1.10
2015.02.12 09:03:47.886,0.74323,0.74333,2.89,1.39
2015.02.12 09:03:48.038,0.74323,0.74333,1.69,3.64
2015.02.12 09:03:48.545,0.74321,0.74332,1.76,1.84
2015.02.12 09:03:49.422,0.7432,0.74329,1.09,1.00
2015.02.12 09:03:49.726,0.74317,0.74329,2.96,1.15
2015.02.12 09:03:51.165,0.74319,0.7433,1.46,2.59
2015.02.12 09:03:51.672,0.74319,0.7433,1.46,2.59
2015.02.12 09:03:53.000,0.74318,0.74329,1.71,2.59
2015.02.12 09:03:53.917,0.74319,0.7433,1.46,1.84
2015.02.12 09:03:54.894,0.7432,0.7433,1.87,1.34
2015.02.12 09:03:55.401,0.7432,0.7433,1.25,1.40
2015.02.12 09:03:56.012,0.74319,0.74329,1.46,2.21
2015.02.12 09:03:56.520,0.74318,0.74328,1.84,1.00
2015.02.12 09:03:57.346,0.74318,0.74327,1.84,1.00
2015.02.12 09:03:57.702,0.74319,0.74328,1.17,1.25
2015.02.12 09:03:58.920,0.7432,0.74329,3.64,1.31
2015.02.12 09:03:59.124,0.74321,0.7433,1.17,1.25
2015.02.12 09:03:59.428,0.74323,0.74332,1.65,1.69
2015.02.12 09:04:00.446,0.74324,0.74331,2.32,1.00
2015.02.12 09:04:00.953,0.74324,0.74332,2.32,1.00
2015.02.12 09:04:01.460,0.74326,0.74334,1.07,1.25
2015.02.12 09:04:01.716,0.74327,0.74334,1.17,1.25
2015.02.12 09:04:02.853,0.74327,0.74334,3.26,1.00
2015.02.12 09:04:03.552,0.74329,0.74336,1.17,1.00
2015.02.12 09:04:04.073,0.74328,0.74336,3.26,1.00
2015.02.12 09:04:07.978,0.74329,0.74334,1.07,1.00
2015.02.12 09:04:08.131,0.74325,0.74333,2.02,1.25
2015.02.12 09:04:08.182,0.74325,0.74333,1.15,1.25
2015.02.12 09:04:08.537,0.74321,0.74327,6.41,1.00
2015.02.12 09:04:09.748,0.74323,0.7433,1.15,1.25
2015.02.12 09:04:10.256,0.74321,0.74327,1.65,1.00
2015.02.12 09:04:11.257,0.74321,0.74327,1.15,1.00
2015.02.12 09:04:11.765,0.74321,0.74327,1.34,1.00
2015.02.12 09:04:13.336,0.74322,0.74329,1.17,1.00
2015.02.12 09:04:13.590,0.74321,0.74327,2.02,1.00
2015.02.12 09:04:13.793,0.74322,0.7433,1.46,1.00
2015.02.12 09:04:14.368,0.74323,0.74329,1.55,1.00
2015.02.12 09:04:14.534,0.74324,0.74332,1.47,1.25
2015.02.12 09:04:14.585,0.74326,0.74331,1.12,1.00
2015.02.12 09:04:14.687,0.74326,0.74335,1.10,1.65
2015.02.12 09:04:14.789,0.74326,0.74335,1.27,1.25
2015.02.12 09:04:15.298,0.74327,0.74337,1.65,1.69
2015.02.12 09:04:15.603,0.7433,0.74338,1.10,1.25
2015.02.12 09:04:16.110,0.74329,0.74339,1.00,1.36
2015.02.12 09:04:16.618,0.74328,0.74338,1.01,1.01
2015.02.12 09:04:16.922,0.74326,0.74334,1.00,1.20
2015.02.12 09:04:17.429,0.74325,0.74334,1.25,1.20
2015.02.12 09:04:17.936,0.74325,0.74334,1.19,1.09
2015.02.12 09:04:19.950,0.74325,0.74334,1.19,1.09
2015.02.12 09:04:21.871,0.74325,0.74334,1.25,1.17
2015.02.12 09:04:22.226,0.74327,0.74335,1.00,1.32
2015.02.12 09:04:23.447,0.74327,0.74335,1.00,1.40
2015.02.12 09:04:23.650,0.74325,0.74335,1.31,1.40
2015.02.12 09:04:24.173,0.74325,0.74335,2.06,1.84
2015.02.12 09:04:24.275,0.74325,0.74335,2.14,1.76
2015.02.12 09:04:24.631,0.74327,0.74338,1.37,5.51
2015.02.12 09:04:25.087,0.74326,0.74334,1.01,1.10
2015.02.12 09:04:25.624,0.74327,0.74335,1.37,1.15
2015.02.12 09:04:25.877,0.74328,0.74339,1.46,1.34
2015.02.12 09:04:26.435,0.74329,0.74338,1.37,1.09
2015.02.12 09:04:27.449,0.7433,0.74338,1.37,1.07
2015.02.12 09:04:28.057,0.7433,0.74338,1.12,1.07
2015.02.12 09:04:28.603,0.7433,0.74338,1.37,1.07
2015.02.12 09:04:29.739,0.7433,0.74339,1.12,1.09
2015.02.12 09:04:31.783,0.7433,0.74336,1.00,1.00
2015.02.12 09:04:32.088,0.74328,0.74335,1.25,1.00
2015.02.12 09:04:32.601,0.74326,0.74334,1.69,1.00
2015.02.12 09:04:33.413,0.74326,0.74334,1.56,1.00
2015.02.12 09:04:33.769,0.74325,0.74336,2.21,1.01
2015.02.12 09:04:34.633,0.74328,0.74336,1.31,1.10
2015.02.12 09:04:35.290,0.74328,0.74335,1.31,1.00
2015.02.12 09:04:35.821,0.74328,0.74337,1.56,1.17
2015.02.12 09:04:37.550,0.7433,0.74337,1.62,1.17
2015.02.12 09:04:38.058,0.7433,0.74337,1.31,1.57
2015.02.12 09:04:38.413,0.7433,0.74335,1.25,1.00
2015.02.12 09:04:38.684,0.7433,0.74337,1.00,1.09
2015.02.12 09:04:39.194,0.7433,0.74336,1.00,1.00
2015.02.12 09:04:39.703,0.74328,0.74335,1.29,1.00
2015.02.12 09:04:40.211,0.74328,0.74334,1.19,1.00
2015.02.12 09:04:40.517,0.74328,0.74332,1.00,1.00
2015.02.12 09:04:40.620,0.74324,0.7433,1.00,1.00
2015.02.12 09:04:40.925,0.74323,0.74328,1.19,1.00
2015.02.12 09:04:41.381,0.74321,0.74328,1.25,1.00
2015.02.12 09:04:41.636,0.74321,0.74326,1.25,1.00
2015.02.12 09:04:42.550,0.74321,0.74328,1.25,1.10
2015.02.12 09:04:44.036,0.74321,0.74327,1.25,1.50
2015.02.12 09:04:45.724,0.74321,0.74328,1.00,1.10
2015.02.12 09:04:46.234,0.74321,0.74327,1.25,1.50
2015.02.12 09:04:48.158,0.74321,0.74329,1.20,1.10
2015.02.12 09:04:49.384,0.74321,0.74328,1.01,1.00
2015.02.12 09:04:49.790,0.74321,0.74325,1.00,1.00
2015.02.12 09:04:50.045,0.74319,0.74324,1.00,1.00
2015.02.12 09:04:50.502,0.74318,0.74322,1.00,1.00
2015.02.12 09:04:50.959,0.74315,0.74322,1.25,1.10
2015.02.12 09:04:52.123,0.74314,0.74322,1.66,1.10
2015.02.12 09:04:53.164,0.74315,0.74323,1.62,1.15
2015.02.12 09:04:53.672,0.74315,0.74324,1.31,2.32
2015.02.12 09:04:54.214,0.74315,0.74324,1.31,2.51
2015.02.12 09:04:54.722,0.74314,0.74321,1.37,1.10
2015.02.12 09:04:54.875,0.74314,0.74321,1.37,1.17
2015.02.12 09:04:55.383,0.74314,0.74321,1.00,1.17
2015.02.12 09:04:57.224,0.74313,0.7432,1.00,1.07
2015.02.12 09:04:57.428,0.74311,0.7432,1.00,1.09
2015.02.12 09:04:57.479,0.74311,0.74319,1.00,2.32
2015.02.12 09:04:57.987,0.74308,0.74318,1.31,1.15
2015.02.12 09:04:58.290,0.74313,0.74322,1.37,1.40
2015.02.12 09:04:58.394,0.74314,0.74324,1.39,1.84
2015.02.12 09:04:58.445,0.74314,0.74324,1.66,1.15
2015.02.12 09:04:58.649,0.74314,0.74324,2.14,1.15
2015.02.12 09:04:58.700,0.74314,0.74324,2.14,1.10
2015.02.12 09:04:59.224,0.74314,0.74323,1.19,1.10
2015.02.12 09:04:59.789,0.74313,0.74322,1.76,1.00
2015.02.12 09:05:00.305,0.74313,0.74321,1.39,1.00
2015.02.12 09:05:00.812,0.74313,0.74321,1.31,1.00
2015.02.12 09:05:01.220,0.74311,0.74319,2.81,1.00
2015.02.12 09:05:01.730,0.74311,0.7432,2.81,1.20
2015.02.12 09:05:02.034,0.74312,0.7432,1.62,1.20
2015.02.12 09:05:03.294,0.74313,0.74322,1.56,1.09
2015.02.12 09:05:03.803,0.74314,0.74325,2.06,6.19
2015.02.12 09:05:04.108,0.74315,0.74324,1.37,1.01
2015.02.12 09:05:04.566,0.74315,0.74324,1.12,1.09
2015.02.12 09:05:05.114,0.74315,0.74324,1.31,1.17
2015.02.12 09:05:06.764,0.74316,0.74324,1.62,1.17
2015.02.12 09:05:07.336,0.74316,0.74324,1.31,1.17
2015.02.12 09:05:08.002,0.74316,0.74325,1.25,1.17
2015.02.12 09:05:08.989,0.74316,0.74325,1.62,1.27
2015.02.12 09:05:09.497,0.74316,0.74325,1.31,1.17
2015.02.12 09:05:11.095,0.74316,0.74325,1.37,1.09
2015.02.12 09:05:12.486,0.74316,0.74325,1.10,1.32
2015.02.12 09:05:12.790,0.74315,0.74323,1.00,1.07
2015.02.12 09:05:13.163,0.7431,0.7432,1.36,1.00
2015.02.12 09:05:13.673,0.74309,0.7432,1.76,1.65
2015.02.12 09:05:13.725,0.74309,0.7432,1.76,3.82
2015.02.12 09:05:14.235,0.74309,0.74319,1.76,1.17
2015.02.12 09:05:14.337,0.74309,0.74319,1.29,1.10
2015.02.12 09:05:14.489,0.74311,0.7432,1.19,1.17
2015.02.12 09:05:17.544,0.74313,0.74321,1.00,1.15
2015.02.12 09:05:18.051,0.74313,0.74321,1.00,1.17
2015.02.12 09:05:18.559,0.7431,0.74319,1.29,1.00
2015.02.12 09:05:18.662,0.74309,0.74319,2.59,1.39
2015.02.12 09:05:19.392,0.74309,0.74317,1.19,1.00
2015.02.12 09:05:19.892,0.74307,0.74317,2.44,1.27
2015.02.12 09:05:21.189,0.74307,0.74316,1.19,1.55
2015.02.12 09:05:21.708,0.74306,0.74317,2.44,1.40
2015.02.12 09:05:22.304,0.74306,0.74317,1.69,1.65
2015.02.12 09:05:22.608,0.74306,0.74314,1.00,1.45
2015.02.12 09:05:23.115,0.74302,0.74311,1.84,1.00
2015.02.12 09:05:23.470,0.74306,0.74315,1.69,1.15
2015.02.12 09:05:23.571,0.74307,0.74315,2.25,1.00
2015.02.12 09:05:23.673,0.74309,0.74315,1.00,1.00
2015.02.12 09:05:23.876,0.74309,0.74317,1.07,1.00
2015.02.12 09:05:24.383,0.74309,0.74319,1.07,2.51
2015.02.12 09:05:24.874,0.74307,0.74315,1.00,1.15
2015.02.12 09:05:25.229,0.74307,0.74316,1.00,1.09
2015.02.12 09:05:25.534,0.74307,0.74319,2.51,1.84
2015.02.12 09:05:26.203,0.74309,0.7432,1.19,1.84
2015.02.12 09:05:28.183,0.74308,0.74319,1.69,1.34
2015.02.12 09:05:28.690,0.74308,0.74319,1.19,1.40
2015.02.12 09:05:29.197,0.74307,0.74319,1.76,1.84
2015.02.12 09:05:29.921,0.74309,0.74319,1.00,1.34
2015.02.12 09:05:30.439,0.74309,0.7432,1.31,2.21
2015.02.12 09:05:30.950,0.74309,0.74321,1.01,2.59
2015.02.12 09:05:31.473,0.7431,0.74321,1.25,1.84
2015.02.12 09:05:31.988,0.74308,0.7432,1.39,2.96
2015.02.12 09:05:34.020,0.74307,0.74319,2.21,1.84
2015.02.12 09:05:36.238,0.74307,0.74318,1.74,1.01
2015.02.12 09:05:36.340,0.74307,0.74318,1.64,1.09
2015.02.12 09:05:36.847,0.74307,0.74319,1.71,2.96
2015.02.12 09:05:37.815,0.74306,0.74317,1.86,1.17
2015.02.12 09:05:38.120,0.74306,0.74316,1.66,1.10
2015.02.12 09:05:38.991,0.74307,0.74316,1.62,1.10
2015.02.12 09:05:39.297,0.74309,0.7432,1.55,2.51
2015.02.12 09:05:39.349,0.74309,0.7432,1.74,1.01
2015.02.12 09:05:39.855,0.7431,0.7432,2.21,1.76
2015.02.12 09:05:41.188,0.7431,0.74322,2.21,2.59
2015.02.12 09:05:41.340,0.74312,0.74323,2.14,1.36
2015.02.12 09:05:41.493,0.74313,0.74324,1.55,1.29
2015.02.12 09:05:41.544,0.74314,0.74324,1.39,1.01
2015.02.12 09:05:42.051,0.74316,0.74325,1.31,1.10
2015.02.12 09:05:43.513,0.74316,0.74326,1.39,2.14
2015.02.12 09:05:43.615,0.74316,0.74326,2.14,2.21
2015.02.12 09:05:44.125,0.74317,0.74326,1.12,1.46
2015.02.12 09:05:44.429,0.74318,0.74326,1.87,1.46
2015.02.12 09:05:44.945,0.74318,0.74326,1.37,1.17
2015.02.12 09:05:45.745,0.74318,0.74328,1.62,2.96
2015.02.12 09:05:46.049,0.7432,0.74329,1.37,2.21
2015.02.12 09:05:46.553,0.7432,0.74329,1.12,2.21
2015.02.12 09:05:46.857,0.74318,0.74327,2.06,1.17
2015.02.12 09:05:47.313,0.74316,0.74324,2.51,1.00
2015.02.12 09:05:47.465,0.74315,0.74324,1.69,1.10
2015.02.12 09:05:48.545,0.74315,0.74324,1.69,1.15
2015.02.12 09:05:49.461,0.74314,0.74324,2.14,1.07
2015.02.12 09:05:49.970,0.74315,0.74325,1.39,1.09
2015.02.12 09:05:50.275,0.74317,0.74326,1.37,1.84
2015.02.12 09:05:50.782,0.74317,0.74327,1.62,3.71
2015.02.12 09:05:51.289,0.74315,0.74325,1.39,1.39
2015.02.12 09:05:52.102,0.74315,0.74325,2.21,1.00
2015.02.12 09:05:52.679,0.74317,0.74325,1.00,1.00
2015.02.12 09:06:01.812,0.74317,0.74322,1.10,1.00
2015.02.12 09:06:01.965,0.74314,0.74322,1.17,1.00
2015.02.12 09:06:02.167,0.74315,0.74324,2.25,2.06
2015.02.12 09:06:02.675,0.74316,0.74325,1.09,1.12
2015.02.12 09:06:03.184,0.74317,0.74327,1.15,2.81
2015.02.12 09:06:04.251,0.74318,0.74327,1.20,1.69
2015.02.12 09:06:04.556,0.7432,0.7433,1.17,1.76
2015.02.12 09:06:05.308,0.74321,0.74331,1.17,1.66
2015.02.12 09:06:06.881,0.74321,0.74331,1.10,2.21
2015.02.12 09:06:07.185,0.74321,0.74331,1.95,1.84
2015.02.12 09:06:07.337,0.74324,0.74332,1.00,1.00
2015.02.12 09:06:07.842,0.74325,0.74335,1.10,1.39
2015.02.12 09:06:08.349,0.74325,0.74335,1.57,2.14
2015.02.12 09:06:08.501,0.74325,0.74335,1.57,2.14
2015.02.12 09:06:09.009,0.74323,0.74331,1.29,1.00
2015.02.12 09:06:09.517,0.74324,0.74332,1.09,1.25
2015.02.12 09:06:09.821,0.74326,0.74336,1.76,1.76
2015.02.12 09:06:10.177,0.74328,0.74339,1.10,1.46
2015.02.12 09:06:10.912,0.74326,0.74337,1.34,1.01
2015.02.12 09:06:11.115,0.74325,0.74335,1.34,1.00
2015.02.12 09:06:11.643,0.74326,0.74337,1.84,2.21
2015.02.12 09:06:13.603,0.74328,0.74338,1.00,3.49
2015.02.12 09:06:13.908,0.7433,0.74338,1.00,1.40
2015.02.12 09:06:14.314,0.74326,0.74337,1.76,1.27
2015.02.12 09:06:14.365,0.74326,0.74336,1.10,1.10
2015.02.12 09:06:14.416,0.74325,0.74335,1.01,1.07
2015.02.12 09:06:14.944,0.74326,0.74335,1.25,1.15
2015.02.12 09:06:15.451,0.74324,0.74335,1.29,1.40
2015.02.12 09:06:16.164,0.74323,0.74334,1.91,1.40
2015.02.12 09:06:17.185,0.74324,0.74335,1.29,1.77
2015.02.12 09:06:20.062,0.74324,0.74335,1.01,2.21
2015.02.12 09:06:20.569,0.74325,0.74334,1.00,1.46
2015.02.12 09:06:22.941,0.74323,0.74334,1.76,1.27
2015.02.12 09:06:23.144,0.74322,0.74335,1.84,3.04
2015.02.12 09:06:23.549,0.74323,0.74334,1.29,1.55
2015.02.12 09:06:24.056,0.74323,0.74332,1.19,1.20
2015.02.12 09:06:26.233,0.74323,0.74334,1.29,1.54
2015.02.12 09:06:26.776,0.74323,0.74334,1.39,1.54
2015.02.12 09:06:27.285,0.74324,0.74334,1.19,1.74
2015.02.12 09:06:27.589,0.74323,0.74334,1.01,2.21
2015.02.12 09:06:28.048,0.74323,0.74334,1.01,2.21
2015.02.12 09:06:28.768,0.74322,0.74334,2.59,2.21
2015.02.12 09:06:31.275,0.74323,0.74333,1.01,1.39
2015.02.12 09:06:31.784,0.74321,0.74331,2.59,1.07
2015.02.12 09:06:32.587,0.74323,0.74331,1.00,1.57
2015.02.12 09:06:33.296,0.74323,0.74331,1.19,1.07
2015.02.12 09:06:33.499,0.74325,0.74333,1.00,1.00
2015.02.12 09:06:33.905,0.74325,0.74335,1.84,1.25
2015.02.12 09:06:34.159,0.74329,0.74338,1.00,1.44
2015.02.12 09:06:34.311,0.7433,0.74339,1.00,1.01
2015.02.12 09:06:34.818,0.74331,0.74341,1.10,1.66
2015.02.12 09:06:35.021,0.7433,0.74339,1.00,1.46
2015.02.12 09:06:35.325,0.7433,0.74339,1.00,1.39
2015.02.12 09:06:36.871,0.7433,0.74338,1.00,1.00
2015.02.12 09:06:37.497,0.7433,0.7434,1.00,2.21
2015.02.12 09:06:38.007,0.7433,0.74339,1.00,1.46
2015.02.12 09:06:40.330,0.7433,0.7434,1.57,1.66
2015.02.12 09:06:40.954,0.7433,0.7434,1.00,1.64
2015.02.12 09:06:41.258,0.7433,0.7434,1.00,2.21
2015.02.12 09:06:42.443,0.7433,0.74339,1.00,1.71
2015.02.12 09:06:44.776,0.74331,0.7434,1.00,1.36
2015.02.12 09:06:44.827,0.74331,0.74341,1.50,1.16
2015.02.12 09:06:45.429,0.74332,0.74341,1.00,1.84
2015.02.12 09:06:46.735,0.74332,0.7434,1.00,1.39
2015.02.12 09:06:46.937,0.7433,0.74338,1.76,1.25
2015.02.12 09:06:47.444,0.7433,0.7434,1.01,1.66
2015.02.12 09:06:47.987,0.7433,0.7434,1.01,2.14
2015.02.12 09:06:48.901,0.74329,0.74339,1.07,2.96
2015.02.12 09:06:49.003,0.74328,0.74338,1.01,2.14
2015.02.12 09:06:49.611,0.74328,0.74338,1.01,2.14
2015.02.12 09:06:50.117,0.74328,0.74338,1.00,1.46
2015.02.12 09:06:50.625,0.74328,0.74336,1.10,1.12
2015.02.12 09:06:50.879,0.74326,0.74336,1.09,1.64
2015.02.12 09:06:51.641,0.74327,0.74338,1.29,3.26
2015.02.12 09:06:52.149,0.74328,0.74338,1.09,1.19
2015.02.12 09:06:52.672,0.74329,0.74339,1.76,1.01
2015.02.12 09:06:53.484,0.74329,0.74339,1.31,1.09
2015.02.12 09:06:54.956,0.74329,0.74339,1.65,1.29
2015.02.12 09:06:55.645,0.7433,0.74339,1.01,1.10
2015.02.12 09:06:56.648,0.7433,0.74339,1.01,1.29
2015.02.12 09:06:57.650,0.7433,0.74339,1.01,1.10
2015.02.12 09:06:57.751,0.74332,0.74339,1.12,1.10
2015.02.12 09:06:57.905,0.74333,0.74341,1.00,1.01
2015.02.12 09:06:59.202,0.74333,0.7434,1.69,1.00
2015.02.12 09:07:00.155,0.74334,0.74341,1.00,1.29
2015.02.12 09:07:00.665,0.74331,0.74341,1.72,1.29
2015.02.12 09:07:00.767,0.74331,0.74341,1.57,1.46
2015.02.12 09:07:01.275,0.74331,0.74341,1.50,1.46
2015.02.12 09:07:01.789,0.7433,0.7434,1.69,1.46
2015.02.12 09:07:02.247,0.7433,0.74339,1.00,1.32
2015.02.12 09:07:02.754,0.74331,0.74339,1.00,1.09
2015.02.12 09:07:03.109,0.74333,0.74341,1.00,1.34
2015.02.12 09:07:03.617,0.74333,0.74342,1.00,3.34
2015.02.12 09:07:04.124,0.74333,0.74342,1.00,3.71
2015.02.12 09:07:04.632,0.74332,0.74341,1.00,1.39
2015.02.12 09:07:04.937,0.74331,0.7434,1.00,1.39
2015.02.12 09:07:05.903,0.74331,0.7434,1.25,1.46
2015.02.12 09:07:06.891,0.7433,0.7434,1.00,1.36
2015.02.12 09:07:07.398,0.7433,0.7434,1.57,1.26
2015.02.12 09:07:07.913,0.74331,0.7434,1.47,1.32
2015.02.12 09:07:08.168,0.7433,0.7434,2.81,1.76
2015.02.12 09:07:08.880,0.7433,0.7434,1.76,1.76
2015.02.12 09:07:08.932,0.74332,0.7434,1.12,1.01
2015.02.12 09:07:09.844,0.74333,0.7434,1.00,1.25
2015.02.12 09:07:10.841,0.74332,0.7434,3.07,1.00
2015.02.12 09:07:11.347,0.74332,0.7434,1.87,1.00
2015.02.12 09:07:11.855,0.74333,0.74342,1.87,1.36
2015.02.12 09:07:12.951,0.74331,0.74341,2.59,1.76
2015.02.12 09:07:13.256,0.74329,0.7434,1.46,2.21
2015.02.12 09:07:13.765,0.7433,0.74339,1.00,1.46
2015.02.12 09:07:13.917,0.74329,0.74337,1.25,1.10
2015.02.12 09:07:14.425,0.74329,0.74336,1.00,1.00
2015.02.12 09:07:15.136,0.74329,0.74335,1.00,1.00
2015.02.12 09:07:16.162,0.74329,0.74336,1.00,1.10
2015.02.12 09:07:16.466,0.74327,0.74334,1.19,1.00
2015.02.12 09:07:16.619,0.74326,0.74334,1.20,1.00
2015.02.12 09:07:16.771,0.74326,0.74332,1.20,1.00
2015.02.12 09:07:17.296,0.74325,0.74332,1.76,1.00
2015.02.12 09:07:18.615,0.74324,0.74332,1.29,1.87
2015.02.12 09:07:19.060,0.74323,0.74331,1.01,1.95
2015.02.12 09:07:20.132,0.74322,0.7433,1.10,1.20
2015.02.12 09:07:20.589,0.74323,0.74332,1.25,1.57
2015.02.12 09:07:21.096,0.74323,0.74333,1.01,2.14
2015.02.12 09:07:21.603,0.74324,0.74334,1.25,2.96
2015.02.12 09:07:23.380,0.74325,0.74333,1.00,1.31
2015.02.12 09:07:24.683,0.74325,0.74334,1.01,1.12
2015.02.12 09:07:24.734,0.74328,0.74334,1.00,1.00
2015.02.12 09:07:25.242,0.74327,0.74335,1.25,1.32
2015.02.12 09:07:25.670,0.74324,0.74333,1.76,1.10
2015.02.12 09:07:26.432,0.74326,0.74333,1.00,1.10
2015.02.12 09:07:26.837,0.74325,0.74333,1.31,1.15
2015.02.12 09:07:27.193,0.74323,0.74329,1.19,1.00
2015.02.12 09:07:27.244,0.74322,0.74329,1.01,1.00
2015.02.12 09:07:27.346,0.7432,0.74329,1.16,1.00
2015.02.12 09:07:27.650,0.74319,0.74324,1.00,1.00
2015.02.12 09:07:28.158,0.74316,0.74324,1.54,1.10
2015.02.12 09:07:28.665,0.74317,0.74324,1.25,1.10
2015.02.12 09:07:29.173,0.74316,0.74324,1.39,1.10
2015.02.12 09:07:29.530,0.74317,0.74327,2.81,1.84
2015.02.12 09:07:30.046,0.74317,0.74327,3.71,1.29
2015.02.12 09:07:30.554,0.74317,0.74327,2.96,1.39
2015.02.12 09:07:31.106,0.74317,0.74327,2.96,1.39
2015.02.12 09:07:32.353,0.74319,0.74327,1.25,1.01
2015.02.12 09:07:32.861,0.74319,0.74327,2.14,1.00
2015.02.12 09:07:32.912,0.7432,0.74329,1.27,1.25
2015.02.12 09:07:33.065,0.74322,0.74329,1.00,1.00
2015.02.12 09:07:33.573,0.74322,0.7433,1.57,1.00
2015.02.12 09:07:34.111,0.74322,0.7433,1.50,1.20
2015.02.12 09:07:35.075,0.74322,0.74332,1.31,1.27
2015.02.12 09:07:35.584,0.74322,0.74332,2.14,1.27
2015.02.12 09:07:36.194,0.74323,0.74332,2.06,1.27
2015.02.12 09:07:36.296,0.74323,0.74333,1.84,2.21
2015.02.12 09:07:36.652,0.74325,0.74333,1.00,1.84
2015.02.12 09:07:36.959,0.74328,0.74336,1.25,1.27
2015.02.12 09:07:37.164,0.7433,0.74338,1.00,1.01
2015.02.12 09:07:37.672,0.74331,0.74339,1.00,1.25
2015.02.12 09:07:37.989,0.74333,0.7434,1.00,1.10
2015.02.12 09:07:38.498,0.74334,0.7434,1.00,1.00
2015.02.12 09:07:39.106,0.74335,0.7434,1.00,1.00
2015.02.12 09:07:39.410,0.74333,0.74342,1.50,1.76
2015.02.12 09:07:39.512,0.74335,0.74342,1.00,1.01
2015.02.12 09:07:40.626,0.74335,0.74342,1.37,1.10
2015.02.12 09:07:41.148,0.74335,0.74342,1.00,1.10
2015.02.12 09:07:41.858,0.74334,0.74342,1.00,1.76
2015.02.12 09:07:41.960,0.74331,0.74342,5.06,2.59
2015.02.12 09:07:42.872,0.74331,0.74341,3.19,1.01
2015.02.12 09:07:43.893,0.74331,0.74341,3.19,1.10
2015.02.12 09:07:44.728,0.74332,0.74341,1.62,1.10
2015.02.12 09:07:44.934,0.74333,0.74339,1.25,1.00
2015.02.12 09:07:45.036,0.74331,0.74339,3.19,1.00
2015.02.12 09:07:45.138,0.7433,0.74341,1.61,1.76
2015.02.12 09:07:45.241,0.74329,0.74339,2.66,1.00
2015.02.12 09:07:46.675,0.7433,0.74341,3.64,1.09
2015.02.12 09:07:47.218,0.7433,0.7434,1.39,1.01
2015.02.12 09:07:47.525,0.74334,0.74341,1.17,1.00
2015.02.12 09:07:47.577,0.74335,0.74343,1.10,1.00
2015.02.12 09:07:47.730,0.74336,0.74343,2.51,1.00
2015.02.12 09:07:47.781,0.74337,0.74345,1.17,1.00
2015.02.12 09:07:47.884,0.74337,0.74347,1.84,1.25
2015.02.12 09:07:47.986,0.74342,0.7435,1.07,1.84
2015.02.12 09:07:48.138,0.74343,0.74353,1.10,4.39
2015.02.12 09:07:48.242,0.74344,0.74353,1.99,1.00
2015.02.12 09:07:48.546,0.74346,0.74357,2.51,1.29
2015.02.12 09:07:49.510,0.74347,0.74358,1.09,1.76
2015.02.12 09:07:49.817,0.74352,0.74361,1.00,1.46
2015.02.12 09:07:50.020,0.74352,0.74361,1.36,1.25
2015.02.12 09:07:51.048,0.74354,0.74364,3.37,2.29
2015.02.12 09:07:51.556,0.74354,0.74364,3.45,3.04
2015.02.12 09:07:53.910,0.74351,0.74362,2.89,2.14
2015.02.12 09:07:54.062,0.7435,0.7436,1.71,1.20
2015.02.12 09:07:54.568,0.7435,0.7436,1.40,1.09
2015.02.12 09:07:55.075,0.7435,0.7436,1.40,1.25
2015.02.12 09:07:56.138,0.74349,0.74361,3.54,2.14
2015.02.12 09:07:56.392,0.74349,0.74356,2.51,1.00
2015.02.12 09:07:56.443,0.74348,0.74356,1.36,1.00
2015.02.12 09:07:56.494,0.74347,0.74359,3.64,2.06
2015.02.12 09:07:56.697,0.74347,0.74356,2.51,1.00
2015.02.12 09:07:57.052,0.74346,0.74355,1.54,1.50
2015.02.12 09:07:57.575,0.74346,0.74355,2.58,1.00
2015.02.12 09:07:58.084,0.74346,0.74354,2.58,1.00
2015.02.12 09:07:58.135,0.74346,0.74357,2.58,1.69
2015.02.12 09:07:58.643,0.74346,0.74355,2.58,1.00
2015.02.12 09:07:59.151,0.74346,0.74357,2.89,2.06
2015.02.12 09:07:59.761,0.74346,0.74357,6.19,1.69
2015.02.12 09:08:00.063,0.74346,0.74354,6.94,1.00
2015.02.12 09:08:00.165,0.74346,0.74355,1.36,1.00
2015.02.12 09:08:00.368,0.74346,0.74356,3.26,1.50
2015.02.12 09:08:00.900,0.74346,0.74355,3.26,1.00
2015.02.12 09:08:01.407,0.74346,0.74357,3.26,2.14
2015.02.12 09:08:01.914,0.74346,0.74355,2.89,1.25
2015.02.12 09:08:02.421,0.74348,0.74358,1.31,1.36
2015.02.12 09:08:02.827,0.74349,0.7436,2.44,1.00
2015.02.12 09:08:02.980,0.74352,0.74362,3.26,1.76
2015.02.12 09:08:03.183,0.74354,0.74365,1.09,1.76
2015.02.12 09:08:03.354,0.74353,0.74361,2.66,1.00
2015.02.12 09:08:03.506,0.7435,0.74361,4.01,1.50
2015.02.12 09:08:03.761,0.7435,0.74361,1.46,1.76
2015.02.12 09:08:04.269,0.74349,0.74361,3.34,1.25
2015.02.12 09:08:04.421,0.74351,0.74362,2.51,1.29
2015.02.12 09:08:04.725,0.74357,0.74366,1.37,2.29
2015.02.12 09:08:04.827,0.74362,0.74366,1.00,1.10
2015.02.12 09:08:04.878,0.74361,0.74371,2.25,3.64
2015.02.12 09:08:04.929,0.74362,0.74371,1.00,1.16
2015.02.12 09:08:04.980,0.74364,0.74373,1.00,4.09
2015.02.12 09:08:05.439,0.74361,0.7437,1.25,1.36
2015.02.12 09:08:05.845,0.74363,0.74372,1.00,2.59
2015.02.12 09:08:06.355,0.74359,0.74371,4.39,1.69
2015.02.12 09:08:06.863,0.7436,0.7437,1.29,1.29
2015.02.12 09:08:07.371,0.7436,0.7437,1.10,1.61
2015.02.12 09:08:07.777,0.74357,0.74366,3.26,1.00
2015.02.12 09:08:07.931,0.74357,0.74366,1.00,1.17
2015.02.12 09:08:08.033,0.74356,0.74366,2.32,1.00
2015.02.12 09:08:08.339,0.74352,0.74363,1.34,1.50
2015.02.12 09:08:08.745,0.74354,0.74365,1.09,1.01
2015.02.12 09:08:09.255,0.74354,0.74366,1.15,1.39
2015.02.12 09:08:09.409,0.74354,0.74366,1.20,1.84
2015.02.12 09:08:09.816,0.74351,0.74363,1.76,1.65
2015.02.12 09:08:09.868,0.74351,0.74363,1.76,1.84
2015.02.12 09:08:10.123,0.7435,0.74362,3.26,1.10
2015.02.12 09:08:10.429,0.74363,0.74368,1.00,1.09
2015.02.12 09:08:10.581,0.74361,0.74368,1.00,1.17
2015.02.12 09:08:10.683,0.74364,0.74375,1.00,1.99
2015.02.12 09:08:10.785,0.74363,0.74375,3.07,1.76
2015.02.12 09:08:10.887,0.74364,0.74376,1.10,1.84
2015.02.12 09:08:11.193,0.74363,0.74375,1.65,1.69
2015.02.12 09:08:12.164,0.74364,0.74375,1.65,1.09
2015.02.12 09:08:13.470,0.74364,0.74376,3.82,1.39
2015.02.12 09:08:13.673,0.74363,0.74374,1.40,1.65
2015.02.12 09:08:13.825,0.7437,0.74374,1.00,1.57
2015.02.12 09:08:14.028,0.74371,0.74378,1.57,1.00
2015.02.12 09:08:14.182,0.7437,0.7438,1.07,2.74
2015.02.12 09:08:14.725,0.7437,0.74381,1.10,1.36
2015.02.12 09:08:14.928,0.7437,0.74382,1.17,1.26
2015.02.12 09:08:15.232,0.74371,0.74381,2.51,1.00
2015.02.12 09:08:15.385,0.74371,0.74381,1.25,1.15
2015.02.12 09:08:15.488,0.74375,0.74381,1.00,1.10
2015.02.12 09:08:15.590,0.74375,0.74383,1.00,1.10
2015.02.12 09:08:15.894,0.74375,0.74385,4.20,1.10
2015.02.12 09:08:15.996,0.74375,0.74385,4.27,1.00
2015.02.12 09:08:16.504,0.74377,0.74386,1.10,1.25
2015.02.12 09:08:17.013,0.74378,0.74388,4.20,1.29
2015.02.12 09:08:17.926,0.74378,0.74387,3.52,1.25
2015.02.12 09:08:18.433,0.74378,0.74388,3.52,1.29
2015.02.12 09:08:18.993,0.74378,0.74387,3.45,1.25
2015.02.12 09:08:19.196,0.74378,0.74389,3.52,1.69
2015.02.12 09:08:19.703,0.74379,0.74391,4.65,4.24
2015.02.12 09:08:20.022,0.74379,0.74391,4.65,3.86
2015.02.12 09:08:20.428,0.74383,0.74394,1.00,3.26
2015.02.12 09:08:20.539,0.74383,0.74394,1.57,1.36
2015.02.12 09:08:20.693,0.74385,0.74393,1.00,1.39
2015.02.12 09:08:20.998,0.74382,0.74393,4.27,3.49
2015.02.12 09:08:21.202,0.74383,0.74394,1.15,1.56
2015.02.12 09:08:21.405,0.74383,0.74394,1.15,1.29
2015.02.12 09:08:21.912,0.74383,0.74395,1.65,5.81
2015.02.12 09:08:22.420,0.74383,0.74394,1.10,3.19
2015.02.12 09:08:22.928,0.7438,0.74392,4.76,1.87
2015.02.12 09:08:23.537,0.74385,0.74394,2.17,2.14
2015.02.12 09:08:23.689,0.74387,0.74396,1.52,1.30
2015.02.12 09:08:23.892,0.74387,0.744,1.71,2.51
2015.02.12 09:08:24.248,0.74389,0.74399,1.71,1.00
2015.02.12 09:08:24.400,0.74389,0.74402,4.31,1.76
2015.02.12 09:08:24.856,0.74388,0.74399,2.21,1.00
2015.02.12 09:08:25.415,0.74387,0.74397,6.26,1.00
2015.02.12 09:08:25.872,0.74386,0.74395,5.51,1.00
2015.02.12 09:08:26.156,0.74383,0.74391,3.37,2.85
2015.02.12 09:08:26.258,0.74378,0.7439,1.65,1.19
2015.02.12 09:08:26.359,0.74378,0.74388,3.07,1.00
2015.02.12 09:08:26.461,0.74376,0.74389,1.84,3.34
2015.02.12 09:08:26.513,0.74381,0.7439,1.00,2.21
2015.02.12 09:08:26.922,0.74377,0.74388,1.36,1.29
2015.02.12 09:08:27.430,0.74377,0.74388,1.36,1.01
2015.02.12 09:08:27.837,0.74375,0.74388,1.84,1.36
2015.02.12 09:08:28.345,0.74373,0.74386,3.71,1.36
2015.02.12 09:08:28.852,0.74373,0.74386,1.84,1.34
2015.02.12 09:08:29.157,0.74377,0.74388,1.09,1.34
2015.02.12 09:08:29.461,0.74377,0.74388,1.40,1.19
2015.02.12 09:08:29.714,0.74377,0.74389,1.25,7.24
2015.02.12 09:08:29.765,0.74377,0.74389,1.19,6.49
2015.02.12 09:08:30.273,0.74375,0.74387,3.64,1.01
2015.02.12 09:08:30.425,0.74374,0.74387,1.84,1.34
2015.02.12 09:08:30.679,0.74373,0.74386,1.84,1.36
2015.02.12 09:08:31.389,0.74372,0.74384,1.34,1.29
2015.02.12 09:08:31.643,0.74371,0.74382,1.25,1.19
2015.02.12 09:08:33.688,0.74371,0.74383,1.19,1.19
2015.02.12 09:08:34.454,0.74368,0.7438,1.76,1.25
2015.02.12 09:08:34.657,0.74367,0.74379,1.19,1.19
2015.02.12 09:08:35.167,0.7437,0.74379,1.00,1.69
2015.02.12 09:08:35.472,0.74368,0.74378,1.00,1.19
2015.02.12 09:08:35.979,0.74367,0.74377,1.25,1.19
2015.02.12 09:08:36.284,0.74367,0.74377,1.40,1.19
2015.02.12 09:08:36.791,0.74368,0.74379,2.02,1.19
2015.02.12 09:08:37.095,0.74371,0.74381,1.17,1.19
2015.02.12 09:08:37.298,0.74371,0.74381,1.09,1.25
2015.02.12 09:08:37.602,0.74372,0.74381,1.15,1.25
2015.02.12 09:08:38.110,0.74374,0.74382,1.00,1.25
2015.02.12 09:08:38.589,0.74374,0.74385,1.32,1.26
2015.02.12 09:08:39.200,0.74373,0.74385,1.34,1.76
2015.02.12 09:08:39.506,0.74376,0.74385,1.32,1.00
2015.02.12 09:08:40.013,0.74377,0.74387,1.07,1.26
2015.02.12 09:08:40.318,0.74377,0.74389,3.26,1.39
2015.02.12 09:08:40.825,0.7438,0.74391,1.34,1.09
2015.02.12 09:08:41.849,0.74381,0.74393,4.09,1.76
2015.02.12 09:08:41.901,0.74382,0.74393,1.17,1.26
2015.02.12 09:08:42.407,0.74384,0.74395,3.45,4.84
2015.02.12 09:08:42.914,0.74384,0.74395,4.46,1.84
2015.02.12 09:08:43.422,0.74384,0.74393,3.71,1.00
2015.02.12 09:08:43.524,0.74384,0.74393,3.64,1.50
2015.02.12 09:08:43.625,0.74384,0.74392,3.71,1.00
2015.02.12 09:08:43.930,0.74386,0.74396,1.40,1.25
2015.02.12 09:08:44.032,0.74388,0.74398,1.15,1.19
2015.02.12 09:08:44.354,0.74396,0.74403,1.00,1.19
2015.02.12 09:08:44.665,0.74399,0.74403,1.00,1.00
2015.02.12 09:08:44.920,0.74398,0.74405,1.00,1.01
2015.02.12 09:08:45.427,0.74397,0.74405,1.00,1.69
2015.02.12 09:08:45.936,0.74401,0.74408,1.00,1.29
2015.02.12 09:08:46.039,0.744,0.74408,1.00,1.20
2015.02.12 09:08:46.141,0.74402,0.7441,1.00,1.84
2015.02.12 09:08:46.243,0.744,0.7441,4.31,1.09
2015.02.12 09:08:46.751,0.74401,0.74411,1.00,1.19
2015.02.12 09:08:47.263,0.74401,0.7441,1.00,1.31
2015.02.12 09:08:47.671,0.74399,0.74409,1.25,2.06
2015.02.12 09:08:47.823,0.74399,0.74408,1.00,1.56
2015.02.12 09:08:48.333,0.74398,0.74407,1.25,1.69
2015.02.12 09:08:48.841,0.74398,0.74407,1.00,1.69
2015.02.12 09:08:50.031,0.74398,0.74408,1.19,1.00
2015.02.12 09:08:50.536,0.74398,0.74409,1.19,1.69
2015.02.12 09:08:51.049,0.74397,0.74411,1.39,3.19
2015.02.12 09:08:51.354,0.74401,0.74411,2.06,1.00
2015.02.12 09:08:51.455,0.74403,0.74415,1.00,1.46
2015.02.12 09:08:51.898,0.744,0.74412,1.39,1.00
2015.02.12 09:08:52.357,0.74399,0.74413,4.39,2.44
2015.02.12 09:08:52.459,0.74402,0.74409,3.37,1.00
2015.02.12 09:08:52.562,0.74402,0.74411,3.37,1.25
2015.02.12 09:08:53.070,0.74402,0.7441,3.37,1.00
2015.02.12 09:08:53.327,0.74402,0.74413,3.56,2.44
2015.02.12 09:08:54.345,0.74402,0.74415,1.39,2.06
2015.02.12 09:08:54.752,0.74405,0.74415,1.25,1.25
2015.02.12 09:08:55.870,0.74405,0.74415,1.19,1.19
2015.02.12 09:08:56.739,0.74403,0.74416,1.84,1.69
2015.02.12 09:08:57.045,0.74403,0.74416,1.36,2.06
2015.02.12 09:08:57.554,0.74404,0.74415,3.34,1.00
2015.02.12 09:08:57.656,0.74404,0.74417,3.34,1.31
2015.02.12 09:08:58.173,0.74404,0.74416,2.59,1.50
2015.02.12 09:08:58.885,0.74406,0.74416,1.10,1.62
2015.02.12 09:08:59.291,0.74403,0.74415,1.36,1.69
2015.02.12 09:08:59.394,0.74401,0.74412,1.76,1.25
2015.02.12 09:08:59.445,0.74401,0.74412,1.10,1.19
2015.02.12 09:08:59.648,0.74398,0.74409,1.09,1.25
2015.02.12 09:08:59.750,0.74398,0.74407,1.99,1.00
2015.02.12 09:08:59.953,0.74399,0.7441,2.29,2.06
2015.02.12 09:09:00.815,0.74399,0.74409,2.29,1.00
2015.02.12 09:09:00.968,0.74399,0.7441,1.54,1.25
2015.02.12 09:09:01.475,0.74399,0.74409,2.29,1.00
2015.02.12 09:09:02.002,0.74398,0.7441,5.14,1.25
2015.02.12 09:09:02.408,0.744,0.74411,2.29,2.06
2015.02.12 09:09:03.019,0.74398,0.74408,7.91,1.00
2015.02.12 09:09:03.121,0.74398,0.7441,6.41,1.25
2015.02.12 09:09:03.274,0.74398,0.74409,5.06,1.25
2015.02.12 09:09:03.375,0.74398,0.74404,4.31,1.00
2015.02.12 09:09:03.477,0.74396,0.74406,1.69,1.00
2015.02.12 09:09:03.579,0.74396,0.74406,1.69,1.69
2015.02.12 09:09:03.731,0.74392,0.74406,3.19,2.59
2015.02.12 09:09:04.036,0.74391,0.74402,1.36,1.29
2015.02.12 09:09:04.340,0.74387,0.74401,1.84,1.40
2015.02.12 09:09:04.493,0.74387,0.74402,2.59,8.89
2015.02.12 09:09:05.204,0.74384,0.74397,1.34,1.00
2015.02.12 09:09:05.306,0.74384,0.74397,1.19,1.19
2015.02.12 09:09:05.408,0.74382,0.74397,1.69,2.14
2015.02.12 09:09:05.713,0.74383,0.74398,3.04,1.76
2015.02.12 09:09:06.017,0.74382,0.74394,1.69,1.25
2015.02.12 09:09:06.727,0.74382,0.74392,1.25,1.25
2015.02.12 09:09:07.740,0.74381,0.74393,1.00,2.06
2015.02.12 09:09:08.261,0.74382,0.74392,1.32,1.25
2015.02.12 09:09:08.721,0.74381,0.74393,1.25,1.31
2015.02.12 09:09:09.235,0.74382,0.74394,1.00,1.76
2015.02.12 09:09:09.337,0.74382,0.74394,1.19,1.76
2015.02.12 09:09:09.540,0.74386,0.74396,1.00,1.36
2015.02.12 09:09:09.642,0.74384,0.74396,1.00,1.29
2015.02.12 09:09:10.151,0.74383,0.74396,1.25,1.84
2015.02.12 09:09:10.693,0.74382,0.74394,1.31,1.25
2015.02.12 09:09:11.930,0.74384,0.74395,1.19,1.25
2015.02.12 09:09:12.439,0.74388,0.74397,1.00,1.19
2015.02.12 09:09:12.946,0.74388,0.74396,1.00,1.25
2015.02.12 09:09:13.621,0.74388,0.74395,1.00,1.00
2015.02.12 09:09:14.466,0.74389,0.74396,1.00,1.19
2015.02.12 09:09:14.922,0.7439,0.74397,1.00,1.25
2015.02.12 09:09:15.175,0.74388,0.74399,1.00,2.06
2015.02.12 09:09:15.635,0.74387,0.74397,1.00,2.06
2015.02.12 09:09:16.093,0.74389,0.74396,1.00,1.46
2015.02.12 09:09:16.398,0.74392,0.74397,1.00,3.11
2015.02.12 09:09:16.703,0.74392,0.744,1.10,2.25
2015.02.12 09:09:16.805,0.74394,0.74403,1.00,1.76
2015.02.12 09:09:17.473,0.74393,0.74404,1.10,4.09
2015.02.12 09:09:17.576,0.74396,0.74405,1.00,8.51
2015.02.12 09:09:17.880,0.74394,0.74404,1.00,1.36
2015.02.12 09:09:18.337,0.74393,0.74402,1.17,1.69
2015.02.12 09:09:18.388,0.74392,0.74402,1.20,1.84
2015.02.12 09:09:18.692,0.74395,0.74401,1.10,1.00
2015.02.12 09:09:19.099,0.74393,0.74401,1.10,1.00
2015.02.12 09:09:19.251,0.74392,0.74401,1.17,1.19
2015.02.12 09:09:19.820,0.74397,0.74401,1.00,1.00
2015.02.12 09:09:19.871,0.74397,0.74401,1.00,1.25
2015.02.12 09:09:20.078,0.74396,0.74405,1.17,1.29
2015.02.12 09:09:20.231,0.74399,0.74405,1.00,1.29
2015.02.12 09:09:20.741,0.74397,0.74406,1.17,1.69
2015.02.12 09:09:20.946,0.74399,0.74407,1.00,1.25
2015.02.12 09:09:21.149,0.744,0.74409,1.00,1.09
2015.02.12 09:09:21.200,0.74404,0.74409,1.00,1.25
2015.02.12 09:09:21.708,0.74405,0.74409,1.00,1.25
2015.02.12 09:09:22.218,0.74403,0.7441,1.17,1.19
2015.02.12 09:09:22.523,0.74404,0.74411,1.10,1.25
2015.02.12 09:09:23.032,0.74403,0.74413,1.00,5.06
2015.02.12 09:09:23.641,0.74403,0.74411,1.00,1.32
2015.02.12 09:09:24.150,0.74402,0.74412,1.00,1.64
2015.02.12 09:09:24.505,0.74402,0.74411,1.00,3.64
2015.02.12 09:09:25.014,0.74403,0.74411,1.00,2.89
2015.02.12 09:09:25.320,0.74403,0.74412,1.00,1.74
2015.02.12 09:09:25.574,0.74401,0.74411,1.10,2.74
2015.02.12 09:09:26.082,0.74404,0.74409,1.00,1.20
2015.02.12 09:09:26.389,0.74404,0.74412,1.00,1.36
2015.02.12 09:09:26.899,0.74403,0.74411,1.20,1.25
2015.02.12 09:09:27.357,0.74405,0.74413,1.00,1.84
2015.02.12 09:09:27.611,0.74405,0.74414,1.00,1.40
2015.02.12 09:09:27.662,0.74407,0.74414,1.00,1.40
2015.02.12 09:09:28.186,0.74407,0.74415,1.00,1.46
2015.02.12 09:09:29.057,0.74404,0.74415,2.21,1.31
2015.02.12 09:09:29.565,0.74406,0.74415,1.10,1.56
2015.02.12 09:09:30.073,0.74407,0.74416,1.10,1.19
2015.02.12 09:09:30.377,0.74405,0.74412,1.10,1.00
2015.02.12 09:09:30.885,0.74405,0.74415,1.10,1.76
2015.02.12 09:09:31.392,0.74403,0.74414,1.84,1.25
2015.02.12 09:09:31.917,0.74405,0.74414,1.10,1.62
2015.02.12 09:09:32.683,0.74403,0.74411,1.34,1.37
2015.02.12 09:09:32.939,0.74399,0.74407,1.20,1.00
2015.02.12 09:09:33.143,0.74399,0.74406,1.10,1.31
2015.02.12 09:09:33.651,0.74396,0.74407,1.84,1.19
2015.02.12 09:09:34.159,0.74396,0.74407,4.01,1.19
2015.02.12 09:09:35.125,0.74399,0.74408,1.20,1.62
2015.02.12 09:09:35.431,0.74405,0.74415,1.10,4.76
2015.02.12 09:09:35.634,0.74404,0.74416,1.84,3.04
2015.02.12 09:09:35.736,0.74405,0.74414,1.57,1.31
2015.02.12 09:09:36.767,0.74406,0.74417,2.51,2.51
2015.02.12 09:09:37.274,0.74405,0.74417,4.01,2.51
2015.02.12 09:09:38.775,0.74404,0.74415,1.84,1.69
2015.02.12 09:09:39.183,0.74402,0.74413,1.34,1.25
2015.02.12 09:09:39.335,0.74406,0.74414,1.00,1.39
2015.02.12 09:09:39.648,0.74408,0.74416,1.65,1.25
2015.02.12 09:09:41.789,0.74406,0.74416,1.84,1.31
2015.02.12 09:09:41.891,0.74404,0.74415,2.59,2.06
2015.02.12 09:09:42.246,0.74403,0.74412,1.84,1.50
2015.02.12 09:09:42.551,0.74399,0.74409,4.01,1.00
2015.02.12 09:09:42.602,0.74399,0.7441,1.34,1.09
2015.02.12 09:09:42.805,0.74398,0.74407,2.51,1.12
2015.02.12 09:09:42.856,0.74395,0.74407,4.01,2.81
2015.02.12 09:09:43.465,0.74397,0.74407,1.10,2.14
2015.02.12 09:09:43.993,0.74396,0.74407,1.17,2.14
2015.02.12 09:09:44.856,0.74394,0.74404,2.59,1.10
2015.02.12 09:09:45.375,0.74398,0.74404,1.25,1.00
2015.02.12 09:09:45.426,0.74398,0.74408,1.25,1.74
2015.02.12 09:09:45.477,0.74398,0.74408,1.09,1.66
2015.02.12 09:09:46.086,0.744,0.74408,1.27,1.12
2015.02.12 09:09:46.188,0.744,0.7441,1.84,1.25
2015.02.12 09:09:46.696,0.74401,0.74409,1.84,1.00
2015.02.12 09:09:47.152,0.74401,0.74412,1.34,1.31
2015.02.12 09:09:47.914,0.74404,0.74414,1.00,2.21
2015.02.12 09:09:48.459,0.74404,0.74414,1.25,1.77
2015.02.12 09:09:50.181,0.74403,0.74414,1.40,2.21
2015.02.12 09:09:50.842,0.74403,0.74412,1.40,1.00
2015.02.12 09:09:50.944,0.74402,0.7441,1.01,1.00
2015.02.12 09:09:51.249,0.74398,0.7441,2.59,2.14
2015.02.12 09:09:51.959,0.744,0.7441,1.10,2.14
2015.02.12 09:09:52.618,0.744,0.7441,1.17,1.69
2015.02.12 09:09:53.125,0.74398,0.74408,1.84,1.12
2015.02.12 09:09:53.632,0.74398,0.74407,1.65,1.31
2015.02.12 09:09:53.684,0.74398,0.74407,1.10,2.06
2015.02.12 09:09:53.735,0.74398,0.74407,1.10,2.06
2015.02.12 09:09:54.242,0.74396,0.74406,1.84,1.25
2015.02.12 09:09:54.547,0.74398,0.74408,1.15,1.56
2015.02.12 09:09:54.598,0.74398,0.74408,1.20,1.76
2015.02.12 09:09:54.801,0.74399,0.74409,1.17,2.06
2015.02.12 09:09:55.308,0.74398,0.74407,1.07,1.76
2015.02.12 09:09:56.514,0.74397,0.74405,1.20,1.50
2015.02.12 09:09:56.821,0.74394,0.74405,1.10,1.74
2015.02.12 09:09:57.329,0.74395,0.74405,1.25,1.36
2015.02.12 09:09:57.938,0.74395,0.74405,1.00,2.21
2015.02.12 09:09:58.715,0.74395,0.74405,1.17,1.39
2015.02.12 09:09:59.222,0.74395,0.74405,1.09,1.01
2015.02.12 09:09:59.629,0.74395,0.74405,1.01,1.09
2015.02.12 09:10:00.136,0.74395,0.74405,1.50,1.36
2015.02.12 09:10:00.830,0.74395,0.74402,1.00,1.00
2015.02.12 09:10:01.643,0.74394,0.74402,1.00,1.57
2015.02.12 09:10:02.784,0.74393,0.74402,1.50,1.01
2015.02.12 09:10:05.863,0.74393,0.74402,1.31,1.01
2015.02.12 09:10:06.270,0.74396,0.74402,1.00,1.01
2015.02.12 09:10:06.372,0.74393,0.74402,1.69,1.01
2015.02.12 09:10:06.882,0.74393,0.74403,1.12,1.36
2015.02.12 09:10:07.896,0.74393,0.74401,1.00,1.00
2015.02.12 09:10:08.759,0.74391,0.744,1.29,1.00
2015.02.12 09:10:09.308,0.7439,0.744,1.46,1.25
2015.02.12 09:10:09.858,0.74391,0.74401,1.01,1.01
2015.02.12 09:10:10.887,0.74392,0.74401,1.00,1.01
2015.02.12 09:10:10.988,0.74395,0.74402,1.00,1.10
2015.02.12 09:10:11.293,0.74397,0.74405,1.10,1.00
2015.02.12 09:10:11.648,0.74399,0.74405,1.00,1.00
2015.02.12 09:10:12.611,0.74397,0.74405,2.14,1.00
2015.02.12 09:10:12.967,0.74394,0.74404,1.36,1.10
2015.02.12 09:10:13.891,0.74394,0.74404,1.84,1.76
2015.02.12 09:10:14.399,0.74394,0.74403,1.26,1.01
2015.02.12 09:10:17.839,0.74396,0.74404,1.00,1.26
2015.02.12 09:10:17.993,0.74397,0.74405,1.01,1.25
2015.02.12 09:10:18.094,0.74397,0.74407,1.46,1.46
2015.02.12 09:10:18.247,0.74397,0.74407,1.01,1.84
2015.02.12 09:10:18.857,0.74397,0.74405,1.65,1.00
2015.02.12 09:10:19.364,0.74397,0.74405,1.00,1.10
2015.02.12 09:10:20.074,0.74397,0.74405,1.17,1.25
2015.02.12 09:10:20.581,0.74397,0.74405,1.00,1.25
2015.02.12 09:10:21.090,0.74395,0.74405,1.09,1.25
2015.02.12 09:10:21.789,0.74395,0.74405,1.36,1.19
2015.02.12 09:10:22.304,0.74395,0.74405,1.84,1.76
2015.02.12 09:10:23.478,0.74395,0.74405,1.95,1.29
2015.02.12 09:10:23.986,0.74395,0.74405,2.21,1.09
2015.02.12 09:10:24.037,0.74395,0.74405,4.39,1.10
2015.02.12 09:10:24.190,0.744,0.7441,1.95,1.61
2015.02.12 09:10:24.798,0.74401,0.74411,1.09,2.14
2015.02.12 09:10:25.341,0.74401,0.7441,1.09,1.19
2015.02.12 09:10:25.392,0.74401,0.7441,1.32,1.19
2015.02.12 09:10:25.595,0.74401,0.74411,1.20,2.14
2015.02.12 09:10:26.507,0.74401,0.74411,1.07,1.69
2015.02.12 09:10:27.333,0.74401,0.74411,1.74,1.00
2015.02.12 09:10:27.486,0.74402,0.74412,1.46,1.25
2015.02.12 09:10:27.993,0.74404,0.74414,1.50,1.84
2015.02.12 09:10:28.534,0.74405,0.74414,1.00,1.29
2015.02.12 09:10:28.839,0.74405,0.74412,1.00,1.19
2015.02.12 09:10:28.890,0.74403,0.74412,1.01,1.19
2015.02.12 09:10:29.550,0.74401,0.74411,1.10,2.14
2015.02.12 09:10:30.513,0.74401,0.7441,1.00,1.39
2015.02.12 09:10:31.020,0.74401,0.74409,1.00,1.62
2015.02.12 09:10:31.223,0.74399,0.74406,1.25,1.37
2015.02.12 09:10:31.732,0.74398,0.74407,1.00,1.84
2015.02.12 09:10:33.446,0.74398,0.74407,1.25,1.10
2015.02.12 09:10:33.966,0.74401,0.74409,1.00,1.39
2015.02.12 09:10:34.565,0.74402,0.7441,1.00,1.17
2015.02.12 09:10:34.718,0.74402,0.7441,1.00,1.20
2015.02.12 09:10:35.482,0.74402,0.74412,1.19,1.34
2015.02.12 09:10:36.040,0.74402,0.74412,1.19,1.36
2015.02.12 09:10:36.547,0.74404,0.74414,1.50,1.84
2015.02.12 09:10:37.054,0.74404,0.74414,1.95,1.36
2015.02.12 09:10:37.409,0.74405,0.74414,1.37,1.01
2015.02.12 09:10:37.916,0.74405,0.74415,2.96,1.10
2015.02.12 09:10:38.424,0.74405,0.74415,1.76,1.57
2015.02.12 09:10:38.931,0.74405,0.74415,1.76,2.96
2015.02.12 09:10:39.454,0.74403,0.74413,1.26,1.07
2015.02.12 09:10:39.910,0.74403,0.74413,2.51,1.09
2015.02.12 09:10:40.344,0.74403,0.74413,2.89,1.09
2015.02.12 09:10:40.547,0.74403,0.74413,2.21,1.00
2015.02.12 09:10:41.225,0.74404,0.74413,1.46,1.00
2015.02.12 09:10:41.327,0.74403,0.74413,2.21,1.00
2015.02.12 09:10:42.311,0.74403,0.74411,1.29,1.12
2015.02.12 09:10:42.515,0.74401,0.74411,2.14,2.02
2015.02.12 09:10:43.578,0.74401,0.7441,1.01,1.00
2015.02.12 09:10:44.136,0.74401,0.74411,1.01,3.64
2015.02.12 09:10:44.542,0.74401,0.74411,1.25,5.14
2015.02.12 09:10:45.101,0.74399,0.74408,1.25,1.20
2015.02.12 09:10:46.452,0.74398,0.74407,1.19,1.27
2015.02.12 09:10:46.707,0.74397,0.74406,1.25,1.20
2015.02.12 09:10:47.208,0.74397,0.74407,1.09,1.76
2015.02.12 09:10:47.715,0.74398,0.74408,1.01,1.76
2015.02.12 09:10:48.223,0.74398,0.74407,1.01,1.00
2015.02.12 09:10:48.730,0.74399,0.74407,1.00,1.69
2015.02.12 09:10:49.339,0.74399,0.74407,1.00,1.84
2015.02.12 09:10:51.724,0.74399,0.74409,1.76,3.64
2015.02.12 09:10:52.225,0.74399,0.74408,1.01,1.00
2015.02.12 09:10:53.501,0.74399,0.74407,1.01,1.00
2015.02.12 09:10:53.806,0.74401,0.74408,1.00,1.00
2015.02.12 09:10:54.314,0.74399,0.74409,2.21,2.81
2015.02.12 09:10:54.833,0.74399,0.74408,2.21,1.00
2015.02.12 09:10:55.142,0.74399,0.74407,3.56,1.00
2015.02.12 09:10:55.193,0.74399,0.74407,1.39,1.00
2015.02.12 09:10:55.701,0.74397,0.74407,1.46,1.69
2015.02.12 09:10:57.108,0.74397,0.74406,1.09,1.00
2015.02.12 09:10:57.868,0.74397,0.74407,1.09,1.25
2015.02.12 09:10:58.273,0.74397,0.74407,1.46,1.69
2015.02.12 09:10:58.982,0.74397,0.74407,1.39,1.29
2015.02.12 09:11:00.201,0.74397,0.74407,1.39,1.29
2015.02.12 09:11:00.252,0.74397,0.74407,1.39,1.76
2015.02.12 09:11:00.759,0.744,0.74407,1.00,1.01
2015.02.12 09:11:00.912,0.744,0.7441,1.31,1.84
2015.02.12 09:11:00.963,0.744,0.7441,1.62,1.76
2015.02.12 09:11:01.470,0.74401,0.74411,1.62,1.09
2015.02.12 09:11:01.977,0.74403,0.74413,1.01,1.76
2015.02.12 09:11:02.484,0.74403,0.74413,2.14,1.01
2015.02.12 09:11:02.990,0.74404,0.74414,1.45,2.89
2015.02.12 09:11:03.194,0.74403,0.74412,1.09,1.37
2015.02.12 09:11:03.296,0.74401,0.74411,1.09,2.21
2015.02.12 09:11:03.855,0.74401,0.74411,1.17,2.14
2015.02.12 09:11:05.394,0.74401,0.74411,1.40,2.06
2015.02.12 09:11:05.597,0.74401,0.74411,1.32,2.14
2015.02.12 09:11:06.713,0.74401,0.74411,1.40,2.06
2015.02.12 09:11:09.440,0.74402,0.74412,1.09,2.59
2015.02.12 09:11:09.966,0.74402,0.74411,1.09,1.00
2015.02.12 09:11:10.635,0.74402,0.74411,1.01,1.17
2015.02.12 09:11:11.153,0.74402,0.74411,1.15,1.25
2015.02.12 09:11:11.666,0.74402,0.74412,1.27,1.19
2015.02.12 09:11:12.178,0.74402,0.74411,1.32,1.10
2015.02.12 09:11:12.686,0.74402,0.74412,2.21,1.25
2015.02.12 09:11:13.216,0.74402,0.74412,1.27,1.19
2015.02.12 09:11:14.142,0.74402,0.74412,2.21,1.69
2015.02.12 09:11:15.832,0.74406,0.74413,1.00,1.31
2015.02.12 09:11:16.137,0.74402,0.74412,1.00,2.21
2015.02.12 09:11:17.725,0.74401,0.74409,1.76,1.25
2015.02.12 09:11:18.226,0.74401,0.74409,1.57,1.19
2015.02.12 09:11:18.737,0.74403,0.74409,1.00,1.19
2015.02.12 09:11:19.279,0.74403,0.74409,1.00,1.00
2015.02.12 09:11:19.431,0.74401,0.74409,1.50,1.12
2015.02.12 09:11:20.174,0.74401,0.7441,1.10,1.31
2015.02.12 09:11:20.686,0.74401,0.7441,1.47,2.06
2015.02.12 09:11:21.192,0.74401,0.7441,1.25,1.95
2015.02.12 09:11:21.722,0.74401,0.74409,1.25,1.37
2015.02.12 09:11:22.128,0.744,0.7441,1.00,2.21
2015.02.12 09:11:22.248,0.74401,0.74411,1.57,2.89
2015.02.12 09:11:22.656,0.74404,0.74412,1.00,1.19
2015.02.12 09:11:23.264,0.74404,0.74412,1.00,1.19
2015.02.12 09:11:23.876,0.74404,0.74414,1.20,2.14
2015.02.12 09:11:24.080,0.74403,0.74411,1.10,1.62
2015.02.12 09:11:24.385,0.744,0.74411,2.21,1.39
2015.02.12 09:11:24.740,0.74403,0.74411,1.00,3.64
2015.02.12 09:11:25.044,0.74401,0.74411,1.00,3.71
2015.02.12 09:11:26.021,0.74401,0.7441,1.00,1.46
2015.02.12 09:11:26.270,0.74398,0.74408,1.84,1.46
2015.02.12 09:11:26.373,0.74397,0.74407,1.10,1.39
2015.02.12 09:11:27.365,0.74397,0.74407,1.01,2.89
2015.02.12 09:11:27.881,0.74397,0.74406,1.01,1.00
2015.02.12 09:11:28.085,0.74397,0.74405,1.00,2.14
2015.02.12 09:11:28.403,0.74396,0.74404,1.00,1.19
2015.02.12 09:11:28.911,0.74397,0.74404,1.10,1.00
2015.02.12 09:11:29.114,0.74397,0.74407,1.20,1.29
2015.02.12 09:11:29.624,0.74396,0.74406,1.76,1.76
2015.02.12 09:11:29.878,0.74396,0.74406,1.76,1.76
2015.02.12 09:11:30.897,0.74396,0.74406,1.10,1.76
2015.02.12 09:11:31.202,0.74397,0.74407,1.56,1.36
2015.02.12 09:11:31.355,0.74399,0.74409,1.66,1.76
2015.02.12 09:11:31.862,0.744,0.7441,1.09,1.36
2015.02.12 09:11:32.377,0.74401,0.7441,1.20,1.19
2015.02.12 09:11:33.384,0.744,0.7441,1.76,1.84
2015.02.12 09:11:33.962,0.74401,0.7441,1.25,1.76
2015.02.12 09:11:34.165,0.744,0.7441,1.19,2.96
2015.02.12 09:11:34.216,0.74398,0.74408,1.76,1.39
2015.02.12 09:11:34.470,0.74399,0.74406,1.00,1.40
2015.02.12 09:11:34.673,0.74397,0.74406,1.00,3.26
2015.02.12 09:11:35.382,0.74397,0.74405,1.12,1.84
2015.02.12 09:11:35.890,0.74396,0.74405,1.37,1.09
2015.02.12 09:11:36.404,0.74396,0.74406,1.87,3.64
2015.02.12 09:11:36.759,0.74395,0.74403,1.25,1.15
2015.02.12 09:11:37.065,0.74394,0.74402,1.00,3.07
2015.02.12 09:11:37.169,0.74392,0.74402,1.69,1.84
2015.02.12 09:11:37.271,0.74392,0.74402,1.69,4.76
2015.02.12 09:11:37.576,0.74391,0.744,1.69,2.32
2015.02.12 09:11:37.627,0.74391,0.744,1.50,2.51
2015.02.12 09:11:37.880,0.74391,0.744,1.37,1.40
2015.02.12 09:11:38.794,0.74391,0.74401,2.06,1.84
2015.02.12 09:11:39.508,0.74393,0.74401,1.37,1.40
2015.02.12 09:11:39.610,0.74393,0.74402,1.87,1.36
2015.02.12 09:11:39.711,0.74392,0.74402,1.00,4.76
2015.02.12 09:11:39.814,0.74392,0.74402,1.12,1.84
2015.02.12 09:11:39.916,0.74392,0.74401,1.12,2.51
2015.02.12 09:11:40.119,0.7439,0.744,1.57,1.36
2015.02.12 09:11:40.628,0.74388,0.74397,1.19,1.01
2015.02.12 09:11:40.680,0.74388,0.74397,1.19,4.01
2015.02.12 09:11:40.935,0.74387,0.74395,1.00,2.59
2015.02.12 09:11:40.986,0.74384,0.74393,1.56,1.17
2015.02.12 09:11:41.580,0.74384,0.74393,1.56,1.17
2015.02.12 09:11:41.734,0.74384,0.74392,1.25,1.40
2015.02.12 09:11:41.988,0.74382,0.74391,1.56,1.17
2015.02.12 09:11:42.497,0.74383,0.74392,1.56,2.51
2015.02.12 09:11:42.599,0.74383,0.74394,2.06,1.34
2015.02.12 09:11:42.903,0.74382,0.74392,2.44,3.07
2015.02.12 09:11:43.005,0.74382,0.74392,1.69,1.17
2015.02.12 09:11:44.323,0.74382,0.74393,1.64,1.65
2015.02.12 09:11:44.830,0.74382,0.74393,1.64,1.46
2015.02.12 09:11:45.692,0.74382,0.74393,1.56,1.40
2015.02.12 09:11:46.209,0.74382,0.7439,1.25,1.65
2015.02.12 09:11:46.412,0.74378,0.74388,2.51,1.10
2015.02.12 09:11:46.919,0.74378,0.74389,1.66,1.09
2015.02.12 09:11:47.375,0.74378,0.74388,1.31,1.09
2015.02.12 09:11:47.578,0.74377,0.74387,1.25,5.14
2015.02.12 09:11:47.883,0.74376,0.74385,1.19,2.70
2015.02.12 09:11:48.593,0.74374,0.74385,2.14,2.89
2015.02.12 09:11:48.746,0.74374,0.74387,2.14,6.19
2015.02.12 09:11:48.899,0.74375,0.74387,1.26,1.84
2015.02.12 09:11:49.001,0.74378,0.74387,1.20,1.01
2015.02.12 09:11:49.509,0.74378,0.74389,1.31,1.15
2015.02.12 09:11:50.526,0.74376,0.74388,3.71,2.21
2015.02.12 09:11:50.577,0.74376,0.74388,3.71,2.21
2015.02.12 09:11:51.085,0.74376,0.74388,1.76,5.89
2015.02.12 09:11:51.630,0.74375,0.74385,1.36,1.47
2015.02.12 09:11:52.138,0.74377,0.74386,1.00,1.77
2015.02.12 09:11:52.392,0.74377,0.74386,1.37,1.71
2015.02.12 09:11:52.494,0.74383,0.74388,1.00,1.10
2015.02.12 09:11:52.598,0.74382,0.74393,1.76,2.59
2015.02.12 09:11:52.649,0.74382,0.74395,3.94,5.14
2015.02.12 09:11:52.904,0.74383,0.74394,1.46,1.00
2015.02.12 09:11:53.056,0.74385,0.74395,2.51,1.25
2015.02.12 09:11:55.243,0.74384,0.74396,1.46,1.84
2015.02.12 09:11:57.112,0.74384,0.74396,1.71,1.84
2015.02.12 09:11:57.416,0.74387,0.74398,1.19,1.40
2015.02.12 09:11:57.518,0.74387,0.74399,1.36,1.46
2015.02.12 09:11:57.671,0.74389,0.74399,1.32,1.25
2015.02.12 09:11:58.212,0.74391,0.74401,1.10,1.29
2015.02.12 09:11:58.715,0.74391,0.74401,1.66,1.34
2015.02.12 09:11:59.222,0.74391,0.74401,1.66,1.29
2015.02.12 09:11:59.730,0.74391,0.74401,1.74,1.00
2015.02.12 09:12:00.034,0.74388,0.74399,1.71,1.25
2015.02.12 09:12:00.600,0.74392,0.744,1.00,1.76
2015.02.12 09:12:00.702,0.74392,0.74401,3.64,1.10
2015.02.12 09:12:01.007,0.74394,0.74406,1.32,4.84
2015.02.12 09:12:01.515,0.74394,0.74405,1.09,1.29
2015.02.12 09:12:02.022,0.74394,0.74404,1.66,1.10
2015.02.12 09:12:02.592,0.74394,0.74404,1.66,1.10
2015.02.12 09:12:03.105,0.74393,0.74405,2.21,1.09
2015.02.12 09:12:03.696,0.74393,0.74404,1.74,1.10
2015.02.12 09:12:04.205,0.74392,0.74404,2.21,1.01
2015.02.12 09:12:04.510,0.74393,0.74405,1.64,4.01
2015.02.12 09:12:04.869,0.74397,0.74405,1.37,2.44
2015.02.12 09:12:04.920,0.74396,0.74406,1.37,1.15
2015.02.12 09:12:05.022,0.74397,0.74409,1.64,6.19
2015.02.12 09:12:05.125,0.74398,0.74409,1.77,1.29
2015.02.12 09:12:05.633,0.74396,0.74407,4.39,1.10
2015.02.12 09:12:06.140,0.74396,0.74406,4.39,1.00
2015.02.12 09:12:06.445,0.744,0.74408,1.10,1.00
2015.02.12 09:12:06.598,0.744,0.74409,1.17,1.25
2015.02.12 09:12:06.699,0.744,0.7441,1.10,1.76
2015.02.12 09:12:09.025,0.74399,0.7441,1.46,2.21
2015.02.12 09:12:09.381,0.74397,0.74409,1.84,2.21
2015.02.12 09:12:09.888,0.74395,0.74406,5.21,1.47
2015.02.12 09:12:10.041,0.74395,0.74405,1.39,1.95
2015.02.12 09:12:10.577,0.74393,0.74404,2.29,1.00
2015.02.12 09:12:11.185,0.74394,0.74405,2.21,1.00
2015.02.12 09:12:11.692,0.74395,0.74404,1.19,1.10
2015.02.12 09:12:12.199,0.74395,0.74404,1.12,1.39
2015.02.12 09:12:12.402,0.74393,0.74403,1.39,1.07
2015.02.12 09:12:12.909,0.74392,0.74403,3.34,1.76
2015.02.12 09:12:13.263,0.74392,0.74403,3.26,2.96
2015.02.12 09:12:13.518,0.74392,0.74401,1.17,1.62
2015.02.12 09:12:13.925,0.7439,0.74399,3.26,1.19
2015.02.12 09:12:14.231,0.74386,0.74393,1.00,1.74
2015.02.12 09:12:14.587,0.74383,0.74391,1.69,1.31
2015.02.12 09:12:14.942,0.74381,0.74389,2.40,1.00
2015.02.12 09:12:15.448,0.74381,0.74389,1.50,1.00
2015.02.12 09:12:15.955,0.7438,0.74388,1.10,1.00
2015.02.12 09:12:16.498,0.7438,0.74389,2.29,1.00
2015.02.12 09:12:17.006,0.74382,0.7439,1.01,1.00
2015.02.12 09:12:17.767,0.74382,0.7439,1.39,1.00
2015.02.12 09:12:18.679,0.74383,0.74394,1.62,1.91
2015.02.12 09:12:19.136,0.74383,0.74391,1.39,1.00
2015.02.12 09:12:19.340,0.74383,0.74389,1.25,1.37
2015.02.12 09:12:19.391,0.74381,0.74389,1.07,1.87
2015.02.12 09:12:19.594,0.74381,0.74389,1.87,1.50
2015.02.12 09:12:19.696,0.74381,0.7439,2.32,1.01
2015.02.12 09:12:20.203,0.74382,0.74392,1.27,2.21
2015.02.12 09:12:20.712,0.7438,0.74391,1.76,1.84
2015.02.12 09:12:21.016,0.7438,0.74391,3.26,1.09
2015.02.12 09:12:21.523,0.74381,0.74393,3.71,3.34
2015.02.12 09:12:22.031,0.74383,0.74393,1.50,1.84
2015.02.12 09:12:22.537,0.74381,0.74392,1.71,3.04
2015.02.12 09:12:22.866,0.7438,0.74389,1.00,1.71
2015.02.12 09:12:22.917,0.74378,0.74389,2.10,1.71
2015.02.12 09:12:23.423,0.74377,0.74387,1.00,3.04
2015.02.12 09:12:23.474,0.74377,0.74386,1.00,2.51
2015.02.12 09:12:23.627,0.74374,0.74385,1.31,1.46
2015.02.12 09:12:26.828,0.74373,0.74385,2.96,1.34
2015.02.12 09:12:26.931,0.74374,0.74386,1.62,3.64
2015.02.12 09:12:27.033,0.74375,0.74386,1.12,1.34
2015.02.12 09:12:27.391,0.74375,0.74386,2.10,1.10
2015.02.12 09:12:27.900,0.74376,0.74387,1.47,1.36
2015.02.12 09:12:28.154,0.74378,0.74389,1.57,1.34
2015.02.12 09:12:29.074,0.74377,0.74389,2.21,1.46
2015.02.12 09:12:29.175,0.74377,0.74388,1.74,1.32
2015.02.12 09:12:29.697,0.74376,0.74387,2.21,1.36
2015.02.12 09:12:31.597,0.74376,0.74386,2.25,2.89
2015.02.12 09:12:31.903,0.74375,0.74383,1.10,1.76
2015.02.12 09:12:32.715,0.74374,0.74383,2.25,1.34
2015.02.12 09:12:33.830,0.74373,0.74383,1.47,2.14
2015.02.12 09:12:34.985,0.74372,0.74383,1.46,2.89
2015.02.12 09:12:35.498,0.74372,0.74381,1.45,1.29
2015.02.12 09:12:36.080,0.74369,0.7438,3.34,1.39
2015.02.12 09:12:36.589,0.74368,0.74378,1.71,1.00
2015.02.12 09:12:36.904,0.74367,0.74378,2.96,1.39
2015.02.12 09:12:37.107,0.74367,0.74377,2.02,1.31
2015.02.12 09:12:37.310,0.74365,0.74376,2.14,1.54
2015.02.12 09:12:37.869,0.74365,0.74377,1.26,1.71
2015.02.12 09:12:38.985,0.74366,0.74378,2.14,1.54
2015.02.12 09:12:39.493,0.74368,0.74378,2.02,1.19
2015.02.12 09:12:40.013,0.74368,0.74378,2.02,1.19
2015.02.12 09:12:42.502,0.74366,0.74376,1.34,1.12
2015.02.12 09:12:43.211,0.74366,0.74376,1.31,1.09
2015.02.12 09:12:43.718,0.74365,0.74377,1.39,1.34
2015.02.12 09:12:43.870,0.74365,0.74372,1.09,1.00
2015.02.12 09:12:44.032,0.74364,0.74372,1.10,1.00
2015.02.12 09:12:44.538,0.74362,0.74372,1.57,1.39
2015.02.12 09:12:45.049,0.74362,0.74372,1.20,1.84
2015.02.12 09:12:45.562,0.74363,0.74371,1.00,1.25
2015.02.12 09:12:46.073,0.74362,0.74371,1.27,1.25
2015.02.12 09:12:47.002,0.74361,0.74371,2.59,2.06
2015.02.12 09:12:47.206,0.7436,0.7437,1.10,1.29
2015.02.12 09:12:47.309,0.74362,0.7437,1.00,1.01
2015.02.12 09:12:47.410,0.7436,0.7437,1.10,1.29
2015.02.12 09:12:47.926,0.74362,0.7437,1.00,1.29
2015.02.12 09:12:48.820,0.74358,0.74366,1.69,1.27
2015.02.12 09:12:49.176,0.74357,0.74366,1.57,1.46
2015.02.12 09:12:49.278,0.74359,0.74366,1.00,1.46
2015.02.12 09:12:49.431,0.74357,0.74366,1.20,1.77
2015.02.12 09:12:49.838,0.74359,0.74365,1.00,1.17
2015.02.12 09:12:49.990,0.7436,0.74368,1.00,1.46
2015.02.12 09:12:50.092,0.74359,0.74367,1.00,2.44
2015.02.12 09:12:50.396,0.74357,0.74365,1.00,1.74
2015.02.12 09:12:50.448,0.74355,0.74365,1.87,1.74
2015.02.12 09:12:50.601,0.74357,0.74365,1.00,1.74
2015.02.12 09:12:51.180,0.74355,0.74364,1.00,1.76
2015.02.12 09:12:51.488,0.74352,0.74363,2.29,1.40
2015.02.12 09:12:51.996,0.74353,0.74364,1.37,2.96
2015.02.12 09:12:52.508,0.74353,0.74363,1.37,1.34
2015.02.12 09:12:53.018,0.74355,0.74363,1.00,1.34
2015.02.12 09:12:53.525,0.74354,0.74363,1.00,1.36
2015.02.12 09:12:53.779,0.74355,0.74365,1.00,2.51
2015.02.12 09:12:54.286,0.74354,0.74365,1.12,2.51
2015.02.12 09:12:54.793,0.74357,0.74366,1.00,2.89
2015.02.12 09:12:54.946,0.74357,0.74368,1.12,2.96
2015.02.12 09:12:56.064,0.74358,0.74367,1.00,1.36
2015.02.12 09:12:56.572,0.74359,0.7437,1.00,1.61
2015.02.12 09:12:56.673,0.74361,0.7437,1.00,1.61
2015.02.12 09:12:56.926,0.74359,0.7437,1.27,1.54
2015.02.12 09:12:57.511,0.7436,0.7437,1.00,1.46
2015.02.12 09:12:58.117,0.74359,0.74369,1.20,1.39
2015.02.12 09:12:59.682,0.74359,0.7437,1.10,1.54
2015.02.12 09:13:00.193,0.7436,0.7437,1.00,1.54
2015.02.12 09:13:00.702,0.7436,0.74369,1.00,1.09
2015.02.12 09:13:01.203,0.74362,0.74369,1.00,1.32
2015.02.12 09:13:02.604,0.7436,0.74369,1.01,1.26
2015.02.12 09:13:02.808,0.74362,0.74369,1.00,1.36
2015.02.12 09:13:03.164,0.74363,0.74373,1.00,3.41
2015.02.12 09:13:03.671,0.74364,0.74373,1.10,1.44
2015.02.12 09:13:04.845,0.74365,0.74374,1.00,1.56
2015.02.12 09:13:05.099,0.74366,0.74374,1.00,1.01
2015.02.12 09:13:05.150,0.74368,0.74375,1.00,1.36
2015.02.12 09:13:05.252,0.74366,0.74375,1.00,1.36
2015.02.12 09:13:05.355,0.74363,0.74373,2.21,1.00
2015.02.12 09:13:05.558,0.74365,0.74371,1.10,1.00
2015.02.12 09:13:05.761,0.74362,0.74371,1.29,1.17
2015.02.12 09:13:06.270,0.74361,0.74372,1.56,1.91
2015.02.12 09:13:06.845,0.74363,0.74371,1.12,1.19
2015.02.12 09:13:07.403,0.74363,0.74375,1.27,1.51
2015.02.12 09:13:07.607,0.74364,0.74376,1.10,2.96
2015.02.12 09:13:08.553,0.74366,0.74376,1.00,1.09
2015.02.12 09:13:09.061,0.74365,0.74376,1.69,1.81
2015.02.12 09:13:11.721,0.74364,0.74376,1.01,2.36
2015.02.12 09:13:12.314,0.74364,0.74376,3.26,2.36
2015.02.12 09:13:12.922,0.74366,0.74377,1.17,2.36
2015.02.12 09:13:13.913,0.74366,0.74377,1.09,2.29
2015.02.12 09:13:14.961,0.74366,0.74377,1.17,2.29
2015.02.12 09:13:15.443,0.74365,0.74377,1.20,3.11
2015.02.12 09:13:17.473,0.74364,0.74375,1.10,1.84
2015.02.12 09:13:17.780,0.74361,0.74372,2.21,1.39
2015.02.12 09:13:17.984,0.74361,0.74372,1.12,3.79
2015.02.12 09:13:18.534,0.74361,0.74372,1.12,8.89
2015.02.12 09:13:21.084,0.7436,0.7437,1.31,1.09
2015.02.12 09:13:21.542,0.74362,0.74371,1.00,2.29
2015.02.12 09:13:21.847,0.74364,0.74371,1.00,1.29
2015.02.12 09:13:22.354,0.74364,0.74372,1.12,1.84
2015.02.12 09:13:23.216,0.74364,0.74372,1.00,1.09
2015.02.12 09:13:23.722,0.74364,0.74372,1.00,1.46
2015.02.12 09:13:23.976,0.74362,0.74372,1.10,2.59
2015.02.12 09:13:25.179,0.74361,0.74371,1.65,1.76
2015.02.12 09:13:25.433,0.7436,0.7437,1.25,2.21
2015.02.12 09:13:25.941,0.7436,0.7437,1.25,4.01
2015.02.12 09:13:26.458,0.7436,0.74369,1.10,1.09
2015.02.12 09:13:26.965,0.74359,0.74369,1.69,1.91
2015.02.12 09:13:27.471,0.74359,0.74369,1.69,1.91
2015.02.12 09:13:27.879,0.7436,0.7437,1.47,2.89
2015.02.12 09:13:28.436,0.74361,0.74371,1.27,1.01
2015.02.12 09:13:28.639,0.74357,0.74367,13.69,1.00
2015.02.12 09:13:28.791,0.74357,0.74362,7.95,1.00
2015.02.12 09:13:28.893,0.74357,0.74365,4.20,1.19
2015.02.12 09:13:28.945,0.74357,0.74365,1.95,1.29
2015.02.12 09:13:29.452,0.74357,0.74368,1.65,1.46
2015.02.12 09:13:29.972,0.74357,0.74369,1.65,2.59
2015.02.12 09:13:30.684,0.7436,0.74368,1.00,1.46
2015.02.12 09:13:30.887,0.7436,0.74371,1.07,3.71
2015.02.12 09:13:30.938,0.7436,0.74371,3.07,3.64
2015.02.12 09:13:31.460,0.74361,0.74371,1.17,1.54
2015.02.12 09:13:32.929,0.7436,0.74369,1.07,1.05
2015.02.12 09:13:33.882,0.7436,0.7437,1.07,2.29
2015.02.12 09:13:34.544,0.74362,0.7437,1.00,1.41
2015.02.12 09:13:35.042,0.74357,0.74367,2.81,2.32
2015.02.12 09:13:35.144,0.74361,0.74369,1.00,4.99
2015.02.12 09:13:35.245,0.74363,0.7437,1.00,1.61
2015.02.12 09:13:35.954,0.74363,0.74371,1.00,1.84
2015.02.12 09:13:36.461,0.74364,0.74371,1.00,1.54
2015.02.12 09:13:36.967,0.74363,0.74371,1.00,1.54
2015.02.12 09:13:37.475,0.74362,0.7437,1.00,1.61
2015.02.12 09:13:37.984,0.74361,0.7437,1.00,1.61
2015.02.12 09:13:38.290,0.74357,0.74367,1.36,1.27
2015.02.12 09:13:38.528,0.74357,0.74367,1.00,1.51
2015.02.12 09:13:39.731,0.74357,0.74367,1.00,3.41
2015.02.12 09:13:40.930,0.74359,0.74367,1.00,3.41
2015.02.12 09:13:41.032,0.74357,0.74367,1.00,2.66
2015.02.12 09:13:41.236,0.74359,0.74366,1.00,2.51
2015.02.12 09:13:41.287,0.74359,0.74368,1.00,3.41
2015.02.12 09:13:41.641,0.74359,0.74369,1.00,2.21
2015.02.12 09:13:43.055,0.7436,0.7437,1.00,5.14
2015.02.12 09:13:43.562,0.74361,0.7437,1.00,1.09
2015.02.12 09:13:43.766,0.74363,0.74371,1.00,1.54
2015.02.12 09:13:44.173,0.7436,0.7437,1.00,2.66
2015.02.12 09:13:44.680,0.74361,0.74368,2.25,1.46
2015.02.12 09:13:45.288,0.74362,0.7437,1.00,1.51
2015.02.12 09:13:45.793,0.74362,0.7437,1.00,1.51
2015.02.12 09:13:46.405,0.74362,0.7437,1.00,1.56
2015.02.12 09:13:46.914,0.74362,0.74372,1.57,1.46
2015.02.12 09:13:47.622,0.74362,0.74372,1.00,1.91
2015.02.12 09:13:48.435,0.74362,0.74372,2.14,1.46
2015.02.12 09:13:48.943,0.74363,0.74374,2.32,1.84
2015.02.12 09:13:49.919,0.74363,0.74374,2.25,4.46
2015.02.12 09:13:53.385,0.74362,0.74373,2.51,1.84
2015.02.12 09:13:53.689,0.7436,0.74371,2.40,1.54
2015.02.12 09:13:54.550,0.7436,0.7437,1.00,1.81
2015.02.12 09:13:54.601,0.74358,0.74369,1.76,1.84
2015.02.12 09:13:55.108,0.74357,0.74368,1.10,2.74
2015.02.12 09:13:55.615,0.74355,0.74365,1.50,1.36
2015.02.12 09:13:55.767,0.74355,0.74365,1.00,3.11
2015.02.12 09:13:56.274,0.74354,0.74364,2.25,1.34
2015.02.12 09:13:56.781,0.74354,0.74364,2.25,1.34
2015.02.12 09:13:57.896,0.74354,0.74363,1.57,1.71
2015.02.12 09:13:58.200,0.74354,0.7436,1.00,1.34
2015.02.12 09:13:58.302,0.74352,0.7436,1.00,3.34
2015.02.12 09:13:58.454,0.7435,0.74361,2.06,1.44
2015.02.12 09:13:58.759,0.7435,0.7436,3.34,1.00
2015.02.12 09:13:58.959,0.74352,0.7436,1.00,1.09
2015.02.12 09:14:00.024,0.74352,0.7436,1.12,1.01
2015.02.12 09:14:01.943,0.74351,0.74361,2.14,1.01
2015.02.12 09:14:02.986,0.74352,0.74362,1.00,1.46
2015.02.12 09:14:03.445,0.74351,0.74361,1.25,2.44
2015.02.12 09:14:03.547,0.74351,0.74363,1.01,6.04
2015.02.12 09:14:06.902,0.7435,0.74359,1.09,1.00
2015.02.12 09:14:07.611,0.7435,0.74361,1.46,1.76
2015.02.12 09:14:08.524,0.74352,0.74361,1.00,1.36
2015.02.12 09:14:09.031,0.74351,0.74362,1.69,1.44
2015.02.12 09:14:10.191,0.7435,0.74358,1.29,1.00
2015.02.12 09:14:10.700,0.74349,0.7436,2.59,1.36
2015.02.12 09:14:11.210,0.74349,0.7436,5.51,1.39
2015.02.12 09:14:11.937,0.74349,0.7436,4.76,1.09
2015.02.12 09:14:12.089,0.74349,0.74358,3.26,1.00
2015.02.12 09:14:12.495,0.74348,0.74358,3.34,1.12
2015.02.12 09:14:12.698,0.74347,0.74357,4.39,1.10
2015.02.12 09:14:13.241,0.74346,0.74356,2.14,1.01
2015.02.12 09:14:13.649,0.74345,0.74355,1.39,1.47
2015.02.12 09:14:13.751,0.74345,0.74355,1.31,1.54
2015.02.12 09:14:14.209,0.74344,0.74352,1.10,1.00
2015.02.12 09:14:14.616,0.74346,0.74353,1.00,1.16
2015.02.12 09:14:14.819,0.74343,0.74354,1.76,2.96
2015.02.12 09:14:15.277,0.74341,0.74351,1.19,1.17
2015.02.12 09:14:15.788,0.7434,0.7435,1.19,1.34
2015.02.12 09:14:16.655,0.74343,0.74351,1.00,3.26
2015.02.12 09:14:16.706,0.74343,0.74351,1.00,1.09
2015.02.12 09:14:17.214,0.74343,0.74354,1.00,4.84
2015.02.12 09:14:17.726,0.74342,0.74353,1.00,1.91
2015.02.12 09:14:18.638,0.74343,0.74353,1.00,1.84
2015.02.12 09:14:18.740,0.74345,0.74353,1.00,1.36
2015.02.12 09:14:19.552,0.74344,0.74353,1.00,1.46
2015.02.12 09:14:20.093,0.74345,0.74355,1.00,2.66
2015.02.12 09:14:20.398,0.74347,0.74356,1.00,1.54
2015.02.12 09:14:20.702,0.74349,0.74357,1.00,2.21
2015.02.12 09:14:21.056,0.74351,0.74358,1.00,1.36
2015.02.12 09:14:21.158,0.7435,0.74359,1.00,2.36
2015.02.12 09:14:21.260,0.74352,0.74359,1.00,1.36
2015.02.12 09:14:21.666,0.74353,0.74362,1.00,2.66
2015.02.12 09:14:21.869,0.74355,0.74362,1.00,1.01
2015.02.12 09:14:22.578,0.74354,0.74364,1.00,1.61
2015.02.12 09:14:22.882,0.74353,0.7436,1.10,1.00
2015.02.12 09:14:23.388,0.74352,0.7436,1.00,1.50
2015.02.12 09:14:23.895,0.74352,0.7436,1.00,1.56
2015.02.12 09:14:24.402,0.74353,0.7436,1.00,2.06
2015.02.12 09:14:24.910,0.74352,0.7436,1.10,1.19
2015.02.12 09:14:25.468,0.74353,0.74363,1.00,3.86
2015.02.12 09:14:25.975,0.74353,0.74362,1.00,1.46
2015.02.12 09:14:26.897,0.74353,0.74362,1.10,1.56
2015.02.12 09:14:27.857,0.74352,0.74363,1.17,2.89
2015.02.12 09:14:28.162,0.74352,0.74363,1.17,4.31
2015.02.12 09:14:28.264,0.74351,0.74361,1.00,1.64
2015.02.12 09:14:28.770,0.7435,0.74361,1.10,2.21
2015.02.12 09:14:28.872,0.7435,0.74361,1.10,2.29
2015.02.12 09:14:29.278,0.74348,0.74358,1.09,1.46
2015.02.12 09:14:29.987,0.74347,0.74357,1.10,1.39
2015.02.12 09:14:30.595,0.74349,0.74357,1.00,1.39
2015.02.12 09:14:31.127,0.74347,0.74357,1.27,1.31
2015.02.12 09:14:31.887,0.74348,0.74357,1.65,1.19
2015.02.12 09:14:32.395,0.74348,0.74358,1.17,1.29
2015.02.12 09:14:33.003,0.7435,0.74359,1.15,1.19
2015.02.12 09:14:33.918,0.74352,0.7436,1.17,1.19
2015.02.12 09:14:34.019,0.74354,0.74361,1.17,1.69
2015.02.12 09:14:34.615,0.74353,0.74362,1.15,1.76
2015.02.12 09:14:34.919,0.74356,0.74362,1.10,1.25
2015.02.12 09:14:35.223,0.74357,0.74364,1.15,1.25
2015.02.12 09:14:35.628,0.74356,0.74364,3.07,1.25
2015.02.12 09:14:36.619,0.74358,0.74364,1.10,1.25
2015.02.12 09:14:39.777,0.74359,0.74364,1.00,1.25
2015.02.12 09:14:39.929,0.74359,0.74367,1.17,1.19
2015.02.12 09:14:40.437,0.74358,0.74366,3.26,1.25
2015.02.12 09:14:43.946,0.74358,0.74367,3.07,1.39
2015.02.12 09:14:45.935,0.74358,0.74367,3.07,2.14
2015.02.12 09:14:47.108,0.74363,0.74367,1.00,1.57
2015.02.12 09:14:47.565,0.74363,0.74371,1.00,1.29
2015.02.12 09:14:48.021,0.74363,0.7437,1.17,1.19
2015.02.12 09:14:48.174,0.74363,0.74371,1.17,1.25
2015.02.12 09:14:49.037,0.74364,0.74372,1.07,1.69
2015.02.12 09:14:50.063,0.74364,0.74373,1.07,2.51
2015.02.12 09:14:50.578,0.74364,0.74373,1.07,1.76
2015.02.12 09:14:51.085,0.74364,0.74373,1.20,1.69
2015.02.12 09:14:51.136,0.74366,0.74374,1.00,1.49
2015.02.12 09:14:51.651,0.74366,0.74374,1.10,1.19
2015.02.12 09:14:52.057,0.74368,0.74375,1.00,1.76
2015.02.12 09:14:52.361,0.7437,0.74375,1.00,1.25
2015.02.12 09:14:52.665,0.74371,0.7438,1.00,1.49
2015.02.12 09:14:53.172,0.74371,0.74381,1.00,2.36
2015.02.12 09:14:54.547,0.74373,0.74381,1.00,1.54
2015.02.12 09:14:54.852,0.74373,0.74381,1.00,1.29
2015.02.12 09:14:55.107,0.74374,0.74382,1.10,1.09
2015.02.12 09:14:55.361,0.74373,0.74382,1.07,1.39
2015.02.12 09:14:55.869,0.74372,0.74382,1.65,1.39
2015.02.12 09:14:56.050,0.74374,0.74382,1.00,1.29
2015.02.12 09:14:56.458,0.74376,0.74382,1.00,1.19
2015.02.12 09:14:57.385,0.74376,0.74382,1.00,1.00
2015.02.12 09:14:57.597,0.74374,0.74382,1.20,1.00
2015.02.12 09:14:58.365,0.74374,0.74384,1.10,1.84
2015.02.12 09:14:58.587,0.74373,0.74383,1.07,1.54
2015.02.12 09:14:59.107,0.74373,0.74383,1.00,2.21
2015.02.12 09:14:59.615,0.74373,0.74383,1.00,2.96
2015.02.12 09:15:00.123,0.74372,0.74383,1.00,1.71
2015.02.12 09:15:00.275,0.74374,0.74383,1.00,1.71
2015.02.12 09:15:00.377,0.74372,0.74383,1.00,2.21
2015.02.12 09:15:00.884,0.74372,0.74383,1.00,6.56
2015.02.12 09:15:03.722,0.74371,0.74382,1.12,1.91
2015.02.12 09:15:04.229,0.74372,0.74382,1.00,1.91
2015.02.12 09:15:04.891,0.74374,0.74382,1.00,1.91
2015.02.12 09:15:05.399,0.74373,0.74383,1.10,2.59
2015.02.12 09:15:05.906,0.74372,0.74382,1.00,2.29
2015.02.12 09:15:06.615,0.74371,0.74382,1.10,4.09
2015.02.12 09:15:07.628,0.74371,0.7438,1.10,1.39
2015.02.12 09:15:08.597,0.74371,0.74382,1.10,4.09
2015.02.12 09:15:09.599,0.74371,0.74382,1.10,4.09
2015.02.12 09:15:10.150,0.74371,0.74382,1.17,1.84
2015.02.12 09:15:10.687,0.74371,0.74382,1.00,1.91
2015.02.12 09:15:11.206,0.74372,0.74382,1.00,1.54
2015.02.12 09:15:11.258,0.74374,0.74382,1.00,1.54
2015.02.12 09:15:11.360,0.74373,0.74382,1.12,1.09
2015.02.12 09:15:11.462,0.74375,0.74385,1.00,2.14
2015.02.12 09:15:11.922,0.74375,0.74386,1.09,1.29
2015.02.12 09:15:12.127,0.74374,0.74386,1.65,2.21
2015.02.12 09:15:12.638,0.74374,0.74384,1.17,2.51
2015.02.12 09:15:14.632,0.74374,0.7438,1.17,1.25
2015.02.12 09:15:14.734,0.74371,0.74379,1.15,1.00
2015.02.12 09:15:14.836,0.74369,0.74379,1.01,1.39
2015.02.12 09:15:14.938,0.74368,0.7438,1.46,2.29
2015.02.12 09:15:15.142,0.74367,0.74376,1.39,1.00
2015.02.12 09:15:15.650,0.74366,0.74376,3.71,1.00
2015.02.12 09:15:16.245,0.74365,0.74378,3.71,1.84
2015.02.12 09:15:16.347,0.74368,0.74378,4.09,1.01
2015.02.12 09:15:16.653,0.74372,0.74383,1.39,1.46
2015.02.12 09:15:16.959,0.74376,0.74389,1.17,3.49
2015.02.12 09:15:17.467,0.74377,0.74386,1.17,1.36
2015.02.12 09:15:19.236,0.74377,0.74386,3.07,1.39
2015.02.12 09:15:20.780,0.74379,0.74387,1.07,1.19
2015.02.12 09:15:20.831,0.74377,0.74387,1.15,1.19
2015.02.12 09:15:21.350,0.74376,0.74388,3.26,1.39
2015.02.12 09:15:22.066,0.74377,0.74388,1.15,1.66
2015.02.12 09:15:22.353,0.74374,0.74385,3.45,1.29
2015.02.12 09:15:22.862,0.74374,0.74384,2.32,2.14
2015.02.12 09:15:23.646,0.74372,0.74384,3.64,2.59
2015.02.12 09:15:23.697,0.74372,0.74384,1.46,2.66
2015.02.12 09:15:23.748,0.74372,0.74384,3.64,2.59
2015.02.12 09:15:24.942,0.74374,0.74386,1.27,3.71
2015.02.12 09:15:25.196,0.74375,0.74387,5.81,1.36
2015.02.12 09:15:26.211,0.74376,0.74388,1.40,1.54
2015.02.12 09:15:26.364,0.74378,0.74388,1.09,1.16
2015.02.12 09:15:26.466,0.74378,0.74389,1.40,1.46
2015.02.12 09:15:26.975,0.74379,0.74389,1.15,1.19
2015.02.12 09:15:27.482,0.74378,0.74389,5.21,1.25
2015.02.12 09:15:27.890,0.7438,0.74389,2.32,1.25
2015.02.12 09:15:28.533,0.7438,0.74389,4.69,1.19
2015.02.12 09:15:29.072,0.7438,0.74389,4.69,1.00
2015.02.12 09:15:29.620,0.7438,0.74388,4.69,1.00
2015.02.12 09:15:30.128,0.74379,0.74388,5.44,1.25
2015.02.12 09:15:31.447,0.74378,0.74388,1.46,1.10
2015.02.12 09:15:31.953,0.74378,0.74389,1.46,1.32
2015.02.12 09:15:32.501,0.74379,0.74389,1.32,1.64
2015.02.12 09:15:33.109,0.7438,0.74389,1.10,1.64
2015.02.12 09:15:38.519,0.74377,0.74389,5.14,2.59
2015.02.12 09:15:38.570,0.74377,0.74389,1.84,4.09
2015.02.12 09:15:38.723,0.74375,0.74386,1.84,1.66
2015.02.12 09:15:38.926,0.74373,0.74384,4.39,1.45
2015.02.12 09:15:39.028,0.74373,0.74384,2.21,3.64
2015.02.12 09:15:40.921,0.74372,0.74382,1.84,1.31
2015.02.12 09:15:41.434,0.74372,0.74382,1.84,1.31
2015.02.12 09:15:41.943,0.74372,0.74382,2.21,1.56
2015.02.12 09:15:42.096,0.74371,0.74378,1.29,1.00
2015.02.12 09:15:42.248,0.74367,0.74377,5.14,1.12
2015.02.12 09:15:42.401,0.74366,0.74375,2.59,1.10
2015.02.12 09:15:42.908,0.74365,0.74377,2.59,1.46
2015.02.12 09:15:43.314,0.74366,0.74372,1.46,1.00
2015.02.12 09:15:43.619,0.74368,0.74377,1.62,1.17
2015.02.12 09:15:43.771,0.74368,0.74377,1.62,1.20
2015.02.12 09:15:43.872,0.74368,0.74377,1.69,1.47
2015.02.12 09:15:43.975,0.74368,0.74377,2.06,1.47
2015.02.12 09:15:44.551,0.74368,0.74377,2.89,1.10
2015.02.12 09:15:45.057,0.74368,0.74376,2.14,1.00
2015.02.12 09:15:45.564,0.74368,0.74377,2.14,1.12
2015.02.12 09:15:45.615,0.74368,0.74375,1.39,1.00
2015.02.12 09:15:45.716,0.74368,0.74378,2.14,2.89
2015.02.12 09:15:46.223,0.7437,0.7438,1.66,1.01
2015.02.12 09:15:48.789,0.74371,0.7438,1.39,1.62
2015.02.12 09:15:50.129,0.74371,0.74379,1.39,1.20
2015.02.12 09:15:51.013,0.74371,0.74379,1.39,1.20
2015.02.12 09:15:51.832,0.74372,0.74382,1.12,1.94
2015.02.12 09:15:51.883,0.74372,0.74382,1.95,1.54
2015.02.12 09:15:52.137,0.74375,0.74384,1.00,1.39
2015.02.12 09:15:52.391,0.74377,0.74385,1.00,1.09
2015.02.12 09:15:53.505,0.74379,0.74385,1.00,1.65
2015.02.12 09:15:54.776,0.74379,0.74387,1.00,2.96
2015.02.12 09:15:55.284,0.74379,0.74387,1.00,2.29
2015.02.12 09:15:55.812,0.74378,0.74387,1.00,2.96
2015.02.12 09:15:56.319,0.74378,0.74387,1.57,2.14
2015.02.12 09:15:56.828,0.74379,0.74387,1.50,1.46
2015.02.12 09:15:57.708,0.7438,0.74387,1.00,1.25
2015.02.12 09:15:57.899,0.74377,0.74386,1.25,1.47
2015.02.12 09:15:58.407,0.74377,0.74384,1.00,1.09
2015.02.12 09:15:59.693,0.74378,0.74386,1.00,4.39
2015.02.12 09:15:59.896,0.74376,0.74386,1.25,1.74
2015.02.12 09:16:00.919,0.74376,0.74384,1.01,1.62
2015.02.12 09:16:01.432,0.74376,0.74385,1.01,1.19
2015.02.12 09:16:01.888,0.74376,0.74386,1.84,1.25
2015.02.12 09:16:02.107,0.7438,0.7439,1.25,3.52
2015.02.12 09:16:02.159,0.7438,0.7439,1.25,1.27
2015.02.12 09:16:02.210,0.74381,0.74391,1.46,1.57
2015.02.12 09:16:02.737,0.74383,0.74392,1.57,1.25
2015.02.12 09:16:03.204,0.74383,0.74392,1.57,1.56
2015.02.12 09:16:05.195,0.74382,0.74391,1.07,1.39
2015.02.12 09:16:05.501,0.74378,0.74386,1.15,1.31
2015.02.12 09:16:05.806,0.74382,0.74387,1.00,1.00
2015.02.12 09:16:06.314,0.74381,0.74388,1.00,2.89
2015.02.12 09:16:06.822,0.74381,0.74388,1.00,2.89
2015.02.12 09:16:08.247,0.74381,0.74386,1.00,1.00
2015.02.12 09:16:08.551,0.74383,0.74388,1.00,1.00
2015.02.12 09:16:08.703,0.7438,0.7439,1.10,1.39
2015.02.12 09:16:09.575,0.7438,0.7439,1.00,1.71
2015.02.12 09:16:10.118,0.7438,0.74389,1.10,1.46
2015.02.12 09:16:10.473,0.7438,0.74389,1.20,2.06
2015.02.12 09:16:10.778,0.74375,0.74382,1.17,1.00
2015.02.12 09:16:11.032,0.74374,0.74383,1.84,2.25
2015.02.12 09:16:11.236,0.74374,0.74381,1.65,1.00
2015.02.12 09:16:11.967,0.74375,0.74382,1.00,1.00
2015.02.12 09:16:12.476,0.74375,0.74382,1.00,1.17
2015.02.12 09:16:12.882,0.74378,0.74384,1.00,1.84
2015.02.12 09:16:12.984,0.74379,0.74385,1.00,1.91
2015.02.12 09:16:13.491,0.74379,0.74386,1.00,1.40
2015.02.12 09:16:13.998,0.7438,0.74385,1.00,1.20
2015.02.12 09:16:14.505,0.7438,0.74384,1.00,1.00
2015.02.12 09:16:14.607,0.7438,0.74386,1.00,1.01
2015.02.12 09:16:16.585,0.74381,0.74386,1.00,1.00
2015.02.12 09:16:17.111,0.74381,0.74388,1.00,3.34
2015.02.12 09:16:21.887,0.74381,0.74388,1.00,1.84
2015.02.12 09:16:23.290,0.74381,0.74386,1.00,1.17
2015.02.12 09:16:23.442,0.74378,0.74385,1.00,1.65
2015.02.12 09:16:24.118,0.74378,0.74383,1.00,1.00
2015.02.12 09:16:24.219,0.74378,0.74385,1.00,1.00
2015.02.12 09:16:24.422,0.74376,0.74385,1.95,2.44
2015.02.12 09:16:25.317,0.74376,0.74386,1.95,2.21
2015.02.12 09:16:25.825,0.74376,0.74383,1.00,1.00
2015.02.12 09:16:26.333,0.74377,0.74383,1.00,1.20
2015.02.12 09:16:28.153,0.74376,0.74384,1.00,1.65
2015.02.12 09:16:29.424,0.74376,0.74381,1.00,1.00
2015.02.12 09:16:29.627,0.74374,0.74382,1.50,1.50
2015.02.12 09:16:30.134,0.74374,0.74382,1.07,1.00
2015.02.12 09:16:30.945,0.74375,0.74383,1.10,1.01
2015.02.12 09:16:31.046,0.74374,0.74381,1.07,1.00
2015.02.12 09:16:31.148,0.74374,0.74383,1.07,1.76
2015.02.12 09:16:31.664,0.74375,0.74383,1.32,2.06
2015.02.12 09:16:32.435,0.74375,0.74383,1.07,1.31
2015.02.12 09:16:33.420,0.74375,0.74383,1.07,1.00
2015.02.12 09:16:33.984,0.74377,0.74384,1.00,2.14
2015.02.12 09:16:34.394,0.74377,0.74384,1.00,2.51
2015.02.12 09:16:35.431,0.74377,0.74384,1.00,2.14
2015.02.12 09:16:36.779,0.74377,0.74385,1.10,1.09
2015.02.12 09:16:37.287,0.74378,0.74385,1.00,1.10
2015.02.12 09:16:38.934,0.74379,0.74386,1.00,1.00
2015.02.12 09:16:39.441,0.7438,0.74388,1.00,2.51
2015.02.12 09:16:39.942,0.7438,0.74388,1.00,2.14
2015.02.12 09:16:42.424,0.7438,0.74386,1.00,1.00
2015.02.12 09:16:42.475,0.74378,0.74386,1.76,2.25
2015.02.12 09:16:42.982,0.74378,0.74385,1.25,1.00
2015.02.12 09:16:43.502,0.74378,0.74386,1.25,1.25
2015.02.12 09:16:44.163,0.74378,0.74385,1.69,1.00
2015.02.12 09:16:44.683,0.74378,0.74386,2.51,1.50
2015.02.12 09:16:45.196,0.74378,0.74387,2.89,1.10
2015.02.12 09:16:45.400,0.74379,0.74388,1.95,1.25
2015.02.12 09:16:45.909,0.74382,0.7439,1.00,1.69
2015.02.12 09:16:47.011,0.74382,0.74389,1.00,2.89
2015.02.12 09:16:47.062,0.74379,0.74389,2.32,2.89
2015.02.12 09:16:47.873,0.74382,0.74387,1.00,1.12
2015.02.12 09:16:48.897,0.74382,0.74386,1.00,1.00
2015.02.12 09:16:50.000,0.74382,0.74388,1.00,1.76
2015.02.12 09:16:50.355,0.74381,0.74385,1.00,1.00
2015.02.12 09:16:50.660,0.74376,0.7438,1.00,1.00
2015.02.12 09:16:50.812,0.74372,0.7438,1.29,1.00
2015.02.12 09:16:51.319,0.74372,0.74379,1.00,1.69
2015.02.12 09:16:51.860,0.74374,0.74381,1.00,1.19
2015.02.12 09:16:52.165,0.74374,0.74381,1.00,1.00
2015.02.12 09:16:52.470,0.74377,0.74383,1.00,1.84
2015.02.12 09:16:52.623,0.74377,0.74386,1.50,1.16
2015.02.12 09:16:52.775,0.74379,0.74386,1.00,1.25
2015.02.12 09:16:54.555,0.74379,0.74385,1.00,1.37
2015.02.12 09:16:54.758,0.74377,0.74384,1.00,1.20
2015.02.12 09:16:55.265,0.74377,0.74387,1.00,3.41
2015.02.12 09:16:55.773,0.74375,0.74385,1.57,1.44
2015.02.12 09:16:56.332,0.74375,0.74382,1.07,1.00
2015.02.12 09:16:56.535,0.74376,0.74385,1.10,1.84
2015.02.12 09:16:56.890,0.74378,0.74386,1.00,1.91
2015.02.12 09:16:56.941,0.74378,0.74386,1.00,1.84
2015.02.12 09:16:57.195,0.74376,0.74386,2.59,1.09
2015.02.12 09:16:57.550,0.74376,0.74386,2.51,1.24
2015.02.12 09:16:58.619,0.74376,0.74382,1.10,1.37
2015.02.12 09:16:58.670,0.74372,0.74381,2.66,1.12
2015.02.12 09:16:58.772,0.74372,0.74379,1.10,1.00
2015.02.12 09:16:58.875,0.7437,0.74378,1.76,1.00
2015.02.12 09:16:59.282,0.74372,0.74378,1.00,1.00
2015.02.12 09:16:59.891,0.74373,0.74378,1.00,1.00
2015.02.12 09:17:00.197,0.74377,0.74383,1.00,2.59
2015.02.12 09:17:00.248,0.74377,0.74383,1.00,2.89
2015.02.12 09:17:00.502,0.74378,0.74385,1.00,1.76
2015.02.12 09:17:00.725,0.7438,0.74386,1.00,1.84
2015.02.12 09:17:00.990,0.74381,0.74387,1.00,1.09
2015.02.12 09:17:01.919,0.74381,0.74388,1.00,1.72
2015.02.12 09:17:02.426,0.7438,0.74387,1.00,1.09
2015.02.12 09:17:02.629,0.74379,0.74385,1.00,1.00
2015.02.12 09:17:04.457,0.74378,0.74385,1.10,1.50
2015.02.12 09:17:04.966,0.74378,0.74385,1.15,1.50
2015.02.12 09:17:05.738,0.74376,0.74386,5.44,1.69
2015.02.12 09:17:05.789,0.74376,0.74386,1.09,1.69
2015.02.12 09:17:06.246,0.74376,0.74382,1.07,1.00
2015.02.12 09:17:06.550,0.74371,0.74381,1.26,1.76
2015.02.12 09:17:07.412,0.7437,0.7438,1.01,1.76
2015.02.12 09:17:07.919,0.74369,0.74377,1.29,1.00
2015.02.12 09:17:08.426,0.74368,0.74377,2.59,1.25
2015.02.12 09:17:09.448,0.74369,0.74378,1.69,1.57
2015.02.12 09:17:11.969,0.7437,0.74377,1.25,1.00
2015.02.12 09:17:12.274,0.74369,0.74375,1.00,1.00
2015.02.12 09:17:12.579,0.74369,0.74373,1.00,1.00
2015.02.12 09:17:12.630,0.74366,0.74373,1.01,1.00
2015.02.12 09:17:13.142,0.74365,0.74375,1.50,1.34
2015.02.12 09:17:13.651,0.74364,0.74373,1.09,1.00
2015.02.12 09:17:16.804,0.74363,0.74372,1.40,1.00
2015.02.12 09:17:17.008,0.74362,0.7437,1.84,1.00
2015.02.12 09:17:17.514,0.74361,0.74372,1.40,1.84
2015.02.12 09:17:18.286,0.74361,0.74372,1.39,3.11
2015.02.12 09:17:19.121,0.74361,0.74372,1.01,3.04
2015.02.12 09:17:20.169,0.74361,0.74372,1.29,2.66
2015.02.12 09:17:21.031,0.74359,0.7437,2.21,1.19
2015.02.12 09:17:21.945,0.7436,0.74372,1.27,2.59
2015.02.12 09:17:22.454,0.7436,0.74372,2.96,1.84
2015.02.12 09:17:23.346,0.74361,0.74372,1.09,1.36
2015.02.12 09:17:23.958,0.74362,0.74373,1.74,1.84
2015.02.12 09:17:25.941,0.74363,0.74372,1.39,1.00
2015.02.12 09:17:28.359,0.74363,0.74371,1.25,1.00
2015.02.12 09:17:28.766,0.74364,0.74372,1.17,1.00
2015.02.12 09:17:29.273,0.74362,0.74372,4.01,1.19
2015.02.12 09:17:29.886,0.74364,0.74373,1.46,1.00
2015.02.12 09:17:30.393,0.74364,0.74372,1.70,1.00
2015.02.12 09:17:30.495,0.74364,0.74374,1.46,1.25
2015.02.12 09:17:31.001,0.74365,0.74373,1.17,1.00
2015.02.12 09:17:31.104,0.74365,0.74373,1.07,1.45
2015.02.12 09:17:31.205,0.74361,0.74372,1.91,2.21
2015.02.12 09:17:31.560,0.74362,0.74371,1.20,1.62
2015.02.12 09:17:32.067,0.74359,0.74369,1.84,1.12
2015.02.12 09:17:32.732,0.74361,0.74371,1.47,2.21
2015.02.12 09:17:33.392,0.74361,0.74371,2.96,2.06
2015.02.12 09:17:34.820,0.74362,0.74372,1.46,1.46
2015.02.12 09:17:35.331,0.74362,0.74372,1.09,1.46
2015.02.12 09:17:35.906,0.74362,0.74372,1.25,2.21
2015.02.12 09:17:36.416,0.74361,0.74371,1.00,1.91
2015.02.12 09:17:36.925,0.7436,0.7437,1.25,1.46
2015.02.12 09:17:37.634,0.7436,0.74369,1.00,1.76
2015.02.12 09:17:37.786,0.74357,0.74366,2.59,1.00
2015.02.12 09:17:38.091,0.74357,0.74367,1.57,2.21
2015.02.12 09:17:38.598,0.74354,0.74366,2.21,1.09
2015.02.12 09:17:39.422,0.74354,0.74366,1.84,1.84
2015.02.12 09:17:39.943,0.74354,0.74364,1.46,1.00
2015.02.12 09:17:41.009,0.74354,0.74364,1.01,1.01
2015.02.12 09:17:41.313,0.74354,0.74363,1.01,1.17
2015.02.12 09:17:41.823,0.74353,0.74363,1.34,1.00
2015.02.12 09:17:42.687,0.74353,0.74365,2.21,1.46
2015.02.12 09:17:43.705,0.74353,0.74363,2.21,1.00
2015.02.12 09:17:44.234,0.74353,0.74363,1.71,1.00
2015.02.12 09:17:44.646,0.74353,0.74364,3.64,1.00
2015.02.12 09:17:45.157,0.74354,0.74364,2.51,1.00
2015.02.12 09:17:46.799,0.74354,0.74363,2.51,1.00
2015.02.12 09:17:46.901,0.74353,0.74363,1.46,1.00
2015.02.12 09:17:47.610,0.74353,0.74364,1.71,1.01
2015.02.12 09:17:48.140,0.74353,0.74365,5.89,1.46
2015.02.12 09:17:48.496,0.74356,0.74366,1.84,1.25
2015.02.12 09:17:48.749,0.74358,0.74364,1.10,1.00
2015.02.12 09:17:48.952,0.74356,0.74366,1.84,1.25
2015.02.12 09:17:49.480,0.74355,0.74366,1.46,1.29
2015.02.12 09:17:49.988,0.74356,0.74368,2.02,2.29
2015.02.12 09:17:50.444,0.74355,0.74365,3.34,1.31
2015.02.12 09:17:50.951,0.74354,0.74364,1.34,1.07
2015.02.12 09:17:51.468,0.74353,0.74362,4.76,1.00
2015.02.12 09:17:52.279,0.74353,0.74363,4.76,1.10
2015.02.12 09:17:52.786,0.74353,0.74362,5.51,1.00
2015.02.12 09:17:55.372,0.74353,0.74361,3.00,1.00
2015.02.12 09:17:55.424,0.74352,0.74361,1.01,1.50
2015.02.12 09:17:55.576,0.74352,0.74359,1.00,1.00
2015.02.12 09:17:56.084,0.7435,0.74358,1.76,1.10
2015.02.12 09:17:56.639,0.7435,0.74359,1.76,1.27
2015.02.12 09:17:56.944,0.7435,0.74361,2.21,3.34
2015.02.12 09:17:57.148,0.74352,0.74361,1.19,1.09
2015.02.12 09:17:57.453,0.74351,0.7436,1.20,1.25
2015.02.12 09:17:58.062,0.74351,0.7436,1.20,2.06
2015.02.12 09:17:58.919,0.7435,0.74359,1.25,1.27
2015.02.12 09:17:59.074,0.7435,0.74359,1.25,1.57
2015.02.12 09:17:59.580,0.74349,0.74359,1.09,1.91
2015.02.12 09:18:00.154,0.74349,0.74359,1.39,1.91
2015.02.12 09:18:00.671,0.74349,0.74358,1.39,1.62
2015.02.12 09:18:01.187,0.74349,0.74358,1.09,1.37
2015.02.12 09:18:03.498,0.74349,0.74358,1.65,1.62
2015.02.12 09:18:05.203,0.74348,0.74357,1.84,1.37
2015.02.12 09:18:05.752,0.7435,0.74358,1.00,1.62
2015.02.12 09:18:07.273,0.7435,0.74358,1.25,1.62
2015.02.12 09:18:07.864,0.74349,0.74357,1.39,1.37
2015.02.12 09:18:08.400,0.74349,0.74358,1.00,1.46
2015.02.12 09:18:09.381,0.74349,0.74357,1.00,1.10
2015.02.12 09:18:09.637,0.74346,0.74356,2.51,3.19
2015.02.12 09:18:09.841,0.74344,0.74354,1.09,2.51
2015.02.12 09:18:10.145,0.74342,0.74353,2.96,1.91
2015.02.12 09:18:10.652,0.74342,0.74353,2.06,1.91
2015.02.12 09:18:11.159,0.74345,0.74353,1.00,1.91
2015.02.12 09:18:11.669,0.74345,0.74353,1.00,1.46
2015.02.12 09:18:12.192,0.74345,0.74352,1.00,1.00
2015.02.12 09:18:12.598,0.74343,0.74352,1.10,1.39
2015.02.12 09:18:13.105,0.74344,0.74353,1.10,1.69
2015.02.12 09:18:13.612,0.74343,0.74352,1.10,1.01
2015.02.12 09:18:14.425,0.74343,0.74352,1.00,1.09
2015.02.12 09:18:14.527,0.74341,0.74352,1.57,1.16
2015.02.12 09:18:15.186,0.74342,0.74352,1.00,1.16
2015.02.12 09:18:15.693,0.74342,0.74352,1.10,1.09
2015.02.12 09:18:16.231,0.74342,0.74352,1.10,1.09
2015.02.12 09:18:16.742,0.74341,0.74352,1.17,1.09
2015.02.12 09:18:16.996,0.74339,0.74349,1.36,1.37
2015.02.12 09:18:17.504,0.74337,0.74348,1.40,1.66
2015.02.12 09:18:18.012,0.74338,0.74347,1.00,1.42
2015.02.12 09:18:18.545,0.74338,0.74347,1.10,1.09
2015.02.12 09:18:18.889,0.74341,0.7435,1.00,1.24
2015.02.12 09:18:19.395,0.74339,0.74349,1.17,1.69
2015.02.12 09:18:19.902,0.74338,0.74348,1.39,1.86
2015.02.12 09:18:20.421,0.74339,0.74348,1.31,1.86
2015.02.12 09:18:20.951,0.74338,0.74348,1.00,1.84
2015.02.12 09:18:21.255,0.74342,0.74349,1.00,1.54
2015.02.12 09:18:21.357,0.74342,0.7435,1.00,1.91
2015.02.12 09:18:22.371,0.74342,0.7435,1.00,1.81
2015.02.12 09:18:22.574,0.7434,0.74349,1.01,1.84
2015.02.12 09:18:23.725,0.74338,0.74348,1.17,2.59
2015.02.12 09:18:24.029,0.74338,0.74348,1.40,1.76
2015.02.12 09:18:24.383,0.74338,0.74347,1.09,1.37
2015.02.12 09:18:24.691,0.74338,0.74347,1.20,1.56
2015.02.12 09:18:27.625,0.74339,0.74346,1.00,1.62
2015.02.12 09:18:29.134,0.74338,0.74347,1.20,2.44
2015.02.12 09:18:34.064,0.74338,0.74344,1.10,1.37
2015.02.12 09:18:34.576,0.74336,0.74344,1.45,1.37
2015.02.12 09:18:36.094,0.74339,0.74343,1.00,1.00
2015.02.12 09:18:36.196,0.74337,0.74343,1.20,1.00
2015.02.12 09:18:36.757,0.74337,0.74343,1.47,1.00
2015.02.12 09:18:37.300,0.74339,0.74347,1.00,2.14
2015.02.12 09:18:37.800,0.74342,0.74348,1.00,1.84
2015.02.12 09:18:37.903,0.74342,0.74348,1.00,2.06
2015.02.12 09:18:38.005,0.7434,0.74348,1.12,1.56
2015.02.12 09:18:38.107,0.74343,0.74348,1.00,1.00
2015.02.12 09:18:38.209,0.74344,0.74352,1.00,1.27
2015.02.12 09:18:38.716,0.74344,0.74354,1.00,2.66
2015.02.12 09:18:42.414,0.74344,0.74352,1.00,1.00
2015.02.12 09:18:44.068,0.74344,0.74353,1.00,1.39
2015.02.12 09:18:44.627,0.74345,0.74353,1.00,1.39
2015.02.12 09:18:45.033,0.74347,0.74355,1.00,2.21
2015.02.12 09:18:45.186,0.74345,0.74355,1.84,1.46
2015.02.12 09:18:45.237,0.74347,0.74355,1.00,1.54
2015.02.12 09:18:45.389,0.74347,0.74357,1.10,4.16
2015.02.12 09:18:45.947,0.74348,0.74357,1.00,2.66
2015.02.12 09:18:46.475,0.74349,0.74357,1.00,1.01
2015.02.12 09:18:47.013,0.7435,0.74358,1.00,1.69
2015.02.12 09:18:48.601,0.7435,0.74358,1.00,1.69
2015.02.12 09:18:48.957,0.74352,0.74358,1.00,1.37
2015.02.12 09:18:49.110,0.74353,0.74361,1.10,1.31
2015.02.12 09:18:49.617,0.74351,0.7436,1.09,1.56
2015.02.12 09:18:50.631,0.74351,0.7436,1.20,1.76
2015.02.12 09:18:50.834,0.74349,0.74359,1.10,1.86
2015.02.12 09:18:51.342,0.74349,0.74357,1.00,1.32
2015.02.12 09:18:51.647,0.74347,0.74354,1.32,1.00
2015.02.12 09:18:52.154,0.74347,0.74355,1.69,1.01
2015.02.12 09:18:54.151,0.74349,0.74356,1.12,1.07
2015.02.12 09:18:54.304,0.7435,0.74359,1.00,1.74
2015.02.12 09:18:54.457,0.74351,0.7436,1.00,1.46
2015.02.12 09:18:54.964,0.7435,0.74361,1.50,2.36
2015.02.12 09:18:55.473,0.74351,0.74361,1.00,1.91
2015.02.12 09:18:56.480,0.74351,0.74361,1.00,1.91
2015.02.12 09:18:57.462,0.74352,0.74361,1.00,1.86
2015.02.12 09:18:57.979,0.74351,0.74361,1.10,1.91
2015.02.12 09:18:58.706,0.7435,0.7436,1.84,1.46
2015.02.12 09:18:59.370,0.7435,0.7436,1.69,1.91
2015.02.12 09:19:00.134,0.7435,0.7436,1.00,2.66
2015.02.12 09:19:00.788,0.74351,0.74359,1.00,1.69
2015.02.12 09:19:01.296,0.74351,0.7436,1.17,1.66
2015.02.12 09:19:01.551,0.74353,0.74361,1.10,3.04
2015.02.12 09:19:02.173,0.74353,0.74362,1.20,4.76
2015.02.12 09:19:02.325,0.7435,0.74358,1.17,1.87
2015.02.12 09:19:02.478,0.74349,0.74358,1.15,1.69
2015.02.12 09:19:02.631,0.74347,0.74358,1.84,2.29
2015.02.12 09:19:03.038,0.7435,0.74356,1.00,1.84
2015.02.12 09:19:03.647,0.74348,0.74355,1.00,1.00
2015.02.12 09:19:03.800,0.74348,0.74354,1.00,1.19
2015.02.12 09:19:04.308,0.74347,0.74353,1.00,2.06
2015.02.12 09:19:04.562,0.74345,0.74353,1.00,2.44
2015.02.12 09:19:04.665,0.74347,0.74353,1.00,2.44
2015.02.12 09:19:05.122,0.74346,0.74354,1.00,1.09
2015.02.12 09:19:05.173,0.74346,0.74352,1.00,1.00
2015.02.12 09:19:05.427,0.74344,0.74352,1.10,1.69
2015.02.12 09:19:05.934,0.74343,0.74351,1.10,1.50
2015.02.12 09:19:06.442,0.74344,0.74351,1.00,1.29
2015.02.12 09:19:06.975,0.74344,0.74349,1.00,1.00
2015.02.12 09:19:07.746,0.74346,0.7435,1.00,1.25
2015.02.12 09:19:08.102,0.74346,0.74351,1.00,1.25
2015.02.12 09:19:08.355,0.74344,0.74352,1.00,2.14
2015.02.12 09:19:08.660,0.74347,0.74352,1.00,1.32
2015.02.12 09:19:08.863,0.74345,0.74352,1.00,1.01
2015.02.12 09:19:09.397,0.74345,0.74352,1.00,1.32
2015.02.12 09:19:10.690,0.74345,0.74351,1.00,1.39
2015.02.12 09:19:10.792,0.74343,0.74351,1.10,1.39
2015.02.12 09:19:12.681,0.74343,0.74352,1.10,2.21
2015.02.12 09:19:15.158,0.74343,0.74352,1.10,2.21
2015.02.12 09:19:15.733,0.74344,0.74352,1.00,1.74
2015.02.12 09:19:16.269,0.74344,0.74352,1.00,1.46
2015.02.12 09:19:17.114,0.74344,0.74352,1.00,1.46
2015.02.12 09:19:17.216,0.74343,0.74352,1.10,2.21
2015.02.12 09:19:17.723,0.74344,0.74351,1.00,1.20
2015.02.12 09:19:18.229,0.74344,0.74351,1.10,1.29
2015.02.12 09:19:19.164,0.74344,0.74351,1.10,1.10
2015.02.12 09:19:20.271,0.74345,0.74352,1.00,1.84
2015.02.12 09:19:20.831,0.74345,0.74352,1.00,1.76
2015.02.12 09:19:21.358,0.74344,0.74352,1.00,1.39
2015.02.12 09:19:22.990,0.74344,0.74352,1.00,1.01
2015.02.12 09:19:23.194,0.74346,0.74352,1.00,1.01
2015.02.12 09:19:23.346,0.74346,0.74354,1.00,1.69
2015.02.12 09:19:23.499,0.74348,0.74354,1.10,1.50
2015.02.12 09:19:24.006,0.74348,0.74356,1.10,1.54
2015.02.12 09:19:24.413,0.74347,0.74352,1.15,1.00
2015.02.12 09:19:25.072,0.74347,0.74354,1.27,1.00
2015.02.12 09:19:25.927,0.74347,0.74354,1.20,1.00
2015.02.12 09:19:28.607,0.74347,0.74354,1.47,1.00
2015.02.12 09:19:28.658,0.7435,0.74354,1.00,1.00
2015.02.12 09:19:28.709,0.7435,0.74356,1.00,1.00
2015.02.12 09:19:29.218,0.7435,0.74357,1.76,1.00
2015.02.12 09:19:29.905,0.7435,0.74358,1.84,1.00
2015.02.12 09:19:30.412,0.74351,0.74357,1.00,1.00
2015.02.12 09:19:32.280,0.7435,0.74357,1.09,1.00
2015.02.12 09:19:33.343,0.74349,0.74358,2.21,1.00
2015.02.12 09:19:33.851,0.74349,0.74357,2.96,1.00
2015.02.12 09:19:34.359,0.7435,0.74358,1.00,1.50
2015.02.12 09:19:34.803,0.74352,0.74358,1.00,1.00
2015.02.12 09:19:35.975,0.74352,0.74359,1.12,1.00
2015.02.12 09:19:36.993,0.74352,0.74359,1.00,1.19
2015.02.12 09:19:37.854,0.74354,0.74361,1.12,1.84
2015.02.12 09:19:38.361,0.74355,0.74361,1.00,1.00
2015.02.12 09:19:38.666,0.74352,0.74359,1.10,1.10
2015.02.12 09:19:39.376,0.74352,0.74357,1.00,1.00
2015.02.12 09:19:39.885,0.7435,0.74357,2.06,1.00
2015.02.12 09:19:41.295,0.7435,0.74357,2.06,1.00
2015.02.12 09:19:41.955,0.74346,0.74352,1.27,1.00
2015.02.12 09:19:42.262,0.74339,0.74343,1.00,1.00
2015.02.12 09:19:42.314,0.74334,0.74341,2.29,1.00
2015.02.12 09:19:42.821,0.74337,0.74341,1.00,1.00
2015.02.12 09:19:43.025,0.74334,0.7434,1.09,1.00
2015.02.12 09:19:43.533,0.74334,0.74341,2.14,1.00
2015.02.12 09:19:45.026,0.74334,0.74341,1.25,1.00
2015.02.12 09:19:45.542,0.74334,0.74341,1.31,1.00
2015.02.12 09:19:45.644,0.74334,0.74341,1.31,1.00
2015.02.12 09:19:45.747,0.74337,0.74343,1.62,1.10
2015.02.12 09:19:45.900,0.7434,0.74344,1.12,1.00
2015.02.12 09:19:45.951,0.74341,0.74346,1.00,1.07
2015.02.12 09:19:46.205,0.74339,0.74348,2.51,1.17
2015.02.12 09:19:46.711,0.7434,0.74348,1.65,1.17
2015.02.12 09:19:47.261,0.74341,0.74348,1.00,1.15
2015.02.12 09:19:47.800,0.74341,0.74348,1.50,1.07
2015.02.12 09:19:48.308,0.74339,0.74347,1.39,1.65
2015.02.12 09:19:48.665,0.74338,0.74344,1.29,1.10
2015.02.12 09:19:48.868,0.74336,0.74344,1.69,1.10
2015.02.12 09:19:48.919,0.74336,0.74344,1.01,1.10
2015.02.12 09:19:49.426,0.74335,0.74343,1.76,1.10
2015.02.12 09:19:49.932,0.74336,0.74345,1.94,1.40
2015.02.12 09:19:50.390,0.74336,0.74345,1.66,1.01
2015.02.12 09:19:50.441,0.74336,0.74344,1.47,1.50
2015.02.12 09:19:50.644,0.74328,0.74334,5.51,1.00
2015.02.12 09:19:50.696,0.74328,0.74333,2.06,1.00
2015.02.12 09:19:51.219,0.74325,0.74333,1.69,1.00
2015.02.12 09:19:51.676,0.74326,0.74335,1.19,1.20
2015.02.12 09:19:51.879,0.74326,0.74336,1.46,1.10
2015.02.12 09:19:52.185,0.7433,0.74338,1.56,1.17
2015.02.12 09:19:52.388,0.7433,0.74338,1.31,1.00
2015.02.12 09:19:52.895,0.7433,0.74339,1.39,1.15
2015.02.12 09:19:53.284,0.7433,0.74339,1.46,1.00
2015.02.12 09:19:53.793,0.74329,0.74338,5.81,1.00
2015.02.12 09:19:54.301,0.74331,0.74338,1.25,1.07
2015.02.12 09:19:54.812,0.7433,0.74338,1.39,1.00
2015.02.12 09:19:55.117,0.74328,0.74337,1.39,1.00
2015.02.12 09:19:55.890,0.74328,0.74337,1.84,1.00
2015.02.12 09:19:56.433,0.74329,0.74338,2.51,1.00
2015.02.12 09:19:56.535,0.74329,0.74338,2.51,1.00
2015.02.12 09:19:57.041,0.74329,0.74338,1.31,1.10
2015.02.12 09:19:57.397,0.74328,0.74335,1.09,1.00
2015.02.12 09:19:57.854,0.74327,0.74334,1.25,1.20
2015.02.12 09:19:58.363,0.74325,0.74333,2.06,1.10
2015.02.12 09:19:58.515,0.74328,0.74336,1.50,1.10
2015.02.12 09:19:58.922,0.74328,0.74336,1.16,1.00
2015.02.12 09:19:59.125,0.74331,0.74341,1.25,5.06
2015.02.12 09:20:00.084,0.74331,0.74341,1.10,1.46
2015.02.12 09:20:00.287,0.74328,0.74338,1.29,1.10
2015.02.12 09:20:00.794,0.7433,0.74338,1.00,1.57
2015.02.12 09:20:01.303,0.74331,0.74339,1.10,1.10
2015.02.12 09:20:01.869,0.74332,0.7434,1.00,1.32
2015.02.12 09:20:02.072,0.74334,0.74342,1.00,2.51
2015.02.12 09:20:02.123,0.74334,0.74344,1.01,3.26
2015.02.12 09:20:02.225,0.74335,0.74344,1.10,1.25
2015.02.12 09:20:02.428,0.74336,0.74344,1.19,1.00
2015.02.12 09:20:03.396,0.74336,0.74344,1.01,1.00
2015.02.12 09:20:03.911,0.74337,0.74344,1.00,1.00
2015.02.12 09:20:04.678,0.74336,0.74344,1.01,1.00
2015.02.12 09:20:05.004,0.74336,0.74343,1.40,1.00
2015.02.12 09:20:05.511,0.74333,0.74342,5.51,1.00
2015.02.12 09:20:05.785,0.74333,0.7434,1.44,1.00
2015.02.12 09:20:07.005,0.74332,0.74342,1.91,1.00
2015.02.12 09:20:08.541,0.74333,0.74341,2.21,1.00
2015.02.12 09:20:09.048,0.74333,0.74342,1.66,1.00
2015.02.12 09:20:09.554,0.74332,0.74342,1.91,1.00
2015.02.12 09:20:09.605,0.74334,0.74342,1.37,1.00
2015.02.12 09:20:09.758,0.74335,0.74345,1.66,1.10
2015.02.12 09:20:10.265,0.74337,0.74347,1.31,1.15
2015.02.12 09:20:11.229,0.74336,0.74346,2.29,1.00
2015.02.12 09:20:11.736,0.74336,0.74344,2.21,1.00
2015.02.12 09:20:12.245,0.74335,0.74345,2.29,1.50
2015.02.12 09:20:12.753,0.74334,0.74344,4.46,1.00
2015.02.12 09:20:13.210,0.74335,0.74342,1.36,1.00
2015.02.12 09:20:13.311,0.74335,0.74345,1.17,1.00
2015.02.12 09:20:13.860,0.74335,0.74344,1.39,1.00
2015.02.12 09:20:14.487,0.74334,0.74344,3.71,1.00
2015.02.12 09:20:14.994,0.74334,0.74345,1.46,2.51
2015.02.12 09:20:15.503,0.74334,0.74344,1.09,1.00
2015.02.12 09:20:15.554,0.74335,0.74345,1.01,1.10
2015.02.12 09:20:15.859,0.74341,0.7435,1.25,1.99
2015.02.12 09:20:16.366,0.74342,0.7435,1.12,1.19
2015.02.12 09:20:16.721,0.74344,0.74351,1.00,1.39
2015.02.12 09:20:16.772,0.74344,0.74351,1.00,1.09
2015.02.12 09:20:17.738,0.74344,0.74352,1.00,1.69
2015.02.12 09:20:18.269,0.74344,0.74351,1.00,1.00
2015.02.12 09:20:18.472,0.74344,0.74348,1.00,1.00
2015.02.12 09:20:18.776,0.74344,0.7435,1.00,2.06
2015.02.12 09:20:19.574,0.74344,0.74348,1.00,1.00
2015.02.12 09:20:20.272,0.74344,0.7435,1.00,2.06
2015.02.12 09:20:20.774,0.74344,0.7435,1.00,2.44
2015.02.12 09:20:21.283,0.74345,0.74351,1.00,2.14
2015.02.12 09:20:21.790,0.74343,0.74351,1.00,1.66
2015.02.12 09:20:21.993,0.74342,0.74348,1.31,1.00
2015.02.12 09:20:22.500,0.74342,0.74349,1.00,1.12
2015.02.12 09:20:23.007,0.74341,0.74349,1.00,1.12
2015.02.12 09:20:23.818,0.74341,0.74349,1.37,1.12
2015.02.12 09:20:24.325,0.74343,0.7435,1.00,1.31
2015.02.12 09:20:24.832,0.74343,0.7435,1.12,1.12
2015.02.12 09:20:27.840,0.74341,0.7435,1.19,1.20
2015.02.12 09:20:28.347,0.74341,0.74349,1.19,1.12
2015.02.12 09:20:28.956,0.74341,0.7435,2.06,1.52
2015.02.12 09:20:29.561,0.74341,0.7435,2.06,1.52
2015.02.12 09:20:30.069,0.74342,0.7435,1.00,1.27
2015.02.12 09:20:30.373,0.74342,0.74346,1.00,1.10
2015.02.12 09:20:30.677,0.74342,0.7435,1.00,2.77
2015.02.12 09:20:31.033,0.74345,0.74351,1.00,1.46
2015.02.12 09:20:31.136,0.74343,0.74351,1.00,1.46
2015.02.12 09:20:31.290,0.74343,0.74351,1.00,4.39
2015.02.12 09:20:31.495,0.74343,0.7435,1.69,1.12
2015.02.12 09:20:32.002,0.74344,0.74351,1.00,1.37
2015.02.12 09:20:32.676,0.74343,0.74351,1.12,1.87
2015.02.12 09:20:33.669,0.74344,0.74351,1.12,1.37
2015.02.12 09:20:33.823,0.74347,0.74351,1.00,1.00
2015.02.12 09:20:34.130,0.7435,0.74356,1.00,1.00
2015.02.12 09:20:34.536,0.7435,0.74358,1.69,1.25
2015.02.12 09:20:34.690,0.74352,0.74358,1.00,1.25
2015.02.12 09:20:35.402,0.74352,0.74359,1.00,1.31
2015.02.12 09:20:35.909,0.74353,0.74359,1.00,1.31
2015.02.12 09:20:36.214,0.74352,0.74357,1.00,1.87
2015.02.12 09:20:36.721,0.74352,0.74356,1.00,1.50
2015.02.12 09:20:37.254,0.74351,0.74357,1.00,1.00
2015.02.12 09:20:37.761,0.74352,0.74357,1.00,1.50
2015.02.12 09:20:38.268,0.74351,0.74356,1.00,1.12
2015.02.12 09:20:38.774,0.74351,0.74355,1.00,1.00
2015.02.12 09:20:39.281,0.7435,0.74355,1.25,2.62
2015.02.12 09:20:39.878,0.7435,0.74354,1.00,1.00
2015.02.12 09:20:40.417,0.74349,0.74355,1.00,2.25
2015.02.12 09:20:40.925,0.74348,0.74355,1.00,2.25
2015.02.12 09:20:41.934,0.74348,0.74355,1.25,1.50
2015.02.12 09:20:42.291,0.74349,0.74353,1.00,1.00
2015.02.12 09:20:42.392,0.74349,0.74355,1.00,1.12
2015.02.12 09:20:43.407,0.74349,0.74356,1.00,1.12
2015.02.12 09:20:44.683,0.7435,0.74357,1.00,1.01
2015.02.12 09:20:45.545,0.74349,0.74356,1.00,1.00
2015.02.12 09:20:45.901,0.74348,0.74354,1.25,1.00
2015.02.12 09:20:46.409,0.74348,0.74356,1.00,1.84
2015.02.12 09:20:46.714,0.7435,0.74358,1.00,1.36
2015.02.12 09:20:47.216,0.74349,0.74358,1.00,1.39
2015.02.12 09:20:47.522,0.74351,0.74358,1.00,1.01
2015.02.12 09:20:48.030,0.74352,0.74357,1.00,1.00
2015.02.12 09:20:48.436,0.7435,0.74357,1.00,1.50
2015.02.12 09:20:48.842,0.7435,0.7436,1.20,2.21
2015.02.12 09:20:49.348,0.74351,0.74361,1.00,1.84
2015.02.12 09:20:49.882,0.74352,0.7436,1.00,1.09
2015.02.12 09:20:50.389,0.74352,0.74359,1.00,1.12
2015.02.12 09:20:50.931,0.74351,0.74359,1.00,1.50
2015.02.12 09:20:51.436,0.74352,0.7436,1.00,1.46
2015.02.12 09:20:51.689,0.74352,0.74359,1.00,1.37
2015.02.12 09:20:51.894,0.74349,0.74357,2.44,1.45
2015.02.12 09:20:52.200,0.74346,0.74355,1.01,1.07
2015.02.12 09:20:52.302,0.74344,0.74353,1.25,1.10
2015.02.12 09:20:52.353,0.74344,0.74351,1.25,1.00
2015.02.12 09:20:52.862,0.74342,0.74351,1.09,1.00
2015.02.12 09:20:53.407,0.74343,0.74352,1.10,1.25
2015.02.12 09:20:53.712,0.74345,0.74353,1.00,1.25
2015.02.12 09:20:54.220,0.74345,0.74354,1.95,1.25
2015.02.12 09:20:54.727,0.74347,0.74355,1.00,1.57
2015.02.12 09:20:55.923,0.74347,0.74356,1.00,1.09
2015.02.12 09:20:56.432,0.74347,0.74358,1.32,3.79
2015.02.12 09:20:56.636,0.74347,0.74358,1.09,3.71
2015.02.12 09:20:57.599,0.74348,0.74358,1.00,3.04
2015.02.12 09:20:58.105,0.74347,0.74357,2.51,1.01
2015.02.12 09:20:58.207,0.74347,0.74357,2.51,1.39
2015.02.12 09:20:58.411,0.74348,0.74358,1.19,2.66
2015.02.12 09:20:58.767,0.74347,0.74357,1.19,1.77
2015.02.12 09:20:59.021,0.74347,0.74356,1.00,1.54
2015.02.12 09:20:59.571,0.74346,0.74355,1.25,1.65
2015.02.12 09:21:00.208,0.74346,0.74355,1.20,1.25
2015.02.12 09:21:00.744,0.74346,0.74354,1.20,1.00
2015.02.12 09:21:00.898,0.74346,0.74352,1.20,1.00
2015.02.12 09:21:01.000,0.74346,0.74354,1.20,1.00
2015.02.12 09:21:01.101,0.74345,0.74352,1.40,1.00
2015.02.12 09:21:01.305,0.74344,0.74352,1.25,1.00
2015.02.12 09:21:01.812,0.74344,0.74351,1.25,1.00
2015.02.12 09:21:02.623,0.74344,0.7435,1.00,1.00
2015.02.12 09:21:03.032,0.74344,0.74348,1.00,1.00
2015.02.12 09:21:03.083,0.74342,0.74348,1.25,1.00
2015.02.12 09:21:03.337,0.7434,0.74346,1.46,1.00
2015.02.12 09:21:03.642,0.74337,0.74344,1.65,1.00
2015.02.12 09:21:04.150,0.74337,0.74345,1.00,1.00
2015.02.12 09:21:05.064,0.74337,0.74348,1.56,1.84
2015.02.12 09:21:05.217,0.74339,0.74349,3.34,1.15
2015.02.12 09:21:05.268,0.74339,0.74349,2.66,1.17
2015.02.12 09:21:05.792,0.74341,0.74349,1.31,1.10
2015.02.12 09:21:06.098,0.7434,0.74347,1.29,1.00
2015.02.12 09:21:06.861,0.7434,0.74348,1.19,1.10
2015.02.12 09:21:07.368,0.7434,0.74347,1.19,1.00
2015.02.12 09:21:07.571,0.74338,0.74345,1.25,1.00
2015.02.12 09:21:08.181,0.74336,0.74345,1.19,1.20
2015.02.12 09:21:09.043,0.74336,0.74344,1.19,1.00
2015.02.12 09:21:09.563,0.74336,0.74344,1.25,1.00
2015.02.12 09:21:09.883,0.74336,0.74342,1.00,1.00
2015.02.12 09:21:10.188,0.74334,0.74344,1.34,1.00
2015.02.12 09:21:10.392,0.74335,0.74345,3.04,1.50
2015.02.12 09:21:10.899,0.74337,0.74345,1.00,1.00
2015.02.12 09:21:11.254,0.74338,0.74348,1.10,2.96
2015.02.12 09:21:11.407,0.7434,0.74349,1.00,2.36
2015.02.12 09:21:11.509,0.74338,0.74349,1.57,2.29
2015.02.12 09:21:12.024,0.74339,0.74349,1.00,1.54
2015.02.12 09:21:12.533,0.74337,0.74348,2.59,2.89
2015.02.12 09:21:13.192,0.74339,0.74348,1.00,1.39
2015.02.12 09:21:13.395,0.7434,0.74349,1.00,1.09
2015.02.12 09:21:14.409,0.74339,0.7435,2.21,1.54
2015.02.12 09:21:15.491,0.74339,0.7435,2.29,1.46
2015.02.12 09:21:16.511,0.74342,0.7435,1.00,1.77
2015.02.12 09:21:16.614,0.74343,0.74352,1.00,1.27
2015.02.12 09:21:16.817,0.74346,0.74353,1.00,1.01
2015.02.12 09:21:17.224,0.74346,0.74356,1.10,1.29
2015.02.12 09:21:17.755,0.74347,0.74356,1.00,1.29
2015.02.12 09:21:18.872,0.74345,0.74356,2.21,1.39
2015.02.12 09:21:19.423,0.74344,0.74355,1.39,4.95
2015.02.12 09:21:20.236,0.74344,0.74351,1.19,1.00
2015.02.12 09:21:20.641,0.74347,0.74355,1.00,1.76
2015.02.12 09:21:20.895,0.74344,0.74355,1.39,2.14
2015.02.12 09:21:20.997,0.74344,0.74353,1.29,1.07
2015.02.12 09:21:21.098,0.74342,0.7435,1.91,1.00
2015.02.12 09:21:21.402,0.74342,0.74349,1.00,1.26
2015.02.12 09:21:21.707,0.74338,0.74346,1.54,1.00
2015.02.12 09:21:22.217,0.74337,0.74346,1.39,1.07
2015.02.12 09:21:23.221,0.74337,0.74346,2.51,1.07
2015.02.12 09:21:24.217,0.74337,0.74345,2.89,1.10
2015.02.12 09:21:25.191,0.74336,0.74345,4.39,1.10
2015.02.12 09:21:25.699,0.74336,0.74344,3.64,1.25
2015.02.12 09:21:26.391,0.74336,0.74343,3.45,1.00
2015.02.12 09:21:27.101,0.74335,0.74342,3.90,1.00
2015.02.12 09:21:27.659,0.74335,0.74342,3.56,1.00
2015.02.12 09:21:28.621,0.74334,0.74342,5.14,1.00
2015.02.12 09:21:29.503,0.74334,0.74341,5.14,1.00
2015.02.12 09:21:30.011,0.74334,0.74341,4.39,1.00
2015.02.12 09:21:30.315,0.74333,0.74339,2.06,1.00
2015.02.12 09:21:31.126,0.74335,0.74344,1.64,1.17
2015.02.12 09:21:31.228,0.74338,0.74343,1.56,1.00
2015.02.12 09:21:31.532,0.74337,0.74343,1.69,1.00
2015.02.12 09:21:32.207,0.74337,0.74345,1.25,1.20
2015.02.12 09:21:35.037,0.74336,0.74345,1.86,1.00
2015.02.12 09:21:35.562,0.74337,0.74345,2.21,1.00
2015.02.12 09:21:36.135,0.74337,0.74346,2.21,1.10
2015.02.12 09:21:37.164,0.74337,0.74346,2.59,1.10
2015.02.12 09:21:37.703,0.74337,0.74346,2.44,1.15
2015.02.12 09:21:40.023,0.74338,0.74346,1.00,1.15
2015.02.12 09:21:40.479,0.74336,0.74344,1.29,1.17
2015.02.12 09:21:41.669,0.74337,0.74345,1.25,1.10
2015.02.12 09:21:42.176,0.74338,0.74345,2.44,1.10
2015.02.12 09:21:43.190,0.74338,0.74346,2.14,1.07
2015.02.12 09:21:43.718,0.74338,0.74348,4.54,1.20
2015.02.12 09:21:44.174,0.7434,0.74349,1.84,1.10
2015.02.12 09:21:44.326,0.74341,0.74351,1.39,1.10
2015.02.12 09:21:44.732,0.74341,0.7435,4.09,1.07
2015.02.12 09:21:45.261,0.74341,0.7435,4.09,1.07
2015.02.12 09:21:45.769,0.74341,0.7435,3.34,1.20
2015.02.12 09:21:46.174,0.74342,0.7435,1.76,1.20
2015.02.12 09:21:46.680,0.74342,0.74351,1.84,1.00
2015.02.12 09:21:47.188,0.74342,0.7435,2.51,1.00
2015.02.12 09:21:47.696,0.74342,0.7435,2.51,1.00
2015.02.12 09:21:48.212,0.74342,0.7435,2.51,1.00
2015.02.12 09:21:49.904,0.74342,0.74353,2.06,1.34
2015.02.12 09:21:50.410,0.74342,0.74352,1.69,1.17
2015.02.12 09:21:50.918,0.74341,0.7435,1.29,1.00
2015.02.12 09:21:51.020,0.74341,0.74347,1.19,1.00
2015.02.12 09:21:51.173,0.7434,0.74348,1.25,1.31
2015.02.12 09:21:51.224,0.7434,0.74346,1.25,1.00
2015.02.12 09:21:52.100,0.74337,0.74345,1.46,1.00
2015.02.12 09:21:52.202,0.74337,0.74345,1.25,1.00
2015.02.12 09:21:53.922,0.74335,0.74343,1.46,1.00
2015.02.12 09:21:54.125,0.74334,0.74342,1.19,1.00
2015.02.12 09:21:54.227,0.74333,0.7434,2.21,1.00
2015.02.12 09:21:54.329,0.74332,0.7434,1.84,1.00
2015.02.12 09:21:54.633,0.74332,0.74338,1.39,1.00
2015.02.12 09:21:54.990,0.7433,0.74337,1.31,1.00
2015.02.12 09:21:55.041,0.7433,0.74335,1.31,1.00
2015.02.12 09:21:55.548,0.7433,0.74336,1.25,1.00
2015.02.12 09:21:56.056,0.74328,0.74335,2.06,1.00
2015.02.12 09:21:56.919,0.74327,0.74335,2.21,1.00
2015.02.12 09:21:57.425,0.74327,0.74334,2.21,1.00
2015.02.12 09:21:57.935,0.74328,0.74335,1.31,1.00
2015.02.12 09:21:58.443,0.74328,0.74334,1.31,1.00
2015.02.12 09:21:58.954,0.74328,0.74334,1.25,1.00
2015.02.12 09:21:59.868,0.74328,0.74336,1.62,1.50
2015.02.12 09:22:00.373,0.74329,0.74338,1.69,1.17
2015.02.12 09:22:00.475,0.74329,0.7434,1.76,2.96
2015.02.12 09:22:00.983,0.74328,0.74337,2.29,1.00
2015.02.12 09:22:01.493,0.74329,0.74336,1.29,1.00
2015.02.12 09:22:02.001,0.74328,0.74335,1.25,1.00
2015.02.12 09:22:02.103,0.74325,0.74332,1.84,1.00
2015.02.12 09:22:02.206,0.7432,0.74327,4.31,1.00
2015.02.12 09:22:02.309,0.7432,0.74326,1.10,1.00
2015.02.12 09:22:02.360,0.7432,0.74325,1.29,1.00
2015.02.12 09:22:02.665,0.74314,0.74326,2.59,1.20
2015.02.12 09:22:02.767,0.74314,0.74325,1.16,1.17
2015.02.12 09:22:03.451,0.74317,0.74328,1.19,6.56
2015.02.12 09:22:03.959,0.74316,0.74328,2.81,3.45
2015.02.12 09:22:04.465,0.74317,0.74328,1.39,1.46
2015.02.12 09:22:04.973,0.74319,0.7433,1.56,4.39
2015.02.12 09:22:05.683,0.74318,0.74328,2.14,1.09
2015.02.12 09:22:06.214,0.74318,0.74325,1.31,1.00
2015.02.12 09:22:06.418,0.74314,0.74325,2.21,1.20
2015.02.12 09:22:06.925,0.74313,0.74325,7.09,1.20
2015.02.12 09:22:07.484,0.74315,0.74324,1.86,1.00
2015.02.12 09:22:08.941,0.74316,0.74326,1.31,1.84
2015.02.12 09:22:09.448,0.74316,0.74326,1.31,1.52
2015.02.12 09:22:10.161,0.74313,0.74325,5.44,1.12
2015.02.12 09:22:10.465,0.74313,0.74323,1.91,1.00
2015.02.12 09:22:10.972,0.74312,0.74324,2.36,1.10
2015.02.12 09:22:11.480,0.74314,0.74324,1.46,1.10
2015.02.12 09:22:11.860,0.74314,0.74324,1.39,1.17
2015.02.12 09:22:12.569,0.74314,0.74326,1.46,1.27
2015.02.12 09:22:12.979,0.74317,0.74328,1.29,1.52
2015.02.12 09:22:13.506,0.74319,0.74329,1.25,2.21
2015.02.12 09:22:14.030,0.74319,0.74328,1.76,1.00
2015.02.12 09:22:15.219,0.74319,0.7433,1.19,2.59
2015.02.12 09:22:16.206,0.74318,0.74328,1.54,1.12
2015.02.12 09:22:17.166,0.74317,0.74325,1.91,1.00
2015.02.12 09:22:17.318,0.74315,0.74325,2.21,1.00
2015.02.12 09:22:17.826,0.74314,0.74326,1.81,1.20
2015.02.12 09:22:18.338,0.74314,0.74326,1.81,1.76
2015.02.12 09:22:18.592,0.74314,0.74324,1.71,1.00
2015.02.12 09:22:19.160,0.74314,0.74326,1.71,3.41
2015.02.12 09:22:19.461,0.74318,0.74326,1.00,1.99
2015.02.12 09:22:20.019,0.74317,0.74326,1.00,1.99
2015.02.12 09:22:20.527,0.74314,0.74325,1.01,3.41
2015.02.12 09:22:21.616,0.74312,0.74322,2.21,1.54
2015.02.12 09:22:24.003,0.74311,0.7432,3.19,1.00
2015.02.12 09:22:24.206,0.7431,0.7432,1.76,1.39
2015.02.12 09:22:24.713,0.7431,0.74319,1.25,1.10
2015.02.12 09:22:25.220,0.74308,0.7432,4.39,3.64
2015.02.12 09:22:29.234,0.7431,0.7432,1.26,2.89
2015.02.12 09:22:30.233,0.7431,0.7432,1.26,2.89
2015.02.12 09:22:32.754,0.7431,0.7432,1.26,1.00
2015.02.12 09:22:32.855,0.7431,0.7432,2.21,1.20
2015.02.12 09:22:33.008,0.7431,0.74321,1.84,1.20
2015.02.12 09:22:33.262,0.74314,0.74322,1.32,1.20
2015.02.12 09:22:33.770,0.74314,0.74325,1.09,1.91
2015.02.12 09:22:34.067,0.74314,0.74325,1.46,1.91
2015.02.12 09:22:34.118,0.74314,0.74326,2.21,3.41
2015.02.12 09:22:34.626,0.74315,0.74325,1.66,2.29
2015.02.12 09:22:35.096,0.74314,0.74322,1.39,1.00
2015.02.12 09:22:35.603,0.74313,0.74323,1.29,1.61
2015.02.12 09:22:35.959,0.74315,0.74325,1.19,2.66
2015.02.12 09:22:36.669,0.74316,0.74325,1.29,1.57
2015.02.12 09:22:37.074,0.74316,0.74327,1.66,2.29
2015.02.12 09:22:37.379,0.7432,0.74328,1.00,2.14
2015.02.12 09:22:37.531,0.74321,0.74329,1.00,1.61
2015.02.12 09:22:37.582,0.74318,0.74328,1.76,1.09
2015.02.12 09:22:37.684,0.74318,0.74329,1.84,1.91
2015.02.12 09:22:38.191,0.74319,0.74328,1.20,1.32
2015.02.12 09:22:39.311,0.7432,0.74329,1.00,1.54
2015.02.12 09:22:39.820,0.7432,0.74329,1.19,1.91
2015.02.12 09:22:41.047,0.74321,0.7433,1.25,3.71
2015.02.12 09:22:43.360,0.74321,0.7433,1.01,1.12
2015.02.12 09:22:43.614,0.74319,0.74329,1.74,1.47
2015.02.12 09:22:44.123,0.74319,0.74329,1.09,2.21
2015.02.12 09:22:46.534,0.74317,0.74329,2.29,3.04
2015.02.12 09:22:47.046,0.74317,0.74327,1.84,1.00
2015.02.12 09:22:48.451,0.74317,0.74327,1.54,1.00
2015.02.12 09:22:48.655,0.74318,0.74328,1.39,1.01
2015.02.12 09:22:49.162,0.74318,0.74328,2.89,1.10
2015.02.12 09:22:50.949,0.74318,0.74328,1.29,2.10
2015.02.12 09:22:51.355,0.74319,0.74328,2.89,1.57
2015.02.12 09:22:51.508,0.74321,0.7433,1.12,1.76
2015.02.12 09:22:52.015,0.7432,0.7433,2.96,1.25
2015.02.12 09:22:53.078,0.74321,0.74331,1.39,1.76
2015.02.12 09:22:53.813,0.74321,0.7433,1.46,1.00
2015.02.12 09:22:54.364,0.74321,0.74329,1.39,1.00
2015.02.12 09:22:54.719,0.74321,0.74331,2.14,2.51
2015.02.12 09:22:55.080,0.74321,0.7433,2.51,1.00
2015.02.12 09:22:56.134,0.74321,0.74331,2.51,1.69
2015.02.12 09:22:56.641,0.74323,0.74331,1.37,1.00
2015.02.12 09:22:58.219,0.74323,0.74332,3.26,1.00
2015.02.12 09:22:58.978,0.74324,0.74331,1.00,1.00
2015.02.12 09:23:02.203,0.74323,0.74332,1.50,1.01
2015.02.12 09:23:03.520,0.74324,0.74331,1.31,1.00
2015.02.12 09:23:03.774,0.74327,0.74336,1.27,1.25
2015.02.12 09:23:03.875,0.74327,0.74336,1.74,1.00
2015.02.12 09:23:07.640,0.74328,0.74336,1.01,1.12
2015.02.12 09:23:08.146,0.74326,0.74336,1.46,1.12
2015.02.12 09:23:08.686,0.74325,0.74335,2.21,1.87
2015.02.12 09:23:08.889,0.74325,0.74335,1.76,1.87
2015.02.12 09:23:09.399,0.74324,0.74334,1.84,2.14
2015.02.12 09:23:09.652,0.74327,0.74338,1.74,1.16
2015.02.12 09:23:09.754,0.74327,0.74339,4.46,1.76
2015.02.12 09:23:10.059,0.74333,0.74341,1.37,1.20
2015.02.12 09:23:10.161,0.74333,0.74343,1.45,1.17
2015.02.12 09:23:10.313,0.74335,0.74345,2.29,1.00
2015.02.12 09:23:10.364,0.74335,0.74345,4.46,1.00
2015.02.12 09:23:10.567,0.74336,0.74348,1.89,1.40
2015.02.12 09:23:11.156,0.74336,0.74348,1.91,3.34
2015.02.12 09:23:12.120,0.74335,0.74347,2.66,1.76
2015.02.12 09:23:13.156,0.74335,0.74347,1.84,2.89
2015.02.12 09:23:13.512,0.74334,0.74345,3.04,1.37
2015.02.12 09:23:14.020,0.74334,0.74345,1.61,1.00
2015.02.12 09:23:14.542,0.74336,0.74346,1.09,1.25
2015.02.12 09:23:15.049,0.74338,0.74347,1.00,1.29
2015.02.12 09:23:17.423,0.74339,0.74347,1.00,1.29
2015.02.12 09:23:19.410,0.7434,0.74348,1.00,2.06
2015.02.12 09:23:20.375,0.7434,0.74348,1.10,2.06
2015.02.12 09:23:21.443,0.74341,0.74348,1.00,1.25
2015.02.12 09:23:22.147,0.74339,0.74349,1.20,1.46
2015.02.12 09:23:22.250,0.74343,0.74349,1.00,1.10
2015.02.12 09:23:22.403,0.74343,0.74353,1.00,3.04
2015.02.12 09:23:22.758,0.74345,0.74353,1.00,1.54
2015.02.12 09:23:22.860,0.74343,0.74353,1.31,1.46
2015.02.12 09:23:22.961,0.74346,0.74353,1.00,1.32
2015.02.12 09:23:23.571,0.74346,0.74355,1.25,2.21
2015.02.12 09:23:24.079,0.74347,0.74354,1.00,1.31
2015.02.12 09:23:24.742,0.74346,0.74355,1.25,2.02
2015.02.12 09:23:25.253,0.74348,0.74355,1.00,1.72
2015.02.12 09:23:25.457,0.74347,0.74356,1.10,1.25
2015.02.12 09:23:25.762,0.74347,0.74354,1.29,1.00
2015.02.12 09:23:25.965,0.74344,0.74354,1.34,1.50
2015.02.12 09:23:26.269,0.74343,0.74353,3.34,1.37
2015.02.12 09:23:26.777,0.74343,0.74351,2.51,1.00
2015.02.12 09:23:26.879,0.74344,0.74354,1.46,1.01
2015.02.12 09:23:26.983,0.74345,0.74355,5.14,1.76
2015.02.12 09:23:27.489,0.74346,0.74355,1.36,1.00
2015.02.12 09:23:28.018,0.74346,0.74356,1.36,1.10
2015.02.12 09:23:29.575,0.74346,0.74351,1.01,1.12
2015.02.12 09:23:29.660,0.74344,0.74351,1.09,1.37
2015.02.12 09:23:30.123,0.74339,0.7435,3.26,1.10
2015.02.12 09:23:30.681,0.7434,0.7435,1.09,1.47
2015.02.12 09:23:31.921,0.7434,0.74348,1.74,1.00
2015.02.12 09:23:33.109,0.7434,0.74349,1.84,1.12
2015.02.12 09:23:33.616,0.74341,0.74351,2.21,1.50
2015.02.12 09:23:34.122,0.74344,0.74351,1.00,1.00
2015.02.12 09:23:35.520,0.74342,0.74354,2.14,3.86
2015.02.12 09:23:37.141,0.74344,0.74352,1.00,1.55
2015.02.12 09:23:37.445,0.74344,0.74355,2.32,2.29
2015.02.12 09:23:37.960,0.74344,0.74354,2.51,1.84
2015.02.12 09:23:38.655,0.74345,0.74354,1.00,1.09
2015.02.12 09:23:38.842,0.74347,0.74354,1.00,1.09
2015.02.12 09:23:39.247,0.74345,0.74355,1.25,1.16
2015.02.12 09:23:40.260,0.74346,0.74354,1.00,1.95
2015.02.12 09:23:40.413,0.74346,0.74353,1.00,1.37
2015.02.12 09:23:40.920,0.74343,0.74352,1.34,1.12
2015.02.12 09:23:41.224,0.74343,0.7435,1.40,1.12
2015.02.12 09:23:41.275,0.74343,0.7435,1.09,1.12
2015.02.12 09:23:41.824,0.74343,0.74351,1.09,1.00
2015.02.12 09:23:42.333,0.74341,0.7435,1.36,1.00
2015.02.12 09:23:42.840,0.7434,0.74351,1.54,1.00
2015.02.12 09:23:43.356,0.7434,0.7435,2.96,1.00
2015.02.12 09:23:44.644,0.74342,0.7435,1.36,1.00
2015.02.12 09:23:44.796,0.74342,0.74352,1.34,1.10
2015.02.12 09:23:45.607,0.74343,0.74351,1.29,1.00
2015.02.12 09:23:46.116,0.74343,0.74351,1.76,1.00
2015.02.12 09:23:46.653,0.74343,0.74352,1.29,1.00
2015.02.12 09:23:47.980,0.74344,0.74351,1.25,1.00
2015.02.12 09:23:48.487,0.74344,0.7435,1.25,1.00
2015.02.12 09:23:48.795,0.74345,0.74353,1.65,1.00
2015.02.12 09:23:49.204,0.74348,0.74356,1.00,1.46
2015.02.12 09:23:49.560,0.74348,0.74358,1.09,1.09
2015.02.12 09:23:49.918,0.74351,0.7436,1.20,2.14
2015.02.12 09:23:50.223,0.74352,0.74361,1.07,1.39
2015.02.12 09:23:51.086,0.74352,0.74362,1.76,3.34
2015.02.12 09:23:51.593,0.74352,0.74362,1.76,2.59
2015.02.12 09:23:52.253,0.74354,0.74363,1.00,2.21
2015.02.12 09:23:52.610,0.74355,0.74364,1.25,1.27
2015.02.12 09:23:52.660,0.74355,0.74364,1.19,1.27
2015.02.12 09:23:53.168,0.74356,0.74367,1.69,2.21
2015.02.12 09:23:53.676,0.74356,0.74364,1.69,1.12
2015.02.12 09:23:54.030,0.74358,0.74365,1.00,1.10
2015.02.12 09:23:54.881,0.74358,0.74366,1.19,1.10
2015.02.12 09:23:55.390,0.7436,0.74369,1.76,1.07
2015.02.12 09:23:55.441,0.7436,0.74369,1.84,1.00
2015.02.12 09:23:55.948,0.7436,0.74369,1.91,1.00
2015.02.12 09:23:56.558,0.74359,0.74368,1.91,1.00
2015.02.12 09:23:56.761,0.74359,0.74366,2.21,1.00
2015.02.12 09:23:57.268,0.74359,0.74365,1.26,1.00
2015.02.12 09:23:57.775,0.74357,0.74365,2.96,1.00
2015.02.12 09:23:58.283,0.74357,0.74364,2.81,1.00
2015.02.12 09:23:58.789,0.74357,0.74365,2.81,1.00
2015.02.12 09:23:59.297,0.74357,0.74365,2.89,1.00
2015.02.12 09:23:59.805,0.74356,0.74364,1.74,1.00
2015.02.12 09:24:00.364,0.74357,0.74364,1.57,1.00
2015.02.12 09:24:00.668,0.74357,0.74361,1.00,1.00
2015.02.12 09:24:00.719,0.74353,0.74361,2.21,1.00
2015.02.12 09:24:01.132,0.74353,0.7436,1.01,1.00
2015.02.12 09:24:01.639,0.74353,0.74359,1.39,1.00
2015.02.12 09:24:02.602,0.74353,0.74363,1.39,1.09
2015.02.12 09:24:02.653,0.74353,0.74361,2.14,1.00
2015.02.12 09:24:02.755,0.74355,0.74363,1.27,1.25
2015.02.12 09:24:03.262,0.74354,0.74362,1.46,1.00
2015.02.12 09:24:03.364,0.74354,0.74366,2.21,1.71
2015.02.12 09:24:03.820,0.74352,0.74366,2.36,4.39
2015.02.12 09:24:04.327,0.74353,0.74362,1.76,1.00
2015.02.12 09:24:04.429,0.74353,0.74361,1.01,1.47
2015.02.12 09:24:04.733,0.7435,0.74358,1.07,1.00
2015.02.12 09:24:04.886,0.74347,0.74357,2.96,1.12
2015.02.12 09:24:05.140,0.74347,0.74355,1.34,1.00
2015.02.12 09:24:05.648,0.74346,0.74354,1.49,1.00
2015.02.12 09:24:06.311,0.74345,0.74354,2.36,1.00
2015.02.12 09:24:07.380,0.74345,0.74355,3.79,1.00
2015.02.12 09:24:08.296,0.74347,0.74354,1.25,1.00
2015.02.12 09:24:08.802,0.74348,0.74355,1.00,1.00
2015.02.12 09:24:09.318,0.74348,0.74356,1.31,1.10
2015.02.12 09:24:11.092,0.74348,0.74355,1.25,1.00
2015.02.12 09:24:14.323,0.74346,0.74355,1.46,1.00
2015.02.12 09:24:14.628,0.74345,0.74353,1.36,1.00
2015.02.12 09:24:15.348,0.74345,0.74353,1.19,1.00
2015.02.12 09:24:15.858,0.74345,0.74352,1.19,1.00
2015.02.12 09:24:17.291,0.74344,0.74353,1.84,1.12
2015.02.12 09:24:17.798,0.74347,0.74353,1.00,1.00
2015.02.12 09:24:18.001,0.74347,0.74355,1.00,1.00
2015.02.12 09:24:18.508,0.74348,0.74355,1.00,1.00
2015.02.12 09:24:19.928,0.74348,0.74354,1.00,1.00
2015.02.12 09:24:20.437,0.74348,0.74357,1.10,1.25
2015.02.12 09:24:20.488,0.74349,0.74357,1.37,1.25
2015.02.12 09:24:22.341,0.74351,0.74359,1.00,1.09
2015.02.12 09:24:22.748,0.74349,0.74357,1.39,1.00
2015.02.12 09:24:23.597,0.74349,0.74357,1.31,1.00
2015.02.12 09:24:24.080,0.7435,0.74361,1.37,5.89
2015.02.12 09:24:24.689,0.7435,0.74358,1.01,1.00
2015.02.12 09:24:25.195,0.7435,0.74358,1.16,1.00
2015.02.12 09:24:25.550,0.74349,0.74355,1.84,1.00
2015.02.12 09:24:27.659,0.74349,0.74356,1.76,1.12
2015.02.12 09:24:28.182,0.74352,0.74359,1.12,1.31
2015.02.12 09:24:28.588,0.74352,0.7436,2.21,1.00
2015.02.12 09:24:29.044,0.74352,0.74359,2.96,1.00
2015.02.12 09:24:29.563,0.74352,0.74358,2.96,1.12
2015.02.12 09:24:29.869,0.74351,0.74356,1.31,1.00
2015.02.12 09:24:30.393,0.74351,0.74357,1.69,1.00
2015.02.12 09:24:31.040,0.74352,0.74357,1.00,1.00
2015.02.12 09:24:31.192,0.74353,0.7436,1.00,1.20
2015.02.12 09:24:31.294,0.74355,0.74362,1.12,1.20
2015.02.12 09:24:31.598,0.74356,0.74364,1.57,1.10
2015.02.12 09:24:32.106,0.74356,0.74363,1.00,1.00
2015.02.12 09:24:33.478,0.74356,0.74365,1.10,1.47
2015.02.12 09:24:34.919,0.74356,0.74366,2.81,2.02
2015.02.12 09:24:35.072,0.74357,0.74368,1.17,2.51
2015.02.12 09:24:35.123,0.7436,0.74368,1.00,1.07
2015.02.12 09:24:35.275,0.7436,0.7437,1.65,1.10
2015.02.12 09:24:35.377,0.74364,0.7437,1.00,1.10
2015.02.12 09:24:35.478,0.74365,0.74374,1.00,1.27
2015.02.12 09:24:35.580,0.74367,0.74375,1.00,1.09
2015.02.12 09:24:35.682,0.74367,0.74376,1.00,1.57
2015.02.12 09:24:35.834,0.74367,0.74376,1.72,1.00
2015.02.12 09:24:35.974,0.74368,0.74381,3.22,1.29
2015.02.12 09:24:36.329,0.74374,0.74381,1.00,1.10
2015.02.12 09:24:36.646,0.74377,0.74385,1.50,3.22
2015.02.12 09:24:36.951,0.74381,0.74387,1.00,3.00
2015.02.12 09:24:37.307,0.74377,0.74386,2.51,1.17
2015.02.12 09:24:37.460,0.74372,0.74383,1.09,1.84
2015.02.12 09:24:37.561,0.74371,0.74382,2.14,1.37
2015.02.12 09:24:38.083,0.74369,0.74381,1.65,1.54
2015.02.12 09:24:38.592,0.7437,0.74382,1.65,1.84
2015.02.12 09:24:38.898,0.74372,0.74378,3.37,1.84
2015.02.12 09:24:39.406,0.74372,0.74377,3.00,1.20
2015.02.12 09:24:39.713,0.74369,0.74377,3.00,1.54
2015.02.12 09:24:39.815,0.74367,0.74377,1.00,2.29
2015.02.12 09:24:39.866,0.74365,0.74376,1.57,1.24
2015.02.12 09:24:40.069,0.74364,0.74374,3.07,3.34
2015.02.12 09:24:40.585,0.74364,0.74372,3.00,1.36
2015.02.12 09:24:40.999,0.74362,0.74369,1.00,1.00
2015.02.12 09:24:41.051,0.74364,0.7437,3.00,1.25
2015.02.12 09:24:41.356,0.74359,0.74368,3.34,1.00
2015.02.12 09:24:41.458,0.74359,0.74368,1.20,1.25
2015.02.12 09:24:41.914,0.74363,0.74368,3.37,2.06
2015.02.12 09:24:42.017,0.7436,0.74368,3.37,2.06
2015.02.12 09:24:42.119,0.7436,0.74368,3.37,1.62
2015.02.12 09:24:42.423,0.7436,0.74365,3.37,1.37
2015.02.12 09:24:42.729,0.74353,0.74358,3.75,1.00
2015.02.12 09:24:43.035,0.74352,0.74357,3.37,1.07
2015.02.12 09:24:43.239,0.74349,0.74357,3.75,1.07
2015.02.12 09:24:43.594,0.74348,0.74357,3.56,1.10
2015.02.12 09:24:44.406,0.74347,0.74356,3.26,1.00
2015.02.12 09:24:44.913,0.74347,0.74356,1.66,1.00
2015.02.12 09:24:45.119,0.74347,0.74356,1.39,1.00
2015.02.12 09:24:45.628,0.74347,0.74358,2.21,1.50
2015.02.12 09:24:46.136,0.7435,0.74361,1.00,4.39
2015.02.12 09:24:46.645,0.74348,0.7436,1.62,4.39
2015.02.12 09:24:47.156,0.74349,0.7436,1.00,1.81
2015.02.12 09:24:47.562,0.74348,0.74358,1.39,1.15
2015.02.12 09:24:47.765,0.74347,0.74359,1.84,1.01
2015.02.12 09:24:48.223,0.74348,0.74357,1.71,1.00
2015.02.12 09:24:49.045,0.7435,0.74358,1.76,1.00
2015.02.12 09:24:49.451,0.74352,0.7436,1.20,1.25
2015.02.12 09:24:49.756,0.74352,0.7436,1.47,1.00
2015.02.12 09:24:50.262,0.74352,0.74361,1.77,1.00
2015.02.12 09:24:50.770,0.74354,0.74361,1.77,1.00
2015.02.12 09:24:51.277,0.74355,0.74364,1.09,1.00
2015.02.12 09:24:51.379,0.74354,0.74364,4.01,1.00
2015.02.12 09:24:51.886,0.74356,0.74365,2.40,1.00
2015.02.12 09:24:52.393,0.74357,0.74366,1.39,1.00
2015.02.12 09:24:52.698,0.74357,0.74364,1.39,1.00
2015.02.12 09:24:53.006,0.74357,0.74366,1.39,1.00
2015.02.12 09:24:53.309,0.74353,0.74362,2.21,1.00
2015.02.12 09:24:53.563,0.74353,0.74361,1.00,1.00
2015.02.12 09:24:53.665,0.74351,0.74357,1.00,1.00
2015.02.12 09:24:53.919,0.74346,0.74356,3.64,1.00
2015.02.12 09:24:54.377,0.74348,0.74354,1.10,1.00
2015.02.12 09:24:54.783,0.74346,0.74356,1.46,1.10
2015.02.12 09:24:55.087,0.74346,0.74354,1.09,1.00
2015.02.12 09:24:55.594,0.74346,0.74356,1.32,1.57
2015.02.12 09:24:56.050,0.74346,0.74357,1.09,1.57
2015.02.12 09:24:56.557,0.74345,0.74356,1.46,1.10
2015.02.12 09:24:57.318,0.74347,0.74357,1.00,3.34
2015.02.12 09:24:57.986,0.7435,0.74356,1.00,1.00
2015.02.12 09:24:58.292,0.74346,0.74354,1.39,1.00
2015.02.12 09:24:58.343,0.74346,0.74357,1.39,1.36
2015.02.12 09:24:58.698,0.74349,0.74358,1.45,1.57
2015.02.12 09:24:59.104,0.74352,0.74361,1.00,1.39
2015.02.12 09:24:59.707,0.74353,0.74361,1.00,1.20
2015.02.12 09:25:00.216,0.74352,0.74362,2.81,1.15
2015.02.12 09:25:00.420,0.74352,0.7436,1.69,1.00
2015.02.12 09:25:00.522,0.74354,0.7436,1.00,1.00
2015.02.12 09:25:00.828,0.74356,0.74362,1.00,1.50
2015.02.12 09:25:01.233,0.74356,0.74361,1.00,1.37
2015.02.12 09:25:01.386,0.74354,0.74361,1.50,1.47
2015.02.12 09:25:01.538,0.74353,0.74362,1.10,2.29
2015.02.12 09:25:02.049,0.74352,0.74362,1.10,2.14
2015.02.12 09:25:02.607,0.74351,0.74363,2.77,3.34
2015.02.12 09:25:02.709,0.74353,0.74363,1.27,2.44
2015.02.12 09:25:03.216,0.74353,0.74363,1.15,1.10
2015.02.12 09:25:03.723,0.74356,0.74364,1.10,1.00
2015.02.12 09:25:04.179,0.74356,0.74366,1.84,1.69
2015.02.12 09:25:04.230,0.74356,0.74366,4.01,1.69
2015.02.12 09:25:04.636,0.74359,0.74367,1.47,1.00
2015.02.12 09:25:04.737,0.74359,0.74369,3.64,1.00
2015.02.12 09:25:05.244,0.74362,0.74371,1.10,1.50
2015.02.12 09:25:05.549,0.74363,0.74371,1.65,1.00
2015.02.12 09:25:05.932,0.74364,0.74374,1.07,1.57
2015.02.12 09:25:06.085,0.74364,0.74371,1.10,1.00
2015.02.12 09:25:06.592,0.74363,0.74372,1.10,1.07
2015.02.12 09:25:07.099,0.74364,0.74373,1.10,1.57
2015.02.12 09:25:07.606,0.74365,0.74371,1.00,1.00
2015.02.12 09:25:08.367,0.74365,0.74371,1.00,1.27
2015.02.12 09:25:08.418,0.74362,0.74372,1.00,1.65
2015.02.12 09:25:09.181,0.74362,0.74369,1.00,1.00
2015.02.12 09:25:10.399,0.74362,0.74368,1.00,1.00
2015.02.12 09:25:10.913,0.74361,0.74368,1.00,1.00
2015.02.12 09:25:11.425,0.74362,0.7437,1.00,1.27
2015.02.12 09:25:11.730,0.7436,0.74369,1.20,1.12
2015.02.12 09:25:12.618,0.7436,0.7437,1.20,1.20
2015.02.12 09:25:12.996,0.74359,0.74368,1.15,1.00
2015.02.12 09:25:13.149,0.74356,0.74368,2.47,1.55
2015.02.12 09:25:13.352,0.74359,0.74367,1.00,1.20
2015.02.12 09:25:14.720,0.74359,0.74365,1.00,1.00
2015.02.12 09:25:15.024,0.74358,0.74363,1.00,1.00
2015.02.12 09:25:15.485,0.74356,0.74363,1.00,1.00
2015.02.12 09:25:16.371,0.74356,0.74362,1.00,1.00
2015.02.12 09:25:16.879,0.74356,0.74363,1.00,1.95
2015.02.12 09:25:17.742,0.74357,0.74363,1.00,1.12
2015.02.12 09:25:18.256,0.74356,0.74363,1.00,1.87
2015.02.12 09:25:18.767,0.74354,0.74362,1.17,1.37
2015.02.12 09:25:19.073,0.74352,0.74362,1.17,2.70
2015.02.12 09:25:19.176,0.74351,0.74356,1.10,1.12
2015.02.12 09:25:19.278,0.74348,0.74356,1.00,1.12
2015.02.12 09:25:19.685,0.74348,0.74356,1.00,1.37
2015.02.12 09:25:20.191,0.74348,0.74355,1.00,1.50
2015.02.12 09:25:20.497,0.74346,0.74354,1.00,1.87
2015.02.12 09:25:20.802,0.74343,0.74353,1.10,2.02
2015.02.12 09:25:21.207,0.74339,0.7435,1.10,1.17
2015.02.12 09:25:21.310,0.74339,0.7435,1.10,3.82
2015.02.12 09:25:21.869,0.7434,0.74349,1.00,2.77
2015.02.12 09:25:22.376,0.74341,0.74349,1.00,1.87
2015.02.12 09:25:22.884,0.74343,0.74349,1.00,1.50
2015.02.12 09:25:23.190,0.74345,0.74352,1.00,1.12
2015.02.12 09:25:23.291,0.74347,0.74352,1.00,1.12
2015.02.12 09:25:23.800,0.74345,0.74352,1.07,1.00
2015.02.12 09:25:24.240,0.74343,0.74351,1.00,1.00
2015.02.12 09:25:25.811,0.74342,0.74351,1.27,1.50
2015.02.12 09:25:27.203,0.74339,0.7435,2.32,1.95
2015.02.12 09:25:27.255,0.74337,0.7435,4.57,2.77
2015.02.12 09:25:27.356,0.74335,0.74347,5.32,1.37
2015.02.12 09:25:27.560,0.74336,0.74344,1.20,2.62
2015.02.12 09:25:27.611,0.74335,0.74341,1.07,1.00
2015.02.12 09:25:27.713,0.74334,0.74343,1.00,1.20
2015.02.12 09:25:27.815,0.74334,0.74341,1.00,1.00
2015.02.12 09:25:28.577,0.74333,0.74343,1.17,1.50
2015.02.12 09:25:28.730,0.74332,0.74343,1.15,2.70
2015.02.12 09:25:28.831,0.74334,0.74342,1.00,1.20
2015.02.12 09:25:29.340,0.74332,0.74341,1.10,1.00
2015.02.12 09:25:29.447,0.74334,0.74342,1.10,1.00
2015.02.12 09:25:29.751,0.74336,0.74343,1.00,1.12
2015.02.12 09:25:30.056,0.74334,0.74342,1.00,1.12
2015.02.12 09:25:30.411,0.74333,0.74341,1.00,1.20
2015.02.12 09:25:30.935,0.74334,0.74342,1.00,1.65
2015.02.12 09:25:31.442,0.74335,0.74341,1.00,1.65
2015.02.12 09:25:31.747,0.74329,0.7434,1.10,1.55
2015.02.12 09:25:31.899,0.74327,0.74333,1.45,1.00
2015.02.12 09:25:32.205,0.74313,0.74319,2.32,1.00
2015.02.12 09:25:32.460,0.74315,0.74322,1.00,1.50
2015.02.12 09:25:32.665,0.74314,0.74319,2.25,1.00
2015.02.12 09:25:33.175,0.74316,0.74323,1.00,1.12
2015.02.12 09:25:33.379,0.74314,0.74319,1.00,1.00
2015.02.12 09:25:34.354,0.74315,0.74319,1.00,1.00
2015.02.12 09:25:34.761,0.74316,0.74321,1.00,1.00
2015.02.12 09:25:35.371,0.74317,0.74321,1.00,1.00
2015.02.12 09:25:35.625,0.74318,0.74324,1.00,1.00
2015.02.12 09:25:36.133,0.74319,0.74324,1.00,1.12
2015.02.12 09:25:36.741,0.74314,0.74322,2.25,1.00
2015.02.12 09:25:36.793,0.74313,0.7432,1.10,1.00
2015.02.12 09:25:36.844,0.74313,0.74318,1.00,1.00
2015.02.12 09:25:36.997,0.74309,0.74315,1.00,1.00
2015.02.12 09:25:37.099,0.74307,0.74315,1.50,1.00
2015.02.12 09:25:37.256,0.74309,0.74316,1.00,1.00
2015.02.12 09:25:37.410,0.74307,0.74315,1.00,1.10
2015.02.12 09:25:37.715,0.74308,0.74313,1.00,1.00
2015.02.12 09:25:37.817,0.74306,0.74315,1.00,1.00
2015.02.12 09:25:38.275,0.74305,0.74312,1.10,1.00
2015.02.12 09:25:38.479,0.74307,0.74315,1.00,1.00
2015.02.12 09:25:38.581,0.7431,0.74316,1.00,1.00
2015.02.12 09:25:38.683,0.74305,0.74316,1.50,1.50
2015.02.12 09:25:38.734,0.74305,0.74313,1.50,1.00
2015.02.12 09:25:39.039,0.74306,0.7431,1.00,1.00
2015.02.12 09:25:39.141,0.74306,0.74313,1.00,1.00
2015.02.12 09:25:39.699,0.74308,0.74313,1.00,1.00
2015.02.12 09:25:40.219,0.74307,0.74313,1.00,1.00
2015.02.12 09:25:40.523,0.74305,0.74313,1.00,1.00
2015.02.12 09:25:40.676,0.74304,0.7431,1.00,1.00
2015.02.12 09:25:40.828,0.74302,0.74309,1.00,1.00
2015.02.12 09:25:41.234,0.74305,0.74309,1.00,1.00
2015.02.12 09:25:41.691,0.74305,0.74311,1.00,1.00
2015.02.12 09:25:41.996,0.74306,0.74313,1.00,1.00
2015.02.12 09:25:42.352,0.74306,0.74311,1.00,1.00
2015.02.12 09:25:42.657,0.74302,0.74309,1.00,1.00
2015.02.12 09:25:42.758,0.74305,0.74309,1.00,1.00
2015.02.12 09:25:42.912,0.74305,0.74312,1.00,1.00
2015.02.12 09:25:43.268,0.74305,0.74314,1.00,1.00
2015.02.12 09:25:43.319,0.74307,0.74315,1.00,1.87
2015.02.12 09:25:43.761,0.74306,0.74313,1.00,1.00
2015.02.12 09:25:44.167,0.74308,0.74314,1.00,1.00
2015.02.12 09:25:44.320,0.74309,0.74316,1.00,1.50
2015.02.12 09:25:44.422,0.7431,0.74318,1.00,1.00
2015.02.12 09:25:45.770,0.74307,0.74317,1.15,1.37
2015.02.12 09:25:45.973,0.74304,0.74313,1.20,1.12
2015.02.12 09:25:46.074,0.74301,0.74309,1.15,1.00
2015.02.12 09:25:46.177,0.74301,0.74309,1.00,1.00
2015.02.12 09:25:46.278,0.74304,0.74311,1.00,1.00
2015.02.12 09:25:46.431,0.74304,0.74313,1.00,1.20
2015.02.12 09:25:46.787,0.74307,0.74314,1.00,1.00
2015.02.12 09:25:47.092,0.7431,0.74317,1.00,1.12
2015.02.12 09:25:47.347,0.7431,0.74319,1.00,1.12
2015.02.12 09:25:47.889,0.7431,0.74319,1.17,1.00
2015.02.12 09:25:48.400,0.74311,0.74318,1.10,1.00
2015.02.12 09:25:51.572,0.74308,0.74315,3.90,1.37
2015.02.12 09:25:51.674,0.74308,0.74316,2.40,2.25
2015.02.12 09:25:51.725,0.74306,0.74316,3.45,4.57
2015.02.12 09:25:51.776,0.74306,0.74314,1.50,1.17
2015.02.12 09:25:51.828,0.74306,0.74314,1.65,1.00
2015.02.12 09:25:52.134,0.74311,0.7432,1.20,3.45
2015.02.12 09:25:52.236,0.74311,0.74321,1.20,1.20
2015.02.12 09:25:52.287,0.74313,0.74321,1.10,1.10
2015.02.12 09:25:52.593,0.74315,0.74322,1.10,1.00
2015.02.12 09:25:52.694,0.74316,0.74324,1.00,1.00
2015.02.12 09:25:52.899,0.74313,0.74322,1.30,1.00
2015.02.12 09:25:53.254,0.74314,0.74324,1.17,1.20
2015.02.12 09:25:53.305,0.74314,0.74324,1.10,1.27
2015.02.12 09:25:53.558,0.74313,0.74324,1.15,2.10
2015.02.12 09:25:53.964,0.74312,0.74324,1.15,2.29
2015.02.12 09:25:54.471,0.74312,0.74323,1.07,2.29
2015.02.12 09:25:54.775,0.74312,0.74323,1.07,3.11
2015.02.12 09:25:55.130,0.74309,0.74321,1.91,1.84
2015.02.12 09:25:55.332,0.74308,0.74319,1.00,2.96
2015.02.12 09:25:55.536,0.7431,0.74319,1.00,4.46
2015.02.12 09:25:56.043,0.7431,0.74319,1.00,1.57
2015.02.12 09:25:56.144,0.74312,0.74322,1.00,8.59
2015.02.12 09:25:56.647,0.74312,0.74321,1.00,1.71
2015.02.12 09:25:57.359,0.7431,0.74322,1.00,7.01
2015.02.12 09:25:57.714,0.7431,0.74321,1.00,2.66
2015.02.12 09:25:58.222,0.74309,0.74319,1.01,1.52
2015.02.12 09:25:58.425,0.74309,0.74319,1.01,1.52
2015.02.12 09:25:58.932,0.7431,0.74321,1.00,6.64
2015.02.12 09:26:00.780,0.74313,0.74321,1.00,5.89
2015.02.12 09:26:01.287,0.7431,0.74321,1.00,5.06
2015.02.12 09:26:01.793,0.74311,0.74321,1.00,7.69
2015.02.12 09:26:02.097,0.74309,0.74321,1.00,7.69
2015.02.12 09:26:02.452,0.74311,0.74321,1.00,6.19
2015.02.12 09:26:02.756,0.74315,0.74323,1.00,2.96
2015.02.12 09:26:02.808,0.74315,0.74324,1.00,1.99
2015.02.12 09:26:02.859,0.74315,0.74323,1.00,2.89
2015.02.12 09:26:02.959,0.74315,0.74324,1.00,1.99
2015.02.12 09:26:03.163,0.74315,0.74323,1.00,2.89
2015.02.12 09:26:03.669,0.74314,0.74323,1.00,3.26
2015.02.12 09:26:04.176,0.74313,0.74323,1.00,2.51
2015.02.12 09:26:05.609,0.74312,0.74323,1.01,3.64
2015.02.12 09:26:05.967,0.74312,0.74321,1.00,1.52
2015.02.12 09:26:06.323,0.7431,0.74321,1.00,1.71
2015.02.12 09:26:06.830,0.74309,0.74321,1.25,4.76
2015.02.12 09:26:07.338,0.74308,0.74318,1.00,2.21
2015.02.12 09:26:07.845,0.74308,0.74318,1.00,2.59
2015.02.12 09:26:08.352,0.74307,0.74317,1.00,1.46
2015.02.12 09:26:08.607,0.74303,0.74314,4.24,1.37
2015.02.12 09:26:08.709,0.74302,0.74313,1.99,1.20
2015.02.12 09:26:08.964,0.74301,0.74312,1.91,1.95
2015.02.12 09:26:10.036,0.743,0.7431,3.41,1.00
2015.02.12 09:26:10.343,0.743,0.7431,1.09,1.55
2015.02.12 09:26:10.854,0.74299,0.74311,2.29,1.55
2015.02.12 09:26:11.109,0.74302,0.74312,1.10,1.84
2015.02.12 09:26:11.160,0.74302,0.74312,1.17,3.26
2015.02.12 09:26:11.667,0.74302,0.74312,1.31,5.14
2015.02.12 09:26:12.175,0.74303,0.74312,1.00,4.24
2015.02.12 09:26:12.682,0.74304,0.74312,1.00,2.51
2015.02.12 09:26:12.835,0.74303,0.74314,1.00,4.01
2015.02.12 09:26:12.988,0.74303,0.74312,1.00,2.51
2015.02.12 09:26:13.494,0.74302,0.74312,1.10,3.64
2015.02.12 09:26:14.001,0.743,0.74312,1.76,3.45
2015.02.12 09:26:14.509,0.743,0.74312,2.02,5.14
2015.02.12 09:26:15.016,0.74301,0.74311,1.39,1.15
2015.02.12 09:26:15.548,0.74302,0.74311,1.00,1.52
2015.02.12 09:26:16.056,0.743,0.74309,1.39,1.55
2015.02.12 09:26:16.158,0.74301,0.74308,1.00,1.47
2015.02.12 09:26:16.463,0.74302,0.7431,1.00,1.71
2015.02.12 09:26:16.972,0.74303,0.74312,1.00,2.21
2015.02.12 09:26:17.582,0.74301,0.74312,1.70,1.77
2015.02.12 09:26:17.836,0.743,0.74312,1.84,5.51
2015.02.12 09:26:18.141,0.74299,0.74308,1.12,1.47
2015.02.12 09:26:18.244,0.74299,0.74308,1.01,1.27
2015.02.12 09:26:18.752,0.74299,0.74308,1.46,1.27
2015.02.12 09:26:18.955,0.74298,0.74305,2.14,1.37
2015.02.12 09:26:19.159,0.74298,0.74307,2.14,1.47
2015.02.12 09:26:19.667,0.74299,0.7431,1.62,4.39
2015.02.12 09:26:20.174,0.743,0.7431,1.12,5.14
2015.02.12 09:26:20.581,0.74297,0.74305,2.59,1.37
2015.02.12 09:26:20.683,0.74297,0.74308,2.59,1.55
2015.02.12 09:26:21.190,0.74299,0.7431,1.37,6.26
2015.02.12 09:26:21.595,0.74297,0.74303,1.84,1.00
2015.02.12 09:26:21.964,0.74297,0.74305,1.76,1.12
2015.02.12 09:26:22.373,0.74299,0.74306,1.65,1.00
2015.02.12 09:26:22.424,0.74299,0.74308,1.65,1.00
2015.02.12 09:26:22.678,0.743,0.7431,1.01,1.17
2015.02.12 09:26:23.186,0.74301,0.7431,1.46,1.12
2015.02.12 09:26:23.491,0.74301,0.74308,1.46,1.00
2015.02.12 09:26:24.017,0.74301,0.74307,1.20,1.00
2015.02.12 09:26:24.118,0.74301,0.74309,2.02,1.50
2015.02.12 09:26:24.220,0.743,0.7431,1.46,1.75
2015.02.12 09:26:24.728,0.74301,0.74308,1.00,1.00
2015.02.12 09:26:25.134,0.743,0.74309,1.10,1.85
2015.02.12 09:26:25.439,0.74298,0.74306,1.39,1.47
2015.02.12 09:26:25.845,0.74299,0.74308,1.01,1.01
2015.02.12 09:26:26.354,0.74298,0.74304,1.46,1.00
2015.02.12 09:26:26.761,0.74298,0.74306,1.91,1.12
2015.02.12 09:26:26.964,0.74298,0.74306,1.46,1.37
2015.02.12 09:26:27.965,0.74297,0.74306,1.54,1.12
2015.02.12 09:26:28.472,0.74298,0.7431,2.59,2.96
2015.02.12 09:26:29.089,0.74299,0.74309,1.27,1.57
2015.02.12 09:26:29.640,0.74298,0.7431,2.59,1.84
2015.02.12 09:26:30.855,0.74298,0.74308,2.96,1.37
2015.02.12 09:26:32.504,0.74298,0.7431,2.96,3.71
2015.02.12 09:26:32.656,0.74299,0.7431,1.57,2.59
2015.02.12 09:26:32.808,0.74301,0.74311,1.69,1.01
2015.02.12 09:26:33.316,0.74301,0.74312,1.39,1.84
2015.02.12 09:26:34.652,0.74302,0.74311,1.00,1.09
2015.02.12 09:26:35.183,0.74301,0.74311,1.10,1.46
2015.02.12 09:26:35.690,0.743,0.7431,1.09,1.84
2015.02.12 09:26:36.471,0.743,0.74312,1.91,3.34
2015.02.12 09:26:36.826,0.743,0.74307,1.24,1.00
2015.02.12 09:26:37.332,0.74298,0.74307,1.84,1.10
2015.02.12 09:26:37.839,0.74298,0.74307,1.34,1.10
2015.02.12 09:26:40.509,0.743,0.74308,1.00,1.07
2015.02.12 09:26:40.814,0.74302,0.7431,1.00,1.84
2015.02.12 09:26:41.120,0.74304,0.74313,1.00,2.96
2015.02.12 09:26:41.526,0.74301,0.74313,1.65,4.16
2015.02.12 09:26:42.047,0.74301,0.74311,1.27,1.37
2015.02.12 09:26:42.555,0.74301,0.74312,1.72,1.77
2015.02.12 09:26:43.123,0.743,0.74311,1.46,3.15
2015.02.12 09:26:43.427,0.74298,0.74308,1.91,1.76
2015.02.12 09:26:43.934,0.743,0.74309,1.00,1.84
2015.02.12 09:26:44.239,0.74302,0.7431,1.00,1.19
2015.02.12 09:26:44.340,0.74302,0.74311,1.00,1.66
2015.02.12 09:26:44.848,0.74303,0.74311,1.00,1.01
2015.02.12 09:26:45.379,0.74303,0.7431,1.07,1.00
2015.02.12 09:26:46.419,0.74302,0.74312,1.17,1.76
2015.02.12 09:26:46.928,0.74304,0.74314,1.10,1.74
2015.02.12 09:26:47.487,0.74305,0.74314,1.10,1.76
2015.02.12 09:26:47.994,0.74304,0.74314,1.15,2.51
2015.02.12 09:26:48.045,0.74303,0.74314,3.15,2.51
2015.02.12 09:26:48.097,0.74303,0.74314,1.27,2.59
2015.02.12 09:26:48.199,0.74304,0.74314,1.17,1.76
2015.02.12 09:26:48.807,0.74304,0.74314,1.20,1.76
2015.02.12 09:26:48.956,0.74304,0.74314,1.20,1.46
2015.02.12 09:26:49.463,0.74304,0.74314,1.20,2.21
2015.02.12 09:26:50.008,0.74304,0.74314,1.17,1.69
2015.02.12 09:26:50.363,0.74304,0.74314,1.17,1.69
2015.02.12 09:26:50.515,0.74302,0.74314,1.09,4.84
2015.02.12 09:26:51.649,0.74301,0.74313,1.16,3.34
2015.02.12 09:26:51.955,0.74301,0.7431,1.10,1.87
2015.02.12 09:26:52.159,0.74301,0.7431,1.10,1.87
2015.02.12 09:26:52.670,0.74301,0.74311,1.10,2.14
2015.02.12 09:26:54.628,0.74301,0.74311,1.07,1.39
2015.02.12 09:26:57.084,0.74301,0.74311,1.00,1.46
2015.02.12 09:26:57.591,0.74301,0.74311,1.00,1.46
2015.02.12 09:26:58.583,0.743,0.74311,1.54,2.21
2015.02.12 09:26:58.897,0.743,0.74307,2.29,1.00
2015.02.12 09:26:59.900,0.74299,0.74308,2.21,1.00
2015.02.12 09:27:00.305,0.743,0.74309,1.47,1.37
2015.02.12 09:27:00.829,0.743,0.74307,1.76,1.00
2015.02.12 09:27:01.512,0.743,0.74309,1.76,1.45
2015.02.12 09:27:01.614,0.743,0.74307,1.76,1.00
2015.02.12 09:27:01.716,0.743,0.74309,3.34,1.12
2015.02.12 09:27:02.223,0.74301,0.74308,1.57,1.00
2015.02.12 09:27:04.859,0.74301,0.74307,2.14,1.00
2015.02.12 09:27:05.517,0.74301,0.74306,1.25,1.00
2015.02.12 09:27:06.026,0.743,0.74306,1.47,1.10
2015.02.12 09:27:06.533,0.743,0.74308,1.57,1.15
2015.02.12 09:27:06.686,0.74301,0.74308,1.10,1.00
2015.02.12 09:27:06.737,0.74301,0.74309,1.50,1.10
2015.02.12 09:27:07.042,0.743,0.74306,2.51,1.00
2015.02.12 09:27:07.093,0.743,0.74306,2.21,1.00
2015.02.12 09:27:07.144,0.743,0.74306,2.51,1.00
2015.02.12 09:27:07.651,0.743,0.74306,1.57,1.00
2015.02.12 09:27:08.157,0.74298,0.74305,2.40,1.00
2015.02.12 09:27:09.286,0.74297,0.74303,1.95,1.00
2015.02.12 09:27:09.792,0.74297,0.74305,1.65,1.12
2015.02.12 09:27:09.893,0.74297,0.74303,1.67,1.00
2015.02.12 09:27:10.401,0.74297,0.74305,1.95,1.00
2015.02.12 09:27:10.992,0.74298,0.74305,1.57,1.00
2015.02.12 09:27:11.499,0.74298,0.74306,1.57,1.00
2015.02.12 09:27:11.803,0.74298,0.74304,1.52,1.00
2015.02.12 09:27:13.518,0.74298,0.74306,1.55,1.12
2015.02.12 09:27:14.783,0.74298,0.74306,1.55,1.00
2015.02.12 09:27:14.985,0.74298,0.74308,2.92,2.70
2015.02.12 09:27:15.961,0.74299,0.74309,1.84,1.50
2015.02.12 09:27:16.214,0.74301,0.74311,1.07,2.51
2015.02.12 09:27:16.519,0.74302,0.74308,1.65,1.00
2015.02.12 09:27:17.025,0.74302,0.74309,1.17,1.00
2015.02.12 09:27:17.431,0.74302,0.74311,1.10,1.20
2015.02.12 09:27:17.826,0.74302,0.74308,1.20,1.00
2015.02.12 09:27:18.345,0.74299,0.74307,2.51,1.00
2015.02.12 09:27:19.258,0.743,0.74308,1.27,1.10
2015.02.12 09:27:20.560,0.743,0.74307,1.55,1.00
2015.02.12 09:27:21.529,0.74301,0.74308,1.20,1.20
2015.02.12 09:27:22.037,0.74301,0.74307,1.20,1.00
2015.02.12 09:27:22.810,0.74299,0.74307,1.57,1.47
2015.02.12 09:27:24.375,0.74299,0.74307,1.67,1.37
2015.02.12 09:27:24.679,0.743,0.74307,1.27,1.12
2015.02.12 09:27:25.034,0.743,0.74307,1.20,1.12
2015.02.12 09:27:25.562,0.74301,0.74309,1.27,1.12
2015.02.12 09:27:25.664,0.74301,0.74307,1.27,1.00
2015.02.12 09:27:26.071,0.74302,0.74311,1.00,1.15
2015.02.12 09:27:26.223,0.74303,0.74312,1.10,1.25
2015.02.12 09:27:26.729,0.74303,0.74311,1.30,1.00
2015.02.12 09:27:26.881,0.74303,0.74308,1.30,1.00
2015.02.12 09:27:27.388,0.74301,0.74307,3.11,1.00
2015.02.12 09:27:27.896,0.74301,0.74308,1.54,1.00
2015.02.12 09:27:28.200,0.74301,0.7431,2.96,1.20
2015.02.12 09:27:29.011,0.74301,0.7431,2.21,1.27
2015.02.12 09:27:29.977,0.74302,0.74311,1.01,2.32
2015.02.12 09:27:30.180,0.74301,0.74306,1.10,1.00
2015.02.12 09:27:30.686,0.74299,0.74307,2.29,1.00
2015.02.12 09:27:31.148,0.74299,0.74307,3.71,1.87
2015.02.12 09:27:31.452,0.74301,0.74309,2.40,1.00
2015.02.12 09:27:31.822,0.74301,0.74309,2.47,1.00
2015.02.12 09:27:32.966,0.74302,0.74309,1.20,1.00
2015.02.12 09:27:34.512,0.743,0.74308,1.54,1.00
2015.02.12 09:27:35.077,0.743,0.74308,1.24,1.00
2015.02.12 09:27:36.219,0.743,0.74309,2.29,1.00
2015.02.12 09:27:37.021,0.743,0.74307,3.04,1.00
2015.02.12 09:27:37.224,0.74298,0.74306,2.51,1.50
2015.02.12 09:27:37.732,0.74298,0.74305,1.27,1.00
2015.02.12 09:27:37.835,0.74298,0.74305,1.27,1.00
2015.02.12 09:27:38.111,0.74298,0.74304,1.00,1.00
2015.02.12 09:27:38.315,0.74298,0.74306,1.57,1.00
2015.02.12 09:27:38.467,0.743,0.74307,1.00,1.00
2015.02.12 09:27:38.973,0.74301,0.74309,1.10,2.25
2015.02.12 09:27:39.481,0.74301,0.74309,1.10,2.62
2015.02.12 09:27:39.992,0.74301,0.74307,1.00,1.00
2015.02.12 09:27:40.248,0.74298,0.74304,1.20,1.00
2015.02.12 09:27:40.350,0.74299,0.74306,1.20,1.00
2015.02.12 09:27:40.864,0.74299,0.74305,1.72,1.00
2015.02.12 09:27:40.965,0.74299,0.74308,1.65,1.00
2015.02.12 09:27:41.067,0.743,0.74305,1.00,1.00
2015.02.12 09:27:41.574,0.74299,0.74305,1.00,1.00
2015.02.12 09:27:41.625,0.74299,0.74307,1.00,1.10
2015.02.12 09:27:41.828,0.74299,0.74305,1.00,1.00
2015.02.12 09:27:42.537,0.74298,0.74303,1.17,1.00
2015.02.12 09:27:42.841,0.74298,0.74305,1.00,1.00
2015.02.12 09:27:43.348,0.74299,0.74306,1.00,1.00
2015.02.12 09:27:44.184,0.74299,0.74307,1.00,1.50
2015.02.12 09:27:45.057,0.74298,0.74306,1.80,1.00
2015.02.12 09:27:45.618,0.74298,0.74307,1.32,1.10
2015.02.12 09:27:46.125,0.743,0.74308,1.00,1.07
2015.02.12 09:27:46.671,0.74299,0.74308,1.10,1.00
2015.02.12 09:27:46.976,0.74299,0.74306,1.10,1.00
2015.02.12 09:27:47.484,0.74298,0.74305,1.32,1.00
2015.02.12 09:27:47.839,0.74299,0.74307,1.20,1.12
2015.02.12 09:27:48.397,0.74298,0.74306,1.65,1.00
2015.02.12 09:27:53.309,0.74298,0.74308,4.46,1.87
2015.02.12 09:27:53.615,0.743,0.74308,1.72,1.87
2015.02.12 09:27:53.920,0.74297,0.74304,7.76,1.00
2015.02.12 09:27:54.023,0.74297,0.74306,6.71,1.00
2015.02.12 09:27:54.530,0.74298,0.74305,1.16,1.00
2015.02.12 09:27:55.595,0.74298,0.74305,1.27,1.00
2015.02.12 09:27:55.951,0.74298,0.74307,1.27,2.32
2015.02.12 09:27:56.053,0.74298,0.74305,1.10,1.00
2015.02.12 09:27:56.562,0.74296,0.74305,4.27,1.12
2015.02.12 09:27:57.071,0.74298,0.74304,1.10,1.00
2015.02.12 09:27:57.578,0.74298,0.74305,1.50,1.87
2015.02.12 09:27:57.882,0.74297,0.74302,1.09,1.00
2015.02.12 09:27:57.933,0.74297,0.74305,1.09,1.00
2015.02.12 09:27:58.237,0.74297,0.74306,1.91,1.00
2015.02.12 09:27:58.744,0.74297,0.74306,1.72,1.37
2015.02.12 09:27:59.892,0.74299,0.74304,1.10,1.00
2015.02.12 09:28:00.247,0.74299,0.74306,1.00,1.57
2015.02.12 09:28:00.918,0.74298,0.74306,1.00,1.57
2015.02.12 09:28:01.457,0.74298,0.74305,1.00,1.00
2015.02.12 09:28:01.761,0.74298,0.74303,1.00,1.00
2015.02.12 09:28:02.066,0.74297,0.74305,1.17,1.12
2015.02.12 09:28:02.573,0.74297,0.74304,1.17,1.00
2015.02.12 09:28:03.139,0.74297,0.74306,1.65,1.87
2015.02.12 09:28:03.596,0.74297,0.74303,1.65,1.00
2015.02.12 09:28:03.698,0.74299,0.74305,1.00,1.00
2015.02.12 09:28:04.104,0.74297,0.74303,1.99,1.00
2015.02.12 09:28:04.257,0.74298,0.74303,1.00,1.00
2015.02.12 09:28:04.359,0.743,0.74305,1.00,1.00
2015.02.12 09:28:04.866,0.743,0.74306,1.00,1.50
2015.02.12 09:28:05.272,0.74299,0.74303,1.00,1.00
2015.02.12 09:28:05.374,0.74299,0.74305,1.00,1.00
2015.02.12 09:28:05.881,0.74299,0.74306,1.50,1.50
2015.02.12 09:28:06.430,0.74299,0.74308,1.57,1.87
2015.02.12 09:28:06.886,0.743,0.74307,1.00,1.87
2015.02.12 09:28:07.392,0.74299,0.74305,1.57,1.00
2015.02.12 09:28:07.900,0.74299,0.74304,1.00,1.00
2015.02.12 09:28:08.408,0.74299,0.74305,1.00,1.50
2015.02.12 09:28:08.916,0.74298,0.74305,1.57,1.50
2015.02.12 09:28:09.481,0.74298,0.74305,1.57,1.37
2015.02.12 09:28:09.786,0.74298,0.74305,1.10,1.12
2015.02.12 09:28:10.293,0.74299,0.74306,1.00,1.12
2015.02.12 09:28:10.853,0.74298,0.74306,1.57,1.12
2015.02.12 09:28:11.310,0.74297,0.74303,1.10,1.00
2015.02.12 09:28:11.412,0.74297,0.74305,1.10,1.00
2015.02.12 09:28:11.818,0.74297,0.74303,1.10,1.00
2015.02.12 09:28:12.426,0.74297,0.74305,1.10,1.87
2015.02.12 09:28:12.970,0.74298,0.74304,1.00,1.50
2015.02.12 09:28:13.492,0.74298,0.74306,1.00,1.55
2015.02.12 09:28:15.282,0.74298,0.74306,1.10,1.12
2015.02.12 09:28:15.487,0.74298,0.74306,1.10,1.37
2015.02.12 09:28:15.896,0.74298,0.74306,1.10,1.12
2015.02.12 09:28:16.425,0.74297,0.74303,1.27,1.00
2015.02.12 09:28:16.932,0.74297,0.74303,1.10,1.00
2015.02.12 09:28:17.453,0.74297,0.74304,1.57,1.00
2015.02.12 09:28:17.757,0.74297,0.74304,1.10,1.87
2015.02.12 09:28:18.068,0.74297,0.74304,1.10,1.87
2015.02.12 09:28:19.418,0.74296,0.74304,1.65,1.37
2015.02.12 09:28:19.622,0.74297,0.74305,1.20,1.37
2015.02.12 09:28:19.876,0.74299,0.74305,1.00,1.00
2015.02.12 09:28:20.727,0.74299,0.74305,1.00,1.37
2015.02.12 09:28:20.828,0.74297,0.74303,1.00,1.00
2015.02.12 09:28:21.336,0.74296,0.74303,1.95,1.00
2015.02.12 09:28:21.547,0.74296,0.74303,1.95,1.37
2015.02.12 09:28:22.055,0.74297,0.74303,1.00,1.37
2015.02.12 09:28:22.323,0.74295,0.74303,1.01,1.37
2015.02.12 09:28:23.045,0.74297,0.74303,1.00,1.00
2015.02.12 09:28:23.250,0.74296,0.74302,1.95,1.00
2015.02.12 09:28:23.352,0.74297,0.74305,1.00,1.87
2015.02.12 09:28:23.403,0.74297,0.74305,1.07,1.37
2015.02.12 09:28:24.061,0.74298,0.74305,1.65,1.37
2015.02.12 09:28:25.168,0.74298,0.74306,1.50,1.37
2015.02.12 09:28:26.482,0.74298,0.74305,1.65,1.00
2015.02.12 09:28:27.010,0.74298,0.74305,1.57,1.37
2015.02.12 09:28:29.202,0.74298,0.74305,1.65,1.12
2015.02.12 09:28:30.098,0.74299,0.74306,1.10,1.12
2015.02.12 09:28:30.983,0.74299,0.74306,1.10,1.37
2015.02.12 09:28:31.494,0.74299,0.74306,1.50,1.37
2015.02.12 09:28:31.596,0.74299,0.74306,1.00,1.00
2015.02.12 09:28:31.749,0.743,0.74308,1.00,2.51
2015.02.12 09:28:32.668,0.743,0.74307,1.00,1.00
2015.02.12 09:28:32.769,0.743,0.74309,1.00,3.04
2015.02.12 09:28:33.379,0.74297,0.74306,3.90,1.00
2015.02.12 09:28:33.906,0.743,0.74307,1.17,1.00
2015.02.12 09:28:34.216,0.743,0.74307,1.17,1.37
2015.02.12 09:28:36.418,0.743,0.74307,1.17,1.87
2015.02.12 09:28:39.462,0.74299,0.74307,1.65,1.12
2015.02.12 09:28:39.970,0.74299,0.74307,1.65,1.12
2015.02.12 09:28:40.715,0.74299,0.74308,4.65,1.31
2015.02.12 09:28:41.020,0.74302,0.74309,1.10,2.06
2015.02.12 09:28:41.759,0.74301,0.7431,1.07,2.14
2015.02.12 09:28:42.265,0.743,0.74309,5.21,1.56
2015.02.12 09:28:42.924,0.743,0.74309,7.20,1.31
2015.02.12 09:28:43.435,0.743,0.74309,7.20,1.62
2015.02.12 09:28:43.943,0.743,0.74309,7.20,1.31
2015.02.12 09:28:44.891,0.743,0.74308,7.57,1.00
2015.02.12 09:28:45.398,0.743,0.74307,7.57,1.00
2015.02.12 09:28:45.905,0.743,0.74308,7.57,1.00
2015.02.12 09:28:48.396,0.74301,0.74308,1.65,1.37
2015.02.12 09:28:48.549,0.74301,0.74311,2.40,4.69
2015.02.12 09:28:48.993,0.74303,0.74312,1.17,2.06
2015.02.12 09:28:49.601,0.74303,0.74312,1.17,2.06
2015.02.12 09:28:50.907,0.74304,0.74312,4.20,1.31
2015.02.12 09:28:51.059,0.74304,0.74312,6.45,1.31
2015.02.12 09:28:51.921,0.74304,0.74312,6.45,1.12
2015.02.12 09:28:52.429,0.74304,0.74311,6.45,1.50
2015.02.12 09:28:53.070,0.74304,0.7431,6.64,1.00
2015.02.12 09:28:53.274,0.74302,0.74308,1.65,1.00
2015.02.12 09:28:53.376,0.74302,0.74306,1.50,1.00
2015.02.12 09:28:53.579,0.74302,0.74308,1.00,1.50
2015.02.12 09:28:54.036,0.74302,0.74306,1.00,1.00
2015.02.12 09:28:54.188,0.743,0.74306,1.57,1.00
2015.02.12 09:28:54.392,0.743,0.74304,1.57,1.00
2015.02.12 09:28:54.900,0.743,0.74305,1.57,1.00
2015.02.12 09:28:55.406,0.74301,0.74305,1.00,1.12
2015.02.12 09:28:55.702,0.74301,0.74309,1.07,2.89
2015.02.12 09:28:56.210,0.74301,0.74309,1.07,1.62
2015.02.12 09:28:56.884,0.74301,0.74309,1.10,1.39
2015.02.12 09:28:57.714,0.74301,0.74309,1.95,1.39
2015.02.12 09:28:58.251,0.74301,0.74309,2.70,1.39
2015.02.12 09:28:58.758,0.74301,0.7431,2.70,1.46
2015.02.12 09:28:58.883,0.74301,0.7431,2.70,1.46
2015.02.12 09:28:59.693,0.74301,0.7431,1.95,1.46
2015.02.12 09:29:00.208,0.74301,0.74308,1.95,1.00
2015.02.12 09:29:00.870,0.74301,0.74307,1.12,1.00
2015.02.12 09:29:02.407,0.743,0.74306,1.95,1.00
2015.02.12 09:29:02.913,0.743,0.74308,1.95,1.62
2015.02.12 09:29:03.422,0.743,0.74306,1.95,1.00
2015.02.12 09:29:04.031,0.74299,0.74305,4.27,1.00
2015.02.12 09:29:05.145,0.74299,0.74306,5.77,1.00
2015.02.12 09:29:07.129,0.74299,0.74305,4.76,1.00
2015.02.12 09:29:07.484,0.74299,0.74307,4.84,1.00
2015.02.12 09:29:08.094,0.743,0.74308,3.45,1.20
2015.02.12 09:29:08.852,0.743,0.74307,4.20,1.00
2015.02.12 09:29:10.221,0.743,0.74308,4.57,1.00
2015.02.12 09:29:10.778,0.743,0.74309,4.57,1.31
2015.02.12 09:29:13.487,0.743,0.74307,4.76,1.00
2015.02.12 09:29:13.741,0.743,0.74309,4.39,1.12
2015.02.12 09:29:14.245,0.743,0.74309,1.39,1.37
2015.02.12 09:29:16.348,0.74299,0.74307,2.21,1.00
2015.02.12 09:29:17.772,0.74299,0.74307,5.59,1.37
2015.02.12 09:29:18.280,0.743,0.74307,1.50,1.87
2015.02.12 09:29:18.382,0.74304,0.7431,1.00,3.34
2015.02.12 09:29:18.484,0.74302,0.7431,1.00,2.21
2015.02.12 09:29:18.636,0.74303,0.7431,1.20,1.50
2015.02.12 09:29:18.839,0.74304,0.74312,1.10,1.00
2015.02.12 09:29:18.942,0.74307,0.74314,1.10,1.20
2015.02.12 09:29:19.442,0.74305,0.74313,1.12,1.25
2015.02.12 09:29:19.748,0.74304,0.74313,3.75,4.09
2015.02.12 09:29:20.257,0.74303,0.74312,1.25,1.57
2015.02.12 09:29:20.359,0.74302,0.7431,1.87,1.47
2015.02.12 09:29:20.867,0.74302,0.74309,1.37,1.37
2015.02.12 09:29:21.223,0.743,0.74306,1.39,1.00
2015.02.12 09:29:21.933,0.743,0.74307,1.39,1.12
2015.02.12 09:29:22.465,0.743,0.74306,1.39,1.00
2015.02.12 09:29:22.981,0.743,0.74305,1.01,1.00
2015.02.12 09:29:23.546,0.743,0.74306,1.39,1.00
2015.02.12 09:29:24.319,0.743,0.74308,1.39,1.37
2015.02.12 09:29:24.827,0.743,0.74307,1.77,1.12
2015.02.12 09:29:25.334,0.74301,0.7431,2.89,1.62
2015.02.12 09:29:25.639,0.743,0.74307,2.14,1.00
2015.02.12 09:29:26.183,0.743,0.7431,1.62,2.21
2015.02.12 09:29:26.540,0.743,0.7431,2.14,2.14
2015.02.12 09:29:27.047,0.743,0.74309,2.14,1.12
2015.02.12 09:29:27.300,0.743,0.7431,1.39,2.21
2015.02.12 09:29:27.503,0.743,0.74306,1.62,1.00
2015.02.12 09:29:27.858,0.74301,0.74308,1.37,1.87
2015.02.12 09:29:28.366,0.74301,0.74309,1.62,1.12
2015.02.12 09:29:28.873,0.74302,0.74311,1.27,1.62
2015.02.12 09:29:28.924,0.74303,0.74311,1.57,1.25
2015.02.12 09:29:29.127,0.74304,0.74313,1.09,1.00
2015.02.12 09:29:29.229,0.74304,0.74313,3.19,1.00
2015.02.12 09:29:29.483,0.74308,0.74315,1.00,1.25
2015.02.12 09:29:29.839,0.74308,0.74316,1.65,1.19
2015.02.12 09:29:29.890,0.74311,0.7432,1.00,1.39
2015.02.12 09:29:30.093,0.74311,0.7432,1.07,1.39
2015.02.12 09:29:30.599,0.74311,0.7432,1.00,1.46
2015.02.12 09:29:31.758,0.74309,0.74319,4.46,1.39
2015.02.12 09:29:32.266,0.74308,0.74318,1.84,2.06
2015.02.12 09:29:32.367,0.74307,0.74317,1.20,2.96
2015.02.12 09:29:32.418,0.74308,0.74313,1.00,1.00
2015.02.12 09:29:32.571,0.74306,0.74313,1.20,1.37
2015.02.12 09:29:32.962,0.74304,0.74313,1.00,2.89
2015.02.12 09:29:33.317,0.74306,0.74314,1.00,1.61
2015.02.12 09:29:33.824,0.74307,0.74317,1.65,2.96
2015.02.12 09:29:36.292,0.74307,0.74316,1.57,1.56
2015.02.12 09:29:36.798,0.74307,0.74316,1.57,1.56
2015.02.12 09:29:37.710,0.74307,0.74317,3.07,1.76
2015.02.12 09:29:37.812,0.74308,0.74318,1.50,2.36
2015.02.12 09:29:37.915,0.7431,0.74318,1.00,1.91
2015.02.12 09:29:38.220,0.74314,0.74318,1.00,1.25
2015.02.12 09:29:38.423,0.74311,0.7432,1.57,1.56
2015.02.12 09:29:38.930,0.74313,0.7432,1.00,1.62
2015.02.12 09:29:39.591,0.74313,0.7432,1.50,1.62
2015.02.12 09:29:40.094,0.74312,0.7432,1.00,1.39
2015.02.12 09:29:40.601,0.74313,0.7432,1.00,1.39
2015.02.12 09:29:40.907,0.74311,0.74317,1.00,1.62
2015.02.12 09:29:41.161,0.74307,0.74316,2.32,1.39
2015.02.12 09:29:41.669,0.74309,0.74316,1.00,1.56
2015.02.12 09:29:41.975,0.74312,0.74317,1.00,1.57
2015.02.12 09:29:42.026,0.74312,0.74317,1.00,1.20
2015.02.12 09:29:42.179,0.74309,0.74318,1.07,1.16
2015.02.12 09:29:42.485,0.74308,0.74317,1.00,1.84
2015.02.12 09:29:43.196,0.74309,0.74319,1.00,2.66
2015.02.12 09:29:43.450,0.7431,0.7432,1.00,5.59
2015.02.12 09:29:45.062,0.7431,0.74319,1.10,2.21
2015.02.12 09:29:45.570,0.7431,0.74319,1.57,1.16
2015.02.12 09:29:45.773,0.74312,0.74319,1.00,1.01
2015.02.12 09:29:46.280,0.74312,0.74321,1.50,1.39
2015.02.12 09:29:46.821,0.74313,0.74321,1.00,1.76
2015.02.12 09:29:47.176,0.74312,0.7432,1.00,2.96
2015.02.12 09:29:47.634,0.74314,0.74319,1.00,1.76
2015.02.12 09:29:47.989,0.74311,0.74319,1.00,4.91
2015.02.12 09:29:48.346,0.7431,0.74317,1.00,3.71
2015.02.12 09:29:48.397,0.74307,0.74317,1.69,2.29
2015.02.12 09:29:48.906,0.74308,0.74315,1.00,2.21
2015.02.12 09:29:54.887,0.74307,0.74315,1.00,1.94
2015.02.12 09:29:55.295,0.74308,0.74316,1.00,2.14
2015.02.12 09:29:55.701,0.74307,0.74316,1.10,2.14
2015.02.12 09:29:56.210,0.74306,0.74315,1.65,1.62
2015.02.12 09:29:56.516,0.74307,0.74315,1.07,1.56
2015.02.12 09:29:57.798,0.74309,0.74316,1.00,1.76
2015.02.12 09:29:58.263,0.74309,0.74316,1.00,1.39
2015.02.12 09:29:58.568,0.74311,0.74318,1.00,1.84
2015.02.12 09:29:58.873,0.74313,0.7432,1.00,1.94
2015.02.12 09:29:59.600,0.74313,0.7432,1.00,1.94
2015.02.12 09:30:00.107,0.74313,0.7432,1.00,1.74
2015.02.12 09:30:00.639,0.74313,0.7432,1.00,1.74
2015.02.12 09:30:00.945,0.74313,0.74321,1.37,1.09
2015.02.12 09:30:01.047,0.74316,0.74323,1.00,1.76
2015.02.12 09:30:01.559,0.74315,0.74323,1.10,1.39
2015.02.12 09:30:02.073,0.74315,0.74323,1.10,1.39
2015.02.12 09:30:03.599,0.74316,0.74323,1.00,1.46
2015.02.12 09:30:04.105,0.74315,0.74323,1.20,1.46
2015.02.12 09:30:04.831,0.74315,0.74324,1.65,2.06
2015.02.12 09:30:05.135,0.74315,0.74324,2.77,1.01
2015.02.12 09:30:05.644,0.74318,0.74324,2.62,1.00
2015.02.12 09:30:05.847,0.74318,0.74328,2.62,3.41
2015.02.12 09:30:06.355,0.74318,0.74327,1.00,1.09
2015.02.12 09:30:06.871,0.74317,0.74326,1.10,1.26
2015.02.12 09:30:07.870,0.74317,0.74326,1.10,1.01
2015.02.12 09:30:07.921,0.74317,0.74326,1.95,1.01
2015.02.12 09:30:09.203,0.74317,0.74325,1.47,1.39
2015.02.12 09:30:11.213,0.74317,0.74326,1.47,1.20
2015.02.12 09:30:11.366,0.7432,0.74327,1.65,1.69
2015.02.12 09:30:11.671,0.74321,0.74331,1.20,2.21
2015.02.12 09:30:12.179,0.74322,0.7433,1.50,1.26
2015.02.12 09:30:12.704,0.74322,0.7433,1.87,1.76
2015.02.12 09:30:13.160,0.7432,0.74328,1.27,1.01
2015.02.12 09:30:13.262,0.7432,0.74327,1.20,1.31
2015.02.12 09:30:13.364,0.7432,0.74327,1.12,1.20
2015.02.12 09:30:13.878,0.74321,0.74328,1.00,1.41
2015.02.12 09:30:14.486,0.74322,0.74328,1.00,1.41
2015.02.12 09:30:14.689,0.7432,0.74328,1.00,1.41
2015.02.12 09:30:15.044,0.74322,0.74328,1.00,1.01
2015.02.12 09:30:15.551,0.74322,0.7433,1.00,1.91
2015.02.12 09:30:16.096,0.74322,0.74329,1.00,1.94
2015.02.12 09:30:17.173,0.74322,0.74329,1.00,1.94
2015.02.12 09:30:17.692,0.74321,0.74329,1.12,1.94
2015.02.12 09:30:18.199,0.74321,0.74329,1.12,2.66
2015.02.12 09:30:18.658,0.74319,0.74328,1.12,2.59
2015.02.12 09:30:19.165,0.74319,0.74326,1.12,1.07
2015.02.12 09:30:20.413,0.74321,0.74326,1.00,1.31
2015.02.12 09:30:20.963,0.7432,0.74326,1.00,1.67
2015.02.12 09:30:22.170,0.74317,0.74326,1.95,1.39
2015.02.12 09:30:22.272,0.74317,0.74326,1.12,3.64
2015.02.12 09:30:22.322,0.74315,0.74323,1.12,1.56
2015.02.12 09:30:22.475,0.74316,0.74325,1.01,1.84
2015.02.12 09:30:22.526,0.74318,0.74325,1.00,1.76
2015.02.12 09:30:22.830,0.74319,0.74328,1.00,3.86
2015.02.12 09:30:23.368,0.7432,0.74328,1.00,2.36
2015.02.12 09:30:23.895,0.7432,0.74328,1.00,1.61
2015.02.12 09:30:26.432,0.7432,0.74329,1.00,1.16
2015.02.12 09:30:26.958,0.74319,0.74329,1.00,1.16
2015.02.12 09:30:27.509,0.74319,0.74329,1.00,2.66
2015.02.12 09:30:28.953,0.74319,0.74328,1.00,2.36
2015.02.12 09:30:30.338,0.74318,0.74325,1.00,1.46
2015.02.12 09:30:30.440,0.74318,0.74325,1.00,1.09
2015.02.12 09:30:30.643,0.74316,0.74325,1.00,2.21
2015.02.12 09:30:30.947,0.74316,0.74322,1.00,1.00
2015.02.12 09:30:30.998,0.74314,0.74322,1.76,1.25
2015.02.12 09:30:31.101,0.74314,0.74322,1.10,1.19
2015.02.12 09:30:31.304,0.74312,0.7432,1.25,1.25
2015.02.12 09:30:31.811,0.74311,0.74319,1.20,1.00
2015.02.12 09:30:32.317,0.74311,0.7432,1.15,1.62
2015.02.12 09:30:32.419,0.7431,0.7432,2.51,2.14
2015.02.12 09:30:33.493,0.7431,0.7432,2.51,2.14
2015.02.12 09:30:34.490,0.7431,0.7432,1.76,1.39
2015.02.12 09:30:35.360,0.74312,0.74321,1.10,1.39
2015.02.12 09:30:35.411,0.74312,0.74321,1.17,1.25
2015.02.12 09:30:35.815,0.74316,0.74326,1.07,2.29
2015.02.12 09:30:36.729,0.74316,0.74326,1.84,1.01
2015.02.12 09:30:37.238,0.74318,0.74326,1.00,1.39
2015.02.12 09:30:39.887,0.74319,0.74326,1.00,1.01
2015.02.12 09:30:40.344,0.74321,0.7433,1.00,2.21
2015.02.12 09:30:41.150,0.74321,0.7433,1.00,2.29
2015.02.12 09:30:41.860,0.7432,0.7433,1.76,3.04
2015.02.12 09:30:43.565,0.7432,0.7433,2.40,2.89
2015.02.12 09:30:44.123,0.7432,0.7433,2.32,1.36
2015.02.12 09:30:45.035,0.7432,0.7433,2.32,1.74
2015.02.12 09:30:45.545,0.7432,0.7433,2.32,1.74
2015.02.12 09:30:46.448,0.7432,0.7433,1.07,1.74
2015.02.12 09:30:47.446,0.74321,0.7433,1.10,1.74
2015.02.12 09:30:48.262,0.7432,0.7433,1.07,1.74
2015.02.12 09:30:49.959,0.7432,0.7433,1.07,1.74
2015.02.12 09:30:50.466,0.7432,0.74328,1.00,1.37
2015.02.12 09:30:51.676,0.7432,0.74328,1.00,1.39
2015.02.12 09:30:53.089,0.74319,0.74328,1.00,2.14
2015.02.12 09:30:53.597,0.74318,0.74328,3.26,1.66
2015.02.12 09:30:54.110,0.74318,0.74328,2.21,1.56
2015.02.12 09:30:54.684,0.74318,0.74328,2.02,1.56
2015.02.12 09:30:55.253,0.74318,0.74328,2.02,1.56
2015.02.12 09:30:55.761,0.74318,0.74328,2.02,1.76
2015.02.12 09:30:56.282,0.74319,0.74328,1.00,1.46
2015.02.12 09:30:56.844,0.74318,0.74326,2.02,1.00
2015.02.12 09:30:57.151,0.74315,0.74324,1.95,1.62
2015.02.12 09:30:57.557,0.74314,0.74321,1.10,2.06
2015.02.12 09:30:57.862,0.74311,0.74321,2.32,1.76
2015.02.12 09:30:58.015,0.74312,0.74321,1.10,1.76
2015.02.12 09:30:58.714,0.74311,0.7432,1.17,1.26
2015.02.12 09:30:59.223,0.74311,0.7432,1.00,1.66
2015.02.12 09:31:01.128,0.74311,0.74321,1.09,1.39
2015.02.12 09:31:02.401,0.74311,0.74321,1.84,1.49
2015.02.12 09:31:02.655,0.74311,0.74322,1.46,1.54
2015.02.12 09:31:02.706,0.74311,0.74322,1.46,2.29
2015.02.12 09:31:03.671,0.74315,0.74324,1.00,1.16
2015.02.12 09:31:04.179,0.74312,0.74322,1.84,1.39
2015.02.12 09:31:04.685,0.74312,0.74322,1.84,1.61
2015.02.12 09:31:08.750,0.74311,0.74321,1.07,1.64
2015.02.12 09:31:09.431,0.74311,0.74321,1.07,1.64
2015.02.12 09:31:09.585,0.7431,0.74321,1.25,1.71
2015.02.12 09:31:10.093,0.7431,0.7432,1.50,2.36
2015.02.12 09:31:10.830,0.7431,0.7432,2.81,1.46
2015.02.12 09:31:11.086,0.74311,0.74321,1.07,1.84
2015.02.12 09:31:12.190,0.74311,0.74321,1.57,2.51
2015.02.12 09:31:12.394,0.74309,0.74319,1.62,1.46
2015.02.12 09:31:12.648,0.74308,0.74317,1.00,2.96
2015.02.12 09:31:12.800,0.74307,0.74317,1.76,3.04
2015.02.12 09:31:14.831,0.74308,0.74317,1.00,2.29
2015.02.12 09:31:16.484,0.74308,0.74317,1.10,1.54
2015.02.12 09:31:17.609,0.74307,0.74317,2.25,1.54
2015.02.12 09:31:18.248,0.74309,0.74317,1.00,1.46
2015.02.12 09:31:19.261,0.74308,0.74318,1.50,1.46
2015.02.12 09:31:19.773,0.74308,0.74318,1.65,1.46
2015.02.12 09:31:22.465,0.74308,0.74318,1.09,1.76
2015.02.12 09:31:22.972,0.74307,0.74317,1.19,1.84
2015.02.12 09:31:23.478,0.74306,0.74317,3.26,1.54
2015.02.12 09:31:24.117,0.74306,0.74316,1.19,2.21
2015.02.12 09:31:24.472,0.74306,0.74316,1.25,3.71
2015.02.12 09:31:24.575,0.74308,0.74316,1.00,1.34
2015.02.12 09:31:25.083,0.74309,0.74317,1.00,1.84
2015.02.12 09:31:25.186,0.74308,0.74317,1.50,1.09
2015.02.12 09:31:26.166,0.74308,0.74317,1.69,1.39
2015.02.12 09:31:26.676,0.74309,0.74317,1.00,1.39
2015.02.12 09:31:27.981,0.74308,0.74317,1.69,1.39
2015.02.12 09:31:30.155,0.74307,0.74316,1.50,1.39
2015.02.12 09:31:30.662,0.74307,0.74316,1.50,1.46
2015.02.12 09:31:31.169,0.74308,0.74316,1.00,1.25
2015.02.12 09:31:32.254,0.74307,0.74317,1.10,2.21
2015.02.12 09:31:35.357,0.74306,0.74316,1.76,2.14
2015.02.12 09:31:35.863,0.74306,0.74315,1.00,1.76
2015.02.12 09:31:36.373,0.74305,0.74315,1.01,2.59
2015.02.12 09:31:36.881,0.74304,0.74312,1.07,1.12
2015.02.12 09:31:37.740,0.74304,0.74313,1.57,1.01
2015.02.12 09:31:38.364,0.74304,0.74313,1.25,1.29
2015.02.12 09:31:38.874,0.74304,0.74313,1.00,1.01
2015.02.12 09:31:39.397,0.74306,0.74313,1.00,1.25
2015.02.12 09:31:39.971,0.74306,0.74315,1.00,2.29
2015.02.12 09:31:40.799,0.74306,0.74315,1.00,2.29
2015.02.12 09:31:42.848,0.74306,0.74315,1.00,2.29
2015.02.12 09:31:45.946,0.74306,0.74315,1.00,2.29
2015.02.12 09:31:46.453,0.74307,0.74315,1.00,2.29
2015.02.12 09:31:46.967,0.74306,0.74315,1.00,2.29
2015.02.12 09:31:47.959,0.74306,0.74316,1.07,1.89
2015.02.12 09:31:48.162,0.74304,0.74315,3.34,1.84
2015.02.12 09:31:48.669,0.74305,0.74315,1.50,1.91
2015.02.12 09:31:49.379,0.74304,0.74315,2.25,1.91
2015.02.12 09:31:49.531,0.74307,0.74314,1.00,1.39
2015.02.12 09:31:49.936,0.74309,0.74314,1.00,1.00
2015.02.12 09:31:50.139,0.74309,0.74316,1.50,1.01
2015.02.12 09:31:51.087,0.74309,0.74316,1.50,1.37
2015.02.12 09:31:51.492,0.74307,0.74314,1.10,1.00
2015.02.12 09:31:51.998,0.74306,0.74314,2.21,1.12
2015.02.12 09:31:52.507,0.74307,0.74315,1.17,1.12
2015.02.12 09:31:53.015,0.74307,0.74317,1.17,2.96
2015.02.12 09:31:53.116,0.74307,0.74317,1.65,2.66
2015.02.12 09:31:53.627,0.74307,0.74317,1.57,2.59
2015.02.12 09:31:54.150,0.74309,0.74317,1.00,2.59
2015.02.12 09:31:54.815,0.74309,0.74317,1.00,2.51
2015.02.12 09:31:54.916,0.74309,0.74317,1.00,2.51
2015.02.12 09:31:55.422,0.74309,0.74317,1.00,1.76
2015.02.12 09:31:55.929,0.74308,0.74317,1.20,1.69
2015.02.12 09:31:56.987,0.74309,0.74317,1.57,1.31
2015.02.12 09:31:57.292,0.74312,0.74317,1.10,1.00
2015.02.12 09:31:57.597,0.74312,0.7432,2.02,1.01
2015.02.12 09:31:58.925,0.74313,0.74322,1.65,1.39
2015.02.12 09:31:59.230,0.74315,0.74324,1.17,2.14
2015.02.12 09:31:59.382,0.74316,0.74325,1.50,2.21
2015.02.12 09:32:00.400,0.74316,0.74325,1.01,1.62
2015.02.12 09:32:00.707,0.74318,0.74325,1.12,1.10
2015.02.12 09:32:00.910,0.74318,0.74327,1.00,1.05
2015.02.12 09:32:01.417,0.7432,0.74329,1.00,1.24
2015.02.12 09:32:01.924,0.7432,0.74327,1.00,1.00
2015.02.12 09:32:02.280,0.74316,0.74326,2.21,1.50
2015.02.12 09:32:02.433,0.74316,0.74326,1.31,1.74
2015.02.12 09:32:02.838,0.74315,0.74325,1.12,1.71
2015.02.12 09:32:03.097,0.74315,0.74321,1.12,1.00
2015.02.12 09:32:03.553,0.74314,0.74323,1.84,1.00
2015.02.12 09:32:04.059,0.74313,0.74323,2.21,1.65
2015.02.12 09:32:04.414,0.74312,0.74321,1.20,1.25
2015.02.12 09:32:04.718,0.7431,0.74319,1.39,1.00
2015.02.12 09:32:05.528,0.74312,0.7432,1.00,1.46
2015.02.12 09:32:06.042,0.74311,0.7432,1.00,1.46
2015.02.12 09:32:10.725,0.74312,0.7432,1.00,1.46
2015.02.12 09:32:14.114,0.74312,0.7432,1.95,1.47
2015.02.12 09:32:14.620,0.74312,0.74321,1.65,1.39
2015.02.12 09:32:15.274,0.74311,0.7432,1.65,1.31
2015.02.12 09:32:15.326,0.74311,0.74318,1.57,1.12
2015.02.12 09:32:16.451,0.74311,0.74318,1.10,1.47
2015.02.12 09:32:16.655,0.74311,0.74318,1.00,1.20
2015.02.12 09:32:17.719,0.74311,0.74319,1.12,2.14
2015.02.12 09:32:18.226,0.7431,0.74319,1.95,2.14
2015.02.12 09:32:18.848,0.7431,0.74319,1.95,2.14
2015.02.12 09:32:18.949,0.7431,0.74319,1.95,2.14
2015.02.12 09:32:19.456,0.74311,0.74319,1.00,2.14
2015.02.12 09:32:19.558,0.74311,0.74319,1.07,2.14
2015.02.12 09:32:21.539,0.74311,0.74319,1.09,1.07
2015.02.12 09:32:21.693,0.74313,0.7432,1.65,1.00
2015.02.12 09:32:21.896,0.74315,0.7432,1.07,1.00
2015.02.12 09:32:22.150,0.74315,0.74326,3.82,2.21
2015.02.12 09:32:22.707,0.74317,0.74326,2.32,1.76
2015.02.12 09:32:22.933,0.74317,0.74326,4.57,1.25
2015.02.12 09:32:24.335,0.74319,0.74328,1.65,1.74
2015.02.12 09:32:25.170,0.74319,0.74328,1.65,1.74
2015.02.12 09:32:25.677,0.74319,0.74328,1.65,1.74
2015.02.12 09:32:26.184,0.74319,0.74328,1.17,2.21
2015.02.12 09:32:26.691,0.7432,0.74328,1.17,1.01
2015.02.12 09:32:27.379,0.74318,0.74328,4.01,1.01
2015.02.12 09:32:27.888,0.74318,0.74328,4.01,1.01
2015.02.12 09:32:28.396,0.74318,0.74326,3.07,1.62
2015.02.12 09:32:28.498,0.74316,0.74326,2.21,1.62
2015.02.12 09:32:29.380,0.74315,0.74326,4.76,2.14
2015.02.12 09:32:30.978,0.74316,0.74326,4.69,2.14
2015.02.12 09:32:31.480,0.74317,0.74327,2.89,1.46
2015.02.12 09:32:36.005,0.74317,0.74328,1.46,2.51
2015.02.12 09:32:36.659,0.74317,0.74328,1.15,2.51
2015.02.12 09:32:37.400,0.74318,0.74328,3.64,3.26
2015.02.12 09:32:39.001,0.74319,0.74329,4.01,1.56
2015.02.12 09:32:40.103,0.7432,0.74329,1.46,2.25
2015.02.12 09:32:40.617,0.7432,0.74329,2.21,1.50
2015.02.12 09:32:42.836,0.7432,0.74328,1.20,1.47
2015.02.12 09:32:50.700,0.74319,0.74327,2.14,1.37
2015.02.12 09:32:50.903,0.7432,0.74329,1.87,1.76
2015.02.12 09:32:51.409,0.7432,0.74329,1.87,1.46
2015.02.12 09:32:51.612,0.7432,0.74329,2.14,1.20
2015.02.12 09:32:53.839,0.74322,0.7433,1.20,1.66
2015.02.12 09:32:54.346,0.74319,0.74329,1.66,4.39
2015.02.12 09:32:54.448,0.7432,0.74329,1.00,4.46
2015.02.12 09:32:54.954,0.74321,0.74329,1.00,4.84
2015.02.12 09:32:55.475,0.7432,0.74328,1.00,2.14
2015.02.12 09:32:55.987,0.7432,0.74328,1.00,1.39
2015.02.12 09:32:57.040,0.7432,0.74328,1.00,1.39
2015.02.12 09:32:57.142,0.7432,0.74327,1.00,2.25
2015.02.12 09:32:57.548,0.7432,0.74327,1.25,2.62
2015.02.12 09:32:58.061,0.7432,0.74329,1.25,1.66
2015.02.12 09:32:59.394,0.7432,0.74329,1.25,1.66
2015.02.12 09:33:01.406,0.74319,0.74329,2.14,1.66
2015.02.12 09:33:01.914,0.7432,0.74329,1.25,2.14
2015.02.12 09:33:02.421,0.7432,0.74329,1.70,1.39
2015.02.12 09:33:03.039,0.7432,0.7433,2.14,1.54
2015.02.12 09:33:03.343,0.7432,0.7433,1.70,1.54
2015.02.12 09:33:04.602,0.74319,0.74328,2.21,1.37
2015.02.12 09:33:05.058,0.74318,0.74326,2.89,1.00
2015.02.12 09:33:05.566,0.74318,0.74326,1.57,1.00
2015.02.12 09:33:05.617,0.74319,0.74326,1.37,1.00
2015.02.12 09:33:06.124,0.74319,0.74327,1.47,1.31
2015.02.12 09:33:06.646,0.74319,0.74327,1.47,1.12
2015.02.12 09:33:07.259,0.74319,0.74327,1.47,1.00
2015.02.12 09:33:07.563,0.74319,0.74325,1.47,1.00
2015.02.12 09:33:08.077,0.74317,0.74326,2.96,1.50
2015.02.12 09:33:08.589,0.74317,0.74325,2.96,1.00
2015.02.12 09:33:09.711,0.74317,0.74325,1.77,1.00
2015.02.12 09:33:09.965,0.74315,0.74325,1.27,3.04
2015.02.12 09:33:10.474,0.74315,0.74324,1.20,2.14
2015.02.12 09:33:12.889,0.74315,0.74324,1.57,2.06
2015.02.12 09:33:13.395,0.74313,0.74324,2.96,1.39
2015.02.12 09:33:13.447,0.74313,0.74324,3.34,1.46
2015.02.12 09:33:13.953,0.74313,0.74322,1.77,1.12
2015.02.12 09:33:20.817,0.74318,0.74324,2.25,1.76
2015.02.12 09:33:20.970,0.74318,0.74325,1.87,1.50
2015.02.12 09:33:22.898,0.74317,0.74325,2.62,1.00
2015.02.12 09:33:33.941,0.74317,0.74326,4.09,1.76
2015.02.12 09:33:41.894,0.74317,0.74325,3.71,1.00
2015.02.12 09:33:42.773,0.74317,0.74326,3.71,2.32
2015.02.12 09:33:43.490,0.74318,0.74327,1.50,1.15
2015.02.12 09:33:45.890,0.74319,0.74328,1.00,3.86
2015.02.12 09:33:46.412,0.74317,0.74326,2.96,1.50
2015.02.12 09:34:00.584,0.74317,0.74325,2.96,1.00
2015.02.12 09:34:01.095,0.74317,0.74326,2.21,2.32
2015.02.12 09:34:03.362,0.74317,0.74326,2.21,1.57
2015.02.12 09:34:04.418,0.74317,0.74325,1.76,1.00
2015.02.12 09:34:04.570,0.74317,0.74324,1.39,1.00
2015.02.12 09:34:04.925,0.74315,0.74325,2.32,1.74
2015.02.12 09:34:05.128,0.74314,0.74324,1.69,1.74
2015.02.12 09:34:05.534,0.74313,0.74322,1.19,1.39
2015.02.12 09:34:05.788,0.74311,0.74319,1.50,1.00
2015.02.12 09:34:06.321,0.7431,0.74319,1.01,1.00
2015.02.12 09:34:06.868,0.7431,0.74319,1.00,1.46
2015.02.12 09:34:07.397,0.74309,0.74318,1.25,1.57
2015.02.12 09:34:07.966,0.74309,0.74318,1.00,1.09
2015.02.12 09:34:08.823,0.74311,0.74319,1.00,2.29
2015.02.12 09:34:09.230,0.74311,0.74321,1.87,1.91
2015.02.12 09:34:10.041,0.74313,0.74321,1.00,1.46
2015.02.12 09:34:10.589,0.74313,0.74321,1.00,2.21
2015.02.12 09:34:10.944,0.74311,0.7432,1.31,1.74
2015.02.12 09:34:11.451,0.7431,0.74319,1.00,1.46
2015.02.12 09:34:11.959,0.74309,0.74319,2.14,1.70
2015.02.12 09:34:12.540,0.74311,0.74319,1.00,2.14
2015.02.12 09:34:13.299,0.7431,0.74319,1.57,2.14
2015.02.12 09:34:13.961,0.74311,0.74319,1.00,2.14
2015.02.12 09:34:14.164,0.74311,0.74321,1.10,2.96
2015.02.12 09:34:14.418,0.74311,0.7432,1.00,1.74
2015.02.12 09:34:14.520,0.74311,0.7432,1.00,1.46
2015.02.12 09:34:14.975,0.7431,0.74318,1.50,1.07
2015.02.12 09:34:15.483,0.74309,0.74317,1.12,1.50
2015.02.12 09:34:15.787,0.74308,0.74315,2.14,1.00
2015.02.12 09:34:16.872,0.74308,0.74317,1.47,1.16
2015.02.12 09:34:17.419,0.74308,0.74317,2.14,1.09
2015.02.12 09:34:17.928,0.74308,0.74316,2.89,1.10
2015.02.12 09:34:18.287,0.74312,0.74319,1.00,1.46
2015.02.12 09:34:18.389,0.7431,0.7432,2.81,3.41
2015.02.12 09:34:18.441,0.74312,0.7432,1.00,3.41
2015.02.12 09:34:18.644,0.7431,0.7432,2.06,2.21
2015.02.12 09:34:19.304,0.7431,0.74319,2.81,1.20
2015.02.12 09:34:19.811,0.7431,0.7432,2.44,3.34
2015.02.12 09:34:20.325,0.7431,0.7432,2.44,3.34
2015.02.12 09:34:20.882,0.7431,0.7432,2.51,3.26
2015.02.12 09:34:23.373,0.7431,0.7432,2.32,3.26
2015.02.12 09:34:24.717,0.7431,0.7432,2.32,2.51
2015.02.12 09:34:25.122,0.74313,0.74319,1.00,1.09
2015.02.12 09:34:25.325,0.74313,0.74322,1.39,1.00
2015.02.12 09:34:25.832,0.74315,0.74323,1.00,1.25
2015.02.12 09:34:26.338,0.74315,0.74324,1.00,1.09
2015.02.12 09:34:27.556,0.74315,0.74324,1.00,2.21
2015.02.12 09:34:28.371,0.74315,0.74324,1.10,2.14
2015.02.12 09:34:30.361,0.74315,0.74324,1.10,2.21
2015.02.12 09:34:31.522,0.74314,0.74323,1.00,1.39
2015.02.12 09:34:32.029,0.74314,0.74323,1.00,2.29
2015.02.12 09:34:33.257,0.74313,0.74323,1.50,2.29
2015.02.12 09:34:33.793,0.74313,0.74322,1.00,1.39
2015.02.12 09:34:34.103,0.74315,0.74322,1.00,2.14
2015.02.12 09:34:34.617,0.74315,0.74322,1.00,1.69
2015.02.12 09:34:35.336,0.74315,0.74322,1.00,1.25
2015.02.12 09:34:35.842,0.74315,0.74323,1.00,2.14
2015.02.12 09:34:36.348,0.74315,0.74323,1.00,1.39
2015.02.12 09:34:37.116,0.74315,0.74323,1.00,2.14
2015.02.12 09:34:37.420,0.74315,0.74323,1.00,2.14
2015.02.12 09:34:37.927,0.74315,0.74323,1.00,2.14
2015.02.12 09:34:38.332,0.74315,0.74324,1.10,2.14
2015.02.12 09:34:38.939,0.74315,0.74324,1.57,2.14
2015.02.12 09:34:39.446,0.74316,0.74324,1.00,1.46
2015.02.12 09:34:39.868,0.74319,0.74324,1.00,1.01
2015.02.12 09:34:39.969,0.74317,0.74325,1.50,1.19
2015.02.12 09:34:41.780,0.74318,0.74325,1.00,1.31
2015.02.12 09:34:41.932,0.74318,0.74326,1.00,1.46
2015.02.12 09:34:42.439,0.74319,0.74327,1.10,1.54
2015.02.12 09:34:45.948,0.74318,0.74327,1.07,4.54
2015.02.12 09:34:49.990,0.74319,0.74326,1.10,1.00
2015.02.12 09:34:53.575,0.74319,0.74327,1.76,1.01
2015.02.12 09:34:54.916,0.74318,0.74326,1.57,1.00
2015.02.12 09:34:55.329,0.74323,0.74328,1.00,2.14
2015.02.12 09:34:55.875,0.74322,0.74327,1.00,1.01
2015.02.12 09:34:56.066,0.7432,0.74327,1.00,1.01
2015.02.12 09:34:56.573,0.74319,0.74327,1.10,1.01
2015.02.12 09:34:57.350,0.74319,0.74325,1.10,1.00
2015.02.12 09:34:57.857,0.74318,0.74324,1.07,1.50
2015.02.12 09:34:59.404,0.74318,0.74325,1.07,1.12
2015.02.12 09:35:00.214,0.74318,0.74325,1.00,1.12
2015.02.12 09:35:00.733,0.74318,0.74324,1.00,1.00
2015.02.12 09:35:01.237,0.74318,0.74325,1.00,1.25
2015.02.12 09:35:05.658,0.74318,0.74326,1.00,2.06
2015.02.12 09:35:06.466,0.74318,0.74324,1.00,1.00
2015.02.12 09:35:06.771,0.74315,0.74324,1.00,2.96
2015.02.12 09:35:07.279,0.74314,0.74322,1.50,1.39
2015.02.12 09:35:07.785,0.74313,0.74322,1.00,1.66
2015.02.12 09:35:08.326,0.74313,0.74322,1.00,1.66
2015.02.12 09:35:09.497,0.74312,0.74322,1.57,1.66
2015.02.12 09:35:10.012,0.74312,0.74321,1.10,1.62
2015.02.12 09:35:10.519,0.74312,0.74321,1.57,2.06
2015.02.12 09:35:11.065,0.74312,0.74321,1.57,2.06
2015.02.12 09:35:11.605,0.74312,0.74321,1.57,2.06
2015.02.12 09:35:12.304,0.74312,0.74321,1.57,2.06
2015.02.12 09:35:13.157,0.74312,0.74321,1.10,2.06
2015.02.12 09:35:13.775,0.74312,0.74321,1.10,2.06
2015.02.12 09:35:14.089,0.74312,0.74321,1.10,2.06
2015.02.12 09:35:14.293,0.74312,0.74321,1.10,2.06
2015.02.12 09:35:15.986,0.74312,0.74321,1.10,2.06
2015.02.12 09:35:16.495,0.74312,0.74321,1.10,2.06
2015.02.12 09:35:17.359,0.74311,0.74321,1.84,2.21
2015.02.12 09:35:17.785,0.74312,0.74321,1.00,2.21
2015.02.12 09:35:18.310,0.74312,0.74321,1.00,1.46
2015.02.12 09:35:18.513,0.74311,0.7432,1.57,1.62
2015.02.12 09:35:18.766,0.7431,0.74319,1.50,1.01
2015.02.12 09:35:19.273,0.74309,0.74318,1.69,1.20
2015.02.12 09:35:19.414,0.74309,0.74317,1.00,1.62
2015.02.12 09:35:19.922,0.74308,0.74315,1.00,1.12
2015.02.12 09:35:20.486,0.74307,0.74315,1.10,1.12
2015.02.12 09:35:20.791,0.74307,0.74315,1.10,1.39
2015.02.12 09:35:25.632,0.74306,0.74315,1.07,2.14
2015.02.12 09:35:26.141,0.74306,0.74314,1.00,1.01
2015.02.12 09:35:28.597,0.74307,0.74315,1.00,1.29
2015.02.12 09:35:29.691,0.74307,0.74315,1.50,1.10
2015.02.12 09:35:34.562,0.74307,0.74315,1.00,1.29
2015.02.12 09:35:36.314,0.74309,0.74315,1.00,1.01
2015.02.12 09:35:36.721,0.7431,0.74318,1.00,1.76
2015.02.12 09:35:38.703,0.7431,0.74319,1.00,2.14
2015.02.12 09:35:39.568,0.7431,0.74318,1.00,1.00
2015.02.12 09:35:40.136,0.7431,0.74319,1.00,2.14
2015.02.12 09:35:40.648,0.7431,0.74318,1.00,1.12
2015.02.12 09:35:41.529,0.74309,0.74318,1.76,1.12
2015.02.12 09:35:42.411,0.74309,0.74318,2.14,1.37
2015.02.12 09:35:42.958,0.74308,0.74318,2.40,2.51
2015.02.12 09:35:45.382,0.74309,0.74317,1.00,1.25
2015.02.12 09:35:45.890,0.74309,0.74317,1.25,1.62
2015.02.12 09:35:47.607,0.74309,0.74317,1.00,1.25
2015.02.12 09:35:48.410,0.74307,0.74317,1.09,2.44
2015.02.12 09:35:48.714,0.74307,0.74315,1.76,1.25
2015.02.12 09:35:49.223,0.74308,0.74315,1.20,1.25
2015.02.12 09:35:50.951,0.74308,0.74316,1.65,1.31
2015.02.12 09:35:51.990,0.74308,0.74316,1.65,1.31
2015.02.12 09:35:52.972,0.74308,0.74316,1.65,1.31
2015.02.12 09:35:55.218,0.74308,0.74317,1.10,1.66
2015.02.12 09:35:55.727,0.74307,0.74316,1.50,2.89
2015.02.12 09:35:56.189,0.74309,0.74316,1.00,1.39
2015.02.12 09:35:56.393,0.74307,0.74315,1.00,1.39
2015.02.12 09:35:56.444,0.74307,0.74315,1.07,1.31
2015.02.12 09:35:56.952,0.74306,0.74316,1.15,2.06
2015.02.12 09:35:57.309,0.74309,0.74317,1.00,1.69
2015.02.12 09:35:57.816,0.74309,0.74318,1.17,3.19
2015.02.12 09:35:59.207,0.74309,0.74318,3.07,3.56
2015.02.12 09:36:03.906,0.74309,0.74318,1.15,2.81
2015.02.12 09:36:05.392,0.74309,0.74318,3.07,2.81
2015.02.12 09:36:07.232,0.7431,0.74318,1.17,1.19
2015.02.12 09:36:08.257,0.7431,0.74318,1.17,1.19
2015.02.12 09:36:11.248,0.74311,0.7432,1.07,4.84
2015.02.12 09:36:17.635,0.7431,0.74318,1.17,1.00
2015.02.12 09:36:18.367,0.74309,0.74318,1.39,1.50
2015.02.12 09:36:18.772,0.74309,0.74319,1.76,1.76
2015.02.12 09:36:20.099,0.7431,0.74318,1.76,1.00
2015.02.12 09:36:20.615,0.74309,0.74315,1.36,1.00
2015.02.12 09:36:21.075,0.74308,0.74314,1.31,1.00
2015.02.12 09:36:23.423,0.74308,0.74316,1.12,1.00
2015.02.12 09:36:24.984,0.74307,0.74316,2.14,1.87
2015.02.12 09:36:25.188,0.74307,0.74313,1.12,1.00
2015.02.12 09:36:25.341,0.74305,0.74313,2.14,1.00
2015.02.12 09:36:25.494,0.74305,0.74311,1.25,1.00
2015.02.12 09:36:26.001,0.74304,0.74313,2.14,1.15
2015.02.12 09:36:27.519,0.74304,0.74313,2.14,1.15
2015.02.12 09:36:28.410,0.74305,0.74315,1.00,6.94
2015.02.12 09:36:30.298,0.74304,0.74313,1.57,1.84
2015.02.12 09:36:30.551,0.74302,0.74312,3.11,2.21
2015.02.12 09:36:30.957,0.74303,0.7431,1.00,1.00
2015.02.12 09:36:31.261,0.74299,0.74308,3.71,1.10
2015.02.12 09:36:31.768,0.74299,0.74307,1.70,1.00
2015.02.12 09:36:33.382,0.74299,0.74307,2.14,1.00
2015.02.12 09:36:33.889,0.743,0.74308,1.00,1.10
2015.02.12 09:36:35.760,0.74299,0.74308,2.51,1.10
2015.02.12 09:36:36.065,0.74302,0.7431,1.37,1.29
2015.02.12 09:36:36.320,0.74302,0.74311,2.14,1.25
2015.02.12 09:36:36.422,0.74302,0.74311,2.14,1.25
2015.02.12 09:36:36.929,0.74303,0.74312,2.06,1.10
2015.02.12 09:36:37.131,0.74304,0.74313,1.19,1.10
2015.02.12 09:36:37.650,0.74304,0.74314,1.66,1.65
2015.02.12 09:36:38.161,0.74303,0.74314,5.14,1.57
2015.02.12 09:36:40.167,0.74305,0.74314,1.74,1.10
2015.02.12 09:36:41.145,0.74305,0.74314,1.46,1.10
2015.02.12 09:36:42.761,0.74306,0.74316,1.45,1.26
2015.02.12 09:36:43.269,0.74305,0.74315,2.21,1.00
2015.02.12 09:36:43.776,0.74305,0.74313,1.84,1.00
2015.02.12 09:36:43.878,0.74304,0.74315,3.04,2.14
2015.02.12 09:36:44.385,0.74305,0.74315,1.46,1.76
2015.02.12 09:36:44.910,0.74306,0.74317,1.32,3.11
2015.02.12 09:36:45.417,0.74306,0.74317,1.84,1.39
2015.02.12 09:36:45.570,0.74306,0.74312,1.76,1.00
2015.02.12 09:36:45.873,0.74305,0.74315,1.39,1.84
2015.02.12 09:36:46.383,0.74307,0.74317,1.00,1.36
2015.02.12 09:36:46.890,0.74306,0.74317,2.89,1.36
2015.02.12 09:36:47.456,0.74306,0.74317,3.64,1.09
2015.02.12 09:36:48.977,0.74306,0.74317,1.39,2.96
2015.02.12 09:36:49.500,0.74307,0.74317,1.12,2.59
2015.02.12 09:36:50.028,0.74306,0.74317,2.14,1.84
2015.02.12 09:36:50.962,0.74306,0.74317,2.14,2.21
2015.02.12 09:36:51.486,0.74306,0.74316,2.89,1.01
2015.02.12 09:36:51.588,0.74306,0.74317,2.44,3.64
2015.02.12 09:36:52.097,0.74305,0.74314,2.81,1.20
2015.02.12 09:36:52.606,0.74307,0.74317,2.14,2.14
2015.02.12 09:36:53.114,0.74307,0.74316,1.31,1.74
2015.02.12 09:36:53.621,0.74306,0.74315,1.00,2.21
2015.02.12 09:36:53.980,0.74304,0.74314,2.06,1.77
2015.02.12 09:36:54.133,0.74304,0.74313,1.87,1.46
2015.02.12 09:36:54.487,0.74302,0.74311,1.31,1.10
2015.02.12 09:36:55.013,0.74302,0.7431,1.00,1.12
2015.02.12 09:36:55.722,0.743,0.7431,4.09,1.00
2015.02.12 09:36:56.279,0.743,0.7431,2.40,2.44
2015.02.12 09:36:56.330,0.743,0.74308,1.37,1.52
2015.02.12 09:36:56.584,0.74297,0.74306,1.87,1.01
2015.02.12 09:36:56.787,0.74297,0.74305,1.87,1.10
2015.02.12 09:37:00.306,0.74296,0.74307,3.00,2.29
2015.02.12 09:37:02.046,0.74296,0.74306,2.44,1.46
2015.02.12 09:37:02.841,0.74297,0.74306,1.00,2.21
2015.02.12 09:37:03.347,0.74297,0.74306,1.00,2.21
2015.02.12 09:37:05.008,0.74296,0.74306,3.04,1.31
2015.02.12 09:37:06.014,0.74297,0.74308,1.54,5.21
2015.02.12 09:37:06.776,0.74297,0.74306,1.54,1.00
2015.02.12 09:37:08.129,0.74299,0.74306,1.00,1.25
2015.02.12 09:37:09.965,0.74299,0.74305,1.50,1.00
2015.02.12 09:37:10.480,0.74299,0.74306,1.00,1.12
2015.02.12 09:37:10.786,0.74299,0.74304,1.00,1.00
2015.02.12 09:37:10.837,0.74297,0.74304,1.35,1.00
2015.02.12 09:37:10.888,0.74297,0.74304,2.02,1.00
2015.02.12 09:37:11.397,0.74297,0.74305,1.47,1.01
2015.02.12 09:37:11.904,0.74297,0.74306,1.60,1.31
2015.02.12 09:37:14.641,0.74298,0.74307,1.57,1.31
2015.02.12 09:37:15.418,0.74297,0.74306,3.41,1.00
2015.02.12 09:37:18.945,0.74297,0.74305,3.41,1.00
2015.02.12 09:37:20.339,0.74299,0.74304,1.12,1.00
2015.02.12 09:37:20.491,0.74298,0.74306,1.57,2.44
2015.02.12 09:37:20.745,0.74298,0.74304,1.57,1.00
2015.02.12 09:37:21.316,0.74298,0.74304,1.57,1.00
2015.02.12 09:37:21.475,0.74298,0.74306,1.57,1.69
2015.02.12 09:37:21.986,0.74298,0.74305,1.57,1.00
2015.02.12 09:37:23.973,0.74297,0.74304,1.62,1.00
2015.02.12 09:37:24.177,0.74297,0.74306,1.65,1.69
2015.02.12 09:37:24.684,0.74297,0.74305,2.17,1.00
2015.02.12 09:37:25.541,0.74298,0.74305,1.42,1.00
2015.02.12 09:37:26.159,0.74298,0.74306,1.61,1.00
2015.02.12 09:37:26.464,0.74297,0.74304,1.86,1.00
2015.02.12 09:37:27.528,0.74296,0.74306,4.91,1.19
2015.02.12 09:37:27.883,0.74296,0.74302,2.59,1.00
2015.02.12 09:37:27.985,0.74296,0.74305,1.84,1.00
2015.02.12 09:37:28.491,0.74298,0.74308,2.40,2.51
2015.02.12 09:37:29.100,0.74297,0.74307,2.29,1.01
2015.02.12 09:37:29.605,0.74297,0.74306,2.36,1.00
2015.02.12 09:37:30.138,0.74297,0.74308,3.11,2.89
2015.02.12 09:37:30.646,0.74298,0.74307,1.65,1.01
2015.02.12 09:37:31.211,0.74297,0.74306,3.49,1.00
2015.02.12 09:37:31.733,0.74297,0.74307,3.11,2.14
2015.02.12 09:37:32.297,0.74302,0.74307,1.00,2.14
2015.02.12 09:37:32.652,0.74302,0.74309,1.00,1.01
2015.02.12 09:37:33.463,0.74302,0.74311,1.17,1.19
2015.02.12 09:37:33.565,0.74302,0.74311,1.17,1.25
2015.02.12 09:37:36.755,0.74301,0.74309,1.40,1.37
2015.02.12 09:37:36.857,0.74299,0.74309,4.54,1.39
2015.02.12 09:37:36.958,0.74299,0.74309,5.14,1.39
2015.02.12 09:37:37.482,0.743,0.74308,1.65,1.50
2015.02.12 09:37:37.837,0.743,0.7431,2.29,1.69
2015.02.12 09:37:38.530,0.74301,0.74309,1.20,1.00
2015.02.12 09:37:39.037,0.743,0.74309,4.01,1.31
2015.02.12 09:37:39.846,0.743,0.74309,3.52,1.31
2015.02.12 09:37:40.626,0.743,0.74309,3.52,1.31
2015.02.12 09:37:40.831,0.743,0.74309,3.15,1.31
2015.02.12 09:37:41.037,0.743,0.74305,1.00,1.00
2015.02.12 09:37:41.594,0.74297,0.74305,3.15,1.00
2015.02.12 09:37:42.228,0.74297,0.74306,3.07,1.01
2015.02.12 09:37:43.232,0.74299,0.74307,1.00,1.39
2015.02.12 09:37:43.746,0.74299,0.74307,1.00,1.39
2015.02.12 09:37:44.293,0.74299,0.74306,1.00,1.00
2015.02.12 09:37:44.445,0.74299,0.74305,1.00,1.37
2015.02.12 09:37:44.953,0.74299,0.74306,1.00,1.31
2015.02.12 09:37:45.435,0.74297,0.74304,3.26,1.00
2015.02.12 09:37:45.942,0.74297,0.74304,3.07,1.00
2015.02.12 09:37:46.446,0.74297,0.74305,3.07,1.12
2015.02.12 09:37:46.955,0.74297,0.74305,3.07,1.37
2015.02.12 09:37:47.968,0.74297,0.74305,2.51,1.25
2015.02.12 09:37:48.272,0.74299,0.74305,2.25,1.25
2015.02.12 09:37:49.493,0.74299,0.74307,2.32,1.69
2015.02.12 09:37:50.367,0.74299,0.74306,2.32,1.37
2015.02.12 09:37:50.890,0.74299,0.74307,2.32,1.69
2015.02.12 09:37:51.426,0.74297,0.74306,6.07,1.31
2015.02.12 09:37:51.932,0.74297,0.74306,5.32,1.62
2015.02.12 09:37:53.567,0.74299,0.74306,1.07,2.06
2015.02.12 09:37:54.076,0.74299,0.74308,1.00,2.21
2015.02.12 09:37:54.585,0.74299,0.74307,1.25,1.31
2015.02.12 09:37:56.464,0.74299,0.74307,1.39,1.69
2015.02.12 09:37:56.986,0.743,0.74308,1.12,1.56
2015.02.12 09:37:57.088,0.743,0.7431,2.25,1.36
2015.02.12 09:37:57.597,0.74301,0.7431,1.57,1.19
2015.02.12 09:37:58.113,0.74301,0.7431,1.76,1.00
2015.02.12 09:37:59.076,0.74303,0.74311,1.00,1.01
2015.02.12 09:38:00.401,0.74303,0.74312,1.00,3.34
2015.02.12 09:38:01.627,0.74303,0.74309,1.00,1.00
2015.02.12 09:38:02.146,0.74302,0.74309,1.00,1.00
2015.02.12 09:38:02.654,0.74299,0.7431,2.21,3.07
2015.02.12 09:38:03.161,0.743,0.7431,1.31,4.09
2015.02.12 09:38:03.920,0.743,0.7431,1.25,4.09
2015.02.12 09:38:04.815,0.743,0.7431,1.46,1.84
2015.02.12 09:38:05.609,0.743,0.74309,1.46,1.00
2015.02.12 09:38:06.013,0.743,0.74309,2.21,1.00
2015.02.12 09:38:06.115,0.74301,0.74311,1.46,1.31
2015.02.12 09:38:06.657,0.74301,0.74311,2.96,1.31
2015.02.12 09:38:08.657,0.74301,0.74311,2.96,1.37
2015.02.12 09:38:09.182,0.74301,0.74311,2.96,1.62
2015.02.12 09:38:11.897,0.74301,0.74309,2.21,1.00
2015.02.12 09:38:12.404,0.743,0.74309,1.44,1.00
2015.02.12 09:38:12.455,0.743,0.74309,1.09,1.12
2015.02.12 09:38:13.266,0.74299,0.74309,1.36,1.87
2015.02.12 09:38:14.336,0.74298,0.74308,1.49,1.95
2015.02.12 09:38:14.438,0.74297,0.74305,2.29,1.00
2015.02.12 09:38:14.793,0.74297,0.74307,1.91,1.69
2015.02.12 09:38:15.300,0.74297,0.74306,1.51,1.00
2015.02.12 09:38:15.655,0.74297,0.74305,1.46,1.87
2015.02.12 09:38:16.354,0.74296,0.74305,2.66,1.87
2015.02.12 09:38:16.929,0.74296,0.74305,2.66,1.00
2015.02.12 09:38:17.434,0.74296,0.74304,3.41,1.00
2015.02.12 09:38:20.365,0.74296,0.74306,3.64,1.50
2015.02.12 09:38:21.174,0.74296,0.74303,3.41,1.00
2015.02.12 09:38:21.480,0.74296,0.74305,1.91,1.50
2015.02.12 09:38:21.581,0.74296,0.74307,2.29,1.95
2015.02.12 09:38:21.683,0.74296,0.74304,1.84,1.00
2015.02.12 09:38:22.192,0.74297,0.74306,1.17,2.06
2015.02.12 09:38:22.699,0.74297,0.74306,1.17,1.69
2015.02.12 09:38:23.104,0.74296,0.74304,1.17,1.37
2015.02.12 09:38:23.611,0.74295,0.74304,1.40,1.12
2015.02.12 09:38:23.916,0.74296,0.74304,4.76,1.00
2015.02.12 09:38:24.422,0.74296,0.74305,4.76,1.00
2015.02.12 09:38:26.296,0.74298,0.74307,1.32,1.39
2015.02.12 09:38:26.650,0.74296,0.74304,4.84,1.00
2015.02.12 09:38:27.004,0.74296,0.74305,1.09,1.87
2015.02.12 09:38:27.207,0.74296,0.74305,1.09,1.50
2015.02.12 09:38:27.410,0.74296,0.74305,1.09,1.87
2015.02.12 09:38:27.911,0.74298,0.74305,1.00,2.06
2015.02.12 09:38:28.419,0.74299,0.74309,1.10,3.79
2015.02.12 09:38:28.673,0.74299,0.74309,1.26,2.14
2015.02.12 09:38:29.181,0.74298,0.74307,1.34,1.00
2015.02.12 09:38:29.692,0.74298,0.74307,1.34,1.31
2015.02.12 09:38:30.907,0.74298,0.74307,1.20,1.25
2015.02.12 09:38:31.514,0.74298,0.74307,1.27,1.62
2015.02.12 09:38:32.318,0.74297,0.74307,2.21,1.31
2015.02.12 09:38:32.862,0.74297,0.74307,2.21,1.62
2015.02.12 09:38:34.842,0.74297,0.74306,1.40,1.37
2015.02.12 09:38:34.943,0.74297,0.74307,1.10,1.01
2015.02.12 09:38:35.451,0.74297,0.74306,1.65,1.69
2015.02.12 09:38:35.966,0.74298,0.74306,1.00,2.14
2015.02.12 09:38:36.474,0.74298,0.74306,1.07,2.06
2015.02.12 09:38:37.751,0.74297,0.74306,1.17,2.06
2015.02.12 09:38:39.947,0.74297,0.74306,1.01,1.50
2015.02.12 09:38:40.471,0.74297,0.74306,1.16,1.00
2015.02.12 09:38:40.978,0.74297,0.74305,1.29,1.00
2015.02.12 09:38:41.491,0.74295,0.74304,1.34,1.37
2015.02.12 09:38:41.848,0.74295,0.74302,1.20,1.50
2015.02.12 09:38:42.364,0.74292,0.74301,1.76,1.50
2015.02.12 09:38:43.876,0.74292,0.74301,1.76,1.50
2015.02.12 09:38:44.446,0.74292,0.743,1.76,1.00
2015.02.12 09:38:44.962,0.74291,0.743,1.84,1.00
2015.02.12 09:38:46.586,0.74291,0.743,1.36,1.87
2015.02.12 09:38:46.738,0.7429,0.74297,1.09,1.00
2015.02.12 09:38:47.245,0.74288,0.74297,1.19,1.10
2015.02.12 09:38:49.903,0.74288,0.74297,1.39,1.10
2015.02.12 09:38:49.954,0.74288,0.74299,1.46,1.57
2015.02.12 09:38:50.500,0.74288,0.74298,1.46,1.27
2015.02.12 09:38:50.958,0.74287,0.74297,1.19,1.17
2015.02.12 09:38:51.264,0.74286,0.74293,2.21,1.00
2015.02.12 09:38:51.773,0.74286,0.74293,2.21,1.00
2015.02.12 09:38:52.911,0.74286,0.74296,2.21,1.57
2015.02.12 09:38:53.063,0.74286,0.74296,2.06,1.65
2015.02.12 09:38:53.165,0.74287,0.74296,1.19,1.10
2015.02.12 09:38:53.777,0.74287,0.74296,1.19,1.10
2015.02.12 09:38:56.241,0.74286,0.74294,1.29,1.00
2015.02.12 09:38:56.744,0.74286,0.74295,1.39,1.00
2015.02.12 09:38:57.252,0.74286,0.74296,1.76,1.95
2015.02.12 09:38:58.840,0.74288,0.74297,1.00,1.84
2015.02.12 09:38:59.348,0.74288,0.74295,1.29,1.00
2015.02.12 09:38:59.855,0.7429,0.74295,1.01,1.00
2015.02.12 09:38:59.956,0.7429,0.74299,1.01,1.65
2015.02.12 09:39:00.312,0.7429,0.74297,1.25,1.00
2015.02.12 09:39:01.851,0.74288,0.74297,1.29,1.00
2015.02.12 09:39:02.156,0.74288,0.74295,1.29,1.00
2015.02.12 09:39:02.842,0.74288,0.74295,1.39,1.00
2015.02.12 09:39:03.744,0.74287,0.74295,1.19,1.12
2015.02.12 09:39:03.846,0.74285,0.74294,1.29,1.00
2015.02.12 09:39:04.354,0.74284,0.74293,1.29,1.00
2015.02.12 09:39:04.870,0.74284,0.74293,1.19,1.65
2015.02.12 09:39:04.921,0.74283,0.7429,1.19,1.00
2015.02.12 09:39:07.946,0.74283,0.7429,1.25,1.87
2015.02.12 09:39:08.251,0.74281,0.74287,1.25,1.00
2015.02.12 09:39:09.201,0.74279,0.74289,1.61,1.65
2015.02.12 09:39:11.457,0.74279,0.74289,1.76,1.95
2015.02.12 09:39:11.615,0.74279,0.74287,1.76,1.00
2015.02.12 09:39:13.481,0.74279,0.74287,2.21,1.00
2015.02.12 09:39:14.090,0.74278,0.74288,2.29,1.00
2015.02.12 09:39:14.637,0.74278,0.74288,2.29,1.00
2015.02.12 09:39:15.170,0.74278,0.74288,1.46,1.57
2015.02.12 09:39:15.677,0.74278,0.74288,1.64,1.95
2015.02.12 09:39:16.184,0.74277,0.74286,2.66,1.00
2015.02.12 09:39:16.640,0.74277,0.74286,1.72,1.50
2015.02.12 09:39:17.147,0.74277,0.74286,2.21,1.12
2015.02.12 09:39:20.246,0.74278,0.74288,2.21,1.46
2015.02.12 09:39:20.602,0.74281,0.74289,1.37,1.01
2015.02.12 09:39:20.704,0.74279,0.7429,2.21,1.76
2015.02.12 09:39:21.211,0.74279,0.7429,5.29,1.10
2015.02.12 09:39:23.690,0.74279,0.7429,4.54,1.57
2015.02.12 09:39:24.980,0.74279,0.7429,1.84,1.65
2015.02.12 09:39:25.691,0.74279,0.7429,1.84,1.65
2015.02.12 09:39:26.197,0.74282,0.7429,1.00,1.17
2015.02.12 09:39:26.713,0.74283,0.7429,1.00,1.17
2015.02.12 09:39:28.306,0.74281,0.7429,1.25,2.02
2015.02.12 09:39:29.427,0.74281,0.7429,1.62,2.02
2015.02.12 09:39:29.529,0.74285,0.7429,1.00,1.07
2015.02.12 09:39:29.580,0.74285,0.74292,1.00,1.17
2015.02.12 09:39:29.683,0.74285,0.74293,1.00,1.39
2015.02.12 09:39:30.195,0.74285,0.74295,1.25,3.34
2015.02.12 09:39:30.448,0.74285,0.74293,1.25,1.50
2015.02.12 09:39:30.955,0.74284,0.74292,1.10,1.87
2015.02.12 09:39:31.484,0.74282,0.7429,1.46,1.00
2015.02.12 09:39:31.991,0.74282,0.7429,1.76,1.12
2015.02.12 09:39:33.410,0.7428,0.74287,4.09,1.00
2015.02.12 09:39:33.563,0.74279,0.74287,1.39,1.00
2015.02.12 09:39:34.069,0.74281,0.74289,1.00,2.81
2015.02.12 09:39:34.574,0.74281,0.74289,1.25,1.31
2015.02.12 09:39:35.080,0.74281,0.74289,1.39,1.37
2015.02.12 09:39:37.962,0.74281,0.74289,1.39,1.00
2015.02.12 09:39:38.487,0.74281,0.74291,1.39,2.70
2015.02.12 09:39:39.651,0.74283,0.7429,1.00,1.25
2015.02.12 09:39:40.158,0.74283,0.74291,1.00,1.76
2015.02.12 09:39:45.957,0.74283,0.74292,1.39,1.95
2015.02.12 09:39:46.464,0.74283,0.74292,1.46,1.87
2015.02.12 09:39:47.700,0.74284,0.74292,1.27,1.12
2015.02.12 09:39:47.959,0.74284,0.74294,2.77,1.27
2015.02.12 09:39:48.010,0.74284,0.74292,2.02,1.00
2015.02.12 09:39:48.112,0.74284,0.74293,1.09,1.00
2015.02.12 09:39:48.214,0.74284,0.74293,1.40,1.00
2015.02.12 09:39:48.315,0.74284,0.74293,1.01,1.00
2015.02.12 09:39:48.669,0.74282,0.74291,1.34,1.00
2015.02.12 09:39:49.203,0.74281,0.74291,1.46,1.87
2015.02.12 09:39:50.136,0.7428,0.74291,1.81,2.62
2015.02.12 09:39:53.102,0.74279,0.74289,5.14,1.00
2015.02.12 09:39:53.254,0.74279,0.74288,2.29,1.00
2015.02.12 09:39:53.406,0.74279,0.74288,2.66,1.00
2015.02.12 09:39:53.760,0.74281,0.7429,1.74,2.25
2015.02.12 09:39:54.733,0.74281,0.74289,1.46,1.00
2015.02.12 09:39:56.223,0.74281,0.74289,1.46,1.00
2015.02.12 09:39:56.731,0.74282,0.74289,1.27,1.00
2015.02.12 09:39:56.833,0.74281,0.74287,1.09,1.00
2015.02.12 09:39:57.343,0.7428,0.74287,2.66,1.00
2015.02.12 09:39:57.757,0.74283,0.74289,1.10,1.00
2015.02.12 09:39:57.909,0.74283,0.74287,1.10,1.00
2015.02.12 09:39:58.416,0.74283,0.74288,1.00,1.00
2015.02.12 09:39:58.569,0.7428,0.74289,1.56,1.00
2015.02.12 09:39:59.076,0.7428,0.74288,1.56,1.00
2015.02.12 09:39:59.228,0.7428,0.7429,1.94,1.00
2015.02.12 09:39:59.532,0.74282,0.74291,1.37,1.76
2015.02.12 09:40:00.039,0.74284,0.74292,1.46,1.00
2015.02.12 09:40:00.572,0.74284,0.74292,1.46,1.00
2015.02.12 09:40:01.157,0.74284,0.74293,1.46,1.00
2015.02.12 09:40:01.689,0.74284,0.74294,1.74,1.25
2015.02.12 09:40:02.254,0.74284,0.74292,1.46,1.00
2015.02.12 09:40:02.611,0.74284,0.74292,1.20,1.50
2015.02.12 09:40:03.721,0.74283,0.74292,1.54,1.50
2015.02.12 09:40:04.224,0.74283,0.74292,2.96,1.50
2015.02.12 09:40:04.730,0.74282,0.74292,6.04,1.50
2015.02.12 09:40:06.285,0.74282,0.74292,1.61,2.62
2015.02.12 09:40:06.386,0.74282,0.7429,1.61,1.00
2015.02.12 09:40:06.794,0.7428,0.7429,3.41,1.50
2015.02.12 09:40:07.099,0.74278,0.74288,3.41,1.00
2015.02.12 09:40:07.614,0.7428,0.74288,1.25,1.25
2015.02.12 09:40:08.374,0.74278,0.74287,1.76,1.00
2015.02.12 09:40:08.425,0.74278,0.74287,1.76,1.00
2015.02.12 09:40:13.077,0.74278,0.74286,1.01,1.00
2015.02.12 09:40:13.587,0.74277,0.74284,1.91,1.00
2015.02.12 09:40:14.095,0.74277,0.74286,1.84,1.76
2015.02.12 09:40:14.451,0.74278,0.74287,2.21,1.07
2015.02.12 09:40:14.502,0.74278,0.74288,2.21,2.44
2015.02.12 09:40:15.932,0.7428,0.74288,1.12,1.87
2015.02.12 09:40:16.441,0.7428,0.74288,1.25,1.50
2015.02.12 09:40:20.274,0.7428,0.74288,1.46,1.00
2015.02.12 09:40:20.477,0.74281,0.74291,1.47,2.59
2015.02.12 09:40:20.984,0.74282,0.74291,2.62,1.39
2015.02.12 09:40:21.288,0.74284,0.74292,1.12,1.57
2015.02.12 09:40:21.592,0.74284,0.74294,2.29,1.01
2015.02.12 09:40:22.200,0.74285,0.74295,1.64,1.76
2015.02.12 09:40:22.834,0.74285,0.74293,1.70,1.00
2015.02.12 09:40:22.974,0.74284,0.74293,1.54,1.00
2015.02.12 09:40:23.381,0.74284,0.74293,1.31,1.10
2015.02.12 09:40:24.128,0.74284,0.74291,1.31,1.00
2015.02.12 09:40:25.784,0.74283,0.74291,1.20,1.00
2015.02.12 09:40:26.088,0.74283,0.74291,1.46,1.00
2015.02.12 09:40:26.646,0.74283,0.74293,2.29,1.57
2015.02.12 09:40:26.950,0.74283,0.7429,1.49,1.00
2015.02.12 09:40:27.204,0.74282,0.7429,1.39,1.00
2015.02.12 09:40:35.647,0.74282,0.7429,1.47,1.00
2015.02.12 09:40:36.154,0.74282,0.74291,1.66,1.20
2015.02.12 09:40:36.815,0.74282,0.74292,4.54,1.25
2015.02.12 09:40:37.120,0.74286,0.74294,1.31,1.00
2015.02.12 09:40:37.630,0.74286,0.74295,1.39,1.10
2015.02.12 09:40:38.137,0.74286,0.74295,2.21,1.00
2015.02.12 09:40:38.646,0.74287,0.74296,1.70,1.10
2015.02.12 09:40:41.139,0.74287,0.74296,2.14,1.10
2015.02.12 09:40:42.244,0.74287,0.74295,1.76,1.00
2015.02.12 09:40:43.161,0.74287,0.74295,1.39,1.10
2015.02.12 09:40:43.844,0.74287,0.74295,1.39,1.10
2015.02.12 09:40:44.209,0.74287,0.74296,1.39,1.07
2015.02.12 09:40:44.311,0.74288,0.74296,1.12,1.07
2015.02.12 09:40:44.362,0.74288,0.74296,1.27,1.00
2015.02.12 09:40:44.919,0.74289,0.74298,1.45,1.01
2015.02.12 09:40:47.421,0.74289,0.74298,1.70,1.10
2015.02.12 09:40:47.523,0.74289,0.74299,1.70,1.76
2015.02.12 09:40:48.132,0.74287,0.74298,2.66,1.00
2015.02.12 09:40:48.336,0.7429,0.743,1.46,1.17
2015.02.12 09:40:48.845,0.74292,0.743,2.21,1.10
2015.02.12 09:40:48.896,0.74294,0.74303,1.00,1.76
2015.02.12 09:40:49.100,0.74294,0.74304,2.29,1.19
2015.02.12 09:40:49.406,0.74293,0.74301,1.27,1.00
2015.02.12 09:40:49.508,0.74291,0.743,1.46,1.00
2015.02.12 09:40:49.559,0.74289,0.74298,3.41,1.00
2015.02.12 09:40:50.067,0.74286,0.74296,3.71,1.00
2015.02.12 09:40:50.373,0.74284,0.74294,1.49,2.25
2015.02.12 09:40:50.879,0.74283,0.74293,1.54,1.65
2015.02.12 09:40:51.083,0.74281,0.74289,1.54,1.00
2015.02.12 09:40:51.236,0.7428,0.74289,1.99,1.00
2015.02.12 09:40:51.489,0.7428,0.74287,1.16,1.00
2015.02.12 09:40:53.351,0.7428,0.74288,1.00,2.62
2015.02.12 09:40:54.484,0.7428,0.74287,1.25,1.12
2015.02.12 09:40:54.991,0.74278,0.74286,1.86,1.00
2015.02.12 09:40:55.506,0.74278,0.74287,1.91,1.00
2015.02.12 09:40:56.269,0.74278,0.74288,1.91,2.81
2015.02.12 09:40:56.777,0.74278,0.74287,2.66,1.00
2015.02.12 09:40:58.000,0.74278,0.74288,2.96,2.62
2015.02.12 09:41:00.487,0.7428,0.74289,1.19,2.21
2015.02.12 09:41:01.011,0.74281,0.74289,1.25,1.69
2015.02.12 09:41:01.316,0.74283,0.74291,1.12,1.10
2015.02.12 09:41:01.672,0.74283,0.74293,1.66,1.57
2015.02.12 09:41:01.723,0.74283,0.74293,1.66,1.65
2015.02.12 09:41:01.826,0.74283,0.74293,1.66,1.57
2015.02.12 09:41:02.331,0.74283,0.74292,1.19,1.10
2015.02.12 09:41:03.402,0.74283,0.74291,1.19,1.50
2015.02.12 09:41:03.605,0.74281,0.74289,1.46,1.00
2015.02.12 09:41:03.758,0.7428,0.74288,1.46,1.00
2015.02.12 09:41:07.729,0.7428,0.74289,1.46,1.15
2015.02.12 09:41:10.848,0.7428,0.74289,1.46,1.46
2015.02.12 09:41:13.755,0.7428,0.74288,1.31,1.27
2015.02.12 09:41:17.753,0.7428,0.74288,1.39,1.10
2015.02.12 09:41:18.756,0.7428,0.74288,1.39,1.10
2015.02.12 09:41:19.260,0.7428,0.74287,1.39,1.00
2015.02.12 09:41:19.773,0.74284,0.7429,1.00,1.27
2015.02.12 09:41:20.959,0.74284,0.74291,1.00,1.46
2015.02.12 09:41:21.594,0.74284,0.74291,1.00,1.46
2015.02.12 09:41:24.549,0.74282,0.74291,1.25,1.74
2015.02.12 09:41:25.055,0.74283,0.74291,1.00,1.46
2015.02.12 09:41:25.817,0.74283,0.74293,2.44,1.46
2015.02.12 09:41:25.969,0.74285,0.74293,1.00,1.46
2015.02.12 09:41:26.984,0.74285,0.74293,1.00,1.01
2015.02.12 09:41:27.793,0.74285,0.74294,2.06,1.17
2015.02.12 09:41:28.098,0.74289,0.74297,1.00,1.09
2015.02.12 09:41:28.641,0.7429,0.74298,1.00,1.39
2015.02.12 09:41:32.238,0.74289,0.74298,1.00,1.46
2015.02.12 09:41:33.116,0.74289,0.74296,1.00,1.00
2015.02.12 09:41:33.724,0.74289,0.74296,1.00,1.07
2015.02.12 09:41:34.273,0.74288,0.74296,1.50,1.07
2015.02.12 09:41:35.642,0.74286,0.74294,1.00,1.12
2015.02.12 09:41:35.845,0.74284,0.74294,1.00,2.21
2015.02.12 09:41:36.351,0.74285,0.74294,1.00,2.21
2015.02.12 09:41:36.889,0.74285,0.74293,1.00,3.64
2015.02.12 09:41:37.818,0.74285,0.74293,1.00,3.64
2015.02.12 09:41:38.835,0.74285,0.74293,1.00,3.64
2015.02.12 09:41:39.851,0.74285,0.74293,1.00,3.64
2015.02.12 09:41:43.225,0.74284,0.74294,1.00,2.96
2015.02.12 09:41:43.884,0.74284,0.74292,1.00,1.00
2015.02.12 09:41:44.405,0.74282,0.74292,1.76,1.20
2015.02.12 09:41:50.246,0.74284,0.74292,1.00,1.39
2015.02.12 09:41:51.841,0.74284,0.74292,1.00,2.14
2015.02.12 09:41:52.449,0.74282,0.74292,2.89,1.26
2015.02.12 09:41:52.955,0.74284,0.74292,1.00,1.32
2015.02.12 09:41:53.412,0.74285,0.74293,2.81,1.09
2015.02.12 09:41:53.615,0.74285,0.74293,2.81,1.25
2015.02.12 09:41:53.970,0.74287,0.74293,1.00,1.00
2015.02.12 09:41:54.482,0.74287,0.74295,1.00,1.07
2015.02.12 09:41:57.724,0.74287,0.74296,1.37,4.46
2015.02.12 09:41:59.273,0.74288,0.74295,1.00,1.00
2015.02.12 09:41:59.883,0.74288,0.74296,1.00,3.56
2015.02.12 09:42:00.443,0.74288,0.74296,1.00,3.56
2015.02.12 09:42:04.873,0.74288,0.74298,1.69,7.09
2015.02.12 09:42:05.875,0.74288,0.74296,1.00,1.29
2015.02.12 09:42:07.808,0.74288,0.74297,1.37,1.76
2015.02.12 09:42:07.910,0.74288,0.74297,1.37,1.76
2015.02.12 09:42:09.939,0.7429,0.74298,1.00,5.21
2015.02.12 09:42:10.143,0.74292,0.743,1.00,6.04
2015.02.12 09:42:11.154,0.7429,0.743,1.57,4.84
2015.02.12 09:42:13.126,0.74292,0.743,1.50,5.21
2015.02.12 09:42:13.278,0.74292,0.743,1.50,4.31
2015.02.12 09:42:13.785,0.74291,0.743,1.00,5.21
2015.02.12 09:42:14.292,0.7429,0.743,1.65,1.84
2015.02.12 09:42:15.163,0.74292,0.743,1.00,1.84
2015.02.12 09:42:15.468,0.7429,0.743,1.50,2.59
2015.02.12 09:42:16.844,0.74291,0.74299,1.00,3.26
2015.02.12 09:42:17.253,0.74293,0.74299,1.00,3.26
2015.02.12 09:42:17.355,0.74293,0.74299,1.00,3.07
2015.02.12 09:42:17.711,0.74294,0.74302,1.00,1.39
2015.02.12 09:42:18.218,0.74295,0.74302,1.00,1.12
2015.02.12 09:42:22.593,0.74295,0.74305,1.50,2.96
2015.02.12 09:42:27.379,0.74295,0.74305,1.57,2.96
2015.02.12 09:42:27.482,0.74295,0.74304,1.57,1.25
2015.02.12 09:42:27.939,0.74294,0.74304,1.10,1.76
2015.02.12 09:42:28.446,0.74295,0.74304,1.00,1.34
2015.02.12 09:42:28.952,0.74296,0.74305,1.12,1.46
2015.02.12 09:42:29.458,0.74296,0.74305,1.37,1.39
2015.02.12 09:42:29.953,0.74296,0.74303,1.00,1.37
2015.02.12 09:42:30.257,0.74294,0.74304,1.84,2.14
2015.02.12 09:42:30.967,0.74293,0.74302,1.69,1.27
2015.02.12 09:42:31.475,0.74291,0.74301,1.69,1.46
2015.02.12 09:42:32.181,0.74291,0.74301,1.69,1.46
2015.02.12 09:42:32.688,0.74291,0.74301,1.09,2.21
2015.02.12 09:42:33.223,0.74291,0.74301,1.20,2.21
2015.02.12 09:42:36.101,0.74291,0.74301,1.65,2.06
2015.02.12 09:42:37.490,0.74291,0.74301,1.65,1.46
2015.02.12 09:42:40.123,0.74292,0.74301,1.00,1.39
2015.02.12 09:42:40.630,0.74292,0.74301,1.10,1.31
2015.02.12 09:42:41.522,0.74294,0.74301,1.00,1.25
2015.02.12 09:42:41.827,0.74296,0.74304,1.10,1.66
2015.02.12 09:42:41.878,0.74296,0.74306,1.10,2.21
2015.02.12 09:42:43.320,0.74297,0.74306,1.00,2.59
2015.02.12 09:42:45.919,0.74297,0.74306,1.00,2.59
2015.02.12 09:42:46.429,0.74296,0.74306,1.57,3.34
2015.02.12 09:42:46.962,0.74296,0.74304,1.65,1.25
2015.02.12 09:42:52.601,0.74296,0.74304,1.57,1.12
2015.02.12 09:42:53.183,0.74297,0.74304,1.00,1.31
2015.02.12 09:42:53.719,0.74298,0.74305,1.57,1.00
2015.02.12 09:42:53.871,0.743,0.74306,1.00,1.00
2015.02.12 09:42:54.429,0.743,0.74309,1.00,1.46
2015.02.12 09:42:57.461,0.74299,0.74308,1.00,2.14
2015.02.12 09:42:58.018,0.74298,0.74307,1.50,1.09
2015.02.12 09:42:58.424,0.74298,0.74308,1.50,4.16
2015.02.12 09:43:00.955,0.74298,0.74307,1.50,1.84
2015.02.12 09:43:03.325,0.74298,0.74306,1.00,2.06
2015.02.12 09:43:03.833,0.74297,0.74305,1.00,1.47
2015.02.12 09:43:04.340,0.74297,0.74307,1.57,2.14
2015.02.12 09:43:04.847,0.74298,0.74307,1.00,2.89
2015.02.12 09:43:06.214,0.74298,0.74307,1.00,2.14
2015.02.12 09:43:06.917,0.74299,0.74307,1.00,1.76
2015.02.12 09:43:07.425,0.743,0.74308,1.00,2.06
2015.02.12 09:43:08.255,0.743,0.74308,1.00,2.06
2015.02.12 09:43:08.869,0.743,0.74308,1.57,1.00
2015.02.12 09:43:09.377,0.74302,0.74308,1.00,1.12
2015.02.12 09:43:11.179,0.74302,0.74309,1.00,1.25
2015.02.12 09:43:12.555,0.74301,0.7431,1.00,2.89
2015.02.12 09:43:13.084,0.74301,0.7431,1.00,2.89
2015.02.12 09:43:13.845,0.74301,0.74311,1.00,3.34
2015.02.12 09:43:15.175,0.74302,0.74311,1.00,2.96
2015.02.12 09:43:15.837,0.74303,0.74312,1.00,1.84
2015.02.12 09:43:16.395,0.74302,0.74312,1.50,2.66
2015.02.12 09:43:16.907,0.74303,0.74312,1.00,2.66
2015.02.12 09:43:17.822,0.74303,0.74312,1.00,1.91
2015.02.12 09:43:18.504,0.74304,0.74313,1.00,3.41
2015.02.12 09:43:18.961,0.74304,0.74313,1.50,2.21
2015.02.12 09:43:22.199,0.74303,0.74312,1.50,1.01
2015.02.12 09:43:22.993,0.74303,0.74312,1.00,1.01
2015.02.12 09:43:23.095,0.74301,0.74312,2.32,3.34
2015.02.12 09:43:23.198,0.743,0.7431,2.51,1.46
2015.02.12 09:43:23.301,0.743,0.7431,2.44,2.21
2015.02.12 09:43:23.802,0.74299,0.74309,1.29,1.01
2015.02.12 09:43:24.310,0.74301,0.74312,2.32,2.36
2015.02.12 09:43:24.716,0.74302,0.74312,1.07,1.26
2015.02.12 09:43:26.543,0.74301,0.74308,1.84,1.00
2015.02.12 09:43:26.594,0.74301,0.74308,1.84,1.00
2015.02.12 09:43:29.076,0.74301,0.74307,1.10,1.00
2015.02.12 09:43:29.178,0.74299,0.74307,1.00,1.12
2015.02.12 09:43:29.280,0.74299,0.74305,1.00,1.00
2015.02.12 09:43:29.382,0.74299,0.74307,1.00,1.12
2015.02.12 09:43:29.787,0.74298,0.74305,1.76,1.00
2015.02.12 09:43:30.324,0.74298,0.74305,1.65,1.00
2015.02.12 09:43:32.669,0.74298,0.74307,1.65,1.31
2015.02.12 09:43:33.301,0.74298,0.74306,1.65,1.00
2015.02.12 09:43:37.445,0.74298,0.74308,1.65,2.81
2015.02.12 09:43:38.538,0.74298,0.74308,1.10,2.89
2015.02.12 09:43:38.641,0.74299,0.74308,1.37,1.76
2015.02.12 09:43:38.960,0.74299,0.7431,3.64,3.41
2015.02.12 09:43:39.824,0.743,0.7431,1.65,2.51
2015.02.12 09:43:40.331,0.743,0.74308,1.27,1.00
2015.02.12 09:43:40.837,0.74301,0.7431,1.20,1.29
2015.02.12 09:43:43.565,0.74301,0.7431,1.45,1.39
2015.02.12 09:43:44.072,0.74301,0.74311,2.02,1.26
2015.02.12 09:43:44.834,0.74302,0.74312,1.20,1.76
2015.02.12 09:43:45.838,0.74302,0.74312,1.39,2.89
2015.02.12 09:43:46.870,0.74302,0.74312,1.39,1.76
2015.02.12 09:43:47.380,0.74302,0.74311,1.39,1.31
2015.02.12 09:43:51.974,0.74302,0.74312,1.46,2.06
2015.02.12 09:43:56.835,0.74302,0.74311,1.55,1.31
2015.02.12 09:43:58.223,0.74302,0.74312,1.55,1.69
2015.02.12 09:43:58.759,0.74302,0.74312,1.55,1.69
2015.02.12 09:44:00.113,0.74302,0.74312,1.55,1.69
2015.02.12 09:44:00.737,0.74304,0.74313,1.00,3.34
2015.02.12 09:44:01.268,0.74304,0.74313,1.00,3.34
2015.02.12 09:44:03.960,0.74304,0.74312,1.00,1.69
2015.02.12 09:44:05.029,0.74301,0.74312,2.89,2.59
2015.02.12 09:44:05.081,0.74301,0.74312,2.14,3.34
2015.02.12 09:44:05.591,0.743,0.7431,1.76,2.21
2015.02.12 09:44:05.642,0.743,0.7431,4.39,1.76
2015.02.12 09:44:08.305,0.74301,0.74311,1.55,3.79
2015.02.12 09:44:10.281,0.74303,0.74311,1.20,1.29
2015.02.12 09:44:11.114,0.74304,0.74311,1.00,1.31
2015.02.12 09:44:11.418,0.74302,0.74312,1.20,2.04
2015.02.12 09:44:11.925,0.74302,0.74312,1.10,1.76
2015.02.12 09:44:12.432,0.74301,0.7431,1.09,1.00
2015.02.12 09:44:13.041,0.74303,0.74312,1.00,3.26
2015.02.12 09:44:13.658,0.74302,0.74312,1.20,3.26
2015.02.12 09:44:15.117,0.74302,0.74312,1.47,2.51
2015.02.12 09:44:16.484,0.74302,0.74309,1.47,1.00
2015.02.12 09:44:16.838,0.74302,0.74311,1.47,1.25
2015.02.12 09:44:17.452,0.74304,0.74311,1.37,1.25
2015.02.12 09:44:17.959,0.74304,0.74312,1.12,1.39
2015.02.12 09:44:18.465,0.74304,0.74313,1.37,2.21
2015.02.12 09:44:19.348,0.74303,0.74312,1.37,1.39
2015.02.12 09:44:20.157,0.74303,0.74312,1.37,1.76
2015.02.12 09:44:20.664,0.74302,0.7431,1.39,1.00
2015.02.12 09:44:21.171,0.74303,0.7431,1.39,1.00
2015.02.12 09:44:23.142,0.74303,0.7431,1.20,1.00
2015.02.12 09:44:26.889,0.74302,0.7431,1.45,1.00
2015.02.12 09:44:27.430,0.74303,0.74311,1.20,1.09
2015.02.12 09:44:28.228,0.74303,0.74312,1.47,1.84
2015.02.12 09:44:28.735,0.74301,0.74311,2.21,1.46
2015.02.12 09:44:29.041,0.74301,0.7431,1.20,1.46
2015.02.12 09:44:29.194,0.74298,0.74308,2.14,1.66
2015.02.12 09:44:30.411,0.743,0.74307,1.00,1.01
2015.02.12 09:44:33.073,0.743,0.74309,1.00,1.99
2015.02.12 09:44:35.871,0.74299,0.74307,1.07,1.00
2015.02.12 09:44:37.104,0.74299,0.74304,1.07,1.00
2015.02.12 09:44:37.639,0.74299,0.74303,1.12,1.00
2015.02.12 09:44:37.994,0.74298,0.74303,1.31,1.00
2015.02.12 09:44:38.708,0.74298,0.74302,1.25,1.00
2015.02.12 09:44:39.114,0.74297,0.74307,1.25,1.09
2015.02.12 09:44:39.215,0.74295,0.743,1.31,1.00
2015.02.12 09:44:39.418,0.74294,0.74301,1.39,1.00
2015.02.12 09:44:39.949,0.74294,0.743,1.39,1.00
2015.02.12 09:44:40.407,0.74292,0.743,1.94,1.00
2015.02.12 09:44:40.933,0.74292,0.74299,1.77,1.00
2015.02.12 09:44:41.440,0.74292,0.74298,1.77,1.00
2015.02.12 09:44:41.946,0.74291,0.74299,1.74,1.00
2015.02.12 09:44:42.795,0.74292,0.74299,1.39,1.00
2015.02.12 09:44:43.100,0.74291,0.74298,1.74,1.00
2015.02.12 09:44:43.638,0.74291,0.74298,1.74,1.00
2015.02.12 09:44:44.659,0.74291,0.74297,1.32,1.00
2015.02.12 09:44:44.966,0.7429,0.74296,1.71,1.00
2015.02.12 09:44:45.474,0.74289,0.74297,1.46,1.00
2015.02.12 09:44:45.982,0.74289,0.74295,1.84,1.00
2015.02.12 09:44:46.034,0.74289,0.74294,1.46,1.00
2015.02.12 09:44:46.288,0.74287,0.74291,1.76,1.00
2015.02.12 09:44:46.541,0.74285,0.74291,1.39,1.00
2015.02.12 09:44:47.504,0.74285,0.74291,1.01,1.00
2015.02.12 09:44:48.012,0.74286,0.74291,1.00,1.00
2015.02.12 09:44:48.558,0.74284,0.7429,1.74,1.00
2015.02.12 09:44:50.006,0.74283,0.74288,1.12,1.00
2015.02.12 09:44:50.058,0.74282,0.74288,1.01,1.00
2015.02.12 09:44:50.210,0.7428,0.74285,1.87,1.00
2015.02.12 09:44:50.312,0.74279,0.74284,1.31,1.00
2015.02.12 09:44:50.821,0.74278,0.74283,1.49,1.00
2015.02.12 09:44:51.328,0.74278,0.74284,1.05,1.00
2015.02.12 09:44:51.847,0.74277,0.74283,1.84,1.00
2015.02.12 09:44:52.845,0.74277,0.74283,1.84,1.00
2015.02.12 09:44:53.201,0.74277,0.74285,1.84,1.10
2015.02.12 09:44:53.657,0.74277,0.74285,1.84,1.00
2015.02.12 09:44:54.178,0.74277,0.74286,4.09,1.00
2015.02.12 09:44:55.158,0.74278,0.74286,1.56,1.00
2015.02.12 09:44:58.149,0.74279,0.74286,1.47,1.00
2015.02.12 09:44:58.959,0.74277,0.74286,3.79,1.00
2015.02.12 09:44:59.466,0.74278,0.74287,1.84,1.00
2015.02.12 09:45:00.289,0.74279,0.74287,1.39,1.00
2015.02.12 09:45:00.795,0.74279,0.74288,3.64,1.00
2015.02.12 09:45:01.304,0.74279,0.74289,6.26,1.69
2015.02.12 09:45:02.268,0.7428,0.74289,2.96,1.00
2015.02.12 09:45:02.777,0.7428,0.74289,2.96,1.00
2015.02.12 09:45:03.759,0.7428,0.74289,2.96,1.00
2015.02.12 09:45:04.951,0.7428,0.74288,4.46,1.00
2015.02.12 09:45:05.002,0.7428,0.74288,1.77,1.00
2015.02.12 09:45:05.203,0.74279,0.74288,1.84,1.00
2015.02.12 09:45:05.305,0.74279,0.74288,2.59,1.00
2015.02.12 09:45:06.910,0.7428,0.74288,1.32,1.00
2015.02.12 09:45:07.218,0.7428,0.74289,2.21,1.00
2015.02.12 09:45:07.727,0.74281,0.74289,1.70,1.25
2015.02.12 09:45:08.235,0.74281,0.74289,2.21,1.00
2015.02.12 09:45:09.098,0.74281,0.74289,1.46,1.00
2015.02.12 09:45:10.140,0.74282,0.74289,1.47,1.00
2015.02.12 09:45:10.444,0.74282,0.74289,1.10,1.00
2015.02.12 09:45:11.809,0.74282,0.74289,1.62,1.00
2015.02.12 09:45:11.911,0.74282,0.74289,2.14,1.00
2015.02.12 09:45:12.429,0.74281,0.74288,1.39,1.00
2015.02.12 09:45:15.354,0.74281,0.74288,1.39,1.00
2015.02.12 09:45:16.259,0.74281,0.74288,1.66,1.00
2015.02.12 09:45:16.310,0.74281,0.7429,1.64,1.00
2015.02.12 09:45:16.361,0.74282,0.74293,1.76,1.54
2015.02.12 09:45:16.412,0.74284,0.74292,1.39,1.00
2015.02.12 09:45:16.514,0.74285,0.74294,3.64,1.10
2015.02.12 09:45:16.615,0.74287,0.74294,2.89,1.00
2015.02.12 09:45:16.717,0.74287,0.74298,4.39,1.25
2015.02.12 09:45:16.921,0.74291,0.74298,2.44,1.00
2015.02.12 09:45:17.448,0.74291,0.74299,2.89,1.00
2015.02.12 09:45:17.955,0.74291,0.74299,1.46,1.00
2015.02.12 09:45:19.426,0.74291,0.74299,1.74,1.00
2015.02.12 09:45:19.932,0.74291,0.74298,1.39,1.00
2015.02.12 09:45:20.463,0.74291,0.74299,1.39,1.00
2015.02.12 09:45:20.972,0.74291,0.74298,1.20,1.00
2015.02.12 09:45:21.479,0.74291,0.74299,1.81,1.00
2015.02.12 09:45:21.581,0.74292,0.74299,1.39,1.00
2015.02.12 09:45:21.632,0.74293,0.74299,1.19,1.00
2015.02.12 09:45:22.115,0.7429,0.74299,1.91,1.00
2015.02.12 09:45:23.716,0.74291,0.74299,1.54,1.00
2015.02.12 09:45:24.837,0.74291,0.743,2.21,1.00
2015.02.12 09:45:25.902,0.74292,0.74303,1.25,4.01
2015.02.12 09:45:26.415,0.74291,0.74303,1.25,4.01
2015.02.12 09:45:27.344,0.74291,0.74303,2.06,5.14
2015.02.12 09:45:28.623,0.74295,0.74303,1.00,4.39
2015.02.12 09:45:28.724,0.74291,0.74303,3.19,4.39
2015.02.12 09:45:28.826,0.74294,0.74303,1.00,3.64
2015.02.12 09:45:29.333,0.74293,0.74303,1.00,1.84
2015.02.12 09:45:30.346,0.74295,0.74304,1.00,3.64
2015.02.12 09:45:30.448,0.74293,0.74304,1.69,1.84
2015.02.12 09:45:31.472,0.74294,0.74304,1.00,1.34
2015.02.12 09:45:32.099,0.74294,0.74304,1.87,1.34
2015.02.12 09:45:32.303,0.74295,0.74306,1.00,2.66
2015.02.12 09:45:32.404,0.74294,0.74306,3.64,3.04
2015.02.12 09:45:33.266,0.74295,0.74307,2.21,2.96
2015.02.12 09:45:33.787,0.74294,0.74304,3.71,1.12
2015.02.12 09:45:33.940,0.74292,0.74302,1.54,1.31
2015.02.12 09:45:33.991,0.74292,0.74301,1.54,1.87
2015.02.12 09:45:34.043,0.74292,0.74301,1.09,1.87
2015.02.12 09:45:34.577,0.7429,0.74299,1.39,2.06
2015.02.12 09:45:34.882,0.74288,0.74298,1.09,1.25
2015.02.12 09:45:35.422,0.7429,0.74299,1.37,1.29
2015.02.12 09:45:35.933,0.7429,0.74302,2.89,1.84
2015.02.12 09:45:36.086,0.74292,0.74302,1.66,1.29
2015.02.12 09:45:36.491,0.74294,0.74304,1.20,1.49
2015.02.12 09:45:36.694,0.74293,0.74305,2.21,1.36
2015.02.12 09:45:37.050,0.74294,0.74305,1.66,1.09
2015.02.12 09:45:37.557,0.74297,0.74305,1.00,1.25
2015.02.12 09:45:44.026,0.74297,0.74305,1.12,1.62
2015.02.12 09:45:45.856,0.74296,0.74303,1.00,1.12
2015.02.12 09:45:46.374,0.74294,0.74303,1.46,1.12
2015.02.12 09:45:47.836,0.74294,0.74304,1.39,2.14
2015.02.12 09:45:48.342,0.74295,0.74305,1.87,1.34
2015.02.12 09:45:49.456,0.74295,0.74305,2.81,1.40
2015.02.12 09:45:49.963,0.74296,0.74306,1.57,1.76
2015.02.12 09:45:50.572,0.74296,0.74306,2.21,1.46
2015.02.12 09:45:51.122,0.74296,0.74306,2.96,1.46
2015.02.12 09:45:51.427,0.74297,0.74306,1.56,1.46
2015.02.12 09:45:51.832,0.74299,0.74308,1.62,1.10
2015.02.12 09:45:52.357,0.74299,0.74309,1.62,1.84
2015.02.12 09:45:54.061,0.74299,0.74309,1.37,1.84
2015.02.12 09:45:54.884,0.74299,0.74309,1.12,1.84
2015.02.12 09:45:55.881,0.743,0.74309,1.37,1.46
2015.02.12 09:45:56.388,0.74301,0.74311,2.77,1.01
2015.02.12 09:45:56.886,0.74303,0.74311,1.00,1.01
2015.02.12 09:45:58.283,0.74303,0.74313,1.37,2.74
2015.02.12 09:46:02.220,0.74305,0.74313,1.00,1.76
2015.02.12 09:46:02.733,0.74305,0.74313,1.37,1.01
2015.02.12 09:46:03.442,0.74305,0.74314,1.00,2.74
2015.02.12 09:46:03.798,0.74302,0.74314,2.14,2.59
2015.02.12 09:46:04.152,0.74306,0.74314,1.00,3.34
2015.02.12 09:46:04.660,0.74307,0.74314,1.00,1.77
2015.02.12 09:46:05.014,0.74308,0.74316,1.00,5.81
2015.02.12 09:46:05.117,0.74306,0.74316,1.87,4.69
2015.02.12 09:46:05.218,0.74309,0.74316,1.00,4.50
2015.02.12 09:46:05.269,0.74309,0.74319,1.00,5.21
2015.02.12 09:46:05.776,0.74309,0.74319,1.00,4.46
2015.02.12 09:46:06.282,0.7431,0.7432,1.00,3.04
2015.02.12 09:46:06.384,0.7431,0.7432,1.00,3.04
2015.02.12 09:46:06.890,0.7431,0.7432,1.12,4.39
2015.02.12 09:46:08.529,0.7431,0.7432,1.62,2.89
2015.02.12 09:46:09.776,0.74308,0.74319,2.29,1.76
2015.02.12 09:46:10.314,0.74309,0.74318,1.19,1.77
2015.02.12 09:46:10.770,0.74308,0.74318,2.06,2.21
2015.02.12 09:46:15.366,0.74309,0.74318,1.00,2.21
2015.02.12 09:46:16.008,0.74309,0.74318,1.37,1.46
2015.02.12 09:46:16.161,0.74308,0.74318,1.39,1.46
2015.02.12 09:46:16.668,0.74306,0.74317,1.84,2.02
2015.02.12 09:46:16.821,0.74306,0.74315,1.01,1.12
2015.02.12 09:46:17.024,0.74305,0.74314,1.00,1.09
2015.02.12 09:46:17.328,0.74308,0.74315,1.37,1.01
2015.02.12 09:46:23.212,0.7431,0.74318,1.00,1.27
2015.02.12 09:46:24.080,0.74308,0.74318,2.06,2.21
2015.02.12 09:46:25.921,0.74308,0.74318,2.96,2.21
2015.02.12 09:46:26.954,0.74309,0.74319,1.50,1.81
2015.02.12 09:46:28.874,0.74308,0.74319,3.04,1.77
2015.02.12 09:46:28.926,0.74308,0.74316,1.95,1.17
2015.02.12 09:46:29.130,0.74307,0.74316,1.01,1.87
2015.02.12 09:46:29.232,0.74305,0.74316,1.62,5.14
2015.02.12 09:46:29.817,0.74304,0.74316,1.66,3.64
2015.02.12 09:46:30.458,0.74305,0.74316,1.62,3.64
2015.02.12 09:46:31.008,0.74304,0.74316,2.14,3.64
2015.02.12 09:46:31.263,0.74301,0.74312,1.84,2.21
2015.02.12 09:46:31.365,0.74299,0.7431,2.66,1.47
2015.02.12 09:46:31.873,0.74298,0.7431,3.71,1.71
2015.02.12 09:46:32.393,0.74299,0.7431,2.06,1.46
2015.02.12 09:46:32.953,0.74301,0.74312,1.76,1.46
2015.02.12 09:46:33.460,0.74301,0.74313,1.57,1.91
2015.02.12 09:46:34.156,0.74301,0.74312,2.21,1.39
2015.02.12 09:46:34.817,0.74302,0.74312,1.10,2.14
2015.02.12 09:46:35.526,0.74302,0.74312,1.31,2.96
2015.02.12 09:46:36.033,0.74302,0.74311,1.00,1.46
2015.02.12 09:46:36.237,0.74299,0.7431,1.46,2.21
2015.02.12 09:46:39.333,0.74298,0.74309,1.49,2.59
2015.02.12 09:46:39.434,0.74297,0.74308,1.54,2.21
2015.02.12 09:46:39.536,0.74297,0.74307,1.91,1.55
2015.02.12 09:46:39.588,0.74297,0.74307,1.09,1.46
2015.02.12 09:46:39.740,0.74294,0.74304,1.99,1.37
2015.02.12 09:46:39.792,0.74294,0.74304,1.29,1.45
2015.02.12 09:46:39.843,0.74294,0.74304,1.19,2.02
2015.02.12 09:46:40.046,0.74293,0.74304,1.46,2.02
2015.02.12 09:46:40.553,0.74295,0.74305,1.01,1.39
2015.02.12 09:46:40.604,0.74295,0.74305,1.01,1.39
2015.02.12 09:46:41.009,0.74295,0.74305,1.39,1.39
2015.02.12 09:46:41.516,0.74295,0.74305,1.01,1.39
2015.02.12 09:46:41.820,0.74295,0.74305,1.01,1.39
2015.02.12 09:46:42.226,0.74293,0.74305,1.76,3.34
2015.02.12 09:46:42.428,0.74293,0.74305,2.29,2.96
2015.02.12 09:46:42.935,0.74294,0.74305,1.46,1.76
2015.02.12 09:46:43.442,0.74294,0.74305,1.34,1.62
2015.02.12 09:46:44.964,0.74294,0.74305,1.34,1.62
2015.02.12 09:46:45.686,0.74294,0.74305,1.34,1.62
2015.02.12 09:46:46.856,0.74294,0.74305,1.71,1.62
2015.02.12 09:46:47.062,0.74294,0.74305,2.21,1.31
2015.02.12 09:46:47.764,0.74294,0.74305,1.71,1.31
2015.02.12 09:46:48.458,0.74297,0.74304,1.37,1.25
2015.02.12 09:46:48.610,0.74296,0.74306,5.14,1.00
2015.02.12 09:46:48.712,0.74296,0.74305,2.29,1.00
2015.02.12 09:46:49.220,0.74296,0.74305,3.04,1.00
2015.02.12 09:46:49.846,0.74297,0.74305,1.46,1.00
2015.02.12 09:46:50.437,0.74298,0.74305,1.00,1.00
2015.02.12 09:46:50.589,0.74298,0.74308,1.56,1.84
2015.02.12 09:46:51.603,0.74297,0.74308,2.14,1.84
2015.02.12 09:46:52.109,0.74298,0.74308,1.46,1.01
2015.02.12 09:46:54.497,0.74298,0.74309,1.54,2.14
2015.02.12 09:46:55.013,0.74298,0.74309,1.84,2.14
2015.02.12 09:46:55.418,0.74297,0.74309,3.11,3.34
2015.02.12 09:46:55.673,0.74297,0.74307,2.96,1.09
2015.02.12 09:46:58.379,0.74295,0.74305,2.29,1.00
2015.02.12 09:46:58.943,0.74295,0.74305,2.29,1.25
2015.02.12 09:46:59.962,0.74297,0.74305,1.00,1.00
2015.02.12 09:47:00.475,0.74295,0.74305,2.29,1.00
2015.02.12 09:47:02.918,0.74296,0.74305,1.39,1.00
2015.02.12 09:47:03.121,0.74299,0.74307,1.95,1.12
2015.02.12 09:47:04.052,0.743,0.74307,1.10,1.00
2015.02.12 09:47:04.560,0.743,0.74306,1.10,1.00
2015.02.12 09:47:05.168,0.74299,0.74307,2.02,1.00
2015.02.12 09:47:05.677,0.74299,0.74306,1.27,1.00
2015.02.12 09:47:07.151,0.74299,0.74308,1.46,1.00
2015.02.12 09:47:07.666,0.74301,0.74308,1.00,1.00
2015.02.12 09:47:09.707,0.74299,0.74308,1.84,1.25
2015.02.12 09:47:13.967,0.74297,0.74307,2.21,1.00
2015.02.12 09:47:23.175,0.74297,0.74307,4.46,1.50
2015.02.12 09:47:23.379,0.74299,0.74307,1.09,1.00
2015.02.12 09:47:23.969,0.74299,0.74307,2.29,1.00
2015.02.12 09:47:24.224,0.74299,0.74309,2.29,1.12
2015.02.12 09:47:24.906,0.74299,0.74309,4.46,1.12
2015.02.12 09:47:27.968,0.74302,0.7431,1.20,1.00
2015.02.12 09:47:28.272,0.74305,0.74311,1.00,1.25
2015.02.12 09:47:28.424,0.74303,0.74311,1.27,1.25
2015.02.12 09:47:31.554,0.74304,0.74311,1.00,1.00
2015.02.12 09:47:32.063,0.74303,0.74311,1.46,1.00
2015.02.12 09:47:32.576,0.74304,0.74313,1.01,1.37
2015.02.12 09:47:33.086,0.74304,0.74313,1.39,1.12
2015.02.12 09:47:33.393,0.74304,0.74313,1.39,1.12
2015.02.12 09:47:36.146,0.74308,0.74313,1.00,1.12
2015.02.12 09:47:36.659,0.74308,0.74316,1.00,1.19
2015.02.12 09:47:37.432,0.74308,0.74316,1.31,1.39
2015.02.12 09:47:37.690,0.74308,0.74316,1.25,1.39
2015.02.12 09:47:43.217,0.74308,0.74316,1.00,1.66
2015.02.12 09:47:43.734,0.74308,0.74316,1.00,1.39
2015.02.12 09:47:44.140,0.74309,0.74318,1.95,1.25
2015.02.12 09:47:44.444,0.74312,0.7432,1.95,1.29
2015.02.12 09:47:44.950,0.74312,0.7432,2.02,1.00
2015.02.12 09:47:45.792,0.74314,0.7432,1.00,1.00
2015.02.12 09:47:56.225,0.74313,0.7432,1.00,1.00
2015.02.12 09:47:56.572,0.74312,0.74318,1.00,1.00
2015.02.12 09:47:57.082,0.74311,0.74318,1.00,1.00
2015.02.12 09:48:00.812,0.7431,0.74318,1.57,1.69
2015.02.12 09:48:02.578,0.74307,0.74316,1.91,1.50
2015.02.12 09:48:02.832,0.74306,0.74315,1.01,1.56
2015.02.12 09:48:04.807,0.74305,0.74314,1.39,1.12
2015.02.12 09:48:06.840,0.74305,0.74314,1.39,1.31
2015.02.12 09:48:07.828,0.74305,0.74314,1.20,1.31
2015.02.12 09:48:10.597,0.74305,0.74314,1.39,1.00
2015.02.12 09:48:11.105,0.74307,0.74315,2.14,1.10
2015.02.12 09:48:11.612,0.74308,0.74317,1.46,1.31
2015.02.12 09:48:11.916,0.74309,0.74319,2.02,1.66
2015.02.12 09:48:13.153,0.74311,0.74319,1.00,1.69
2015.02.12 09:48:15.110,0.74311,0.7432,1.00,2.59
2015.02.12 09:48:15.623,0.74311,0.7432,1.07,2.51
2015.02.12 09:48:17.139,0.74311,0.7432,1.07,2.51
2015.02.12 09:48:17.876,0.7431,0.7432,1.65,3.26
2015.02.12 09:48:17.928,0.74308,0.74317,3.49,1.25
2015.02.12 09:48:17.979,0.74308,0.74315,1.99,1.00
2015.02.12 09:48:18.234,0.74307,0.74315,1.10,1.00
2015.02.12 09:48:18.285,0.74306,0.74315,3.04,1.37
2015.02.12 09:48:18.808,0.74306,0.74316,1.87,1.74
2015.02.12 09:48:19.350,0.74304,0.74314,1.84,1.37
2015.02.12 09:48:19.655,0.74304,0.74311,1.20,1.00
2015.02.12 09:48:21.077,0.74302,0.7431,1.07,1.00
2015.02.12 09:48:21.434,0.74303,0.74313,1.84,1.25
2015.02.12 09:48:22.143,0.74304,0.74314,1.01,1.01
2015.02.12 09:48:22.650,0.74305,0.74314,2.06,1.10
2015.02.12 09:48:23.194,0.74307,0.74315,1.00,1.00
2015.02.12 09:48:25.165,0.74307,0.74315,1.00,1.20
2015.02.12 09:48:25.671,0.74305,0.74314,1.00,1.39
2015.02.12 09:48:26.229,0.74305,0.74314,1.37,1.39
2015.02.12 09:48:29.308,0.74304,0.74312,2.21,1.00
2015.02.12 09:48:30.665,0.74303,0.74312,1.20,1.25
2015.02.12 09:48:31.171,0.74303,0.74312,1.27,1.62
2015.02.12 09:48:31.677,0.74302,0.7431,1.69,1.00
2015.02.12 09:48:32.185,0.74303,0.74311,1.87,1.00
2015.02.12 09:48:32.693,0.74304,0.74311,1.25,1.00
2015.02.12 09:48:32.998,0.74306,0.74311,1.00,1.00
2015.02.12 09:48:33.302,0.74306,0.74313,1.00,1.00
2015.02.12 09:48:33.849,0.74305,0.74313,1.00,1.00
2015.02.12 09:48:34.393,0.74304,0.74313,1.09,1.12
2015.02.12 09:48:34.900,0.74303,0.74312,1.40,1.12
2015.02.12 09:48:35.408,0.74303,0.74312,1.01,1.00
2015.02.12 09:48:35.999,0.74303,0.74312,1.10,1.32
2015.02.12 09:48:36.532,0.74303,0.7431,1.00,1.10
2015.02.12 09:48:37.272,0.74302,0.7431,1.25,1.31
2015.02.12 09:48:37.374,0.74302,0.74307,1.00,1.00
2015.02.12 09:48:37.882,0.74301,0.74309,1.50,1.17
2015.02.12 09:48:40.521,0.74301,0.74309,1.69,1.25
2015.02.12 09:48:41.028,0.74302,0.7431,1.00,1.46
2015.02.12 09:48:41.559,0.74303,0.7431,1.00,1.19
2015.02.12 09:48:42.299,0.74303,0.74311,1.00,1.20
2015.02.12 09:48:44.154,0.74303,0.74311,1.87,1.00
2015.02.12 09:48:44.314,0.74305,0.74313,1.37,1.25
2015.02.12 09:48:44.826,0.74305,0.74313,1.00,1.25
2015.02.12 09:48:46.279,0.74306,0.74313,1.00,1.00
2015.02.12 09:48:52.561,0.74306,0.74313,1.07,1.00
2015.02.12 09:48:52.842,0.74305,0.74313,1.27,1.37
2015.02.12 09:48:53.096,0.74305,0.74314,1.27,1.31
2015.02.12 09:48:53.314,0.74307,0.74314,1.00,1.25
2015.02.12 09:48:53.619,0.74309,0.74317,1.00,1.29
2015.02.12 09:48:54.127,0.7431,0.74317,1.00,1.29
2015.02.12 09:48:55.148,0.74309,0.74318,1.57,1.56
2015.02.12 09:48:55.757,0.74308,0.74318,2.44,2.29
2015.02.12 09:48:56.264,0.74308,0.74317,2.06,1.66
2015.02.12 09:48:59.176,0.74307,0.74317,1.50,1.84
2015.02.12 09:49:00.276,0.74307,0.74316,1.00,1.46
2015.02.12 09:49:01.127,0.74307,0.74316,1.00,1.39
2015.02.12 09:49:02.996,0.74307,0.74316,1.00,1.39
2015.02.12 09:49:03.336,0.74306,0.74314,1.00,1.39
2015.02.12 09:49:03.438,0.74304,0.74312,1.76,1.00
2015.02.12 09:49:04.147,0.74305,0.74312,1.57,1.25
2015.02.12 09:49:04.400,0.74305,0.74314,1.57,1.31
2015.02.12 09:49:04.957,0.74307,0.74314,1.00,1.31
2015.02.12 09:49:05.463,0.74307,0.74316,1.00,2.14
2015.02.12 09:49:07.335,0.74308,0.74316,1.00,2.14
2015.02.12 09:49:08.201,0.74308,0.74316,1.00,1.20
2015.02.12 09:49:11.461,0.74308,0.74316,1.00,1.47
2015.02.12 09:49:11.613,0.74306,0.74315,1.69,2.02
2015.02.12 09:49:12.121,0.74305,0.74315,1.00,2.96
2015.02.12 09:49:12.630,0.74306,0.74314,1.00,1.39
2015.02.12 09:49:13.179,0.74306,0.74315,1.00,1.74
2015.02.12 09:49:13.789,0.74305,0.74315,1.12,1.74
2015.02.12 09:49:13.840,0.74305,0.74315,1.12,1.74
2015.02.12 09:49:14.417,0.74304,0.74313,1.95,1.62
2015.02.12 09:49:14.998,0.74304,0.74313,2.32,1.31
2015.02.12 09:49:15.508,0.74304,0.74313,2.32,1.62
2015.02.12 09:49:18.900,0.74304,0.74313,1.57,1.62
2015.02.12 09:49:19.472,0.74304,0.74313,1.57,1.62
2015.02.12 09:49:20.809,0.74303,0.74313,1.00,2.21
2015.02.12 09:49:21.322,0.74304,0.74314,1.20,1.39
2015.02.12 09:49:22.257,0.74306,0.74314,1.00,1.29
2015.02.12 09:49:23.261,0.74306,0.74314,1.00,1.36
2015.02.12 09:49:24.937,0.74303,0.74314,2.89,2.21
2015.02.12 09:49:25.039,0.74303,0.74314,2.59,2.14
2015.02.12 09:49:25.090,0.74303,0.74314,2.44,2.21
2015.02.12 09:49:25.863,0.74303,0.74313,2.06,2.21
2015.02.12 09:49:26.737,0.74304,0.74313,1.00,2.21
2015.02.12 09:49:27.244,0.74303,0.74313,1.57,2.21
2015.02.12 09:49:27.957,0.74303,0.74311,1.01,1.39
2015.02.12 09:49:28.466,0.74301,0.7431,1.01,1.20
2015.02.12 09:49:28.975,0.74301,0.7431,1.25,1.27
2015.02.12 09:49:30.507,0.74301,0.7431,1.20,1.39
2015.02.12 09:49:31.347,0.74301,0.7431,1.39,1.39
2015.02.12 09:49:31.855,0.743,0.74309,1.29,1.70
2015.02.12 09:49:32.831,0.74301,0.74309,1.20,1.37
2015.02.12 09:49:33.187,0.74299,0.74309,1.29,1.95
2015.02.12 09:49:33.696,0.74299,0.74309,1.39,2.14
2015.02.12 09:49:34.207,0.743,0.74309,1.00,1.39
2015.02.12 09:49:36.737,0.743,0.74309,1.00,1.39
2015.02.12 09:49:37.406,0.74299,0.74309,1.39,1.39
2015.02.12 09:49:39.663,0.74299,0.74309,1.39,1.39
2015.02.12 09:49:40.322,0.74302,0.74309,1.00,1.00
2015.02.12 09:49:41.508,0.74301,0.74309,1.10,1.00
2015.02.12 09:49:41.965,0.743,0.74307,1.01,1.10
2015.02.12 09:49:42.472,0.74298,0.74307,1.46,1.39
2015.02.12 09:49:42.980,0.74298,0.74307,1.01,1.27
2015.02.12 09:49:43.496,0.74298,0.74307,1.01,2.02
2015.02.12 09:49:43.901,0.74296,0.74305,2.74,1.37
2015.02.12 09:49:44.206,0.74296,0.74306,2.36,1.31
2015.02.12 09:49:44.358,0.743,0.74307,1.00,1.19
2015.02.12 09:49:44.561,0.74298,0.74308,1.09,1.39
2015.02.12 09:49:45.101,0.74297,0.74308,2.74,2.14
2015.02.12 09:49:45.616,0.74297,0.74308,2.74,2.14
2015.02.12 09:49:45.717,0.74297,0.74307,1.99,1.31
2015.02.12 09:49:47.828,0.74298,0.74307,1.10,1.62
2015.02.12 09:49:48.344,0.74298,0.74307,1.72,1.31
2015.02.12 09:49:48.650,0.74298,0.74307,1.27,1.39
2015.02.12 09:49:48.854,0.74298,0.74307,1.30,1.31
2015.02.12 09:49:49.362,0.74299,0.74308,1.00,1.39
2015.02.12 09:49:50.340,0.74299,0.74308,1.12,2.14
2015.02.12 09:49:51.747,0.74299,0.74308,1.00,2.14
2015.02.12 09:49:52.254,0.74298,0.74308,1.46,2.14
2015.02.12 09:49:53.564,0.74299,0.74308,1.00,2.21
2015.02.12 09:49:54.823,0.74299,0.74308,1.00,2.21
2015.02.12 09:49:55.127,0.74298,0.74307,1.01,1.74
2015.02.12 09:49:58.640,0.74298,0.74307,1.01,1.46
2015.02.12 09:49:58.893,0.74299,0.74309,2.06,1.40
2015.02.12 09:49:58.995,0.74301,0.7431,1.00,2.21
2015.02.12 09:49:59.349,0.74301,0.7431,1.17,1.39
2015.02.12 09:50:00.915,0.74302,0.7431,1.20,1.00
2015.02.12 09:50:01.423,0.74304,0.7431,1.00,1.00
2015.02.12 09:50:05.102,0.74302,0.7431,1.09,1.00
2015.02.12 09:50:07.158,0.74303,0.74312,2.14,1.12
2015.02.12 09:50:07.773,0.74303,0.74312,1.25,2.02
2015.02.12 09:50:08.281,0.74302,0.74311,1.25,2.21
2015.02.12 09:50:08.788,0.74301,0.7431,1.19,2.21
2015.02.12 09:50:09.310,0.743,0.7431,1.39,2.21
2015.02.12 09:50:09.614,0.74302,0.74311,1.29,1.31
2015.02.12 09:50:10.154,0.74303,0.74311,1.31,1.46
2015.02.12 09:50:10.660,0.743,0.74311,3.79,1.76
2015.02.12 09:50:12.055,0.74301,0.74311,1.84,1.10
2015.02.12 09:50:12.461,0.74303,0.74313,2.21,1.20
2015.02.12 09:50:12.664,0.74304,0.74314,1.91,2.62
2015.02.12 09:50:13.211,0.74303,0.74313,4.84,1.12
2015.02.12 09:50:13.733,0.74303,0.74314,4.84,1.87
2015.02.12 09:50:14.813,0.74303,0.74314,5.29,1.87
2015.02.12 09:50:15.119,0.74303,0.74312,3.64,1.37
2015.02.12 09:50:15.475,0.74305,0.74314,1.36,1.37
2015.02.12 09:50:15.981,0.74307,0.74315,1.20,2.06
2015.02.12 09:50:16.184,0.74308,0.74316,1.25,1.25
2015.02.12 09:50:16.893,0.74307,0.74317,1.46,2.96
2015.02.12 09:50:17.404,0.74306,0.74317,2.21,2.81
2015.02.12 09:50:17.915,0.74307,0.74317,1.46,1.27
2015.02.12 09:50:18.372,0.74311,0.74317,1.00,1.10
2015.02.12 09:50:20.694,0.74311,0.74319,1.00,1.56
2015.02.12 09:50:20.897,0.74311,0.7432,1.10,1.31
2015.02.12 09:50:21.302,0.74311,0.74318,1.10,1.00
2015.02.12 09:50:24.550,0.74311,0.74319,1.10,1.12
2015.02.12 09:50:25.007,0.74313,0.74321,1.00,4.01
2015.02.12 09:50:26.209,0.74312,0.74321,1.00,3.26
2015.02.12 09:50:26.816,0.74313,0.74321,1.00,3.26
2015.02.12 09:50:27.358,0.74312,0.74321,1.12,2.51
2015.02.12 09:50:27.776,0.74314,0.74321,1.00,2.14
2015.02.12 09:50:28.288,0.74312,0.74321,1.47,2.14
2015.02.12 09:50:29.718,0.74314,0.74321,1.00,1.25
2015.02.12 09:50:30.225,0.74311,0.7432,2.21,1.12
2015.02.12 09:50:30.327,0.7431,0.74321,4.09,3.56
2015.02.12 09:50:30.378,0.7431,0.74319,1.16,1.37
2015.02.12 09:50:30.682,0.74309,0.74318,1.09,1.20
2015.02.12 09:50:31.194,0.74308,0.74318,5.66,1.00
2015.02.12 09:50:31.707,0.74311,0.74319,1.12,1.25
2015.02.12 09:50:31.809,0.74311,0.74319,2.32,1.25
2015.02.12 09:50:32.316,0.74311,0.74322,1.57,4.09
2015.02.12 09:50:33.046,0.74311,0.74322,3.34,2.59
2015.02.12 09:50:35.330,0.74311,0.74322,3.34,2.96
2015.02.12 09:50:35.847,0.74311,0.74322,3.34,3.34
2015.02.12 09:50:36.382,0.74311,0.74322,3.34,3.34
2015.02.12 09:50:36.928,0.74311,0.74322,3.34,2.96
2015.02.12 09:50:38.158,0.74311,0.74321,1.46,2.14
2015.02.12 09:50:38.362,0.7431,0.7432,2.21,2.51
2015.02.12 09:50:38.868,0.7431,0.74319,1.01,1.00
2015.02.12 09:50:39.527,0.7431,0.74319,1.47,1.25
2015.02.12 09:50:39.729,0.74312,0.74321,1.20,4.24
2015.02.12 09:50:40.236,0.74313,0.74322,1.47,3.94
2015.02.12 09:50:40.743,0.74313,0.74321,1.10,2.06
2015.02.12 09:50:41.452,0.74313,0.74321,1.47,1.19
2015.02.12 09:50:41.554,0.74313,0.74322,1.20,2.81
2015.02.12 09:50:42.222,0.74313,0.74322,1.95,1.69
2015.02.12 09:50:42.728,0.74313,0.74322,2.70,1.69
2015.02.12 09:50:42.931,0.74313,0.74322,1.95,1.25
2015.02.12 09:50:43.438,0.74313,0.74322,2.70,1.62
2015.02.12 09:50:45.046,0.74313,0.74321,1.95,1.87
2015.02.12 09:50:45.552,0.74313,0.74322,3.60,1.25
2015.02.12 09:50:46.061,0.74314,0.74321,1.00,1.00
2015.02.12 09:50:46.569,0.74313,0.74322,2.02,1.69
2015.02.12 09:50:47.207,0.74313,0.74322,2.02,1.69
2015.02.12 09:50:48.873,0.74313,0.74322,2.02,2.06
2015.02.12 09:50:49.183,0.74313,0.74319,1.65,1.00
2015.02.12 09:50:49.235,0.74313,0.74321,1.20,1.31
2015.02.12 09:50:49.797,0.74313,0.7432,1.10,1.00
2015.02.12 09:50:50.299,0.74313,0.7432,1.10,1.19
2015.02.12 09:50:51.340,0.74312,0.74319,1.00,1.25
2015.02.12 09:50:51.820,0.7431,0.74319,1.20,2.06
2015.02.12 09:50:52.329,0.7431,0.74319,1.20,2.06
2015.02.12 09:50:52.836,0.7431,0.74319,1.47,1.31
2015.02.12 09:50:55.327,0.74311,0.74319,1.00,1.31
2015.02.12 09:50:55.834,0.74311,0.74318,1.20,1.50
2015.02.12 09:50:57.782,0.74312,0.7432,1.00,2.06
2015.02.12 09:50:58.357,0.74312,0.7432,1.00,2.81
2015.02.12 09:50:59.354,0.7431,0.7432,1.55,1.56
2015.02.12 09:51:00.400,0.7431,0.7432,1.55,1.19
2015.02.12 09:51:00.655,0.74312,0.74322,1.20,3.26
2015.02.12 09:51:01.567,0.74312,0.74321,1.10,1.66
2015.02.12 09:51:02.884,0.7431,0.74317,1.52,1.00
2015.02.12 09:51:03.426,0.7431,0.74317,1.27,1.00
2015.02.12 09:51:04.487,0.7431,0.74316,1.27,1.00
2015.02.12 09:51:05.375,0.7431,0.74318,1.27,1.25
2015.02.12 09:51:07.204,0.7431,0.74317,1.52,1.00
2015.02.12 09:51:07.306,0.74309,0.74315,1.16,1.00
2015.02.12 09:51:07.611,0.74307,0.74313,1.00,1.12
2015.02.12 09:51:08.018,0.74304,0.74313,1.39,1.12
2015.02.12 09:51:08.682,0.74303,0.74313,1.84,1.31
2015.02.12 09:51:08.734,0.74303,0.74312,1.84,1.25
2015.02.12 09:51:08.835,0.74305,0.74314,2.21,1.50
2015.02.12 09:51:09.342,0.74308,0.74317,1.57,1.56
2015.02.12 09:51:09.698,0.74309,0.74319,2.32,1.39
2015.02.12 09:51:10.104,0.74312,0.74321,1.57,1.19
2015.02.12 09:51:10.512,0.74312,0.74321,1.95,1.19
2015.02.12 09:51:10.615,0.74312,0.74321,1.95,1.19
2015.02.12 09:51:10.919,0.74312,0.74321,1.95,1.19
2015.02.12 09:51:11.420,0.74312,0.74321,1.95,1.19
2015.02.12 09:51:11.643,0.74312,0.74322,1.95,2.14
2015.02.12 09:51:12.150,0.74313,0.74322,1.65,1.19
2015.02.12 09:51:12.685,0.74313,0.74322,1.45,1.29
2015.02.12 09:51:13.141,0.74313,0.74322,1.95,1.29
2015.02.12 09:51:14.640,0.74313,0.74322,1.47,1.19
2015.02.12 09:51:16.141,0.74313,0.74322,1.10,1.19
2015.02.12 09:51:16.648,0.74313,0.74323,1.95,1.66
2015.02.12 09:51:19.679,0.74313,0.74323,1.47,2.51
2015.02.12 09:51:20.086,0.74313,0.74323,1.20,2.89
2015.02.12 09:51:21.140,0.74312,0.74323,1.55,2.89
2015.02.12 09:51:22.044,0.74312,0.74322,2.02,1.31
2015.02.12 09:51:22.851,0.74312,0.74322,2.02,1.31
2015.02.12 09:51:23.360,0.74312,0.74322,2.96,1.25
2015.02.12 09:51:25.452,0.74314,0.74323,1.37,2.51
2015.02.12 09:51:25.553,0.74314,0.74323,1.37,1.66
2015.02.12 09:51:26.776,0.74315,0.74324,1.00,1.29
2015.02.12 09:51:29.744,0.74315,0.74324,1.20,2.14
2015.02.12 09:51:30.251,0.74316,0.74324,1.00,1.39
2015.02.12 09:51:32.755,0.74316,0.74324,1.00,1.26
2015.02.12 09:51:40.563,0.74315,0.74324,1.00,1.40
2015.02.12 09:51:41.194,0.74315,0.74324,1.20,1.01
2015.02.12 09:51:41.447,0.74318,0.74325,1.00,1.12
2015.02.12 09:51:41.953,0.74317,0.74325,1.00,2.06
2015.02.12 09:51:42.257,0.74316,0.74324,1.00,1.62
2015.02.12 09:51:49.672,0.74316,0.74325,1.00,2.89
2015.02.12 09:51:50.178,0.74316,0.74325,1.00,2.14
2015.02.12 09:51:50.692,0.74316,0.74325,1.00,2.14
2015.02.12 09:51:51.199,0.74316,0.74325,1.31,2.14
2015.02.12 09:51:51.732,0.74317,0.74325,1.00,2.14
2015.02.12 09:51:53.888,0.74316,0.74325,2.06,1.95
2015.02.12 09:51:54.592,0.74316,0.74325,1.69,1.95
2015.02.12 09:51:55.624,0.74316,0.74326,2.21,1.62
2015.02.12 09:51:56.131,0.74316,0.74324,1.00,1.20
2015.02.12 09:51:56.675,0.74315,0.74324,1.31,1.95
2015.02.12 09:51:57.193,0.74316,0.74324,1.25,1.95
2015.02.12 09:51:57.345,0.74316,0.74324,1.25,1.95
2015.02.12 09:51:58.015,0.74316,0.74324,1.10,1.95
2015.02.12 09:51:58.686,0.74316,0.74322,1.00,1.00
2015.02.12 09:51:59.208,0.74314,0.74324,1.54,2.14
2015.02.12 09:52:00.483,0.74314,0.74322,1.54,1.00
2015.02.12 09:52:00.991,0.74313,0.74323,1.61,2.21
2015.02.12 09:52:01.718,0.74314,0.74322,1.76,1.00
2015.02.12 09:52:03.218,0.74314,0.74322,1.76,1.00
2015.02.12 09:52:05.624,0.74314,0.74321,1.76,1.00
2015.02.12 09:52:09.774,0.74314,0.74321,1.76,1.00
2015.02.12 09:52:09.826,0.74314,0.74323,1.76,1.65
2015.02.12 09:52:10.334,0.74316,0.74324,1.01,1.00
2015.02.12 09:52:10.842,0.74316,0.74324,1.39,1.00
2015.02.12 09:52:11.366,0.74316,0.74325,2.14,1.31
2015.02.12 09:52:12.954,0.74316,0.74326,2.14,2.14
2015.02.12 09:52:13.536,0.74316,0.74326,2.51,2.14
2015.02.12 09:52:14.653,0.74316,0.74326,2.06,2.21
2015.02.12 09:52:15.434,0.74316,0.74323,2.06,1.00
2015.02.12 09:52:15.948,0.74316,0.74326,2.44,2.21
2015.02.12 09:52:17.183,0.74316,0.74326,2.21,2.89
2015.02.12 09:52:17.588,0.74316,0.74326,2.06,2.96
2015.02.12 09:52:18.220,0.74316,0.74326,1.69,2.96
2015.02.12 09:52:18.726,0.74316,0.74324,1.25,1.37
2015.02.12 09:52:19.396,0.74315,0.74324,1.76,1.87
2015.02.12 09:52:19.903,0.74315,0.74324,1.39,1.87
2015.02.12 09:52:20.428,0.74315,0.74324,1.39,2.06
2015.02.12 09:52:21.138,0.74315,0.74323,1.76,1.10
2015.02.12 09:52:21.949,0.74315,0.74324,1.76,1.76
2015.02.12 09:52:26.389,0.74315,0.74325,2.59,2.14
2015.02.12 09:52:27.099,0.74316,0.74326,2.21,1.00
2015.02.12 09:52:27.403,0.74319,0.74329,1.87,4.01
2015.02.12 09:52:28.176,0.74319,0.74327,1.12,1.07
2015.02.12 09:52:28.683,0.74318,0.74327,1.20,1.76
2015.02.12 09:52:28.987,0.74319,0.74328,1.65,1.29
2015.02.12 09:52:29.494,0.74319,0.74328,1.65,1.01
2015.02.12 09:52:30.002,0.74321,0.74328,1.00,1.01
2015.02.12 09:52:30.205,0.74321,0.74331,1.12,1.54
2015.02.12 09:52:30.712,0.74322,0.7433,1.00,1.69
2015.02.12 09:52:30.864,0.74322,0.7433,3.37,1.50
2015.02.12 09:52:31.370,0.74323,0.74331,1.37,1.31
2015.02.12 09:52:31.878,0.74323,0.74331,1.00,1.31
2015.02.12 09:52:32.182,0.74325,0.74335,1.50,5.44
2015.02.12 09:52:32.335,0.74325,0.74334,2.21,1.05
2015.02.12 09:52:32.842,0.74326,0.74335,1.20,1.25
2015.02.12 09:52:33.550,0.74326,0.74335,1.17,1.25
2015.02.12 09:52:34.057,0.74326,0.74334,1.20,1.00
2015.02.12 09:52:34.563,0.74326,0.74334,1.17,1.00
2015.02.12 09:52:35.424,0.74326,0.74335,1.17,1.25
2015.02.12 09:52:35.931,0.74325,0.74334,1.46,1.12
2015.02.12 09:52:36.540,0.74327,0.74335,1.07,1.69
2015.02.12 09:52:38.034,0.74327,0.74335,1.00,1.50
2015.02.12 09:52:39.331,0.74327,0.74335,1.00,2.06
2015.02.12 09:52:40.062,0.74327,0.74333,1.00,1.00
2015.02.12 09:52:40.572,0.74326,0.74334,1.39,1.62
2015.02.12 09:52:40.928,0.74326,0.74334,1.09,1.31
2015.02.12 09:52:43.745,0.74327,0.74336,1.07,2.14
2015.02.12 09:52:43.948,0.74326,0.74336,1.10,2.21
2015.02.12 09:52:46.365,0.74325,0.74334,1.84,1.39
2015.02.12 09:52:47.180,0.74324,0.74333,1.84,1.62
2015.02.12 09:52:48.261,0.74323,0.74333,3.64,3.56
2015.02.12 09:52:48.363,0.74323,0.74333,1.46,3.56
2015.02.12 09:52:51.051,0.74323,0.74332,1.17,1.31
2015.02.12 09:52:51.597,0.74323,0.74331,1.09,1.25
2015.02.12 09:52:52.200,0.74323,0.74333,1.25,2.96
2015.02.12 09:52:52.730,0.74322,0.74331,1.09,1.87
2015.02.12 09:52:52.781,0.74322,0.74331,1.01,1.47
2015.02.12 09:52:53.086,0.74321,0.74329,1.01,1.95
2015.02.12 09:52:53.494,0.74318,0.74326,1.27,1.87
2015.02.12 09:52:53.596,0.74318,0.74324,1.01,1.00
2015.02.12 09:52:54.003,0.74318,0.74326,1.25,1.76
2015.02.12 09:52:54.510,0.74319,0.74328,1.25,1.39
2015.02.12 09:52:54.713,0.74321,0.74329,1.00,2.21
2015.02.12 09:52:55.118,0.74321,0.74329,1.00,1.12
2015.02.12 09:52:56.918,0.74321,0.7433,1.20,1.31
2015.02.12 09:52:57.539,0.74321,0.74331,1.57,3.71
2015.02.12 09:52:57.692,0.74323,0.74331,2.21,1.00
2015.02.12 09:52:57.997,0.74326,0.74333,1.00,1.19
2015.02.12 09:52:58.402,0.74326,0.74335,1.25,1.10
2015.02.12 09:52:59.045,0.74326,0.74336,1.01,1.46
2015.02.12 09:52:59.565,0.74326,0.74336,1.09,1.39
2015.02.12 09:53:00.216,0.74326,0.74336,1.46,2.14
2015.02.12 09:53:00.723,0.74327,0.74337,1.39,1.76
2015.02.12 09:53:01.232,0.74328,0.74337,1.57,1.25
2015.02.12 09:53:01.385,0.74328,0.74337,1.57,1.62
2015.02.12 09:53:01.942,0.74328,0.74337,1.84,1.87
2015.02.12 09:53:02.563,0.74328,0.74338,1.84,2.89
2015.02.12 09:53:03.077,0.74329,0.74339,1.57,2.21
2015.02.12 09:53:03.382,0.74329,0.74336,1.10,1.69
2015.02.12 09:53:03.534,0.74325,0.74335,1.57,3.79
2015.02.12 09:53:04.192,0.74324,0.74334,1.84,3.64
2015.02.12 09:53:05.628,0.74327,0.74334,1.00,1.95
2015.02.12 09:53:06.785,0.74327,0.74335,1.00,1.76
2015.02.12 09:53:09.018,0.74325,0.74333,1.17,1.47
2015.02.12 09:53:09.525,0.74324,0.74332,1.32,1.47
2015.02.12 09:53:09.879,0.74322,0.74332,1.46,2.14
2015.02.12 09:53:10.386,0.74322,0.74332,1.01,2.21
2015.02.12 09:53:10.741,0.74322,0.74331,1.10,1.31
2015.02.12 09:53:12.285,0.7432,0.7433,4.76,1.69
2015.02.12 09:53:14.658,0.7432,0.7433,4.76,2.06
2015.02.12 09:53:15.651,0.7432,0.7433,4.39,2.06
2015.02.12 09:53:16.276,0.7432,0.7433,1.09,2.89
2015.02.12 09:53:16.502,0.74319,0.74328,1.09,1.12
2015.02.12 09:53:17.029,0.74319,0.74329,1.46,1.69
2015.02.12 09:53:18.176,0.74319,0.74329,3.64,1.25
2015.02.12 09:53:20.414,0.74323,0.74332,1.20,1.39
2015.02.12 09:53:20.668,0.74323,0.74333,2.21,1.39
2015.02.12 09:53:21.176,0.74325,0.74334,1.10,1.39
2015.02.12 09:53:21.430,0.74325,0.74335,1.95,1.76
2015.02.12 09:53:21.937,0.74325,0.74335,2.21,1.76
2015.02.12 09:53:22.342,0.74328,0.74336,1.00,1.46
2015.02.12 09:53:22.393,0.74328,0.74336,1.17,1.46
2015.02.12 09:53:23.507,0.74328,0.74338,1.65,3.04
2015.02.12 09:53:23.710,0.74328,0.74338,1.10,3.04
2015.02.12 09:53:24.217,0.74328,0.74338,1.15,2.14
2015.02.12 09:53:24.753,0.74328,0.74338,2.40,2.81
2015.02.12 09:53:25.277,0.74328,0.74338,2.59,2.81
2015.02.12 09:53:27.124,0.7433,0.74338,1.00,2.81
2015.02.12 09:53:27.854,0.7433,0.74338,1.10,2.51
2015.02.12 09:53:34.180,0.74329,0.74338,1.09,2.04
2015.02.12 09:53:35.047,0.74329,0.74339,1.50,1.91
2015.02.12 09:53:35.554,0.74328,0.74338,2.44,1.46
2015.02.12 09:53:36.061,0.74328,0.74338,1.69,1.84
2015.02.12 09:53:36.568,0.74329,0.74338,1.00,1.84
2015.02.12 09:53:37.069,0.74328,0.74338,2.81,1.84
2015.02.12 09:53:38.809,0.74329,0.74338,1.00,1.84
2015.02.12 09:53:42.857,0.7433,0.74339,1.00,1.84
2015.02.12 09:53:42.908,0.74333,0.74341,1.00,3.04
2015.02.12 09:53:43.111,0.74333,0.74343,1.57,2.21
2015.02.12 09:53:43.265,0.74334,0.74343,1.12,1.09
2015.02.12 09:53:43.316,0.74336,0.74343,1.00,1.01
2015.02.12 09:53:43.824,0.74336,0.74344,1.00,1.37
2015.02.12 09:53:44.331,0.74335,0.74344,1.01,1.50
2015.02.12 09:53:45.730,0.74335,0.74344,1.10,1.69
2015.02.12 09:53:46.852,0.74333,0.74342,1.01,1.47
2015.02.12 09:53:46.954,0.74331,0.74341,2.59,1.39
2015.02.12 09:53:47.055,0.74331,0.74341,1.69,2.14
2015.02.12 09:53:47.512,0.74329,0.74339,4.65,1.09
2015.02.12 09:53:48.539,0.7433,0.74339,1.00,1.16
2015.02.12 09:53:49.920,0.7433,0.74339,1.00,1.16
2015.02.12 09:53:50.276,0.74328,0.74339,2.40,1.91
2015.02.12 09:53:52.437,0.74329,0.74339,1.00,2.66
2015.02.12 09:53:52.943,0.74328,0.74337,1.25,1.66
2015.02.12 09:53:54.201,0.74328,0.74338,1.00,1.74
2015.02.12 09:53:55.799,0.74328,0.74338,1.50,1.74
2015.02.12 09:53:57.929,0.7433,0.74338,1.00,1.74
2015.02.12 09:53:58.237,0.74328,0.74338,2.44,1.74
2015.02.12 09:53:58.752,0.74328,0.74338,2.81,1.74
2015.02.12 09:54:00.075,0.74329,0.74339,1.00,3.04
2015.02.12 09:54:00.278,0.74331,0.74339,1.00,1.39
2015.02.12 09:54:00.329,0.74331,0.74339,1.00,1.01
2015.02.12 09:54:01.695,0.74332,0.7434,1.50,1.39
2015.02.12 09:54:02.264,0.74333,0.74341,1.00,1.91
2015.02.12 09:54:02.578,0.74331,0.74341,1.87,1.91
2015.02.12 09:54:02.680,0.74333,0.74341,1.00,1.91
2015.02.12 09:54:02.782,0.74331,0.74341,1.50,2.36
2015.02.12 09:54:03.290,0.74331,0.74341,1.50,2.96
2015.02.12 09:54:04.734,0.74331,0.7434,1.50,1.76
2015.02.12 09:54:05.140,0.74329,0.74339,1.65,1.86
2015.02.12 09:54:05.647,0.74329,0.74338,1.65,1.69
2015.02.12 09:54:05.698,0.74327,0.74338,2.51,3.34
2015.02.12 09:54:06.245,0.74325,0.74335,1.07,2.89
2015.02.12 09:54:06.347,0.74324,0.74334,1.50,1.74
2015.02.12 09:54:06.855,0.74324,0.74334,1.00,3.41
2015.02.12 09:54:07.469,0.74324,0.74333,1.00,1.81
2015.02.12 09:54:07.672,0.74322,0.74331,1.01,1.37
2015.02.12 09:54:07.977,0.74323,0.74333,1.00,3.41
2015.02.12 09:54:09.914,0.74323,0.74333,1.07,2.59
2015.02.12 09:54:10.521,0.74323,0.74332,1.00,1.39
2015.02.12 09:54:11.028,0.74323,0.74332,1.00,1.39
2015.02.12 09:54:11.534,0.74322,0.74332,2.14,1.56
2015.02.12 09:54:12.383,0.74322,0.74332,2.14,2.14
2015.02.12 09:54:13.397,0.74325,0.74333,1.00,1.94
2015.02.12 09:54:13.498,0.74325,0.74333,1.00,1.91
2015.02.12 09:54:14.056,0.74326,0.74334,1.00,2.21
2015.02.12 09:54:14.564,0.74325,0.74332,1.12,1.00
2015.02.12 09:54:16.046,0.74324,0.74333,1.00,1.91
2015.02.12 09:54:19.404,0.74323,0.74333,3.56,1.91
2015.02.12 09:54:20.485,0.74323,0.74334,2.77,3.26
2015.02.12 09:54:23.550,0.74323,0.74334,2.21,2.29
2015.02.12 09:54:26.960,0.74325,0.74334,1.10,1.76
2015.02.12 09:54:28.505,0.74326,0.74335,1.00,2.51
2015.02.12 09:54:29.852,0.74326,0.74336,1.87,2.66
2015.02.12 09:54:30.105,0.74328,0.74336,1.00,1.46
2015.02.12 09:54:30.512,0.7433,0.74338,1.00,1.46
2015.02.12 09:54:30.563,0.7433,0.74338,1.00,1.46
2015.02.12 09:54:31.515,0.7433,0.74339,1.50,1.01
2015.02.12 09:54:32.043,0.74331,0.7434,1.00,2.59
2015.02.12 09:54:34.179,0.74331,0.74342,1.10,4.39
2015.02.12 09:54:34.687,0.74331,0.7434,1.10,1.39
2015.02.12 09:54:37.536,0.74331,0.74341,2.70,1.91
2015.02.12 09:54:37.757,0.7433,0.74339,1.57,1.62
2015.02.12 09:54:38.061,0.7433,0.74339,1.10,1.69
2015.02.12 09:54:38.365,0.74329,0.74337,1.84,1.00
2015.02.12 09:54:38.874,0.74329,0.74339,1.17,2.44
2015.02.12 09:54:39.422,0.74331,0.74339,1.00,1.19
2015.02.12 09:54:40.448,0.74331,0.7434,1.00,3.26
2015.02.12 09:54:40.601,0.74329,0.74339,1.76,1.76
2015.02.12 09:54:41.112,0.74328,0.74336,1.10,1.19
2015.02.12 09:54:44.419,0.74328,0.74338,1.57,1.86
2015.02.12 09:54:44.927,0.74329,0.74339,1.10,2.59
2015.02.12 09:54:45.454,0.74329,0.74339,1.10,1.84
2015.02.12 09:54:46.016,0.74329,0.74339,1.10,1.84
2015.02.12 09:54:46.531,0.7433,0.7434,1.50,2.59
2015.02.12 09:54:47.038,0.74331,0.7434,1.57,1.31
2015.02.12 09:54:47.697,0.74331,0.74341,3.52,2.14
2015.02.12 09:54:48.203,0.74331,0.7434,1.10,1.62
2015.02.12 09:54:48.711,0.74331,0.74342,1.95,3.34
2015.02.12 09:54:49.298,0.74332,0.74342,1.00,4.09
2015.02.12 09:54:49.861,0.74331,0.74342,1.20,3.34
2015.02.12 09:54:50.662,0.74332,0.74342,1.00,3.19
2015.02.12 09:54:51.647,0.74331,0.74342,1.57,4.69
2015.02.12 09:54:51.850,0.74333,0.74341,1.00,1.29
2015.02.12 09:54:52.205,0.74331,0.74341,2.32,1.66
2015.02.12 09:54:52.256,0.74331,0.74341,2.32,2.14
2015.02.12 09:54:53.285,0.7433,0.74339,2.25,1.39
2015.02.12 09:54:54.193,0.74332,0.7434,1.00,1.19
2015.02.12 09:54:54.295,0.74332,0.74341,1.00,1.46
2015.02.12 09:54:56.814,0.74334,0.74343,1.00,3.64
2015.02.12 09:54:57.017,0.74334,0.74344,1.50,1.74
2015.02.12 09:54:57.911,0.74335,0.74345,1.00,2.89
2015.02.12 09:54:59.926,0.74335,0.74344,1.00,1.74
2015.02.12 09:55:03.020,0.74335,0.74344,1.50,1.31
2015.02.12 09:55:03.527,0.74335,0.74344,2.25,2.44
2015.02.12 09:55:08.941,0.74335,0.74344,2.62,3.26
2015.02.12 09:55:09.452,0.74335,0.74344,2.62,2.89
2015.02.12 09:55:09.974,0.74335,0.74344,2.62,2.89
2015.02.12 09:55:14.176,0.74335,0.74344,2.62,1.64
2015.02.12 09:55:14.715,0.74335,0.74344,2.62,2.81
2015.02.12 09:55:15.163,0.74339,0.74344,1.00,1.25
2015.02.12 09:55:15.518,0.74338,0.74347,1.47,1.25
2015.02.12 09:55:16.026,0.7434,0.74348,1.37,1.31
2015.02.12 09:55:17.446,0.74341,0.74347,1.00,1.00
2015.02.12 09:55:17.953,0.74341,0.74348,1.12,1.00
2015.02.12 09:55:18.479,0.74341,0.74349,1.12,1.46
2015.02.12 09:55:19.578,0.74341,0.74348,1.12,1.00
2015.02.12 09:55:21.701,0.74341,0.7435,1.00,1.54
2015.02.12 09:55:22.602,0.74341,0.74348,1.00,1.00
2015.02.12 09:55:23.119,0.7434,0.74348,1.00,1.00
2015.02.12 09:55:25.293,0.7434,0.7435,1.00,5.29
2015.02.12 09:55:25.800,0.74339,0.74348,2.25,1.91
2015.02.12 09:55:26.677,0.74339,0.74348,1.50,3.11
2015.02.12 09:55:28.973,0.74339,0.74348,4.16,1.15
2015.02.12 09:55:29.430,0.74341,0.74348,1.00,1.07
2015.02.12 09:55:29.938,0.74341,0.74348,1.50,1.00
2015.02.12 09:55:32.449,0.74341,0.7435,1.50,1.64
2015.02.12 09:55:32.956,0.7434,0.74348,1.76,1.00
2015.02.12 09:55:33.007,0.7434,0.7435,1.76,1.76
2015.02.12 09:55:33.311,0.7434,0.74349,1.76,1.37
2015.02.12 09:55:34.900,0.74341,0.74348,1.00,1.00
2015.02.12 09:55:35.463,0.7434,0.74349,1.50,1.39
2015.02.12 09:55:35.767,0.74343,0.74352,1.69,1.86
2015.02.12 09:55:36.274,0.74344,0.74353,1.50,1.76
2015.02.12 09:55:36.679,0.74343,0.74353,1.76,1.76
2015.02.12 09:55:36.984,0.74346,0.74353,1.00,1.54
2015.02.12 09:55:37.362,0.74348,0.74353,2.10,1.00
2015.02.12 09:55:37.413,0.74348,0.74355,2.10,1.57
2015.02.12 09:55:37.465,0.7435,0.74354,1.00,1.00
2015.02.12 09:55:37.718,0.74349,0.74357,2.29,2.40
2015.02.12 09:55:38.512,0.74349,0.74358,3.11,2.70
2015.02.12 09:55:38.766,0.74351,0.74358,1.00,1.57
2015.02.12 09:55:39.272,0.7435,0.74359,1.00,1.84
2015.02.12 09:55:41.527,0.7435,0.7436,1.25,3.04
2015.02.12 09:55:42.034,0.74349,0.74358,3.71,1.00
2015.02.12 09:55:44.264,0.74349,0.74358,2.44,1.12
2015.02.12 09:55:44.811,0.74349,0.74356,1.25,1.00
2015.02.12 09:55:45.369,0.74348,0.74356,1.01,1.00
2015.02.12 09:55:45.674,0.74345,0.74354,4.99,1.00
2015.02.12 09:55:46.079,0.74345,0.74354,3.11,1.57
2015.02.12 09:55:46.181,0.74345,0.74352,3.86,1.00
2015.02.12 09:55:46.831,0.74348,0.74352,1.00,1.00
2015.02.12 09:55:47.155,0.74348,0.74354,1.00,1.10
2015.02.12 09:55:47.611,0.74345,0.74354,3.11,1.20
2015.02.12 09:55:48.791,0.74345,0.74353,3.94,1.00
2015.02.12 09:55:49.299,0.74348,0.74356,1.01,1.47
2015.02.12 09:55:49.350,0.74348,0.74356,3.11,1.10
2015.02.12 09:55:49.907,0.74348,0.74356,1.15,1.57
2015.02.12 09:55:50.313,0.74349,0.74357,1.25,1.20
2015.02.12 09:55:50.516,0.7435,0.74357,1.17,1.10
2015.02.12 09:55:50.567,0.7435,0.74359,1.17,1.46
2015.02.12 09:55:52.086,0.7435,0.74359,1.09,1.35
2015.02.12 09:55:55.385,0.74349,0.74358,1.40,1.95
2015.02.12 09:55:56.399,0.74348,0.74359,5.36,2.66
2015.02.12 09:55:56.905,0.74348,0.74357,5.36,1.12
2015.02.12 09:55:57.818,0.7435,0.74358,1.17,1.10
2015.02.12 09:55:58.370,0.74349,0.74357,1.40,1.00
2015.02.12 09:55:59.407,0.74348,0.74357,2.44,2.14
2015.02.12 09:55:59.459,0.74347,0.74357,2.44,3.64
2015.02.12 09:55:59.966,0.74348,0.74357,1.09,2.59
2015.02.12 09:56:00.474,0.74349,0.74357,1.09,1.10
2015.02.12 09:56:00.982,0.7435,0.74359,1.32,2.10
2015.02.12 09:56:01.509,0.7435,0.74357,1.32,1.00
2015.02.12 09:56:02.024,0.74349,0.74359,1.46,2.47
2015.02.12 09:56:04.333,0.74354,0.7436,2.10,1.84
2015.02.12 09:56:04.738,0.74353,0.74361,2.36,1.17
2015.02.12 09:56:05.245,0.74352,0.74359,2.36,1.00
2015.02.12 09:56:05.347,0.74353,0.74357,1.10,1.00
2015.02.12 09:56:05.450,0.74351,0.74357,1.25,1.00
2015.02.12 09:56:05.603,0.7435,0.74358,1.00,1.17
2015.02.12 09:56:05.705,0.74351,0.74357,1.76,1.10
2015.02.12 09:56:05.756,0.74351,0.74359,1.76,1.20
2015.02.12 09:56:05.858,0.74351,0.74358,1.76,1.20
2015.02.12 09:56:06.361,0.74352,0.74358,1.07,1.20
2015.02.12 09:56:06.463,0.74351,0.74358,1.25,1.20
2015.02.12 09:56:06.717,0.74354,0.7436,2.85,1.00
2015.02.12 09:56:07.225,0.74353,0.74359,3.04,1.00
2015.02.12 09:56:07.530,0.74354,0.74358,2.10,1.00
2015.02.12 09:56:07.835,0.74353,0.74361,3.86,1.00
2015.02.12 09:56:08.242,0.74356,0.74363,1.00,1.35
2015.02.12 09:56:08.597,0.74358,0.74365,1.00,1.57
2015.02.12 09:56:09.056,0.74357,0.74367,1.29,1.20
2015.02.12 09:56:09.565,0.74359,0.74367,1.31,1.20
2015.02.12 09:56:10.073,0.74359,0.74367,1.25,1.27
2015.02.12 09:56:10.832,0.74358,0.74367,1.01,2.70
2015.02.12 09:56:11.136,0.74356,0.74363,3.19,1.00
2015.02.12 09:56:11.340,0.74356,0.74366,3.19,1.57
2015.02.12 09:56:11.847,0.74357,0.74365,1.36,1.00
2015.02.12 09:56:12.649,0.74356,0.74364,3.19,1.00
2015.02.12 09:56:13.361,0.74365,0.74371,2.85,7.50
2015.02.12 09:56:13.515,0.74369,0.74377,1.00,3.07
2015.02.12 09:56:13.566,0.74371,0.74377,2.10,2.17
2015.02.12 09:56:13.617,0.74371,0.74378,2.10,1.65
2015.02.12 09:56:14.429,0.7437,0.74377,2.66,1.00
2015.02.12 09:56:15.037,0.7437,0.74377,2.29,1.00
2015.02.12 09:56:15.542,0.74368,0.74376,3.11,1.00
2015.02.12 09:56:16.050,0.74371,0.74377,2.92,1.00
2015.02.12 09:56:16.101,0.74371,0.74379,2.92,1.00
2015.02.12 09:56:16.645,0.74371,0.74378,1.10,1.00
2015.02.12 09:56:16.848,0.74374,0.74378,1.00,1.00
2015.02.12 09:56:17.051,0.74375,0.74382,1.00,1.69
2015.02.12 09:56:17.559,0.74376,0.74383,1.00,1.57
2015.02.12 09:56:18.391,0.74376,0.74382,1.10,1.00
2015.02.12 09:56:18.932,0.74376,0.74384,1.10,1.00
2015.02.12 09:56:19.186,0.74378,0.74385,1.00,1.00
2015.02.12 09:56:19.692,0.74378,0.74387,1.00,1.74
2015.02.12 09:56:20.352,0.74375,0.74384,2.44,1.00
2015.02.12 09:56:20.869,0.74382,0.74386,1.00,1.00
2015.02.12 09:56:20.921,0.74382,0.74389,1.00,1.27
2015.02.12 09:56:20.972,0.74382,0.7439,1.26,1.12
2015.02.12 09:56:21.023,0.74386,0.7439,1.10,1.00
2015.02.12 09:56:21.074,0.74385,0.7439,1.34,1.00
2015.02.12 09:56:21.125,0.7439,0.74395,1.00,1.00
2015.02.12 09:56:21.176,0.74395,0.74399,1.00,3.52
2015.02.12 09:56:21.227,0.74394,0.74398,2.29,1.00
2015.02.12 09:56:21.531,0.74395,0.744,2.29,1.00
2015.02.12 09:56:21.785,0.74393,0.74398,2.10,1.00
2015.02.12 09:56:21.836,0.74387,0.74395,5.21,1.00
2015.02.12 09:56:22.141,0.74388,0.74392,2.10,1.10
2015.02.12 09:56:22.243,0.74388,0.74395,2.47,1.50
2015.02.12 09:56:22.497,0.74386,0.74391,1.69,1.00
2015.02.12 09:56:22.598,0.7439,0.74395,3.22,1.00
2015.02.12 09:56:22.902,0.74391,0.74397,2.29,1.00
2015.02.12 09:56:23.359,0.74392,0.744,1.25,1.00
2015.02.12 09:56:23.867,0.74391,0.74399,3.04,1.00
2015.02.12 09:56:24.374,0.74392,0.74399,1.19,1.00
2015.02.12 09:56:25.338,0.74392,0.74401,1.19,1.10
2015.02.12 09:56:25.642,0.74393,0.74401,2.29,1.17
2015.02.12 09:56:25.948,0.74393,0.74402,3.04,3.07
2015.02.12 09:56:26.798,0.74393,0.744,3.04,1.17
2015.02.12 09:56:27.305,0.74394,0.74401,1.25,1.15
2015.02.12 09:56:29.820,0.74394,0.74401,1.19,1.15
2015.02.12 09:56:30.392,0.74393,0.74399,3.04,1.00
2015.02.12 09:56:30.645,0.74395,0.74402,1.25,1.17
2015.02.12 09:56:31.152,0.74395,0.74402,1.19,1.17
2015.02.12 09:56:31.837,0.74395,0.74402,1.00,1.17
2015.02.12 09:56:33.722,0.74395,0.74403,1.25,5.32
2015.02.12 09:56:35.512,0.74394,0.74403,1.19,1.27
2015.02.12 09:56:35.564,0.74399,0.74405,2.10,3.26
2015.02.12 09:56:35.716,0.744,0.74405,2.10,1.10
2015.02.12 09:56:36.122,0.74405,0.7441,2.10,1.27
2015.02.12 09:56:36.224,0.74405,0.74411,2.10,1.27
2015.02.12 09:56:36.731,0.74403,0.74413,1.19,3.04
2015.02.12 09:56:37.238,0.74402,0.74413,3.04,3.11
2015.02.12 09:56:37.390,0.74401,0.74412,1.76,3.90
2015.02.12 09:56:37.694,0.74406,0.74414,2.10,4.91
2015.02.12 09:56:37.846,0.74404,0.74414,1.01,1.54
2015.02.12 09:56:38.252,0.74402,0.74413,1.84,2.59
2015.02.12 09:56:38.759,0.74403,0.74414,1.76,3.41
2015.02.12 09:56:38.962,0.74403,0.74414,1.76,1.56
2015.02.12 09:56:39.318,0.74406,0.74416,1.00,1.84
2015.02.12 09:56:39.978,0.74406,0.74416,1.76,1.40
2015.02.12 09:56:40.485,0.74408,0.74418,1.10,2.29
2015.02.12 09:56:40.995,0.74407,0.74418,1.84,2.14
2015.02.12 09:56:41.502,0.74407,0.74417,1.19,1.81
2015.02.12 09:56:42.049,0.74407,0.74417,1.19,2.29
2015.02.12 09:56:42.874,0.74407,0.74416,1.19,1.16
2015.02.12 09:56:43.383,0.74407,0.74416,1.00,1.50
2015.02.12 09:56:43.738,0.74409,0.74418,1.00,1.76
2015.02.12 09:56:44.042,0.74411,0.7442,1.00,1.81
2015.02.12 09:56:44.600,0.74411,0.74421,1.00,4.01
2015.02.12 09:56:45.107,0.74411,0.74422,1.00,1.89
2015.02.12 09:56:45.615,0.74411,0.74422,2.10,1.61
2015.02.12 09:56:46.122,0.74412,0.74423,1.00,1.89
2015.02.12 09:56:46.477,0.74413,0.74422,1.00,1.01
2015.02.12 09:56:46.580,0.74415,0.74426,2.10,2.16
2015.02.12 09:56:46.796,0.74415,0.74425,3.11,1.01
2015.02.12 09:56:47.305,0.74415,0.74427,3.94,3.49
2015.02.12 09:56:49.280,0.74416,0.74427,1.00,5.66
2015.02.12 09:56:49.787,0.74416,0.74427,1.07,1.99
2015.02.12 09:56:50.497,0.74417,0.74427,1.00,4.46
2015.02.12 09:56:51.105,0.74417,0.74427,1.39,1.32
2015.02.12 09:56:51.409,0.7442,0.7443,1.25,1.91
2015.02.12 09:56:51.714,0.74423,0.74431,1.00,1.26
2015.02.12 09:56:51.816,0.74423,0.74433,1.10,1.46
2015.02.12 09:56:52.323,0.74423,0.74433,1.00,3.04
2015.02.12 09:56:52.578,0.74425,0.74434,1.25,1.46
2015.02.12 09:56:52.882,0.74427,0.74435,1.10,1.25
2015.02.12 09:56:53.693,0.74425,0.74436,1.34,1.62
2015.02.12 09:56:53.947,0.74422,0.74432,3.11,1.47
2015.02.12 09:56:54.475,0.74422,0.7443,3.11,1.12
2015.02.12 09:56:54.979,0.74422,0.74432,1.54,2.29
2015.02.12 09:56:55.486,0.74422,0.74433,1.61,1.54
2015.02.12 09:56:56.446,0.74423,0.74434,2.29,8.89
2015.02.12 09:56:56.960,0.74423,0.74432,2.29,1.77
2015.02.12 09:56:57.477,0.74425,0.74434,1.20,1.66
2015.02.12 09:56:57.986,0.74425,0.74433,2.44,1.37
2015.02.12 09:56:58.493,0.74424,0.74434,2.44,1.77
2015.02.12 09:56:59.347,0.74423,0.74434,3.19,3.04
2015.02.12 09:56:59.853,0.74423,0.74433,3.19,1.95
2015.02.12 09:57:00.624,0.74423,0.74434,3.19,1.74
2015.02.12 09:57:01.131,0.74423,0.74434,3.19,1.74
2015.02.12 09:57:01.233,0.74424,0.74434,2.74,1.84
2015.02.12 09:57:01.741,0.74424,0.74435,3.04,1.54
2015.02.12 09:57:02.255,0.74424,0.74435,3.19,1.84
2015.02.12 09:57:02.769,0.74424,0.74435,1.36,1.84
2015.02.12 09:57:02.871,0.74424,0.74435,1.36,1.84
2015.02.12 09:57:03.395,0.74423,0.74435,3.19,2.89
2015.02.12 09:57:03.917,0.74424,0.74436,1.09,4.99
2015.02.12 09:57:05.235,0.74424,0.74434,1.25,1.77
2015.02.12 09:57:05.920,0.74423,0.74434,3.86,1.46
2015.02.12 09:57:06.543,0.74424,0.74433,1.19,1.20
2015.02.12 09:57:07.064,0.74426,0.74434,1.00,1.52
2015.02.12 09:57:07.807,0.74425,0.74434,1.25,1.52
2015.02.12 09:57:08.315,0.74426,0.74434,1.00,1.52
2015.02.12 09:57:08.831,0.74425,0.74434,1.19,1.77
2015.02.12 09:57:10.284,0.74425,0.74435,1.19,2.96
2015.02.12 09:57:10.690,0.74425,0.74435,1.19,1.74
2015.02.12 09:57:14.855,0.74427,0.74436,1.00,1.77
2015.02.12 09:57:15.869,0.74427,0.74437,1.00,5.59
2015.02.12 09:57:16.072,0.74429,0.74437,1.00,3.04
2015.02.12 09:57:16.175,0.74429,0.74437,1.00,1.54
2015.02.12 09:57:16.682,0.7443,0.74437,1.00,1.00
2015.02.12 09:57:16.886,0.7443,0.74439,1.00,1.46
2015.02.12 09:57:17.393,0.7443,0.74439,1.19,1.46
2015.02.12 09:57:18.988,0.74431,0.7444,1.25,1.52
2015.02.12 09:57:20.250,0.74431,0.7444,1.01,1.52
2015.02.12 09:57:20.758,0.74429,0.74439,1.26,1.95
2015.02.12 09:57:20.860,0.74428,0.74438,3.11,1.95
2015.02.12 09:57:21.824,0.74428,0.74439,3.04,1.54
2015.02.12 09:57:22.026,0.74428,0.74439,3.49,1.65
2015.02.12 09:57:22.535,0.7443,0.74438,1.25,1.47
2015.02.12 09:57:22.839,0.74429,0.74437,1.19,1.37
2015.02.12 09:57:23.348,0.74429,0.74437,1.00,1.47
2015.02.12 09:57:24.236,0.74424,0.74432,6.56,1.00
2015.02.12 09:57:24.287,0.74424,0.74432,2.62,1.57
2015.02.12 09:57:24.338,0.74421,0.74431,2.40,1.05
2015.02.12 09:57:24.491,0.74421,0.7443,1.29,1.20
2015.02.12 09:57:25.150,0.7442,0.74425,1.00,1.00
2015.02.12 09:57:25.669,0.74419,0.74428,1.69,1.47
2015.02.12 09:57:26.682,0.7442,0.74429,1.19,2.21
2015.02.12 09:57:26.784,0.74419,0.74429,1.00,2.21
2015.02.12 09:57:26.835,0.74418,0.74427,1.01,1.37
2015.02.12 09:57:27.491,0.74418,0.74427,1.25,2.02
2015.02.12 09:57:29.617,0.74416,0.74427,1.66,1.65
2015.02.12 09:57:29.921,0.74416,0.74427,1.31,1.84
2015.02.12 09:57:34.156,0.74418,0.74426,1.00,1.52
2015.02.12 09:57:34.409,0.74416,0.74425,1.25,1.55
2015.02.12 09:57:35.032,0.74416,0.74424,1.25,1.35
2015.02.12 09:57:35.489,0.74414,0.74424,1.19,3.52
2015.02.12 09:57:36.401,0.74413,0.74421,1.01,1.47
2015.02.12 09:57:36.556,0.7441,0.74418,1.29,1.00
2015.02.12 09:57:36.862,0.74407,0.74415,1.19,1.20
2015.02.12 09:57:37.166,0.74406,0.74415,1.25,1.65
2015.02.12 09:57:37.927,0.74407,0.74416,1.19,3.71
2015.02.12 09:57:38.080,0.74407,0.74416,1.19,1.16
2015.02.12 09:57:38.942,0.74407,0.74417,1.19,1.16
2015.02.12 09:57:41.207,0.74406,0.74417,1.19,3.71
2015.02.12 09:57:41.461,0.74406,0.74415,1.25,1.55
2015.02.12 09:57:41.971,0.74404,0.74415,1.76,1.55
2015.02.12 09:57:42.536,0.74404,0.74416,2.14,3.04
2015.02.12 09:57:43.587,0.74405,0.74414,1.25,3.82
2015.02.12 09:57:44.484,0.74405,0.74415,1.25,2.29
2015.02.12 09:57:45.010,0.74405,0.74415,1.25,1.61
2015.02.12 09:57:45.518,0.74405,0.74415,1.19,1.27
2015.02.12 09:57:46.294,0.74406,0.74415,1.31,1.25
2015.02.12 09:57:47.209,0.74406,0.74415,1.00,2.51
2015.02.12 09:57:47.733,0.74407,0.74415,1.00,2.51
2015.02.12 09:57:48.908,0.7441,0.74415,1.00,2.44
2015.02.12 09:57:49.016,0.7441,0.74416,1.00,4.09
2015.02.12 09:57:51.279,0.74405,0.74416,1.62,1.40
2015.02.12 09:57:52.317,0.7441,0.74417,1.00,7.01
2015.02.12 09:57:52.419,0.74407,0.74417,1.25,5.70
2015.02.12 09:57:52.622,0.74408,0.74417,1.00,3.52
2015.02.12 09:57:53.130,0.74406,0.74417,1.31,4.09
2015.02.12 09:57:53.282,0.74411,0.74418,1.00,6.64
2015.02.12 09:57:53.738,0.74405,0.74415,1.19,2.32
2015.02.12 09:57:55.893,0.74409,0.74415,1.00,5.81
2015.02.12 09:57:56.412,0.74404,0.74415,1.66,2.32
2015.02.12 09:57:57.804,0.74409,0.74415,1.00,2.25
2015.02.12 09:57:58.114,0.74404,0.74415,2.14,2.32
2015.02.12 09:57:58.925,0.74409,0.74415,1.00,2.25
2015.02.12 09:57:59.635,0.74407,0.74415,1.00,2.32
2015.02.12 09:57:59.737,0.74409,0.74415,1.00,3.37
2015.02.12 09:57:59.839,0.74407,0.74415,1.00,3.07
2015.02.12 09:58:01.992,0.74407,0.74414,1.00,1.91
2015.02.12 09:58:02.245,0.74407,0.74414,1.00,1.54
2015.02.12 09:58:02.499,0.74407,0.74414,1.00,2.59
2015.02.12 09:58:02.804,0.74409,0.74414,1.00,1.07
2015.02.12 09:58:03.124,0.74409,0.74416,1.00,3.34
2015.02.12 09:58:03.276,0.74404,0.74416,2.06,2.96
2015.02.12 09:58:03.578,0.74411,0.74417,1.00,1.44
2015.02.12 09:58:03.883,0.74411,0.74417,1.00,1.09
2015.02.12 09:58:04.138,0.74413,0.74417,1.00,1.09
2015.02.12 09:58:05.292,0.74413,0.7442,1.00,1.16
2015.02.12 09:58:06.053,0.74414,0.74421,1.00,3.52
2015.02.12 09:58:06.556,0.74415,0.74419,1.00,1.05
2015.02.12 09:58:07.800,0.74409,0.74421,1.01,2.96
2015.02.12 09:58:09.395,0.7441,0.74421,1.31,1.84
2015.02.12 09:58:09.498,0.74416,0.74422,1.00,2.81
2015.02.12 09:58:09.599,0.74417,0.74422,1.00,1.10
2015.02.12 09:58:09.904,0.74414,0.74424,1.00,4.01
2015.02.12 09:58:10.006,0.74413,0.74422,1.10,1.99
2015.02.12 09:58:10.351,0.74415,0.74422,1.00,3.64
2015.02.12 09:58:10.657,0.74412,0.74423,1.39,1.49
2015.02.12 09:58:12.129,0.74419,0.74425,1.00,1.41
2015.02.12 09:58:12.435,0.74414,0.74426,1.66,1.91
2015.02.12 09:58:12.689,0.74421,0.74426,1.00,1.61
2015.02.12 09:58:13.804,0.74415,0.74426,1.40,1.91
2015.02.12 09:58:14.321,0.74415,0.74426,1.40,4.46
2015.02.12 09:58:14.929,0.74415,0.74426,1.46,2.36
2015.02.12 09:58:17.429,0.74421,0.74426,1.00,3.71
2015.02.12 09:58:17.734,0.74422,0.74427,1.00,1.57
2015.02.12 09:58:18.042,0.74417,0.74429,2.21,2.10
2015.02.12 09:58:18.557,0.74418,0.7443,2.21,1.54
2015.02.12 09:58:19.076,0.74418,0.7443,2.14,1.46
2015.02.12 09:58:19.846,0.74424,0.7443,1.00,1.74
2015.02.12 09:58:20.917,0.74419,0.7443,1.56,1.81
2015.02.12 09:58:21.439,0.7442,0.7443,1.19,1.35
2015.02.12 09:58:21.845,0.74421,0.74431,1.00,2.10
2015.02.12 09:58:22.250,0.74423,0.74428,1.00,1.00
2015.02.12 09:58:22.352,0.74418,0.74426,1.32,1.25
2015.02.12 09:58:22.455,0.7442,0.74426,1.00,1.25
2015.02.12 09:58:22.760,0.74418,0.74425,1.00,3.64
2015.02.12 09:58:23.268,0.74418,0.74425,1.00,5.89
2015.02.12 09:58:23.825,0.74418,0.74426,1.00,7.09
2015.02.12 09:58:24.354,0.7442,0.74426,1.00,6.64
2015.02.12 09:58:24.610,0.7442,0.74426,1.00,1.16
2015.02.12 09:58:24.937,0.74415,0.74427,1.56,3.71
2015.02.12 09:58:25.140,0.74419,0.74424,1.00,1.10
2015.02.12 09:58:25.241,0.74415,0.74424,1.00,1.47
2015.02.12 09:58:25.852,0.74418,0.74424,1.00,2.59
2015.02.12 09:58:26.361,0.74411,0.74421,1.09,1.54
2015.02.12 09:58:26.463,0.74415,0.74421,1.00,1.54
2015.02.12 09:58:26.869,0.74413,0.74421,1.00,2.29
2015.02.12 09:58:26.970,0.74415,0.74421,1.00,1.91
2015.02.12 09:58:27.986,0.74416,0.7442,1.00,1.35
2015.02.12 09:58:28.492,0.7441,0.7442,1.20,1.54
2015.02.12 09:58:29.027,0.74416,0.7442,1.00,1.01
2015.02.12 09:58:30.090,0.74417,0.74422,1.00,1.84
2015.02.12 09:58:32.580,0.74412,0.74422,1.20,1.46
2015.02.12 09:58:32.784,0.74418,0.74423,1.00,1.01
2015.02.12 09:58:32.987,0.7442,0.74426,1.00,2.25
2015.02.12 09:58:34.506,0.74418,0.74427,1.00,4.65
2015.02.12 09:58:34.557,0.7442,0.74429,1.00,1.34
2015.02.12 09:58:34.812,0.74421,0.74429,1.00,1.36
2015.02.12 09:58:39.584,0.74425,0.74431,1.00,2.96
2015.02.12 09:58:40.247,0.74422,0.74431,1.00,2.29
2015.02.12 09:58:41.540,0.74422,0.74431,1.00,1.54
2015.02.12 09:58:41.743,0.74426,0.74431,1.00,1.95
2015.02.12 09:58:41.845,0.74421,0.74431,1.87,3.04
2015.02.12 09:58:42.149,0.74424,0.7443,1.00,2.32
2015.02.12 09:58:42.251,0.74427,0.74432,1.00,2.25
2015.02.12 09:58:45.760,0.74425,0.74431,1.00,1.10
2015.02.12 09:58:47.546,0.74425,0.74433,1.50,1.17
2015.02.12 09:58:48.092,0.74429,0.74435,1.00,1.46
2015.02.12 09:58:48.600,0.74425,0.74435,1.50,3.64
2015.02.12 09:58:48.802,0.74429,0.74435,1.00,1.74
2015.02.12 09:58:49.554,0.74429,0.74436,1.00,1.71
2015.02.12 09:58:49.656,0.7443,0.74436,1.00,1.84
2015.02.12 09:58:49.961,0.74426,0.74435,1.50,2.51
2015.02.12 09:58:51.029,0.74431,0.74436,1.00,1.29
2015.02.12 09:58:51.381,0.74429,0.74437,1.00,4.09
2015.02.12 09:58:51.483,0.7443,0.74437,1.37,1.65
2015.02.12 09:58:51.585,0.74432,0.74439,1.00,2.89
2015.02.12 09:58:51.687,0.74435,0.7444,1.00,1.72
2015.02.12 09:58:51.789,0.74434,0.74441,1.00,4.01
2015.02.12 09:58:52.094,0.74436,0.74442,1.00,3.04
2015.02.12 09:58:52.398,0.74434,0.74442,1.00,2.66
2015.02.12 09:58:52.602,0.74438,0.74444,1.00,1.54
2015.02.12 09:58:52.653,0.74435,0.74444,1.00,1.24
2015.02.12 09:58:52.856,0.74438,0.74445,1.00,5.21
2015.02.12 09:58:53.060,0.74436,0.74444,1.00,1.84
2015.02.12 09:58:54.022,0.74437,0.74444,1.00,1.65
2015.02.12 09:58:54.330,0.74434,0.74443,1.25,2.70
2015.02.12 09:58:54.839,0.74434,0.74442,1.00,2.21
2015.02.12 09:58:55.382,0.74434,0.74441,1.00,1.65
2015.02.12 09:58:56.471,0.74433,0.74441,1.00,1.84
2015.02.12 09:58:56.624,0.74434,0.74445,1.00,5.89
2015.02.12 09:58:56.827,0.7444,0.74445,1.00,1.26
2015.02.12 09:58:57.030,0.74434,0.74445,1.25,8.06
2015.02.12 09:58:57.335,0.7444,0.74447,1.00,1.54
2015.02.12 09:58:57.386,0.74441,0.74446,1.00,1.65
2015.02.12 09:58:58.907,0.74441,0.74447,1.00,1.91
2015.02.12 09:59:00.307,0.74439,0.74448,1.00,3.04
2015.02.12 09:59:00.511,0.74444,0.74451,1.00,3.71
2015.02.12 09:59:00.612,0.74444,0.74451,1.00,1.54
2015.02.12 09:59:01.123,0.74444,0.7445,1.00,2.59
2015.02.12 09:59:01.910,0.74444,0.7445,1.00,2.21
2015.02.12 09:59:02.733,0.74442,0.74451,1.00,5.21
2015.02.12 09:59:03.442,0.74441,0.74451,1.00,4.46
2015.02.12 09:59:04.926,0.74444,0.74451,1.00,4.46
2015.02.12 09:59:05.831,0.74441,0.74451,1.00,4.46
2015.02.12 09:59:07.064,0.74445,0.74451,1.00,4.39
2015.02.12 09:59:09.246,0.74441,0.74451,1.00,6.64
2015.02.12 09:59:10.670,0.74443,0.74452,1.00,1.46
2015.02.12 09:59:11.215,0.74446,0.74452,1.00,1.31
2015.02.12 09:59:11.934,0.74447,0.74453,1.00,4.01
2015.02.12 09:59:12.302,0.74447,0.74452,1.00,1.24
2015.02.12 09:59:12.961,0.74446,0.74453,1.00,1.17
2015.02.12 09:59:13.468,0.74446,0.74453,1.00,1.17
2015.02.12 09:59:14.928,0.74446,0.74453,1.00,1.15
2015.02.12 09:59:15.436,0.74446,0.74453,1.00,1.36
2015.02.12 09:59:15.488,0.74447,0.74453,1.00,1.36
2015.02.12 09:59:15.539,0.74446,0.74453,1.00,3.26
2015.02.12 09:59:15.844,0.74444,0.74453,1.00,3.82
2015.02.12 09:59:16.149,0.74446,0.74453,1.00,1.09
2015.02.12 09:59:16.200,0.74447,0.74453,1.00,1.69
2015.02.12 09:59:16.251,0.74447,0.74453,1.00,3.79
2015.02.12 09:59:16.860,0.74448,0.74453,1.00,2.44
2015.02.12 09:59:17.168,0.74448,0.74456,1.00,2.51
2015.02.12 09:59:17.270,0.7445,0.74456,1.00,2.32
2015.02.12 09:59:17.372,0.74445,0.74454,1.27,3.07
2015.02.12 09:59:17.577,0.74446,0.74454,1.00,3.45
2015.02.12 09:59:17.721,0.74442,0.74451,1.10,1.66
2015.02.12 09:59:18.027,0.74442,0.74448,1.00,2.32
2015.02.12 09:59:18.331,0.74438,0.74446,1.19,2.32
2015.02.12 09:59:18.839,0.74442,0.74447,1.00,4.35
2015.02.12 09:59:20.417,0.74438,0.74447,1.01,4.50
2015.02.12 09:59:20.469,0.74439,0.74449,1.37,4.39
2015.02.12 09:59:20.981,0.74439,0.74449,1.37,4.39
2015.02.12 09:59:21.496,0.74441,0.74449,1.00,4.39
2015.02.12 09:59:21.699,0.74437,0.74447,1.19,2.70
2015.02.12 09:59:22.207,0.7444,0.74445,1.00,2.21
2015.02.12 09:59:22.258,0.74436,0.74445,1.31,4.39
2015.02.12 09:59:22.676,0.7444,0.74446,1.00,2.21
2015.02.12 09:59:24.294,0.7444,0.74446,1.00,2.06
2015.02.12 09:59:24.599,0.74438,0.74445,1.00,1.62
2015.02.12 09:59:25.179,0.74439,0.74445,1.00,2.81
2015.02.12 09:59:25.230,0.74442,0.74448,1.00,4.42
2015.02.12 09:59:25.281,0.74442,0.74448,1.10,4.61
2015.02.12 09:59:25.383,0.74443,0.74448,1.17,1.31
2015.02.12 09:59:25.690,0.74442,0.74448,1.15,1.00
2015.02.12 09:59:25.741,0.74446,0.74452,1.00,2.14
2015.02.12 09:59:25.894,0.74446,0.74453,1.15,1.87
2015.02.12 09:59:26.047,0.74445,0.74453,1.00,2.81
2015.02.12 09:59:26.402,0.74445,0.74453,1.15,2.81
2015.02.12 09:59:26.950,0.74446,0.74453,1.00,2.06
2015.02.12 09:59:27.474,0.74444,0.74453,1.15,2.06
2015.02.12 09:59:27.728,0.74443,0.74452,1.25,2.06
2015.02.12 09:59:28.559,0.74442,0.74452,1.00,2.06
2015.02.12 09:59:29.066,0.74442,0.74452,1.00,3.56
2015.02.12 09:59:29.451,0.74445,0.74452,1.00,3.56
2015.02.12 09:59:29.603,0.74444,0.74454,1.00,2.21
2015.02.12 09:59:29.654,0.74447,0.74454,1.00,2.06
2015.02.12 09:59:29.858,0.74447,0.74455,1.00,2.14
2015.02.12 09:59:30.872,0.74447,0.74457,1.00,1.66
2015.02.12 09:59:31.176,0.74448,0.74459,1.00,3.26
2015.02.12 09:59:31.379,0.7445,0.7446,1.00,1.46
2015.02.12 09:59:31.684,0.74453,0.74461,1.00,1.56
2015.02.12 09:59:32.462,0.74452,0.74463,1.00,2.89
2015.02.12 09:59:32.970,0.74452,0.74461,1.00,1.56
2015.02.12 09:59:33.448,0.7445,0.74459,1.25,1.00
2015.02.12 09:59:33.973,0.7445,0.74461,1.25,4.76
2015.02.12 09:59:35.256,0.74449,0.74459,1.00,4.31
2015.02.12 09:59:35.309,0.74449,0.74457,1.00,3.45
2015.02.12 09:59:35.616,0.74448,0.74455,1.25,2.32
2015.02.12 09:59:35.920,0.74448,0.74455,1.31,2.32
2015.02.12 09:59:36.175,0.7445,0.74456,1.00,2.32
2015.02.12 09:59:36.226,0.7445,0.74459,1.00,1.39
2015.02.12 09:59:36.328,0.74449,0.74458,2.32,1.62
2015.02.12 09:59:36.430,0.74448,0.74458,1.09,1.62
2015.02.12 09:59:36.938,0.74448,0.7446,1.10,7.24
2015.02.12 09:59:37.395,0.7445,0.74459,1.00,1.46
2015.02.12 09:59:37.699,0.74452,0.7446,1.00,2.51
2015.02.12 09:59:38.105,0.7445,0.7446,1.00,2.51
2015.02.12 09:59:38.517,0.74451,0.74461,1.10,1.76
2015.02.12 09:59:39.419,0.74453,0.74463,1.00,2.36
2015.02.12 09:59:39.938,0.74453,0.74463,1.10,1.89
2015.02.12 09:59:40.708,0.74451,0.74463,1.20,1.86
2015.02.12 09:59:41.469,0.74451,0.74463,3.07,1.79
2015.02.12 09:59:42.855,0.74452,0.74463,1.07,2.96
2015.02.12 09:59:42.906,0.74451,0.74463,1.00,3.79
2015.02.12 09:59:43.434,0.74452,0.74464,1.00,5.89
2015.02.12 09:59:44.053,0.74452,0.74459,1.00,2.25
2015.02.12 09:59:44.578,0.74451,0.74459,1.00,2.32
2015.02.12 09:59:45.085,0.74452,0.74459,1.00,4.50
2015.02.12 09:59:45.447,0.74452,0.74462,1.00,4.01
2015.02.12 09:59:46.042,0.74453,0.74462,1.07,4.01
2015.02.12 09:59:46.093,0.74453,0.74465,1.15,1.09
2015.02.12 09:59:46.145,0.74458,0.74467,1.00,1.16
2015.02.12 09:59:46.247,0.74459,0.74468,1.00,1.54
2015.02.12 09:59:46.500,0.74461,0.74468,1.00,1.40
2015.02.12 09:59:46.551,0.74462,0.74472,1.00,3.52
2015.02.12 09:59:46.653,0.74463,0.74472,1.07,1.29
2015.02.12 09:59:47.161,0.74463,0.74472,1.15,1.19
2015.02.12 09:59:47.972,0.74463,0.74472,1.07,2.44
2015.02.12 09:59:48.491,0.74463,0.74472,1.00,2.51
2015.02.12 09:59:49.005,0.7446,0.7447,2.96,1.07
2015.02.12 09:59:50.874,0.74459,0.74468,1.32,1.00
2015.02.12 09:59:51.129,0.74456,0.74466,1.80,1.00
2015.02.12 09:59:51.637,0.74456,0.7447,2.40,2.32
2015.02.12 09:59:51.687,0.74456,0.74468,2.32,2.32
2015.02.12 09:59:52.584,0.74457,0.74466,1.15,2.32
2015.02.12 09:59:53.123,0.74456,0.74466,1.17,2.32
2015.02.12 09:59:53.647,0.74455,0.74468,1.27,2.32
2015.02.12 09:59:54.307,0.74455,0.74463,1.87,2.25
2015.02.12 09:59:54.561,0.7445,0.74461,1.20,2.32
2015.02.12 09:59:54.664,0.7445,0.7446,1.10,5.25
2015.02.12 09:59:54.715,0.74449,0.74456,1.10,2.25
2015.02.12 09:59:55.223,0.74448,0.74455,1.10,2.32
2015.02.12 09:59:55.528,0.7445,0.74457,1.12,2.17
2015.02.12 09:59:55.732,0.74451,0.74461,1.20,2.32
2015.02.12 09:59:55.835,0.7445,0.74464,2.62,4.50
2015.02.12 09:59:55.937,0.74453,0.74466,1.10,2.32
2015.02.12 09:59:56.190,0.74452,0.74464,1.65,2.32
2015.02.12 09:59:56.698,0.7445,0.74462,1.87,2.32
2015.02.12 09:59:56.851,0.7445,0.74462,1.17,2.32
2015.02.12 09:59:57.105,0.74448,0.7446,1.87,2.32
2015.02.12 09:59:57.156,0.74447,0.7446,1.95,4.50
2015.02.12 09:59:57.309,0.74447,0.74454,1.95,2.17
2015.02.12 09:59:57.613,0.74444,0.74452,2.17,2.32
2015.02.12 09:59:58.121,0.74445,0.74451,1.50,2.25
2015.02.12 09:59:58.733,0.74444,0.7445,1.05,2.25
2015.02.12 09:59:58.938,0.74443,0.74457,1.12,2.32
2015.02.12 09:59:59.040,0.74443,0.74457,1.50,2.32
2015.02.12 09:59:59.244,0.74441,0.74453,1.20,2.32
