2017.11.21 21:00:00.121,0.88708,0.88715,0.37,0.37
2017.11.21 21:00:00.319,0.88708,0.88713,0.37,1.50
2017.11.21 21:00:00.676,0.88708,0.88715,1.12,3.00
2017.11.21 21:00:01.218,0.88707,0.88711,1.12,0.37
2017.11.21 21:00:01.270,0.88706,0.88712,1.31,0.56
2017.11.21 21:00:01.949,0.88704,0.88712,0.94,0.37
2017.11.21 21:00:02.499,0.88705,0.88712,0.75,3.00
2017.11.21 21:00:02.826,0.88703,0.88712,1.31,3.19
2017.11.21 21:00:02.928,0.88705,0.88712,0.75,0.94
2017.11.21 21:00:03.755,0.88705,0.88711,0.94,0.37
2017.11.21 21:00:04.373,0.88704,0.88711,1.50,0.37
2017.11.21 21:00:04.885,0.88705,0.88711,0.75,0.75
2017.11.21 21:00:05.242,0.88703,0.88711,0.75,1.50
2017.11.21 21:00:05.778,0.88704,0.88711,0.75,0.75
2017.11.21 21:00:06.287,0.88703,0.88712,0.94,0.56
2017.11.21 21:00:07.445,0.88703,0.88711,0.75,0.75
2017.11.21 21:00:08.114,0.88702,0.88711,1.91,0.75
2017.11.21 21:00:09.065,0.88702,0.8871,0.75,1.50
2017.11.21 21:00:09.903,0.88702,0.88709,1.50,2.06
2017.11.21 21:00:10.289,0.88699,0.88707,1.31,0.75
2017.11.21 21:00:10.884,0.88699,0.88708,0.94,1.50
2017.11.21 21:00:11.352,0.88699,0.88706,0.94,0.37
2017.11.21 21:00:13.508,0.88697,0.88705,1.31,2.06
2017.11.21 21:00:14.312,0.88697,0.88704,0.75,0.19
2017.11.21 21:00:15.456,0.88697,0.88705,0.75,1.50
2017.11.21 21:00:15.968,0.88698,0.88705,1.69,0.37
2017.11.21 21:00:16.478,0.88699,0.88705,0.75,0.37
2017.11.21 21:00:17.172,0.88698,0.88705,0.75,0.37
2017.11.21 21:00:18.012,0.88698,0.88706,0.94,0.37
2017.11.21 21:00:18.523,0.88699,0.88705,0.75,1.50
2017.11.21 21:00:18.780,0.88697,0.88703,1.50,1.87
2017.11.21 21:00:19.296,0.88698,0.88703,0.75,1.87
2017.11.21 21:00:19.765,0.88696,0.88703,1.12,1.87
2017.11.21 21:00:19.816,0.88694,0.88703,0.94,3.00
2017.11.21 21:00:20.430,0.88693,0.88703,2.06,3.38
2017.11.21 21:00:20.821,0.88693,0.88701,1.12,0.37
2017.11.21 21:00:22.049,0.88693,0.887,0.75,0.56
2017.11.21 21:00:22.431,0.88691,0.88699,2.44,1.69
2017.11.21 21:00:23.881,0.88692,0.88699,0.75,2.25
2017.11.21 21:00:24.399,0.88693,0.88699,0.75,1.87
2017.11.21 21:00:25.436,0.88693,0.88698,0.75,0.37
2017.11.21 21:00:26.394,0.88693,0.88699,0.75,1.87
2017.11.21 21:00:26.986,0.88693,0.88698,0.75,0.19
2017.11.21 21:00:27.582,0.88693,0.88699,0.75,2.25
2017.11.21 21:00:28.507,0.88692,0.88697,0.75,0.37
2017.11.21 21:00:28.662,0.88689,0.88696,0.19,1.87
2017.11.21 21:00:29.190,0.88688,0.88697,0.75,0.56
2017.11.21 21:00:29.394,0.88689,0.88699,0.56,2.62
2017.11.21 21:00:31.392,0.88689,0.88698,0.75,0.37
2017.11.21 21:00:32.404,0.8869,0.88698,0.19,0.37
2017.11.21 21:00:32.945,0.88689,0.88698,0.37,0.37
2017.11.21 21:00:34.245,0.8869,0.88698,0.37,0.37
2017.11.21 21:00:35.369,0.88689,0.88697,0.75,0.37
2017.11.21 21:00:36.039,0.8869,0.88697,0.19,0.37
2017.11.21 21:00:36.631,0.88689,0.88697,0.56,0.37
2017.11.21 21:00:38.962,0.88688,0.88695,1.12,0.37
2017.11.21 21:00:39.014,0.88688,0.88697,1.12,1.87
2017.11.21 21:00:39.582,0.88689,0.88697,0.19,3.00
2017.11.21 21:00:40.111,0.88689,0.88696,0.37,0.37
2017.11.21 21:00:40.661,0.88688,0.88696,1.12,0.37
2017.11.21 21:00:42.184,0.88689,0.88696,0.37,1.87
2017.11.21 21:00:42.794,0.88688,0.88696,1.12,1.87
2017.11.21 21:00:44.222,0.88689,0.88696,0.37,1.87
2017.11.21 21:00:45.239,0.88688,0.88696,1.12,1.87
2017.11.21 21:00:48.090,0.88689,0.88697,0.19,1.69
2017.11.21 21:00:48.142,0.88691,0.88697,1.50,0.19
2017.11.21 21:00:48.194,0.8869,0.887,0.19,2.44
2017.11.21 21:00:48.398,0.88694,0.887,0.19,0.19
2017.11.21 21:00:48.449,0.88693,0.88702,0.19,1.12
2017.11.21 21:00:48.969,0.88692,0.88702,0.37,0.37
2017.11.21 21:00:49.328,0.88694,0.88702,0.37,0.19
2017.11.21 21:00:49.951,0.88693,0.88703,0.37,2.06
2017.11.21 21:00:52.300,0.88694,0.88703,0.37,2.48
2017.11.21 21:00:53.694,0.88694,0.88704,0.94,0.19
2017.11.21 21:00:54.746,0.88695,0.88704,0.19,0.19
2017.11.21 21:00:55.377,0.88695,0.88705,0.19,1.88
2017.11.21 21:00:55.895,0.88696,0.88705,0.19,0.19
2017.11.21 21:00:56.873,0.88697,0.88705,0.37,0.56
2017.11.21 21:00:57.412,0.88696,0.88705,0.75,0.56
2017.11.21 21:00:57.532,0.88694,0.88705,1.12,0.75
2017.11.21 21:00:58.040,0.88695,0.88704,0.37,1.69
2017.11.21 21:00:58.744,0.88695,0.88703,0.37,0.37
2017.11.21 21:01:00.378,0.88693,0.887,0.19,0.19
2017.11.21 21:01:00.429,0.88692,0.88702,1.69,3.38
2017.11.21 21:01:01.136,0.88692,0.88701,2.63,0.94
2017.11.21 21:01:02.522,0.88692,0.88702,1.50,3.75
2017.11.21 21:01:03.087,0.88694,0.88702,0.94,0.56
2017.11.21 21:01:03.778,0.88695,0.88702,0.37,0.19
2017.11.21 21:01:04.283,0.88694,0.88702,0.19,0.19
2017.11.21 21:01:11.082,0.88696,0.88704,0.19,0.38
2017.11.21 21:01:11.649,0.88695,0.88705,0.19,0.56
2017.11.21 21:01:11.977,0.88697,0.88705,2.25,0.37
2017.11.21 21:01:12.291,0.88699,0.88706,0.19,0.56
2017.11.21 21:01:12.792,0.88699,0.88708,0.75,0.37
2017.11.21 21:01:13.295,0.887,0.88708,0.19,0.37
2017.11.21 21:01:13.496,0.88697,0.88704,1.12,0.37
2017.11.21 21:01:19.189,0.88696,0.88703,0.75,1.50
2017.11.21 21:01:19.240,0.88694,0.88702,0.75,0.75
2017.11.21 21:01:19.750,0.88693,0.88701,1.12,1.87
2017.11.21 21:01:25.328,0.88693,0.88703,0.19,1.69
2017.11.21 21:01:25.483,0.88695,0.88703,0.19,0.37
2017.11.21 21:01:26.082,0.88694,0.88704,1.50,0.19
2017.11.21 21:01:26.609,0.88696,0.88705,0.19,1.69
2017.11.21 21:01:27.165,0.88695,0.88705,1.12,0.19
2017.11.21 21:01:27.905,0.88696,0.88705,0.19,0.19
2017.11.21 21:01:28.442,0.88695,0.88705,1.50,0.19
2017.11.21 21:01:28.775,0.88695,0.88703,0.37,0.19
2017.11.21 21:01:29.873,0.88695,0.88704,0.37,0.56
2017.11.21 21:01:30.438,0.88694,0.88704,0.56,0.19
2017.11.21 21:01:30.788,0.88694,0.88702,0.37,1.69
2017.11.21 21:01:31.043,0.88694,0.88704,0.56,2.44
2017.11.21 21:01:31.667,0.88695,0.88703,0.37,0.19
2017.11.21 21:01:31.963,0.88693,0.88704,1.69,3.19
2017.11.21 21:01:32.268,0.88697,0.88703,0.75,1.12
2017.11.21 21:01:32.526,0.88695,0.88702,1.69,0.19
2017.11.21 21:01:32.823,0.88693,0.88702,2.06,0.94
2017.11.21 21:01:33.878,0.88694,0.88702,0.37,1.31
2017.11.21 21:01:35.906,0.88693,0.88702,0.75,1.31
2017.11.21 21:01:37.115,0.88694,0.88702,0.75,1.31
2017.11.21 21:01:37.678,0.88694,0.887,0.75,0.75
2017.11.21 21:01:38.189,0.88693,0.887,0.75,0.75
2017.11.21 21:01:40.082,0.88693,0.88698,0.56,0.75
2017.11.21 21:01:43.963,0.88694,0.88699,0.75,0.75
2017.11.21 21:01:44.066,0.88695,0.88701,0.37,0.75
2017.11.21 21:01:44.374,0.88695,0.88699,0.37,0.75
2017.11.21 21:01:44.425,0.88693,0.88699,0.37,0.75
2017.11.21 21:01:46.156,0.88692,0.88699,0.19,0.75
2017.11.21 21:01:48.513,0.88691,0.88698,0.75,0.75
2017.11.21 21:01:48.566,0.88689,0.88697,0.37,1.50
2017.11.21 21:01:49.077,0.88689,0.88696,0.37,0.75
2017.11.21 21:01:49.841,0.8869,0.88696,0.38,0.75
2017.11.21 21:01:49.892,0.8869,0.88698,0.56,1.12
2017.11.21 21:01:50.468,0.88689,0.88698,1.31,1.12
2017.11.21 21:01:53.045,0.88692,0.88698,0.75,0.75
2017.11.21 21:01:53.355,0.88698,0.88705,0.37,1.12
2017.11.21 21:01:53.407,0.88696,0.88705,0.19,0.75
2017.11.21 21:01:53.458,0.88696,0.88702,0.19,0.75
2017.11.21 21:01:54.006,0.88695,0.88702,0.37,0.75
2017.11.21 21:01:56.279,0.88693,0.88701,0.56,0.75
2017.11.21 21:01:56.331,0.88693,0.88699,0.19,0.75
2017.11.21 21:01:56.858,0.88692,0.887,0.19,0.75
2017.11.21 21:01:57.662,0.88693,0.887,0.19,0.75
2017.11.21 21:01:58.201,0.88692,0.887,0.19,0.75
2017.11.21 21:01:58.721,0.88691,0.887,0.75,0.75
2017.11.21 21:01:59.450,0.88692,0.887,0.19,0.75
2017.11.21 21:01:59.862,0.88694,0.88701,0.19,0.75
2017.11.21 21:02:00.005,0.88694,0.88703,2.44,0.75
2017.11.21 21:02:00.414,0.88694,0.88701,0.37,0.75
2017.11.21 21:02:00.669,0.88692,0.887,0.37,0.75
2017.11.21 21:02:01.273,0.88691,0.887,0.37,0.75
2017.11.21 21:02:01.849,0.8869,0.887,0.75,0.75
2017.11.21 21:02:03.955,0.88691,0.887,0.19,1.12
2017.11.21 21:02:04.151,0.88693,0.88701,0.19,0.75
2017.11.21 21:02:07.406,0.88692,0.88701,1.31,0.75
2017.11.21 21:02:07.918,0.88691,0.88701,0.56,0.75
2017.11.21 21:02:08.466,0.88691,0.887,0.56,0.75
2017.11.21 21:02:09.299,0.88693,0.88702,0.19,0.19
2017.11.21 21:02:09.607,0.88693,0.887,0.19,0.75
2017.11.21 21:02:10.348,0.88692,0.887,1.12,0.75
2017.11.21 21:02:11.017,0.88693,0.887,1.12,0.75
2017.11.21 21:02:12.447,0.88694,0.887,0.19,0.75
2017.11.21 21:02:12.998,0.88693,0.887,0.94,0.75
2017.11.21 21:02:14.818,0.88694,0.887,0.19,0.75
2017.11.21 21:02:16.857,0.88696,0.887,1.12,0.75
2017.11.21 21:02:16.908,0.88696,0.88702,0.75,1.12
2017.11.21 21:02:17.112,0.88697,0.88704,0.94,0.75
2017.11.21 21:02:17.215,0.88699,0.88704,0.37,0.75
2017.11.21 21:02:17.693,0.88697,0.88704,1.50,0.75
2017.11.21 21:02:17.846,0.88694,0.88703,0.37,4.69
2017.11.21 21:02:17.898,0.88693,0.88701,0.37,0.75
2017.11.21 21:02:23.062,0.88696,0.88701,0.19,0.75
2017.11.21 21:02:23.215,0.88694,0.88701,0.75,0.75
2017.11.21 21:02:23.425,0.88694,0.88699,0.56,0.75
2017.11.21 21:02:23.738,0.88692,0.88699,2.25,0.75
2017.11.21 21:02:25.690,0.88693,0.88699,0.94,0.75
2017.11.21 21:02:27.746,0.88694,0.88699,0.19,0.75
2017.11.21 21:02:28.247,0.88693,0.88699,0.37,0.75
2017.11.21 21:02:29.924,0.88694,0.88699,0.56,0.75
2017.11.21 21:02:30.077,0.88694,0.88701,0.19,0.75
2017.11.21 21:02:30.447,0.88696,0.88701,0.19,0.75
2017.11.21 21:02:30.499,0.88696,0.88704,0.19,0.75
2017.11.21 21:02:30.953,0.88694,0.88704,1.69,0.75
2017.11.21 21:02:31.005,0.88694,0.88702,0.94,0.75
2017.11.21 21:02:31.537,0.88693,0.88702,1.50,0.75
2017.11.21 21:02:33.879,0.88694,0.88702,0.19,0.75
2017.11.21 21:02:35.158,0.88692,0.88701,1.69,1.87
2017.11.21 21:02:35.810,0.88692,0.887,1.31,0.75
2017.11.21 21:02:36.355,0.88693,0.887,0.94,0.75
2017.11.21 21:02:37.685,0.88692,0.88698,0.75,0.37
2017.11.21 21:02:37.891,0.88688,0.88695,0.37,0.75
2017.11.21 21:02:40.305,0.88687,0.88695,1.87,0.75
2017.11.21 21:02:41.865,0.88688,0.88695,0.19,0.75
2017.11.21 21:02:42.676,0.88687,0.88695,0.75,0.75
2017.11.21 21:02:44.987,0.88688,0.88695,0.19,0.75
2017.11.21 21:02:48.973,0.88687,0.88695,2.06,0.75
2017.11.21 21:02:49.497,0.88688,0.88695,0.37,0.75
2017.11.21 21:02:52.316,0.88689,0.88695,0.19,0.75
2017.11.21 21:02:53.019,0.88688,0.88695,0.56,0.75
2017.11.21 21:02:53.555,0.88687,0.88694,2.25,0.75
2017.11.21 21:02:56.248,0.88688,0.88694,0.19,0.75
2017.11.21 21:02:58.906,0.88688,0.88696,0.19,0.75
2017.11.21 21:02:59.446,0.88689,0.88696,0.37,0.75
2017.11.21 21:03:00.418,0.88688,0.88696,1.69,0.75
2017.11.21 21:03:01.331,0.88689,0.88696,0.37,0.75
2017.11.21 21:03:01.688,0.88687,0.88695,1.31,0.75
2017.11.21 21:03:05.135,0.88686,0.88695,2.44,0.75
2017.11.21 21:03:05.668,0.88687,0.88695,0.75,0.75
2017.11.21 21:03:07.956,0.88686,0.88695,3.19,0.75
2017.11.21 21:03:08.307,0.88688,0.88695,0.75,0.75
2017.11.21 21:03:08.919,0.88687,0.88695,0.75,0.75
2017.11.21 21:03:09.581,0.88688,0.88695,0.37,0.75
2017.11.21 21:03:12.134,0.88687,0.88695,1.12,0.75
2017.11.21 21:03:13.988,0.88686,0.88695,2.44,0.75
2017.11.21 21:03:14.558,0.88687,0.88695,0.75,0.75
2017.11.21 21:03:15.061,0.88686,0.88695,2.44,0.75
2017.11.21 21:03:15.879,0.88687,0.88695,0.19,0.75
2017.11.21 21:03:17.076,0.88688,0.88695,0.37,0.75
2017.11.21 21:03:25.140,0.88687,0.88695,1.50,0.75
2017.11.21 21:03:26.040,0.88686,0.88695,2.81,1.50
2017.11.21 21:03:28.025,0.88687,0.88695,1.50,0.75
2017.11.21 21:03:29.024,0.88686,0.88695,2.81,0.75
2017.11.21 21:03:30.151,0.88687,0.88695,0.75,2.25
2017.11.21 21:03:30.737,0.88686,0.88695,2.81,2.25
2017.11.21 21:03:31.535,0.88688,0.88696,0.75,0.37
2017.11.21 21:03:32.068,0.88689,0.88697,0.75,1.69
2017.11.21 21:03:32.434,0.88687,0.88697,1.50,1.69
2017.11.21 21:03:32.793,0.88686,0.88694,0.94,1.50
2017.11.21 21:03:32.948,0.88683,0.88692,0.75,0.75
2017.11.21 21:03:33.050,0.88683,0.8869,0.19,0.75
2017.11.21 21:03:33.560,0.88682,0.8869,0.94,0.75
2017.11.21 21:03:35.575,0.88681,0.8869,0.19,0.75
2017.11.21 21:03:39.734,0.88682,0.8869,0.19,0.75
2017.11.21 21:03:40.311,0.88681,0.8869,0.75,0.75
2017.11.21 21:03:45.420,0.88682,0.8869,0.19,0.75
2017.11.21 21:03:45.942,0.88681,0.8869,0.37,0.75
2017.11.21 21:03:46.528,0.88682,0.8869,0.19,0.75
2017.11.21 21:03:47.084,0.88681,0.8869,0.37,0.75
2017.11.21 21:03:48.528,0.88682,0.8869,0.37,0.75
2017.11.21 21:03:49.515,0.88681,0.8869,0.75,0.75
2017.11.21 21:03:50.062,0.8868,0.8869,0.56,3.00
2017.11.21 21:03:50.749,0.8868,0.88689,0.37,0.19
2017.11.21 21:03:50.800,0.88678,0.88689,1.50,0.19
2017.11.21 21:03:51.503,0.88678,0.88688,0.56,0.37
2017.11.21 21:03:52.305,0.88678,0.88689,0.56,0.19
2017.11.21 21:03:53.797,0.88678,0.88688,2.44,0.75
2017.11.21 21:03:56.440,0.88679,0.88688,0.38,0.75
2017.11.21 21:03:56.957,0.8868,0.88688,0.38,1.12
2017.11.21 21:03:57.465,0.88679,0.88688,0.75,1.12
2017.11.21 21:04:00.745,0.88682,0.88688,0.94,0.75
2017.11.21 21:04:00.798,0.88682,0.8869,0.94,1.12
2017.11.21 21:04:01.314,0.88681,0.8869,1.31,0.75
2017.11.21 21:04:01.973,0.88682,0.8869,1.13,0.75
2017.11.21 21:04:03.136,0.88681,0.8869,1.31,0.75
2017.11.21 21:04:03.664,0.88682,0.8869,1.13,1.00
2017.11.21 21:04:04.417,0.88681,0.8869,1.31,1.00
2017.11.21 21:04:05.004,0.88681,0.8869,2.06,1.00
2017.11.21 21:04:08.760,0.88681,0.8869,2.81,1.00
2017.11.21 21:04:09.763,0.88681,0.8869,3.19,1.00
2017.11.21 21:04:10.775,0.88682,0.8869,1.88,1.00
2017.11.21 21:04:14.780,0.88682,0.8869,1.00,1.00
2017.11.21 21:04:15.857,0.88682,0.8869,1.50,1.00
2017.11.21 21:04:16.435,0.88682,0.8869,1.00,1.00
2017.11.21 21:04:17.099,0.88682,0.8869,1.50,1.00
2017.11.21 21:04:17.809,0.88682,0.8869,3.38,1.00
2017.11.21 21:04:18.446,0.88682,0.88691,3.38,1.00
2017.11.21 21:04:18.979,0.88682,0.88692,4.69,1.25
2017.11.21 21:04:19.082,0.88682,0.88695,1.69,3.56
2017.11.21 21:04:19.597,0.88682,0.88693,3.38,1.00
2017.11.21 21:04:20.148,0.88682,0.88693,1.44,1.00
2017.11.21 21:04:20.251,0.88681,0.88691,1.31,1.00
2017.11.21 21:04:20.558,0.88679,0.88689,1.69,1.25
2017.11.21 21:04:21.012,0.88682,0.8869,1.37,1.00
2017.11.21 21:04:21.267,0.88683,0.88693,1.25,1.00
2017.11.21 21:04:22.233,0.88683,0.88693,2.44,1.00
2017.11.21 21:04:22.753,0.88683,0.88693,1.25,1.00
2017.11.21 21:04:24.153,0.88683,0.88693,2.63,1.00
2017.11.21 21:04:25.148,0.88683,0.88693,1.69,1.00
2017.11.21 21:04:26.156,0.88683,0.88693,1.31,1.00
2017.11.21 21:04:28.170,0.88683,0.88693,3.00,1.00
2017.11.21 21:04:29.646,0.88683,0.88693,2.44,1.00
2017.11.21 21:04:30.205,0.88683,0.88693,1.69,1.00
2017.11.21 21:04:30.773,0.88683,0.88693,2.06,1.00
2017.11.21 21:04:31.324,0.88683,0.88693,3.19,1.00
2017.11.21 21:04:31.833,0.88681,0.88693,1.69,2.25
2017.11.21 21:04:34.289,0.88683,0.88694,2.06,1.31
2017.11.21 21:04:34.432,0.88683,0.88694,1.69,1.31
2017.11.21 21:04:34.666,0.88683,0.88694,3.56,1.31
2017.11.21 21:04:35.207,0.88683,0.88694,2.06,1.31
2017.11.21 21:04:35.817,0.88683,0.88694,2.25,1.31
2017.11.21 21:04:37.142,0.88682,0.88691,2.44,1.00
2017.11.21 21:04:37.679,0.88681,0.88691,1.69,1.00
2017.11.21 21:04:41.553,0.88681,0.8869,1.19,1.00
2017.11.21 21:04:43.345,0.88682,0.8869,1.31,1.00
2017.11.21 21:04:43.852,0.88681,0.8869,3.19,1.00
2017.11.21 21:04:52.606,0.88682,0.88689,1.00,1.00
2017.11.21 21:04:52.658,0.88677,0.88689,5.25,1.00
2017.11.21 21:04:52.761,0.88678,0.88689,1.00,1.25
2017.11.21 21:04:53.946,0.88678,0.88689,1.81,1.12
2017.11.21 21:04:54.650,0.88678,0.88689,1.00,1.25
2017.11.21 21:05:00.148,0.88678,0.88689,2.25,1.69
2017.11.21 21:05:00.765,0.88678,0.88689,1.88,2.06
2017.11.21 21:05:01.561,0.88678,0.88689,2.25,1.12
2017.11.21 21:05:02.145,0.88678,0.88689,1.31,1.25
2017.11.21 21:05:02.694,0.88679,0.88689,1.13,1.44
2017.11.21 21:05:03.199,0.88677,0.88687,4.13,1.00
2017.11.21 21:05:03.250,0.88677,0.88687,1.12,3.37
2017.11.21 21:05:03.301,0.88674,0.88684,1.50,1.00
2017.11.21 21:05:03.352,0.88672,0.88682,3.00,1.00
2017.11.21 21:05:03.404,0.88671,0.8868,3.19,1.00
2017.11.21 21:05:03.916,0.88671,0.88682,1.44,2.81
2017.11.21 21:05:03.967,0.8867,0.88681,3.19,1.25
2017.11.21 21:05:04.325,0.8867,0.88679,1.25,1.00
2017.11.21 21:05:04.847,0.88671,0.88679,1.25,1.00
2017.11.21 21:05:05.393,0.88671,0.88679,1.37,1.00
2017.11.21 21:05:05.989,0.8867,0.88679,3.19,1.00
2017.11.21 21:05:07.064,0.8867,0.88681,3.00,1.25
2017.11.21 21:05:07.619,0.88671,0.88681,1.50,1.31
2017.11.21 21:05:08.598,0.88672,0.88681,1.44,1.31
2017.11.21 21:05:08.755,0.88672,0.88683,3.19,1.25
2017.11.21 21:05:09.113,0.88672,0.88683,3.00,1.25
2017.11.21 21:05:09.268,0.88671,0.88682,1.69,1.19
2017.11.21 21:05:09.905,0.88671,0.88682,3.94,1.19
2017.11.21 21:05:10.452,0.88671,0.88682,1.31,1.19
2017.11.21 21:05:13.355,0.88671,0.88682,3.19,1.34
2017.11.21 21:05:15.326,0.88672,0.88682,1.25,1.19
2017.11.21 21:05:15.581,0.88671,0.88683,3.94,1.31
2017.11.21 21:05:16.091,0.88672,0.88682,1.69,1.00
2017.11.21 21:05:16.628,0.88673,0.88682,1.69,1.00
2017.11.21 21:05:17.156,0.88673,0.88682,1.69,1.00
2017.11.21 21:05:19.539,0.88673,0.88682,2.81,1.00
2017.11.21 21:05:20.081,0.88673,0.88682,2.06,1.00
2017.11.21 21:05:20.592,0.88671,0.88682,2.06,1.25
2017.11.21 21:05:21.517,0.88671,0.88682,1.31,3.75
2017.11.21 21:05:22.057,0.8867,0.88682,3.38,2.81
2017.11.21 21:05:23.587,0.88671,0.88682,1.31,3.19
2017.11.21 21:05:26.533,0.88671,0.88682,1.19,3.19
2017.11.21 21:05:27.545,0.88671,0.88682,1.88,4.12
2017.11.21 21:05:28.514,0.88671,0.88682,1.19,3.19
2017.11.21 21:05:29.546,0.88671,0.88682,2.63,4.12
2017.11.21 21:05:29.652,0.88671,0.88682,1.00,3.19
2017.11.21 21:05:30.704,0.88671,0.88682,2.63,4.12
2017.11.21 21:05:31.303,0.88671,0.88682,1.69,3.19
2017.11.21 21:05:31.547,0.88671,0.88682,2.81,3.56
2017.11.21 21:05:31.740,0.88671,0.88682,1.12,2.81
2017.11.21 21:05:32.284,0.8867,0.88682,4.31,2.81
2017.11.21 21:05:33.493,0.88671,0.88682,2.06,3.37
2017.11.21 21:05:34.016,0.8867,0.88682,4.69,1.31
2017.11.21 21:05:34.223,0.88672,0.88682,1.37,1.25
2017.11.21 21:05:34.764,0.88671,0.88682,4.31,1.25
2017.11.21 21:05:35.314,0.88672,0.88684,3.00,2.81
2017.11.21 21:05:36.544,0.88672,0.88684,3.75,3.00
2017.11.21 21:05:37.134,0.88672,0.88684,3.00,1.69
2017.11.21 21:05:40.259,0.88673,0.88684,2.44,2.44
2017.11.21 21:05:40.879,0.88673,0.88684,1.31,2.25
2017.11.21 21:05:41.395,0.88673,0.88684,2.44,3.00
2017.11.21 21:05:42.221,0.88673,0.88684,1.31,2.25
2017.11.21 21:05:42.879,0.88674,0.88684,1.00,2.25
2017.11.21 21:05:46.230,0.88673,0.88684,2.44,3.19
2017.11.21 21:05:47.194,0.88673,0.88684,1.50,2.06
2017.11.21 21:05:52.407,0.88673,0.88684,1.25,4.12
2017.11.21 21:05:52.918,0.88672,0.88682,1.12,1.00
2017.11.21 21:05:53.443,0.88672,0.88682,1.63,1.00
2017.11.21 21:05:53.973,0.88672,0.88682,1.13,1.00
2017.11.21 21:05:54.915,0.88672,0.88682,2.06,1.00
2017.11.21 21:05:55.422,0.88672,0.88682,1.50,1.00
2017.11.21 21:05:56.620,0.88672,0.88682,2.25,1.00
2017.11.21 21:05:57.645,0.88672,0.88682,1.50,1.00
2017.11.21 21:05:59.210,0.88672,0.88682,2.25,1.12
2017.11.21 21:05:59.715,0.88672,0.88682,2.25,1.12
2017.11.21 21:06:00.126,0.88673,0.88684,2.25,1.25
2017.11.21 21:06:00.920,0.88672,0.88683,1.31,1.00
2017.11.21 21:06:00.971,0.88672,0.88683,1.19,1.25
2017.11.21 21:06:01.382,0.8867,0.88682,3.37,1.31
2017.11.21 21:06:01.434,0.88669,0.88677,2.06,1.12
2017.11.21 21:06:01.486,0.88667,0.88678,3.94,1.31
2017.11.21 21:06:01.782,0.88668,0.88678,3.38,1.00
2017.11.21 21:06:01.988,0.88669,0.8868,3.38,1.25
2017.11.21 21:06:03.210,0.88669,0.8868,5.81,1.00
2017.11.21 21:06:03.364,0.88669,0.88679,2.06,1.50
2017.11.21 21:06:03.809,0.88669,0.8868,6.19,1.00
2017.11.21 21:06:04.086,0.88669,0.8868,3.37,1.00
2017.11.21 21:06:04.650,0.8867,0.8868,1.50,1.00
2017.11.21 21:06:05.229,0.88668,0.88678,3.75,1.00
2017.11.21 21:06:05.487,0.88668,0.88679,1.87,2.06
2017.11.21 21:06:05.619,0.88669,0.88677,1.25,1.00
2017.11.21 21:06:05.824,0.88668,0.88679,2.06,2.81
2017.11.21 21:06:06.352,0.88668,0.88679,3.75,2.62
2017.11.21 21:06:06.896,0.88669,0.88679,1.19,2.62
2017.11.21 21:06:07.579,0.88668,0.88679,4.12,2.25
2017.11.21 21:06:08.217,0.88669,0.88679,1.19,2.25
2017.11.21 21:06:08.763,0.88668,0.88679,3.75,1.00
2017.11.21 21:06:08.815,0.88669,0.88679,1.19,1.00
2017.11.21 21:06:11.336,0.88669,0.88679,1.44,1.69
2017.11.21 21:06:12.129,0.88669,0.88679,1.31,1.69
2017.11.21 21:06:12.561,0.88669,0.8868,2.06,1.50
2017.11.21 21:06:13.143,0.88669,0.8868,1.87,1.31
2017.11.21 21:06:16.380,0.88669,0.8868,2.44,2.25
2017.11.21 21:06:17.196,0.88669,0.8868,2.81,2.06
2017.11.21 21:06:19.375,0.88669,0.8868,2.62,3.19
2017.11.21 21:06:21.448,0.88669,0.8868,2.06,3.37
2017.11.21 21:06:22.247,0.88669,0.8868,1.87,3.19
2017.11.21 21:06:22.770,0.88669,0.8868,1.87,3.94
2017.11.21 21:06:23.406,0.88669,0.88678,1.87,1.12
2017.11.21 21:06:23.922,0.88669,0.88678,1.50,1.12
2017.11.21 21:06:24.500,0.88669,0.88679,1.69,1.31
2017.11.21 21:06:25.364,0.88669,0.88679,2.25,1.50
2017.11.21 21:06:25.952,0.88669,0.88679,2.06,1.62
2017.11.21 21:06:26.484,0.88669,0.88679,2.06,1.31
2017.11.21 21:06:27.914,0.88669,0.8868,1.87,3.56
2017.11.21 21:06:28.444,0.88669,0.8868,2.25,4.13
2017.11.21 21:06:29.175,0.88669,0.8868,2.06,3.94
2017.11.21 21:06:30.598,0.88669,0.88679,2.25,1.37
2017.11.21 21:06:33.952,0.88669,0.88679,2.06,1.37
2017.11.21 21:06:34.458,0.88669,0.88679,2.25,1.37
2017.11.21 21:06:34.652,0.88669,0.88679,1.87,1.37
2017.11.21 21:06:34.994,0.88669,0.88679,2.25,1.37
2017.11.21 21:06:35.780,0.88669,0.88679,2.06,1.37
2017.11.21 21:06:36.350,0.88669,0.88679,2.44,1.37
2017.11.21 21:06:36.870,0.88669,0.88679,2.06,1.37
2017.11.21 21:06:37.984,0.88669,0.88679,2.25,1.37
2017.11.21 21:06:38.677,0.88669,0.88679,2.06,1.37
2017.11.21 21:06:39.350,0.88669,0.88679,1.87,1.00
2017.11.21 21:06:40.035,0.88669,0.8868,2.25,2.25
2017.11.21 21:06:40.821,0.88669,0.8868,2.06,2.06
2017.11.21 21:06:41.481,0.88669,0.88679,1.50,1.37
2017.11.21 21:06:41.851,0.88668,0.88676,3.56,1.00
2017.11.21 21:06:43.345,0.88667,0.88676,2.06,1.00
2017.11.21 21:06:45.172,0.88668,0.88676,1.00,1.12
2017.11.21 21:06:45.813,0.88667,0.88676,2.25,1.12
2017.11.21 21:06:47.683,0.88667,0.88675,1.31,1.50
2017.11.21 21:06:54.779,0.88668,0.88675,1.00,1.00
2017.11.21 21:06:55.458,0.88667,0.88675,1.31,1.00
2017.11.21 21:06:57.066,0.88669,0.88675,1.00,1.00
2017.11.21 21:06:57.168,0.88667,0.88675,1.69,1.00
2017.11.21 21:06:58.945,0.88667,0.88675,1.50,1.00
2017.11.21 21:07:02.441,0.88667,0.88675,2.63,1.00
2017.11.21 21:07:20.275,0.88667,0.88675,1.31,1.00
2017.11.21 21:07:23.695,0.88667,0.88675,1.31,1.00
2017.11.21 21:07:24.179,0.88667,0.88675,2.81,1.12
2017.11.21 21:07:25.542,0.88668,0.88677,2.06,1.00
2017.11.21 21:07:25.644,0.88668,0.88679,2.44,1.31
2017.11.21 21:07:26.223,0.88669,0.88679,1.69,1.50
2017.11.21 21:07:27.481,0.88669,0.88679,1.12,1.31
2017.11.21 21:07:28.368,0.8867,0.88679,1.19,1.00
2017.11.21 21:07:28.881,0.8867,0.88679,1.13,1.00
2017.11.21 21:07:29.393,0.8867,0.88679,1.31,1.00
2017.11.21 21:07:30.484,0.8867,0.88679,1.87,1.00
2017.11.21 21:07:31.808,0.8867,0.88679,1.87,1.00
2017.11.21 21:07:33.089,0.8867,0.88679,2.62,1.00
2017.11.21 21:07:33.875,0.88671,0.88679,1.00,1.00
2017.11.21 21:07:34.486,0.8867,0.88679,1.31,1.00
2017.11.21 21:07:36.223,0.88671,0.88679,1.12,1.00
2017.11.21 21:07:37.422,0.8867,0.88679,2.81,1.00
2017.11.21 21:07:37.973,0.8867,0.88679,2.06,1.00
2017.11.21 21:07:43.214,0.8867,0.88679,2.00,1.00
2017.11.21 21:07:43.571,0.88669,0.8868,2.06,1.25
2017.11.21 21:07:44.176,0.88669,0.8868,1.87,1.87
2017.11.21 21:07:45.085,0.88669,0.8868,1.50,1.31
2017.11.21 21:07:45.598,0.88669,0.8868,1.12,1.87
2017.11.21 21:07:45.650,0.88669,0.8868,1.50,1.87
2017.11.21 21:07:45.751,0.88669,0.8868,1.12,1.25
2017.11.21 21:07:46.080,0.88669,0.8868,2.63,1.25
2017.11.21 21:07:46.588,0.88669,0.8868,2.81,1.25
2017.11.21 21:07:47.653,0.8867,0.8868,1.69,1.25
2017.11.21 21:07:48.301,0.8867,0.8868,1.31,1.25
2017.11.21 21:07:48.607,0.88668,0.88678,7.88,1.00
2017.11.21 21:07:48.912,0.88668,0.88676,2.25,1.00
2017.11.21 21:07:49.111,0.88669,0.88678,1.19,1.00
2017.11.21 21:07:53.573,0.88668,0.88678,2.06,1.00
2017.11.21 21:07:55.174,0.88667,0.88676,1.31,2.06
2017.11.21 21:07:55.431,0.88661,0.88672,1.31,6.56
2017.11.21 21:07:55.482,0.88658,0.88668,1.31,2.62
2017.11.21 21:07:55.534,0.88656,0.88666,1.31,1.50
2017.11.21 21:07:55.637,0.88656,0.88667,2.25,1.25
2017.11.21 21:07:56.002,0.88657,0.88669,1.81,2.06
2017.11.21 21:07:58.099,0.88656,0.88662,1.31,1.12
2017.11.21 21:07:58.151,0.88652,0.88662,2.62,1.50
2017.11.21 21:07:58.611,0.88652,0.88664,1.87,3.56
2017.11.21 21:07:59.142,0.88652,0.88663,1.44,1.00
2017.11.21 21:07:59.697,0.88651,0.88664,2.44,2.44
2017.11.21 21:07:59.953,0.8865,0.88662,1.19,1.00
2017.11.21 21:08:00.261,0.88651,0.88665,3.26,1.69
2017.11.21 21:08:00.570,0.88654,0.88665,1.07,1.85
2017.11.21 21:08:01.121,0.88652,0.88665,1.95,2.44
2017.11.21 21:08:01.533,0.88655,0.88665,1.89,1.00
2017.11.21 21:08:02.102,0.88654,0.88668,1.95,4.48
2017.11.21 21:08:07.163,0.88655,0.88669,2.32,4.50
2017.11.21 21:08:09.499,0.88656,0.88668,1.20,3.00
2017.11.21 21:08:09.901,0.88655,0.88668,3.07,1.69
2017.11.21 21:08:12.387,0.88657,0.8867,1.76,3.19
2017.11.21 21:08:12.489,0.8866,0.88672,1.01,2.44
2017.11.21 21:08:12.643,0.88663,0.88675,1.70,1.69
2017.11.21 21:08:13.174,0.88666,0.88678,1.20,2.81
2017.11.21 21:08:17.350,0.88666,0.88678,1.01,2.25
2017.11.21 21:08:17.852,0.88666,0.88678,1.64,1.25
2017.11.21 21:08:19.085,0.88667,0.8868,1.07,2.81
2017.11.21 21:08:19.239,0.88669,0.88681,1.01,1.19
2017.11.21 21:08:19.648,0.88669,0.88682,2.14,1.63
2017.11.21 21:08:20.161,0.8867,0.88682,2.32,1.37
2017.11.21 21:08:20.755,0.8867,0.88682,1.45,1.19
2017.11.21 21:08:23.940,0.88671,0.88683,1.76,1.00
2017.11.21 21:08:24.921,0.88671,0.88683,1.39,3.00
2017.11.21 21:08:25.024,0.88671,0.88683,1.32,3.00
2017.11.21 21:08:25.843,0.88671,0.88682,1.20,1.50
2017.11.21 21:08:26.384,0.88671,0.88683,1.01,1.88
2017.11.21 21:08:26.891,0.88671,0.88683,1.01,1.88
2017.11.21 21:08:27.929,0.88671,0.88683,1.45,1.50
2017.11.21 21:08:29.604,0.88671,0.88683,1.89,1.50
2017.11.21 21:08:29.864,0.88671,0.88683,1.20,1.50
2017.11.21 21:08:30.036,0.88671,0.88684,4.95,1.00
2017.11.21 21:08:30.438,0.88674,0.88686,1.70,1.44
2017.11.21 21:08:33.925,0.88675,0.88687,1.20,1.31
2017.11.21 21:08:34.440,0.88674,0.88686,1.01,2.81
2017.11.21 21:08:36.517,0.88673,0.88686,1.07,3.19
2017.11.21 21:08:37.412,0.88673,0.88686,1.29,4.31
2017.11.21 21:08:38.059,0.88673,0.88686,1.10,3.19
2017.11.21 21:08:40.286,0.88673,0.88686,1.07,3.56
2017.11.21 21:08:41.353,0.88673,0.88685,1.76,1.56
2017.11.21 21:08:41.859,0.88673,0.88684,1.76,1.00
2017.11.21 21:08:43.298,0.88674,0.88685,1.25,2.00
2017.11.21 21:08:44.102,0.88674,0.88685,1.39,2.44
2017.11.21 21:08:44.407,0.88674,0.88685,1.20,1.13
2017.11.21 21:08:44.998,0.88674,0.88685,1.39,1.31
2017.11.21 21:08:45.666,0.88674,0.88685,1.57,1.13
2017.11.21 21:08:46.261,0.88674,0.88685,2.63,1.13
2017.11.21 21:08:46.773,0.88674,0.88686,1.87,4.31
2017.11.21 21:08:47.373,0.88674,0.88685,1.69,1.25
2017.11.21 21:08:47.900,0.88674,0.88685,2.14,1.25
2017.11.21 21:08:50.225,0.88674,0.88687,1.76,3.75
2017.11.21 21:08:50.590,0.88674,0.88687,2.14,1.13
2017.11.21 21:08:51.097,0.88674,0.88687,1.76,1.31
2017.11.21 21:08:51.700,0.88674,0.88687,1.76,1.69
2017.11.21 21:08:53.553,0.88674,0.88687,2.14,1.69
2017.11.21 21:08:54.616,0.88674,0.88687,1.76,1.69
2017.11.21 21:08:55.552,0.88674,0.88687,2.14,2.06
2017.11.21 21:08:58.565,0.88674,0.88686,1.87,1.63
2017.11.21 21:09:00.379,0.88675,0.88686,3.56,1.88
2017.11.21 21:09:00.935,0.88675,0.88686,1.50,1.62
2017.11.21 21:09:01.604,0.88676,0.88686,1.00,1.12
2017.11.21 21:09:04.392,0.88677,0.88688,4.50,2.70
2017.11.21 21:09:04.527,0.88678,0.8869,2.00,1.13
2017.11.21 21:09:05.036,0.88678,0.88691,2.44,1.31
2017.11.21 21:09:07.614,0.88679,0.88691,2.62,1.50
2017.11.21 21:09:08.200,0.88679,0.88691,1.69,2.81
2017.11.21 21:09:10.227,0.88677,0.88688,3.19,1.50
2017.11.21 21:09:10.279,0.88675,0.88687,3.00,2.06
2017.11.21 21:09:10.383,0.88677,0.88689,1.37,2.70
2017.11.21 21:09:10.931,0.88675,0.88685,1.87,1.25
2017.11.21 21:09:29.286,0.88675,0.88685,1.76,1.12
2017.11.21 21:09:32.934,0.88675,0.88685,1.66,2.44
2017.11.21 21:09:37.108,0.88675,0.88684,1.76,1.00
2017.11.21 21:09:37.329,0.88675,0.88686,1.32,2.81
2017.11.21 21:09:37.508,0.88675,0.88684,1.32,1.00
2017.11.21 21:09:38.971,0.88674,0.88684,1.57,1.00
2017.11.21 21:09:42.924,0.88675,0.88685,1.01,1.00
2017.11.21 21:09:44.916,0.88675,0.88685,1.01,1.00
2017.11.21 21:09:45.551,0.88675,0.88685,1.76,1.25
2017.11.21 21:09:46.084,0.88675,0.88685,1.32,1.00
2017.11.21 21:09:48.080,0.88675,0.88687,1.95,1.25
2017.11.21 21:09:48.595,0.88677,0.88686,1.39,1.00
2017.11.21 21:09:50.157,0.88677,0.88689,3.08,2.06
2017.11.21 21:09:50.684,0.88678,0.88689,1.01,1.62
2017.11.21 21:09:51.361,0.88678,0.88689,1.20,1.31
2017.11.21 21:09:51.412,0.88678,0.88689,1.20,1.31
2017.11.21 21:09:58.352,0.88681,0.8869,1.00,3.19
2017.11.21 21:10:02.754,0.88681,0.88691,2.06,1.25
2017.11.21 21:10:06.819,0.88682,0.88693,2.14,1.00
2017.11.21 21:10:07.789,0.88682,0.88693,2.51,1.00
2017.11.21 21:10:09.795,0.88682,0.88693,3.26,1.12
2017.11.21 21:10:12.821,0.88683,0.88693,1.62,1.00
2017.11.21 21:10:23.828,0.88683,0.88693,2.81,1.12
2017.11.21 21:10:24.680,0.88683,0.88693,1.01,1.50
2017.11.21 21:10:25.239,0.88683,0.88693,1.50,1.25
2017.11.21 21:10:28.319,0.88683,0.88693,2.44,1.12
2017.11.21 21:10:29.233,0.88683,0.88693,1.31,1.12
2017.11.21 21:10:31.342,0.88682,0.88693,3.26,1.31
2017.11.21 21:10:32.102,0.88682,0.88693,2.14,1.31
2017.11.21 21:10:33.252,0.88682,0.88693,2.14,1.62
2017.11.21 21:10:42.332,0.88682,0.88693,2.14,1.50
2017.11.21 21:10:43.304,0.88682,0.88693,1.39,2.62
2017.11.21 21:10:44.332,0.88682,0.88693,1.76,2.62
2017.11.21 21:10:46.597,0.88682,0.88693,2.14,2.62
2017.11.21 21:10:49.264,0.88682,0.88693,1.76,2.06
2017.11.21 21:10:50.059,0.88682,0.88693,1.95,1.50
2017.11.21 21:10:57.453,0.88682,0.88693,1.01,2.06
2017.11.21 21:11:00.591,0.88682,0.88693,1.39,1.69
2017.11.21 21:11:10.317,0.88682,0.88692,1.76,1.25
2017.11.21 21:11:26.604,0.88682,0.88694,1.20,3.56
2017.11.21 21:11:29.585,0.88682,0.88691,1.39,1.00
2017.11.21 21:11:31.018,0.88681,0.88692,2.14,2.63
2017.11.21 21:11:35.032,0.88681,0.88691,1.58,1.12
2017.11.21 21:11:36.719,0.88682,0.88692,1.47,1.50
2017.11.21 21:11:37.232,0.88682,0.88693,1.01,1.88
2017.11.21 21:11:37.781,0.88681,0.88693,3.64,2.25
2017.11.21 21:11:38.727,0.88681,0.88693,2.89,2.25
2017.11.21 21:11:40.246,0.88682,0.88692,1.29,1.25
2017.11.21 21:11:40.788,0.88681,0.88693,4.39,2.81
2017.11.21 21:11:43.790,0.88682,0.88693,1.01,2.81
2017.11.21 21:11:44.792,0.88682,0.88692,1.01,1.00
2017.11.21 21:11:45.623,0.88681,0.88692,1.01,1.69
2017.11.21 21:11:45.725,0.8868,0.88693,1.70,4.50
2017.11.21 21:11:51.539,0.88682,0.88692,1.95,1.31
2017.11.21 21:11:52.051,0.88683,0.88693,1.20,1.25
2017.11.21 21:11:53.303,0.88683,0.88693,1.39,1.63
2017.11.21 21:11:53.857,0.88683,0.88693,1.20,1.69
2017.11.21 21:11:54.380,0.88683,0.88693,1.39,1.69
2017.11.21 21:11:54.962,0.88683,0.88693,1.29,1.69
2017.11.21 21:11:57.297,0.88683,0.88693,1.39,1.69
2017.11.21 21:11:57.805,0.88683,0.88693,1.10,2.63
2017.11.21 21:11:58.731,0.88683,0.88693,1.58,3.00
2017.11.21 21:11:59.404,0.88683,0.88693,1.58,1.88
2017.11.21 21:11:59.924,0.88683,0.88693,1.39,2.25
2017.11.21 21:12:00.854,0.88683,0.88693,1.58,1.69
2017.11.21 21:12:01.468,0.88683,0.88693,1.58,1.69
2017.11.21 21:12:01.990,0.88683,0.88693,1.39,2.25
2017.11.21 21:12:02.517,0.88681,0.88692,1.39,1.69
2017.11.21 21:12:02.823,0.8868,0.8869,1.10,1.38
2017.11.21 21:12:03.372,0.88679,0.8869,2.33,1.13
2017.11.21 21:12:07.371,0.88679,0.8869,2.51,1.00
2017.11.21 21:12:08.631,0.88679,0.8869,2.51,1.63
2017.11.21 21:12:09.150,0.88679,0.8869,1.76,1.13
2017.11.21 21:12:09.719,0.88679,0.8869,2.51,1.38
2017.11.21 21:12:12.295,0.8868,0.8869,1.01,1.31
2017.11.21 21:12:13.732,0.8868,0.8869,1.10,1.38
2017.11.21 21:12:14.487,0.88679,0.8869,3.64,1.25
2017.11.21 21:12:21.432,0.8868,0.8869,1.39,1.19
2017.11.21 21:12:21.983,0.8868,0.8869,2.14,1.25
2017.11.21 21:12:22.493,0.8868,0.8869,1.76,1.00
2017.11.21 21:12:23.494,0.8868,0.8869,2.14,1.13
2017.11.21 21:12:24.460,0.8868,0.8869,1.39,1.00
2017.11.21 21:12:26.453,0.8868,0.8869,2.14,1.00
2017.11.21 21:12:34.482,0.88681,0.8869,1.10,1.50
2017.11.21 21:12:35.525,0.8868,0.8869,3.26,1.50
2017.11.21 21:12:37.571,0.88681,0.8869,1.10,1.31
2017.11.21 21:12:43.531,0.88681,0.8869,1.47,1.69
2017.11.21 21:12:44.560,0.88681,0.8869,1.10,1.12
2017.11.21 21:12:46.534,0.8868,0.8869,3.26,1.50
2017.11.21 21:12:49.593,0.88681,0.8869,1.10,1.12
2017.11.21 21:12:52.579,0.8868,0.8869,3.08,1.12
2017.11.21 21:12:53.560,0.8868,0.8869,2.33,1.00
2017.11.21 21:13:08.620,0.88679,0.88689,2.14,2.44
2017.11.21 21:13:08.671,0.88678,0.88688,1.26,1.50
2017.11.21 21:13:09.183,0.88679,0.88689,2.51,1.31
2017.11.21 21:13:09.752,0.88678,0.88687,3.83,1.00
2017.11.21 21:13:14.014,0.88678,0.88687,2.81,1.00
2017.11.21 21:13:16.996,0.88678,0.88687,2.89,1.00
2017.11.21 21:13:22.693,0.88678,0.88688,1.76,1.31
2017.11.21 21:13:28.463,0.88679,0.88688,1.47,1.12
2017.11.21 21:13:29.161,0.88678,0.88687,1.39,3.75
2017.11.21 21:13:29.368,0.88676,0.88686,1.01,1.19
2017.11.21 21:13:29.675,0.88673,0.88683,2.14,6.00
2017.11.21 21:13:29.727,0.8867,0.8868,1.01,1.00
2017.11.21 21:13:29.779,0.88669,0.88679,1.01,1.00
2017.11.21 21:13:30.283,0.88668,0.8868,4.57,1.00
2017.11.21 21:13:30.694,0.88668,0.88679,1.76,1.69
2017.11.21 21:13:31.223,0.88668,0.88679,1.01,2.81
2017.11.21 21:13:31.534,0.88668,0.88679,1.01,2.81
2017.11.21 21:13:34.663,0.88667,0.88678,3.26,1.63
2017.11.21 21:13:35.204,0.88667,0.88679,1.89,1.69
2017.11.21 21:13:44.752,0.88668,0.88677,3.26,1.00
2017.11.21 21:13:47.762,0.88667,0.88677,5.89,1.00
2017.11.21 21:13:49.762,0.88668,0.88678,2.51,1.50
2017.11.21 21:13:55.315,0.88668,0.88678,1.76,2.81
2017.11.21 21:13:55.841,0.88667,0.88678,6.45,2.81
2017.11.21 21:14:03.780,0.88668,0.88678,1.29,1.31
2017.11.21 21:14:04.290,0.88669,0.8868,1.32,3.94
2017.11.21 21:14:04.970,0.88669,0.8868,1.39,3.94
2017.11.21 21:14:06.153,0.88669,0.8868,3.26,3.37
2017.11.21 21:14:08.172,0.88669,0.8868,3.26,3.75
2017.11.21 21:14:09.028,0.88669,0.88679,1.70,1.19
2017.11.21 21:14:09.567,0.88669,0.88679,3.26,1.50
2017.11.21 21:14:11.447,0.88669,0.88679,1.10,1.69
2017.11.21 21:14:11.979,0.88668,0.88678,2.89,1.00
2017.11.21 21:14:13.462,0.88668,0.88678,3.64,1.44
2017.11.21 21:14:13.974,0.88668,0.88678,2.89,1.25
2017.11.21 21:14:15.400,0.88667,0.88678,3.82,1.50
2017.11.21 21:14:15.910,0.88668,0.88678,1.32,1.50
2017.11.21 21:14:17.574,0.88667,0.88678,2.70,1.50
2017.11.21 21:14:18.172,0.88667,0.88678,2.14,1.50
2017.11.21 21:14:18.883,0.88668,0.88677,1.32,1.00
2017.11.21 21:14:20.473,0.88668,0.88677,1.32,1.37
2017.11.21 21:14:23.522,0.88668,0.88678,1.01,3.19
2017.11.21 21:14:30.549,0.88668,0.88678,1.70,4.13
2017.11.21 21:14:32.636,0.88668,0.88677,1.01,1.00
2017.11.21 21:14:42.832,0.88668,0.88678,1.70,2.63
2017.11.21 21:14:44.844,0.88668,0.88678,1.01,2.44
2017.11.21 21:14:49.427,0.88668,0.88678,1.76,1.69
2017.11.21 21:14:49.581,0.8867,0.8868,1.10,1.31
2017.11.21 21:14:49.684,0.8867,0.88681,1.76,3.19
2017.11.21 21:14:50.344,0.8867,0.88681,2.14,1.12
2017.11.21 21:14:53.835,0.8867,0.8868,1.76,1.00
2017.11.21 21:14:54.142,0.88673,0.88681,1.20,1.00
2017.11.21 21:14:55.128,0.88673,0.88682,1.07,1.00
2017.11.21 21:14:55.959,0.88673,0.88682,1.10,1.00
2017.11.21 21:15:00.095,0.88673,0.88682,1.57,1.12
2017.11.21 21:15:00.743,0.88673,0.88682,1.10,1.00
2017.11.21 21:15:02.551,0.88671,0.88682,2.89,1.00
2017.11.21 21:15:03.300,0.88672,0.88682,1.07,1.25
2017.11.21 21:15:06.403,0.88672,0.88682,1.32,1.44
2017.11.21 21:15:06.931,0.88672,0.88682,1.32,1.00
2017.11.21 21:15:07.310,0.88671,0.88679,1.01,1.00
2017.11.21 21:15:07.918,0.88671,0.88679,1.01,1.00
2017.11.21 21:15:09.126,0.8867,0.88679,1.87,1.00
2017.11.21 21:15:12.016,0.8867,0.88679,2.14,1.00
2017.11.21 21:15:12.738,0.8867,0.88679,2.51,1.00
2017.11.21 21:15:21.209,0.8867,0.88679,1.01,1.12
2017.11.21 21:15:35.541,0.88669,0.88679,1.76,2.06
2017.11.21 21:15:37.541,0.88668,0.88679,2.06,2.06
2017.11.21 21:15:40.274,0.88668,0.88679,2.06,2.06
2017.11.21 21:15:42.542,0.88669,0.88679,1.50,2.06
2017.11.21 21:15:43.537,0.88668,0.88679,2.63,2.06
2017.11.21 21:15:45.205,0.88669,0.88679,1.00,2.25
2017.11.21 21:15:45.736,0.88668,0.88679,3.94,2.81
2017.11.21 21:15:46.551,0.88669,0.88679,1.19,2.81
2017.11.21 21:15:47.603,0.88668,0.88679,3.38,2.44
2017.11.21 21:15:48.553,0.88668,0.88679,4.13,2.44
2017.11.21 21:15:52.588,0.88669,0.88679,2.06,2.25
2017.11.21 21:15:53.071,0.88668,0.88679,1.88,1.69
2017.11.21 21:15:56.086,0.88668,0.88679,2.63,1.31
2017.11.21 21:15:56.644,0.88668,0.88679,2.44,1.12
2017.11.21 21:15:58.676,0.88668,0.88679,2.25,1.25
2017.11.21 21:15:59.337,0.88668,0.88679,1.87,1.69
2017.11.21 21:15:59.946,0.88668,0.88679,2.25,2.25
2017.11.21 21:16:00.471,0.88668,0.88679,1.87,1.87
2017.11.21 21:16:00.974,0.88668,0.88679,2.25,1.87
2017.11.21 21:16:01.597,0.88668,0.88679,4.13,2.25
2017.11.21 21:16:06.400,0.88668,0.88679,2.25,2.06
2017.11.21 21:16:13.401,0.88668,0.88678,1.87,1.00
2017.11.21 21:16:21.265,0.88668,0.88678,2.25,1.00
2017.11.21 21:16:22.088,0.88669,0.88679,1.00,1.12
2017.11.21 21:16:22.747,0.88668,0.88679,2.63,1.25
2017.11.21 21:16:23.342,0.88669,0.88679,1.00,1.25
2017.11.21 21:16:24.334,0.88668,0.88679,2.81,1.12
2017.11.21 21:16:25.504,0.88668,0.88679,4.31,1.50
2017.11.21 21:16:26.531,0.88668,0.88679,2.81,1.87
2017.11.21 21:16:29.613,0.88668,0.88679,3.38,1.87
2017.11.21 21:16:30.244,0.88668,0.88679,3.38,1.69
2017.11.21 21:16:31.003,0.88669,0.88679,1.00,1.25
2017.11.21 21:16:31.541,0.88668,0.88679,2.63,1.25
2017.11.21 21:16:31.745,0.88668,0.88679,2.63,1.25
2017.11.21 21:16:32.331,0.88669,0.88679,1.25,1.25
2017.11.21 21:16:35.878,0.88669,0.8868,1.25,1.25
2017.11.21 21:16:36.601,0.88668,0.8868,3.00,1.44
2017.11.21 21:16:37.329,0.88668,0.8868,3.00,1.31
2017.11.21 21:16:37.833,0.88669,0.8868,1.00,1.31
2017.11.21 21:16:40.130,0.88668,0.8868,3.00,2.06
2017.11.21 21:16:41.204,0.88668,0.8868,3.38,2.63
2017.11.21 21:16:43.046,0.88671,0.88679,1.00,1.25
2017.11.21 21:16:43.820,0.8867,0.88679,2.06,1.25
2017.11.21 21:16:45.307,0.88672,0.88679,1.69,1.00
2017.11.21 21:16:45.822,0.88672,0.8868,1.31,1.00
2017.11.21 21:16:46.940,0.88673,0.8868,1.00,1.00
2017.11.21 21:16:49.005,0.88677,0.88684,1.50,1.19
2017.11.21 21:16:49.058,0.88677,0.88684,1.50,1.00
2017.11.21 21:16:49.564,0.88676,0.88684,1.31,1.00
2017.11.21 21:16:50.110,0.88675,0.88684,1.25,1.00
2017.11.21 21:16:54.119,0.88674,0.88684,2.06,1.00
2017.11.21 21:16:56.081,0.88674,0.88684,1.56,1.00
2017.11.21 21:17:02.467,0.88673,0.88684,2.06,1.25
2017.11.21 21:17:03.100,0.88674,0.88684,1.00,1.25
2017.11.21 21:17:03.642,0.88673,0.88684,3.00,1.25
2017.11.21 21:17:04.595,0.88673,0.88684,3.75,1.31
2017.11.21 21:17:05.362,0.88675,0.88684,1.25,1.00
2017.11.21 21:17:08.039,0.88672,0.88682,1.95,1.00
2017.11.21 21:17:08.194,0.8867,0.8868,1.50,1.50
2017.11.21 21:17:08.552,0.88668,0.8868,4.31,3.19
2017.11.21 21:17:09.025,0.88669,0.8868,1.00,1.69
2017.11.21 21:17:09.372,0.8867,0.8868,1.19,1.25
2017.11.21 21:17:10.012,0.88669,0.88679,2.06,1.00
2017.11.21 21:17:10.320,0.88668,0.88677,3.19,1.00
2017.11.21 21:17:11.124,0.88668,0.88677,1.00,1.00
2017.11.21 21:17:22.197,0.88667,0.88677,3.56,1.00
2017.11.21 21:17:22.983,0.88668,0.88678,1.38,1.25
2017.11.21 21:17:23.596,0.88668,0.88678,1.69,1.00
2017.11.21 21:17:24.199,0.88668,0.88678,1.69,1.00
2017.11.21 21:17:24.962,0.88668,0.88678,1.69,1.00
2017.11.21 21:17:25.624,0.88668,0.88678,1.69,1.00
2017.11.21 21:17:41.244,0.88669,0.88678,1.19,1.00
2017.11.21 21:17:55.183,0.88668,0.8868,1.69,2.25
2017.11.21 21:17:55.760,0.88668,0.8868,1.69,2.25
2017.11.21 21:17:56.274,0.88668,0.8868,2.25,3.37
2017.11.21 21:17:59.220,0.88668,0.8868,1.69,2.25
2017.11.21 21:18:10.244,0.88669,0.88679,1.19,1.50
2017.11.21 21:18:10.878,0.88669,0.88679,1.25,1.31
2017.11.21 21:18:25.292,0.88668,0.88679,3.94,1.31
2017.11.21 21:18:34.003,0.88668,0.88679,2.81,2.06
2017.11.21 21:18:34.982,0.88668,0.88679,2.44,2.06
2017.11.21 21:18:40.287,0.88668,0.88679,2.44,1.87
2017.11.21 21:18:52.856,0.88669,0.88679,1.13,1.19
2017.11.21 21:18:53.379,0.88669,0.88679,2.25,1.00
2017.11.21 21:18:53.929,0.88669,0.88679,1.25,1.31
2017.11.21 21:18:54.936,0.8867,0.88679,1.00,1.31
2017.11.21 21:18:55.455,0.88668,0.88679,2.44,1.50
2017.11.21 21:18:56.769,0.88669,0.88679,1.25,1.69
2017.11.21 21:18:58.557,0.88668,0.88679,2.81,2.25
2017.11.21 21:19:02.712,0.88669,0.88679,1.00,2.63
2017.11.21 21:19:03.319,0.88668,0.88679,3.00,2.44
2017.11.21 21:19:06.100,0.88668,0.88679,2.44,1.50
2017.11.21 21:19:20.566,0.88669,0.8868,3.38,1.69
2017.11.21 21:19:22.555,0.88669,0.88679,2.63,1.25
2017.11.21 21:19:37.229,0.8867,0.88679,1.50,1.00
2017.11.21 21:19:55.347,0.8867,0.88681,2.06,2.63
2017.11.21 21:19:56.234,0.8867,0.8868,2.25,1.13
2017.11.21 21:19:59.370,0.8867,0.8868,3.38,1.13
2017.11.21 21:20:00.971,0.8867,0.88682,3.00,3.37
2017.11.21 21:20:01.818,0.88669,0.8868,2.81,1.31
2017.11.21 21:20:02.124,0.8867,0.8868,1.20,1.31
2017.11.21 21:20:02.977,0.88671,0.8868,1.07,1.00
2017.11.21 21:20:06.192,0.88671,0.88682,1.76,1.25
2017.11.21 21:20:12.480,0.88671,0.88682,4.01,1.25
2017.11.21 21:20:13.233,0.88671,0.88682,2.70,1.25
2017.11.21 21:20:15.156,0.88671,0.88682,1.31,1.25
2017.11.21 21:20:15.864,0.88671,0.88682,2.25,1.31
2017.11.21 21:20:18.184,0.88671,0.88682,3.00,1.31
2017.11.21 21:20:36.257,0.88671,0.88682,2.06,1.12
2017.11.21 21:20:38.996,0.88671,0.88682,3.56,1.12
2017.11.21 21:20:39.809,0.88671,0.88682,2.63,1.00
2017.11.21 21:20:40.310,0.88672,0.88682,1.00,1.50
2017.11.21 21:20:46.343,0.88672,0.88681,1.50,1.00
2017.11.21 21:20:47.010,0.88672,0.88681,1.50,1.00
2017.11.21 21:20:49.007,0.88672,0.88681,1.50,1.00
2017.11.21 21:20:49.527,0.88672,0.88681,1.50,1.00
2017.11.21 21:20:51.687,0.88672,0.88681,1.69,1.00
2017.11.21 21:20:52.364,0.88672,0.88681,1.69,1.00
2017.11.21 21:21:04.086,0.88672,0.88681,1.31,1.50
2017.11.21 21:21:06.058,0.88672,0.88681,1.00,1.12
2017.11.21 21:21:06.409,0.88669,0.88678,1.19,1.00
2017.11.21 21:21:06.511,0.88667,0.88677,1.19,1.00
2017.11.21 21:21:06.871,0.88665,0.88677,2.62,1.25
2017.11.21 21:21:09.175,0.88664,0.88675,1.50,1.13
2017.11.21 21:21:09.533,0.88663,0.88674,2.25,1.00
2017.11.21 21:21:10.064,0.88663,0.88673,1.00,1.00
2017.11.21 21:21:12.217,0.88662,0.88673,1.81,1.00
2017.11.21 21:21:12.875,0.88662,0.88673,1.50,1.00
2017.11.21 21:21:13.595,0.88662,0.88673,1.81,1.00
2017.11.21 21:21:14.172,0.88664,0.88675,1.13,3.56
2017.11.21 21:21:14.727,0.88664,0.88675,2.81,2.62
2017.11.21 21:21:15.100,0.88665,0.88676,1.63,2.06
2017.11.21 21:21:16.154,0.88668,0.88677,1.00,1.31
2017.11.21 21:21:16.714,0.88668,0.88677,1.00,1.00
2017.11.21 21:21:17.235,0.88669,0.88678,1.00,1.31
2017.11.21 21:21:24.250,0.88669,0.88678,1.00,1.62
2017.11.21 21:21:29.303,0.88669,0.88678,1.00,1.31
2017.11.21 21:21:38.286,0.88669,0.88678,1.00,1.37
2017.11.21 21:21:40.294,0.88669,0.88678,1.00,1.31
2017.11.21 21:21:46.371,0.88669,0.88678,1.00,1.62
2017.11.21 21:21:47.325,0.88669,0.88678,1.00,2.00
2017.11.21 21:22:02.376,0.88669,0.88678,1.00,1.62
2017.11.21 21:22:06.455,0.88665,0.88676,3.56,5.81
2017.11.21 21:22:06.560,0.88661,0.88671,1.56,1.50
2017.11.21 21:22:06.821,0.88659,0.8867,2.06,2.25
2017.11.21 21:22:07.481,0.88659,0.8867,2.25,2.44
2017.11.21 21:22:08.021,0.88659,0.8867,2.06,3.00
2017.11.21 21:22:08.526,0.88659,0.8867,1.87,2.81
2017.11.21 21:22:10.627,0.88658,0.8867,2.44,2.44
2017.11.21 21:22:11.168,0.88658,0.8867,2.44,2.81
2017.11.21 21:22:12.236,0.88658,0.8867,2.06,2.44
2017.11.21 21:22:13.149,0.88658,0.8867,2.06,3.56
2017.11.21 21:22:13.982,0.88658,0.8867,1.69,3.19
2017.11.21 21:22:15.961,0.88658,0.8867,1.69,2.63
2017.11.21 21:22:18.064,0.88658,0.8867,2.06,4.31
2017.11.21 21:22:21.144,0.8866,0.88669,1.00,1.88
2017.11.21 21:22:21.744,0.88659,0.88669,1.13,1.88
2017.11.21 21:22:23.094,0.88659,0.88669,1.13,2.63
2017.11.21 21:22:29.185,0.88658,0.88669,4.50,3.19
2017.11.21 21:22:30.066,0.88659,0.88669,1.25,3.19
2017.11.21 21:22:32.098,0.88659,0.88669,1.00,1.50
2017.11.21 21:22:33.650,0.88659,0.8867,1.25,2.81
2017.11.21 21:22:34.290,0.8866,0.88671,1.00,1.88
2017.11.21 21:22:35.856,0.8866,0.88671,1.50,1.31
2017.11.21 21:22:37.693,0.8866,0.88671,1.69,2.44
2017.11.21 21:22:39.528,0.8866,0.88671,1.69,2.44
2017.11.21 21:22:39.733,0.88662,0.88673,1.50,1.69
2017.11.21 21:22:39.889,0.88663,0.88674,2.06,2.81
2017.11.21 21:22:40.546,0.88664,0.88675,2.06,1.56
2017.11.21 21:22:41.055,0.88664,0.88675,2.81,1.19
2017.11.21 21:22:41.994,0.88665,0.88676,1.31,1.31
2017.11.21 21:22:42.866,0.88669,0.88676,1.50,1.00
2017.11.21 21:22:42.917,0.88669,0.88678,1.25,1.00
2017.11.21 21:22:43.173,0.88671,0.88683,3.75,1.69
2017.11.21 21:22:43.686,0.88676,0.88686,1.31,1.31
2017.11.21 21:22:43.738,0.88678,0.88688,1.00,1.87
2017.11.21 21:22:44.618,0.88679,0.88689,1.00,1.13
2017.11.21 21:22:46.240,0.88678,0.88689,1.00,1.62
2017.11.21 21:22:48.483,0.88679,0.8869,1.00,1.13
2017.11.21 21:22:48.998,0.88679,0.88691,1.50,3.38
2017.11.21 21:22:49.165,0.8868,0.88691,1.00,2.63
2017.11.21 21:22:53.054,0.88681,0.88692,1.00,1.37
2017.11.21 21:22:54.377,0.88681,0.88693,1.87,2.62
2017.11.21 21:22:55.200,0.88681,0.88694,2.25,2.33
2017.11.21 21:22:58.287,0.88682,0.88694,1.00,1.95
2017.11.21 21:22:58.819,0.88681,0.88694,1.25,1.13
2017.11.21 21:23:00.213,0.88681,0.88693,1.62,1.19
2017.11.21 21:23:01.171,0.88681,0.88693,1.31,1.19
2017.11.21 21:23:08.435,0.88681,0.88692,1.00,2.06
2017.11.21 21:23:13.055,0.88681,0.88693,1.19,1.88
2017.11.21 21:23:13.629,0.88681,0.88693,1.00,1.88
2017.11.21 21:23:19.294,0.88681,0.88692,1.31,1.50
2017.11.21 21:23:21.372,0.88681,0.88693,1.25,1.75
2017.11.21 21:23:22.875,0.8868,0.88692,3.94,1.50
2017.11.21 21:23:23.466,0.88681,0.88692,1.00,1.88
2017.11.21 21:23:24.322,0.88678,0.8869,1.95,1.00
2017.11.21 21:23:24.373,0.88678,0.8869,1.20,4.13
2017.11.21 21:23:24.578,0.88676,0.88689,3.94,2.63
2017.11.21 21:23:29.464,0.88676,0.88688,1.50,3.00
2017.11.21 21:23:30.450,0.88676,0.88687,2.06,3.00
2017.11.21 21:23:31.459,0.88676,0.88687,1.12,1.88
2017.11.21 21:23:32.150,0.88675,0.88688,3.00,2.44
2017.11.21 21:23:33.037,0.88675,0.88687,1.50,2.06
2017.11.21 21:23:33.190,0.88674,0.88686,3.56,1.88
2017.11.21 21:23:33.851,0.88674,0.88686,3.37,1.88
2017.11.21 21:23:34.460,0.88674,0.88686,3.00,1.50
2017.11.21 21:23:36.077,0.88674,0.88686,3.37,1.69
2017.11.21 21:23:39.081,0.88674,0.88686,3.37,1.50
2017.11.21 21:23:39.828,0.88674,0.88686,3.37,1.69
2017.11.21 21:23:40.399,0.88674,0.88686,4.50,2.06
2017.11.21 21:23:40.918,0.88674,0.88684,3.56,1.12
2017.11.21 21:23:42.114,0.88674,0.88684,2.06,1.50
2017.11.21 21:23:44.856,0.88674,0.88684,1.69,1.00
2017.11.21 21:23:48.877,0.88673,0.88684,2.44,1.31
2017.11.21 21:23:50.125,0.88673,0.88684,2.62,1.50
2017.11.21 21:23:50.908,0.88673,0.88684,2.81,1.31
2017.11.21 21:23:51.304,0.88671,0.88684,2.62,1.50
2017.11.21 21:23:54.028,0.88671,0.88684,1.31,1.69
2017.11.21 21:23:54.722,0.88671,0.88684,1.31,3.38
2017.11.21 21:23:55.777,0.88671,0.88683,1.31,1.50
2017.11.21 21:23:56.308,0.88671,0.88683,1.69,2.00
2017.11.21 21:23:56.841,0.88671,0.88683,1.31,1.87
2017.11.21 21:23:57.832,0.88671,0.88683,1.50,1.87
2017.11.21 21:24:01.775,0.88671,0.88683,1.12,1.69
2017.11.21 21:24:02.795,0.88671,0.88682,2.06,1.50
2017.11.21 21:24:03.329,0.88671,0.88682,1.87,1.25
2017.11.21 21:24:04.837,0.88671,0.88682,2.06,1.25
2017.11.21 21:24:05.635,0.88671,0.88682,1.87,1.25
2017.11.21 21:24:06.845,0.88671,0.88682,2.06,1.31
2017.11.21 21:24:07.379,0.88671,0.88682,1.69,1.25
2017.11.21 21:24:09.678,0.88671,0.88682,4.31,2.25
2017.11.21 21:24:10.231,0.88671,0.88682,2.44,1.69
2017.11.21 21:24:11.470,0.88671,0.88682,3.19,1.62
2017.11.21 21:24:12.444,0.88671,0.88682,2.81,1.31
2017.11.21 21:24:17.113,0.88671,0.88682,2.25,3.19
2017.11.21 21:24:17.620,0.88671,0.88682,3.19,3.37
2017.11.21 21:24:18.469,0.88671,0.88682,2.06,2.25
2017.11.21 21:24:20.192,0.88671,0.88682,2.81,2.06
2017.11.21 21:24:20.893,0.88672,0.88682,1.37,2.06
2017.11.21 21:24:21.967,0.88673,0.88682,1.00,1.69
2017.11.21 21:24:22.741,0.88672,0.88682,1.12,1.69
2017.11.21 21:24:23.979,0.88673,0.88681,1.00,1.12
2017.11.21 21:24:26.658,0.88673,0.88682,2.62,2.44
2017.11.21 21:24:28.937,0.88674,0.88682,1.00,2.06
2017.11.21 21:24:31.965,0.88674,0.88682,1.00,2.06
2017.11.21 21:24:32.968,0.88674,0.88682,1.00,1.88
2017.11.21 21:24:40.291,0.88674,0.88682,1.00,1.31
2017.11.21 21:24:47.241,0.88673,0.88682,1.00,1.31
2017.11.21 21:24:47.870,0.88673,0.88681,1.00,1.62
2017.11.21 21:24:50.298,0.88673,0.88681,1.00,1.31
2017.11.21 21:24:51.249,0.88671,0.88681,3.94,1.31
2017.11.21 21:24:52.298,0.88672,0.88682,1.25,3.19
2017.11.21 21:24:53.298,0.88671,0.88682,4.12,2.06
2017.11.21 21:24:55.297,0.88672,0.88682,1.25,1.69
2017.11.21 21:24:56.500,0.88671,0.88682,4.69,1.69
2017.11.21 21:25:06.389,0.88673,0.88682,1.37,1.69
2017.11.21 21:25:09.343,0.88673,0.88681,1.00,1.12
2017.11.21 21:25:12.065,0.88672,0.88681,2.25,1.12
2017.11.21 21:25:12.655,0.88673,0.88681,1.00,1.12
2017.11.21 21:25:13.990,0.88671,0.88682,5.62,2.44
2017.11.21 21:25:14.696,0.88672,0.88682,2.25,1.50
2017.11.21 21:25:22.388,0.88672,0.8868,2.25,1.00
2017.11.21 21:25:23.001,0.88672,0.88682,1.50,1.88
2017.11.21 21:25:25.805,0.88671,0.88675,1.00,2.25
2017.11.21 21:25:25.856,0.88667,0.88674,1.31,2.63
2017.11.21 21:25:25.959,0.88666,0.88672,1.00,2.81
2017.11.21 21:25:26.062,0.88662,0.88669,1.50,1.69
2017.11.21 21:25:26.114,0.8866,0.88669,2.44,1.50
2017.11.21 21:25:26.392,0.88659,0.88669,1.25,1.69
2017.11.21 21:25:26.930,0.88659,0.88669,1.50,1.88
2017.11.21 21:25:28.355,0.88658,0.88669,2.25,1.69
2017.11.21 21:25:29.083,0.88659,0.88669,1.69,1.88
2017.11.21 21:25:29.603,0.88658,0.88669,2.25,1.69
2017.11.21 21:25:30.206,0.88659,0.88669,2.00,1.69
2017.11.21 21:25:30.513,0.88662,0.88675,4.31,2.81
2017.11.21 21:25:31.139,0.88663,0.88675,1.88,2.44
2017.11.21 21:25:36.674,0.88664,0.88675,1.50,3.75
2017.11.21 21:25:37.220,0.88664,0.88674,2.81,1.31
2017.11.21 21:25:39.352,0.88664,0.88674,1.50,1.31
2017.11.21 21:25:42.096,0.88664,0.88674,1.31,1.31
2017.11.21 21:25:43.889,0.88664,0.88674,2.25,1.31
2017.11.21 21:25:44.502,0.88664,0.88674,1.31,1.31
2017.11.21 21:25:45.085,0.88664,0.88674,1.31,1.12
2017.11.21 21:25:45.926,0.88664,0.88674,2.44,1.12
2017.11.21 21:25:46.781,0.88664,0.88674,1.69,1.12
2017.11.21 21:25:47.291,0.88665,0.88675,1.00,1.25
2017.11.21 21:25:48.479,0.88665,0.88676,3.56,1.19
2017.11.21 21:26:02.100,0.88667,0.88676,1.00,1.87
2017.11.21 21:26:04.336,0.88666,0.88676,1.12,2.44
2017.11.21 21:26:08.400,0.88667,0.88676,1.00,3.56
2017.11.21 21:26:10.104,0.88667,0.88675,1.50,1.25
2017.11.21 21:26:19.535,0.88667,0.88677,2.25,1.31
2017.11.21 21:26:21.510,0.88668,0.88677,1.31,1.31
2017.11.21 21:26:22.247,0.88668,0.88677,1.25,1.31
2017.11.21 21:26:22.891,0.88668,0.88677,1.31,1.31
2017.11.21 21:26:23.423,0.88668,0.88677,1.25,1.19
2017.11.21 21:26:25.091,0.88668,0.88677,1.19,1.31
2017.11.21 21:26:25.637,0.88667,0.88677,3.37,1.69
2017.11.21 21:26:27.902,0.88668,0.88677,1.19,2.06
2017.11.21 21:26:28.708,0.88667,0.88677,2.81,2.06
2017.11.21 21:26:29.701,0.88668,0.88678,2.06,4.31
2017.11.21 21:26:30.257,0.88668,0.88678,1.69,3.19
2017.11.21 21:26:30.764,0.88668,0.88678,1.69,1.31
2017.11.21 21:26:31.274,0.88668,0.88679,1.31,4.31
2017.11.21 21:26:31.839,0.88668,0.88678,1.69,1.19
2017.11.21 21:26:32.352,0.88668,0.88679,1.31,4.31
2017.11.21 21:26:36.435,0.88668,0.88679,1.62,5.44
2017.11.21 21:26:44.625,0.88668,0.88679,1.62,5.44
2017.11.21 21:26:45.505,0.88668,0.88679,1.62,6.19
2017.11.21 21:26:46.670,0.88667,0.88677,2.81,1.00
2017.11.21 21:26:48.558,0.88667,0.88677,2.62,1.37
2017.11.21 21:26:49.683,0.88667,0.88677,2.81,1.12
2017.11.21 21:26:50.662,0.88667,0.88677,5.63,1.12
2017.11.21 21:26:52.615,0.88667,0.88677,5.44,1.37
2017.11.21 21:26:54.590,0.88667,0.88677,5.06,3.00
2017.11.21 21:26:55.597,0.88668,0.88677,1.62,1.87
2017.11.21 21:26:56.227,0.88668,0.88677,1.50,1.12
2017.11.21 21:27:00.624,0.88668,0.88677,2.06,1.37
2017.11.21 21:27:01.629,0.88668,0.88677,1.31,1.87
2017.11.21 21:27:03.543,0.88668,0.88677,1.12,1.31
2017.11.21 21:27:07.465,0.88668,0.88678,1.87,1.00
2017.11.21 21:27:10.427,0.88668,0.88678,2.25,1.62
2017.11.21 21:27:11.271,0.88668,0.88677,2.06,1.00
2017.11.21 21:27:11.785,0.88668,0.88678,2.06,1.25
2017.11.21 21:27:14.318,0.88668,0.88679,2.44,4.88
2017.11.21 21:27:21.365,0.88669,0.88678,1.25,3.56
2017.11.21 21:27:21.898,0.88668,0.88678,3.94,2.44
2017.11.21 21:27:22.401,0.88668,0.88678,1.69,1.62
2017.11.21 21:27:25.525,0.88668,0.88678,1.87,1.56
2017.11.21 21:27:32.145,0.88668,0.88679,1.63,4.13
2017.11.21 21:27:32.873,0.88668,0.88679,1.12,3.19
2017.11.21 21:27:35.183,0.88668,0.88678,1.50,1.69
2017.11.21 21:27:36.201,0.88668,0.88678,1.12,1.69
2017.11.21 21:27:37.050,0.88668,0.88678,2.63,1.19
2017.11.21 21:27:38.500,0.88668,0.88679,1.50,3.19
2017.11.21 21:27:40.224,0.88668,0.88679,1.31,4.13
2017.11.21 21:27:40.428,0.88667,0.88678,2.44,1.69
2017.11.21 21:27:40.972,0.88667,0.88678,2.44,1.69
2017.11.21 21:27:41.506,0.88667,0.88678,2.63,1.69
2017.11.21 21:27:45.300,0.88668,0.88678,2.81,1.50
2017.11.21 21:27:45.761,0.8867,0.88681,1.37,1.88
2017.11.21 21:27:46.277,0.8867,0.88681,1.37,1.69
2017.11.21 21:27:47.748,0.8867,0.88681,1.12,1.88
2017.11.21 21:27:48.257,0.8867,0.88681,2.25,1.88
2017.11.21 21:27:48.853,0.8867,0.88681,1.31,1.81
2017.11.21 21:27:52.792,0.8867,0.88681,3.37,2.44
2017.11.21 21:27:53.833,0.8867,0.88681,1.87,2.44
2017.11.21 21:27:59.135,0.8867,0.88681,1.50,1.31
2017.11.21 21:27:59.673,0.8867,0.88681,1.87,1.50
2017.11.21 21:28:02.293,0.8867,0.8868,5.44,1.25
2017.11.21 21:28:04.244,0.8867,0.8868,4.69,1.19
2017.11.21 21:28:04.930,0.8867,0.8868,5.62,1.31
2017.11.21 21:28:06.594,0.8867,0.8868,3.37,1.31
2017.11.21 21:28:09.511,0.8867,0.88681,2.62,3.56
2017.11.21 21:28:11.549,0.88672,0.88681,1.00,1.56
2017.11.21 21:28:11.858,0.88674,0.88682,1.00,1.25
2017.11.21 21:28:18.144,0.88673,0.88682,1.31,1.00
2017.11.21 21:28:19.144,0.88674,0.88682,1.25,1.00
2017.11.21 21:28:21.720,0.88674,0.88683,1.00,1.31
2017.11.21 21:28:26.688,0.88673,0.88683,2.06,1.31
2017.11.21 21:28:27.066,0.88675,0.88683,1.00,1.31
2017.11.21 21:28:28.112,0.88675,0.88683,1.00,1.69
2017.11.21 21:28:28.267,0.88672,0.88683,1.87,2.81
2017.11.21 21:28:28.790,0.88672,0.88682,1.12,2.06
2017.11.21 21:28:29.454,0.88672,0.88683,1.12,3.56
2017.11.21 21:28:31.713,0.88672,0.88683,1.12,3.56
2017.11.21 21:28:32.232,0.88672,0.88681,1.12,1.56
2017.11.21 21:28:36.180,0.88671,0.88681,1.50,1.88
2017.11.21 21:28:38.234,0.88671,0.88682,2.25,3.00
2017.11.21 21:28:38.973,0.88671,0.88682,1.50,3.00
2017.11.21 21:28:40.336,0.88671,0.88681,1.31,2.25
2017.11.21 21:28:40.913,0.88671,0.88682,1.12,2.62
2017.11.21 21:28:41.426,0.88672,0.88682,1.50,1.63
2017.11.21 21:28:42.952,0.88672,0.88683,1.50,2.63
2017.11.21 21:28:45.953,0.88673,0.88683,1.00,3.56
2017.11.21 21:28:46.775,0.88672,0.88683,1.50,3.56
2017.11.21 21:28:47.386,0.88672,0.88682,1.87,1.00
2017.11.21 21:28:47.962,0.88672,0.88683,1.50,3.56
2017.11.21 21:28:48.973,0.88672,0.88682,1.87,1.00
2017.11.21 21:28:49.777,0.88672,0.88683,2.44,3.56
2017.11.21 21:28:51.616,0.88672,0.88682,2.25,1.81
2017.11.21 21:28:55.245,0.88672,0.88682,1.50,2.81
2017.11.21 21:28:56.635,0.88672,0.88681,1.50,2.81
2017.11.21 21:28:57.652,0.88672,0.88681,1.50,1.50
2017.11.21 21:29:11.244,0.88672,0.88682,3.00,1.69
2017.11.21 21:29:12.123,0.88672,0.88682,3.00,2.44
2017.11.21 21:29:13.982,0.88672,0.88682,1.50,3.19
2017.11.21 21:29:16.060,0.88672,0.88682,3.37,2.44
2017.11.21 21:29:16.614,0.88672,0.88682,1.50,2.44
2017.11.21 21:29:18.187,0.88672,0.88682,1.12,2.06
2017.11.21 21:29:19.163,0.88672,0.88682,1.00,3.56
2017.11.21 21:29:19.469,0.8867,0.88679,1.12,2.63
2017.11.21 21:29:19.572,0.88669,0.88678,2.81,1.88
2017.11.21 21:29:21.236,0.88669,0.88678,1.12,1.69
2017.11.21 21:29:22.586,0.88668,0.88678,2.44,3.19
2017.11.21 21:29:23.578,0.88668,0.88678,1.12,3.38
2017.11.21 21:29:24.568,0.88668,0.88677,1.12,1.75
2017.11.21 21:29:29.794,0.88667,0.88676,4.12,1.69
2017.11.21 21:29:31.645,0.88667,0.88677,4.31,3.56
2017.11.21 21:29:32.189,0.88667,0.88677,3.37,2.62
2017.11.21 21:29:32.495,0.88667,0.88677,3.75,1.31
2017.11.21 21:29:34.827,0.88667,0.88676,2.06,1.87
2017.11.21 21:29:37.438,0.88667,0.88676,1.69,2.06
2017.11.21 21:29:37.939,0.88667,0.88676,1.50,2.06
2017.11.21 21:29:41.044,0.88667,0.88676,2.25,1.12
2017.11.21 21:29:41.552,0.88666,0.88676,2.63,1.00
2017.11.21 21:29:44.411,0.88666,0.88676,3.38,1.00
2017.11.21 21:29:44.841,0.88666,0.88676,2.25,1.25
2017.11.21 21:29:46.349,0.88666,0.88676,2.06,1.00
2017.11.21 21:29:46.856,0.88666,0.88676,2.06,1.12
2017.11.21 21:29:47.440,0.88666,0.88676,2.25,1.31
2017.11.21 21:29:47.963,0.88666,0.88676,2.63,1.00
2017.11.21 21:29:48.465,0.88666,0.88676,3.00,1.00
2017.11.21 21:29:50.133,0.88666,0.88676,3.38,1.00
2017.11.21 21:29:50.375,0.88666,0.88676,2.63,1.00
2017.11.21 21:29:50.477,0.88666,0.88676,3.38,1.00
2017.11.21 21:29:50.996,0.88666,0.88677,4.13,1.69
2017.11.21 21:29:51.498,0.88666,0.88677,3.00,2.44
2017.11.21 21:29:52.145,0.88667,0.88677,1.00,2.44
2017.11.21 21:29:52.756,0.88667,0.88677,1.13,3.19
2017.11.21 21:29:54.644,0.88667,0.88676,1.38,1.25
2017.11.21 21:29:55.638,0.88668,0.88677,1.50,1.69
2017.11.21 21:30:02.660,0.8867,0.88678,1.00,1.19
2017.11.21 21:30:06.775,0.8867,0.88678,1.00,1.00
2017.11.21 21:30:06.827,0.88668,0.88678,2.25,1.25
2017.11.21 21:30:09.248,0.88667,0.88678,2.63,2.44
2017.11.21 21:30:09.512,0.88667,0.88678,1.50,1.69
2017.11.21 21:30:10.537,0.88667,0.88678,1.50,1.69
2017.11.21 21:30:11.522,0.88667,0.88678,1.50,1.25
2017.11.21 21:30:12.104,0.88667,0.88679,1.95,1.50
2017.11.21 21:30:13.257,0.88667,0.88679,3.75,1.31
2017.11.21 21:30:13.596,0.88667,0.88677,1.00,1.44
2017.11.21 21:30:13.951,0.88667,0.88678,2.62,1.69
2017.11.21 21:30:14.260,0.88668,0.88681,2.62,1.88
2017.11.21 21:30:20.302,0.88669,0.88679,1.00,1.62
2017.11.21 21:30:24.286,0.88668,0.88677,5.06,1.12
2017.11.21 21:30:24.889,0.88669,0.88677,1.00,1.12
2017.11.21 21:30:24.992,0.88669,0.8868,1.12,1.13
2017.11.21 21:30:25.590,0.88668,0.8868,1.12,2.63
2017.11.21 21:30:26.202,0.88668,0.8868,3.94,2.63
2017.11.21 21:30:27.305,0.88668,0.8868,1.12,2.63
2017.11.21 21:30:28.972,0.88668,0.8868,1.12,3.75
2017.11.21 21:30:32.063,0.88668,0.88679,1.12,2.81
2017.11.21 21:30:33.119,0.88668,0.88678,1.50,1.25
2017.11.21 21:30:33.736,0.88667,0.88679,1.12,1.19
2017.11.21 21:30:34.297,0.88667,0.88679,1.12,1.56
2017.11.21 21:30:37.145,0.88667,0.88679,1.00,2.81
2017.11.21 21:30:48.648,0.88666,0.88678,1.00,1.44
2017.11.21 21:30:50.399,0.88667,0.88678,1.00,1.19
2017.11.21 21:30:51.006,0.88668,0.8868,1.00,1.88
2017.11.21 21:30:51.515,0.88669,0.8868,1.00,2.70
2017.11.21 21:30:52.837,0.88669,0.88681,1.00,4.13
2017.11.21 21:30:56.104,0.8867,0.88681,1.50,1.81
2017.11.21 21:30:56.156,0.88672,0.88682,1.00,2.06
2017.11.21 21:30:59.968,0.88672,0.88684,1.31,2.63
2017.11.21 21:31:00.331,0.88674,0.88685,1.00,2.63
2017.11.21 21:31:00.928,0.88673,0.88685,1.00,2.70
2017.11.21 21:31:01.438,0.88672,0.88684,1.50,1.38
2017.11.21 21:31:01.744,0.88674,0.88685,1.00,1.88
2017.11.21 21:31:02.051,0.88672,0.88682,1.00,1.12
2017.11.21 21:31:02.103,0.8867,0.88681,1.10,1.44
2017.11.21 21:31:02.296,0.88672,0.88683,1.00,3.38
2017.11.21 21:31:08.322,0.88671,0.88682,2.25,2.81
2017.11.21 21:31:09.117,0.88671,0.88682,1.50,1.31
2017.11.21 21:31:09.220,0.88673,0.88684,1.00,4.50
2017.11.21 21:31:09.323,0.88671,0.88682,2.25,1.19
2017.11.21 21:31:09.426,0.88674,0.88683,1.00,2.25
2017.11.21 21:31:09.477,0.88672,0.88683,1.12,1.87
2017.11.21 21:31:13.277,0.88672,0.88683,1.25,2.81
2017.11.21 21:31:16.803,0.88672,0.88683,1.00,4.13
2017.11.21 21:31:18.470,0.88672,0.88682,1.00,1.31
2017.11.21 21:31:22.392,0.88672,0.88682,1.00,2.44
2017.11.21 21:31:23.826,0.88672,0.88684,1.00,4.69
2017.11.21 21:31:24.875,0.88673,0.88684,1.00,2.06
2017.11.21 21:31:24.980,0.88675,0.88685,1.00,2.62
2017.11.21 21:31:31.301,0.88674,0.88683,1.00,1.50
2017.11.21 21:31:31.826,0.88673,0.88683,1.50,1.31
2017.11.21 21:31:32.531,0.88675,0.88683,1.00,1.00
2017.11.21 21:31:33.311,0.88675,0.88684,1.00,2.25
2017.11.21 21:31:33.635,0.88679,0.88685,1.00,1.75
2017.11.21 21:31:34.255,0.88679,0.88684,1.00,1.00
2017.11.21 21:31:34.512,0.88676,0.88685,1.12,1.25
2017.11.21 21:31:37.608,0.88676,0.88685,1.12,1.62
2017.11.21 21:31:38.543,0.88676,0.88683,1.12,1.00
2017.11.21 21:31:41.484,0.88676,0.88684,1.00,1.31
2017.11.21 21:31:44.400,0.88676,0.88684,1.00,1.69
2017.11.21 21:31:44.451,0.88676,0.88684,1.00,1.31
2017.11.21 21:31:50.393,0.88676,0.88685,1.37,1.25
2017.11.21 21:31:50.444,0.88679,0.88685,1.00,1.25
2017.11.21 21:31:50.949,0.88677,0.88685,1.12,1.25
2017.11.21 21:31:58.152,0.88676,0.88685,1.00,1.69
2017.11.21 21:32:00.667,0.88676,0.88685,1.00,1.19
2017.11.21 21:32:02.044,0.88677,0.88685,1.00,1.19
2017.11.21 21:32:02.199,0.88677,0.88686,1.12,1.25
2017.11.21 21:32:02.729,0.88678,0.88686,1.00,1.25
2017.11.21 21:32:04.488,0.88678,0.88685,1.00,1.00
2017.11.21 21:32:04.643,0.88676,0.88684,1.12,1.00
2017.11.21 21:32:07.921,0.88675,0.88685,1.12,1.19
2017.11.21 21:32:16.702,0.88675,0.88684,1.00,1.62
2017.11.21 21:32:17.719,0.88674,0.88684,4.50,1.31
2017.11.21 21:32:19.218,0.88676,0.88684,1.00,1.31
2017.11.21 21:32:25.930,0.88676,0.88685,1.00,1.31
2017.11.21 21:32:30.947,0.88676,0.88684,1.00,1.00
2017.11.21 21:32:35.529,0.88676,0.88684,1.50,1.00
2017.11.21 21:32:38.436,0.88676,0.88685,1.63,1.50
2017.11.21 21:32:39.482,0.88677,0.88684,1.00,1.00
2017.11.21 21:32:42.409,0.88676,0.88685,3.75,1.00
2017.11.21 21:32:43.153,0.88676,0.88687,3.37,1.44
2017.11.21 21:32:44.557,0.88676,0.88687,3.00,1.19
2017.11.21 21:32:45.028,0.88676,0.88688,3.00,1.69
2017.11.21 21:32:45.558,0.88676,0.88686,3.00,1.00
2017.11.21 21:32:47.763,0.88676,0.88687,3.75,1.12
2017.11.21 21:32:48.112,0.88677,0.88688,2.25,1.25
2017.11.21 21:32:51.356,0.88677,0.88688,1.88,1.25
2017.11.21 21:32:52.283,0.88677,0.88688,1.50,1.25
2017.11.21 21:32:54.523,0.88677,0.88688,1.50,1.25
2017.11.21 21:32:56.485,0.88677,0.88688,1.87,1.31
2017.11.21 21:32:56.987,0.88677,0.88688,5.25,1.31
2017.11.21 21:32:58.608,0.88678,0.88688,1.00,1.31
2017.11.21 21:33:08.349,0.88677,0.88687,3.19,1.00
2017.11.21 21:33:15.736,0.88677,0.88687,1.12,1.00
2017.11.21 21:33:16.241,0.88676,0.88688,1.00,1.69
2017.11.21 21:33:16.789,0.88675,0.88688,1.88,1.50
2017.11.21 21:33:17.757,0.88675,0.88687,1.88,1.25
2017.11.21 21:33:18.300,0.88675,0.88688,1.50,2.06
2017.11.21 21:33:19.756,0.88675,0.88688,1.50,2.62
2017.11.21 21:33:21.559,0.88675,0.88688,1.12,2.25
2017.11.21 21:33:22.138,0.88675,0.88687,1.50,1.19
2017.11.21 21:33:22.664,0.88678,0.88688,1.00,1.69
2017.11.21 21:33:23.650,0.88678,0.88688,1.25,1.25
2017.11.21 21:33:24.156,0.88678,0.88688,3.19,1.25
2017.11.21 21:33:24.698,0.88678,0.88687,1.12,1.00
2017.11.21 21:33:30.027,0.88677,0.88687,3.75,1.00
2017.11.21 21:33:30.801,0.88677,0.88688,3.75,1.31
2017.11.21 21:33:32.101,0.88676,0.88687,1.76,2.25
2017.11.21 21:33:32.204,0.88674,0.88686,2.70,1.50
2017.11.21 21:33:32.427,0.88678,0.88689,1.00,2.44
2017.11.21 21:33:32.734,0.88675,0.88687,1.00,1.19
2017.11.21 21:33:32.786,0.88675,0.88688,1.13,5.63
2017.11.21 21:33:33.315,0.88675,0.88688,1.44,4.13
2017.11.21 21:33:33.853,0.88675,0.88688,1.00,3.38
2017.11.21 21:33:34.282,0.88674,0.88688,1.88,3.19
2017.11.21 21:33:34.828,0.88674,0.88687,1.50,1.50
2017.11.21 21:33:35.386,0.88674,0.88687,1.88,1.31
2017.11.21 21:33:35.931,0.88674,0.88687,1.50,1.56
2017.11.21 21:33:37.838,0.88674,0.88685,2.25,1.19
2017.11.21 21:33:38.471,0.88674,0.88686,1.88,1.56
2017.11.21 21:33:39.514,0.88674,0.88686,2.25,1.88
2017.11.21 21:33:40.063,0.88674,0.88687,1.69,5.06
2017.11.21 21:33:44.828,0.88674,0.88685,1.69,1.87
2017.11.21 21:33:45.801,0.88674,0.88685,1.31,1.12
2017.11.21 21:33:48.825,0.88673,0.88684,3.56,1.62
2017.11.21 21:33:49.386,0.88674,0.88686,1.25,2.81
2017.11.21 21:33:50.077,0.88673,0.88685,2.44,3.75
2017.11.21 21:33:50.333,0.88673,0.88685,2.44,1.12
2017.11.21 21:33:54.900,0.88674,0.88685,1.13,1.37
2017.11.21 21:33:55.537,0.88674,0.88685,1.00,1.31
2017.11.21 21:33:59.773,0.88673,0.88686,3.56,1.19
2017.11.21 21:34:00.686,0.88674,0.88686,1.12,1.31
2017.11.21 21:34:03.535,0.88673,0.88685,1.50,1.69
2017.11.21 21:34:04.231,0.88673,0.88685,1.31,1.69
2017.11.21 21:34:04.742,0.88672,0.88685,1.01,2.81
2017.11.21 21:34:05.287,0.88671,0.88684,4.95,1.12
2017.11.21 21:34:07.776,0.88671,0.88684,4.95,1.31
2017.11.21 21:34:08.756,0.88671,0.88684,3.45,1.50
2017.11.21 21:34:18.318,0.88672,0.88685,2.06,2.81
2017.11.21 21:34:20.607,0.88671,0.88684,1.88,1.69
2017.11.21 21:34:21.649,0.88671,0.88683,3.56,1.50
2017.11.21 21:34:22.067,0.8867,0.88681,1.88,1.19
2017.11.21 21:34:22.119,0.88667,0.88681,4.31,4.50
2017.11.21 21:34:22.477,0.88669,0.88681,1.25,1.69
2017.11.21 21:34:23.090,0.88669,0.88681,1.44,1.69
2017.11.21 21:34:23.823,0.88669,0.88681,1.25,1.31
2017.11.21 21:34:24.356,0.88669,0.88681,1.38,1.50
2017.11.21 21:34:24.896,0.88669,0.88681,1.00,1.12
2017.11.21 21:34:25.438,0.88669,0.88681,1.38,1.69
2017.11.21 21:34:26.447,0.88669,0.88681,1.13,1.88
2017.11.21 21:34:28.068,0.88668,0.88681,1.38,2.06
2017.11.21 21:34:29.127,0.88669,0.88681,1.00,2.44
2017.11.21 21:34:29.382,0.88669,0.88682,2.81,4.31
2017.11.21 21:34:30.114,0.8867,0.88681,1.75,1.63
2017.11.21 21:34:30.383,0.88669,0.88682,2.62,2.06
2017.11.21 21:34:30.921,0.8867,0.88683,2.81,6.19
2017.11.21 21:34:31.428,0.8867,0.88682,3.56,1.63
2017.11.21 21:34:32.131,0.8867,0.88683,2.06,6.19
2017.11.21 21:34:32.680,0.8867,0.88683,3.56,7.13
2017.11.21 21:34:33.316,0.8867,0.88683,3.19,5.06
2017.11.21 21:34:33.831,0.8867,0.88683,2.81,5.06
2017.11.21 21:34:34.364,0.8867,0.88683,2.44,1.50
2017.11.21 21:34:37.695,0.88669,0.88682,1.87,2.44
2017.11.21 21:34:37.799,0.88667,0.88681,2.44,4.31
2017.11.21 21:34:37.953,0.88663,0.88674,2.44,1.50
2017.11.21 21:34:38.056,0.88662,0.88674,1.00,1.50
2017.11.21 21:34:38.567,0.88662,0.88676,3.75,1.64
2017.11.21 21:34:39.153,0.88662,0.88675,3.75,1.01
2017.11.21 21:34:40.067,0.88663,0.88676,2.44,2.32
2017.11.21 21:34:41.215,0.88662,0.88676,3.94,1.95
2017.11.21 21:34:41.808,0.88663,0.88676,1.00,2.32
2017.11.21 21:34:43.695,0.88662,0.88676,1.95,2.25
2017.11.21 21:34:44.241,0.88662,0.88676,2.06,1.69
2017.11.21 21:34:44.823,0.88662,0.88676,1.88,1.50
2017.11.21 21:34:46.595,0.88662,0.88676,4.13,1.12
2017.11.21 21:34:47.140,0.88662,0.88676,4.13,1.25
2017.11.21 21:34:49.923,0.88663,0.88676,1.13,3.19
2017.11.21 21:34:51.543,0.88664,0.88676,2.06,2.06
2017.11.21 21:34:51.698,0.88666,0.8868,2.44,1.31
2017.11.21 21:34:51.749,0.88665,0.8868,4.50,1.31
2017.11.21 21:34:51.801,0.88666,0.88679,1.12,1.00
2017.11.21 21:34:51.904,0.88667,0.88679,1.69,1.13
2017.11.21 21:34:52.414,0.88665,0.88679,1.19,1.88
2017.11.21 21:34:53.739,0.88665,0.88678,1.88,2.81
2017.11.21 21:34:53.791,0.88661,0.88668,2.44,1.00
2017.11.21 21:34:53.843,0.88657,0.88668,2.62,3.26
2017.11.21 21:34:53.945,0.88653,0.88666,5.62,1.76
2017.11.21 21:34:54.287,0.88653,0.88663,2.44,1.39
2017.11.21 21:34:54.606,0.88653,0.88663,2.44,4.01
2017.11.21 21:34:57.079,0.88653,0.88664,2.44,5.62
2017.11.21 21:35:00.215,0.88653,0.88663,2.81,1.12
2017.11.21 21:35:01.566,0.88654,0.88663,1.00,1.87
2017.11.21 21:35:02.076,0.88655,0.88663,1.69,2.62
2017.11.21 21:35:04.965,0.88655,0.88664,1.25,1.00
2017.11.21 21:35:05.271,0.88654,0.88667,3.56,1.54
2017.11.21 21:35:05.787,0.88654,0.88664,3.19,1.87
2017.11.21 21:35:06.297,0.88654,0.88663,2.81,1.00
2017.11.21 21:35:06.884,0.88654,0.88664,2.06,2.25
2017.11.21 21:35:07.618,0.88655,0.88663,1.25,1.00
2017.11.21 21:35:08.126,0.88654,0.88664,2.81,1.87
2017.11.21 21:35:09.964,0.88655,0.88663,1.31,1.00
2017.11.21 21:35:10.628,0.88654,0.88664,2.81,1.87
2017.11.21 21:35:11.700,0.88655,0.88664,2.06,4.87
2017.11.21 21:35:14.837,0.88651,0.88661,1.31,2.06
2017.11.21 21:35:14.889,0.8865,0.88661,3.19,2.25
2017.11.21 21:35:15.402,0.88651,0.88661,2.25,1.45
2017.11.21 21:35:18.287,0.88651,0.8866,2.81,1.20
2017.11.21 21:35:21.423,0.88651,0.88661,3.75,2.25
2017.11.21 21:35:21.969,0.88651,0.88661,2.44,2.25
2017.11.21 21:35:23.378,0.88652,0.88661,1.00,2.25
2017.11.21 21:35:23.923,0.88651,0.88661,4.87,2.25
2017.11.21 21:35:24.506,0.88652,0.88661,1.00,2.25
2017.11.21 21:35:25.167,0.88651,0.88661,3.19,2.25
2017.11.21 21:35:26.944,0.88652,0.88661,1.00,2.25
2017.11.21 21:35:27.473,0.88651,0.88661,3.19,2.25
2017.11.21 21:35:28.212,0.88651,0.88661,3.75,2.25
2017.11.21 21:35:28.746,0.88652,0.88661,1.62,2.62
2017.11.21 21:35:30.877,0.88651,0.88661,1.31,1.00
2017.11.21 21:35:31.587,0.88651,0.88661,1.69,2.25
2017.11.21 21:35:32.124,0.88652,0.88661,1.50,2.25
2017.11.21 21:35:33.714,0.88652,0.88661,1.50,1.12
2017.11.21 21:35:42.161,0.88651,0.88661,1.31,1.00
2017.11.21 21:35:49.489,0.8865,0.88661,3.75,1.45
2017.11.21 21:35:49.866,0.88647,0.88659,2.25,1.31
2017.11.21 21:35:50.278,0.88646,0.88659,7.31,1.97
2017.11.21 21:35:50.824,0.88648,0.88659,1.25,1.95
2017.11.21 21:35:51.528,0.88646,0.88659,2.81,2.32
2017.11.21 21:35:53.652,0.88646,0.88659,1.56,1.50
2017.11.21 21:35:54.904,0.88646,0.88658,1.50,1.50
2017.11.21 21:35:55.159,0.88646,0.88659,1.56,3.86
2017.11.21 21:35:55.706,0.88646,0.88659,1.31,2.25
2017.11.21 21:35:56.463,0.88647,0.88659,1.00,2.25
2017.11.21 21:35:56.668,0.88647,0.88659,1.38,3.14
2017.11.21 21:35:57.294,0.88648,0.88659,1.25,1.12
2017.11.21 21:35:57.910,0.88648,0.8866,1.25,1.12
2017.11.21 21:35:58.217,0.88648,0.8866,1.50,3.75
2017.11.21 21:35:58.903,0.88647,0.88661,3.38,7.12
2017.11.21 21:35:59.889,0.88647,0.8866,3.38,1.00
2017.11.21 21:36:01.914,0.88647,0.8866,4.69,1.50
2017.11.21 21:36:02.901,0.88648,0.8866,1.81,1.12
2017.11.21 21:36:06.925,0.88647,0.8866,5.06,2.25
2017.11.21 21:36:08.995,0.88647,0.8866,4.88,1.00
2017.11.21 21:36:09.149,0.88647,0.8866,3.38,1.00
2017.11.21 21:36:11.132,0.88648,0.8866,2.25,1.69
2017.11.21 21:36:12.048,0.88648,0.8866,1.87,1.00
2017.11.21 21:36:12.965,0.88647,0.8866,3.94,1.69
2017.11.21 21:36:13.985,0.88648,0.8866,1.19,2.25
2017.11.21 21:36:14.515,0.88647,0.8866,3.94,3.19
2017.11.21 21:36:15.028,0.88648,0.8866,1.19,1.50
2017.11.21 21:36:17.014,0.88648,0.8866,1.25,1.50
2017.11.21 21:36:17.218,0.88648,0.8866,3.19,1.37
2017.11.21 21:36:18.004,0.88648,0.88661,2.06,3.75
2017.11.21 21:36:18.514,0.88648,0.88661,2.06,4.87
2017.11.21 21:36:20.980,0.88648,0.8866,4.13,1.37
2017.11.21 21:36:22.062,0.88648,0.88659,3.38,1.00
2017.11.21 21:36:22.215,0.88648,0.88659,1.25,1.00
2017.11.21 21:36:22.572,0.88648,0.88659,1.69,1.00
2017.11.21 21:36:23.558,0.88648,0.88661,1.13,5.81
2017.11.21 21:36:24.082,0.88649,0.8866,1.19,2.63
2017.11.21 21:36:24.606,0.88648,0.88661,1.13,6.00
2017.11.21 21:36:25.148,0.88648,0.88661,1.13,6.75
2017.11.21 21:36:26.306,0.88646,0.88659,6.75,1.00
2017.11.21 21:36:26.890,0.88648,0.88659,1.00,1.12
2017.11.21 21:36:27.595,0.88647,0.88659,2.25,1.00
2017.11.21 21:36:28.146,0.88647,0.88659,2.25,1.37
2017.11.21 21:36:29.008,0.88647,0.88659,2.25,1.18
2017.11.21 21:36:29.531,0.88647,0.88659,2.25,1.38
2017.11.21 21:36:30.782,0.88647,0.88659,4.88,1.37
2017.11.21 21:36:31.393,0.88648,0.88659,2.81,1.37
2017.11.21 21:36:31.908,0.88648,0.8866,2.81,2.25
2017.11.21 21:36:37.739,0.88647,0.8866,3.00,2.81
2017.11.21 21:36:38.621,0.88647,0.8866,2.06,2.62
2017.11.21 21:36:39.611,0.88647,0.8866,2.44,2.62
2017.11.21 21:36:41.251,0.88648,0.8866,2.06,1.12
2017.11.21 21:36:42.294,0.88648,0.8866,2.44,1.37
2017.11.21 21:36:42.926,0.88648,0.8866,2.81,1.87
2017.11.21 21:36:43.491,0.88648,0.88661,2.25,4.12
2017.11.21 21:36:44.248,0.88648,0.8866,2.81,1.50
2017.11.21 21:36:44.906,0.88648,0.8866,2.81,1.50
2017.11.21 21:36:45.784,0.88649,0.8866,1.25,1.00
2017.11.21 21:36:46.311,0.88649,0.8866,2.00,1.00
2017.11.21 21:36:47.806,0.88648,0.8866,3.56,1.00
2017.11.21 21:36:49.197,0.88649,0.8866,1.13,1.44
2017.11.21 21:36:49.876,0.88648,0.8866,2.63,1.25
2017.11.21 21:36:50.478,0.88647,0.88659,1.13,1.31
2017.11.21 21:36:51.180,0.88648,0.88659,1.19,1.50
2017.11.21 21:36:51.704,0.88647,0.88659,1.13,1.31
2017.11.21 21:36:51.807,0.88647,0.88659,1.13,1.31
2017.11.21 21:36:52.757,0.88646,0.88659,3.56,1.50
2017.11.21 21:36:53.464,0.88647,0.88659,1.00,1.12
2017.11.21 21:36:55.500,0.88646,0.88659,3.38,1.50
2017.11.21 21:36:56.474,0.88646,0.88659,1.81,1.25
2017.11.21 21:36:57.465,0.88646,0.88659,1.88,1.62
2017.11.21 21:36:58.512,0.88646,0.88659,3.94,3.19
2017.11.21 21:36:59.104,0.88647,0.88659,1.00,2.81
2017.11.21 21:37:00.518,0.88647,0.88659,1.00,3.56
2017.11.21 21:37:01.080,0.88646,0.88658,4.31,1.31
2017.11.21 21:37:04.291,0.88646,0.88658,2.63,1.12
2017.11.21 21:37:06.724,0.88646,0.8866,1.31,2.25
2017.11.21 21:37:06.826,0.88646,0.8866,2.81,2.25
2017.11.21 21:37:06.877,0.88646,0.8866,1.31,2.06
2017.11.21 21:37:11.788,0.88646,0.88659,1.31,1.31
2017.11.21 21:37:12.339,0.88646,0.88659,1.50,1.88
2017.11.21 21:37:12.846,0.88644,0.88659,4.31,6.00
2017.11.21 21:37:14.473,0.88644,0.88658,3.94,2.70
2017.11.21 21:37:16.429,0.88644,0.88658,4.13,2.06
2017.11.21 21:37:17.223,0.88645,0.88658,1.19,1.31
2017.11.21 21:37:18.291,0.88645,0.88658,1.31,2.44
2017.11.21 21:37:19.248,0.88645,0.88657,1.31,1.25
2017.11.21 21:37:19.854,0.88645,0.88657,1.31,1.25
2017.11.21 21:37:20.602,0.88646,0.88657,1.88,1.00
2017.11.21 21:37:21.255,0.88646,0.88657,2.06,1.44
2017.11.21 21:37:22.164,0.88646,0.88657,2.06,1.25
2017.11.21 21:37:25.015,0.88646,0.88658,2.44,1.25
2017.11.21 21:37:25.991,0.88646,0.88659,2.44,2.81
2017.11.21 21:37:26.778,0.88646,0.88659,3.56,2.44
2017.11.21 21:37:28.043,0.88647,0.88659,1.56,1.19
2017.11.21 21:37:28.589,0.88646,0.8866,2.06,3.56
2017.11.21 21:37:30.045,0.88646,0.8866,3.75,1.69
2017.11.21 21:37:30.621,0.88646,0.8866,2.63,1.44
2017.11.21 21:37:31.145,0.88648,0.88659,1.00,1.19
2017.11.21 21:37:32.179,0.88646,0.88658,3.56,2.44
2017.11.21 21:37:32.688,0.88646,0.88658,1.19,2.63
2017.11.21 21:37:33.236,0.88646,0.88658,1.69,2.63
2017.11.21 21:37:35.087,0.88646,0.88658,3.19,2.44
2017.11.21 21:37:37.940,0.88647,0.88658,1.25,2.81
2017.11.21 21:37:38.497,0.88647,0.88657,1.31,1.00
2017.11.21 21:37:40.283,0.88645,0.88657,1.31,1.69
2017.11.21 21:37:40.811,0.88644,0.88657,1.19,2.06
2017.11.21 21:37:42.029,0.88644,0.88657,2.06,1.69
2017.11.21 21:37:42.802,0.88644,0.88658,2.06,1.38
2017.11.21 21:37:43.889,0.88644,0.88658,2.06,1.13
2017.11.21 21:37:44.549,0.88644,0.88658,2.44,1.38
2017.11.21 21:37:46.033,0.88645,0.88659,1.69,4.39
2017.11.21 21:37:46.174,0.88645,0.88658,1.44,1.00
2017.11.21 21:37:46.581,0.88645,0.88659,1.56,4.20
2017.11.21 21:37:46.690,0.88645,0.88658,1.31,1.00
2017.11.21 21:37:50.058,0.88645,0.88658,1.56,1.19
2017.11.21 21:37:50.776,0.88645,0.88658,2.44,1.44
2017.11.21 21:37:51.892,0.88645,0.88658,2.25,2.06
2017.11.21 21:37:53.514,0.88645,0.88658,2.44,1.69
2017.11.21 21:37:55.438,0.88646,0.88659,1.31,1.69
2017.11.21 21:37:55.644,0.88646,0.88659,1.44,1.63
2017.11.21 21:37:56.163,0.88645,0.88659,2.44,3.00
2017.11.21 21:37:57.535,0.88645,0.88659,2.25,2.63
2017.11.21 21:37:58.263,0.88645,0.88659,2.44,1.88
2017.11.21 21:37:58.872,0.88645,0.88659,2.44,2.25
2017.11.21 21:37:59.484,0.88645,0.88659,2.44,1.88
2017.11.21 21:37:59.862,0.88645,0.88659,2.44,1.88
2017.11.21 21:38:00.381,0.88645,0.88658,1.69,1.44
2017.11.21 21:38:01.253,0.88645,0.88658,1.50,1.19
2017.11.21 21:38:01.756,0.88645,0.88659,1.50,4.50
2017.11.21 21:38:02.472,0.88645,0.88659,1.50,4.50
2017.11.21 21:38:03.662,0.88645,0.88657,1.69,1.19
2017.11.21 21:38:04.197,0.88645,0.88659,1.50,4.50
2017.11.21 21:38:04.832,0.88645,0.88659,1.69,4.50
2017.11.21 21:38:05.982,0.88645,0.88658,3.19,1.62
2017.11.21 21:38:08.019,0.88646,0.88659,1.76,1.69
2017.11.21 21:38:10.560,0.88646,0.88659,1.57,1.50
2017.11.21 21:38:11.084,0.88646,0.88659,1.57,1.50
2017.11.21 21:38:13.095,0.88647,0.88659,1.76,1.50
2017.11.21 21:38:13.620,0.88646,0.88659,3.07,2.44
2017.11.21 21:38:17.541,0.88646,0.88654,3.26,2.25
2017.11.21 21:38:18.073,0.88646,0.88653,1.87,1.87
2017.11.21 21:38:18.632,0.88646,0.88652,1.87,1.00
2017.11.21 21:38:24.610,0.88646,0.88652,1.87,3.00
2017.11.21 21:38:25.192,0.88646,0.88652,1.87,1.12
2017.11.21 21:38:33.135,0.88646,0.88653,1.87,4.87
2017.11.21 21:38:33.186,0.88646,0.88653,1.87,1.12
2017.11.21 21:38:56.441,0.88645,0.88651,3.64,1.00
2017.11.21 21:39:01.415,0.88646,0.88653,2.06,1.87
2017.11.21 21:39:01.944,0.88646,0.88652,2.06,1.00
2017.11.21 21:39:07.618,0.88646,0.88653,2.06,1.12
2017.11.21 21:39:18.608,0.88645,0.88653,2.62,1.12
2017.11.21 21:39:19.705,0.88645,0.88652,1.50,1.00
2017.11.21 21:39:23.001,0.88644,0.88652,1.69,1.00
2017.11.21 21:39:27.480,0.88645,0.88652,1.50,1.12
2017.11.21 21:39:28.604,0.88645,0.88652,1.87,1.12
2017.11.21 21:39:29.714,0.88645,0.88652,1.50,1.12
2017.11.21 21:39:30.363,0.88645,0.88652,1.50,1.37
2017.11.21 21:39:30.885,0.88644,0.88652,1.69,1.12
2017.11.21 21:39:31.737,0.88644,0.88652,3.00,1.12
2017.11.21 21:39:34.247,0.88644,0.88653,3.19,1.12
2017.11.21 21:39:34.350,0.88644,0.88653,3.19,1.12
2017.11.21 21:39:34.892,0.88644,0.88652,2.81,1.00
2017.11.21 21:39:35.448,0.88645,0.88653,3.37,1.12
2017.11.21 21:39:35.975,0.88646,0.88653,1.50,1.50
2017.11.21 21:39:36.623,0.88646,0.88653,2.62,1.50
2017.11.21 21:39:37.150,0.88646,0.88653,1.69,1.12
2017.11.21 21:39:39.091,0.88643,0.88653,1.29,1.50
2017.11.21 21:39:39.144,0.88643,0.88651,1.29,1.00
2017.11.21 21:39:39.669,0.88643,0.88652,2.51,1.00
2017.11.21 21:39:39.972,0.88651,0.88655,1.00,2.25
2017.11.21 21:39:40.024,0.88649,0.88654,1.00,2.25
2017.11.21 21:39:40.076,0.88647,0.88654,1.10,2.25
2017.11.21 21:39:40.179,0.88649,0.88653,1.00,1.12
2017.11.21 21:39:40.385,0.88644,0.88651,1.76,1.00
2017.11.21 21:39:40.565,0.88648,0.88653,1.00,3.37
2017.11.21 21:39:41.526,0.88646,0.88653,4.87,1.87
2017.11.21 21:39:42.079,0.88646,0.88653,5.25,1.87
2017.11.21 21:39:42.954,0.88646,0.88653,3.37,1.12
2017.11.21 21:39:45.725,0.88647,0.88653,1.37,1.00
2017.11.21 21:39:45.982,0.88648,0.88655,1.50,1.30
2017.11.21 21:39:46.084,0.88646,0.88653,5.62,1.50
2017.11.21 21:39:47.178,0.88647,0.88653,1.12,1.00
2017.11.21 21:39:52.490,0.88646,0.88653,3.82,1.00
2017.11.21 21:39:55.324,0.88648,0.88653,1.00,1.00
2017.11.21 21:40:00.599,0.88648,0.88654,1.00,1.87
2017.11.21 21:40:01.115,0.88648,0.88653,1.00,1.00
2017.11.21 21:40:02.134,0.88648,0.88654,1.00,1.87
2017.11.21 21:40:02.725,0.88648,0.88653,1.00,1.00
2017.11.21 21:40:03.261,0.88648,0.88654,1.00,1.87
2017.11.21 21:40:04.135,0.88648,0.88653,1.00,1.00
2017.11.21 21:40:04.736,0.88648,0.88654,1.00,1.87
2017.11.21 21:40:05.470,0.88648,0.88653,1.00,1.00
2017.11.21 21:40:06.180,0.88648,0.88654,1.00,1.87
2017.11.21 21:40:07.684,0.88648,0.88653,1.00,1.00
2017.11.21 21:40:09.128,0.88648,0.88654,1.00,1.12
2017.11.21 21:40:09.231,0.88648,0.88658,1.01,1.87
2017.11.21 21:40:09.537,0.88649,0.88659,1.29,1.12
2017.11.21 21:40:10.090,0.8865,0.88661,1.39,1.62
2017.11.21 21:40:10.509,0.88651,0.88663,1.00,2.06
2017.11.21 21:40:10.561,0.88652,0.88664,1.20,2.25
2017.11.21 21:40:12.306,0.88655,0.88665,1.00,1.38
2017.11.21 21:40:14.488,0.88655,0.88665,1.00,1.25
2017.11.21 21:40:15.010,0.88655,0.88666,1.00,3.00
2017.11.21 21:40:15.814,0.88653,0.88665,1.39,1.50
2017.11.21 21:40:23.005,0.88653,0.88665,1.39,1.87
2017.11.21 21:40:23.626,0.88653,0.88665,1.39,1.87
2017.11.21 21:40:24.129,0.88654,0.88664,1.01,1.31
2017.11.21 21:40:25.103,0.88654,0.88665,1.25,1.31
2017.11.21 21:40:25.608,0.88653,0.88664,1.29,1.50
2017.11.21 21:40:29.229,0.88653,0.88664,1.29,2.81
2017.11.21 21:40:30.084,0.88653,0.88663,1.39,1.00
2017.11.21 21:40:30.941,0.88653,0.88664,1.39,3.19
2017.11.21 21:40:31.963,0.88653,0.88664,1.39,1.87
2017.11.21 21:40:34.578,0.88653,0.88665,1.64,1.88
2017.11.21 21:40:35.575,0.88654,0.88665,1.01,1.13
2017.11.21 21:40:37.223,0.88654,0.88665,1.39,1.00
2017.11.21 21:40:38.778,0.88654,0.88666,2.14,2.25
2017.11.21 21:40:39.399,0.88655,0.88666,1.10,1.44
2017.11.21 21:40:39.600,0.88656,0.88667,1.01,2.06
2017.11.21 21:40:40.168,0.88656,0.88667,1.29,1.00
2017.11.21 21:40:41.920,0.88656,0.88668,1.76,2.00
2017.11.21 21:40:42.448,0.88656,0.88668,1.76,3.00
2017.11.21 21:40:42.758,0.88654,0.88663,2.63,1.00
2017.11.21 21:40:43.262,0.88652,0.88659,1.87,1.50
2017.11.21 21:40:43.417,0.8865,0.88657,1.25,1.00
2017.11.21 21:40:43.470,0.88648,0.88656,1.00,1.00
2017.11.21 21:40:43.728,0.88645,0.88656,1.25,1.69
2017.11.21 21:40:45.746,0.88643,0.88656,1.56,2.06
2017.11.21 21:40:46.791,0.88643,0.88655,1.56,1.62
2017.11.21 21:40:48.753,0.88644,0.88654,1.31,1.37
2017.11.21 21:40:49.757,0.88643,0.88655,1.56,1.62
2017.11.21 21:40:53.074,0.88643,0.88656,3.38,5.06
2017.11.21 21:40:53.871,0.88643,0.88656,1.69,3.94
2017.11.21 21:40:55.129,0.88645,0.88656,1.19,1.37
2017.11.21 21:40:55.876,0.88645,0.88656,1.19,1.37
2017.11.21 21:40:56.182,0.88647,0.88657,1.31,2.25
2017.11.21 21:40:57.107,0.88647,0.88656,1.31,1.12
2017.11.21 21:40:58.165,0.88647,0.88658,1.69,1.50
2017.11.21 21:40:59.193,0.88648,0.88659,1.31,2.25
2017.11.21 21:40:59.850,0.88648,0.88659,1.31,1.37
2017.11.21 21:41:00.199,0.88648,0.8866,1.50,1.31
2017.11.21 21:41:01.247,0.88649,0.88661,1.19,3.56
2017.11.21 21:41:01.762,0.88649,0.88661,1.19,2.06
2017.11.21 21:41:03.964,0.88649,0.88659,1.50,1.00
2017.11.21 21:41:04.223,0.88648,0.88661,1.19,1.19
2017.11.21 21:41:04.735,0.88647,0.88661,1.31,1.25
2017.11.21 21:41:05.282,0.88647,0.8866,1.31,1.00
2017.11.21 21:41:08.834,0.88648,0.88661,1.31,1.57
2017.11.21 21:41:10.239,0.88648,0.8866,1.12,1.69
2017.11.21 21:41:10.341,0.88645,0.88658,1.57,1.44
2017.11.21 21:41:10.598,0.88641,0.88653,1.19,1.25
2017.11.21 21:41:10.701,0.88642,0.88653,2.25,1.37
2017.11.21 21:41:10.860,0.88639,0.88652,1.01,2.81
2017.11.21 21:41:11.014,0.88636,0.88649,1.39,3.38
2017.11.21 21:41:11.270,0.88638,0.8865,1.25,2.06
2017.11.21 21:41:12.163,0.88638,0.88652,1.31,2.14
2017.11.21 21:41:12.723,0.88637,0.88652,1.69,3.56
2017.11.21 21:41:16.142,0.88637,0.88652,1.50,5.81
2017.11.21 21:41:17.145,0.88637,0.88651,1.87,2.81
2017.11.21 21:41:18.418,0.88637,0.88651,2.06,4.50
2017.11.21 21:41:18.959,0.88639,0.88653,1.69,5.51
2017.11.21 21:41:20.608,0.8864,0.88654,1.19,2.14
2017.11.21 21:41:21.119,0.88641,0.88654,1.25,1.50
2017.11.21 21:41:21.658,0.88642,0.88654,1.00,1.25
2017.11.21 21:41:22.345,0.88641,0.88654,1.25,1.00
2017.11.21 21:41:25.819,0.88641,0.88653,1.25,2.06
2017.11.21 21:41:26.354,0.8864,0.88652,1.25,1.50
2017.11.21 21:41:28.804,0.8864,0.88653,1.25,3.26
2017.11.21 21:41:29.263,0.88641,0.88653,1.00,2.51
2017.11.21 21:41:30.252,0.88639,0.88653,1.19,2.51
2017.11.21 21:41:30.916,0.88639,0.88652,1.19,1.87
2017.11.21 21:41:31.070,0.88638,0.88651,1.19,2.81
2017.11.21 21:41:31.121,0.88638,0.88651,1.25,2.06
2017.11.21 21:41:31.652,0.88637,0.88651,2.06,3.45
2017.11.21 21:41:32.178,0.88637,0.8865,3.00,1.25
2017.11.21 21:41:33.175,0.88637,0.8865,2.81,1.19
2017.11.21 21:41:33.676,0.88637,0.8865,2.62,1.95
2017.11.21 21:41:36.212,0.88637,0.8865,2.62,2.51
2017.11.21 21:41:37.139,0.88637,0.8865,2.62,2.89
2017.11.21 21:41:39.143,0.88637,0.88649,1.87,1.87
2017.11.21 21:41:40.005,0.88636,0.8865,2.06,3.94
2017.11.21 21:41:40.515,0.88636,0.88648,2.06,1.00
2017.11.21 21:41:40.669,0.8864,0.88649,1.50,1.12
2017.11.21 21:41:40.891,0.88642,0.88655,1.62,2.06
2017.11.21 21:41:41.147,0.88642,0.88653,1.62,1.87
2017.11.21 21:41:41.734,0.88641,0.88653,2.81,2.81
2017.11.21 21:41:42.284,0.8864,0.88653,3.94,3.00
2017.11.21 21:41:42.967,0.8864,0.88653,2.44,3.00
2017.11.21 21:41:43.935,0.8864,0.88653,1.56,3.00
2017.11.21 21:41:44.682,0.88647,0.88654,1.00,1.62
2017.11.21 21:41:44.785,0.88649,0.8866,1.12,1.44
2017.11.21 21:41:45.451,0.88649,0.8866,1.12,1.31
2017.11.21 21:41:46.735,0.88649,0.8866,1.00,1.19
2017.11.21 21:41:47.265,0.88648,0.8866,1.12,1.44
2017.11.21 21:41:47.995,0.88648,0.88661,1.00,5.25
2017.11.21 21:41:48.502,0.88648,0.88661,1.50,3.00
2017.11.21 21:41:49.125,0.88647,0.88661,1.69,2.25
2017.11.21 21:41:49.643,0.88651,0.88661,1.50,1.69
2017.11.21 21:41:49.695,0.88652,0.88662,1.31,1.00
2017.11.21 21:41:49.747,0.88656,0.88665,1.00,1.01
2017.11.21 21:41:50.056,0.88651,0.88663,1.64,2.44
2017.11.21 21:41:50.567,0.88649,0.88661,1.64,1.19
2017.11.21 21:41:51.090,0.88646,0.88649,2.32,1.00
2017.11.21 21:41:51.142,0.88644,0.88651,1.37,2.81
2017.11.21 21:41:51.194,0.8864,0.88644,1.00,1.00
2017.11.21 21:41:51.246,0.88637,0.88643,1.00,1.50
2017.11.21 21:41:51.298,0.88633,0.88642,1.76,1.00
2017.11.21 21:41:51.350,0.88632,0.88641,1.01,2.63
2017.11.21 21:41:51.403,0.8863,0.8864,1.76,1.25
2017.11.21 21:41:51.455,0.88627,0.88637,3.64,1.00
2017.11.21 21:41:51.985,0.88628,0.88638,2.14,1.00
2017.11.21 21:41:52.037,0.88629,0.8864,1.62,1.69
2017.11.21 21:41:52.440,0.88629,0.8864,1.66,1.69
2017.11.21 21:41:53.434,0.88629,0.8864,1.66,1.37
2017.11.21 21:41:53.982,0.88627,0.88639,2.14,1.50
2017.11.21 21:41:54.524,0.88627,0.88639,2.14,1.50
2017.11.21 21:41:55.068,0.88627,0.88639,1.76,2.06
2017.11.21 21:41:55.855,0.88627,0.88639,1.76,2.06
2017.11.21 21:41:57.875,0.88628,0.8864,1.66,1.62
2017.11.21 21:41:58.195,0.8863,0.88641,1.76,2.25
2017.11.21 21:41:58.846,0.8863,0.88643,1.76,2.44
2017.11.21 21:42:01.873,0.88632,0.88642,1.29,1.37
2017.11.21 21:42:02.866,0.88632,0.88641,1.66,1.50
2017.11.21 21:42:05.880,0.88632,0.88641,1.29,2.25
2017.11.21 21:42:09.555,0.88631,0.8864,1.01,1.12
2017.11.21 21:42:12.916,0.8863,0.88642,2.33,1.37
2017.11.21 21:42:16.035,0.88631,0.88641,1.01,1.37
2017.11.21 21:42:16.678,0.88631,0.88641,1.01,1.37
2017.11.21 21:42:17.500,0.88631,0.88641,1.01,1.00
2017.11.21 21:42:17.604,0.88633,0.88645,1.19,1.12
2017.11.21 21:42:17.706,0.88634,0.88648,2.14,1.63
2017.11.21 21:42:18.009,0.88636,0.88649,2.14,3.94
2017.11.21 21:42:18.601,0.88636,0.88649,1.64,3.19
2017.11.21 21:42:20.858,0.88635,0.88649,1.76,3.38
2017.11.21 21:42:21.392,0.88635,0.88649,1.64,3.75
2017.11.21 21:42:27.771,0.88635,0.88649,1.64,3.38
2017.11.21 21:42:28.997,0.88635,0.88647,1.39,1.50
2017.11.21 21:42:29.435,0.88635,0.88649,1.64,3.75
2017.11.21 21:42:30.010,0.88636,0.88649,1.39,3.75
2017.11.21 21:42:30.534,0.88636,0.88649,1.39,3.75
2017.11.21 21:42:31.415,0.88639,0.88651,1.19,1.19
2017.11.21 21:42:31.468,0.88641,0.88653,2.70,1.69
2017.11.21 21:42:31.520,0.88645,0.88655,1.00,1.00
2017.11.21 21:42:31.777,0.88652,0.88663,1.25,2.25
2017.11.21 21:42:31.829,0.88654,0.88665,1.50,1.50
2017.11.21 21:42:32.136,0.88659,0.8867,1.07,1.94
2017.11.21 21:42:32.980,0.8866,0.88671,1.01,5.44
2017.11.21 21:42:33.563,0.88661,0.8867,1.07,1.63
2017.11.21 21:42:34.067,0.88661,0.8867,1.10,1.13
2017.11.21 21:42:34.488,0.88661,0.8867,1.20,1.31
2017.11.21 21:42:35.018,0.88661,0.88668,1.10,1.13
2017.11.21 21:42:35.069,0.8866,0.88668,1.01,1.13
2017.11.21 21:42:35.172,0.88656,0.88663,4.01,1.25
2017.11.21 21:42:35.684,0.88656,0.88663,2.14,1.25
2017.11.21 21:42:36.216,0.88656,0.88664,1.10,1.31
2017.11.21 21:42:36.548,0.88657,0.88667,1.07,2.25
2017.11.21 21:42:37.380,0.88657,0.88667,1.57,2.00
2017.11.21 21:42:43.317,0.88657,0.88666,1.39,1.75
2017.11.21 21:42:48.631,0.88656,0.88662,1.01,1.69
2017.11.21 21:42:48.682,0.88653,0.8866,1.01,1.00
2017.11.21 21:42:48.734,0.88651,0.8866,1.20,1.50
2017.11.21 21:42:48.786,0.88649,0.8866,1.76,1.87
2017.11.21 21:42:49.782,0.88648,0.88661,1.44,2.44
2017.11.21 21:42:50.324,0.88648,0.8866,1.19,1.25
2017.11.21 21:42:51.188,0.88647,0.88659,1.19,1.50
2017.11.21 21:42:51.877,0.88645,0.88659,1.63,2.06
2017.11.21 21:42:51.929,0.88645,0.88659,1.63,2.81
2017.11.21 21:42:52.192,0.88645,0.88659,1.63,3.26
2017.11.21 21:42:52.738,0.88645,0.88655,1.19,1.10
2017.11.21 21:42:53.043,0.88645,0.88656,1.19,1.20
2017.11.21 21:42:53.384,0.88639,0.88651,1.69,1.32
2017.11.21 21:42:53.510,0.88639,0.88649,1.19,1.45
2017.11.21 21:42:53.664,0.88635,0.88647,1.56,1.57
2017.11.21 21:42:54.165,0.88634,0.88645,2.44,1.20
2017.11.21 21:42:54.677,0.88634,0.88645,2.44,1.07
2017.11.21 21:43:00.816,0.88637,0.88646,1.87,1.45
2017.11.21 21:43:01.276,0.88639,0.88648,1.87,1.57
2017.11.21 21:43:02.347,0.88639,0.88649,2.06,2.32
2017.11.21 21:43:03.243,0.88639,0.88649,2.06,1.95
2017.11.21 21:43:03.756,0.88639,0.88649,2.06,1.45
2017.11.21 21:43:07.255,0.88639,0.88649,2.06,1.57
2017.11.21 21:43:08.916,0.88638,0.88649,1.81,1.45
2017.11.21 21:43:09.378,0.88637,0.88648,1.31,1.45
2017.11.21 21:43:10.738,0.88637,0.88648,1.31,1.07
2017.11.21 21:43:16.335,0.88636,0.88648,1.44,3.26
2017.11.21 21:43:17.048,0.88635,0.88649,3.38,2.89
2017.11.21 21:43:17.576,0.88637,0.88648,1.31,1.45
2017.11.21 21:43:20.653,0.88637,0.88648,2.44,1.45
2017.11.21 21:43:23.063,0.88637,0.88648,1.19,1.45
2017.11.21 21:43:23.290,0.88641,0.88653,2.44,1.50
2017.11.21 21:43:23.342,0.88645,0.88657,1.00,2.70
2017.11.21 21:43:23.844,0.88645,0.88657,1.37,2.25
2017.11.21 21:43:24.408,0.88645,0.88658,1.19,2.06
2017.11.21 21:43:24.664,0.88648,0.8866,1.00,1.69
2017.11.21 21:43:25.190,0.88649,0.8866,1.25,1.37
2017.11.21 21:43:25.730,0.88649,0.8866,1.25,1.12
2017.11.21 21:43:26.287,0.88649,0.8866,1.25,1.44
2017.11.21 21:43:27.786,0.88649,0.8866,1.25,1.25
2017.11.21 21:43:28.824,0.88648,0.88661,1.19,3.64
2017.11.21 21:43:28.930,0.88645,0.88656,1.19,2.25
2017.11.21 21:43:28.983,0.88644,0.88656,1.19,1.69
2017.11.21 21:43:29.270,0.88643,0.88658,1.31,3.19
2017.11.21 21:43:29.692,0.88649,0.88659,1.00,1.39
2017.11.21 21:43:29.796,0.88649,0.88662,1.00,3.45
2017.11.21 21:43:29.900,0.88649,0.88662,1.00,6.08
2017.11.21 21:43:29.951,0.88649,0.88662,1.00,5.33
2017.11.21 21:43:30.361,0.88648,0.88661,1.25,1.38
2017.11.21 21:43:30.906,0.88648,0.8866,1.25,1.25
2017.11.21 21:43:31.321,0.88646,0.88659,1.19,2.44
2017.11.21 21:43:31.928,0.88645,0.88658,2.44,1.25
2017.11.21 21:43:32.133,0.88648,0.88659,1.87,1.62
2017.11.21 21:43:32.185,0.88649,0.88661,2.62,1.12
2017.11.21 21:43:32.889,0.88651,0.88662,1.69,1.87
2017.11.21 21:43:33.478,0.88651,0.88661,1.69,1.00
2017.11.21 21:43:34.483,0.88651,0.88662,1.69,1.12
2017.11.21 21:43:35.040,0.88651,0.88662,1.69,2.62
2017.11.21 21:43:35.198,0.88648,0.8866,1.19,2.44
2017.11.21 21:43:35.404,0.88646,0.88659,2.63,1.88
2017.11.21 21:43:36.188,0.88646,0.88659,1.19,1.00
2017.11.21 21:43:38.410,0.88646,0.88659,1.19,1.69
2017.11.21 21:43:39.263,0.88646,0.88659,1.19,1.50
2017.11.21 21:43:39.797,0.88649,0.88659,1.00,1.25
2017.11.21 21:43:40.774,0.88649,0.88661,1.00,1.50
2017.11.21 21:43:41.315,0.88649,0.88661,1.19,1.31
2017.11.21 21:43:42.639,0.88647,0.88659,1.19,1.69
2017.11.21 21:43:42.691,0.88647,0.88657,1.69,1.50
2017.11.21 21:43:42.742,0.88645,0.88657,1.19,1.50
2017.11.21 21:43:45.054,0.88645,0.88657,1.31,2.25
2017.11.21 21:43:46.013,0.88645,0.88657,1.31,2.44
2017.11.21 21:43:47.085,0.88645,0.88657,1.19,3.00
2017.11.21 21:43:50.744,0.88643,0.88657,1.69,1.45
2017.11.21 21:43:57.631,0.88643,0.88656,1.56,1.01
2017.11.21 21:43:59.685,0.88643,0.88655,2.06,1.01
2017.11.21 21:44:00.306,0.88643,0.88656,1.69,1.70
2017.11.21 21:44:02.480,0.88643,0.88656,1.69,1.70
2017.11.21 21:44:03.954,0.88644,0.88656,1.31,1.95
2017.11.21 21:44:15.136,0.88644,0.88654,1.31,1.57
2017.11.21 21:44:15.241,0.88641,0.88653,1.19,1.39
2017.11.21 21:44:15.293,0.8864,0.88654,1.31,4.76
2017.11.21 21:44:15.834,0.88639,0.88653,2.44,1.45
2017.11.21 21:44:17.425,0.88639,0.8865,1.19,2.25
2017.11.21 21:44:17.479,0.88637,0.88648,1.31,1.50
2017.11.21 21:44:17.532,0.88637,0.88648,1.31,2.32
2017.11.21 21:44:17.987,0.88634,0.88648,3.75,3.07
2017.11.21 21:44:18.379,0.88634,0.88646,1.19,2.32
2017.11.21 21:44:18.912,0.88632,0.88646,1.31,3.07
2017.11.21 21:44:19.276,0.8863,0.88643,1.19,1.95
2017.11.21 21:44:19.735,0.8863,0.88642,1.50,1.07
2017.11.21 21:44:20.258,0.88631,0.88643,1.25,1.57
2017.11.21 21:44:26.533,0.88631,0.88644,1.69,2.89
2017.11.21 21:44:26.636,0.88632,0.88644,1.00,1.70
2017.11.21 21:44:26.688,0.88634,0.88645,1.00,1.57
2017.11.21 21:44:27.014,0.88636,0.88647,1.00,1.82
2017.11.21 21:44:32.997,0.88636,0.88648,3.38,1.01
2017.11.21 21:44:33.159,0.88638,0.8865,1.19,1.82
2017.11.21 21:44:33.562,0.88639,0.88649,1.25,1.10
2017.11.21 21:44:33.997,0.88641,0.88651,1.63,1.20
2017.11.21 21:44:34.099,0.88642,0.88654,2.81,1.39
2017.11.21 21:44:34.202,0.88643,0.88655,1.25,1.76
2017.11.21 21:44:34.743,0.88643,0.88656,1.25,4.20
2017.11.21 21:44:37.205,0.88643,0.88656,1.62,4.01
2017.11.21 21:44:37.803,0.88643,0.88655,1.62,1.07
2017.11.21 21:44:38.347,0.88643,0.88655,1.31,1.39
2017.11.21 21:44:46.019,0.88643,0.88656,1.31,3.08
2017.11.21 21:44:46.626,0.88643,0.88656,1.31,2.70
2017.11.21 21:44:47.393,0.88645,0.88656,1.00,1.58
2017.11.21 21:44:50.883,0.88645,0.88656,1.50,1.01
2017.11.21 21:44:52.034,0.88645,0.88657,1.31,1.76
2017.11.21 21:44:57.924,0.88644,0.88656,2.06,1.20
2017.11.21 21:45:02.918,0.88644,0.88656,2.44,1.57
2017.11.21 21:45:10.908,0.88644,0.88656,1.31,1.07
2017.11.21 21:45:14.742,0.88644,0.88656,3.37,1.20
2017.11.21 21:45:16.933,0.88644,0.88656,2.62,1.07
2017.11.21 21:45:17.243,0.88648,0.88658,1.37,1.45
2017.11.21 21:45:17.294,0.8865,0.8866,1.00,1.45
2017.11.21 21:45:17.397,0.8865,0.88661,1.19,1.20
2017.11.21 21:45:17.951,0.8865,0.88663,3.56,2.89
2017.11.21 21:45:18.608,0.8865,0.88663,4.50,2.70
2017.11.21 21:45:19.478,0.88651,0.88664,4.87,3.07
2017.11.21 21:45:20.055,0.88653,0.88664,1.00,3.07
2017.11.21 21:45:21.198,0.88653,0.88663,1.00,1.45
2017.11.21 21:45:24.671,0.88652,0.88663,2.81,1.57
2017.11.21 21:45:26.226,0.88652,0.88663,3.19,1.64
2017.11.21 21:45:27.843,0.88652,0.88663,1.31,2.14
2017.11.21 21:45:28.490,0.88652,0.88663,1.62,1.76
2017.11.21 21:45:29.453,0.88652,0.88663,1.31,1.76
2017.11.21 21:45:32.897,0.88652,0.88663,1.31,1.70
2017.11.21 21:45:33.152,0.88652,0.88663,3.00,1.50
2017.11.21 21:45:37.041,0.88653,0.88663,2.62,1.12
2017.11.21 21:45:37.370,0.88658,0.88664,1.37,1.00
2017.11.21 21:45:37.524,0.88657,0.88663,1.12,1.00
2017.11.21 21:45:37.627,0.88656,0.88663,3.00,1.00
2017.11.21 21:45:37.731,0.88657,0.88663,1.12,1.00
2017.11.21 21:45:38.269,0.88656,0.88664,3.19,3.22
2017.11.21 21:45:40.844,0.88658,0.88664,1.00,1.00
2017.11.21 21:45:40.895,0.88656,0.88664,1.00,1.00
2017.11.21 21:45:47.872,0.88657,0.88664,1.00,1.00
2017.11.21 21:45:55.995,0.88657,0.88664,1.00,3.41
2017.11.21 21:45:56.047,0.88655,0.88664,1.12,3.41
2017.11.21 21:46:01.786,0.88655,0.88664,1.12,1.00
2017.11.21 21:46:02.297,0.88655,0.88663,1.12,1.50
2017.11.21 21:46:08.704,0.88654,0.88664,2.81,1.00
2017.11.21 21:46:11.400,0.88656,0.88664,1.00,3.41
2017.11.21 21:46:19.866,0.88656,0.88662,1.50,1.00
2017.11.21 21:46:20.817,0.88657,0.88662,1.50,1.00
2017.11.21 21:46:20.972,0.88656,0.88664,2.06,3.00
2017.11.21 21:46:21.128,0.88656,0.88662,1.50,1.00
2017.11.21 21:46:21.822,0.88657,0.88662,1.00,1.00
2017.11.21 21:46:22.653,0.88658,0.88662,1.00,1.00
2017.11.21 21:46:22.706,0.88656,0.88663,1.12,1.00
2017.11.21 21:46:23.275,0.88655,0.88663,1.50,1.00
2017.11.21 21:46:23.327,0.88657,0.88663,1.00,1.00
2017.11.21 21:46:23.379,0.88657,0.88665,1.00,1.87
2017.11.21 21:46:24.020,0.88656,0.88668,1.69,1.62
2017.11.21 21:46:25.368,0.88656,0.88668,1.25,2.00
2017.11.21 21:46:26.741,0.88656,0.88667,1.25,1.31
2017.11.21 21:46:27.759,0.88656,0.88669,1.25,5.14
2017.11.21 21:46:34.841,0.88656,0.88667,1.25,2.81
2017.11.21 21:46:34.893,0.88654,0.88667,1.31,1.69
2017.11.21 21:46:35.530,0.88654,0.88667,1.25,3.19
2017.11.21 21:46:40.350,0.88654,0.88665,1.00,1.00
2017.11.21 21:46:40.923,0.88654,0.88666,1.00,3.07
2017.11.21 21:46:41.515,0.88654,0.88665,1.00,1.00
2017.11.21 21:46:42.255,0.88654,0.88666,1.00,2.81
2017.11.21 21:46:43.101,0.88654,0.88665,1.00,1.25
2017.11.21 21:46:43.656,0.88654,0.88666,1.25,1.12
2017.11.21 21:46:46.794,0.88654,0.88666,1.25,1.31
2017.11.21 21:46:47.371,0.88654,0.88666,1.25,1.31
2017.11.21 21:46:50.140,0.88654,0.88666,1.31,1.31
2017.11.21 21:46:50.922,0.88654,0.88666,1.25,1.12
2017.11.21 21:46:51.582,0.88654,0.88667,1.95,2.81
2017.11.21 21:46:53.438,0.88655,0.88667,1.01,1.25
2017.11.21 21:46:54.225,0.88656,0.88667,1.10,1.19
2017.11.21 21:46:54.757,0.88656,0.88667,1.00,1.25
2017.11.21 21:47:00.647,0.88656,0.88667,2.06,2.62
2017.11.21 21:47:02.652,0.88656,0.88667,1.69,2.62
2017.11.21 21:47:05.091,0.88657,0.88667,1.87,1.00
2017.11.21 21:47:05.613,0.88657,0.88668,1.87,1.25
2017.11.21 21:47:06.167,0.88657,0.88669,1.87,4.95
2017.11.21 21:47:08.337,0.88657,0.88669,1.87,4.20
2017.11.21 21:47:09.114,0.88657,0.88669,1.87,4.76
2017.11.21 21:47:15.458,0.88657,0.88668,2.06,1.87
2017.11.21 21:47:16.230,0.88657,0.88662,1.87,1.00
2017.11.21 21:47:16.333,0.88653,0.88662,5.44,1.00
2017.11.21 21:47:16.386,0.88653,0.88662,2.25,1.00
2017.11.21 21:47:16.540,0.88654,0.88662,2.06,1.50
2017.11.21 21:47:18.524,0.88655,0.88661,1.87,1.00
2017.11.21 21:47:19.124,0.88655,0.88662,2.06,1.50
2017.11.21 21:47:20.530,0.88655,0.88662,1.87,1.00
2017.11.21 21:47:23.476,0.88655,0.88662,1.87,1.00
2017.11.21 21:47:25.139,0.88655,0.88661,1.87,1.00
2017.11.21 21:47:38.421,0.88655,0.88661,2.06,1.00
2017.11.21 21:47:43.477,0.88654,0.88661,2.81,1.00
2017.11.21 21:47:45.385,0.88655,0.88661,1.50,1.00
2017.11.21 21:47:46.264,0.88654,0.88661,3.75,1.00
2017.11.21 21:47:47.491,0.88655,0.88661,1.50,1.00
2017.11.21 21:47:48.875,0.88656,0.88662,1.87,1.00
2017.11.21 21:47:55.888,0.88657,0.88668,1.00,7.76
2017.11.21 21:47:56.532,0.88657,0.88668,1.00,1.00
2017.11.21 21:47:57.185,0.88657,0.88669,1.19,2.44
2017.11.21 21:47:59.050,0.88658,0.88671,1.25,1.76
2017.11.21 21:47:59.102,0.88658,0.88672,2.06,6.82
2017.11.21 21:47:59.832,0.88659,0.88672,1.87,2.06
2017.11.21 21:48:00.343,0.88659,0.88672,2.62,4.69
2017.11.21 21:48:14.613,0.88659,0.88672,2.62,1.87
2017.11.21 21:48:15.776,0.88659,0.8867,2.62,1.25
2017.11.21 21:48:21.616,0.88659,0.88672,2.62,2.81
2017.11.21 21:48:28.796,0.88659,0.88672,2.62,2.06
2017.11.21 21:48:36.788,0.88659,0.88672,3.00,6.94
2017.11.21 21:48:39.166,0.88659,0.88671,2.62,1.44
2017.11.21 21:48:40.908,0.88659,0.88671,3.00,1.12
2017.11.21 21:48:41.429,0.88659,0.88671,3.00,3.37
2017.11.21 21:48:46.376,0.88659,0.88671,1.50,3.00
2017.11.21 21:48:47.041,0.88658,0.88671,1.69,3.82
2017.11.21 21:48:47.615,0.88658,0.88671,1.69,3.82
2017.11.21 21:48:49.073,0.88658,0.88671,1.31,4.57
2017.11.21 21:48:54.160,0.88658,0.88671,1.31,2.70
2017.11.21 21:48:57.287,0.88658,0.88669,1.31,1.00
2017.11.21 21:49:00.112,0.88658,0.88669,1.31,2.89
2017.11.21 21:49:00.649,0.88658,0.88669,1.12,1.12
2017.11.21 21:49:05.615,0.88656,0.8867,2.62,3.45
2017.11.21 21:49:09.541,0.88655,0.88665,1.19,1.62
2017.11.21 21:49:09.594,0.88653,0.88665,1.31,4.12
2017.11.21 21:49:09.697,0.88653,0.88664,1.25,1.50
2017.11.21 21:49:11.853,0.88653,0.88665,1.12,4.69
2017.11.21 21:49:12.385,0.88654,0.88666,1.00,1.62
2017.11.21 21:49:12.817,0.88654,0.88664,1.00,2.06
2017.11.21 21:49:12.870,0.88654,0.88666,1.00,5.32
2017.11.21 21:49:13.469,0.88654,0.88665,1.00,1.50
2017.11.21 21:49:16.642,0.88654,0.88666,1.12,3.26
2017.11.21 21:49:16.826,0.88654,0.88667,1.12,4.57
2017.11.21 21:49:20.610,0.88654,0.88667,1.00,1.85
2017.11.21 21:49:22.929,0.88654,0.88667,1.37,1.66
2017.11.21 21:49:23.951,0.88654,0.88667,1.50,2.32
2017.11.21 21:49:28.303,0.88654,0.88667,2.44,1.01
2017.11.21 21:49:30.258,0.88654,0.88667,2.62,1.01
2017.11.21 21:49:30.737,0.88654,0.88668,4.50,6.26
2017.11.21 21:49:31.345,0.88655,0.88669,1.37,4.95
2017.11.21 21:49:33.327,0.88655,0.88669,1.50,2.70
2017.11.21 21:49:35.226,0.88655,0.88669,1.62,4.01
2017.11.21 21:49:40.309,0.88655,0.88669,1.69,2.51
2017.11.21 21:49:40.361,0.88655,0.88668,1.31,1.50
2017.11.21 21:49:40.616,0.88655,0.88667,1.12,2.14
2017.11.21 21:49:41.143,0.88655,0.88666,1.12,1.39
2017.11.21 21:49:41.673,0.88654,0.88667,4.12,3.07
2017.11.21 21:49:42.434,0.88654,0.88667,3.75,3.07
2017.11.21 21:49:43.392,0.88654,0.88667,3.75,3.07
2017.11.21 21:49:45.506,0.88654,0.88667,3.37,3.07
2017.11.21 21:49:46.056,0.88654,0.88666,2.25,1.20
2017.11.21 21:49:46.604,0.88654,0.88666,3.19,1.50
2017.11.21 21:49:48.363,0.88654,0.88666,3.56,1.50
2017.11.21 21:49:49.332,0.88654,0.88666,3.56,1.50
2017.11.21 21:49:50.273,0.88654,0.88666,1.37,1.12
2017.11.21 21:49:51.626,0.88654,0.88666,1.00,1.12
2017.11.21 21:49:57.287,0.88653,0.88666,3.00,1.12
2017.11.21 21:49:57.791,0.88654,0.88666,1.00,1.12
2017.11.21 21:49:58.744,0.88653,0.88666,2.62,1.12
2017.11.21 21:49:59.267,0.88655,0.88666,1.00,1.44
2017.11.21 21:49:59.825,0.88655,0.88667,1.00,3.45
2017.11.21 21:50:00.377,0.88653,0.88667,3.75,1.57
2017.11.21 21:50:00.945,0.88653,0.88666,2.62,1.50
2017.11.21 21:50:01.467,0.88653,0.88666,3.00,1.00
2017.11.21 21:50:02.409,0.88653,0.88666,1.12,1.41
2017.11.21 21:50:02.461,0.88653,0.88666,1.00,1.87
2017.11.21 21:50:02.564,0.88651,0.88663,1.39,2.06
2017.11.21 21:50:02.667,0.88648,0.88661,1.10,2.25
2017.11.21 21:50:02.922,0.88647,0.88661,1.00,3.37
2017.11.21 21:50:04.219,0.88647,0.8866,1.47,1.87
2017.11.21 21:50:04.271,0.88647,0.8866,1.37,2.62
2017.11.21 21:50:04.477,0.88649,0.88662,3.00,3.37
2017.11.21 21:50:05.459,0.8865,0.88662,1.25,1.50
2017.11.21 21:50:11.264,0.88648,0.88663,1.57,5.06
2017.11.21 21:50:11.775,0.88648,0.88661,1.20,1.69
2017.11.21 21:50:12.532,0.88648,0.88662,1.57,5.89
2017.11.21 21:50:12.840,0.88648,0.8866,1.00,2.44
2017.11.21 21:50:20.228,0.88647,0.8866,2.81,2.06
2017.11.21 21:50:21.776,0.88648,0.8866,1.00,3.94
2017.11.21 21:50:22.374,0.88647,0.8866,3.56,2.44
2017.11.21 21:50:22.943,0.88648,0.8866,1.00,3.94
2017.11.21 21:50:23.252,0.88647,0.88654,1.87,1.00
2017.11.21 21:50:23.305,0.88648,0.88658,1.00,3.64
2017.11.21 21:50:23.356,0.88647,0.88654,1.87,1.00
2017.11.21 21:50:23.663,0.88647,0.88652,2.62,1.00
2017.11.21 21:50:27.377,0.88647,0.88653,2.25,1.00
2017.11.21 21:50:27.881,0.88647,0.88652,1.00,1.00
2017.11.21 21:50:28.089,0.88645,0.88651,1.50,1.00
2017.11.21 21:50:28.246,0.88649,0.88654,1.00,1.00
2017.11.21 21:50:28.556,0.88646,0.88657,2.81,2.47
2017.11.21 21:50:29.065,0.88646,0.88656,1.00,1.33
2017.11.21 21:50:29.644,0.88646,0.88654,1.50,1.25
2017.11.21 21:50:29.695,0.88646,0.88652,1.50,1.00
2017.11.21 21:50:30.297,0.88645,0.88652,1.50,1.00
2017.11.21 21:50:33.717,0.88644,0.88652,2.62,1.00
2017.11.21 21:50:35.299,0.88644,0.88652,1.50,1.37
2017.11.21 21:50:35.403,0.88642,0.88652,2.25,1.37
2017.11.21 21:50:35.908,0.88641,0.88652,3.37,1.87
2017.11.21 21:50:36.670,0.8864,0.88652,4.87,1.62
2017.11.21 21:50:37.713,0.88642,0.88652,1.50,1.57
2017.11.21 21:50:39.034,0.88642,0.88651,3.00,1.00
2017.11.21 21:50:41.750,0.88641,0.88651,3.37,1.00
2017.11.21 21:50:42.057,0.88643,0.88652,1.87,1.00
2017.11.21 21:50:43.554,0.88643,0.88652,1.87,1.00
2017.11.21 21:50:48.362,0.88643,0.88652,1.87,1.00
2017.11.21 21:50:51.157,0.88644,0.88653,1.50,1.00
2017.11.21 21:50:51.209,0.88649,0.88655,1.37,1.05
2017.11.21 21:50:51.312,0.88651,0.88661,1.12,1.26
2017.11.21 21:50:51.363,0.8865,0.88662,1.00,1.01
2017.11.21 21:50:51.875,0.88651,0.88662,1.00,1.12
2017.11.21 21:50:53.309,0.88651,0.88663,1.00,2.81
2017.11.21 21:50:53.967,0.88651,0.88663,1.00,2.81
2017.11.21 21:50:55.383,0.88651,0.88663,1.00,1.87
2017.11.21 21:50:55.942,0.88651,0.88663,1.00,1.87
2017.11.21 21:50:56.148,0.8865,0.88663,2.25,1.37
2017.11.21 21:50:56.456,0.88647,0.88658,2.70,1.00
2017.11.21 21:50:56.957,0.88647,0.88658,2.62,1.25
2017.11.21 21:50:58.520,0.88647,0.88658,1.87,1.25
2017.11.21 21:50:59.327,0.88647,0.8866,2.62,1.12
2017.11.21 21:51:06.938,0.8865,0.88661,2.25,1.31
2017.11.21 21:51:07.041,0.88655,0.88666,3.00,1.19
2017.11.21 21:51:07.093,0.88655,0.88667,2.62,1.95
2017.11.21 21:51:07.399,0.88656,0.88668,3.19,1.95
2017.11.21 21:51:07.501,0.88657,0.88669,1.87,2.62
2017.11.21 21:51:08.947,0.88657,0.8867,4.12,5.66
2017.11.21 21:51:10.370,0.88657,0.88669,1.87,1.25
2017.11.21 21:51:10.762,0.88655,0.88668,4.12,1.44
2017.11.21 21:51:10.865,0.88657,0.8867,1.37,6.82
2017.11.21 21:51:14.178,0.88657,0.8867,3.37,3.75
2017.11.21 21:51:14.814,0.88657,0.8867,2.62,1.87
2017.11.21 21:51:18.543,0.88657,0.8867,3.75,2.51
2017.11.21 21:51:27.924,0.88657,0.8867,1.37,1.57
2017.11.21 21:51:30.111,0.88657,0.88669,1.37,1.12
2017.11.21 21:51:39.163,0.88657,0.8867,1.37,1.57
2017.11.21 21:51:40.426,0.88656,0.88668,1.50,2.62
2017.11.21 21:51:40.944,0.88655,0.88668,4.69,1.31
2017.11.21 21:51:41.487,0.88655,0.88669,7.12,3.56
2017.11.21 21:51:41.969,0.88655,0.88668,2.06,1.87
2017.11.21 21:51:42.021,0.88654,0.88668,1.19,3.19
2017.11.21 21:51:42.073,0.88653,0.88667,2.89,1.19
2017.11.21 21:51:42.277,0.88651,0.88666,1.76,2.81
2017.11.21 21:51:42.380,0.88651,0.88665,1.10,1.19
2017.11.21 21:51:45.278,0.8865,0.88665,3.56,4.57
2017.11.21 21:51:45.817,0.8865,0.88665,3.00,6.26
2017.11.21 21:51:46.505,0.88649,0.88663,5.89,2.06
2017.11.21 21:51:46.812,0.88648,0.8866,3.60,1.37
2017.11.21 21:51:46.966,0.88644,0.88658,1.31,5.25
2017.11.21 21:51:47.382,0.88643,0.88657,4.01,1.25
2017.11.21 21:51:48.415,0.88644,0.88659,2.51,1.12
2017.11.21 21:51:48.926,0.88645,0.8866,2.70,1.87
2017.11.21 21:51:49.964,0.88645,0.88659,1.95,1.44
2017.11.21 21:51:50.667,0.88645,0.88659,2.32,2.62
2017.11.21 21:51:56.528,0.88645,0.88659,2.89,1.25
2017.11.21 21:51:57.718,0.88645,0.88659,4.20,1.00
2017.11.21 21:51:58.246,0.88646,0.88661,4.57,2.81
2017.11.21 21:51:59.909,0.88646,0.8866,4.76,1.44
2017.11.21 21:52:00.572,0.88646,0.8866,4.76,1.12
2017.11.21 21:52:15.617,0.88647,0.88661,2.32,2.25
2017.11.21 21:52:15.669,0.8865,0.88663,1.37,2.89
2017.11.21 21:52:15.720,0.8865,0.88665,4.12,4.57
2017.11.21 21:52:15.824,0.88651,0.88666,3.37,3.45
2017.11.21 21:52:16.858,0.88653,0.88667,2.06,5.32
2017.11.21 21:52:17.362,0.88653,0.88667,1.87,8.70
2017.11.21 21:52:17.705,0.88655,0.88667,1.37,5.81
2017.11.21 21:52:17.808,0.88657,0.88669,1.37,1.50
2017.11.21 21:52:18.340,0.88657,0.8867,1.87,1.50
2017.11.21 21:52:19.133,0.88658,0.8867,1.00,1.50
2017.11.21 21:52:19.338,0.88658,0.88671,3.37,2.44
2017.11.21 21:52:20.670,0.88662,0.88673,2.25,1.26
2017.11.21 21:52:20.774,0.88662,0.88677,7.31,5.14
2017.11.21 21:52:20.826,0.88663,0.88675,1.50,2.14
2017.11.21 21:52:21.063,0.88662,0.88676,2.62,1.12
2017.11.21 21:52:21.576,0.88664,0.88676,1.12,1.31
2017.11.21 21:52:21.948,0.88663,0.88677,3.94,2.70
2017.11.21 21:52:22.806,0.88663,0.88677,3.19,2.70
2017.11.21 21:52:24.715,0.88664,0.88677,1.37,2.70
2017.11.21 21:52:27.853,0.88664,0.88677,1.69,2.51
2017.11.21 21:52:28.398,0.88664,0.88677,1.50,1.95
2017.11.21 21:52:29.359,0.88664,0.88677,2.25,2.51
2017.11.21 21:52:29.410,0.88664,0.88677,1.50,2.32
2017.11.21 21:52:32.555,0.88662,0.88674,1.87,1.95
2017.11.21 21:52:32.865,0.88663,0.88675,3.19,1.01
2017.11.21 21:52:33.658,0.88663,0.88677,4.31,3.45
2017.11.21 21:52:36.245,0.88664,0.88676,1.12,1.95
2017.11.21 21:52:36.784,0.88664,0.88676,1.50,1.45
2017.11.21 21:52:37.299,0.88664,0.88676,1.50,1.45
2017.11.21 21:52:38.125,0.88664,0.88677,1.50,4.57
2017.11.21 21:52:41.143,0.88664,0.88676,1.00,1.01
2017.11.21 21:52:41.747,0.88664,0.88677,1.12,3.45
2017.11.21 21:52:42.558,0.88664,0.88676,1.50,1.20
2017.11.21 21:52:44.358,0.88664,0.88677,1.31,3.26
2017.11.21 21:52:44.704,0.88664,0.88677,1.62,3.26
2017.11.21 21:52:47.152,0.88663,0.88676,3.75,1.20
2017.11.21 21:52:47.737,0.88663,0.88677,3.00,3.64
2017.11.21 21:52:50.605,0.88664,0.88677,1.62,3.45
2017.11.21 21:53:00.100,0.88664,0.88677,1.25,4.20
2017.11.21 21:53:00.317,0.88669,0.88681,1.50,1.25
2017.11.21 21:53:00.879,0.8867,0.88681,1.00,1.00
2017.11.21 21:53:01.268,0.88669,0.88679,2.44,1.50
2017.11.21 21:53:01.475,0.88667,0.8868,2.25,4.39
2017.11.21 21:53:01.995,0.88668,0.8868,1.25,1.25
2017.11.21 21:53:02.679,0.88669,0.88681,1.25,2.81
2017.11.21 21:53:03.258,0.88668,0.8868,1.20,1.37
2017.11.21 21:53:04.194,0.88668,0.8868,1.20,1.00
2017.11.21 21:53:04.958,0.88669,0.8868,1.25,1.25
2017.11.21 21:53:05.466,0.88668,0.8868,1.20,1.00
2017.11.21 21:53:05.975,0.88669,0.8868,1.25,1.25
2017.11.21 21:53:06.513,0.88668,0.8868,1.20,1.00
2017.11.21 21:53:08.138,0.88668,0.88681,1.20,1.87
2017.11.21 21:53:09.369,0.88669,0.88681,1.12,2.06
2017.11.21 21:53:09.926,0.88668,0.88681,2.14,1.87
2017.11.21 21:53:11.189,0.88669,0.88681,1.12,1.87
2017.11.21 21:53:11.914,0.88668,0.88681,2.14,1.87
2017.11.21 21:53:15.188,0.88668,0.88681,2.32,1.87
2017.11.21 21:53:16.206,0.88668,0.88681,2.32,1.50
2017.11.21 21:53:26.235,0.88668,0.88681,4.39,4.50
2017.11.21 21:53:30.650,0.88669,0.88681,1.31,3.75
2017.11.21 21:53:33.349,0.88668,0.8868,2.14,1.25
2017.11.21 21:53:34.798,0.88668,0.88682,2.14,2.89
2017.11.21 21:53:35.760,0.88668,0.88682,1.95,4.20
2017.11.21 21:53:36.368,0.88669,0.88682,1.12,5.14
2017.11.21 21:53:37.079,0.88668,0.8868,1.87,1.32
2017.11.21 21:53:37.919,0.88669,0.8868,1.12,1.32
2017.11.21 21:53:38.474,0.88668,0.8868,1.87,1.32
2017.11.21 21:53:40.051,0.88669,0.8868,1.12,1.32
2017.11.21 21:53:40.297,0.88672,0.8868,1.00,1.10
2017.11.21 21:53:40.620,0.88675,0.88685,1.12,1.20
2017.11.21 21:53:41.030,0.88673,0.88684,1.12,1.95
2017.11.21 21:53:41.082,0.88676,0.88686,1.00,1.44
2017.11.21 21:53:41.388,0.88673,0.88685,4.12,3.75
2017.11.21 21:53:41.746,0.88671,0.88684,1.50,1.50
2017.11.21 21:53:42.581,0.8867,0.88684,1.95,1.50
2017.11.21 21:53:42.633,0.8867,0.88684,1.12,1.50
2017.11.21 21:53:43.470,0.88668,0.8868,1.00,1.50
2017.11.21 21:53:43.777,0.88658,0.8867,3.00,3.45
2017.11.21 21:53:43.880,0.88657,0.88668,1.12,1.26
2017.11.21 21:53:44.433,0.88657,0.88668,1.12,1.26
2017.11.21 21:53:45.569,0.88656,0.88668,1.50,1.26
2017.11.21 21:53:46.528,0.88655,0.88668,1.12,1.01
2017.11.21 21:53:52.735,0.88655,0.88666,1.00,1.45
2017.11.21 21:53:52.837,0.88655,0.88667,1.00,1.01
2017.11.21 21:53:53.757,0.88655,0.88668,1.00,1.95
2017.11.21 21:53:54.277,0.88654,0.88667,1.31,1.95
2017.11.21 21:53:58.485,0.88659,0.88672,1.10,1.56
2017.11.21 21:53:58.811,0.88659,0.88672,1.95,1.50
2017.11.21 21:53:59.365,0.88659,0.88672,2.32,1.62
2017.11.21 21:54:00.027,0.88659,0.88672,1.87,1.62
2017.11.21 21:54:00.233,0.88661,0.88673,1.00,1.31
2017.11.21 21:54:00.553,0.88661,0.88674,1.00,1.25
2017.11.21 21:54:01.096,0.88662,0.88676,1.00,3.26
2017.11.21 21:54:02.897,0.88664,0.88677,1.00,2.70
2017.11.21 21:54:03.058,0.88664,0.88678,1.69,4.39
2017.11.21 21:54:03.162,0.88664,0.88676,1.00,1.50
2017.11.21 21:54:07.997,0.88664,0.88677,1.00,2.44
2017.11.21 21:54:08.464,0.88665,0.88679,2.62,1.95
2017.11.21 21:54:09.057,0.88667,0.88678,1.00,1.50
2017.11.21 21:54:18.650,0.88667,0.8868,1.10,1.37
2017.11.21 21:54:19.707,0.88669,0.8868,1.00,1.62
2017.11.21 21:54:22.876,0.8867,0.88682,1.00,2.62
2017.11.21 21:54:24.561,0.8867,0.88682,1.00,1.81
2017.11.21 21:54:31.481,0.88669,0.88682,1.00,2.19
2017.11.21 21:54:42.124,0.88669,0.88682,1.37,1.69
2017.11.21 21:54:43.293,0.88669,0.88682,1.12,1.69
2017.11.21 21:54:43.796,0.88669,0.88682,1.20,1.87
2017.11.21 21:54:44.990,0.88669,0.88681,1.37,1.94
2017.11.21 21:54:48.550,0.88669,0.88681,1.47,2.44
2017.11.21 21:54:50.299,0.88669,0.88681,1.20,2.44
2017.11.21 21:54:51.927,0.88669,0.88682,1.50,1.44
2017.11.21 21:54:53.008,0.88669,0.88682,1.87,1.44
2017.11.21 21:54:57.670,0.88669,0.88682,1.87,1.44
2017.11.21 21:54:58.303,0.88669,0.88683,1.95,1.87
2017.11.21 21:54:58.620,0.88669,0.88683,1.95,1.44
2017.11.21 21:55:01.604,0.88669,0.88683,2.89,1.00
2017.11.21 21:55:02.318,0.8867,0.88683,3.82,1.00
2017.11.21 21:55:03.687,0.8867,0.88685,3.82,4.87
2017.11.21 21:55:05.335,0.88671,0.88685,3.82,3.37
2017.11.21 21:55:05.850,0.88672,0.88685,2.25,3.37
2017.11.21 21:55:06.837,0.88672,0.88685,2.32,2.25
2017.11.21 21:55:07.594,0.88672,0.88685,1.50,2.25
2017.11.21 21:55:08.357,0.88674,0.88685,1.00,2.25
2017.11.21 21:55:09.120,0.88675,0.88688,1.12,1.10
2017.11.21 21:55:09.276,0.88677,0.88691,1.00,1.00
2017.11.21 21:55:09.684,0.88677,0.8869,1.50,2.44
2017.11.21 21:55:10.462,0.88677,0.8869,3.00,1.19
2017.11.21 21:55:11.309,0.88676,0.8869,3.75,1.69
2017.11.21 21:55:11.770,0.88678,0.88691,1.00,3.19
2017.11.21 21:55:12.026,0.88676,0.8869,4.12,1.19
2017.11.21 21:55:12.568,0.88676,0.88689,3.75,1.19
2017.11.21 21:55:13.279,0.88676,0.88688,1.12,3.94
2017.11.21 21:55:13.433,0.88676,0.88688,1.00,1.69
2017.11.21 21:55:13.973,0.88675,0.88688,5.25,1.69
2017.11.21 21:55:14.231,0.88674,0.88688,1.50,1.87
2017.11.21 21:55:14.282,0.88674,0.88687,1.00,1.19
2017.11.21 21:55:14.800,0.88673,0.88688,1.00,4.12
2017.11.21 21:55:15.344,0.88673,0.88686,1.00,1.19
2017.11.21 21:55:17.438,0.88671,0.88685,2.62,1.37
2017.11.21 21:55:17.541,0.88669,0.88682,1.00,1.37
2017.11.21 21:55:17.594,0.88667,0.88681,1.31,1.37
2017.11.21 21:55:17.645,0.88669,0.88681,1.37,1.00
2017.11.21 21:55:17.749,0.88668,0.88681,1.00,2.06
2017.11.21 21:55:17.800,0.88668,0.88682,2.62,1.19
2017.11.21 21:55:17.852,0.88668,0.88683,3.37,3.19
2017.11.21 21:55:17.955,0.88668,0.8868,1.12,2.06
2017.11.21 21:55:18.105,0.88665,0.88679,1.47,1.00
2017.11.21 21:55:18.515,0.88664,0.88676,1.00,1.00
2017.11.21 21:55:18.824,0.88667,0.88679,1.00,1.78
2017.11.21 21:55:19.131,0.88664,0.88677,1.87,1.25
2017.11.21 21:55:19.438,0.88669,0.88681,1.00,1.69
2017.11.21 21:55:19.973,0.88669,0.88683,1.00,1.30
2017.11.21 21:55:20.281,0.88668,0.88684,3.75,3.94
2017.11.21 21:55:20.799,0.88668,0.88684,1.50,3.18
2017.11.21 21:55:21.458,0.8867,0.88685,3.00,3.93
2017.11.21 21:55:22.277,0.8867,0.88685,1.37,2.05
2017.11.21 21:55:22.797,0.8867,0.88685,1.50,1.68
2017.11.21 21:55:23.304,0.88672,0.88685,1.00,1.87
2017.11.21 21:55:23.847,0.88669,0.88685,1.87,2.43
2017.11.21 21:55:24.112,0.88669,0.88684,2.81,1.12
2017.11.21 21:55:24.626,0.88668,0.88683,3.19,1.50
2017.11.21 21:55:25.139,0.88668,0.88683,1.37,1.12
2017.11.21 21:55:25.652,0.88668,0.88682,1.50,1.00
2017.11.21 21:55:26.305,0.88668,0.88682,4.50,1.69
2017.11.21 21:55:26.850,0.88669,0.88683,1.00,1.19
2017.11.21 21:55:27.459,0.88668,0.88683,1.87,1.00
2017.11.21 21:55:29.354,0.88668,0.88683,1.87,1.25
2017.11.21 21:55:30.799,0.8867,0.88684,1.00,3.37
2017.11.21 21:55:30.850,0.88668,0.88684,2.25,5.05
2017.11.21 21:55:33.645,0.88667,0.88683,1.50,1.24
2017.11.21 21:55:34.790,0.8867,0.88683,1.50,1.87
2017.11.21 21:55:35.383,0.8867,0.88683,1.12,1.68
2017.11.21 21:55:35.858,0.88671,0.88683,1.50,1.87
2017.11.21 21:55:36.360,0.8867,0.88683,1.37,1.68
2017.11.21 21:55:39.870,0.8867,0.88683,1.00,1.68
2017.11.21 21:55:42.909,0.88668,0.88683,1.50,1.87
2017.11.21 21:55:43.839,0.88669,0.88683,1.37,1.87
2017.11.21 21:55:44.346,0.88669,0.88683,1.00,1.68
2017.11.21 21:55:45.524,0.88668,0.88683,3.75,1.68
2017.11.21 21:55:46.134,0.88669,0.88683,1.00,1.68
2017.11.21 21:55:46.808,0.88668,0.88683,3.37,1.68
2017.11.21 21:55:48.306,0.88669,0.88683,1.00,1.68
2017.11.21 21:55:48.957,0.88668,0.88684,3.75,3.18
2017.11.21 21:55:49.504,0.88668,0.88684,2.44,4.12
2017.11.21 21:55:50.014,0.88669,0.88684,1.12,3.94
2017.11.21 21:55:50.567,0.88669,0.88684,1.37,3.19
2017.11.21 21:55:52.654,0.8867,0.88684,1.37,4.12
2017.11.21 21:55:53.033,0.88669,0.88685,1.87,2.62
2017.11.21 21:55:53.240,0.8867,0.88685,1.50,1.87
2017.11.21 21:55:53.506,0.88671,0.88685,1.50,1.25
2017.11.21 21:55:54.198,0.88671,0.88685,2.62,1.69
2017.11.21 21:55:54.858,0.88671,0.88685,1.00,1.69
2017.11.21 21:55:55.737,0.88672,0.88685,1.50,1.69
2017.11.21 21:55:56.263,0.88671,0.88685,1.37,1.69
2017.11.21 21:55:56.805,0.88671,0.88685,1.00,1.69
2017.11.21 21:55:57.535,0.88672,0.88685,1.12,1.69
2017.11.21 21:55:58.059,0.88673,0.88685,1.00,1.50
2017.11.21 21:55:58.808,0.88672,0.88685,1.87,1.50
2017.11.21 21:56:00.240,0.88672,0.88685,1.87,1.25
2017.11.21 21:56:00.787,0.88672,0.88685,1.00,1.69
2017.11.21 21:56:00.941,0.8867,0.88685,1.00,1.69
2017.11.21 21:56:00.992,0.88669,0.88683,1.50,1.00
2017.11.21 21:56:02.847,0.88671,0.88683,1.00,1.00
2017.11.21 21:56:03.372,0.8867,0.88684,3.00,1.87
2017.11.21 21:56:03.576,0.8867,0.88684,1.00,1.69
2017.11.21 21:56:04.846,0.8867,0.88684,1.37,1.69
2017.11.21 21:56:05.765,0.88671,0.88684,1.12,1.87
2017.11.21 21:56:06.297,0.8867,0.88685,1.37,2.62
2017.11.21 21:56:07.356,0.88671,0.88685,1.50,3.00
2017.11.21 21:56:09.643,0.88671,0.88685,2.25,1.12
2017.11.21 21:56:10.248,0.88671,0.88685,2.25,1.31
2017.11.21 21:56:10.506,0.88671,0.88685,4.50,1.00
2017.11.21 21:56:11.105,0.88672,0.88685,3.37,1.50
2017.11.21 21:56:11.208,0.88672,0.88687,1.75,2.44
2017.11.21 21:56:13.243,0.88675,0.88686,1.50,1.69
2017.11.21 21:56:13.396,0.88672,0.88687,4.12,4.31
2017.11.21 21:56:13.930,0.88673,0.88686,1.50,1.69
2017.11.21 21:56:14.289,0.88671,0.88684,1.87,1.50
2017.11.21 21:56:14.798,0.88672,0.88685,1.50,3.19
2017.11.21 21:56:16.192,0.88672,0.88685,1.75,1.50
2017.11.21 21:56:16.696,0.88674,0.88685,1.00,2.25
2017.11.21 21:56:18.226,0.88672,0.88685,2.62,2.25
2017.11.21 21:56:19.324,0.88674,0.88685,1.00,2.25
2017.11.21 21:56:19.846,0.88672,0.88685,1.50,1.50
2017.11.21 21:56:21.639,0.88672,0.88685,1.75,1.50
2017.11.21 21:56:21.741,0.88676,0.88688,1.00,4.69
2017.11.21 21:56:22.309,0.88675,0.88688,1.50,2.62
2017.11.21 21:56:22.812,0.88674,0.88688,3.37,3.19
2017.11.21 21:56:23.239,0.88674,0.88688,1.00,3.19
2017.11.21 21:56:23.341,0.88675,0.88688,2.25,3.19
2017.11.21 21:56:23.774,0.88675,0.88688,2.25,2.25
2017.11.21 21:56:23.825,0.88675,0.88688,2.25,2.25
2017.11.21 21:56:24.346,0.88674,0.88688,1.50,2.44
2017.11.21 21:56:24.856,0.88676,0.88688,1.00,2.44
2017.11.21 21:56:25.512,0.88674,0.88687,2.25,1.69
2017.11.21 21:56:25.767,0.88677,0.88687,1.00,1.50
2017.11.21 21:56:25.971,0.88675,0.88687,1.50,1.50
2017.11.21 21:56:26.575,0.88674,0.88687,1.00,1.87
2017.11.21 21:56:27.076,0.88673,0.88687,2.25,1.69
2017.11.21 21:56:27.582,0.88672,0.88686,3.00,3.19
2017.11.21 21:56:27.893,0.88674,0.88687,1.50,3.37
2017.11.21 21:56:27.997,0.88675,0.88687,1.00,3.37
2017.11.21 21:56:28.457,0.88674,0.88686,1.12,1.44
2017.11.21 21:56:28.509,0.88673,0.88687,1.75,4.69
2017.11.21 21:56:29.270,0.88673,0.88687,2.25,4.12
2017.11.21 21:56:29.941,0.88674,0.88687,1.50,3.37
2017.11.21 21:56:30.479,0.88674,0.88687,2.25,1.50
2017.11.21 21:56:31.111,0.88673,0.88687,4.12,1.69
2017.11.21 21:56:31.266,0.88673,0.88686,1.50,5.06
2017.11.21 21:56:32.197,0.88672,0.88685,2.62,1.69
2017.11.21 21:56:32.889,0.88672,0.88685,2.62,1.69
2017.11.21 21:56:35.101,0.88672,0.88686,4.50,1.69
2017.11.21 21:56:35.627,0.88674,0.88687,1.50,3.37
2017.11.21 21:56:36.192,0.88674,0.88688,1.00,5.06
2017.11.21 21:56:37.327,0.88672,0.88688,3.94,6.75
2017.11.21 21:56:37.852,0.88675,0.88688,1.00,4.31
2017.11.21 21:56:39.190,0.88674,0.88688,2.62,3.56
2017.11.21 21:56:39.831,0.88673,0.88688,4.87,3.56
2017.11.21 21:56:40.743,0.88674,0.88688,2.62,3.56
2017.11.21 21:56:41.248,0.88673,0.88688,3.37,3.56
2017.11.21 21:56:41.360,0.88673,0.88688,1.50,3.56
2017.11.21 21:56:42.086,0.88674,0.88688,1.00,4.31
2017.11.21 21:56:42.188,0.88674,0.88687,1.00,2.81
2017.11.21 21:56:42.737,0.88674,0.88687,1.50,2.81
2017.11.21 21:56:44.166,0.88673,0.88687,1.20,1.19
2017.11.21 21:56:45.166,0.88673,0.88687,1.20,1.19
2017.11.21 21:56:45.632,0.88673,0.88681,1.12,1.50
2017.11.21 21:56:45.736,0.88669,0.88683,2.51,1.00
2017.11.21 21:56:45.789,0.88672,0.88683,1.00,1.00
2017.11.21 21:56:45.945,0.8867,0.88682,1.00,1.69
2017.11.21 21:56:46.497,0.88668,0.88682,4.01,2.44
2017.11.21 21:56:46.599,0.88669,0.88683,1.37,1.69
2017.11.21 21:56:46.754,0.88667,0.88683,3.45,2.62
2017.11.21 21:56:46.806,0.88671,0.88683,1.12,2.44
2017.11.21 21:56:47.268,0.88668,0.88682,1.95,1.19
2017.11.21 21:56:47.421,0.88668,0.88682,1.10,1.00
2017.11.21 21:56:47.473,0.88668,0.88682,1.57,2.62
2017.11.21 21:56:47.525,0.88668,0.88682,1.57,1.50
2017.11.21 21:56:47.577,0.88671,0.88683,1.00,2.62
2017.11.21 21:56:47.969,0.88672,0.88682,2.25,1.50
2017.11.21 21:56:48.126,0.88669,0.88684,1.47,1.25
2017.11.21 21:56:48.177,0.88668,0.88682,3.45,1.19
2017.11.21 21:56:48.229,0.88669,0.88683,1.50,1.50
2017.11.21 21:56:48.333,0.88667,0.88681,3.45,1.00
2017.11.21 21:56:48.384,0.88668,0.88684,2.51,3.37
2017.11.21 21:56:48.910,0.88669,0.88684,1.57,1.44
2017.11.21 21:56:49.420,0.88669,0.88682,1.87,1.00
2017.11.21 21:56:50.401,0.88669,0.88684,1.47,1.76
2017.11.21 21:56:51.278,0.88669,0.88683,2.70,1.00
2017.11.21 21:56:51.329,0.88671,0.88684,1.50,2.44
2017.11.21 21:56:52.075,0.88671,0.88683,1.37,1.00
2017.11.21 21:56:57.684,0.88671,0.88685,1.50,4.31
2017.11.21 21:56:57.993,0.88668,0.88684,3.45,5.62
2017.11.21 21:56:58.506,0.88668,0.88681,1.95,1.69
2017.11.21 21:57:00.348,0.88669,0.88681,1.95,1.50
2017.11.21 21:57:00.658,0.88669,0.88682,1.00,1.12
2017.11.21 21:57:00.863,0.88669,0.88683,1.95,1.69
2017.11.21 21:57:00.966,0.88669,0.88682,1.57,1.25
2017.11.21 21:57:05.229,0.8867,0.88683,1.47,1.87
2017.11.21 21:57:05.822,0.8867,0.88683,1.47,1.87
2017.11.21 21:57:06.875,0.8867,0.88683,1.10,1.87
2017.11.21 21:57:07.407,0.8867,0.88683,1.95,1.87
2017.11.21 21:57:09.305,0.8867,0.88683,1.95,2.62
2017.11.21 21:57:10.304,0.8867,0.88683,1.95,2.62
2017.11.21 21:57:10.892,0.88671,0.88684,1.50,3.37
2017.11.21 21:57:10.996,0.88671,0.88684,1.87,3.19
2017.11.21 21:57:11.305,0.88673,0.88685,1.37,2.62
2017.11.21 21:57:11.848,0.88673,0.88685,1.87,2.25
2017.11.21 21:57:12.390,0.88673,0.88686,1.87,3.19
2017.11.21 21:57:13.309,0.88674,0.88686,1.00,3.56
2017.11.21 21:57:14.226,0.88673,0.88686,2.25,3.19
2017.11.21 21:57:14.749,0.88674,0.88686,1.12,3.56
2017.11.21 21:57:15.273,0.88673,0.88686,1.37,3.37
2017.11.21 21:57:15.786,0.88673,0.88686,1.00,1.00
2017.11.21 21:57:16.448,0.88672,0.88686,1.20,1.00
2017.11.21 21:57:17.038,0.88672,0.88686,1.47,1.00
2017.11.21 21:57:17.616,0.88672,0.88686,1.50,1.00
2017.11.21 21:57:18.743,0.88673,0.88686,1.12,1.00
2017.11.21 21:57:20.997,0.88673,0.88686,1.50,1.00
2017.11.21 21:57:24.305,0.88673,0.88686,3.37,1.00
2017.11.21 21:57:24.808,0.88674,0.88686,1.00,1.00
2017.11.21 21:57:25.525,0.88673,0.88686,1.12,1.25
2017.11.21 21:57:26.332,0.88673,0.88686,2.25,1.25
2017.11.21 21:57:27.691,0.88673,0.88686,1.12,1.25
2017.11.21 21:57:28.232,0.88673,0.88688,1.12,1.87
2017.11.21 21:57:28.335,0.88674,0.88687,1.00,1.37
2017.11.21 21:57:30.846,0.88674,0.88687,1.00,1.00
2017.11.21 21:57:31.353,0.88672,0.88685,1.57,1.44
2017.11.21 21:57:31.455,0.88672,0.88684,1.57,1.25
2017.11.21 21:57:32.022,0.88672,0.88684,1.12,1.19
2017.11.21 21:57:32.692,0.88672,0.88684,1.57,1.19
2017.11.21 21:57:32.744,0.88672,0.88685,1.57,1.44
2017.11.21 21:57:33.278,0.88672,0.88684,1.12,1.19
2017.11.21 21:57:35.744,0.88673,0.88687,1.00,1.87
2017.11.21 21:57:36.293,0.88673,0.88686,1.12,1.44
2017.11.21 21:57:37.255,0.88672,0.88686,1.50,2.44
2017.11.21 21:57:37.795,0.88673,0.88686,1.00,1.69
2017.11.21 21:57:38.302,0.88674,0.88686,1.00,2.44
2017.11.21 21:57:39.192,0.88673,0.88686,1.12,1.50
2017.11.21 21:57:44.131,0.88673,0.88685,1.37,1.50
2017.11.21 21:57:44.183,0.88672,0.88685,1.57,1.50
2017.11.21 21:57:45.194,0.88672,0.88685,1.12,3.37
2017.11.21 21:57:46.043,0.88672,0.88684,1.12,1.19
2017.11.21 21:57:46.369,0.88672,0.88681,1.12,1.19
2017.11.21 21:57:46.472,0.8867,0.88682,2.62,1.50
2017.11.21 21:57:46.625,0.8867,0.88682,2.25,1.00
2017.11.21 21:57:46.779,0.8867,0.88682,1.95,2.44
2017.11.21 21:57:46.934,0.8867,0.88681,1.00,1.25
2017.11.21 21:57:46.985,0.88669,0.88681,1.20,1.25
2017.11.21 21:57:47.291,0.8867,0.88681,1.00,1.25
2017.11.21 21:57:47.343,0.8867,0.88681,1.12,1.25
2017.11.21 21:57:47.578,0.8867,0.88681,1.00,1.25
2017.11.21 21:57:47.631,0.8867,0.88681,1.37,1.25
2017.11.21 21:57:47.905,0.8867,0.88681,1.00,1.25
2017.11.21 21:57:47.957,0.88671,0.88681,1.37,1.69
2017.11.21 21:57:48.268,0.8867,0.88681,1.00,1.25
2017.11.21 21:57:48.320,0.8867,0.88681,1.37,1.25
2017.11.21 21:57:48.597,0.8867,0.88681,1.47,1.25
2017.11.21 21:57:48.968,0.8867,0.88681,1.12,1.37
2017.11.21 21:57:49.242,0.8867,0.88681,1.00,1.37
2017.11.21 21:57:49.294,0.8867,0.88682,1.37,4.12
2017.11.21 21:57:49.566,0.88669,0.88682,1.37,3.37
2017.11.21 21:57:49.618,0.88669,0.88682,1.85,3.37
2017.11.21 21:57:49.890,0.88668,0.88681,4.57,1.44
2017.11.21 21:57:49.942,0.88669,0.88681,1.20,1.44
2017.11.21 21:57:50.217,0.88668,0.88681,3.82,1.12
2017.11.21 21:57:50.269,0.88669,0.8868,2.32,1.25
2017.11.21 21:57:50.542,0.88668,0.88681,3.45,1.12
2017.11.21 21:57:51.139,0.88668,0.8868,3.45,1.00
2017.11.21 21:57:51.191,0.88668,0.8868,4.20,1.00
2017.11.21 21:57:51.242,0.88668,0.8868,3.45,1.00
2017.11.21 21:57:51.513,0.88668,0.8868,3.45,1.00
2017.11.21 21:57:51.565,0.88669,0.88679,1.87,1.00
2017.11.21 21:57:51.945,0.88668,0.88681,1.76,1.69
2017.11.21 21:57:51.999,0.88668,0.88681,1.37,3.19
2017.11.21 21:57:52.181,0.88668,0.88679,1.00,1.00
2017.11.21 21:57:52.696,0.88668,0.88679,1.00,2.62
2017.11.21 21:57:53.197,0.88668,0.88679,1.00,2.62
2017.11.21 21:57:55.111,0.88668,0.88679,1.00,1.19
2017.11.21 21:57:55.695,0.88667,0.88679,1.00,1.19
2017.11.21 21:57:56.239,0.88667,0.88679,1.00,1.19
2017.11.21 21:57:57.042,0.88667,0.88679,1.00,1.19
2017.11.21 21:57:57.742,0.88667,0.88679,1.12,1.25
2017.11.21 21:57:58.048,0.88666,0.88677,1.50,1.69
2017.11.21 21:57:58.550,0.88666,0.88677,1.50,1.19
2017.11.21 21:57:58.959,0.88666,0.88679,1.00,1.19
2017.11.21 21:57:59.011,0.88666,0.8868,1.00,3.19
2017.11.21 21:57:59.591,0.88666,0.88679,1.00,1.25
2017.11.21 21:57:59.899,0.88666,0.88679,1.00,1.50
2017.11.21 21:58:00.207,0.88665,0.88676,1.00,1.19
2017.11.21 21:58:00.942,0.88664,0.88678,1.50,2.81
2017.11.21 21:58:01.076,0.88662,0.88676,2.62,2.62
2017.11.21 21:58:01.693,0.88661,0.88674,2.25,1.00
2017.11.21 21:58:02.213,0.88662,0.88676,1.00,3.56
2017.11.21 21:58:05.236,0.88662,0.88675,1.00,1.87
2017.11.21 21:58:06.005,0.88662,0.88675,1.00,1.87
2017.11.21 21:58:06.555,0.88662,0.88675,1.00,1.87
2017.11.21 21:58:07.130,0.88662,0.88675,1.00,2.06
2017.11.21 21:58:07.181,0.88662,0.88675,1.00,1.87
2017.11.21 21:58:07.880,0.88662,0.88675,1.00,1.87
2017.11.21 21:58:08.587,0.88662,0.88675,1.00,1.87
2017.11.21 21:58:09.013,0.88661,0.88674,1.00,1.19
2017.11.21 21:58:09.409,0.88661,0.88672,1.00,1.19
2017.11.21 21:58:10.238,0.88661,0.88675,3.00,2.62
2017.11.21 21:58:10.838,0.88662,0.88675,1.00,1.69
2017.11.21 21:58:11.478,0.88662,0.88675,1.00,1.87
2017.11.21 21:58:12.015,0.88662,0.88675,1.00,1.69
2017.11.21 21:58:15.116,0.88661,0.88675,1.00,1.69
2017.11.21 21:58:20.838,0.8866,0.88675,3.37,2.44
2017.11.21 21:58:21.042,0.88662,0.88675,3.00,1.00
2017.11.21 21:58:21.911,0.88662,0.88676,2.44,1.25
2017.11.21 21:58:22.375,0.88664,0.88676,1.00,1.12
2017.11.21 21:58:23.197,0.88664,0.88676,1.00,1.87
2017.11.21 21:58:23.742,0.88664,0.88676,1.00,1.25
2017.11.21 21:58:25.356,0.88662,0.88676,3.37,1.12
2017.11.21 21:58:25.459,0.88663,0.88677,1.62,2.44
2017.11.21 21:58:25.738,0.88662,0.88676,3.37,1.25
2017.11.21 21:58:26.941,0.88664,0.88678,1.00,1.69
2017.11.21 21:58:30.352,0.88664,0.88679,2.25,3.56
2017.11.21 21:58:30.842,0.88665,0.88679,2.25,1.50
2017.11.21 21:58:31.149,0.88666,0.8868,2.25,1.69
2017.11.21 21:58:31.251,0.88666,0.8868,1.12,1.69
2017.11.21 21:58:31.456,0.88667,0.88682,1.00,1.69
2017.11.21 21:58:31.676,0.88669,0.88682,1.00,1.87
2017.11.21 21:58:32.186,0.88669,0.88682,1.00,2.62
2017.11.21 21:58:32.650,0.88667,0.88682,1.00,1.69
2017.11.21 21:58:32.854,0.88667,0.88682,1.50,1.87
2017.11.21 21:58:33.170,0.88669,0.88684,1.00,3.94
2017.11.21 21:58:33.688,0.88669,0.88683,1.12,1.00
2017.11.21 21:58:34.236,0.88669,0.88684,1.00,1.69
2017.11.21 21:58:34.580,0.88671,0.88684,1.12,1.87
2017.11.21 21:58:34.735,0.88669,0.88684,1.00,2.44
2017.11.21 21:58:35.288,0.88669,0.88683,1.50,1.87
2017.11.21 21:58:35.839,0.88669,0.88683,1.87,1.87
2017.11.21 21:58:36.748,0.88669,0.88683,1.50,1.69
2017.11.21 21:58:37.317,0.88669,0.88683,1.00,1.69
2017.11.21 21:58:37.840,0.88668,0.88683,1.00,1.87
2017.11.21 21:58:38.238,0.88669,0.88683,1.37,1.50
2017.11.21 21:58:38.596,0.88669,0.88683,1.00,2.81
2017.11.21 21:58:38.750,0.88667,0.8868,1.50,1.00
2017.11.21 21:58:38.955,0.88667,0.88679,1.50,1.19
2017.11.21 21:58:40.707,0.88667,0.88679,1.50,1.69
2017.11.21 21:58:41.243,0.88667,0.88679,1.00,1.19
2017.11.21 21:58:41.645,0.8867,0.8868,1.50,1.25
2017.11.21 21:58:42.350,0.88669,0.88683,1.00,1.69
2017.11.21 21:58:42.503,0.88669,0.88682,1.00,1.19
2017.11.21 21:58:42.676,0.88667,0.88682,2.25,3.37
2017.11.21 21:58:42.728,0.88669,0.8868,1.50,1.25
2017.11.21 21:58:43.036,0.88669,0.88678,1.50,1.19
2017.11.21 21:58:43.809,0.88669,0.8868,1.50,2.62
2017.11.21 21:58:44.327,0.88669,0.8868,1.50,1.31
2017.11.21 21:58:44.968,0.88669,0.8868,1.50,2.44
2017.11.21 21:58:45.021,0.88666,0.88679,1.00,1.19
2017.11.21 21:58:45.073,0.88666,0.88681,1.12,1.19
2017.11.21 21:58:45.126,0.88667,0.88682,1.00,3.37
2017.11.21 21:58:45.645,0.88668,0.88682,1.00,2.62
2017.11.21 21:58:47.345,0.88668,0.88683,1.00,3.19
2017.11.21 21:58:47.959,0.88669,0.88683,1.00,3.19
2017.11.21 21:58:49.528,0.88668,0.88682,1.00,1.25
2017.11.21 21:58:50.039,0.88668,0.88681,1.00,1.25
2017.11.21 21:58:51.767,0.88669,0.88681,1.00,1.25
2017.11.21 21:58:53.514,0.88665,0.8868,3.19,1.00
2017.11.21 21:58:55.666,0.88665,0.8868,3.37,1.00
2017.11.21 21:58:56.217,0.88665,0.8868,3.19,1.00
2017.11.21 21:58:56.968,0.88665,0.88678,1.00,1.00
2017.11.21 21:59:01.840,0.88665,0.88682,2.62,4.50
2017.11.21 21:59:04.442,0.88666,0.88682,0.75,3.00
2017.11.21 21:59:05.110,0.88666,0.88681,1.50,0.75
2017.11.21 21:59:05.855,0.88667,0.88681,0.75,0.75
2017.11.21 21:59:10.350,0.88667,0.88682,0.75,0.75
2017.11.21 21:59:11.805,0.88666,0.88682,1.50,0.75
2017.11.21 21:59:12.356,0.88666,0.88683,2.25,3.19
2017.11.21 21:59:12.867,0.88665,0.88682,2.25,2.25
2017.11.21 21:59:14.672,0.88662,0.88677,0.94,0.75
2017.11.21 21:59:14.979,0.88668,0.88677,0.37,2.25
2017.11.21 21:59:15.081,0.88663,0.88676,0.75,0.75
2017.11.21 21:59:15.134,0.88667,0.88679,0.37,0.75
2017.11.21 21:59:15.288,0.88667,0.88681,0.37,2.25
2017.11.21 21:59:15.815,0.88665,0.88679,0.37,1.50
2017.11.21 21:59:16.068,0.88665,0.88681,1.87,0.75
2017.11.21 21:59:16.120,0.88667,0.88683,0.75,1.50
2017.11.21 21:59:16.634,0.88668,0.88683,0.75,1.50
2017.11.21 21:59:17.918,0.88668,0.88684,0.75,0.75
2017.11.21 21:59:18.547,0.88667,0.88684,0.75,0.75
2017.11.21 21:59:18.891,0.88665,0.88682,1.87,0.75
2017.11.21 21:59:19.889,0.88665,0.88683,2.62,1.50
2017.11.21 21:59:20.254,0.88665,0.88681,2.62,1.50
2017.11.21 21:59:20.782,0.88665,0.88677,0.37,0.75
2017.11.21 21:59:20.888,0.88665,0.88679,1.87,0.75
2017.11.21 21:59:20.942,0.88667,0.88683,0.37,1.50
2017.11.21 21:59:21.046,0.88667,0.88679,0.37,0.75
2017.11.21 21:59:21.192,0.88669,0.88683,0.37,0.75
2017.11.21 21:59:21.976,0.88668,0.88681,0.37,1.50
2017.11.21 21:59:22.028,0.88666,0.8868,0.37,1.50
2017.11.21 21:59:22.710,0.88666,0.88679,0.37,1.50
2017.11.21 21:59:22.952,0.88668,0.88682,0.75,1.50
2017.11.21 21:59:26.393,0.88666,0.88682,0.37,3.00
2017.11.21 21:59:30.116,0.88666,0.88681,0.37,1.50
2017.11.21 21:59:32.551,0.88666,0.88682,1.87,1.50
2017.11.21 21:59:32.603,0.88666,0.8868,2.62,1.50
2017.11.21 21:59:35.961,0.88667,0.8868,0.37,1.50
2017.11.21 21:59:43.589,0.88666,0.8868,0.37,1.50
2017.11.21 21:59:45.069,0.88663,0.8868,2.62,1.50
2017.11.21 21:59:45.588,0.88664,0.8868,1.50,2.25
2017.11.21 21:59:46.035,0.88662,0.8868,0.37,0.75
2017.11.21 21:59:55.290,0.88661,0.88681,0.37,2.25
2017.11.21 21:59:55.341,0.88658,0.88676,0.37,1.50
2017.11.21 21:59:56.135,0.88658,0.88677,0.37,1.50
2017.11.21 21:59:57.059,0.88658,0.88678,1.12,1.50
2017.11.21 21:59:57.572,0.88658,0.88677,1.12,1.50
2017.11.21 21:59:59.176,0.88658,0.88679,1.12,1.50
2017.11.21 21:59:59.668,0.88661,0.88681,0.75,1.50
2017.11.21 21:59:59.820,0.88657,0.88679,0.75,2.25
