2010.07.06 17:00:00.041,0.8331,0.8332,1.60,2.10
2010.07.06 17:00:00.399,0.833,0.83315,15.20,2.40
2010.07.06 17:00:01.213,0.833,0.83315,4.10,1.60
2010.07.06 17:00:01.780,0.83305,0.83315,1.00,1.60
2010.07.06 17:00:02.066,0.8331,0.8332,1.00,1.60
2010.07.06 17:00:02.787,0.8331,0.8332,1.60,1.60
2010.07.06 17:00:03.138,0.8331,0.83325,11.20,1.60
2010.07.06 17:00:03.745,0.8331,0.8332,1.60,1.60
2010.07.06 17:00:04.098,0.8331,0.83325,1.00,2.90
2010.07.06 17:00:04.440,0.83305,0.83325,15.30,2.90
2010.07.06 17:00:05.151,0.8331,0.83325,2.40,2.90
2010.07.06 17:00:05.501,0.8331,0.83325,4.80,2.10
2010.07.06 17:00:06.184,0.8331,0.83325,2.40,2.10
2010.07.06 17:00:06.534,0.8331,0.83325,14.40,1.60
2010.07.06 17:00:07.591,0.83315,0.8333,1.60,3.70
2010.07.06 17:00:07.936,0.83315,0.8333,1.60,2.90
2010.07.06 17:00:08.579,0.83315,0.8333,1.60,3.70
2010.07.06 17:00:09.247,0.83315,0.8333,4.50,2.10
2010.07.06 17:00:09.552,0.83315,0.8333,7.30,2.10
2010.07.06 17:00:09.808,0.83315,0.83335,15.30,2.90
2010.07.06 17:00:10.581,0.8332,0.83335,1.60,2.90
2010.07.06 17:00:10.757,0.8332,0.83335,2.40,2.90
2010.07.06 17:00:10.940,0.8332,0.83335,3.20,2.90
2010.07.06 17:00:11.668,0.8332,0.83335,10.40,2.90
2010.07.06 17:00:12.007,0.8332,0.83335,10.40,1.60
2010.07.06 17:00:12.347,0.8332,0.83335,9.30,1.60
2010.07.06 17:00:12.895,0.8332,0.83335,2.40,3.70
2010.07.06 17:00:13.242,0.8332,0.83335,3.20,3.70
2010.07.06 17:00:13.595,0.8332,0.83335,2.40,8.50
2010.07.06 17:00:15.029,0.8332,0.83335,2.40,12.50
2010.07.06 17:00:15.368,0.8332,0.83335,2.40,8.50
2010.07.06 17:00:16.504,0.83325,0.83335,1.00,1.60
2010.07.06 17:00:16.656,0.83325,0.8334,2.40,8.90
2010.07.06 17:00:16.817,0.83325,0.8334,3.20,4.10
2010.07.06 17:00:17.334,0.83325,0.8334,5.60,2.00
2010.07.06 17:00:17.690,0.83325,0.8334,18.40,1.60
2010.07.06 17:00:18.035,0.83325,0.8334,15.70,1.60
2010.07.06 17:00:18.744,0.8333,0.8334,1.00,1.60
2010.07.06 17:00:19.091,0.83325,0.8334,12.90,1.60
2010.07.06 17:00:20.087,0.83325,0.8334,13.30,1.60
2010.07.06 17:00:20.223,0.8333,0.8334,1.00,1.60
2010.07.06 17:00:22.838,0.83335,0.8334,1.00,1.60
2010.07.06 17:00:23.468,0.8334,0.8335,1.60,3.60
2010.07.06 17:00:23.817,0.8334,0.8335,8.40,3.20
2010.07.06 17:00:24.524,0.8334,0.83355,6.80,3.00
2010.07.06 17:00:24.873,0.8334,0.83355,3.20,3.80
2010.07.06 17:00:25.220,0.8334,0.83355,1.00,3.50
2010.07.06 17:00:25.560,0.83335,0.83355,7.60,11.50
2010.07.06 17:00:26.207,0.83335,0.8335,8.00,1.60
2010.07.06 17:00:27.527,0.83335,0.8335,12.00,1.60
2010.07.06 17:00:27.957,0.83335,0.8335,14.00,1.60
2010.07.06 17:00:28.282,0.8334,0.8335,1.00,1.60
2010.07.06 17:00:29.354,0.83335,0.8335,7.20,1.60
2010.07.06 17:00:29.651,0.83335,0.8335,14.10,1.60
2010.07.06 17:00:30.458,0.83335,0.8335,14.90,1.60
2010.07.06 17:00:30.791,0.8334,0.8335,1.00,1.60
2010.07.06 17:00:31.081,0.8334,0.83355,6.40,3.50
2010.07.06 17:00:33.899,0.8334,0.83355,8.00,3.00
2010.07.06 17:00:35.609,0.83345,0.83355,1.60,1.40
2010.07.06 17:00:37.288,0.83345,0.83355,3.20,1.40
2010.07.06 17:00:38.570,0.8335,0.83355,1.00,1.40
2010.07.06 17:00:39.275,0.83345,0.83355,3.20,1.40
2010.07.06 17:00:39.931,0.83345,0.83355,1.60,3.00
2010.07.06 17:00:40.867,0.83345,0.83355,1.60,1.40
2010.07.06 17:00:41.138,0.83345,0.83355,4.00,1.40
2010.07.06 17:00:41.741,0.83345,0.83355,1.60,1.40
2010.07.06 17:00:42.089,0.83345,0.8336,2.40,2.40
2010.07.06 17:00:42.429,0.83345,0.8336,4.00,1.60
2010.07.06 17:00:43.133,0.8335,0.83365,1.00,16.90
2010.07.06 17:00:43.478,0.8335,0.8336,1.00,1.60
2010.07.06 17:00:43.867,0.8335,0.83365,1.00,12.90
2010.07.06 17:00:44.779,0.8335,0.83365,1.60,3.60
2010.07.06 17:00:45.001,0.8335,0.83365,3.20,3.60
2010.07.06 17:00:45.570,0.8335,0.83365,4.00,3.20
2010.07.06 17:00:45.795,0.83355,0.8337,3.20,2.40
2010.07.06 17:00:46.817,0.83355,0.8337,3.20,1.60
2010.07.06 17:00:48.478,0.83355,0.8337,3.20,2.40
2010.07.06 17:00:48.617,0.83355,0.8337,3.20,3.70
2010.07.06 17:00:48.760,0.83355,0.8337,1.60,7.70
2010.07.06 17:00:48.899,0.83355,0.8337,1.60,11.70
2010.07.06 17:00:49.036,0.8335,0.83365,4.40,1.60
2010.07.06 17:00:49.550,0.8335,0.83365,3.60,1.60
2010.07.06 17:00:49.892,0.8335,0.83365,4.00,1.60
2010.07.06 17:00:50.241,0.8335,0.83365,3.20,1.60
2010.07.06 17:00:50.588,0.8335,0.83365,3.20,2.90
2010.07.06 17:00:53.056,0.8335,0.83365,3.20,2.10
2010.07.06 17:00:56.385,0.8335,0.83365,4.00,1.60
2010.07.06 17:00:56.694,0.83355,0.8337,3.20,6.90
2010.07.06 17:00:56.989,0.83355,0.8337,3.20,2.90
2010.07.06 17:00:58.611,0.83355,0.8337,1.60,3.70
2010.07.06 17:01:00.976,0.8335,0.83365,7.20,2.40
2010.07.06 17:01:01.231,0.8335,0.83365,3.20,2.40
2010.07.06 17:01:01.489,0.8335,0.83365,3.20,2.90
2010.07.06 17:01:04.109,0.8335,0.83365,3.20,1.60
2010.07.06 17:01:04.300,0.8335,0.83365,2.40,3.70
2010.07.06 17:01:04.487,0.8335,0.83365,1.60,3.70
2010.07.06 17:01:05.296,0.8335,0.83365,2.40,3.70
2010.07.06 17:01:07.906,0.8335,0.83365,1.00,3.70
2010.07.06 17:01:08.099,0.8335,0.83365,1.00,14.60
2010.07.06 17:01:08.549,0.83345,0.8336,3.20,1.30
2010.07.06 17:01:08.840,0.83345,0.8336,3.20,2.90
2010.07.06 17:01:10.464,0.8335,0.8336,1.60,1.00
2010.07.06 17:01:10.878,0.8335,0.83365,1.60,5.30
2010.07.06 17:01:11.426,0.8335,0.83365,8.50,2.10
2010.07.06 17:01:11.767,0.8335,0.83365,9.30,2.10
2010.07.06 17:01:13.035,0.8335,0.83365,5.30,1.30
2010.07.06 17:01:13.391,0.8335,0.83365,9.30,1.00
2010.07.06 17:01:13.740,0.8335,0.83365,9.30,2.10
2010.07.06 17:01:13.897,0.8335,0.83365,6.90,2.10
2010.07.06 17:01:14.057,0.8335,0.83365,2.40,2.10
2010.07.06 17:01:14.217,0.8335,0.83365,3.20,2.90
2010.07.06 17:01:14.686,0.8335,0.83365,9.60,2.10
2010.07.06 17:01:16.552,0.8335,0.83365,1.60,3.70
2010.07.06 17:01:16.868,0.8335,0.83365,2.40,3.70
2010.07.06 17:01:17.562,0.8335,0.8336,1.60,1.00
2010.07.06 17:01:18.231,0.8335,0.83365,1.60,5.30
2010.07.06 17:01:18.821,0.8335,0.83365,8.00,2.90
2010.07.06 17:01:19.438,0.83355,0.8337,1.60,3.70
2010.07.06 17:01:20.135,0.8335,0.83365,7.20,2.10
2010.07.06 17:01:20.340,0.8335,0.83365,3.20,2.10
2010.07.06 17:01:20.538,0.8335,0.83365,3.20,2.90
2010.07.06 17:01:20.739,0.8335,0.83365,2.40,2.90
2010.07.06 17:01:20.936,0.8335,0.83365,2.40,3.70
2010.07.06 17:01:24.386,0.8335,0.83365,1.60,3.70
2010.07.06 17:01:31.430,0.8335,0.83365,2.40,3.70
2010.07.06 17:01:31.798,0.8335,0.83365,1.60,3.70
2010.07.06 17:01:32.156,0.8335,0.83365,1.60,6.10
2010.07.06 17:01:32.276,0.8335,0.83365,1.60,15.70
2010.07.06 17:01:32.515,0.83345,0.83365,3.20,15.70
2010.07.06 17:01:37.167,0.83345,0.8336,3.20,1.00
2010.07.06 17:01:38.535,0.83345,0.8336,3.20,2.90
2010.07.06 17:01:39.987,0.83345,0.8336,3.20,3.70
2010.07.06 17:01:41.127,0.83345,0.8336,3.20,2.10
2010.07.06 17:01:41.306,0.83345,0.8336,3.70,1.30
2010.07.06 17:01:41.813,0.83345,0.8336,3.20,2.10
2010.07.06 17:01:42.041,0.83345,0.8336,3.70,1.30
2010.07.06 17:01:42.710,0.83345,0.8336,2.40,6.10
2010.07.06 17:01:43.220,0.83345,0.8336,1.60,10.10
2010.07.06 17:01:44.239,0.83345,0.8336,1.60,4.50
2010.07.06 17:01:44.796,0.83345,0.8336,2.40,2.90
2010.07.06 17:01:45.065,0.83345,0.8336,2.40,3.70
2010.07.06 17:01:45.343,0.83345,0.8336,3.70,2.10
2010.07.06 17:01:45.621,0.83345,0.8336,14.10,1.00
2010.07.06 17:01:46.234,0.8335,0.83365,1.60,3.70
2010.07.06 17:01:49.127,0.8335,0.83365,6.40,2.90
2010.07.06 17:01:50.488,0.8335,0.83365,6.80,2.10
2010.07.06 17:01:50.976,0.8335,0.83365,6.40,2.90
2010.07.06 17:01:55.206,0.8335,0.83365,12.80,2.40
2010.07.06 17:01:55.358,0.83355,0.83365,1.60,2.40
2010.07.06 17:01:55.508,0.8335,0.83365,6.40,2.90
2010.07.06 17:01:56.218,0.8335,0.83365,1.60,3.70
2010.07.06 17:01:57.622,0.8335,0.83365,2.40,3.70
2010.07.06 17:01:59.515,0.8335,0.83365,4.80,3.70
2010.07.06 17:01:59.676,0.8335,0.83365,1.60,3.70
2010.07.06 17:02:00.019,0.83345,0.8336,5.60,1.00
2010.07.06 17:02:00.504,0.8335,0.83365,1.60,6.10
2010.07.06 17:02:00.853,0.8335,0.83365,9.60,2.10
2010.07.06 17:02:01.738,0.8335,0.83365,10.40,2.10
2010.07.06 17:02:01.959,0.8335,0.83365,9.30,2.10
2010.07.06 17:02:02.138,0.8335,0.83365,5.30,2.10
2010.07.06 17:02:02.659,0.8335,0.83365,6.10,2.10
2010.07.06 17:02:03.025,0.8335,0.83365,6.40,1.60
2010.07.06 17:02:03.269,0.8335,0.83365,10.40,1.60
2010.07.06 17:02:03.517,0.8335,0.83365,10.40,2.10
2010.07.06 17:02:04.009,0.83355,0.83365,1.60,2.10
2010.07.06 17:02:08.568,0.8335,0.83365,7.70,2.10
2010.07.06 17:02:09.167,0.8335,0.83365,3.20,2.10
2010.07.06 17:02:10.696,0.8335,0.83365,3.70,2.10
2010.07.06 17:02:10.827,0.8335,0.83365,10.10,2.10
2010.07.06 17:02:14.925,0.8335,0.83365,10.10,1.60
2010.07.06 17:02:16.818,0.83355,0.8337,1.60,3.70
2010.07.06 17:02:17.096,0.8335,0.83365,10.10,1.60
2010.07.06 17:02:18.797,0.83355,0.8337,1.60,3.70
2010.07.06 17:02:20.157,0.8335,0.83365,10.10,2.10
2010.07.06 17:02:20.733,0.83355,0.8337,1.60,3.70
2010.07.06 17:02:22.276,0.83355,0.8337,1.60,7.70
2010.07.06 17:02:24.545,0.83355,0.8337,1.60,7.30
2010.07.06 17:02:26.917,0.83355,0.8337,1.60,3.30
2010.07.06 17:02:33.956,0.83355,0.83365,1.60,1.00
2010.07.06 17:02:34.266,0.83355,0.83365,1.60,1.30
2010.07.06 17:02:35.318,0.83355,0.83365,1.60,1.00
2010.07.06 17:02:40.284,0.8335,0.83365,7.20,2.10
2010.07.06 17:02:40.628,0.8335,0.83365,7.20,2.90
2010.07.06 17:02:40.880,0.8335,0.83365,3.20,2.90
2010.07.06 17:02:41.381,0.8335,0.8337,2.80,16.50
2010.07.06 17:02:41.839,0.8335,0.83365,2.40,2.00
2010.07.06 17:02:42.073,0.8335,0.83365,1.60,3.30
2010.07.06 17:02:43.445,0.83345,0.83365,6.40,11.30
2010.07.06 17:02:43.764,0.8335,0.83365,1.60,3.30
2010.07.06 17:02:48.551,0.83345,0.83365,11.70,7.70
2010.07.06 17:02:48.717,0.83345,0.83365,3.20,16.50
2010.07.06 17:02:49.747,0.83345,0.83365,3.20,16.10
2010.07.06 17:02:52.032,0.83345,0.83365,3.20,15.70
2010.07.06 17:02:52.189,0.8335,0.83365,1.60,15.70
2010.07.06 17:02:52.346,0.8335,0.83365,1.60,16.10
2010.07.06 17:02:53.676,0.83345,0.83365,3.20,16.10
2010.07.06 17:02:54.208,0.83345,0.83365,3.20,15.70
2010.07.06 17:02:54.485,0.8335,0.83365,1.60,15.70
2010.07.06 17:02:54.747,0.8335,0.83365,1.60,15.30
2010.07.06 17:02:55.006,0.8335,0.83365,1.60,11.30
2010.07.06 17:02:55.140,0.8335,0.83365,5.60,4.90
2010.07.06 17:02:55.451,0.8335,0.83365,10.50,2.10
2010.07.06 17:02:56.213,0.8335,0.83365,10.40,2.10
2010.07.06 17:02:57.016,0.8335,0.83365,14.50,2.10
2010.07.06 17:02:57.199,0.8335,0.83365,9.70,2.10
2010.07.06 17:02:57.378,0.8335,0.83365,9.20,2.10
2010.07.06 17:02:57.769,0.8335,0.83365,5.20,2.90
2010.07.06 17:02:58.116,0.8335,0.83365,2.40,3.30
2010.07.06 17:02:58.785,0.8335,0.83365,1.60,12.10
2010.07.06 17:02:59.472,0.83345,0.83365,3.60,16.90
2010.07.06 17:03:00.376,0.83345,0.83365,3.20,16.90
2010.07.06 17:03:01.031,0.83345,0.83365,11.60,9.30
2010.07.06 17:03:01.191,0.8335,0.83365,1.60,3.70
2010.07.06 17:03:01.347,0.83345,0.83365,11.20,3.70
2010.07.06 17:03:02.750,0.83345,0.83365,3.20,16.50
2010.07.06 17:03:04.786,0.83345,0.83365,3.60,16.50
2010.07.06 17:03:05.307,0.83345,0.83365,3.60,15.70
2010.07.06 17:03:07.025,0.83345,0.83365,6.00,13.30
2010.07.06 17:03:07.218,0.8335,0.83365,2.40,12.10
2010.07.06 17:03:07.352,0.8335,0.83365,2.40,8.10
2010.07.06 17:03:07.790,0.8335,0.83365,2.40,7.30
2010.07.06 17:03:07.927,0.8335,0.83365,2.80,2.90
2010.07.06 17:03:09.789,0.8335,0.83365,6.80,2.90
2010.07.06 17:03:09.927,0.8335,0.83365,9.20,2.90
2010.07.06 17:03:13.297,0.83355,0.83365,1.00,2.90
2010.07.06 17:03:14.089,0.83355,0.83365,1.00,2.10
2010.07.06 17:03:21.877,0.83355,0.83365,1.30,2.10
2010.07.06 17:03:21.974,0.83355,0.83365,2.90,1.00
2010.07.06 17:03:22.069,0.83355,0.83365,6.90,1.00
2010.07.06 17:03:22.358,0.83355,0.8337,6.90,3.30
2010.07.06 17:03:24.381,0.83355,0.8337,2.90,3.30
2010.07.06 17:03:25.126,0.83355,0.8337,6.90,1.30
2010.07.06 17:03:25.468,0.83355,0.8337,8.50,2.90
2010.07.06 17:03:26.318,0.83355,0.8337,7.70,2.90
2010.07.06 17:03:27.233,0.83355,0.83365,6.90,1.00
2010.07.06 17:03:27.778,0.83355,0.8337,7.70,2.90
2010.07.06 17:03:28.067,0.83355,0.8337,6.90,2.90
2010.07.06 17:03:31.551,0.83355,0.8337,13.30,2.90
2010.07.06 17:03:31.788,0.83355,0.8337,13.30,1.60
2010.07.06 17:03:32.458,0.83355,0.8337,5.30,2.40
2010.07.06 17:03:32.618,0.83355,0.8337,2.50,2.90
2010.07.06 17:03:32.780,0.83355,0.83365,1.00,1.30
2010.07.06 17:03:33.375,0.83355,0.83365,2.50,1.30
2010.07.06 17:03:35.030,0.83355,0.83365,1.00,1.60
2010.07.06 17:03:35.292,0.8335,0.83365,8.80,2.10
2010.07.06 17:03:35.680,0.8335,0.83365,2.80,2.90
2010.07.06 17:03:36.030,0.83345,0.83355,2.00,1.00
2010.07.06 17:03:36.709,0.8335,0.83355,1.60,1.30
2010.07.06 17:03:37.008,0.83345,0.83355,2.00,1.30
2010.07.06 17:03:38.269,0.83345,0.83355,2.90,1.30
2010.07.06 17:03:38.482,0.83345,0.8336,8.10,1.30
2010.07.06 17:03:38.700,0.83345,0.8336,11.30,1.30
2010.07.06 17:03:39.117,0.83345,0.8336,7.30,1.30
2010.07.06 17:03:39.678,0.83345,0.8336,8.10,1.30
2010.07.06 17:03:40.582,0.83345,0.8336,12.10,1.30
2010.07.06 17:03:41.075,0.83345,0.8336,11.30,1.30
2010.07.06 17:03:41.305,0.83345,0.8336,7.30,1.30
2010.07.06 17:03:41.648,0.83345,0.8336,8.10,1.30
2010.07.06 17:03:42.752,0.83345,0.8336,7.30,1.30
2010.07.06 17:03:42.908,0.83345,0.8336,8.10,1.30
2010.07.06 17:03:43.999,0.83345,0.8336,8.90,1.30
2010.07.06 17:03:44.340,0.8335,0.8336,1.60,1.30
2010.07.06 17:03:46.177,0.83345,0.8336,8.10,1.30
2010.07.06 17:03:46.306,0.83345,0.8336,7.30,1.30
2010.07.06 17:03:46.485,0.83345,0.8336,7.30,2.90
2010.07.06 17:03:46.836,0.83345,0.8336,8.10,2.90
2010.07.06 17:03:46.895,0.83345,0.8336,8.90,2.90
2010.07.06 17:03:47.172,0.83355,0.83365,1.00,2.40
2010.07.06 17:03:47.796,0.8335,0.83365,4.10,2.10
2010.07.06 17:03:48.071,0.8335,0.83365,3.30,2.10
2010.07.06 17:03:48.657,0.8335,0.83365,3.70,2.10
2010.07.06 17:03:48.949,0.8335,0.83365,2.40,2.90
2010.07.06 17:03:49.579,0.8335,0.83365,3.30,2.10
2010.07.06 17:03:52.729,0.8335,0.83365,2.40,2.10
2010.07.06 17:03:52.840,0.8335,0.83365,3.30,2.90
2010.07.06 17:03:52.926,0.8335,0.83365,3.30,2.10
2010.07.06 17:03:55.326,0.8335,0.83365,2.40,2.10
2010.07.06 17:03:55.420,0.8335,0.83365,1.00,2.10
2010.07.06 17:03:55.512,0.8335,0.83365,3.30,2.90
2010.07.06 17:03:55.957,0.83355,0.8337,1.00,10.90
2010.07.06 17:03:56.064,0.83355,0.8337,1.00,11.40
2010.07.06 17:03:56.158,0.83355,0.83365,1.00,1.00
2010.07.06 17:03:56.337,0.8335,0.83365,3.30,1.00
2010.07.06 17:03:57.120,0.8335,0.83365,2.90,2.10
2010.07.06 17:03:58.299,0.8335,0.83365,6.90,1.30
2010.07.06 17:03:58.509,0.8335,0.83365,8.10,2.10
2010.07.06 17:03:59.084,0.8335,0.83365,6.80,2.90
2010.07.06 17:03:59.300,0.8335,0.83365,2.80,2.90
2010.07.06 17:03:59.508,0.8335,0.83365,2.40,2.90
2010.07.06 17:03:59.849,0.8335,0.83365,2.40,1.60
2010.07.06 17:04:00.293,0.8335,0.83365,10.10,1.60
2010.07.06 17:04:01.747,0.8335,0.83365,9.30,1.60
2010.07.06 17:04:02.048,0.8335,0.83365,5.30,1.60
2010.07.06 17:04:02.689,0.8335,0.83365,2.40,2.90
2010.07.06 17:04:02.989,0.8335,0.83365,7.30,2.10
2010.07.06 17:04:04.928,0.8335,0.83365,7.30,2.90
2010.07.06 17:04:05.101,0.8335,0.83365,7.20,2.90
2010.07.06 17:04:05.277,0.8335,0.83365,2.80,2.90
2010.07.06 17:04:05.447,0.8335,0.83365,2.40,2.90
2010.07.06 17:04:08.987,0.83345,0.83365,15.70,2.90
2010.07.06 17:04:09.107,0.8335,0.83365,1.00,2.90
2010.07.06 17:04:10.208,0.83345,0.83365,14.90,2.90
2010.07.06 17:04:10.350,0.83345,0.8336,10.90,1.60
2010.07.06 17:04:10.486,0.83345,0.8336,10.00,1.60
2010.07.06 17:04:10.628,0.83345,0.8336,2.80,2.90
2010.07.06 17:04:10.907,0.83345,0.8336,2.80,6.90
2010.07.06 17:04:11.048,0.83345,0.8336,2.80,7.70
2010.07.06 17:04:11.188,0.83345,0.8336,2.00,7.70
2010.07.06 17:04:11.328,0.83345,0.8336,2.00,3.70
2010.07.06 17:04:11.674,0.83345,0.8336,2.00,2.90
2010.07.06 17:04:12.032,0.8335,0.83365,1.60,3.70
2010.07.06 17:04:13.544,0.8335,0.83365,1.60,1.30
2010.07.06 17:04:13.824,0.8335,0.83365,1.60,2.90
2010.07.06 17:04:17.154,0.8335,0.8336,1.60,1.30
2010.07.06 17:04:24.256,0.83345,0.8336,13.30,1.30
2010.07.06 17:04:24.617,0.8335,0.8336,1.60,1.30
2010.07.06 17:04:25.266,0.83345,0.8336,13.30,1.30
2010.07.06 17:04:25.956,0.83345,0.8336,13.70,2.10
2010.07.06 17:04:26.086,0.8335,0.8336,1.60,2.10
2010.07.06 17:04:27.909,0.83345,0.8336,14.90,2.10
2010.07.06 17:04:28.090,0.83345,0.8336,10.90,3.70
2010.07.06 17:04:28.268,0.83345,0.8336,10.10,3.70
2010.07.06 17:04:28.627,0.83345,0.8336,10.10,2.10
2010.07.06 17:04:29.567,0.83345,0.8336,10.10,3.70
2010.07.06 17:04:29.828,0.83345,0.83355,6.40,1.30
2010.07.06 17:04:30.087,0.83345,0.83355,2.40,1.30
2010.07.06 17:04:30.348,0.83345,0.83355,1.60,1.30
2010.07.06 17:04:30.608,0.83345,0.83355,1.60,2.10
2010.07.06 17:04:36.956,0.83345,0.8335,1.60,1.30
2010.07.06 17:04:37.707,0.8334,0.8335,1.60,2.10
2010.07.06 17:04:43.771,0.8334,0.83345,1.60,1.00
2010.07.06 17:04:45.190,0.8334,0.8335,1.60,2.10
2010.07.06 17:04:46.108,0.8334,0.8335,1.60,1.30
2010.07.06 17:04:47.123,0.8334,0.8335,1.60,2.10
2010.07.06 17:04:53.064,0.8334,0.8335,1.60,1.30
2010.07.06 17:04:56.831,0.8334,0.8335,1.60,1.00
2010.07.06 17:04:57.042,0.83345,0.83355,1.60,2.10
2010.07.06 17:04:57.816,0.83345,0.8335,1.60,1.00
2010.07.06 17:05:01.644,0.83345,0.83355,1.60,2.10
2010.07.06 17:05:03.639,0.83345,0.8335,1.60,1.00
2010.07.06 17:05:08.575,0.83345,0.83355,1.60,2.10
2010.07.06 17:05:17.079,0.83345,0.83355,1.60,1.30
2010.07.06 17:05:17.810,0.83345,0.83355,1.60,2.10
2010.07.06 17:05:19.197,0.83335,0.8335,11.70,1.30
2010.07.06 17:05:19.618,0.83335,0.8335,10.90,2.90
2010.07.06 17:05:19.827,0.83335,0.8335,10.90,1.30
2010.07.06 17:05:20.866,0.83335,0.8335,10.90,2.30
2010.07.06 17:05:21.215,0.83335,0.8335,10.90,1.30
2010.07.06 17:05:21.490,0.8334,0.83355,1.60,4.50
2010.07.06 17:05:21.918,0.8334,0.83355,1.60,3.70
2010.07.06 17:05:22.213,0.83335,0.8335,7.70,1.30
2010.07.06 17:05:23.716,0.8334,0.8335,1.60,1.30
2010.07.06 17:05:26.817,0.8334,0.8335,1.60,1.00
2010.07.06 17:05:27.307,0.8334,0.83355,1.60,2.90
2010.07.06 17:05:28.011,0.8334,0.83355,2.00,1.30
2010.07.06 17:05:28.298,0.8334,0.83355,2.00,2.90
2010.07.06 17:05:29.111,0.8334,0.83355,1.60,2.90
2010.07.06 17:05:29.569,0.8334,0.83355,1.60,3.70
2010.07.06 17:05:31.160,0.8334,0.83355,1.60,6.70
2010.07.06 17:05:34.617,0.8334,0.83355,1.60,4.30
2010.07.06 17:05:34.865,0.8334,0.83355,1.60,3.70
2010.07.06 17:05:38.440,0.83345,0.83355,1.60,1.30
2010.07.06 17:05:38.932,0.8334,0.83355,2.80,2.90
2010.07.06 17:05:40.295,0.8334,0.83355,2.00,2.90
2010.07.06 17:05:40.908,0.8334,0.83355,2.80,2.90
2010.07.06 17:05:44.127,0.8334,0.83355,2.80,3.70
2010.07.06 17:05:44.486,0.8334,0.83355,2.00,3.70
2010.07.06 17:05:46.057,0.8334,0.83355,1.00,3.70
2010.07.06 17:05:46.746,0.8334,0.8335,1.00,1.00
2010.07.06 17:05:47.563,0.8334,0.8335,1.00,2.90
2010.07.06 17:05:47.829,0.83335,0.8335,1.60,3.70
2010.07.06 17:05:49.499,0.83335,0.8335,1.60,14.10
2010.07.06 17:05:49.617,0.83335,0.8335,1.60,13.90
2010.07.06 17:05:49.977,0.83335,0.83345,1.60,1.30
2010.07.06 17:05:52.044,0.8333,0.83345,1.60,2.90
2010.07.06 17:05:52.389,0.83335,0.83345,1.60,1.30
2010.07.06 17:05:53.747,0.8333,0.83345,1.60,2.90
2010.07.06 17:05:56.232,0.8333,0.8334,1.60,1.30
2010.07.06 17:05:56.923,0.83325,0.8334,6.40,1.00
2010.07.06 17:05:57.264,0.83325,0.8334,7.20,3.70
2010.07.06 17:05:57.981,0.8333,0.8334,1.60,1.30
2010.07.06 17:05:59.336,0.8333,0.83345,1.60,6.30
2010.07.06 17:05:59.497,0.8333,0.83345,2.40,6.30
2010.07.06 17:05:59.808,0.8333,0.83345,2.40,7.10
2010.07.06 17:06:00.714,0.8333,0.83345,2.40,2.90
2010.07.06 17:06:03.068,0.83335,0.83345,1.60,1.30
2010.07.06 17:06:03.271,0.83335,0.83345,1.60,1.00
2010.07.06 17:06:03.650,0.83335,0.83345,1.60,1.30
2010.07.06 17:06:04.316,0.8333,0.83345,2.40,2.90
2010.07.06 17:06:05.597,0.8333,0.83345,2.40,5.90
2010.07.06 17:06:07.055,0.8333,0.83345,2.40,5.30
2010.07.06 17:06:07.837,0.8333,0.83345,2.40,2.90
2010.07.06 17:06:08.406,0.83335,0.83345,1.60,1.30
2010.07.06 17:06:10.855,0.8333,0.83345,2.40,2.90
2010.07.06 17:06:11.597,0.8333,0.83345,1.60,2.90
2010.07.06 17:06:12.859,0.8333,0.83345,1.60,5.30
2010.07.06 17:06:13.215,0.8333,0.83345,1.60,6.10
2010.07.06 17:06:13.364,0.8333,0.83345,1.60,3.70
2010.07.06 17:06:15.770,0.8333,0.83345,1.60,2.90
2010.07.06 17:06:16.180,0.8333,0.83345,1.60,5.30
2010.07.06 17:06:16.402,0.8333,0.83345,1.60,6.00
2010.07.06 17:06:17.308,0.8333,0.83345,2.40,6.00
2010.07.06 17:06:18.276,0.8333,0.83345,2.40,6.80
2010.07.06 17:06:18.457,0.8333,0.83345,2.40,5.90
2010.07.06 17:06:18.807,0.8333,0.83345,1.60,5.90
2010.07.06 17:06:19.502,0.8333,0.83345,1.60,2.90
2010.07.06 17:06:19.855,0.8333,0.83345,2.40,2.90
2010.07.06 17:06:20.925,0.8333,0.83345,1.60,2.90
2010.07.06 17:06:24.109,0.83325,0.83345,13.90,2.90
2010.07.06 17:06:24.615,0.83325,0.83345,13.10,3.70
2010.07.06 17:06:24.859,0.83325,0.83345,12.50,3.70
2010.07.06 17:06:27.518,0.83325,0.8334,7.70,2.40
2010.07.06 17:06:27.647,0.83325,0.8334,7.70,2.90
2010.07.06 17:06:27.907,0.83325,0.8334,7.70,1.30
2010.07.06 17:06:28.690,0.83325,0.8334,2.90,2.90
2010.07.06 17:06:29.033,0.83325,0.8334,7.70,1.30
2010.07.06 17:06:29.755,0.83325,0.83345,11.70,3.70
2010.07.06 17:06:30.438,0.83325,0.8334,11.70,1.30
2010.07.06 17:06:30.621,0.83325,0.8334,7.70,1.30
2010.07.06 17:06:31.157,0.83325,0.8334,7.70,1.00
2010.07.06 17:06:31.348,0.83325,0.83345,11.70,3.70
2010.07.06 17:06:33.487,0.8333,0.83345,1.60,3.70
2010.07.06 17:06:33.918,0.83325,0.83345,7.70,7.70
2010.07.06 17:06:34.566,0.83325,0.8334,7.70,1.00
2010.07.06 17:06:34.808,0.83325,0.8334,7.70,2.90
2010.07.06 17:06:35.047,0.83325,0.8334,6.90,2.90
2010.07.06 17:06:35.627,0.83325,0.8334,6.90,1.30
2010.07.06 17:06:35.868,0.83325,0.83345,8.50,3.50
2010.07.06 17:06:36.037,0.83325,0.83345,12.50,3.70
2010.07.06 17:06:37.076,0.8333,0.83345,1.60,3.70
2010.07.06 17:06:37.540,0.8333,0.83345,1.60,2.90
2010.07.06 17:06:38.477,0.8333,0.83345,1.60,3.70
2010.07.06 17:06:43.886,0.8333,0.83345,1.60,2.90
2010.07.06 17:06:52.204,0.8333,0.83345,1.60,3.70
2010.07.06 17:06:52.376,0.8333,0.8334,1.60,1.30
2010.07.06 17:06:52.528,0.8333,0.83345,1.60,10.90
2010.07.06 17:06:52.689,0.8333,0.83345,1.60,6.10
2010.07.06 17:06:52.877,0.8333,0.83345,1.60,5.90
2010.07.06 17:06:53.679,0.8333,0.83345,1.60,2.90
2010.07.06 17:06:56.149,0.8333,0.83345,1.60,3.70
2010.07.06 17:06:56.226,0.8333,0.83345,1.60,6.10
2010.07.06 17:06:56.826,0.83325,0.83345,12.50,3.70
2010.07.06 17:06:57.160,0.8333,0.83345,1.60,3.70
2010.07.06 17:06:58.027,0.8333,0.83345,1.60,6.10
2010.07.06 17:06:58.321,0.8333,0.83345,1.60,3.70
2010.07.06 17:07:01.485,0.8333,0.83345,1.60,2.90
2010.07.06 17:07:10.560,0.8333,0.83345,1.60,3.70
2010.07.06 17:07:14.016,0.8333,0.83345,1.60,2.90
2010.07.06 17:07:15.627,0.8333,0.83345,1.60,3.70
2010.07.06 17:07:15.876,0.83325,0.83345,12.50,3.70
2010.07.06 17:07:16.127,0.83325,0.83345,12.50,2.90
2010.07.06 17:07:16.247,0.8333,0.83345,1.60,2.90
2010.07.06 17:07:29.577,0.8333,0.83345,2.40,2.90
2010.07.06 17:07:31.060,0.8333,0.83345,1.60,2.90
2010.07.06 17:07:32.158,0.8333,0.83345,2.40,2.90
2010.07.06 17:07:32.356,0.8333,0.83345,3.20,2.10
2010.07.06 17:07:32.837,0.83335,0.83345,1.60,1.00
2010.07.06 17:07:33.044,0.8333,0.83345,2.40,2.90
2010.07.06 17:07:35.899,0.83335,0.83345,1.60,1.00
2010.07.06 17:07:39.495,0.83335,0.8335,1.60,11.50
2010.07.06 17:07:41.567,0.83335,0.8335,1.60,10.90
2010.07.06 17:07:41.705,0.83335,0.8335,1.60,7.50
2010.07.06 17:07:41.831,0.83335,0.8335,2.40,11.50
2010.07.06 17:07:42.330,0.8333,0.83345,4.00,1.60
2010.07.06 17:07:42.449,0.8333,0.83345,4.00,2.10
2010.07.06 17:07:43.269,0.8333,0.83345,2.40,2.10
2010.07.06 17:07:44.467,0.8333,0.83345,2.40,6.30
2010.07.06 17:07:46.353,0.8333,0.83345,2.40,7.10
2010.07.06 17:07:46.706,0.8333,0.83345,1.60,10.10
2010.07.06 17:07:47.403,0.8333,0.83345,1.00,2.90
2010.07.06 17:07:47.756,0.8333,0.83345,3.20,2.10
2010.07.06 17:07:48.102,0.8333,0.83345,2.40,2.90
2010.07.06 17:07:49.214,0.8333,0.83345,1.60,11.90
2010.07.06 17:07:49.542,0.8333,0.83345,1.60,3.70
2010.07.06 17:07:50.914,0.83335,0.83345,1.60,1.30
2010.07.06 17:07:51.598,0.83335,0.8335,1.60,11.90
2010.07.06 17:07:51.860,0.83335,0.8335,1.60,11.50
2010.07.06 17:07:53.841,0.83335,0.8335,1.60,11.90
2010.07.06 17:07:54.048,0.83335,0.8335,1.60,15.50
2010.07.06 17:07:54.971,0.83335,0.8335,1.60,11.90
2010.07.06 17:07:55.228,0.83335,0.8335,1.60,11.50
2010.07.06 17:07:55.809,0.83335,0.8335,1.60,15.50
2010.07.06 17:07:56.065,0.83335,0.83345,1.60,1.00
2010.07.06 17:07:56.684,0.8333,0.83345,3.20,2.10
2010.07.06 17:07:56.945,0.83335,0.83345,1.60,1.00
2010.07.06 17:07:57.289,0.8333,0.83345,3.20,2.10
2010.07.06 17:07:58.327,0.83335,0.83345,1.60,1.00
2010.07.06 17:07:58.667,0.8333,0.83345,3.20,2.10
2010.07.06 17:08:00.680,0.83335,0.8335,1.60,11.50
2010.07.06 17:08:01.018,0.83335,0.8335,1.60,15.50
2010.07.06 17:08:07.691,0.8333,0.83345,3.20,2.90
2010.07.06 17:08:08.411,0.8333,0.83345,2.40,2.90
2010.07.06 17:08:09.089,0.8333,0.83345,3.20,2.90
2010.07.06 17:08:09.771,0.8333,0.83345,1.60,6.10
2010.07.06 17:08:10.489,0.8333,0.83345,3.20,2.90
2010.07.06 17:08:13.210,0.83335,0.8335,1.60,11.90
2010.07.06 17:08:13.555,0.83335,0.8335,1.60,15.50
2010.07.06 17:08:16.722,0.83335,0.8335,1.60,16.30
2010.07.06 17:08:16.860,0.83335,0.83345,1.60,1.30
2010.07.06 17:08:16.991,0.8333,0.83345,2.40,7.50
2010.07.06 17:08:18.281,0.8333,0.83345,2.40,9.90
2010.07.06 17:08:18.464,0.8333,0.83345,2.40,2.90
2010.07.06 17:08:19.309,0.83335,0.83345,1.60,1.30
2010.07.06 17:08:19.605,0.83335,0.8335,1.60,15.50
2010.07.06 17:08:22.146,0.83335,0.8335,1.60,11.90
2010.07.06 17:08:22.366,0.83335,0.8335,1.60,11.50
2010.07.06 17:08:22.780,0.83335,0.8335,3.20,11.50
2010.07.06 17:08:23.362,0.83335,0.8335,3.20,10.70
2010.07.06 17:08:27.066,0.83335,0.8335,2.40,10.70
2010.07.06 17:08:27.383,0.83335,0.8335,2.40,11.50
2010.07.06 17:08:27.944,0.83335,0.8334,1.60,1.00
2010.07.06 17:08:28.537,0.8333,0.8334,1.60,1.00
2010.07.06 17:08:28.785,0.8333,0.8334,1.60,1.30
2010.07.06 17:08:29.098,0.8333,0.83345,2.40,11.90
2010.07.06 17:08:29.411,0.8333,0.83345,2.40,2.90
2010.07.06 17:08:29.721,0.8333,0.83345,2.40,5.90
2010.07.06 17:08:30.339,0.8333,0.83345,2.40,6.30
2010.07.06 17:08:37.606,0.8333,0.83345,1.00,10.30
2010.07.06 17:08:37.708,0.8333,0.8334,1.00,1.00
2010.07.06 17:08:38.017,0.83325,0.8334,8.10,1.00
2010.07.06 17:08:38.979,0.83325,0.8334,8.10,1.70
2010.07.06 17:08:39.520,0.83325,0.8334,8.10,3.30
2010.07.06 17:08:40.239,0.83325,0.8334,8.10,2.90
2010.07.06 17:08:40.749,0.8333,0.8334,1.60,1.00
2010.07.06 17:08:41.070,0.8333,0.83345,1.60,4.10
2010.07.06 17:08:41.384,0.8333,0.83345,1.60,3.70
2010.07.06 17:08:44.531,0.8333,0.83345,1.60,6.70
2010.07.06 17:08:45.289,0.8333,0.83345,1.60,6.10
2010.07.06 17:08:45.478,0.8333,0.83345,1.60,6.70
2010.07.06 17:08:47.483,0.8333,0.83345,1.60,5.90
2010.07.06 17:08:49.845,0.83335,0.83345,1.60,2.90
2010.07.06 17:08:51.167,0.83335,0.83345,1.60,1.30
2010.07.06 17:08:51.970,0.83335,0.83345,1.60,2.90
2010.07.06 17:08:54.328,0.8333,0.83345,3.20,2.90
2010.07.06 17:08:54.492,0.8333,0.83345,2.40,4.50
2010.07.06 17:08:54.655,0.8333,0.83345,2.40,6.10
2010.07.06 17:08:55.033,0.8333,0.83345,1.60,6.10
2010.07.06 17:08:55.212,0.83325,0.83345,12.90,7.10
2010.07.06 17:08:55.718,0.8333,0.83345,1.60,7.10
2010.07.06 17:09:02.014,0.8333,0.83345,3.20,2.90
2010.07.06 17:09:02.190,0.8333,0.83345,8.10,2.90
2010.07.06 17:09:02.369,0.8333,0.83345,7.20,5.30
2010.07.06 17:09:02.549,0.8333,0.83345,2.40,6.10
2010.07.06 17:09:03.068,0.8333,0.83345,1.60,6.10
2010.07.06 17:09:03.361,0.8333,0.83345,1.60,3.70
2010.07.06 17:09:03.641,0.8333,0.83345,8.00,3.20
2010.07.06 17:09:03.922,0.8333,0.83345,2.40,5.90
2010.07.06 17:09:04.209,0.8333,0.83345,1.60,5.90
2010.07.06 17:09:04.407,0.8333,0.83345,1.60,6.10
2010.07.06 17:09:06.617,0.83325,0.83345,12.90,6.10
2010.07.06 17:09:07.526,0.8333,0.83345,1.60,6.10
2010.07.06 17:09:07.806,0.83325,0.83345,12.90,6.10
2010.07.06 17:09:08.146,0.83325,0.83345,12.90,7.10
2010.07.06 17:09:09.000,0.8333,0.83345,1.60,7.10
2010.07.06 17:09:09.199,0.8333,0.83345,1.60,6.30
2010.07.06 17:09:09.599,0.8333,0.83345,1.60,3.90
2010.07.06 17:09:09.800,0.83335,0.83345,1.60,2.90
2010.07.06 17:09:10.348,0.83335,0.83345,1.60,1.00
2010.07.06 17:09:10.682,0.83335,0.83345,1.60,2.10
2010.07.06 17:09:11.726,0.83335,0.8335,2.50,2.90
2010.07.06 17:09:12.678,0.83335,0.8335,2.50,8.30
2010.07.06 17:09:13.066,0.83335,0.8335,3.30,6.90
2010.07.06 17:09:13.326,0.83335,0.8335,2.50,4.50
2010.07.06 17:09:13.918,0.83335,0.8335,2.50,2.90
2010.07.06 17:09:14.495,0.83335,0.8335,2.50,4.50
2010.07.06 17:09:17.278,0.83335,0.8335,1.60,4.50
2010.07.06 17:09:18.627,0.83335,0.8335,3.30,2.90
2010.07.06 17:09:18.788,0.8334,0.8335,1.60,1.30
2010.07.06 17:09:18.950,0.8334,0.83355,2.40,4.90
2010.07.06 17:09:19.108,0.8334,0.83355,1.00,2.90
2010.07.06 17:09:19.763,0.8334,0.83355,2.40,2.90
2010.07.06 17:09:20.339,0.8334,0.83355,5.60,2.90
2010.07.06 17:09:20.630,0.83345,0.83355,1.60,1.60
2010.07.06 17:09:20.948,0.83345,0.8336,2.40,3.10
2010.07.06 17:09:21.734,0.83345,0.8336,1.60,3.10
2010.07.06 17:09:23.260,0.83345,0.8336,1.60,3.90
2010.07.06 17:09:24.278,0.83345,0.8336,1.60,3.70
2010.07.06 17:09:24.961,0.83345,0.8336,1.60,2.90
2010.07.06 17:09:25.378,0.83345,0.8336,1.60,3.70
2010.07.06 17:09:26.168,0.83345,0.8336,1.60,2.90
2010.07.06 17:09:26.787,0.83345,0.8336,1.60,3.70
2010.07.06 17:09:27.518,0.83345,0.8336,1.60,6.90
2010.07.06 17:09:27.865,0.83345,0.83355,1.60,2.90
2010.07.06 17:09:29.417,0.83345,0.83355,1.60,1.30
2010.07.06 17:09:29.801,0.83345,0.83355,1.60,1.00
2010.07.06 17:09:30.169,0.83345,0.8336,2.40,2.90
2010.07.06 17:09:30.699,0.83345,0.8336,9.60,2.90
2010.07.06 17:09:31.416,0.83345,0.83355,1.60,2.90
2010.07.06 17:09:32.184,0.83345,0.83355,1.60,1.30
2010.07.06 17:09:32.392,0.8334,0.83355,7.20,3.30
2010.07.06 17:09:32.936,0.8334,0.83355,3.20,8.90
2010.07.06 17:09:33.282,0.8334,0.83355,2.40,8.90
2010.07.06 17:09:35.143,0.8334,0.83355,3.20,8.90
2010.07.06 17:09:35.719,0.8334,0.83355,3.20,7.60
2010.07.06 17:09:36.318,0.8334,0.83355,3.20,10.00
2010.07.06 17:09:36.666,0.83345,0.83355,1.60,2.00
2010.07.06 17:09:37.362,0.8334,0.83355,2.40,7.60
2010.07.06 17:09:37.666,0.83345,0.83355,1.60,3.60
2010.07.06 17:09:37.959,0.83345,0.83355,1.60,2.00
2010.07.06 17:09:38.571,0.83345,0.83355,1.60,3.60
2010.07.06 17:09:38.920,0.83345,0.8336,1.60,12.10
2010.07.06 17:09:39.265,0.83345,0.8336,1.60,8.10
2010.07.06 17:09:39.612,0.83345,0.8336,1.60,4.10
2010.07.06 17:09:41.947,0.83345,0.8336,1.60,3.70
2010.07.06 17:09:43.917,0.83345,0.8336,1.60,4.10
2010.07.06 17:09:46.217,0.83345,0.8336,1.60,2.90
2010.07.06 17:09:47.150,0.83345,0.8336,1.60,8.10
2010.07.06 17:09:47.787,0.83345,0.8336,1.60,3.70
2010.07.06 17:09:55.029,0.83345,0.8336,1.60,2.90
2010.07.06 17:09:55.440,0.83345,0.8336,3.20,2.90
2010.07.06 17:09:56.985,0.83345,0.8336,2.40,4.10
2010.07.06 17:09:57.577,0.83345,0.83355,1.60,1.00
2010.07.06 17:09:57.922,0.83345,0.83355,1.60,1.00
2010.07.06 17:09:58.551,0.83345,0.8336,1.60,4.10
2010.07.06 17:09:59.571,0.83345,0.8336,1.60,2.10
2010.07.06 17:09:59.869,0.83345,0.8336,12.40,2.10
2010.07.06 17:10:01.901,0.83345,0.8336,3.20,2.90
2010.07.06 17:10:02.067,0.83345,0.8336,2.40,2.90
2010.07.06 17:10:02.841,0.83345,0.8336,2.40,3.30
2010.07.06 17:10:03.428,0.83345,0.8336,2.40,4.10
2010.07.06 17:10:03.597,0.83345,0.8336,1.60,4.10
2010.07.06 17:10:04.110,0.83345,0.8336,1.60,7.30
2010.07.06 17:10:04.452,0.83345,0.8336,1.60,9.70
2010.07.06 17:10:06.188,0.8334,0.83355,6.40,2.40
2010.07.06 17:10:06.534,0.8334,0.83355,1.60,3.70
2010.07.06 17:10:07.351,0.8334,0.83355,1.60,3.30
2010.07.06 17:10:08.378,0.8334,0.83355,1.60,4.10
2010.07.06 17:10:11.407,0.8334,0.83355,1.60,3.70
2010.07.06 17:10:12.824,0.8334,0.83355,1.60,4.10
2010.07.06 17:10:13.169,0.8334,0.83355,1.60,3.70
2010.07.06 17:10:14.189,0.8334,0.83355,2.40,3.70
2010.07.06 17:10:14.747,0.83345,0.83355,1.60,2.90
2010.07.06 17:10:14.920,0.83345,0.83355,1.60,2.10
2010.07.06 17:10:16.090,0.8334,0.83355,2.40,2.90
2010.07.06 17:10:16.785,0.8334,0.83355,1.60,2.90
2010.07.06 17:10:19.147,0.8334,0.83355,1.60,3.70
2010.07.06 17:10:20.668,0.8334,0.83355,1.60,2.90
2010.07.06 17:10:23.427,0.8334,0.83355,2.40,2.90
2010.07.06 17:10:24.697,0.8334,0.83355,3.20,2.90
2010.07.06 17:10:25.036,0.83345,0.83355,1.60,2.90
2010.07.06 17:10:25.159,0.83345,0.83355,2.50,1.00
2010.07.06 17:10:25.279,0.83345,0.8336,2.50,3.70
2010.07.06 17:10:25.907,0.83345,0.8336,2.50,3.30
2010.07.06 17:10:26.254,0.83345,0.8336,6.90,2.90
2010.07.06 17:10:28.351,0.83345,0.8336,10.90,2.10
2010.07.06 17:10:28.407,0.83345,0.8336,14.90,1.60
2010.07.06 17:10:29.611,0.83345,0.8336,15.30,1.60
2010.07.06 17:10:33.369,0.8335,0.83365,1.60,3.90
2010.07.06 17:10:33.908,0.8335,0.83365,1.60,4.30
2010.07.06 17:10:36.039,0.83345,0.8336,12.10,2.10
2010.07.06 17:10:37.221,0.83345,0.8336,12.90,2.10
2010.07.06 17:10:37.537,0.83345,0.8336,12.90,2.90
2010.07.06 17:10:37.696,0.83345,0.8336,12.10,2.90
2010.07.06 17:10:38.698,0.83345,0.8336,11.30,2.90
2010.07.06 17:10:38.967,0.83345,0.8336,7.30,2.90
2010.07.06 17:10:39.237,0.83345,0.8336,11.30,2.90
2010.07.06 17:10:39.507,0.83345,0.8336,7.30,2.90
2010.07.06 17:10:39.777,0.83345,0.8336,7.30,3.40
2010.07.06 17:10:42.077,0.83345,0.8336,8.10,3.40
2010.07.06 17:10:44.591,0.83345,0.8336,12.10,2.90
2010.07.06 17:10:46.137,0.83345,0.8336,12.90,2.90
2010.07.06 17:10:46.682,0.83345,0.8336,8.90,2.90
2010.07.06 17:10:47.717,0.83345,0.8336,8.90,3.00
2010.07.06 17:11:04.924,0.8335,0.8336,1.60,1.00
2010.07.06 17:11:05.235,0.8335,0.8336,1.60,1.00
2010.07.06 17:11:14.517,0.8335,0.8336,2.40,1.00
2010.07.06 17:11:15.227,0.8335,0.8336,6.40,1.00
2010.07.06 17:11:21.188,0.8335,0.8336,2.40,1.00
2010.07.06 17:11:21.517,0.83345,0.8336,14.90,1.70
2010.07.06 17:11:27.707,0.83345,0.8336,12.90,1.70
2010.07.06 17:11:35.666,0.8335,0.8336,1.60,1.00
2010.07.06 17:11:42.276,0.83345,0.8336,14.90,1.70
2010.07.06 17:11:42.387,0.83345,0.8336,12.90,1.70
2010.07.06 17:11:44.027,0.83345,0.8336,8.90,1.70
2010.07.06 17:11:44.256,0.83345,0.8336,8.10,1.70
2010.07.06 17:11:45.118,0.83345,0.8336,8.10,2.20
2010.07.06 17:11:47.536,0.8335,0.8336,1.60,1.00
2010.07.06 17:11:54.695,0.8335,0.83365,4.00,2.20
2010.07.06 17:11:55.049,0.8335,0.83365,3.20,1.80
2010.07.06 17:11:56.074,0.8335,0.83365,3.20,2.60
2010.07.06 17:11:57.375,0.8335,0.83365,3.20,1.80
2010.07.06 17:12:00.953,0.8335,0.83365,2.40,3.40
2010.07.06 17:12:01.199,0.8335,0.83365,2.40,3.70
2010.07.06 17:12:01.438,0.8335,0.83365,2.40,3.30
2010.07.06 17:12:01.919,0.8335,0.83365,2.40,4.10
2010.07.06 17:12:03.439,0.8335,0.83365,2.40,3.70
2010.07.06 17:12:03.696,0.8335,0.83365,2.40,4.10
2010.07.06 17:12:05.308,0.8335,0.83365,2.40,3.30
2010.07.06 17:12:05.508,0.83355,0.83365,1.60,1.00
2010.07.06 17:12:05.709,0.83355,0.8337,1.60,10.30
2010.07.06 17:12:05.909,0.83355,0.8337,1.60,3.90
2010.07.06 17:12:06.530,0.83355,0.8337,2.40,3.90
2010.07.06 17:12:09.070,0.83355,0.8337,2.40,6.80
2010.07.06 17:12:09.228,0.83355,0.8337,1.60,14.80
2010.07.06 17:12:09.547,0.83355,0.8337,1.60,14.30
2010.07.06 17:12:10.518,0.83355,0.8337,2.50,14.30
2010.07.06 17:12:10.868,0.83355,0.8337,2.50,3.50
2010.07.06 17:12:11.210,0.83355,0.8337,2.50,3.90
2010.07.06 17:12:14.326,0.83355,0.8337,2.50,4.30
2010.07.06 17:12:21.936,0.83355,0.8337,2.50,3.90
2010.07.06 17:12:27.136,0.83355,0.8337,2.50,4.30
2010.07.06 17:12:28.327,0.83355,0.8337,2.50,3.90
2010.07.06 17:12:31.023,0.83355,0.8337,2.50,4.30
2010.07.06 17:12:31.138,0.83355,0.8337,3.30,4.30
2010.07.06 17:12:34.817,0.83355,0.8337,3.30,3.90
2010.07.06 17:12:35.278,0.83355,0.8337,2.50,3.90
2010.07.06 17:12:38.236,0.83355,0.8337,2.50,3.10
2010.07.06 17:12:38.837,0.83355,0.8337,6.50,3.10
2010.07.06 17:12:39.349,0.83355,0.8337,8.50,3.10
2010.07.06 17:12:40.367,0.83355,0.8337,8.10,3.10
2010.07.06 17:12:41.088,0.83355,0.8337,14.50,3.10
2010.07.06 17:12:41.699,0.83355,0.8337,14.90,3.10
2010.07.06 17:12:42.722,0.83355,0.8337,14.50,3.10
2010.07.06 17:12:43.985,0.83355,0.8337,14.90,3.10
2010.07.06 17:12:45.677,0.83355,0.8337,14.50,3.10
2010.07.06 17:12:48.547,0.83355,0.8337,14.90,3.10
2010.07.06 17:12:48.743,0.83355,0.8337,10.50,3.10
2010.07.06 17:12:48.932,0.83355,0.8337,11.70,2.30
2010.07.06 17:12:49.119,0.83355,0.8337,14.10,2.30
2010.07.06 17:12:55.849,0.83355,0.8337,9.70,3.10
2010.07.06 17:12:56.008,0.83355,0.8337,7.70,3.10
2010.07.06 17:12:56.288,0.83355,0.8337,14.10,3.10
2010.07.06 17:12:57.616,0.8336,0.8337,1.60,1.00
2010.07.06 17:13:00.665,0.83355,0.8337,14.10,1.80
2010.07.06 17:13:01.341,0.83355,0.8337,14.90,2.30
2010.07.06 17:13:03.131,0.83355,0.8337,3.70,3.10
2010.07.06 17:13:03.276,0.83355,0.8337,3.70,3.50
2010.07.06 17:13:03.424,0.83355,0.8337,2.90,2.70
2010.07.06 17:13:03.929,0.83355,0.8337,6.90,2.30
2010.07.06 17:13:04.274,0.83355,0.8337,2.50,3.90
2010.07.06 17:13:05.490,0.83355,0.8337,2.90,4.30
2010.07.06 17:13:05.843,0.83355,0.8337,14.10,3.10
2010.07.06 17:13:08.691,0.83355,0.8337,13.30,3.10
2010.07.06 17:13:09.541,0.83355,0.8337,9.30,3.10
2010.07.06 17:13:10.684,0.83355,0.8337,2.50,3.90
2010.07.06 17:13:15.666,0.83355,0.83365,1.60,2.10
2010.07.06 17:13:15.807,0.83355,0.83365,1.60,1.00
2010.07.06 17:13:16.088,0.83355,0.8337,2.50,3.60
2010.07.06 17:13:17.777,0.83355,0.8337,2.50,4.40
2010.07.06 17:13:18.038,0.83355,0.83365,2.50,1.60
2010.07.06 17:13:18.297,0.83355,0.83365,1.60,1.60
2010.07.06 17:13:19.448,0.8335,0.83365,3.20,2.10
2010.07.06 17:13:19.742,0.83355,0.83365,1.60,2.60
2010.07.06 17:13:19.900,0.83355,0.83365,1.60,2.10
2010.07.06 17:13:20.047,0.83355,0.83365,1.60,1.60
2010.07.06 17:13:21.490,0.83355,0.83365,1.60,2.10
2010.07.06 17:13:21.778,0.83355,0.83365,1.60,1.60
2010.07.06 17:13:23.202,0.83355,0.83365,1.60,2.10
2010.07.06 17:13:23.389,0.83355,0.83365,1.60,1.60
2010.07.06 17:13:24.879,0.83355,0.83365,1.60,2.10
2010.07.06 17:13:25.479,0.83355,0.83365,1.60,2.10
2010.07.06 17:13:25.720,0.83355,0.83365,1.60,1.60
2010.07.06 17:13:29.678,0.8335,0.83365,3.20,1.60
2010.07.06 17:13:29.909,0.8335,0.83365,2.40,2.60
2010.07.06 17:13:33.006,0.8335,0.83365,2.40,3.40
2010.07.06 17:13:33.941,0.8335,0.83365,4.00,2.10
2010.07.06 17:13:34.405,0.83355,0.83365,1.60,2.10
2010.07.06 17:13:35.689,0.8335,0.83365,1.60,2.60
2010.07.06 17:13:36.141,0.8335,0.83365,1.60,5.00
2010.07.06 17:13:36.392,0.8335,0.83365,1.60,3.40
2010.07.06 17:13:37.967,0.8335,0.83365,2.40,2.90
2010.07.06 17:13:39.965,0.8335,0.83365,3.20,2.90
2010.07.06 17:13:41.840,0.83355,0.83365,1.60,2.10
2010.07.06 17:13:42.118,0.83355,0.83365,1.60,1.00
2010.07.06 17:13:42.735,0.8335,0.83365,4.90,2.10
2010.07.06 17:13:42.885,0.8335,0.83365,3.20,2.10
2010.07.06 17:13:43.419,0.8335,0.83365,7.20,2.10
2010.07.06 17:13:43.990,0.83355,0.83365,1.60,2.10
2010.07.06 17:13:51.648,0.83355,0.83365,1.60,1.00
2010.07.06 17:13:52.019,0.83355,0.8337,1.60,3.90
2010.07.06 17:13:52.428,0.83355,0.8337,1.60,11.90
2010.07.06 17:13:52.565,0.83355,0.8337,1.60,3.90
2010.07.06 17:13:53.529,0.83355,0.83365,1.60,2.10
2010.07.06 17:13:53.819,0.8335,0.83365,4.00,6.10
2010.07.06 17:13:53.967,0.8335,0.83365,3.20,6.10
2010.07.06 17:13:54.337,0.8335,0.83365,2.40,6.10
2010.07.06 17:13:55.529,0.8335,0.83365,2.40,2.10
2010.07.06 17:13:55.752,0.8335,0.83365,2.40,2.90
2010.07.06 17:13:57.393,0.8335,0.83365,1.60,3.70
2010.07.06 17:13:57.689,0.83345,0.83365,15.30,7.70
2010.07.06 17:13:57.788,0.83345,0.83365,11.30,7.70
2010.07.06 17:13:57.888,0.83345,0.83365,11.30,3.70
2010.07.06 17:13:57.987,0.83345,0.83365,15.30,3.70
2010.07.06 17:13:59.290,0.83345,0.8336,8.90,2.10
2010.07.06 17:13:59.448,0.83345,0.8336,12.90,1.60
2010.07.06 17:13:59.979,0.83345,0.8336,15.30,1.60
2010.07.06 17:14:02.458,0.8335,0.83365,1.60,3.70
2010.07.06 17:14:03.006,0.83345,0.83365,16.10,3.70
2010.07.06 17:14:03.687,0.8335,0.83365,1.60,3.70
2010.07.06 17:14:03.907,0.8335,0.83365,2.40,2.90
2010.07.06 17:14:13.419,0.8335,0.83365,3.20,2.10
2010.07.06 17:14:13.627,0.8335,0.83365,4.00,2.10
2010.07.06 17:14:18.196,0.8335,0.83365,3.20,2.10
2010.07.06 17:14:18.400,0.8335,0.83365,1.00,3.30
2010.07.06 17:14:18.590,0.83345,0.83365,16.10,3.30
2010.07.06 17:14:18.783,0.8335,0.83365,1.60,9.70
2010.07.06 17:14:19.366,0.8335,0.83365,2.40,2.90
2010.07.06 17:14:24.147,0.8335,0.83365,3.20,2.90
2010.07.06 17:14:24.546,0.8335,0.83365,3.20,1.60
2010.07.06 17:14:24.697,0.8335,0.83365,4.00,1.60
2010.07.06 17:14:26.438,0.8335,0.83365,4.80,1.60
2010.07.06 17:14:32.068,0.8335,0.83365,4.00,1.60
2010.07.06 17:14:32.479,0.8335,0.83365,4.00,2.10
2010.07.06 17:14:33.448,0.83355,0.83365,1.60,1.00
2010.07.06 17:14:34.127,0.8335,0.83365,4.00,2.10
2010.07.06 17:14:34.820,0.8335,0.83365,4.00,1.60
2010.07.06 17:14:36.843,0.83355,0.8337,1.60,9.50
2010.07.06 17:14:37.042,0.83355,0.8337,4.00,3.10
2010.07.06 17:14:38.068,0.83355,0.8337,3.20,3.10
2010.07.06 17:14:38.599,0.83355,0.8337,4.00,3.10
2010.07.06 17:14:38.727,0.83355,0.8337,3.20,3.10
2010.07.06 17:14:39.766,0.83355,0.8337,3.20,13.50
2010.07.06 17:14:40.027,0.83355,0.8337,1.60,14.30
2010.07.06 17:14:54.981,0.83355,0.8337,1.60,15.10
2010.07.06 17:14:55.143,0.8335,0.83365,3.20,4.00
2010.07.06 17:14:55.303,0.8335,0.83365,2.40,6.10
2010.07.06 17:14:55.718,0.8335,0.83365,1.60,3.70
2010.07.06 17:14:56.063,0.8335,0.83365,2.40,2.40
2010.07.06 17:14:56.792,0.8335,0.83365,2.40,1.60
2010.07.06 17:15:02.786,0.8335,0.83365,3.20,1.60
2010.07.06 17:15:02.909,0.8335,0.83365,4.00,1.60
2010.07.06 17:15:03.028,0.8335,0.83365,3.20,1.60
2010.07.06 17:15:03.150,0.8335,0.83365,4.00,1.60
2010.07.06 17:15:06.471,0.8335,0.83365,3.20,1.60
2010.07.06 17:15:06.659,0.8335,0.83365,4.00,1.60
2010.07.06 17:15:12.467,0.83355,0.8337,1.60,11.90
2010.07.06 17:15:12.566,0.83355,0.8337,1.60,11.10
2010.07.06 17:15:12.967,0.83355,0.8337,2.40,7.10
2010.07.06 17:15:13.067,0.83355,0.8337,2.40,3.10
2010.07.06 17:15:13.398,0.83355,0.8337,4.00,2.30
2010.07.06 17:15:13.929,0.83355,0.8337,12.00,1.80
2010.07.06 17:15:15.297,0.83355,0.8337,11.20,1.80
2010.07.06 17:15:16.053,0.83355,0.8337,11.20,3.10
2010.07.06 17:15:16.194,0.83355,0.8337,2.40,3.90
2010.07.06 17:15:17.362,0.83355,0.8337,1.60,10.80
2010.07.06 17:15:17.448,0.83355,0.8337,1.60,14.80
2010.07.06 17:15:17.690,0.83355,0.8337,1.60,3.10
2010.07.06 17:15:20.466,0.8335,0.83365,14.40,1.60
2010.07.06 17:15:20.658,0.8335,0.83365,6.40,2.10
2010.07.06 17:15:21.897,0.8335,0.83365,4.00,2.10
2010.07.06 17:15:22.237,0.83355,0.83365,1.60,1.00
2010.07.06 17:15:28.637,0.8335,0.83365,3.20,2.10
2010.07.06 17:15:28.843,0.8335,0.83365,2.40,2.90
2010.07.06 17:15:39.388,0.8335,0.83365,1.60,3.70
2010.07.06 17:15:39.626,0.8335,0.83365,1.60,2.90
2010.07.06 17:15:45.332,0.8335,0.83365,1.60,3.70
2010.07.06 17:15:45.813,0.8335,0.8336,1.60,1.00
2010.07.06 17:15:46.006,0.83345,0.8336,11.30,2.10
2010.07.06 17:15:46.353,0.83345,0.8336,2.50,3.70
2010.07.06 17:15:48.669,0.8334,0.83355,18.10,1.60
2010.07.06 17:15:49.147,0.83345,0.83355,1.60,2.90
2010.07.06 17:15:49.269,0.83345,0.83355,1.60,2.40
2010.07.06 17:15:49.392,0.8334,0.83355,10.10,1.60
2010.07.06 17:15:50.107,0.83345,0.83355,1.60,1.60
2010.07.06 17:15:50.788,0.83345,0.8336,1.60,3.70
2010.07.06 17:15:51.037,0.83345,0.83355,1.60,1.60
2010.07.06 17:15:55.647,0.83345,0.8336,1.60,3.70
2010.07.06 17:16:00.487,0.8334,0.8336,10.90,3.70
2010.07.06 17:16:00.677,0.8334,0.8336,9.30,6.10
2010.07.06 17:16:00.929,0.8334,0.83355,3.20,3.70
2010.07.06 17:16:01.383,0.8334,0.83355,2.80,3.70
2010.07.06 17:16:01.644,0.8334,0.83355,3.60,3.70
2010.07.06 17:16:12.524,0.8334,0.83355,3.60,10.10
2010.07.06 17:16:14.941,0.8334,0.83355,3.60,9.30
2010.07.06 17:16:15.077,0.8334,0.83355,3.60,2.90
2010.07.06 17:16:21.849,0.83345,0.83355,1.60,2.90
2010.07.06 17:16:22.685,0.8334,0.83355,9.30,2.90
2010.07.06 17:16:24.098,0.83345,0.83355,1.60,2.90
2010.07.06 17:16:26.970,0.8334,0.83355,10.10,1.60
2010.07.06 17:16:27.179,0.83345,0.8336,1.60,13.70
2010.07.06 17:16:27.632,0.83345,0.8336,1.60,7.30
2010.07.06 17:16:27.853,0.83345,0.8336,3.20,1.60
2010.07.06 17:16:28.650,0.83345,0.8336,3.20,2.10
2010.07.06 17:16:29.383,0.83345,0.8336,3.20,2.90
2010.07.06 17:16:30.431,0.83345,0.8336,2.40,2.90
2010.07.06 17:16:30.800,0.83345,0.83355,1.60,1.00
2010.07.06 17:16:38.620,0.83345,0.8336,1.60,2.90
2010.07.06 17:16:40.798,0.83345,0.83355,1.60,1.00
2010.07.06 17:16:43.123,0.83345,0.83355,1.60,2.10
2010.07.06 17:16:43.474,0.8334,0.83355,3.70,2.10
2010.07.06 17:16:46.637,0.83345,0.83355,1.60,1.00
2010.07.06 17:16:47.074,0.83345,0.83355,1.60,1.30
2010.07.06 17:16:47.390,0.8334,0.83355,1.60,6.90
2010.07.06 17:16:50.671,0.83335,0.8335,5.30,2.90
2010.07.06 17:16:51.253,0.83335,0.8335,2.50,2.90
2010.07.06 17:16:55.392,0.83335,0.8335,3.70,2.90
2010.07.06 17:16:55.628,0.83335,0.8335,3.70,2.10
2010.07.06 17:16:56.614,0.83335,0.8335,5.30,2.10
2010.07.06 17:16:57.060,0.83335,0.8335,4.40,2.10
2010.07.06 17:16:57.364,0.83335,0.8335,4.40,11.70
2010.07.06 17:16:58.003,0.83335,0.8335,4.40,2.90
2010.07.06 17:16:59.981,0.83335,0.8335,4.40,1.30
2010.07.06 17:17:00.191,0.83335,0.8335,4.40,1.00
2010.07.06 17:17:00.972,0.8334,0.8335,1.60,1.00
2010.07.06 17:17:01.322,0.83335,0.8335,4.40,1.00
2010.07.06 17:17:02.958,0.8334,0.8335,1.60,1.30
2010.07.06 17:17:03.551,0.83335,0.8335,4.40,1.30
2010.07.06 17:17:04.608,0.83335,0.8335,3.60,2.90
2010.07.06 17:17:04.827,0.83335,0.8335,2.80,2.90
2010.07.06 17:17:05.047,0.83335,0.8335,2.40,2.90
2010.07.06 17:17:10.377,0.83335,0.8335,1.60,2.90
2010.07.06 17:17:13.628,0.83335,0.8335,2.40,2.90
2010.07.06 17:17:13.807,0.83335,0.8335,1.60,5.30
2010.07.06 17:17:14.410,0.83335,0.8335,1.60,9.30
2010.07.06 17:17:14.671,0.83335,0.8335,2.40,2.90
2010.07.06 17:17:16.712,0.83335,0.8335,3.60,2.10
2010.07.06 17:17:17.172,0.83335,0.8335,7.60,2.10
2010.07.06 17:17:17.361,0.8334,0.8335,1.60,1.30
2010.07.06 17:17:17.548,0.83335,0.8335,5.60,2.90
2010.07.06 17:17:21.101,0.83335,0.8335,1.60,2.90
2010.07.06 17:17:25.708,0.8334,0.8335,1.60,1.30
2010.07.06 17:17:26.228,0.8334,0.8335,1.60,1.00
2010.07.06 17:17:26.768,0.8334,0.8335,1.60,1.30
2010.07.06 17:17:28.848,0.8334,0.8335,1.60,1.00
2010.07.06 17:17:33.437,0.8334,0.8335,1.60,1.30
2010.07.06 17:17:34.812,0.8334,0.8335,1.60,1.00
2010.07.06 17:17:36.517,0.8334,0.83355,1.60,2.90
2010.07.06 17:17:37.434,0.8334,0.83355,2.40,2.90
2010.07.06 17:17:42.387,0.8334,0.83355,2.40,5.70
2010.07.06 17:17:42.511,0.8334,0.83355,2.40,5.80
2010.07.06 17:17:42.628,0.8334,0.83355,2.80,5.30
2010.07.06 17:17:43.109,0.8334,0.83355,9.30,1.60
2010.07.06 17:17:43.230,0.83345,0.83355,1.60,1.60
2010.07.06 17:17:46.785,0.83345,0.8336,1.60,5.30
2010.07.06 17:17:47.117,0.83345,0.83355,1.60,2.10
2010.07.06 17:17:47.933,0.83345,0.83355,1.60,6.10
2010.07.06 17:17:48.221,0.83345,0.83355,1.60,2.90
2010.07.06 17:17:48.507,0.8334,0.83355,6.50,2.90
2010.07.06 17:17:49.160,0.83345,0.83355,1.60,2.90
2010.07.06 17:17:51.658,0.8334,0.83355,11.30,2.90
2010.07.06 17:17:52.677,0.83345,0.83355,1.60,2.90
2010.07.06 17:17:54.869,0.83345,0.83355,1.60,1.30
2010.07.06 17:17:55.471,0.83345,0.8336,1.60,2.90
2010.07.06 17:17:57.760,0.83345,0.8336,1.60,5.70
2010.07.06 17:17:57.929,0.83345,0.83355,1.60,1.00
2010.07.06 17:17:58.809,0.8334,0.83355,1.60,2.90
2010.07.06 17:17:59.154,0.8334,0.83355,4.00,2.90
2010.07.06 17:17:59.757,0.8334,0.83355,1.60,2.90
2010.07.06 17:18:00.082,0.8334,0.83355,7.30,2.90
2010.07.06 17:18:01.668,0.8334,0.83355,6.50,2.90
2010.07.06 17:18:02.090,0.8334,0.83355,1.60,2.90
2010.07.06 17:18:04.652,0.8334,0.83355,5.60,2.90
2010.07.06 17:18:04.822,0.8334,0.83355,6.50,2.90
2010.07.06 17:18:06.228,0.8334,0.83355,5.60,2.90
2010.07.06 17:18:06.724,0.8334,0.83355,1.60,2.90
2010.07.06 17:18:06.974,0.8334,0.83355,1.60,5.70
2010.07.06 17:18:07.203,0.8334,0.83355,1.60,2.90
2010.07.06 17:18:07.773,0.8334,0.8335,1.60,1.00
2010.07.06 17:18:08.343,0.8334,0.83355,1.60,2.90
2010.07.06 17:18:08.691,0.8334,0.8335,1.60,1.00
2010.07.06 17:18:09.031,0.8334,0.83355,1.60,2.90
2010.07.06 17:18:11.556,0.83335,0.8335,12.40,2.90
2010.07.06 17:18:11.775,0.83335,0.8335,2.00,2.90
2010.07.06 17:18:12.431,0.83335,0.8335,1.60,5.30
2010.07.06 17:18:12.649,0.83335,0.8335,1.60,13.30
2010.07.06 17:18:12.840,0.83335,0.8335,1.60,14.10
2010.07.06 17:18:13.027,0.83335,0.83345,1.60,1.00
2010.07.06 17:18:14.360,0.83335,0.8335,1.60,14.10
2010.07.06 17:18:14.652,0.83335,0.8335,1.60,2.90
2010.07.06 17:18:14.916,0.83335,0.83355,3.20,9.70
2010.07.06 17:18:15.546,0.8334,0.83355,1.60,13.70
2010.07.06 17:18:15.813,0.8334,0.83355,1.60,13.80
2010.07.06 17:18:16.483,0.83335,0.8335,2.40,3.30
2010.07.06 17:18:16.841,0.83335,0.8335,1.60,3.30
2010.07.06 17:18:18.223,0.8334,0.8335,1.60,1.00
2010.07.06 17:18:18.593,0.83335,0.8335,7.60,2.10
2010.07.06 17:18:20.172,0.83335,0.8335,11.60,2.10
2010.07.06 17:18:21.027,0.83335,0.8335,12.00,2.10
2010.07.06 17:18:21.299,0.83335,0.8335,3.20,2.90
2010.07.06 17:18:21.568,0.8334,0.8335,1.60,1.30
2010.07.06 17:18:25.309,0.83335,0.8335,3.20,1.30
2010.07.06 17:18:30.568,0.83335,0.8335,7.20,1.30
2010.07.06 17:18:30.818,0.83335,0.8335,11.60,1.30
2010.07.06 17:18:32.168,0.83335,0.8335,7.60,1.00
2010.07.06 17:18:32.487,0.83335,0.8335,12.40,1.00
2010.07.06 17:18:32.808,0.83335,0.8335,8.40,1.00
2010.07.06 17:18:33.127,0.83335,0.8335,7.60,1.00
2010.07.06 17:18:33.492,0.83335,0.8335,11.60,1.00
2010.07.06 17:18:33.806,0.8334,0.83355,4.00,3.30
2010.07.06 17:18:34.126,0.8334,0.83355,6.40,3.30
2010.07.06 17:18:34.382,0.8334,0.83355,6.80,2.90
2010.07.06 17:18:34.746,0.8334,0.83355,13.20,2.90
2010.07.06 17:18:35.004,0.8334,0.83355,14.00,1.60
2010.07.06 17:18:37.068,0.83345,0.83355,1.00,1.60
2010.07.06 17:18:37.314,0.83345,0.8336,2.40,3.70
2010.07.06 17:18:37.438,0.83345,0.8336,2.40,3.30
2010.07.06 17:18:38.056,0.83345,0.8336,3.20,3.30
2010.07.06 17:18:39.744,0.83345,0.8336,3.20,2.90
2010.07.06 17:18:40.316,0.83345,0.8336,7.20,2.10
2010.07.06 17:18:40.831,0.83345,0.8336,3.20,2.10
2010.07.06 17:18:41.172,0.83345,0.8336,7.20,2.10
2010.07.06 17:18:42.297,0.83345,0.8336,3.20,2.10
2010.07.06 17:18:42.580,0.83345,0.8336,3.20,1.60
2010.07.06 17:18:42.789,0.83345,0.8336,7.20,1.60
2010.07.06 17:18:44.939,0.83345,0.8336,3.20,1.60
2010.07.06 17:18:45.478,0.83345,0.8336,7.20,1.60
2010.07.06 17:18:49.170,0.83345,0.8336,3.20,1.60
2010.07.06 17:18:49.844,0.8335,0.83365,2.40,13.70
2010.07.06 17:18:50.376,0.8335,0.83365,3.20,5.70
2010.07.06 17:18:50.726,0.83355,0.8337,13.30,2.20
2010.07.06 17:18:51.075,0.83355,0.83365,1.00,1.60
2010.07.06 17:18:51.881,0.83355,0.83365,2.40,1.60
2010.07.06 17:18:52.223,0.83355,0.8337,2.40,3.50
2010.07.06 17:18:53.069,0.83355,0.8337,1.60,3.50
2010.07.06 17:18:55.033,0.83355,0.83365,1.60,1.60
2010.07.06 17:18:55.911,0.83355,0.8337,1.60,3.50
2010.07.06 17:18:56.247,0.83355,0.83365,1.60,1.60
2010.07.06 17:18:58.418,0.83355,0.8337,1.60,3.50
2010.07.06 17:18:59.000,0.83355,0.8337,1.60,3.10
2010.07.06 17:19:01.445,0.83355,0.8337,1.60,3.50
2010.07.06 17:19:02.139,0.8335,0.83365,14.90,1.60
2010.07.06 17:19:02.481,0.83355,0.8337,1.60,3.50
2010.07.06 17:19:04.356,0.8335,0.83365,10.10,1.60
2010.07.06 17:19:04.559,0.8335,0.83365,9.20,1.60
2010.07.06 17:19:04.760,0.8335,0.83365,8.80,2.00
2010.07.06 17:19:05.156,0.8335,0.83365,5.60,3.30
2010.07.06 17:19:05.269,0.8335,0.8336,4.00,1.30
2010.07.06 17:19:05.370,0.8335,0.8336,5.60,1.30
2010.07.06 17:19:05.709,0.8335,0.8336,4.00,1.30
2010.07.06 17:19:06.464,0.83345,0.8336,7.60,1.30
2010.07.06 17:19:06.955,0.83345,0.8336,7.60,2.90
2010.07.06 17:19:07.558,0.83345,0.8336,3.60,2.90
2010.07.06 17:19:08.149,0.83345,0.8336,11.60,2.90
2010.07.06 17:19:09.300,0.83345,0.8336,11.20,2.90
2010.07.06 17:19:09.639,0.83345,0.8336,7.20,2.90
2010.07.06 17:19:11.522,0.83345,0.8336,11.20,2.90
2010.07.06 17:19:12.907,0.83345,0.8336,11.20,1.30
2010.07.06 17:19:13.358,0.83345,0.8336,11.60,1.30
2010.07.06 17:19:13.648,0.83345,0.8336,11.20,1.30
2010.07.06 17:19:14.229,0.83345,0.8336,11.60,1.30
2010.07.06 17:19:14.517,0.83345,0.8336,11.20,1.30
2010.07.06 17:19:14.799,0.83345,0.8336,11.60,1.30
2010.07.06 17:19:15.077,0.83345,0.8336,11.20,1.30
2010.07.06 17:19:16.027,0.83345,0.8336,11.60,1.30
2010.07.06 17:19:16.367,0.83345,0.8336,11.60,2.90
2010.07.06 17:19:16.538,0.83345,0.8336,11.20,2.90
2010.07.06 17:19:18.648,0.83345,0.8336,11.60,2.90
2010.07.06 17:19:18.847,0.83345,0.8336,7.60,2.90
2010.07.06 17:19:19.318,0.83345,0.8336,7.20,2.90
2010.07.06 17:19:20.521,0.83345,0.8336,11.20,2.90
2010.07.06 17:19:20.757,0.83345,0.8336,11.60,2.90
2010.07.06 17:19:20.997,0.83345,0.8336,11.20,2.90
2010.07.06 17:19:24.127,0.83345,0.8336,11.60,2.90
2010.07.06 17:19:24.276,0.83345,0.8336,11.60,1.30
2010.07.06 17:19:24.556,0.83345,0.8336,7.60,1.30
2010.07.06 17:19:24.697,0.83345,0.8336,3.60,1.30
2010.07.06 17:19:25.132,0.83345,0.8336,2.00,1.70
2010.07.06 17:19:25.410,0.83345,0.8336,1.60,3.30
2010.07.06 17:19:26.129,0.83345,0.8336,1.60,11.30
2010.07.06 17:19:26.471,0.83345,0.8336,1.60,3.30
2010.07.06 17:19:27.561,0.83345,0.83355,1.60,1.30
2010.07.06 17:19:32.277,0.83345,0.83355,1.60,2.90
2010.07.06 17:19:34.208,0.8334,0.83355,2.80,2.90
2010.07.06 17:19:42.040,0.8334,0.83355,2.00,2.90
2010.07.06 17:19:42.472,0.8334,0.83355,1.60,3.30
2010.07.06 17:19:42.977,0.83335,0.8335,1.60,2.00
2010.07.06 17:19:43.266,0.83335,0.83345,2.40,2.50
2010.07.06 17:19:43.669,0.83335,0.83345,2.40,3.30
2010.07.06 17:19:44.011,0.8333,0.83345,1.60,3.30
2010.07.06 17:19:47.920,0.83325,0.8334,6.10,2.50
2010.07.06 17:19:48.454,0.83325,0.8334,5.60,5.70
2010.07.06 17:19:48.704,0.83325,0.8334,1.60,3.70
2010.07.06 17:19:49.395,0.83325,0.83335,1.60,1.00
2010.07.06 17:19:52.081,0.83325,0.8334,2.40,13.70
2010.07.06 17:19:52.806,0.83325,0.83335,2.40,1.60
2010.07.06 17:19:52.943,0.83325,0.83335,3.20,1.60
2010.07.06 17:19:53.538,0.83325,0.8334,2.40,13.70
2010.07.06 17:19:53.669,0.83325,0.8334,1.60,11.30
2010.07.06 17:19:54.583,0.83325,0.8334,1.60,3.30
2010.07.06 17:19:54.930,0.83325,0.8334,2.40,3.30
2010.07.06 17:19:57.478,0.83325,0.8334,1.00,3.30
2010.07.06 17:19:58.138,0.83325,0.8334,6.40,3.30
2010.07.06 17:19:58.310,0.83325,0.8334,6.40,2.90
2010.07.06 17:20:01.947,0.83325,0.8334,5.60,2.90
2010.07.06 17:20:03.140,0.83325,0.8334,1.60,2.90
2010.07.06 17:20:03.401,0.83325,0.8334,1.60,3.30
2010.07.06 17:20:04.592,0.8332,0.83335,5.60,2.10
2010.07.06 17:20:05.114,0.8332,0.83335,2.40,2.50
2010.07.06 17:20:05.440,0.8332,0.83335,2.40,2.90
2010.07.06 17:20:05.739,0.83325,0.83335,1.60,1.30
2010.07.06 17:20:06.642,0.8332,0.83335,5.70,2.90
2010.07.06 17:20:06.871,0.8332,0.83335,10.10,2.90
2010.07.06 17:20:07.097,0.8332,0.83335,7.70,2.90
2010.07.06 17:20:07.329,0.83325,0.83335,1.60,1.30
2010.07.06 17:20:08.638,0.83325,0.83335,1.60,1.70
2010.07.06 17:20:09.003,0.83325,0.83335,1.60,1.20
2010.07.06 17:20:09.206,0.83325,0.8334,2.40,2.90
2010.07.06 17:20:09.931,0.83325,0.8334,1.60,2.90
2010.07.06 17:20:10.129,0.83325,0.8334,1.60,3.30
2010.07.06 17:20:10.471,0.83325,0.8334,1.60,2.90
2010.07.06 17:20:11.148,0.83325,0.8334,3.20,2.90
2010.07.06 17:20:13.498,0.83325,0.8334,11.20,2.90
2010.07.06 17:20:13.817,0.83325,0.8334,11.20,2.10
2010.07.06 17:20:14.321,0.83325,0.8334,3.20,2.10
2010.07.06 17:20:14.478,0.83325,0.8334,11.20,2.10
2010.07.06 17:20:14.770,0.83325,0.8334,7.20,2.90
2010.07.06 17:20:15.058,0.83325,0.8334,3.20,2.90
2010.07.06 17:20:19.398,0.83325,0.8334,3.20,1.30
2010.07.06 17:20:19.559,0.83325,0.8334,3.20,1.00
2010.07.06 17:20:22.727,0.83325,0.8334,7.20,1.00
2010.07.06 17:20:23.238,0.83325,0.8334,3.20,1.00
2010.07.06 17:20:24.157,0.83325,0.83345,3.20,11.30
2010.07.06 17:20:25.513,0.8333,0.83345,1.60,11.30
2010.07.06 17:20:25.648,0.8333,0.83345,1.60,10.90
2010.07.06 17:20:25.918,0.8333,0.83345,1.60,2.90
2010.07.06 17:20:34.940,0.8333,0.83345,2.40,1.00
2010.07.06 17:20:35.534,0.8333,0.8335,7.20,11.30
2010.07.06 17:20:35.897,0.8333,0.83345,7.20,2.10
2010.07.06 17:20:36.604,0.8333,0.83345,7.20,1.00
2010.07.06 17:20:36.963,0.8333,0.8335,3.20,14.10
2010.07.06 17:20:37.311,0.8333,0.83345,3.20,1.60
2010.07.06 17:20:38.582,0.8333,0.83345,7.20,1.60
2010.07.06 17:20:39.298,0.8333,0.83345,3.20,1.60
2010.07.06 17:20:39.851,0.8333,0.83345,7.20,1.60
2010.07.06 17:20:40.196,0.83335,0.8335,1.00,3.30
2010.07.06 17:20:40.546,0.83335,0.8335,12.50,1.60
2010.07.06 17:20:41.102,0.8334,0.83355,6.80,1.60
2010.07.06 17:20:41.320,0.8334,0.83355,1.60,2.90
2010.07.06 17:20:41.530,0.8334,0.83355,2.40,2.90
2010.07.06 17:20:43.614,0.8334,0.83355,1.00,2.90
2010.07.06 17:20:44.091,0.83335,0.83355,13.60,2.90
2010.07.06 17:20:44.277,0.8334,0.83355,4.00,2.90
2010.07.06 17:20:46.432,0.8334,0.83355,4.80,2.90
2010.07.06 17:20:48.328,0.8334,0.83355,5.60,2.90
2010.07.06 17:20:49.294,0.8334,0.83355,7.20,2.90
2010.07.06 17:20:50.648,0.8334,0.83355,3.20,2.90
2010.07.06 17:20:51.630,0.8334,0.83355,7.20,2.90
2010.07.06 17:20:51.821,0.8334,0.83355,2.40,2.90
2010.07.06 17:20:52.502,0.8334,0.83355,2.40,3.30
2010.07.06 17:20:52.688,0.8334,0.83355,1.00,3.30
2010.07.06 17:20:53.030,0.8334,0.83355,3.20,2.10
2010.07.06 17:20:53.745,0.8334,0.83355,3.20,1.60
2010.07.06 17:20:58.057,0.8334,0.83355,3.20,2.10
2010.07.06 17:20:59.298,0.83335,0.83345,1.60,1.00
2010.07.06 17:20:59.526,0.8333,0.83345,5.60,2.90
2010.07.06 17:21:00.109,0.8333,0.83345,1.60,2.90
2010.07.06 17:21:00.332,0.8333,0.83345,2.40,1.30
2010.07.06 17:21:01.037,0.8333,0.8335,7.20,3.70
2010.07.06 17:21:01.390,0.8333,0.83345,2.40,2.90
2010.07.06 17:21:03.727,0.8333,0.83345,1.60,3.30
2010.07.06 17:21:03.995,0.83325,0.83345,6.40,11.30
2010.07.06 17:21:04.260,0.83325,0.8334,3.60,1.60
2010.07.06 17:21:04.530,0.83325,0.8334,6.00,2.10
2010.07.06 17:21:04.918,0.83325,0.8334,5.60,2.10
2010.07.06 17:21:05.192,0.83325,0.8334,5.60,1.00
2010.07.06 17:21:06.970,0.8333,0.8334,1.60,1.00
2010.07.06 17:21:07.460,0.8333,0.83345,1.60,2.90
2010.07.06 17:21:07.925,0.8333,0.83345,1.60,3.30
2010.07.06 17:21:08.794,0.83325,0.8334,11.60,1.00
2010.07.06 17:21:10.871,0.83325,0.8334,11.60,2.10
2010.07.06 17:21:11.205,0.83325,0.8334,1.60,2.90
2010.07.06 17:21:11.389,0.83325,0.8334,1.60,3.30
2010.07.06 17:21:11.748,0.83325,0.8334,2.40,3.30
2010.07.06 17:21:16.559,0.83325,0.8334,3.20,2.90
2010.07.06 17:21:17.829,0.83325,0.8334,3.20,1.60
2010.07.06 17:21:19.599,0.83325,0.8334,11.20,1.60
2010.07.06 17:21:19.698,0.83325,0.8334,2.80,1.60
2010.07.06 17:21:19.899,0.83325,0.8334,6.80,1.60
2010.07.06 17:21:20.000,0.83325,0.83345,10.80,3.30
2010.07.06 17:21:20.098,0.8333,0.83345,1.60,2.90
2010.07.06 17:21:20.586,0.8333,0.83345,2.40,8.50
2010.07.06 17:21:20.931,0.8333,0.83345,1.60,10.90
2010.07.06 17:21:22.653,0.83325,0.8334,5.60,1.00
2010.07.06 17:21:22.894,0.83325,0.8334,3.20,1.00
2010.07.06 17:21:24.091,0.83325,0.8334,3.20,2.10
2010.07.06 17:21:25.224,0.83325,0.8334,2.40,2.90
2010.07.06 17:21:25.533,0.83325,0.8334,1.60,7.30
2010.07.06 17:21:25.844,0.83325,0.8334,3.20,2.00
2010.07.06 17:21:26.150,0.83325,0.83345,5.60,11.30
2010.07.06 17:21:27.848,0.83325,0.83345,13.60,3.30
2010.07.06 17:21:32.549,0.8333,0.83345,1.00,3.30
2010.07.06 17:21:32.845,0.8333,0.83345,7.20,2.10
2010.07.06 17:21:32.964,0.8333,0.83345,7.20,1.60
2010.07.06 17:21:33.446,0.8333,0.8335,11.20,3.30
2010.07.06 17:21:33.789,0.8333,0.83345,11.20,1.60
2010.07.06 17:21:34.889,0.8333,0.8335,11.20,3.30
2010.07.06 17:21:35.890,0.83335,0.8335,1.00,3.30
2010.07.06 17:21:36.244,0.83335,0.8335,1.70,3.30
2010.07.06 17:21:36.587,0.8334,0.83355,1.60,3.30
2010.07.06 17:21:36.927,0.83335,0.83355,14.50,3.30
2010.07.06 17:21:37.624,0.83335,0.83355,13.60,3.30
2010.07.06 17:21:39.019,0.8334,0.83355,1.00,2.90
2010.07.06 17:21:44.517,0.83335,0.83355,13.60,2.90
2010.07.06 17:21:45.190,0.83335,0.8335,13.60,1.60
2010.07.06 17:21:46.878,0.83335,0.8335,11.20,1.60
2010.07.06 17:21:47.069,0.83335,0.8335,11.20,2.10
2010.07.06 17:21:47.359,0.83335,0.8335,7.20,2.10
2010.07.06 17:21:47.649,0.83335,0.8335,11.20,2.90
2010.07.06 17:21:47.940,0.83335,0.8335,3.20,3.30
2010.07.06 17:21:48.397,0.83335,0.8335,2.40,3.30
2010.07.06 17:21:50.500,0.83335,0.83345,1.00,1.60
2010.07.06 17:21:50.769,0.8333,0.83345,6.40,2.90
2010.07.06 17:21:51.035,0.8333,0.83345,6.40,3.30
2010.07.06 17:21:51.296,0.8333,0.83345,7.20,2.90
2010.07.06 17:21:51.959,0.8333,0.83345,7.20,1.60
2010.07.06 17:21:52.311,0.8333,0.83345,3.20,1.60
2010.07.06 17:21:53.269,0.8333,0.83345,3.20,2.10
2010.07.06 17:21:53.944,0.8333,0.83345,5.60,1.60
2010.07.06 17:21:54.202,0.83335,0.8335,2.40,3.30
2010.07.06 17:21:54.799,0.83335,0.83345,1.00,1.60
2010.07.06 17:21:55.063,0.83335,0.8335,3.20,2.10
2010.07.06 17:21:55.413,0.83335,0.8335,14.00,1.60
2010.07.06 17:21:56.053,0.8334,0.8335,4.00,1.60
2010.07.06 17:21:56.316,0.83335,0.8335,14.00,1.60
2010.07.06 17:21:56.909,0.83335,0.8335,13.60,1.60
2010.07.06 17:22:00.569,0.83335,0.8335,11.20,1.60
2010.07.06 17:22:00.819,0.83335,0.8335,11.20,2.90
2010.07.06 17:22:03.424,0.83335,0.8335,14.40,1.60
2010.07.06 17:22:04.750,0.83335,0.8335,12.00,2.90
2010.07.06 17:22:04.948,0.83335,0.8335,11.60,2.90
2010.07.06 17:22:05.150,0.83335,0.8335,11.20,2.90
2010.07.06 17:22:05.831,0.83335,0.8335,11.20,2.10
2010.07.06 17:22:05.980,0.83335,0.8335,3.20,2.50
2010.07.06 17:22:06.261,0.83335,0.8335,3.20,8.90
2010.07.06 17:22:06.406,0.83335,0.8335,1.60,5.70
2010.07.06 17:22:07.008,0.83335,0.8335,2.40,4.40
2010.07.06 17:22:07.354,0.83335,0.8335,12.40,1.60
2010.07.06 17:22:09.041,0.83335,0.8335,12.80,1.60
2010.07.06 17:22:09.169,0.8334,0.8335,1.00,1.60
2010.07.06 17:22:15.896,0.83335,0.8335,12.80,2.10
2010.07.06 17:22:16.078,0.83335,0.8335,12.40,2.10
2010.07.06 17:22:16.473,0.83335,0.8335,12.80,2.10
2010.07.06 17:22:16.710,0.83335,0.8335,12.80,1.60
2010.07.06 17:22:16.955,0.83335,0.83355,12.80,3.30
2010.07.06 17:22:18.767,0.83335,0.8335,12.80,1.60
2010.07.06 17:22:19.712,0.83335,0.83355,12.80,3.30
2010.07.06 17:22:19.998,0.83335,0.8335,12.80,1.60
2010.07.06 17:22:25.727,0.8334,0.8335,1.00,1.60
2010.07.06 17:22:26.987,0.8334,0.83355,1.00,4.10
2010.07.06 17:22:27.517,0.8334,0.83355,1.00,3.30
2010.07.06 17:22:28.588,0.8334,0.83355,1.00,3.70
2010.07.06 17:22:29.034,0.8334,0.8335,1.00,1.60
2010.07.06 17:22:31.249,0.83335,0.8335,12.80,1.60
2010.07.06 17:22:31.443,0.83335,0.8335,12.40,1.60
2010.07.06 17:22:31.643,0.83335,0.8335,11.60,2.10
2010.07.06 17:22:31.844,0.83335,0.8335,3.60,2.10
2010.07.06 17:22:32.249,0.83335,0.8335,6.00,2.10
2010.07.06 17:22:32.594,0.83335,0.8335,5.60,1.60
2010.07.06 17:22:37.835,0.83335,0.8335,5.60,2.00
2010.07.06 17:22:38.048,0.83335,0.8335,3.20,2.00
2010.07.06 17:22:38.258,0.83335,0.8335,3.20,3.30
2010.07.06 17:22:38.469,0.83335,0.8335,5.60,2.90
2010.07.06 17:22:38.678,0.83335,0.8335,5.60,1.60
2010.07.06 17:22:39.446,0.83335,0.8335,2.40,2.10
2010.07.06 17:22:39.735,0.83335,0.8335,1.00,10.90
2010.07.06 17:22:40.030,0.8333,0.8335,7.60,6.90
2010.07.06 17:22:40.610,0.8333,0.83345,7.60,1.60
2010.07.06 17:22:41.099,0.83335,0.8335,1.60,7.80
2010.07.06 17:22:41.329,0.83335,0.8335,1.60,7.30
2010.07.06 17:22:41.779,0.83335,0.8335,1.60,9.70
2010.07.06 17:22:42.012,0.8333,0.83345,2.80,2.90
2010.07.06 17:22:42.613,0.8333,0.83345,7.20,1.60
2010.07.06 17:22:43.209,0.8333,0.83345,7.60,1.60
2010.07.06 17:22:43.647,0.83335,0.8335,1.60,3.30
2010.07.06 17:22:46.337,0.8333,0.83345,7.60,1.60
2010.07.06 17:22:46.911,0.83335,0.8335,1.60,3.30
2010.07.06 17:22:47.371,0.83335,0.8335,3.20,3.30
2010.07.06 17:22:47.579,0.83335,0.8335,3.20,2.10
2010.07.06 17:22:48.355,0.83335,0.83355,11.60,3.70
2010.07.06 17:22:48.634,0.83335,0.83355,14.00,2.90
2010.07.06 17:22:48.909,0.83335,0.8335,14.00,1.60
2010.07.06 17:22:49.570,0.83335,0.83355,14.00,2.90
2010.07.06 17:22:51.360,0.83335,0.83355,14.90,2.10
2010.07.06 17:22:51.618,0.83335,0.83355,15.30,2.10
2010.07.06 17:22:55.621,0.83335,0.8335,12.00,1.60
2010.07.06 17:22:56.388,0.83335,0.83355,12.00,3.30
2010.07.06 17:22:57.022,0.83335,0.83355,14.90,2.10
2010.07.06 17:22:58.768,0.83335,0.83355,14.90,2.90
2010.07.06 17:23:01.389,0.8334,0.83355,2.40,2.90
2010.07.06 17:23:06.184,0.8334,0.83355,4.00,1.60
2010.07.06 17:23:06.346,0.83345,0.8336,1.60,2.90
2010.07.06 17:23:06.518,0.83345,0.8336,5.60,2.10
2010.07.06 17:23:06.682,0.83345,0.8336,3.60,1.60
2010.07.06 17:23:07.406,0.83345,0.8336,5.60,2.90
2010.07.06 17:23:09.342,0.83345,0.83355,1.60,1.60
2010.07.06 17:23:09.509,0.83345,0.8336,1.00,2.90
2010.07.06 17:23:10.027,0.83345,0.83355,1.00,1.60
2010.07.06 17:23:10.321,0.83345,0.83355,4.80,1.60
2010.07.06 17:23:12.129,0.83345,0.83355,1.60,1.60
2010.07.06 17:23:12.626,0.83345,0.8336,3.20,2.10
2010.07.06 17:23:12.818,0.83345,0.8336,7.20,2.10
2010.07.06 17:23:12.998,0.83345,0.8336,11.20,2.10
2010.07.06 17:23:16.893,0.83345,0.8336,3.20,2.10
2010.07.06 17:23:17.065,0.83345,0.8336,11.20,2.10
2010.07.06 17:23:18.321,0.83345,0.8336,3.20,2.10
2010.07.06 17:23:18.499,0.83345,0.8336,3.20,2.90
2010.07.06 17:23:18.951,0.83345,0.8336,7.20,2.90
2010.07.06 17:23:19.137,0.83345,0.8336,11.20,2.10
2010.07.06 17:23:21.633,0.83345,0.8336,5.60,2.10
2010.07.06 17:23:21.844,0.83345,0.8336,1.60,2.90
2010.07.06 17:23:22.050,0.83345,0.8336,1.60,6.90
2010.07.06 17:23:23.127,0.83345,0.8336,1.60,9.30
2010.07.06 17:23:23.478,0.8334,0.8335,2.00,2.10
2010.07.06 17:23:23.703,0.8334,0.83355,1.00,2.90
2010.07.06 17:23:24.195,0.83335,0.83355,15.30,2.90
2010.07.06 17:23:24.428,0.83335,0.8335,15.70,1.60
2010.07.06 17:23:26.618,0.83335,0.8335,16.10,1.60
2010.07.06 17:23:27.117,0.83335,0.8335,14.90,1.60
2010.07.06 17:23:28.327,0.83335,0.83355,15.70,2.90
2010.07.06 17:23:29.099,0.8334,0.83355,2.40,2.90
2010.07.06 17:23:29.345,0.8334,0.83355,6.80,1.60
2010.07.06 17:23:29.742,0.8334,0.83355,14.80,1.60
2010.07.06 17:23:29.985,0.8334,0.83355,8.00,1.60
2010.07.06 17:23:33.179,0.8334,0.83355,6.00,1.60
2010.07.06 17:23:33.359,0.8334,0.8336,6.40,10.90
2010.07.06 17:23:33.897,0.8334,0.8336,14.90,2.90
2010.07.06 17:23:34.247,0.8334,0.83355,14.90,1.60
2010.07.06 17:23:35.020,0.8334,0.83355,6.00,1.60
2010.07.06 17:23:35.681,0.8334,0.83355,8.00,1.60
2010.07.06 17:23:37.291,0.83345,0.8336,12.00,1.60
2010.07.06 17:23:37.979,0.83345,0.8336,11.20,1.60
2010.07.06 17:23:39.423,0.83345,0.8336,12.00,1.60
2010.07.06 17:23:39.885,0.83345,0.8336,7.20,1.60
2010.07.06 17:23:44.868,0.8335,0.8336,1.00,1.60
2010.07.06 17:23:45.377,0.8335,0.83365,1.00,7.10
2010.07.06 17:23:45.516,0.8335,0.8336,1.00,1.60
2010.07.06 17:23:45.865,0.83345,0.8336,11.20,1.60
2010.07.06 17:23:47.543,0.83345,0.8336,7.20,1.60
2010.07.06 17:23:47.563,0.83345,0.8336,11.20,1.60
2010.07.06 17:24:00.928,0.83345,0.8336,7.20,1.60
2010.07.06 17:24:01.542,0.83345,0.8336,11.20,1.60
2010.07.06 17:24:01.792,0.83345,0.8336,12.40,1.60
2010.07.06 17:24:02.045,0.8335,0.83365,1.60,1.80
2010.07.06 17:24:02.953,0.8335,0.83365,5.60,1.80
2010.07.06 17:24:03.558,0.8335,0.83365,6.40,1.80
2010.07.06 17:24:04.197,0.83355,0.83365,1.00,1.80
2010.07.06 17:24:05.262,0.8336,0.8337,1.00,1.60
2010.07.06 17:24:07.438,0.8336,0.83375,1.60,6.10
2010.07.06 17:24:07.788,0.83365,0.83375,1.00,1.60
2010.07.06 17:24:08.374,0.83365,0.83375,1.60,1.60
2010.07.06 17:24:09.611,0.83365,0.8338,1.60,2.10
2010.07.06 17:24:10.540,0.83365,0.8338,3.20,2.10
2010.07.06 17:24:10.720,0.83365,0.8338,3.20,1.60
2010.07.06 17:24:11.438,0.83365,0.83375,1.60,1.60
2010.07.06 17:24:12.701,0.8336,0.83375,3.60,1.60
2010.07.06 17:24:12.950,0.8336,0.83375,3.20,2.10
2010.07.06 17:24:13.078,0.8336,0.83375,1.60,2.10
2010.07.06 17:24:13.328,0.8336,0.83375,1.00,2.10
2010.07.06 17:24:13.458,0.8336,0.83375,2.40,2.10
2010.07.06 17:24:14.332,0.8336,0.83375,4.00,1.60
2010.07.06 17:24:14.674,0.83365,0.83375,1.00,1.60
2010.07.06 17:24:15.736,0.83365,0.83375,1.60,1.60
2010.07.06 17:24:15.895,0.83365,0.8338,1.60,1.60
2010.07.06 17:24:17.092,0.83365,0.8338,12.00,1.60
2010.07.06 17:24:17.428,0.83365,0.8338,4.00,1.60
2010.07.06 17:24:17.739,0.83365,0.8338,3.20,1.60
2010.07.06 17:24:35.853,0.83365,0.8338,3.20,2.10
2010.07.06 17:24:43.761,0.83365,0.8338,3.20,2.90
2010.07.06 17:24:44.454,0.8336,0.83375,1.20,2.10
2010.07.06 17:24:44.756,0.8336,0.83375,3.60,2.10
2010.07.06 17:24:45.452,0.8336,0.83375,3.60,1.60
2010.07.06 17:24:47.180,0.8336,0.83375,7.60,1.60
2010.07.06 17:24:47.390,0.8336,0.83375,8.40,1.60
2010.07.06 17:24:47.598,0.83365,0.83375,1.00,1.60
2010.07.06 17:24:48.788,0.8336,0.83375,3.20,1.60
2010.07.06 17:24:49.189,0.8336,0.83375,7.20,1.60
2010.07.06 17:24:49.740,0.8336,0.83375,8.00,1.60
2010.07.06 17:24:50.370,0.8336,0.8338,8.00,11.30
2010.07.06 17:24:50.580,0.8336,0.8338,8.00,7.30
2010.07.06 17:24:51.135,0.83365,0.8338,1.00,6.50
2010.07.06 17:24:51.451,0.83365,0.83375,1.00,1.60
2010.07.06 17:24:52.052,0.83365,0.8338,1.00,2.90
2010.07.06 17:24:57.288,0.83365,0.8338,1.60,2.10
2010.07.06 17:24:58.925,0.83365,0.8338,3.20,2.10
2010.07.06 17:25:00.209,0.83365,0.8338,4.00,2.10
2010.07.06 17:25:00.359,0.8337,0.8338,1.00,1.60
2010.07.06 17:25:11.246,0.8337,0.83385,2.40,4.20
2010.07.06 17:25:12.752,0.8337,0.83385,1.60,14.60
2010.07.06 17:25:13.256,0.8337,0.8338,1.00,1.60
2010.07.06 17:25:16.828,0.8337,0.83385,1.00,11.10
2010.07.06 17:25:17.352,0.83375,0.83385,1.60,3.20
2010.07.06 17:25:17.603,0.8337,0.83385,3.20,7.60
2010.07.06 17:25:17.851,0.83375,0.83385,1.00,7.60
2010.07.06 17:25:18.576,0.8337,0.83385,4.00,7.60
2010.07.06 17:25:29.209,0.8337,0.83385,4.00,3.60
2010.07.06 17:25:29.883,0.8337,0.83385,4.00,7.60
2010.07.06 17:25:30.959,0.8337,0.83385,3.20,7.60
2010.07.06 17:25:31.701,0.8337,0.83385,3.20,6.00
2010.07.06 17:25:31.890,0.8337,0.83385,7.20,1.60
2010.07.06 17:25:32.079,0.8337,0.83385,4.00,1.60
2010.07.06 17:25:33.527,0.8337,0.83385,4.00,5.60
2010.07.06 17:25:33.727,0.8337,0.83385,4.00,1.60
2010.07.06 17:25:35.398,0.8337,0.83385,3.20,1.60
2010.07.06 17:25:43.221,0.8337,0.83385,1.60,2.10
2010.07.06 17:25:43.841,0.8337,0.83385,3.20,2.10
2010.07.06 17:25:54.152,0.8337,0.83385,3.20,13.30
2010.07.06 17:25:54.489,0.8337,0.83385,1.00,13.80
2010.07.06 17:26:00.733,0.8337,0.83385,1.00,9.80
2010.07.06 17:26:01.013,0.8337,0.83385,1.00,2.90
2010.07.06 17:26:01.211,0.8337,0.83385,1.00,11.30
2010.07.06 17:26:01.401,0.8337,0.83385,1.00,13.70
2010.07.06 17:26:07.278,0.8337,0.8338,1.00,1.60
2010.07.06 17:26:10.689,0.8337,0.83385,1.00,13.80
2010.07.06 17:26:13.188,0.8337,0.83385,2.40,13.80
2010.07.06 17:26:16.044,0.8337,0.83385,1.00,13.80
2010.07.06 17:26:19.428,0.8337,0.83385,2.40,13.80
2010.07.06 17:26:21.095,0.8337,0.83385,1.00,13.80
2010.07.06 17:26:22.017,0.8337,0.8338,1.00,1.60
2010.07.06 17:26:22.421,0.83365,0.8338,3.20,6.00
2010.07.06 17:26:22.691,0.83365,0.8338,3.20,4.10
2010.07.06 17:26:23.317,0.83365,0.8338,1.60,15.30
2010.07.06 17:26:24.137,0.8336,0.8338,11.20,4.90
2010.07.06 17:26:24.384,0.8336,0.8338,11.20,3.30
2010.07.06 17:26:24.751,0.8336,0.83375,2.40,10.10
2010.07.06 17:26:25.356,0.8336,0.8337,1.60,1.00
2010.07.06 17:26:28.044,0.83355,0.8337,2.40,1.30
2010.07.06 17:26:28.392,0.83355,0.8337,1.60,1.30
2010.07.06 17:26:28.730,0.83355,0.8337,3.20,1.30
2010.07.06 17:26:29.704,0.83355,0.8337,3.20,5.30
2010.07.06 17:26:29.983,0.83355,0.8337,2.40,6.90
2010.07.06 17:26:31.158,0.83355,0.8337,3.20,6.90
2010.07.06 17:26:31.465,0.83355,0.8337,3.20,1.30
2010.07.06 17:26:31.761,0.83355,0.8337,3.20,2.90
2010.07.06 17:26:33.808,0.83355,0.8337,3.20,7.30
2010.07.06 17:26:34.270,0.83355,0.8337,2.40,5.70
2010.07.06 17:26:34.406,0.83355,0.8337,1.60,1.30
2010.07.06 17:26:34.752,0.83355,0.8337,5.60,1.30
2010.07.06 17:26:35.090,0.83355,0.8337,7.20,1.30
2010.07.06 17:26:36.112,0.83355,0.8337,6.40,1.30
2010.07.06 17:26:36.460,0.83355,0.8337,1.60,3.40
2010.07.06 17:26:36.615,0.83355,0.83365,1.60,1.00
2010.07.06 17:26:36.765,0.83355,0.83365,1.60,1.30
2010.07.06 17:26:39.349,0.8335,0.83365,1.60,1.30
2010.07.06 17:26:39.736,0.8335,0.83365,1.60,11.40
2010.07.06 17:26:40.093,0.8335,0.8336,1.60,1.30
2010.07.06 17:26:40.429,0.83345,0.8336,1.60,1.30
2010.07.06 17:26:41.399,0.83345,0.8336,1.60,1.80
2010.07.06 17:26:41.746,0.83345,0.8336,1.60,2.90
2010.07.06 17:26:44.987,0.83345,0.8336,3.60,2.90
2010.07.06 17:26:49.947,0.83345,0.8336,3.60,2.10
2010.07.06 17:26:50.563,0.83345,0.8336,3.60,1.00
2010.07.06 17:26:51.028,0.83345,0.8336,3.60,2.10
2010.07.06 17:26:51.269,0.83345,0.83365,6.40,10.90
2010.07.06 17:26:51.508,0.83345,0.83365,10.40,6.90
2010.07.06 17:26:52.828,0.8335,0.83365,1.60,6.90
2010.07.06 17:26:53.220,0.8335,0.83365,1.60,9.30
2010.07.06 17:26:53.785,0.8335,0.83365,1.60,9.80
2010.07.06 17:26:58.313,0.83345,0.83365,3.60,13.70
2010.07.06 17:26:58.490,0.83345,0.8336,3.60,1.60
2010.07.06 17:27:00.538,0.83345,0.83365,3.60,10.90
2010.07.06 17:27:01.288,0.83345,0.8336,3.60,1.60
2010.07.06 17:27:01.857,0.83345,0.83365,3.60,10.90
2010.07.06 17:27:03.046,0.83345,0.83365,4.00,10.90
2010.07.06 17:27:04.049,0.83345,0.8336,4.00,1.60
2010.07.06 17:27:06.430,0.83345,0.8336,8.00,1.60
2010.07.06 17:27:06.770,0.83345,0.8336,10.00,1.60
2010.07.06 17:27:08.498,0.83345,0.83365,10.00,6.90
2010.07.06 17:27:09.897,0.83345,0.83365,7.60,9.30
2010.07.06 17:27:10.527,0.83345,0.8336,7.60,1.60
2010.07.06 17:27:11.718,0.83345,0.8336,7.60,2.10
2010.07.06 17:27:11.880,0.83345,0.8336,3.60,2.10
2010.07.06 17:27:12.249,0.83345,0.8336,11.60,2.10
2010.07.06 17:27:12.915,0.83345,0.83365,8.00,10.90
2010.07.06 17:27:13.621,0.83345,0.8336,3.60,1.60
2010.07.06 17:27:13.966,0.83345,0.8336,3.20,2.10
2010.07.06 17:27:15.293,0.83345,0.8336,3.20,1.60
2010.07.06 17:27:22.918,0.83345,0.8336,3.20,2.10
2010.07.06 17:27:24.546,0.83345,0.8336,1.60,5.30
2010.07.06 17:27:24.785,0.83345,0.83355,1.60,1.60
2010.07.06 17:27:25.384,0.83345,0.83355,1.60,1.30
2010.07.06 17:27:25.702,0.8334,0.83355,6.90,2.90
2010.07.06 17:27:26.566,0.8334,0.8336,10.50,6.90
2010.07.06 17:27:26.909,0.83345,0.8336,2.00,6.90
2010.07.06 17:27:27.248,0.83345,0.83355,1.00,1.60
2010.07.06 17:27:27.589,0.83345,0.8336,1.00,6.90
2010.07.06 17:27:28.282,0.8334,0.83355,10.10,1.60
2010.07.06 17:27:28.421,0.83345,0.83355,1.60,2.10
2010.07.06 17:27:32.970,0.8334,0.83355,7.70,2.10
2010.07.06 17:27:33.448,0.8334,0.83355,6.90,2.10
2010.07.06 17:27:33.688,0.8334,0.83355,2.90,2.10
2010.07.06 17:27:34.158,0.8334,0.83355,3.70,2.10
2010.07.06 17:27:34.854,0.83345,0.83355,1.60,2.10
2010.07.06 17:27:36.273,0.83345,0.8336,1.60,2.90
2010.07.06 17:27:36.560,0.83345,0.8336,2.00,6.90
2010.07.06 17:27:36.850,0.83345,0.8336,2.00,9.80
2010.07.06 17:27:37.280,0.83345,0.83355,2.00,1.00
2010.07.06 17:27:40.100,0.83345,0.8336,2.90,2.90
2010.07.06 17:27:53.970,0.83345,0.8336,2.90,2.10
2010.07.06 17:27:55.027,0.83345,0.8336,2.90,1.60
2010.07.06 17:27:55.150,0.83345,0.8336,9.30,1.60
2010.07.06 17:27:55.279,0.83345,0.8336,13.30,1.60
2010.07.06 17:27:55.849,0.83345,0.8336,14.10,1.60
2010.07.06 17:27:56.558,0.8335,0.83365,1.60,2.90
2010.07.06 17:28:00.098,0.83345,0.83365,14.10,2.90
2010.07.06 17:28:02.354,0.83345,0.83365,11.70,3.40
2010.07.06 17:28:02.519,0.83345,0.8336,11.70,1.60
2010.07.06 17:28:03.022,0.83345,0.8336,10.90,1.60
2010.07.06 17:28:05.240,0.8335,0.83365,1.60,3.40
2010.07.06 17:28:07.907,0.8335,0.8336,1.60,1.00
2010.07.06 17:28:08.491,0.83345,0.8336,11.70,2.10
2010.07.06 17:28:08.739,0.83345,0.8336,7.70,2.10
2010.07.06 17:28:09.228,0.83345,0.8336,3.70,2.10
2010.07.06 17:28:09.892,0.83345,0.8336,2.90,2.10
2010.07.06 17:28:10.190,0.83345,0.8336,6.90,2.10
2010.07.06 17:28:12.931,0.83345,0.8336,10.90,2.90
2010.07.06 17:28:13.674,0.83345,0.8336,11.70,2.90
2010.07.06 17:28:14.889,0.8335,0.83365,1.60,3.40
2010.07.06 17:28:15.362,0.8335,0.83365,2.40,2.90
2010.07.06 17:28:20.990,0.83355,0.83365,1.60,2.10
2010.07.06 17:28:21.160,0.83355,0.8337,1.60,13.80
2010.07.06 17:28:21.329,0.83355,0.83365,1.60,1.60
2010.07.06 17:28:21.650,0.83355,0.8337,1.60,13.80
2010.07.06 17:28:22.719,0.83355,0.83365,1.60,1.00
2010.07.06 17:28:23.990,0.83355,0.8337,2.40,2.10
2010.07.06 17:28:24.272,0.83355,0.8337,11.20,2.10
2010.07.06 17:28:25.643,0.83355,0.8337,11.20,1.60
2010.07.06 17:28:25.924,0.83355,0.83375,3.20,14.20
2010.07.06 17:28:26.555,0.83355,0.8337,2.40,2.10
2010.07.06 17:28:26.909,0.83355,0.8337,7.60,2.90
2010.07.06 17:28:27.254,0.83355,0.8337,11.60,2.10
2010.07.06 17:28:27.885,0.83355,0.8337,3.60,2.10
2010.07.06 17:28:28.576,0.8336,0.83375,1.60,2.90
2010.07.06 17:28:31.414,0.8336,0.83375,1.60,10.90
2010.07.06 17:28:31.785,0.8336,0.8337,1.60,1.00
2010.07.06 17:28:32.097,0.83355,0.8337,5.60,2.90
2010.07.06 17:28:32.406,0.8336,0.83375,1.60,6.90
2010.07.06 17:28:33.084,0.8336,0.83375,2.40,2.90
2010.07.06 17:28:33.406,0.83355,0.83375,11.60,5.30
2010.07.06 17:28:34.030,0.8336,0.83375,1.60,5.30
2010.07.06 17:28:34.340,0.8336,0.83375,1.60,2.90
2010.07.06 17:28:35.135,0.8336,0.83375,2.40,1.60
2010.07.06 17:28:35.398,0.83365,0.8338,1.60,15.30
2010.07.06 17:28:35.693,0.83365,0.8338,2.40,3.70
2010.07.06 17:28:36.339,0.83365,0.8338,2.40,5.70
2010.07.06 17:28:36.637,0.83365,0.8338,2.40,9.70
2010.07.06 17:28:38.678,0.83365,0.8338,2.40,6.90
2010.07.06 17:28:38.790,0.83365,0.8338,2.40,2.90
2010.07.06 17:28:41.912,0.83365,0.8338,2.40,6.90
2010.07.06 17:28:43.169,0.83365,0.8338,3.20,2.90
2010.07.06 17:28:43.420,0.83365,0.8338,3.20,6.90
2010.07.06 17:28:44.016,0.83365,0.8338,3.20,1.60
2010.07.06 17:28:44.654,0.83365,0.8338,7.20,1.60
2010.07.06 17:28:44.991,0.8337,0.8338,1.00,1.60
2010.07.06 17:28:45.319,0.8337,0.83385,1.00,2.90
2010.07.06 17:28:47.500,0.8337,0.8338,1.00,1.60
2010.07.06 17:28:47.682,0.8337,0.83385,1.00,2.90
2010.07.06 17:28:49.625,0.83365,0.8338,2.00,20.00
2010.07.06 17:28:49.973,0.83365,0.8338,10.00,8.00
2010.07.06 17:28:50.173,0.83365,0.8338,11.20,2.00
2010.07.06 17:28:50.361,0.83365,0.8338,11.60,1.60
2010.07.06 17:28:50.904,0.83365,0.8338,3.20,2.10
2010.07.06 17:28:58.699,0.83365,0.8338,2.40,6.90
2010.07.06 17:28:59.320,0.83365,0.8338,2.40,2.90
2010.07.06 17:28:59.411,0.83365,0.8338,1.00,2.90
2010.07.06 17:28:59.753,0.8336,0.83375,5.60,1.00
2010.07.06 17:29:00.273,0.8336,0.83375,5.60,2.10
2010.07.06 17:29:00.617,0.83365,0.8338,1.60,2.90
2010.07.06 17:29:00.916,0.83365,0.8338,3.20,2.90
2010.07.06 17:29:07.987,0.83365,0.8338,7.20,2.90
2010.07.06 17:29:09.418,0.83365,0.8338,3.20,2.90
2010.07.06 17:29:09.653,0.83365,0.8338,11.20,2.90
2010.07.06 17:29:10.604,0.83365,0.8338,3.20,2.10
2010.07.06 17:29:11.309,0.8337,0.83385,1.00,2.10
2010.07.06 17:29:11.660,0.8337,0.83385,1.60,2.10
2010.07.06 17:29:12.352,0.8337,0.83385,3.20,7.40
2010.07.06 17:29:13.422,0.8337,0.8338,1.00,1.60
2010.07.06 17:29:14.443,0.8337,0.83385,1.00,2.90
2010.07.06 17:29:18.482,0.8337,0.8338,1.00,1.60
2010.07.06 17:29:23.099,0.8337,0.8338,1.30,1.60
2010.07.06 17:29:23.517,0.8337,0.8338,5.30,1.60
2010.07.06 17:29:23.662,0.8337,0.83385,10.00,1.60
2010.07.06 17:29:23.803,0.8337,0.83385,7.20,1.60
2010.07.06 17:29:24.079,0.8337,0.83385,3.20,1.60
2010.07.06 17:29:28.144,0.8337,0.83385,7.20,1.60
2010.07.06 17:29:28.873,0.83375,0.83385,1.00,1.60
2010.07.06 17:29:29.112,0.83375,0.8339,1.00,2.10
2010.07.06 17:29:29.341,0.83375,0.8339,5.60,2.10
2010.07.06 17:29:29.571,0.83375,0.8339,1.60,2.10
2010.07.06 17:29:29.937,0.83375,0.83385,1.60,1.60
2010.07.06 17:29:30.600,0.83375,0.8339,1.60,2.10
2010.07.06 17:29:31.499,0.83375,0.8339,3.20,2.10
2010.07.06 17:29:31.739,0.83375,0.83385,1.60,1.60
2010.07.06 17:29:32.599,0.83375,0.8339,3.20,2.10
2010.07.06 17:29:32.848,0.83375,0.83385,1.60,1.60
2010.07.06 17:29:33.090,0.83375,0.83385,1.00,1.60
2010.07.06 17:29:38.818,0.83375,0.83385,1.60,1.60
2010.07.06 17:29:39.298,0.83375,0.8339,1.60,2.10
2010.07.06 17:29:39.914,0.83375,0.8339,1.60,1.60
2010.07.06 17:29:40.208,0.83375,0.8339,3.20,1.60
2010.07.06 17:29:40.841,0.83375,0.8339,2.40,2.40
2010.07.06 17:29:41.125,0.83375,0.8339,2.40,2.90
2010.07.06 17:29:41.475,0.83375,0.8339,3.20,2.90
2010.07.06 17:29:43.778,0.83375,0.83385,1.60,1.60
2010.07.06 17:29:44.178,0.8337,0.83385,10.40,1.60
2010.07.06 17:29:44.991,0.8337,0.8338,1.00,1.60
2010.07.06 17:29:45.280,0.83365,0.8338,10.90,1.60
2010.07.06 17:29:45.570,0.83365,0.8338,8.50,1.60
2010.07.06 17:29:45.860,0.83365,0.8338,11.60,2.10
2010.07.06 17:29:46.706,0.83365,0.8338,3.60,2.10
2010.07.06 17:29:46.964,0.83365,0.8338,3.20,2.10
2010.07.06 17:29:47.214,0.83365,0.83385,13.60,4.90
2010.07.06 17:29:47.461,0.83365,0.83385,14.10,2.90
2010.07.06 17:29:47.713,0.8337,0.83385,1.00,2.90
2010.07.06 17:29:50.551,0.8337,0.83385,2.40,2.10
2010.07.06 17:29:52.878,0.8337,0.83385,3.20,2.10
2010.07.06 17:29:53.524,0.83375,0.8339,1.00,2.90
2010.07.06 17:29:53.948,0.83375,0.8339,1.60,2.90
2010.07.06 17:29:54.240,0.83375,0.8339,1.60,2.10
2010.07.06 17:29:54.539,0.83375,0.8339,7.20,2.10
2010.07.06 17:29:54.690,0.83375,0.8339,11.20,2.10
2010.07.06 17:29:55.180,0.83375,0.8339,13.60,1.60
2010.07.06 17:29:55.431,0.83375,0.8339,14.10,1.60
2010.07.06 17:29:55.679,0.8338,0.8339,1.00,1.60
2010.07.06 17:30:00.821,0.8338,0.83395,1.00,2.90
2010.07.06 17:30:02.279,0.8338,0.8339,1.00,1.60
2010.07.06 17:30:07.665,0.83375,0.8339,7.20,2.10
2010.07.06 17:30:07.939,0.83375,0.83385,1.00,3.20
2010.07.06 17:30:08.216,0.8337,0.83385,3.20,8.00
2010.07.06 17:30:08.868,0.8337,0.83385,3.20,8.50
2010.07.06 17:30:09.150,0.8337,0.83385,1.60,8.50
2010.07.06 17:30:14.172,0.8337,0.83385,3.20,8.50
2010.07.06 17:30:15.051,0.8337,0.8338,1.60,1.60
2010.07.06 17:30:15.272,0.8337,0.8338,1.00,1.60
2010.07.06 17:30:15.689,0.83365,0.8338,2.40,4.50
2010.07.06 17:30:15.970,0.83365,0.8338,1.60,15.30
2010.07.06 17:30:16.649,0.83365,0.83375,1.60,1.60
2010.07.06 17:30:17.261,0.83365,0.8338,1.60,15.30
2010.07.06 17:30:17.600,0.8336,0.83375,3.20,1.60
2010.07.06 17:30:27.804,0.8336,0.83375,2.40,6.10
2010.07.06 17:30:28.089,0.8336,0.83375,1.00,2.10
2010.07.06 17:30:28.240,0.8336,0.83375,1.00,9.30
2010.07.06 17:30:28.389,0.8336,0.8337,1.00,1.60
2010.07.06 17:30:30.279,0.8336,0.83375,2.40,6.90
2010.07.06 17:30:30.407,0.8336,0.83375,2.40,2.90
2010.07.06 17:30:30.889,0.8336,0.83375,2.40,2.10
2010.07.06 17:30:31.008,0.8336,0.8337,1.00,1.60
2010.07.06 17:30:31.752,0.8336,0.83375,3.20,1.60
2010.07.06 17:30:32.096,0.8336,0.83375,2.40,1.60
2010.07.06 17:30:40.604,0.8336,0.83375,2.40,2.90
2010.07.06 17:30:42.911,0.8336,0.83375,3.20,2.90
2010.07.06 17:30:46.099,0.8336,0.83375,1.60,3.40
2010.07.06 17:30:46.521,0.83355,0.83375,13.60,7.40
2010.07.06 17:30:46.775,0.83355,0.83375,7.20,6.90
2010.07.06 17:30:47.352,0.83355,0.83375,12.10,5.30
2010.07.06 17:30:47.594,0.8336,0.83375,1.00,2.90
2010.07.06 17:30:50.498,0.8336,0.83375,2.40,2.90
2010.07.06 17:30:54.842,0.83365,0.8338,1.60,3.70
2010.07.06 17:30:54.974,0.83365,0.8338,1.60,8.50
2010.07.06 17:30:55.112,0.83365,0.8338,1.60,8.90
2010.07.06 17:30:55.585,0.83365,0.8338,1.60,11.30
2010.07.06 17:30:55.937,0.83365,0.8338,1.60,2.90
2010.07.06 17:31:06.061,0.83365,0.83375,1.60,1.00
2010.07.06 17:31:06.284,0.8336,0.83375,2.40,2.10
2010.07.06 17:31:06.473,0.83365,0.83375,1.60,1.60
2010.07.06 17:31:06.841,0.83365,0.8338,4.00,14.90
2010.07.06 17:31:07.369,0.8337,0.8338,1.00,6.40
2010.07.06 17:31:07.558,0.8337,0.8338,1.00,1.60
2010.07.06 17:31:08.243,0.8337,0.8338,1.60,1.60
2010.07.06 17:31:15.590,0.8337,0.8338,1.00,1.60
2010.07.06 17:31:16.863,0.83365,0.83375,1.60,1.60
2010.07.06 17:31:18.071,0.8337,0.83375,1.00,1.60
2010.07.06 17:31:18.615,0.83365,0.8338,3.20,10.00
2010.07.06 17:31:18.911,0.83365,0.8338,3.20,13.60
2010.07.06 17:31:19.211,0.83365,0.8338,3.20,10.00
2010.07.06 17:31:19.512,0.83365,0.8338,3.20,1.60
2010.07.06 17:31:21.001,0.8337,0.8338,1.00,1.60
2010.07.06 17:31:21.691,0.8337,0.8338,1.00,10.40
2010.07.06 17:31:21.835,0.83365,0.8338,3.20,12.50
2010.07.06 17:31:22.265,0.83365,0.8338,2.40,14.90
2010.07.06 17:31:22.613,0.83365,0.83375,1.60,1.60
2010.07.06 17:31:24.429,0.83365,0.83375,1.00,1.60
2010.07.06 17:31:25.250,0.83365,0.83375,2.40,1.60
2010.07.06 17:31:26.752,0.83365,0.8338,2.40,11.30
2010.07.06 17:31:27.401,0.83365,0.8338,2.40,5.70
2010.07.06 17:31:27.562,0.83365,0.8338,2.40,7.30
2010.07.06 17:31:27.962,0.83365,0.8338,2.40,11.30
2010.07.06 17:31:28.314,0.83365,0.8338,3.20,1.60
2010.07.06 17:31:28.675,0.8337,0.8338,1.60,1.60
2010.07.06 17:31:29.377,0.8337,0.83385,1.60,4.00
2010.07.06 17:31:29.658,0.8337,0.83385,1.00,14.90
2010.07.06 17:31:32.119,0.8337,0.8338,1.00,1.60
2010.07.06 17:31:32.860,0.8337,0.83385,1.00,15.70
2010.07.06 17:31:35.059,0.8337,0.8338,1.00,1.60
2010.07.06 17:31:37.159,0.8337,0.8338,1.60,1.60
2010.07.06 17:31:48.305,0.83365,0.8338,2.40,2.10
2010.07.06 17:31:48.971,0.83365,0.8338,3.20,2.10
2010.07.06 17:31:49.580,0.83365,0.8338,2.40,2.40
2010.07.06 17:31:49.922,0.83365,0.8338,2.40,2.90
2010.07.06 17:31:52.839,0.83365,0.8338,2.40,6.90
2010.07.06 17:31:53.017,0.83365,0.83375,2.40,1.60
2010.07.06 17:31:53.198,0.83365,0.83375,1.60,1.60
2010.07.06 17:31:53.377,0.8336,0.83375,3.60,1.60
2010.07.06 17:31:53.557,0.8336,0.83375,3.20,1.60
2010.07.06 17:32:09.378,0.8336,0.83375,2.40,3.20
2010.07.06 17:32:09.437,0.8336,0.8337,1.00,1.60
2010.07.06 17:32:09.818,0.83355,0.8337,12.50,1.60
2010.07.06 17:32:09.882,0.83355,0.8337,11.20,1.60
2010.07.06 17:32:09.988,0.83355,0.8337,15.30,1.60
2010.07.06 17:32:10.438,0.83355,0.8337,14.90,1.60
2010.07.06 17:32:12.398,0.8336,0.83375,1.60,2.90
2010.07.06 17:32:25.589,0.83355,0.83375,14.90,2.90
2010.07.06 17:32:28.336,0.83355,0.8337,14.90,1.60
2010.07.06 17:32:28.617,0.83355,0.8337,14.10,1.60
2010.07.06 17:32:28.758,0.83355,0.8337,13.30,1.60
2010.07.06 17:32:29.268,0.83355,0.8337,9.30,1.60
2010.07.06 17:32:29.987,0.83355,0.8337,9.30,2.10
2010.07.06 17:32:30.068,0.83355,0.8337,2.90,2.90
2010.07.06 17:32:33.095,0.83355,0.83365,1.00,1.30
2010.07.06 17:32:33.448,0.8335,0.83365,2.40,2.90
2010.07.06 17:32:34.131,0.83355,0.83365,1.60,2.90
2010.07.06 17:32:48.935,0.8335,0.83365,3.20,2.90
2010.07.06 17:32:49.162,0.8335,0.83365,3.60,2.90
2010.07.06 17:32:49.707,0.8335,0.83365,2.80,2.90
2010.07.06 17:32:49.762,0.8335,0.83365,2.40,2.90
2010.07.06 17:32:53.809,0.8335,0.83365,3.20,2.10
2010.07.06 17:32:54.040,0.83355,0.83365,2.40,1.60
2010.07.06 17:32:54.541,0.83355,0.8337,3.20,2.10
2010.07.06 17:32:55.171,0.83355,0.8337,3.20,1.60
2010.07.06 17:32:55.878,0.83355,0.8337,7.20,1.60
2010.07.06 17:32:56.236,0.8336,0.8337,1.00,1.60
2010.07.06 17:32:56.928,0.8336,0.83375,5.60,1.60
2010.07.06 17:32:57.615,0.8336,0.83375,7.20,1.60
2010.07.06 17:32:58.323,0.83365,0.83375,1.00,1.60
2010.07.06 17:32:58.671,0.83365,0.83375,1.60,1.60
2010.07.06 17:33:01.713,0.83365,0.83375,1.00,4.00
2010.07.06 17:33:06.156,0.83365,0.8337,1.00,1.60
2010.07.06 17:33:06.857,0.8336,0.8337,1.60,1.60
2010.07.06 17:33:13.957,0.8336,0.8337,1.00,1.60
2010.07.06 17:33:24.172,0.8336,0.8337,1.00,12.00
2010.07.06 17:33:24.357,0.83355,0.83365,1.00,3.60
2010.07.06 17:33:24.597,0.83355,0.83365,2.40,3.60
2010.07.06 17:33:24.719,0.83355,0.83365,6.40,3.60
2010.07.06 17:33:24.842,0.8336,0.83365,1.00,3.20
2010.07.06 17:33:24.974,0.8336,0.8337,1.60,1.00
2010.07.06 17:33:25.616,0.8336,0.8337,1.60,2.00
2010.07.06 17:33:25.934,0.8336,0.83375,1.00,3.60
2010.07.06 17:33:26.862,0.8336,0.8337,1.60,1.60
2010.07.06 17:33:27.198,0.8336,0.83375,1.60,3.60
2010.07.06 17:33:28.899,0.8336,0.83375,7.20,2.70
2010.07.06 17:33:30.928,0.8336,0.83375,7.60,2.70
2010.07.06 17:33:31.098,0.8336,0.83375,10.00,1.10
2010.07.06 17:33:31.266,0.8336,0.83375,10.00,2.70
2010.07.06 17:33:31.947,0.8336,0.83375,10.00,1.10
2010.07.06 17:33:32.117,0.83365,0.83375,1.00,2.70
2010.07.06 17:33:32.648,0.8337,0.83375,1.00,1.60
2010.07.06 17:33:32.945,0.8337,0.8338,1.00,1.60
2010.07.06 17:33:33.587,0.83365,0.8338,3.20,1.60
2010.07.06 17:33:33.951,0.83365,0.8338,3.20,8.50
2010.07.06 17:33:34.269,0.83365,0.83375,3.20,1.60
2010.07.06 17:33:35.259,0.83365,0.8338,3.20,9.80
2010.07.06 17:33:35.467,0.83365,0.83375,3.20,1.60
2010.07.06 17:33:37.598,0.83365,0.8338,3.20,2.60
2010.07.06 17:33:37.838,0.83365,0.8338,3.20,2.10
2010.07.06 17:33:46.148,0.83365,0.8338,3.20,8.50
2010.07.06 17:33:46.316,0.83365,0.8338,3.20,6.60
2010.07.06 17:33:46.863,0.83365,0.8338,3.20,1.60
2010.07.06 17:33:47.160,0.8337,0.8338,1.00,1.60
2010.07.06 17:33:57.358,0.8337,0.83385,1.00,14.90
2010.07.06 17:33:57.955,0.8337,0.83385,1.00,14.40
2010.07.06 17:34:03.212,0.8337,0.83385,1.60,3.20
2010.07.06 17:34:04.358,0.8337,0.83385,3.20,3.20
2010.07.06 17:34:09.347,0.8337,0.83385,3.60,3.20
2010.07.06 17:34:09.468,0.83375,0.8339,2.40,8.50
2010.07.06 17:34:09.589,0.83375,0.8339,4.40,3.30
2010.07.06 17:34:09.709,0.83375,0.8339,4.40,2.00
2010.07.06 17:34:09.828,0.83375,0.8339,12.40,2.00
2010.07.06 17:34:10.213,0.8338,0.8339,1.00,2.00
2010.07.06 17:34:10.344,0.8338,0.83395,2.00,1.60
2010.07.06 17:34:10.633,0.83385,0.83395,1.60,1.60
2010.07.06 17:34:13.300,0.83385,0.83395,2.00,1.60
2010.07.06 17:34:20.359,0.83385,0.83395,1.60,1.60
2010.07.06 17:34:20.491,0.83385,0.83395,1.00,1.60
2010.07.06 17:34:20.619,0.8338,0.83395,11.60,1.60
2010.07.06 17:34:21.072,0.8338,0.83395,6.00,2.40
2010.07.06 17:34:21.416,0.8338,0.83395,2.80,2.90
2010.07.06 17:34:27.985,0.8338,0.8339,1.20,1.60
2010.07.06 17:34:28.248,0.83375,0.8339,16.50,1.60
2010.07.06 17:34:31.087,0.8338,0.83395,1.60,2.90
2010.07.06 17:34:35.857,0.8338,0.83395,2.40,2.90
2010.07.06 17:34:37.187,0.8338,0.8339,1.00,1.60
2010.07.06 17:34:38.857,0.8338,0.83395,2.40,2.90
2010.07.06 17:34:40.246,0.8338,0.8339,1.00,1.60
2010.07.06 17:34:40.891,0.83375,0.8339,7.60,1.60
2010.07.06 17:34:47.072,0.83375,0.8339,11.60,1.60
2010.07.06 17:34:49.548,0.83375,0.8339,14.00,1.60
2010.07.06 17:34:49.656,0.83375,0.83395,14.00,2.90
2010.07.06 17:34:49.728,0.83375,0.83395,14.80,2.90
2010.07.06 17:34:50.117,0.8338,0.83395,1.00,2.90
2010.07.06 17:34:50.140,0.8338,0.83395,1.20,2.90
2010.07.06 17:34:50.919,0.8338,0.8339,1.20,1.60
2010.07.06 17:34:51.848,0.8338,0.83395,1.20,2.90
2010.07.06 17:34:52.110,0.8338,0.8339,1.20,1.60
2010.07.06 17:34:57.717,0.8338,0.8339,1.00,1.60
2010.07.06 17:34:57.877,0.83375,0.8339,14.40,1.60
2010.07.06 17:34:58.048,0.83375,0.8339,9.60,2.90
2010.07.06 17:34:58.475,0.83375,0.8339,5.60,6.90
2010.07.06 17:34:58.646,0.83375,0.8339,1.60,9.80
2010.07.06 17:34:58.992,0.83375,0.83385,1.60,1.00
2010.07.06 17:34:59.683,0.8337,0.83385,7.60,2.10
2010.07.06 17:35:02.287,0.8337,0.83385,7.60,1.60
2010.07.06 17:35:02.836,0.83375,0.83385,1.00,1.60
2010.07.06 17:35:03.129,0.8337,0.83385,3.60,1.60
2010.07.06 17:35:03.758,0.8337,0.83385,11.60,1.60
2010.07.06 17:35:04.052,0.83375,0.83385,1.00,1.60
2010.07.06 17:35:04.278,0.83375,0.83385,1.20,1.60
2010.07.06 17:35:05.748,0.83375,0.8339,2.80,2.90
2010.07.06 17:35:06.827,0.83375,0.8339,1.20,2.90
2010.07.06 17:35:09.629,0.83375,0.83385,1.20,1.60
2010.07.06 17:35:09.748,0.83375,0.83385,1.00,1.60
2010.07.06 17:35:09.989,0.8337,0.83385,1.60,1.60
2010.07.06 17:35:10.666,0.8337,0.83385,1.00,2.90
2010.07.06 17:35:11.249,0.8337,0.83385,1.00,13.80
2010.07.06 17:35:13.762,0.8337,0.83385,1.00,6.90
2010.07.06 17:35:13.787,0.8337,0.83385,1.00,2.90
2010.07.06 17:35:13.808,0.8337,0.83385,2.40,2.90
2010.07.06 17:35:14.129,0.8337,0.83385,3.20,2.10
2010.07.06 17:35:15.438,0.8337,0.83385,1.60,2.10
2010.07.06 17:35:15.571,0.83365,0.8338,7.60,1.60
2010.07.06 17:35:17.359,0.83365,0.8338,3.60,1.60
2010.07.06 17:35:17.677,0.83365,0.8338,3.20,1.60
2010.07.06 17:35:18.157,0.83365,0.8338,3.20,2.10
2010.07.06 17:35:19.132,0.83365,0.8338,7.20,2.10
2010.07.06 17:35:19.369,0.83365,0.8338,3.20,2.10
2010.07.06 17:35:23.799,0.83365,0.8338,3.20,1.60
2010.07.06 17:35:25.167,0.83365,0.8338,7.60,1.60
2010.07.06 17:35:25.802,0.83365,0.8338,3.60,1.60
2010.07.06 17:35:26.577,0.83365,0.8338,7.60,1.60
2010.07.06 17:35:28.677,0.83365,0.8338,3.60,1.60
2010.07.06 17:35:28.888,0.83365,0.8338,7.60,1.60
2010.07.06 17:35:29.098,0.83365,0.8338,3.60,1.60
2010.07.06 17:35:29.307,0.83365,0.8338,7.60,1.60
2010.07.06 17:35:30.767,0.83365,0.8338,3.60,1.60
2010.07.06 17:35:32.879,0.83365,0.8338,3.20,1.60
2010.07.06 17:35:34.319,0.83365,0.8338,3.60,1.60
2010.07.06 17:35:34.387,0.83365,0.8338,7.60,2.10
2010.07.06 17:35:35.147,0.83365,0.8338,3.60,2.10
2010.07.06 17:35:36.668,0.83365,0.8338,7.60,2.10
2010.07.06 17:35:38.777,0.83365,0.8338,3.20,2.10
2010.07.06 17:35:39.587,0.83365,0.8338,7.20,2.10
2010.07.06 17:35:39.887,0.83365,0.8338,7.60,2.10
2010.07.06 17:35:40.038,0.83365,0.8338,3.60,2.10
2010.07.06 17:35:40.187,0.83365,0.8338,3.60,1.60
2010.07.06 17:35:40.327,0.83365,0.8338,7.60,1.60
2010.07.06 17:35:41.938,0.83365,0.8338,3.20,1.60
2010.07.06 17:35:42.259,0.83365,0.8338,3.20,2.10
2010.07.06 17:35:42.581,0.83365,0.8338,3.20,2.60
2010.07.06 17:35:42.986,0.83365,0.8338,2.40,3.40
2010.07.06 17:35:43.242,0.83365,0.8338,2.40,13.80
2010.07.06 17:35:43.499,0.83365,0.8338,1.00,13.80
2010.07.06 17:35:43.759,0.8336,0.8338,3.60,13.80
2010.07.06 17:35:46.088,0.8336,0.8338,7.60,9.80
2010.07.06 17:35:46.580,0.83365,0.8338,1.00,9.80
2010.07.06 17:35:46.799,0.83365,0.8338,2.40,9.80
2010.07.06 17:35:48.398,0.83365,0.8338,2.40,13.80
2010.07.06 17:35:51.343,0.8336,0.83375,6.40,2.40
2010.07.06 17:35:51.842,0.8336,0.83375,2.40,13.80
2010.07.06 17:35:52.195,0.83355,0.83375,3.60,10.90
2010.07.06 17:35:52.871,0.83355,0.83375,7.60,6.90
2010.07.06 17:35:53.216,0.83355,0.83375,10.00,6.90
2010.07.06 17:35:53.898,0.83355,0.83375,14.00,2.90
2010.07.06 17:35:54.679,0.8336,0.83375,1.60,2.90
2010.07.06 17:35:54.901,0.8336,0.83375,1.60,6.90
2010.07.06 17:35:55.525,0.8336,0.83375,6.00,2.10
2010.07.06 17:35:55.824,0.83365,0.8338,1.00,2.90
2010.07.06 17:35:56.120,0.83365,0.8338,2.80,2.90
2010.07.06 17:35:57.189,0.83365,0.83375,2.00,1.60
2010.07.06 17:35:57.529,0.83365,0.8338,3.60,2.90
2010.07.06 17:36:04.047,0.83365,0.8338,2.00,2.90
2010.07.06 17:36:04.189,0.83365,0.8338,1.60,2.90
2010.07.06 17:36:04.821,0.8336,0.83375,4.00,2.10
2010.07.06 17:36:05.068,0.83365,0.83375,1.60,1.00
2010.07.06 17:36:05.717,0.8336,0.83375,2.80,2.10
2010.07.06 17:36:06.067,0.8336,0.83375,2.80,2.90
2010.07.06 17:36:06.413,0.8336,0.83375,3.60,1.00
2010.07.06 17:36:07.330,0.8336,0.83375,2.80,2.90
2010.07.06 17:36:07.613,0.8336,0.83375,2.40,5.30
2010.07.06 17:36:07.899,0.8336,0.83375,2.40,2.90
2010.07.06 17:36:08.800,0.83355,0.8337,12.50,1.60
2010.07.06 17:36:09.302,0.83355,0.8337,12.50,4.00
2010.07.06 17:36:09.465,0.8336,0.8337,1.60,1.30
2010.07.06 17:36:09.628,0.83355,0.8337,2.00,1.30
2010.07.06 17:36:10.168,0.8336,0.8337,1.60,1.30
2010.07.06 17:36:11.516,0.83355,0.8337,2.00,1.30
2010.07.06 17:36:11.665,0.83355,0.8337,2.40,2.90
2010.07.06 17:36:11.808,0.83355,0.8337,2.00,2.90
2010.07.06 17:36:12.093,0.83355,0.8337,1.60,2.90
2010.07.06 17:36:12.588,0.83355,0.8337,1.60,13.80
2010.07.06 17:36:12.915,0.83355,0.83365,1.60,1.00
2010.07.06 17:36:20.897,0.83355,0.8337,1.60,10.90
2010.07.06 17:36:22.508,0.83355,0.8337,1.60,2.90
2010.07.06 17:36:23.811,0.83355,0.8337,2.00,2.90
2010.07.06 17:36:26.215,0.83355,0.8337,1.60,11.70
2010.07.06 17:36:26.556,0.83355,0.83365,1.60,1.00
2010.07.06 17:36:28.814,0.8335,0.83365,2.80,1.00
2010.07.06 17:36:28.920,0.8335,0.83365,2.00,1.00
2010.07.06 17:36:29.029,0.8335,0.83365,2.00,1.30
2010.07.06 17:36:29.337,0.8335,0.83365,1.60,1.30
2010.07.06 17:36:29.547,0.8335,0.83365,1.60,2.90
2010.07.06 17:36:30.759,0.8335,0.83365,1.60,5.30
2010.07.06 17:36:30.921,0.8335,0.83365,1.60,13.80
2010.07.06 17:36:31.080,0.8335,0.8336,1.60,1.00
2010.07.06 17:36:34.055,0.8335,0.83365,2.00,5.30
2010.07.06 17:36:34.251,0.83355,0.8337,1.60,3.30
2010.07.06 17:36:34.608,0.83355,0.8337,1.60,2.90
2010.07.06 17:36:36.341,0.83355,0.83365,1.60,1.00
2010.07.06 17:36:36.658,0.83355,0.8337,1.60,10.90
2010.07.06 17:36:37.965,0.83355,0.8337,1.60,2.90
2010.07.06 17:36:38.521,0.83355,0.8337,1.60,3.70
2010.07.06 17:36:39.087,0.83355,0.83365,1.60,1.00
2010.07.06 17:36:39.306,0.83355,0.83365,1.60,1.00
2010.07.06 17:36:42.002,0.83355,0.8337,1.60,3.30
2010.07.06 17:36:42.609,0.83355,0.8337,1.60,2.90
2010.07.06 17:36:42.814,0.83355,0.8337,7.20,2.90
2010.07.06 17:36:43.444,0.83355,0.8337,11.20,1.30
2010.07.06 17:36:44.963,0.83355,0.8337,2.40,1.30
2010.07.06 17:36:45.133,0.83355,0.8337,10.40,1.30
2010.07.06 17:36:45.458,0.83355,0.8337,11.20,1.00
2010.07.06 17:36:45.620,0.83355,0.8337,11.20,2.10
2010.07.06 17:36:46.395,0.83355,0.8337,1.60,3.30
2010.07.06 17:36:47.802,0.83355,0.8337,1.60,3.80
2010.07.06 17:36:48.093,0.83355,0.8337,1.60,3.30
2010.07.06 17:36:49.210,0.83355,0.83365,1.60,1.30
2010.07.06 17:36:49.392,0.83355,0.83365,1.60,2.90
2010.07.06 17:36:49.855,0.8335,0.83365,1.60,3.30
2010.07.06 17:36:50.034,0.83355,0.83365,1.60,2.90
2010.07.06 17:36:50.215,0.8335,0.83365,2.40,2.90
2010.07.06 17:36:50.394,0.8335,0.83365,2.90,2.90
2010.07.06 17:36:50.569,0.8335,0.83365,7.70,2.90
2010.07.06 17:36:51.067,0.8335,0.83365,11.20,2.80
2010.07.06 17:36:51.413,0.83355,0.8337,1.60,3.30
2010.07.06 17:36:55.438,0.83355,0.8337,5.60,3.30
2010.07.06 17:36:55.729,0.83355,0.8337,9.60,2.50
2010.07.06 17:36:56.019,0.83355,0.8337,11.20,2.10
2010.07.06 17:36:59.024,0.83355,0.8337,11.70,1.60
2010.07.06 17:36:59.276,0.83355,0.83375,14.10,3.30
2010.07.06 17:37:00.481,0.8336,0.83375,5.60,3.30
2010.07.06 17:37:01.520,0.8336,0.83375,6.40,3.30
2010.07.06 17:37:02.351,0.8336,0.83375,4.80,3.30
2010.07.06 17:37:03.001,0.8336,0.83375,1.00,3.30
2010.07.06 17:37:03.314,0.8336,0.83375,2.40,3.30
2010.07.06 17:37:06.729,0.83365,0.8338,2.40,3.70
2010.07.06 17:37:07.057,0.83365,0.83375,2.40,1.00
2010.07.06 17:37:07.394,0.8336,0.83375,10.80,2.40
2010.07.06 17:37:07.595,0.8336,0.83375,2.40,4.90
2010.07.06 17:37:08.141,0.8336,0.83375,2.40,3.30
2010.07.06 17:37:08.820,0.8336,0.83375,1.60,3.30
2010.07.06 17:37:09.081,0.8336,0.83375,1.60,2.90
2010.07.06 17:37:09.689,0.8336,0.83375,1.60,3.30
2010.07.06 17:37:13.811,0.8336,0.83375,1.60,2.90
2010.07.06 17:37:18.427,0.8336,0.83375,2.40,2.90
2010.07.06 17:37:19.788,0.8336,0.83375,2.40,1.30
2010.07.06 17:37:21.355,0.8336,0.83375,2.40,2.90
2010.07.06 17:37:23.360,0.83355,0.83375,13.60,2.90
2010.07.06 17:37:23.620,0.83355,0.8337,3.20,1.30
2010.07.06 17:37:23.879,0.83355,0.8337,1.60,3.30
2010.07.06 17:37:24.139,0.83355,0.8337,1.60,4.90
2010.07.06 17:37:24.408,0.83355,0.8337,1.60,15.70
2010.07.06 17:37:27.628,0.83355,0.83365,1.60,1.60
2010.07.06 17:37:29.720,0.83355,0.8337,1.60,9.70
2010.07.06 17:37:29.942,0.83355,0.8337,1.60,3.40
2010.07.06 17:37:30.153,0.83355,0.8337,1.60,7.30
2010.07.06 17:37:30.861,0.83355,0.8337,1.60,3.30
2010.07.06 17:37:31.198,0.83355,0.8337,1.60,2.90
2010.07.06 17:37:34.344,0.83355,0.8337,1.60,3.30
2010.07.06 17:37:36.619,0.83355,0.8337,1.60,2.90
2010.07.06 17:37:38.601,0.83355,0.8337,1.60,3.30
2010.07.06 17:37:39.872,0.83355,0.8337,1.60,2.90
2010.07.06 17:37:40.403,0.83355,0.8337,1.60,3.30
2010.07.06 17:37:41.589,0.8335,0.8337,11.20,3.30
2010.07.06 17:37:42.558,0.8335,0.83365,11.20,1.60
2010.07.06 17:37:43.331,0.8335,0.8337,11.20,3.30
2010.07.06 17:37:43.668,0.8335,0.8337,12.40,2.90
2010.07.06 17:37:43.842,0.83355,0.8337,1.60,2.90
2010.07.06 17:37:44.024,0.83355,0.8337,9.60,2.90
2010.07.06 17:37:44.475,0.83355,0.8337,14.40,2.10
2010.07.06 17:37:45.025,0.83355,0.8337,5.60,2.10
2010.07.06 17:37:45.306,0.83355,0.8337,1.60,2.90
2010.07.06 17:37:46.751,0.83355,0.8337,1.60,3.30
2010.07.06 17:37:52.085,0.8335,0.8337,7.60,3.30
2010.07.06 17:37:52.339,0.8335,0.8337,3.20,7.30
2010.07.06 17:37:52.501,0.8335,0.83365,2.40,2.10
2010.07.06 17:37:52.821,0.8335,0.83365,2.40,2.50
2010.07.06 17:37:53.381,0.8335,0.83365,1.60,7.30
2010.07.06 17:37:53.720,0.8335,0.83365,1.60,2.90
2010.07.06 17:37:58.156,0.8335,0.83365,7.20,1.60
2010.07.06 17:37:58.354,0.83355,0.8337,1.60,11.30
2010.07.06 17:37:59.277,0.8335,0.83365,3.20,1.60
2010.07.06 17:37:59.627,0.8335,0.83365,1.60,2.90
2010.07.06 17:37:59.977,0.8335,0.83365,1.60,9.70
2010.07.06 17:38:00.221,0.8335,0.8336,1.60,1.00
2010.07.06 17:38:01.400,0.83345,0.8336,11.70,1.00
2010.07.06 17:38:01.742,0.8335,0.8336,1.60,1.00
2010.07.06 17:38:04.349,0.8335,0.8336,1.60,1.30
2010.07.06 17:38:04.438,0.8335,0.8336,1.60,1.70
2010.07.06 17:38:04.896,0.83345,0.8336,1.60,3.30
2010.07.06 17:38:05.456,0.83345,0.8336,1.60,2.90
2010.07.06 17:38:05.808,0.83345,0.8336,3.20,2.90
2010.07.06 17:38:06.151,0.83345,0.8336,3.20,2.10
2010.07.06 17:38:06.824,0.83345,0.8336,5.60,1.60
2010.07.06 17:38:07.177,0.83345,0.8336,13.60,1.00
2010.07.06 17:38:08.901,0.8335,0.8336,1.60,1.00
2010.07.06 17:38:09.053,0.8335,0.83365,1.60,3.30
2010.07.06 17:38:09.351,0.8335,0.83365,1.60,2.90
2010.07.06 17:38:09.989,0.83345,0.8336,14.00,1.00
2010.07.06 17:38:10.647,0.83345,0.8336,13.60,1.00
2010.07.06 17:38:11.689,0.83345,0.8336,14.00,1.00
2010.07.06 17:38:12.248,0.83345,0.8336,13.60,1.00
2010.07.06 17:38:13.869,0.83345,0.8336,13.60,2.10
2010.07.06 17:38:14.397,0.83345,0.8336,12.80,2.10
2010.07.06 17:38:16.640,0.83345,0.8336,13.20,2.10
2010.07.06 17:38:17.147,0.83345,0.8336,12.80,2.10
2010.07.06 17:38:17.398,0.83345,0.8336,13.60,2.10
2010.07.06 17:38:18.026,0.83345,0.83365,14.10,2.50
2010.07.06 17:38:18.319,0.8335,0.83365,6.40,3.30
2010.07.06 17:38:18.601,0.8335,0.83365,2.40,2.90
2010.07.06 17:38:19.236,0.8335,0.83365,10.10,1.60
2010.07.06 17:38:19.590,0.83355,0.8337,1.00,3.70
2010.07.06 17:38:20.120,0.83355,0.8337,4.80,2.50
2010.07.06 17:38:20.368,0.83355,0.8337,2.40,3.30
2010.07.06 17:38:21.430,0.83355,0.8337,1.00,3.30
2010.07.06 17:38:21.770,0.8335,0.83365,10.10,1.60
2010.07.06 17:38:22.790,0.8335,0.83365,9.60,2.00
2010.07.06 17:38:23.401,0.8335,0.83365,2.40,3.30
2010.07.06 17:38:24.268,0.8335,0.83365,1.60,3.30
2010.07.06 17:38:26.504,0.83345,0.83365,12.10,3.30
2010.07.06 17:38:26.861,0.83345,0.83365,14.10,3.30
2010.07.06 17:38:27.203,0.8335,0.83365,1.60,2.90
2010.07.06 17:38:33.704,0.83345,0.83365,4.00,13.30
2010.07.06 17:38:33.913,0.83345,0.8336,3.60,2.10
2010.07.06 17:38:34.120,0.83345,0.8336,3.20,2.10
2010.07.06 17:38:34.402,0.83345,0.8336,3.20,6.90
2010.07.06 17:38:38.798,0.83345,0.8336,3.20,5.30
2010.07.06 17:38:38.977,0.83345,0.8336,3.20,1.30
2010.07.06 17:38:41.397,0.83345,0.8336,3.20,2.90
2010.07.06 17:38:42.433,0.83345,0.8336,1.60,6.90
2010.07.06 17:38:42.658,0.83345,0.8336,1.60,7.30
2010.07.06 17:38:44.272,0.83345,0.8336,1.60,3.30
2010.07.06 17:38:44.529,0.83345,0.8336,2.00,3.30
2010.07.06 17:38:47.835,0.83345,0.8336,2.00,2.90
2010.07.06 17:38:47.985,0.83345,0.8336,2.80,9.70
2010.07.06 17:38:48.128,0.83345,0.8336,2.80,13.70
2010.07.06 17:38:48.268,0.83345,0.8336,2.00,13.80
2010.07.06 17:38:48.408,0.83345,0.8336,1.60,13.80
2010.07.06 17:38:50.507,0.83345,0.8336,1.60,11.40
2010.07.06 17:38:50.608,0.83345,0.8336,1.60,7.40
2010.07.06 17:38:50.709,0.83345,0.8336,2.40,2.90
2010.07.06 17:39:05.659,0.83345,0.8336,2.40,1.30
2010.07.06 17:39:09.329,0.83345,0.8336,2.40,2.90
2010.07.06 17:39:14.421,0.83345,0.8336,4.80,2.90
2010.07.06 17:39:14.760,0.83345,0.83365,5.60,11.30
2010.07.06 17:39:14.848,0.83345,0.83365,6.00,10.90
2010.07.06 17:39:14.943,0.83345,0.83365,14.00,2.90
2010.07.06 17:39:15.421,0.8335,0.83365,2.40,2.90
2010.07.06 17:39:16.512,0.8335,0.83365,1.60,2.90
2010.07.06 17:39:16.855,0.83345,0.83365,14.00,3.30
2010.07.06 17:39:17.544,0.83345,0.83365,6.00,11.30
2010.07.06 17:39:17.829,0.83345,0.83365,14.00,3.30
2010.07.06 17:39:18.398,0.83345,0.83365,6.00,11.30
2010.07.06 17:39:19.581,0.8335,0.83365,1.00,7.30
2010.07.06 17:39:19.866,0.8335,0.83365,2.40,2.10
2010.07.06 17:39:20.130,0.8335,0.83365,3.20,1.00
2010.07.06 17:39:23.667,0.8335,0.83365,9.60,1.00
2010.07.06 17:39:24.064,0.8335,0.83365,10.10,1.00
2010.07.06 17:39:24.235,0.83355,0.8337,1.60,3.30
2010.07.06 17:39:29.109,0.83355,0.8337,5.60,3.30
2010.07.06 17:39:29.280,0.83355,0.8337,9.60,2.90
2010.07.06 17:39:29.450,0.83355,0.8337,1.60,2.90
2010.07.06 17:39:30.023,0.83355,0.8337,6.00,2.90
2010.07.06 17:39:32.199,0.83355,0.8337,2.00,3.30
2010.07.06 17:39:32.798,0.83355,0.8337,1.60,3.30
2010.07.06 17:39:44.090,0.83355,0.8337,1.60,6.90
2010.07.06 17:39:44.433,0.83355,0.8337,1.60,3.30
2010.07.06 17:39:45.114,0.83355,0.8337,1.60,2.90
2010.07.06 17:39:49.002,0.83355,0.83375,10.90,2.90
2010.07.06 17:39:49.311,0.83355,0.83375,5.60,11.30
2010.07.06 17:39:49.801,0.8336,0.8337,1.60,1.00
2010.07.06 17:39:50.141,0.8336,0.8337,1.60,1.30
2010.07.06 17:39:50.483,0.83355,0.8337,2.80,1.30
2010.07.06 17:39:51.389,0.83355,0.8337,2.80,2.90
2010.07.06 17:39:52.310,0.83355,0.8337,2.80,1.30
2010.07.06 17:39:52.562,0.8336,0.83375,4.00,11.30
2010.07.06 17:39:53.037,0.8336,0.83375,9.60,2.10
2010.07.06 17:39:53.296,0.83365,0.8338,1.60,2.90
2010.07.06 17:39:54.702,0.8336,0.83375,6.50,1.60
2010.07.06 17:39:54.908,0.8336,0.8338,6.50,11.30
2010.07.06 17:39:55.117,0.8336,0.83375,6.50,1.60
2010.07.06 17:39:56.059,0.8336,0.83375,5.30,2.40
2010.07.06 17:39:56.365,0.83355,0.83375,6.00,11.30
2010.07.06 17:39:57.048,0.83355,0.8337,3.20,1.30
2010.07.06 17:39:57.359,0.83355,0.8337,2.80,2.90
2010.07.06 17:39:57.979,0.83355,0.8337,2.40,2.90
2010.07.06 17:40:01.148,0.83355,0.8337,1.60,2.90
2010.07.06 17:40:01.993,0.8335,0.83365,2.40,1.30
2010.07.06 17:40:02.300,0.8335,0.83365,2.40,2.90
2010.07.06 17:40:04.239,0.8335,0.83365,4.80,2.40
2010.07.06 17:40:04.570,0.8335,0.8337,12.80,2.90
2010.07.06 17:40:05.988,0.8335,0.8337,13.30,2.90
2010.07.06 17:40:06.542,0.8335,0.8337,14.10,2.90
2010.07.06 17:40:10.208,0.83355,0.8337,1.00,1.60
2010.07.06 17:40:10.310,0.83355,0.8337,2.90,1.60
2010.07.06 17:40:10.718,0.83355,0.8337,6.90,1.60
2010.07.06 17:40:10.985,0.83355,0.83375,14.10,2.90
2010.07.06 17:40:14.059,0.83355,0.83375,10.10,6.90
2010.07.06 17:40:14.490,0.83355,0.8337,10.10,1.60
2010.07.06 17:40:14.786,0.83355,0.83375,14.10,2.90
2010.07.06 17:40:15.082,0.83355,0.83375,7.70,7.70
2010.07.06 17:40:15.352,0.83355,0.8337,14.10,1.60
2010.07.06 17:40:16.869,0.83355,0.8337,7.70,1.60
2010.07.06 17:40:17.198,0.83355,0.8337,14.10,1.60
2010.07.06 17:40:17.833,0.8336,0.83375,9.30,1.60
2010.07.06 17:40:18.108,0.8336,0.83375,6.10,1.60
2010.07.06 17:40:19.185,0.8336,0.83375,14.10,1.60
2010.07.06 17:40:19.475,0.8336,0.83375,10.10,1.60
2010.07.06 17:40:19.631,0.8336,0.83375,14.10,1.60
2010.07.06 17:40:20.079,0.8336,0.83375,10.10,1.60
2010.07.06 17:40:20.791,0.8336,0.83375,14.10,1.60
2010.07.06 17:40:21.046,0.8336,0.83375,10.10,1.60
2010.07.06 17:40:22.228,0.8336,0.83375,14.10,1.60
2010.07.06 17:40:22.830,0.8336,0.83375,10.10,1.60
2010.07.06 17:40:23.852,0.8336,0.83375,14.10,1.60
2010.07.06 17:40:25.083,0.8336,0.83375,10.10,1.60
2010.07.06 17:40:25.377,0.8336,0.83375,14.10,1.60
2010.07.06 17:40:26.679,0.8336,0.83375,10.10,1.60
2010.07.06 17:40:27.218,0.8336,0.83375,14.10,1.60
2010.07.06 17:40:27.665,0.8336,0.83375,14.40,1.60
2010.07.06 17:40:27.960,0.8336,0.83375,10.40,1.60
2010.07.06 17:40:33.349,0.8336,0.83375,9.60,1.60
2010.07.06 17:40:35.718,0.8336,0.83375,9.60,2.10
2010.07.06 17:40:35.798,0.8336,0.83375,9.60,2.90
2010.07.06 17:40:35.881,0.8336,0.83375,8.80,2.90
2010.07.06 17:40:35.935,0.8336,0.83375,6.40,2.90
2010.07.06 17:40:35.961,0.8336,0.83375,5.60,2.90
2010.07.06 17:40:36.098,0.8336,0.83375,1.60,2.90
2010.07.06 17:40:36.929,0.83355,0.8337,11.60,2.90
2010.07.06 17:40:37.269,0.83355,0.8337,7.60,2.90
2010.07.06 17:40:37.608,0.83355,0.8337,6.80,2.90
2010.07.06 17:40:38.577,0.8336,0.8337,1.00,1.30
2010.07.06 17:40:38.882,0.83355,0.8337,2.40,2.90
2010.07.06 17:40:39.102,0.83355,0.8337,12.40,2.10
2010.07.06 17:40:39.740,0.83355,0.8337,12.00,2.10
2010.07.06 17:40:40.278,0.83355,0.8337,6.00,2.90
2010.07.06 17:40:40.496,0.83355,0.8337,1.60,6.90
2010.07.06 17:40:44.926,0.8335,0.83365,10.40,1.60
2010.07.06 17:40:45.027,0.83355,0.8337,1.60,6.90
2010.07.06 17:40:45.437,0.8335,0.83365,9.60,1.60
2010.07.06 17:40:46.767,0.8335,0.83365,7.20,1.60
2010.07.06 17:40:47.260,0.8335,0.83365,7.20,2.90
2010.07.06 17:40:47.498,0.8335,0.83365,1.60,2.90
2010.07.06 17:40:48.648,0.83345,0.83365,13.60,2.90
2010.07.06 17:40:48.920,0.83345,0.8336,7.20,1.30
2010.07.06 17:40:49.192,0.83345,0.8336,2.40,1.30
2010.07.06 17:40:49.940,0.83345,0.8336,3.20,1.30
2010.07.06 17:40:52.142,0.83345,0.8336,1.60,1.30
2010.07.06 17:40:52.409,0.83345,0.8336,1.60,2.90
2010.07.06 17:40:53.884,0.83345,0.8336,2.00,2.90
2010.07.06 17:40:54.502,0.83345,0.8336,2.00,5.30
2010.07.06 17:40:54.777,0.83345,0.83355,2.00,1.30
2010.07.06 17:40:55.421,0.8334,0.83355,2.40,2.90
2010.07.06 17:40:55.668,0.8334,0.83355,1.60,2.90
2010.07.06 17:40:58.022,0.83335,0.8335,11.70,1.30
2010.07.06 17:40:58.609,0.83335,0.8335,12.10,2.90
2010.07.06 17:40:58.858,0.83335,0.8335,12.90,2.10
2010.07.06 17:41:00.051,0.8334,0.8335,1.60,1.00
2010.07.06 17:41:00.488,0.83335,0.8335,12.90,2.10
2010.07.06 17:41:00.750,0.8334,0.83355,1.60,2.90
2010.07.06 17:41:01.229,0.8334,0.83355,2.00,2.90
2010.07.06 17:41:03.967,0.8334,0.83355,2.80,2.90
2010.07.06 17:41:04.687,0.8334,0.83355,3.60,2.10
2010.07.06 17:41:05.157,0.8334,0.83355,2.80,2.10
2010.07.06 17:41:05.281,0.8334,0.83355,2.80,2.90
2010.07.06 17:41:06.557,0.8334,0.83355,9.20,2.90
2010.07.06 17:41:06.825,0.8334,0.83355,2.80,3.70
2010.07.06 17:41:07.083,0.8334,0.83355,3.60,1.60
2010.07.06 17:41:07.675,0.8334,0.83355,4.00,1.60
2010.07.06 17:41:08.026,0.8334,0.83355,10.10,1.60
2010.07.06 17:41:08.370,0.83345,0.83355,1.00,1.60
2010.07.06 17:41:09.048,0.83345,0.8336,2.40,2.90
2010.07.06 17:41:12.338,0.83345,0.8336,1.60,3.30
2010.07.06 17:41:12.533,0.83345,0.8336,1.60,7.30
2010.07.06 17:41:12.927,0.83345,0.83355,1.60,1.60
2010.07.06 17:41:13.140,0.8334,0.83355,2.80,2.10
2010.07.06 17:41:13.825,0.8334,0.83355,4.00,2.10
2010.07.06 17:41:15.619,0.8334,0.83355,3.60,2.10
2010.07.06 17:41:15.882,0.8334,0.83355,3.60,2.60
2010.07.06 17:41:16.010,0.8334,0.83355,1.20,3.40
2010.07.06 17:41:16.525,0.8334,0.83355,1.00,7.40
2010.07.06 17:41:16.870,0.83335,0.83355,8.90,7.40
2010.07.06 17:41:19.621,0.83335,0.8335,8.90,1.00
2010.07.06 17:41:19.800,0.83335,0.8335,8.90,2.10
2010.07.06 17:41:21.008,0.83335,0.8335,12.90,1.60
2010.07.06 17:41:21.189,0.8334,0.83355,1.60,2.90
2010.07.06 17:41:22.024,0.8334,0.83355,2.80,2.90
2010.07.06 17:41:25.848,0.8334,0.83355,1.00,2.90
2010.07.06 17:41:27.698,0.8334,0.83355,2.00,2.90
2010.07.06 17:41:30.028,0.8334,0.83355,1.00,2.90
2010.07.06 17:41:30.102,0.8334,0.8335,1.00,1.00
2010.07.06 17:41:30.549,0.8334,0.8335,1.00,1.30
2010.07.06 17:41:30.629,0.83335,0.8335,9.70,2.90
2010.07.06 17:41:30.701,0.83335,0.8335,10.50,1.00
2010.07.06 17:41:30.772,0.83335,0.83355,10.20,6.90
2010.07.06 17:41:31.169,0.83335,0.83355,10.20,2.90
2010.07.06 17:41:31.515,0.83335,0.83355,11.30,6.90
2010.07.06 17:41:31.862,0.8334,0.83355,2.00,6.90
2010.07.06 17:41:32.785,0.8334,0.83355,1.00,6.90
2010.07.06 17:41:35.674,0.83335,0.8335,10.10,1.60
2010.07.06 17:41:35.975,0.8334,0.83355,1.00,9.30
2010.07.06 17:41:36.136,0.8334,0.8335,1.00,2.10
2010.07.06 17:41:36.796,0.8334,0.8335,1.00,1.00
2010.07.06 17:41:36.954,0.8334,0.8335,1.00,1.60
2010.07.06 17:41:37.305,0.83335,0.83355,9.30,6.90
2010.07.06 17:41:37.649,0.8334,0.8335,1.00,1.60
2010.07.06 17:41:39.131,0.83335,0.8335,9.30,1.60
2010.07.06 17:41:40.083,0.83335,0.8335,5.30,1.60
2010.07.06 17:41:40.973,0.83335,0.8335,6.10,1.60
2010.07.06 17:41:41.311,0.83335,0.8335,6.90,1.60
2010.07.06 17:41:41.973,0.83335,0.8335,10.90,1.60
2010.07.06 17:41:42.260,0.8334,0.8335,1.00,2.90
2010.07.06 17:41:42.540,0.83335,0.8335,11.70,1.60
2010.07.06 17:41:43.226,0.8334,0.8335,2.00,1.30
2010.07.06 17:41:43.576,0.8334,0.8335,1.00,1.60
2010.07.06 17:41:44.259,0.8334,0.83355,1.00,2.90
2010.07.06 17:41:46.246,0.8334,0.83355,2.00,2.90
2010.07.06 17:41:48.402,0.8334,0.83355,1.00,2.90
2010.07.06 17:41:50.292,0.8334,0.83355,2.00,2.90
2010.07.06 17:41:55.819,0.8334,0.83355,2.40,2.90
2010.07.06 17:41:56.282,0.8334,0.83355,4.80,2.90
2010.07.06 17:41:56.555,0.8334,0.83355,4.80,2.10
2010.07.06 17:41:56.824,0.8334,0.83355,4.40,2.10
2010.07.06 17:41:57.360,0.8334,0.83355,1.60,2.10
2010.07.06 17:41:58.772,0.8334,0.83355,1.60,2.90
2010.07.06 17:42:01.469,0.83335,0.83355,14.90,2.90
2010.07.06 17:42:01.981,0.83335,0.83355,14.10,2.90
2010.07.06 17:42:02.319,0.83335,0.83355,15.70,2.90
2010.07.06 17:42:02.657,0.8334,0.83355,1.00,2.90
2010.07.06 17:42:03.923,0.83335,0.83355,15.70,2.90
2010.07.06 17:42:05.150,0.83335,0.8335,15.70,1.60
2010.07.06 17:42:05.722,0.83335,0.83355,15.70,2.90
2010.07.06 17:42:06.946,0.8334,0.83355,1.60,2.90
2010.07.06 17:42:07.280,0.8334,0.83355,4.50,2.10
2010.07.06 17:42:09.758,0.8334,0.83355,2.10,2.10
2010.07.06 17:42:09.947,0.8334,0.83355,2.00,2.90
2010.07.06 17:42:10.127,0.8334,0.83355,2.10,2.90
2010.07.06 17:42:10.218,0.8334,0.83355,4.50,2.10
2010.07.06 17:42:10.318,0.8334,0.83355,4.40,2.10
2010.07.06 17:42:10.418,0.8334,0.83355,2.00,2.10
2010.07.06 17:42:10.728,0.8334,0.83355,2.00,2.90
2010.07.06 17:42:11.431,0.8334,0.83355,2.00,2.10
2010.07.06 17:42:11.640,0.8334,0.83355,4.50,2.10
2010.07.06 17:42:15.160,0.8334,0.83355,2.00,2.90
2010.07.06 17:42:15.963,0.8334,0.83355,4.50,2.10
2010.07.06 17:42:20.728,0.8334,0.83355,2.10,2.90
2010.07.06 17:42:21.222,0.8334,0.83355,2.00,2.90
2010.07.06 17:42:21.489,0.8334,0.83355,1.60,2.90
2010.07.06 17:42:22.853,0.8334,0.83355,2.00,2.90
2010.07.06 17:42:25.207,0.8334,0.83355,2.00,1.60
2010.07.06 17:42:25.778,0.83345,0.8336,1.60,2.90
2010.07.06 17:42:25.984,0.83345,0.8336,1.60,6.90
2010.07.06 17:42:26.437,0.83345,0.8336,1.60,10.90
2010.07.06 17:42:26.787,0.8334,0.83355,10.90,1.60
2010.07.06 17:42:27.129,0.83345,0.83355,1.00,1.60
2010.07.06 17:42:27.832,0.83345,0.8336,1.00,2.90
2010.07.06 17:42:28.170,0.83345,0.8336,1.00,6.90
2010.07.06 17:42:28.512,0.8334,0.83355,5.20,2.90
2010.07.06 17:42:28.770,0.83345,0.83355,1.00,1.60
2010.07.06 17:42:29.996,0.8334,0.83355,4.40,2.90
2010.07.06 17:42:30.980,0.8334,0.83355,2.00,2.90
2010.07.06 17:42:31.303,0.8334,0.83355,1.60,2.90
2010.07.06 17:42:34.107,0.8334,0.83355,2.00,2.90
2010.07.06 17:42:34.795,0.8334,0.83355,14.10,1.60
2010.07.06 17:42:35.096,0.8334,0.83355,2.00,2.90
2010.07.06 17:42:36.699,0.8334,0.8335,1.00,1.60
2010.07.06 17:42:37.040,0.83335,0.8335,7.60,2.90
2010.07.06 17:42:37.579,0.83335,0.8335,2.00,2.90
2010.07.06 17:42:38.153,0.83335,0.8335,1.60,2.90
2010.07.06 17:42:38.360,0.8333,0.8335,4.80,10.90
2010.07.06 17:42:38.704,0.83335,0.8335,1.60,6.90
2010.07.06 17:42:39.462,0.83335,0.8335,1.60,10.90
2010.07.06 17:42:44.280,0.8333,0.8335,9.60,2.90
2010.07.06 17:42:44.419,0.8333,0.83345,9.60,1.60
2010.07.06 17:42:44.559,0.8333,0.83345,5.60,1.60
2010.07.06 17:42:44.698,0.8333,0.83345,4.80,1.60
2010.07.06 17:42:44.838,0.8333,0.8335,4.80,10.90
2010.07.06 17:42:45.447,0.83335,0.8335,1.60,10.90
2010.07.06 17:42:45.672,0.83335,0.8335,3.20,6.10
2010.07.06 17:42:45.889,0.83335,0.8335,3.20,2.10
2010.07.06 17:42:46.390,0.83335,0.8335,2.40,2.10
2010.07.06 17:42:46.608,0.83335,0.8335,2.40,2.90
2010.07.06 17:42:47.616,0.83335,0.8335,1.60,2.90
2010.07.06 17:42:49.899,0.83335,0.8335,2.40,2.90
2010.07.06 17:42:50.849,0.83335,0.8335,1.60,3.30
2010.07.06 17:42:50.960,0.83335,0.83345,1.60,1.00
2010.07.06 17:42:51.072,0.8333,0.83345,8.00,2.90
2010.07.06 17:42:52.249,0.83325,0.8334,1.60,1.30
2010.07.06 17:42:53.240,0.83325,0.8334,1.60,2.90
2010.07.06 17:42:53.543,0.83325,0.83335,1.60,1.00
2010.07.06 17:42:53.840,0.83325,0.83335,1.60,1.30
2010.07.06 17:42:59.880,0.83325,0.8334,1.60,2.90
2010.07.06 17:43:00.513,0.8333,0.83345,1.60,11.30
2010.07.06 17:43:00.801,0.8333,0.83345,1.60,6.90
2010.07.06 17:43:01.343,0.8333,0.8334,1.60,1.00
2010.07.06 17:43:01.938,0.83325,0.8334,5.60,1.00
2010.07.06 17:43:02.118,0.8333,0.8334,1.60,1.00
2010.07.06 17:43:02.618,0.83325,0.8334,9.60,1.00
2010.07.06 17:43:02.964,0.83325,0.83345,10.10,6.90
2010.07.06 17:43:03.311,0.83325,0.8334,9.60,1.00
2010.07.06 17:43:03.449,0.83325,0.8334,5.60,1.00
2010.07.06 17:43:03.729,0.83325,0.83345,5.60,10.90
2010.07.06 17:43:04.152,0.83325,0.83345,14.10,2.90
2010.07.06 17:43:05.129,0.8333,0.83345,1.60,2.90
2010.07.06 17:43:05.469,0.83325,0.83345,10.10,6.90
2010.07.06 17:43:05.928,0.8333,0.83345,1.60,6.90
2010.07.06 17:43:06.854,0.83325,0.83345,5.60,10.90
2010.07.06 17:43:07.305,0.83325,0.8334,1.60,2.90
2010.07.06 17:43:11.789,0.83325,0.8334,2.00,2.90
2010.07.06 17:43:13.840,0.83325,0.8334,1.60,2.90
2010.07.06 17:43:23.988,0.83325,0.8334,2.00,2.90
2010.07.06 17:43:27.649,0.83325,0.8334,6.00,2.90
2010.07.06 17:43:29.488,0.83325,0.8334,5.60,2.90
2010.07.06 17:43:34.826,0.83325,0.8334,12.50,2.90
2010.07.06 17:43:35.072,0.83325,0.8334,12.50,2.10
2010.07.06 17:43:35.148,0.83325,0.8334,13.30,2.10
2010.07.06 17:43:35.567,0.83325,0.8334,14.10,2.10
2010.07.06 17:43:35.654,0.83325,0.8334,14.10,1.00
2010.07.06 17:43:36.423,0.8333,0.8334,1.60,1.00
2010.07.06 17:43:36.954,0.8333,0.83345,1.60,3.70
2010.07.06 17:43:37.244,0.8333,0.83345,7.20,2.10
2010.07.06 17:43:37.789,0.8333,0.83345,7.60,2.10
2010.07.06 17:43:41.636,0.8333,0.83345,7.20,2.10
2010.07.06 17:43:44.907,0.8333,0.83345,7.60,2.10
2010.07.06 17:43:49.667,0.8333,0.83345,7.20,2.10
2010.07.06 17:43:50.445,0.8333,0.83345,8.00,2.10
2010.07.06 17:43:50.848,0.83335,0.83345,1.60,2.10
2010.07.06 17:43:52.907,0.83335,0.83345,1.60,1.60
2010.07.06 17:43:58.801,0.8333,0.83345,7.20,1.60
2010.07.06 17:43:59.343,0.8333,0.83345,2.40,2.90
2010.07.06 17:43:59.633,0.8333,0.83345,1.60,3.30
2010.07.06 17:44:00.140,0.83325,0.8334,14.10,1.60
2010.07.06 17:44:00.436,0.83325,0.83345,14.10,3.30
2010.07.06 17:44:00.781,0.83325,0.8334,14.10,1.60
2010.07.06 17:44:01.752,0.8333,0.8334,1.60,1.00
2010.07.06 17:44:03.509,0.83325,0.8334,14.10,1.00
2010.07.06 17:44:03.772,0.83325,0.83345,14.10,3.30
2010.07.06 17:44:04.092,0.83325,0.83345,14.50,3.30
2010.07.06 17:44:04.733,0.8333,0.83345,1.60,3.30
2010.07.06 17:44:05.052,0.83325,0.83345,14.10,3.30
2010.07.06 17:44:07.928,0.83325,0.83345,14.10,3.70
2010.07.06 17:44:08.159,0.8333,0.83345,6.00,2.90
2010.07.06 17:44:08.862,0.83325,0.8334,7.60,3.30
2010.07.06 17:44:09.190,0.83325,0.8334,7.20,3.30
2010.07.06 17:44:10.180,0.83325,0.8334,1.60,3.30
2010.07.06 17:44:10.411,0.83325,0.8334,1.60,2.90
2010.07.06 17:44:10.917,0.8333,0.8334,1.00,1.60
2010.07.06 17:44:11.381,0.83325,0.8334,15.60,1.60
2010.07.06 17:44:11.818,0.83325,0.8334,6.80,2.00
2010.07.06 17:44:12.343,0.83325,0.8334,4.00,1.60
2010.07.06 17:44:12.862,0.83325,0.8334,7.20,1.60
2010.07.06 17:44:13.463,0.83325,0.8334,4.00,1.60
2010.07.06 17:44:14.661,0.83325,0.8334,3.20,1.60
2010.07.06 17:44:15.781,0.83325,0.8334,3.20,2.10
2010.07.06 17:44:16.127,0.83325,0.8334,6.40,2.10
2010.07.06 17:44:16.295,0.83325,0.8334,3.20,2.50
2010.07.06 17:44:16.460,0.83325,0.8334,3.20,2.10
2010.07.06 17:44:17.116,0.83325,0.8334,3.20,1.60
2010.07.06 17:44:17.800,0.83325,0.8334,5.60,1.60
2010.07.06 17:44:18.255,0.83325,0.8334,7.20,1.60
2010.07.06 17:44:18.536,0.83325,0.8334,11.20,1.60
2010.07.06 17:44:19.360,0.8333,0.8334,1.00,1.60
2010.07.06 17:44:20.611,0.8333,0.83345,2.40,1.60
2010.07.06 17:44:20.660,0.8333,0.83345,7.20,1.60
2010.07.06 17:44:20.748,0.8333,0.83345,10.40,1.60
2010.07.06 17:44:20.798,0.83335,0.83345,1.00,1.60
2010.07.06 17:44:20.849,0.83335,0.83345,1.60,1.60
2010.07.06 17:44:20.900,0.83335,0.8335,1.60,6.00
2010.07.06 17:44:21.376,0.83335,0.8335,3.20,6.00
2010.07.06 17:44:21.424,0.8334,0.8335,1.00,1.60
2010.07.06 17:44:24.624,0.83335,0.8335,11.20,1.60
2010.07.06 17:44:25.899,0.8334,0.8335,1.00,1.60
2010.07.06 17:44:26.380,0.8334,0.83355,1.00,2.90
2010.07.06 17:44:26.569,0.8334,0.8335,1.00,1.60
2010.07.06 17:44:26.748,0.8334,0.83355,2.40,2.90
2010.07.06 17:44:27.092,0.8334,0.83355,2.40,2.10
2010.07.06 17:44:27.510,0.8334,0.83355,5.60,2.10
2010.07.06 17:44:27.940,0.8334,0.83355,9.60,2.10
2010.07.06 17:44:28.105,0.8334,0.83355,11.20,2.10
2010.07.06 17:44:28.286,0.8334,0.83355,11.20,1.60
2010.07.06 17:44:28.509,0.83345,0.83355,1.00,1.60
2010.07.06 17:44:28.873,0.83345,0.83355,1.60,1.60
2010.07.06 17:44:30.682,0.83345,0.83355,1.00,1.60
2010.07.06 17:44:33.651,0.83345,0.8336,3.20,2.90
2010.07.06 17:44:34.328,0.83345,0.8336,4.00,1.60
2010.07.06 17:44:34.651,0.83345,0.8336,10.00,1.60
2010.07.06 17:44:36.640,0.83345,0.8336,7.20,3.00
2010.07.06 17:44:36.749,0.83345,0.8336,7.20,9.40
2010.07.06 17:44:37.157,0.83345,0.8336,7.20,8.90
2010.07.06 17:44:37.275,0.83345,0.83355,1.60,1.60
2010.07.06 17:44:40.737,0.8334,0.83355,11.20,1.60
2010.07.06 17:44:40.909,0.8334,0.83355,7.20,1.60
2010.07.06 17:44:40.948,0.8334,0.83355,6.40,1.60
2010.07.06 17:44:41.009,0.8334,0.83355,4.00,1.60
2010.07.06 17:44:41.047,0.8334,0.83355,3.20,1.60
2010.07.06 17:44:43.830,0.83345,0.8336,1.60,3.80
2010.07.06 17:44:44.063,0.83345,0.8336,2.40,2.90
2010.07.06 17:44:44.291,0.83345,0.8336,3.20,2.90
2010.07.06 17:44:47.433,0.83345,0.8336,3.20,2.10
2010.07.06 17:44:48.593,0.83345,0.8336,1.60,13.80
2010.07.06 17:44:49.189,0.83345,0.83355,1.60,1.60
2010.07.06 17:44:52.109,0.8334,0.83355,3.20,1.60
2010.07.06 17:44:56.529,0.83345,0.83355,1.60,1.60
2010.07.06 17:44:56.931,0.83345,0.8336,2.40,2.60
2010.07.06 17:44:57.129,0.83345,0.8336,2.40,2.10
2010.07.06 17:44:57.771,0.83345,0.8336,3.20,1.60
2010.07.06 17:44:59.010,0.83345,0.8336,14.40,1.60
2010.07.06 17:44:59.232,0.8335,0.83365,2.40,2.90
2010.07.06 17:44:59.371,0.8335,0.83365,3.20,1.60
2010.07.06 17:45:00.052,0.83355,0.8337,7.20,1.60
2010.07.06 17:45:00.190,0.8336,0.83375,1.00,8.60
2010.07.06 17:45:00.329,0.8336,0.83375,2.40,3.00
2010.07.06 17:45:01.425,0.8336,0.83375,1.60,3.00
2010.07.06 17:45:01.649,0.83355,0.8337,14.40,1.60
2010.07.06 17:45:01.880,0.8337,0.83375,1.00,3.00
2010.07.06 17:45:02.111,0.8337,0.8338,1.00,6.00
2010.07.06 17:45:02.764,0.83365,0.8338,3.20,6.80
2010.07.06 17:45:02.996,0.83375,0.8339,1.00,2.50
2010.07.06 17:45:03.221,0.83375,0.8339,3.20,6.50
2010.07.06 17:45:03.443,0.83375,0.8339,1.60,2.90
2010.07.06 17:45:03.866,0.83375,0.8339,1.60,8.90
2010.07.06 17:45:04.216,0.8337,0.83385,2.40,7.60
2010.07.06 17:45:04.563,0.8337,0.83385,2.40,14.00
2010.07.06 17:45:04.912,0.8337,0.83385,1.60,14.50
2010.07.06 17:45:05.555,0.8337,0.83385,1.60,10.50
2010.07.06 17:45:05.841,0.83375,0.83385,1.60,15.70
2010.07.06 17:45:06.128,0.83375,0.83385,1.60,15.30
2010.07.06 17:45:06.463,0.8337,0.8338,1.60,3.00
2010.07.06 17:45:06.807,0.8337,0.8338,1.60,2.40
2010.07.06 17:45:07.148,0.8337,0.83385,1.60,15.90
2010.07.06 17:45:09.189,0.83365,0.8338,3.20,1.60
2010.07.06 17:45:09.382,0.8337,0.83385,1.60,15.90
2010.07.06 17:45:10.058,0.8337,0.83385,1.60,8.90
2010.07.06 17:45:10.240,0.8337,0.83385,2.40,4.10
2010.07.06 17:45:10.490,0.8337,0.83385,3.20,4.10
2010.07.06 17:45:10.979,0.8337,0.83385,3.20,8.10
2010.07.06 17:45:11.503,0.8337,0.83385,2.40,11.90
2010.07.06 17:45:14.796,0.8337,0.83385,1.60,15.90
2010.07.06 17:45:15.479,0.8337,0.83385,2.40,16.30
2010.07.06 17:45:16.194,0.8337,0.83385,2.40,12.30
2010.07.06 17:45:16.532,0.8337,0.83385,2.40,9.40
2010.07.06 17:45:16.872,0.8337,0.83385,3.20,11.00
2010.07.06 17:45:17.172,0.8337,0.83385,2.40,16.30
2010.07.06 17:45:17.969,0.8337,0.83385,1.60,16.30
2010.07.06 17:45:18.180,0.8337,0.8338,1.60,2.40
2010.07.06 17:45:18.600,0.8337,0.8338,1.60,1.00
2010.07.06 17:45:18.810,0.8337,0.8338,1.60,2.40
2010.07.06 17:45:19.020,0.8337,0.8338,1.60,1.00
2010.07.06 17:45:19.229,0.8337,0.83385,1.60,15.90
2010.07.06 17:45:19.460,0.8337,0.8338,1.60,2.40
2010.07.06 17:45:19.689,0.8337,0.83385,1.60,15.90
2010.07.06 17:45:22.692,0.8337,0.83385,2.40,11.30
2010.07.06 17:45:23.497,0.8337,0.8338,1.60,3.40
2010.07.06 17:45:23.836,0.8337,0.83385,1.60,16.30
2010.07.06 17:45:24.142,0.8337,0.83385,1.60,12.30
2010.07.06 17:45:24.801,0.8337,0.83385,1.60,15.90
2010.07.06 17:45:25.101,0.8337,0.8338,1.60,2.40
2010.07.06 17:45:25.380,0.8337,0.8338,1.60,3.40
2010.07.06 17:45:25.661,0.8337,0.8338,1.60,1.00
2010.07.06 17:45:25.939,0.8337,0.83385,1.60,16.30
2010.07.06 17:45:26.221,0.8337,0.83385,1.60,15.90
2010.07.06 17:45:27.851,0.8337,0.83385,1.60,16.30
2010.07.06 17:45:28.609,0.8337,0.83385,1.60,15.90
2010.07.06 17:45:31.386,0.8337,0.8338,1.60,2.40
2010.07.06 17:45:31.712,0.8337,0.83385,1.60,7.30
2010.07.06 17:45:32.136,0.8337,0.83385,2.40,7.30
2010.07.06 17:45:32.487,0.8337,0.83385,2.40,7.10
2010.07.06 17:45:33.199,0.8337,0.83385,2.40,11.90
2010.07.06 17:45:33.555,0.8337,0.8338,1.00,1.60
2010.07.06 17:45:34.520,0.8337,0.83385,2.40,15.90
2010.07.06 17:45:35.297,0.8337,0.8338,1.00,1.60
2010.07.06 17:45:35.559,0.8337,0.83385,1.60,15.90
2010.07.06 17:45:36.155,0.8337,0.83385,1.60,15.30
2010.07.06 17:45:36.413,0.83365,0.8338,3.20,1.60
2010.07.06 17:45:40.290,0.83365,0.8338,3.20,2.10
2010.07.06 17:45:41.179,0.83365,0.8338,3.20,2.50
2010.07.06 17:45:41.672,0.83365,0.8338,3.20,2.90
2010.07.06 17:45:41.888,0.83365,0.8338,3.20,4.50
2010.07.06 17:45:42.232,0.83365,0.8338,3.20,5.50
2010.07.06 17:45:42.928,0.83365,0.8338,2.40,6.70
2010.07.06 17:45:43.234,0.83365,0.8338,2.40,3.30
2010.07.06 17:45:43.532,0.83365,0.8338,3.20,2.00
2010.07.06 17:45:43.832,0.8337,0.8338,1.00,2.00
2010.07.06 17:45:44.509,0.8337,0.83385,2.40,15.90
2010.07.06 17:45:45.660,0.8337,0.8338,1.00,1.60
2010.07.06 17:45:51.297,0.8337,0.83385,2.40,15.90
2010.07.06 17:45:51.707,0.8337,0.83385,2.40,11.90
2010.07.06 17:45:54.739,0.8337,0.83385,2.40,15.90
2010.07.06 17:45:56.769,0.8337,0.83385,2.40,11.90
2010.07.06 17:45:57.466,0.8337,0.83385,3.20,3.20
2010.07.06 17:45:57.734,0.8337,0.83385,3.20,5.60
2010.07.06 17:45:58.214,0.8337,0.83385,3.20,6.60
2010.07.06 17:45:58.556,0.83365,0.83385,7.20,11.10
2010.07.06 17:45:58.899,0.83365,0.83385,3.20,15.10
2010.07.06 17:46:00.036,0.83365,0.83385,3.20,15.90
2010.07.06 17:46:01.297,0.8337,0.83385,1.60,15.90
2010.07.06 17:46:03.461,0.8337,0.83385,2.40,10.00
2010.07.06 17:46:03.815,0.8337,0.83385,2.40,6.80
2010.07.06 17:46:04.412,0.8337,0.83385,2.40,14.80
2010.07.06 17:46:05.021,0.8337,0.83385,2.40,6.80
2010.07.06 17:46:06.162,0.8337,0.8338,1.60,13.60
2010.07.06 17:46:06.441,0.8337,0.8338,1.00,1.00
2010.07.06 17:46:06.720,0.83365,0.8338,3.20,1.60
2010.07.06 17:46:10.767,0.8337,0.83385,2.40,14.90
2010.07.06 17:46:11.089,0.8337,0.8338,1.00,1.60
2010.07.06 17:46:11.169,0.83365,0.8338,3.20,1.60
2010.07.06 17:46:11.932,0.8337,0.83385,1.60,14.50
2010.07.06 17:46:12.979,0.83365,0.83385,3.20,14.50
2010.07.06 17:46:13.159,0.83365,0.83385,7.20,10.00
2010.07.06 17:46:13.511,0.83365,0.83385,7.20,10.40
2010.07.06 17:46:13.692,0.8337,0.83385,1.60,6.00
2010.07.06 17:46:14.095,0.8337,0.83385,2.40,6.00
2010.07.06 17:46:14.394,0.8337,0.83385,1.60,15.70
2010.07.06 17:46:14.692,0.83365,0.8338,3.20,1.60
2010.07.06 17:46:15.337,0.83365,0.83385,6.00,12.90
2010.07.06 17:46:15.661,0.83365,0.8338,3.20,1.60
2010.07.06 17:46:16.641,0.83365,0.8338,3.20,2.90
2010.07.06 17:46:19.678,0.83365,0.8338,1.60,6.90
2010.07.06 17:46:21.127,0.83365,0.8338,1.60,2.90
2010.07.06 17:46:21.411,0.83365,0.8338,1.60,6.90
2010.07.06 17:46:23.569,0.83365,0.8338,2.40,2.90
2010.07.06 17:46:27.711,0.83365,0.8338,3.20,2.90
2010.07.06 17:46:29.795,0.83365,0.8338,3.20,2.10
2010.07.06 17:46:30.125,0.83365,0.8338,3.20,1.60
2010.07.06 17:46:34.972,0.83365,0.8338,3.20,2.90
2010.07.06 17:46:35.191,0.83365,0.8338,1.60,2.90
2010.07.06 17:46:35.630,0.83365,0.83375,1.60,1.60
2010.07.06 17:46:35.852,0.83365,0.8338,1.60,2.90
2010.07.06 17:46:36.443,0.83365,0.83375,1.60,1.60
2010.07.06 17:46:36.663,0.83365,0.8338,3.20,2.90
2010.07.06 17:46:39.757,0.83365,0.8338,3.20,2.10
2010.07.06 17:46:43.495,0.83365,0.8338,3.20,2.90
2010.07.06 17:46:43.706,0.83365,0.83375,1.60,1.60
2010.07.06 17:46:44.640,0.83365,0.8338,1.60,1.60
2010.07.06 17:46:44.992,0.83365,0.8338,1.60,2.10
2010.07.06 17:46:45.336,0.83365,0.8338,3.20,2.10
2010.07.06 17:46:46.044,0.8336,0.83375,7.60,1.60
2010.07.06 17:46:46.335,0.8336,0.83375,7.20,1.60
2010.07.06 17:46:46.624,0.8336,0.83375,10.10,1.60
2010.07.06 17:46:47.539,0.83365,0.83375,1.00,1.60
2010.07.06 17:46:49.758,0.8336,0.83375,10.10,1.60
2010.07.06 17:46:50.428,0.83365,0.83375,1.60,1.60
2010.07.06 17:46:50.639,0.83365,0.83375,6.00,1.60
2010.07.06 17:46:50.709,0.83365,0.83375,6.90,1.60
2010.07.06 17:46:50.988,0.83365,0.83375,5.30,1.60
2010.07.06 17:46:51.059,0.8336,0.83375,11.60,1.60
2010.07.06 17:46:51.473,0.8336,0.83375,10.80,1.60
2010.07.06 17:46:51.703,0.8336,0.83375,10.00,1.60
2010.07.06 17:46:54.938,0.8336,0.83375,3.20,2.10
2010.07.06 17:46:55.331,0.8336,0.8337,1.60,1.60
2010.07.06 17:46:55.680,0.83355,0.83375,11.20,6.10
2010.07.06 17:46:56.023,0.83355,0.83375,11.20,3.70
2010.07.06 17:46:56.510,0.83355,0.83375,12.00,3.70
2010.07.06 17:46:56.857,0.8336,0.83375,5.60,2.10
2010.07.06 17:46:57.193,0.8336,0.83375,7.20,2.10
2010.07.06 17:46:57.996,0.8336,0.83375,6.40,2.10
2010.07.06 17:46:58.339,0.8336,0.83375,2.40,2.50
2010.07.06 17:46:59.557,0.8336,0.83375,7.20,2.10
2010.07.06 17:46:59.885,0.8336,0.83375,2.40,2.10
2010.07.06 17:47:00.210,0.8336,0.83375,7.20,2.10
2010.07.06 17:47:01.279,0.8336,0.83375,11.60,1.60
2010.07.06 17:47:01.460,0.8336,0.83375,10.00,1.60
2010.07.06 17:47:02.901,0.8336,0.83375,1.60,2.40
2010.07.06 17:47:03.092,0.8336,0.83375,1.60,4.80
2010.07.06 17:47:03.280,0.8336,0.83375,2.40,1.60
2010.07.06 17:47:03.681,0.8336,0.83375,4.00,1.60
2010.07.06 17:47:04.022,0.83365,0.8338,2.00,2.80
2010.07.06 17:47:04.360,0.83365,0.8338,3.60,2.80
2010.07.06 17:47:04.700,0.83365,0.8338,3.60,1.20
2010.07.06 17:47:05.080,0.8337,0.8338,1.00,1.00
2010.07.06 17:47:05.391,0.8337,0.83385,2.80,3.60
2010.07.06 17:47:05.698,0.83385,0.8339,1.70,2.40
2010.07.06 17:47:06.283,0.83385,0.83395,1.00,1.60
2010.07.06 17:47:06.634,0.83385,0.8339,1.00,1.00
2010.07.06 17:47:07.445,0.8338,0.83395,1.60,2.80
2010.07.06 17:47:07.745,0.8338,0.83395,1.60,2.00
2010.07.06 17:47:08.350,0.8338,0.8339,1.60,1.60
2010.07.06 17:47:08.669,0.8338,0.8339,1.60,2.40
2010.07.06 17:47:09.216,0.8338,0.83395,1.60,2.00
2010.07.06 17:47:09.578,0.8338,0.8339,1.60,1.60
2010.07.06 17:47:09.710,0.8338,0.8339,1.60,2.40
2010.07.06 17:47:10.119,0.8338,0.8339,1.00,2.40
2010.07.06 17:47:10.456,0.83385,0.83395,1.00,2.80
2010.07.06 17:47:10.792,0.8338,0.8339,1.60,1.00
2010.07.06 17:47:11.470,0.8338,0.83395,3.20,1.60
2010.07.06 17:47:11.789,0.8338,0.83395,1.60,2.00
2010.07.06 17:47:12.095,0.8338,0.83395,1.60,1.60
2010.07.06 17:47:12.402,0.8338,0.8339,5.60,1.60
2010.07.06 17:47:12.955,0.8338,0.8339,5.60,1.00
2010.07.06 17:47:13.254,0.8338,0.8339,5.60,1.60
2010.07.06 17:47:13.781,0.8338,0.8339,1.60,1.00
2010.07.06 17:47:14.841,0.8338,0.83395,2.00,4.40
2010.07.06 17:47:15.522,0.83385,0.8339,1.00,1.00
2010.07.06 17:47:15.837,0.83385,0.83395,1.60,1.60
2010.07.06 17:47:16.023,0.83385,0.83395,2.00,1.60
2010.07.06 17:47:16.768,0.83385,0.83395,1.60,1.60
2010.07.06 17:47:17.792,0.83385,0.83395,1.00,1.60
2010.07.06 17:47:18.449,0.8338,0.83395,3.20,2.00
2010.07.06 17:47:20.341,0.8338,0.83395,7.20,2.00
2010.07.06 17:47:21.788,0.8338,0.83395,3.20,2.00
2010.07.06 17:47:22.579,0.8338,0.83395,3.20,1.00
2010.07.06 17:47:22.860,0.8338,0.83395,10.80,2.00
2010.07.06 17:47:23.132,0.8338,0.83395,3.20,1.60
2010.07.06 17:47:23.399,0.8338,0.83395,3.20,2.00
2010.07.06 17:47:24.040,0.8338,0.83395,7.20,2.00
2010.07.06 17:47:24.400,0.8338,0.83395,3.20,2.00
2010.07.06 17:47:24.605,0.83385,0.83395,1.60,2.00
2010.07.06 17:47:24.812,0.8338,0.83395,4.00,2.00
2010.07.06 17:47:25.010,0.8338,0.83395,3.20,2.00
2010.07.06 17:47:25.921,0.8338,0.83395,7.20,2.00
2010.07.06 17:47:26.260,0.8338,0.83395,3.20,2.00
2010.07.06 17:47:27.143,0.8338,0.83395,7.30,2.00
2010.07.06 17:47:27.412,0.8338,0.83395,3.20,2.00
2010.07.06 17:47:28.820,0.83385,0.83395,1.00,2.00
2010.07.06 17:47:29.201,0.83385,0.83395,1.60,2.00
2010.07.06 17:47:29.324,0.83385,0.83395,1.60,1.60
2010.07.06 17:47:29.442,0.83385,0.834,1.60,3.60
2010.07.06 17:47:30.504,0.83385,0.834,3.20,3.60
2010.07.06 17:47:30.855,0.83385,0.834,3.60,2.00
2010.07.06 17:47:31.025,0.83385,0.834,10.00,2.80
2010.07.06 17:47:31.501,0.83385,0.834,3.60,2.80
2010.07.06 17:47:31.663,0.8339,0.834,1.00,1.00
2010.07.06 17:47:31.830,0.8339,0.83405,1.00,3.60
2010.07.06 17:47:32.170,0.8339,0.83405,1.00,5.20
2010.07.06 17:47:32.704,0.8339,0.83405,2.40,4.40
2010.07.06 17:47:33.052,0.8339,0.83405,2.40,3.60
2010.07.06 17:47:33.530,0.8339,0.83405,3.70,2.00
2010.07.06 17:47:34.074,0.8339,0.83405,3.20,7.60
2010.07.06 17:47:35.181,0.83385,0.83405,8.00,10.40
2010.07.06 17:47:35.523,0.8339,0.83405,1.60,10.40
2010.07.06 17:47:36.110,0.83385,0.834,7.60,1.60
2010.07.06 17:47:36.458,0.8339,0.83405,2.40,7.70
2010.07.06 17:47:36.803,0.8339,0.83405,2.40,8.10
2010.07.06 17:47:37.512,0.8339,0.83405,1.60,12.90
2010.07.06 17:47:37.861,0.83385,0.834,3.20,1.60
2010.07.06 17:47:38.203,0.83385,0.834,3.20,2.10
2010.07.06 17:47:38.914,0.83385,0.834,1.60,5.30
2010.07.06 17:47:39.270,0.83385,0.834,3.20,2.10
2010.07.06 17:47:42.251,0.83385,0.834,3.20,1.60
2010.07.06 17:47:47.310,0.83385,0.834,3.20,4.90
2010.07.06 17:47:47.572,0.83385,0.834,3.20,2.10
2010.07.06 17:47:51.217,0.83385,0.834,4.90,1.60
2010.07.06 17:47:51.461,0.83385,0.834,3.20,1.60
2010.07.06 17:47:53.021,0.83385,0.834,3.20,2.10
2010.07.06 17:47:53.282,0.83385,0.834,3.20,1.60
2010.07.06 17:47:54.276,0.83385,0.834,3.60,1.60
2010.07.06 17:47:54.595,0.8339,0.834,1.00,1.60
2010.07.06 17:47:55.745,0.83385,0.83395,3.20,1.60
2010.07.06 17:47:56.444,0.83385,0.834,1.60,2.90
2010.07.06 17:47:56.714,0.83385,0.834,2.40,14.90
2010.07.06 17:47:56.983,0.8338,0.83395,7.20,1.60
2010.07.06 17:47:57.255,0.83385,0.83395,1.00,1.60
2010.07.06 17:48:00.357,0.83385,0.83395,2.40,1.60
2010.07.06 17:48:01.049,0.83385,0.83395,1.00,1.60
2010.07.06 17:48:01.919,0.83385,0.83395,1.00,2.60
2010.07.06 17:48:02.089,0.8338,0.83395,3.20,5.00
2010.07.06 17:48:05.248,0.8338,0.83395,3.20,1.60
2010.07.06 17:48:08.753,0.83385,0.83395,1.60,1.60
2010.07.06 17:48:09.079,0.83385,0.83395,2.40,1.60
2010.07.06 17:48:09.249,0.83385,0.834,2.40,8.90
2010.07.06 17:48:09.421,0.83385,0.834,2.40,4.90
2010.07.06 17:48:10.082,0.83385,0.834,3.20,4.10
2010.07.06 17:48:10.605,0.83385,0.834,3.20,8.10
2010.07.06 17:48:10.798,0.83385,0.834,2.40,15.50
2010.07.06 17:48:11.343,0.83385,0.834,1.60,15.50
2010.07.06 17:48:11.527,0.83385,0.83395,1.60,2.40
2010.07.06 17:48:11.876,0.8338,0.83395,3.20,4.60
2010.07.06 17:48:14.753,0.8338,0.83395,3.20,5.10
2010.07.06 17:48:15.478,0.83375,0.8339,3.20,1.60
2010.07.06 17:48:15.971,0.83375,0.8339,3.20,2.20
2010.07.06 17:48:16.121,0.83375,0.8339,3.20,4.60
2010.07.06 17:48:16.271,0.83375,0.8339,3.20,5.00
2010.07.06 17:48:16.422,0.83375,0.8339,12.40,4.00
2010.07.06 17:48:16.780,0.83375,0.8339,8.40,4.00
2010.07.06 17:48:16.937,0.8338,0.8339,1.00,1.60
2010.07.06 17:48:18.934,0.83375,0.8339,3.20,5.00
2010.07.06 17:48:21.060,0.83375,0.8339,2.40,13.50
2010.07.06 17:48:21.270,0.83375,0.8339,2.40,6.30
2010.07.06 17:48:21.480,0.83375,0.8339,3.20,5.70
2010.07.06 17:48:22.076,0.83375,0.8339,3.20,5.50
2010.07.06 17:48:22.719,0.83375,0.8339,2.40,5.30
2010.07.06 17:48:23.589,0.83375,0.8339,2.40,6.30
2010.07.06 17:48:23.780,0.83375,0.8339,1.60,2.90
2010.07.06 17:48:23.971,0.83375,0.8339,1.60,7.90
2010.07.06 17:48:24.162,0.83375,0.8339,1.60,6.30
2010.07.06 17:48:24.715,0.8337,0.83385,1.60,10.70
2010.07.06 17:48:25.061,0.8337,0.83385,5.60,2.50
2010.07.06 17:48:25.400,0.8337,0.83385,6.40,2.10
2010.07.06 17:48:28.283,0.83375,0.8339,1.60,5.70
2010.07.06 17:48:28.547,0.83375,0.8339,2.40,6.30
2010.07.06 17:48:32.467,0.83375,0.8339,1.60,7.90
2010.07.06 17:48:32.668,0.83375,0.8339,1.60,11.50
2010.07.06 17:48:40.692,0.83375,0.8339,1.60,15.50
2010.07.06 17:48:41.090,0.83375,0.8339,1.60,11.50
2010.07.06 17:48:41.350,0.83375,0.8339,1.60,15.50
2010.07.06 17:48:41.673,0.83375,0.83385,1.60,1.60
2010.07.06 17:48:41.968,0.83375,0.8339,1.60,15.50
2010.07.06 17:48:42.240,0.83375,0.8339,1.60,11.50
2010.07.06 17:48:50.058,0.83375,0.83385,1.60,1.60
2010.07.06 17:48:50.180,0.83375,0.83385,1.60,2.10
2010.07.06 17:48:50.300,0.83375,0.83385,1.60,2.70
2010.07.06 17:48:50.902,0.8337,0.83385,2.40,2.10
2010.07.06 17:48:51.134,0.8337,0.83385,2.40,6.30
2010.07.06 17:48:52.048,0.8337,0.83385,2.40,5.00
2010.07.06 17:48:52.395,0.8337,0.83385,3.20,4.00
2010.07.06 17:48:52.653,0.83375,0.8339,1.60,10.60
2010.07.06 17:48:53.253,0.83375,0.8339,1.60,6.60
2010.07.06 17:48:53.505,0.83375,0.8339,1.60,7.10
2010.07.06 17:48:54.535,0.83375,0.8339,1.60,11.10
2010.07.06 17:48:55.440,0.83375,0.8339,1.60,11.90
2010.07.06 17:48:55.718,0.83375,0.8339,1.60,15.90
2010.07.06 17:48:58.940,0.83375,0.8339,2.40,10.50
2010.07.06 17:48:59.280,0.83375,0.8339,3.20,3.60
2010.07.06 17:49:00.153,0.83375,0.8339,3.20,11.90
2010.07.06 17:49:00.319,0.83375,0.8339,2.40,15.90
2010.07.06 17:49:03.998,0.83375,0.83385,1.00,1.60
2010.07.06 17:49:04.633,0.8337,0.83385,3.20,1.60
2010.07.06 17:49:04.795,0.8337,0.83385,3.20,4.00
2010.07.06 17:49:04.950,0.8337,0.83385,3.20,5.00
2010.07.06 17:49:07.199,0.83375,0.83385,1.60,4.00
2010.07.06 17:49:07.392,0.83375,0.83385,1.60,1.60
2010.07.06 17:49:07.580,0.8337,0.83385,3.20,1.60
2010.07.06 17:49:08.153,0.8337,0.8338,1.60,3.70
2010.07.06 17:49:08.596,0.8337,0.8338,1.60,1.30
2010.07.06 17:49:08.885,0.83365,0.8338,3.20,2.10
2010.07.06 17:49:10.208,0.83365,0.8338,3.20,1.60
2010.07.06 17:49:11.458,0.83365,0.8338,7.20,1.60
2010.07.06 17:49:11.719,0.8337,0.8338,1.00,1.60
2010.07.06 17:49:12.611,0.83365,0.8338,3.20,1.60
2010.07.06 17:49:15.324,0.8337,0.8338,1.00,1.60
2010.07.06 17:49:15.553,0.83365,0.8338,3.20,1.60
2010.07.06 17:49:16.620,0.83365,0.8338,3.20,4.50
2010.07.06 17:49:16.969,0.83365,0.8338,3.20,5.50
2010.07.06 17:49:17.239,0.83365,0.8338,3.20,6.30
2010.07.06 17:49:19.158,0.83365,0.8338,3.20,3.90
2010.07.06 17:49:19.371,0.83365,0.8338,3.20,2.10
2010.07.06 17:49:24.719,0.83365,0.8338,3.20,4.50
2010.07.06 17:49:25.250,0.83365,0.8338,3.20,5.20
2010.07.06 17:49:27.178,0.83365,0.8338,3.20,6.00
2010.07.06 17:49:27.330,0.83365,0.8338,3.20,2.10
2010.07.06 17:49:28.620,0.83365,0.83375,3.20,1.60
2010.07.06 17:49:28.840,0.83365,0.8338,3.20,5.20
2010.07.06 17:49:29.172,0.83365,0.8338,1.60,6.00
2010.07.06 17:49:29.403,0.83365,0.8338,3.20,2.90
2010.07.06 17:49:30.310,0.83365,0.8338,3.20,2.10
2010.07.06 17:49:30.749,0.83365,0.8338,3.20,1.60
2010.07.06 17:49:50.630,0.8337,0.83385,2.40,7.90
2010.07.06 17:49:51.428,0.8337,0.83385,2.40,7.10
2010.07.06 17:49:53.620,0.8337,0.8338,1.00,1.60
2010.07.06 17:49:54.097,0.8337,0.83385,1.60,10.60
2010.07.06 17:49:54.309,0.83365,0.8338,3.20,1.60
2010.07.06 17:49:56.969,0.83365,0.83385,7.20,15.90
2010.07.06 17:49:57.499,0.8337,0.83385,2.40,7.30
2010.07.06 17:49:57.744,0.8337,0.83385,3.20,7.10
2010.07.06 17:49:58.213,0.8337,0.8338,1.00,1.60
2010.07.06 17:49:58.803,0.83365,0.8338,8.00,1.60
2010.07.06 17:49:59.081,0.8337,0.83385,1.60,7.90
2010.07.06 17:49:59.351,0.8337,0.83385,2.40,5.50
2010.07.06 17:49:59.961,0.8337,0.83385,6.40,2.10
2010.07.06 17:50:00.229,0.8337,0.83385,7.20,2.10
2010.07.06 17:50:00.791,0.8337,0.83385,2.40,6.30
2010.07.06 17:50:01.070,0.8337,0.83385,2.40,2.90
2010.07.06 17:50:03.169,0.8337,0.83385,2.40,3.30
2010.07.06 17:50:04.282,0.8337,0.83385,6.40,2.90
2010.07.06 17:50:06.297,0.8337,0.83385,6.40,3.30
2010.07.06 17:50:06.807,0.8337,0.83385,2.40,3.30
2010.07.06 17:50:07.887,0.8337,0.83385,6.40,3.30
2010.07.06 17:50:08.369,0.8337,0.83385,2.40,3.30
2010.07.06 17:50:08.958,0.8337,0.83385,2.40,2.90
2010.07.06 17:50:10.089,0.8337,0.83385,3.20,1.60
2010.07.06 17:50:10.323,0.8337,0.83385,7.20,1.60
2010.07.06 17:50:10.994,0.8337,0.83385,11.70,1.60
2010.07.06 17:50:13.876,0.8337,0.83385,14.10,1.60
2010.07.06 17:50:14.214,0.83375,0.83385,1.60,1.60
2010.07.06 17:50:15.019,0.8337,0.83385,14.10,1.60
2010.07.06 17:50:15.249,0.8337,0.83385,11.70,1.60
2010.07.06 17:50:21.576,0.8337,0.83385,7.70,1.60
2010.07.06 17:50:27.619,0.8337,0.83385,11.70,1.60
2010.07.06 17:50:27.888,0.83375,0.83385,1.60,1.60
2010.07.06 17:50:32.809,0.8337,0.83385,3.60,1.60
2010.07.06 17:50:33.002,0.83375,0.8339,1.60,3.30
2010.07.06 17:50:33.192,0.83375,0.8339,3.20,3.30
2010.07.06 17:50:33.935,0.83375,0.8339,1.60,6.10
2010.07.06 17:50:34.280,0.8337,0.83385,7.20,1.60
2010.07.06 17:50:35.565,0.83375,0.8339,13.10,4.10
2010.07.06 17:50:35.816,0.83375,0.8339,3.90,2.80
2010.07.06 17:50:36.417,0.8338,0.8339,1.00,2.80
2010.07.06 17:50:36.711,0.83375,0.8339,3.20,5.20
2010.07.06 17:50:37.349,0.83375,0.8339,3.20,4.90
2010.07.06 17:50:37.975,0.83375,0.83385,3.20,1.60
2010.07.06 17:50:38.660,0.8337,0.83385,7.80,1.60
2010.07.06 17:50:39.022,0.83375,0.83385,1.00,1.60
2010.07.06 17:50:39.910,0.83375,0.83385,2.40,1.60
2010.07.06 17:50:40.252,0.8338,0.8339,1.00,2.80
2010.07.06 17:50:40.591,0.8338,0.8339,1.60,1.20
2010.07.06 17:50:40.930,0.8338,0.83395,1.60,2.00
2010.07.06 17:50:41.566,0.8338,0.83395,1.60,1.60
2010.07.06 17:50:41.836,0.8338,0.8339,1.00,1.60
2010.07.06 17:50:42.356,0.8338,0.8339,1.00,2.00
2010.07.06 17:50:44.053,0.8338,0.8339,1.00,2.80
2010.07.06 17:50:44.492,0.8338,0.8339,1.00,2.00
2010.07.06 17:50:45.490,0.8338,0.8339,1.00,1.60
2010.07.06 17:50:46.118,0.8338,0.83395,2.40,2.90
2010.07.06 17:50:46.440,0.8338,0.83395,3.20,2.90
2010.07.06 17:50:47.050,0.8338,0.83395,3.20,2.40
2010.07.06 17:50:48.279,0.8338,0.83395,3.20,2.00
2010.07.06 17:50:49.047,0.8338,0.83395,3.20,1.60
2010.07.06 17:50:50.199,0.8338,0.8339,1.60,1.60
2010.07.06 17:50:50.541,0.8338,0.83395,3.20,1.60
2010.07.06 17:50:51.261,0.8338,0.83395,7.20,1.60
2010.07.06 17:50:54.737,0.8339,0.834,1.00,2.80
2010.07.06 17:50:54.912,0.8339,0.834,1.60,1.00
2010.07.06 17:50:55.260,0.8339,0.83405,3.20,10.00
2010.07.06 17:50:55.987,0.8339,0.83405,1.60,7.60
2010.07.06 17:50:56.331,0.8339,0.834,1.60,2.00
2010.07.06 17:51:00.743,0.8339,0.834,1.00,2.00
2010.07.06 17:51:01.132,0.8339,0.834,1.00,2.40
2010.07.06 17:51:01.323,0.83385,0.834,3.20,2.00
2010.07.06 17:51:01.510,0.83385,0.834,3.20,3.60
2010.07.06 17:51:01.944,0.83385,0.83395,3.20,1.60
2010.07.06 17:51:02.239,0.83385,0.83395,1.60,1.60
2010.07.06 17:51:03.792,0.83385,0.83395,3.20,1.60
2010.07.06 17:51:04.809,0.83385,0.83395,1.60,1.60
2010.07.06 17:51:05.120,0.83385,0.83395,1.00,1.60
2010.07.06 17:51:05.309,0.8338,0.83395,7.20,1.60
2010.07.06 17:51:06.761,0.83385,0.83395,2.40,1.60
2010.07.06 17:51:07.051,0.83385,0.834,3.20,4.40
2010.07.06 17:51:08.142,0.83385,0.834,3.20,8.40
2010.07.06 17:51:08.391,0.83385,0.83395,3.20,1.60
2010.07.06 17:51:08.960,0.83385,0.834,3.20,8.40
2010.07.06 17:51:09.528,0.83385,0.83395,3.20,1.60
2010.07.06 17:51:10.106,0.83385,0.83395,1.60,1.60
2010.07.06 17:51:10.456,0.83385,0.83395,3.20,1.60
2010.07.06 17:51:10.800,0.83385,0.834,3.20,8.40
2010.07.06 17:51:13.640,0.83385,0.83395,3.20,1.60
2010.07.06 17:51:14.898,0.83385,0.834,3.20,8.40
2010.07.06 17:51:17.270,0.83385,0.83395,3.20,1.60
2010.07.06 17:51:18.850,0.83385,0.834,3.20,8.40
2010.07.06 17:51:19.195,0.83385,0.83395,1.60,3.20
2010.07.06 17:51:19.542,0.83385,0.834,3.20,10.00
2010.07.06 17:51:19.759,0.83385,0.83395,3.20,1.00
2010.07.06 17:51:19.978,0.83385,0.834,3.20,8.40
2010.07.06 17:51:20.408,0.83385,0.83395,1.60,1.60
2010.07.06 17:51:20.999,0.83385,0.83395,3.20,1.60
2010.07.06 17:51:24.719,0.8338,0.83395,3.20,1.60
2010.07.06 17:51:26.362,0.8338,0.83395,2.40,1.60
2010.07.06 17:51:26.621,0.8338,0.83395,2.40,2.00
2010.07.06 17:51:26.689,0.8338,0.83395,3.20,2.00
2010.07.06 17:51:27.144,0.8338,0.83395,2.40,8.40
2010.07.06 17:51:27.181,0.8338,0.83395,1.60,8.00
2010.07.06 17:51:27.288,0.8338,0.83395,1.60,10.40
2010.07.06 17:51:27.864,0.8338,0.83395,1.60,6.80
2010.07.06 17:51:28.549,0.8338,0.83395,1.60,6.40
2010.07.06 17:51:29.786,0.8338,0.83395,1.60,10.90
2010.07.06 17:51:31.547,0.8338,0.83395,1.60,6.90
2010.07.06 17:51:31.720,0.8338,0.8339,1.60,1.60
2010.07.06 17:51:32.480,0.8338,0.8339,1.60,2.00
2010.07.06 17:51:32.889,0.83375,0.8339,3.20,2.00
2010.07.06 17:51:33.316,0.83375,0.83395,11.60,8.10
2010.07.06 17:51:33.905,0.8338,0.8339,1.60,1.00
2010.07.06 17:51:34.203,0.8338,0.83395,1.60,7.30
2010.07.06 17:51:34.489,0.8338,0.83395,1.60,6.90
2010.07.06 17:51:35.528,0.83375,0.8339,3.20,3.60
2010.07.06 17:51:35.625,0.83375,0.8339,3.20,4.00
2010.07.06 17:51:36.335,0.83375,0.8339,3.20,3.60
2010.07.06 17:51:36.521,0.8338,0.8339,1.60,2.00
2010.07.06 17:51:36.862,0.8338,0.8339,1.60,1.00
2010.07.06 17:51:37.645,0.8338,0.83395,2.40,4.10
2010.07.06 17:51:38.113,0.8338,0.83395,2.40,8.10
2010.07.06 17:51:38.569,0.8338,0.83395,2.40,7.60
2010.07.06 17:51:39.201,0.8338,0.83395,2.40,3.60
2010.07.06 17:51:45.918,0.8338,0.83395,2.40,7.60
2010.07.06 17:51:49.120,0.8338,0.83395,2.40,8.10
2010.07.06 17:51:49.325,0.8338,0.83395,2.40,12.50
2010.07.06 17:51:49.898,0.83375,0.83395,3.20,9.20
2010.07.06 17:51:50.141,0.83375,0.8339,3.20,1.60
2010.07.06 17:51:50.380,0.83375,0.83395,3.20,14.80
2010.07.06 17:51:51.108,0.83375,0.8339,3.20,3.20
2010.07.06 17:51:51.455,0.83375,0.8339,3.20,4.00
2010.07.06 17:51:51.596,0.83375,0.8339,3.20,3.60
2010.07.06 17:51:52.362,0.83375,0.8339,3.20,2.00
2010.07.06 17:51:52.505,0.8338,0.83395,3.20,11.60
2010.07.06 17:51:53.868,0.8338,0.83395,1.60,11.60
2010.07.06 17:51:54.778,0.8338,0.83395,3.20,11.60
2010.07.06 17:51:54.927,0.8338,0.83395,1.60,11.60
2010.07.06 17:51:55.229,0.8338,0.83395,1.60,10.00
2010.07.06 17:51:55.395,0.83375,0.8339,3.20,1.60
2010.07.06 17:51:55.548,0.8338,0.83395,1.60,14.90
2010.07.06 17:51:56.090,0.8338,0.83395,1.60,15.30
2010.07.06 17:51:56.302,0.8338,0.83395,3.20,7.60
2010.07.06 17:51:58.159,0.8338,0.83395,3.20,8.10
2010.07.06 17:51:58.703,0.8338,0.83395,3.20,4.10
2010.07.06 17:52:03.429,0.8338,0.83395,2.40,4.10
2010.07.06 17:52:03.590,0.8338,0.83395,2.40,8.50
2010.07.06 17:52:06.082,0.8338,0.83395,2.40,12.50
2010.07.06 17:52:06.610,0.8338,0.83395,2.40,8.50
2010.07.06 17:52:08.768,0.8338,0.83395,2.40,8.10
2010.07.06 17:52:09.256,0.8338,0.83395,3.20,7.60
2010.07.06 17:52:09.463,0.8338,0.83395,3.20,3.60
2010.07.06 17:52:16.751,0.8338,0.83395,3.20,4.90
2010.07.06 17:52:16.998,0.8338,0.83395,3.20,4.10
2010.07.06 17:52:17.377,0.8338,0.83395,3.20,8.10
2010.07.06 17:52:17.507,0.8338,0.83395,3.20,3.60
2010.07.06 17:52:18.197,0.8338,0.83395,3.20,4.90
2010.07.06 17:52:18.912,0.8338,0.83395,3.20,4.10
2010.07.06 17:52:19.509,0.8338,0.83395,3.20,3.60
2010.07.06 17:52:21.431,0.8338,0.83395,3.20,7.60
2010.07.06 17:52:23.108,0.8338,0.83395,3.20,8.40
2010.07.06 17:52:23.310,0.8338,0.83395,3.20,3.60
2010.07.06 17:52:25.222,0.8338,0.8339,1.60,7.20
2010.07.06 17:52:25.432,0.83375,0.83385,3.60,1.60
2010.07.06 17:52:25.692,0.83375,0.83385,3.20,1.60
2010.07.06 17:52:26.450,0.83375,0.83385,3.20,2.00
2010.07.06 17:52:27.049,0.83375,0.83385,3.20,1.60
2010.07.06 17:52:27.707,0.83375,0.83385,1.00,3.20
2010.07.06 17:52:27.965,0.8337,0.83385,2.40,8.00
2010.07.06 17:52:28.220,0.8337,0.83385,2.40,7.60
2010.07.06 17:52:28.485,0.83375,0.83385,1.00,6.00
2010.07.06 17:52:29.095,0.83375,0.83385,1.60,6.40
2010.07.06 17:52:33.769,0.83375,0.83385,2.40,6.40
2010.07.06 17:52:34.482,0.83375,0.83385,3.20,1.60
2010.07.06 17:52:37.096,0.83375,0.83385,1.60,1.60
2010.07.06 17:52:39.553,0.83375,0.83385,1.60,5.60
2010.07.06 17:52:39.723,0.83375,0.83385,1.60,1.60
2010.07.06 17:52:41.860,0.83375,0.83385,1.60,3.20
2010.07.06 17:52:42.258,0.8337,0.83385,2.40,4.00
2010.07.06 17:52:42.802,0.8337,0.83385,2.40,8.40
2010.07.06 17:52:43.141,0.8337,0.83385,2.40,7.60
2010.07.06 17:52:44.023,0.8337,0.83385,2.40,14.00
2010.07.06 17:52:46.053,0.8337,0.83385,3.20,2.00
2010.07.06 17:52:46.480,0.83375,0.83385,1.60,2.00
2010.07.06 17:52:51.797,0.83375,0.83385,3.20,1.00
2010.07.06 17:52:52.085,0.83375,0.8339,3.20,2.00
2010.07.06 17:52:52.768,0.8338,0.8339,1.00,2.00
2010.07.06 17:52:54.347,0.83375,0.8339,3.20,2.00
2010.07.06 17:52:56.929,0.83375,0.8339,3.20,1.00
2010.07.06 17:52:57.240,0.8338,0.8339,1.60,1.00
2010.07.06 17:52:57.949,0.8338,0.83395,2.40,7.60
2010.07.06 17:53:01.819,0.8338,0.83395,2.40,3.60
2010.07.06 17:53:03.519,0.8338,0.83395,2.40,7.60
2010.07.06 17:53:05.590,0.8338,0.8339,1.00,1.60
2010.07.06 17:53:06.140,0.8338,0.83395,1.60,14.80
2010.07.06 17:53:06.406,0.8338,0.83395,1.60,10.80
2010.07.06 17:53:06.702,0.83375,0.83395,7.20,10.80
2010.07.06 17:53:06.990,0.83375,0.8339,7.20,1.00
2010.07.06 17:53:09.483,0.8338,0.8339,1.60,1.00
2010.07.06 17:53:10.083,0.8338,0.8339,3.20,1.00
2010.07.06 17:53:10.316,0.8338,0.83395,2.40,6.40
2010.07.06 17:53:10.898,0.83375,0.8339,7.20,1.60
2010.07.06 17:53:11.247,0.8338,0.8339,1.60,1.00
2010.07.06 17:53:11.592,0.8338,0.8339,2.40,1.00
2010.07.06 17:53:12.288,0.8338,0.83395,2.40,7.60
2010.07.06 17:53:12.919,0.8338,0.83395,2.40,3.60
2010.07.06 17:53:14.233,0.8338,0.83395,3.20,3.60
2010.07.06 17:53:16.760,0.83375,0.8339,4.40,1.60
2010.07.06 17:53:17.564,0.83375,0.83395,3.20,14.00
2010.07.06 17:53:23.688,0.8338,0.83395,1.60,14.00
2010.07.06 17:53:23.978,0.8338,0.83395,1.60,6.00
2010.07.06 17:53:28.159,0.8338,0.83395,1.60,14.50
2010.07.06 17:53:31.968,0.83375,0.83395,3.20,14.50
2010.07.06 17:53:33.548,0.83375,0.83395,3.20,14.00
2010.07.06 17:53:34.788,0.83375,0.8339,3.20,1.60
2010.07.06 17:53:34.998,0.83375,0.83395,3.20,14.00
2010.07.06 17:53:35.639,0.83375,0.8339,3.20,1.60
2010.07.06 17:53:36.363,0.83375,0.8339,3.20,2.00
2010.07.06 17:53:37.990,0.83375,0.8339,3.20,14.00
2010.07.06 17:53:38.604,0.83375,0.8339,1.60,6.00
2010.07.06 17:53:38.865,0.83375,0.8339,1.60,14.00
2010.07.06 17:53:39.510,0.83375,0.8339,1.60,10.40
2010.07.06 17:53:39.830,0.83375,0.8339,3.20,8.00
2010.07.06 17:53:40.973,0.83375,0.8339,3.20,7.60
2010.07.06 17:53:45.424,0.83375,0.8339,3.20,3.60
2010.07.06 17:53:47.789,0.83375,0.8339,3.20,7.60
2010.07.06 17:53:49.334,0.83375,0.83385,2.40,1.60
2010.07.06 17:53:49.450,0.83375,0.83385,1.60,1.60
2010.07.06 17:53:49.889,0.83375,0.83385,1.60,2.00
2010.07.06 17:53:50.788,0.83375,0.83385,1.60,3.60
2010.07.06 17:53:52.664,0.83375,0.83385,3.20,2.00
2010.07.06 17:53:53.205,0.83375,0.83385,4.00,1.00
2010.07.06 17:53:53.386,0.83375,0.8339,1.60,14.40
2010.07.06 17:53:53.560,0.83375,0.83385,1.60,1.60
2010.07.06 17:53:53.901,0.83375,0.8339,1.60,14.50
2010.07.06 17:53:54.920,0.83375,0.83385,1.60,1.60
2010.07.06 17:53:56.618,0.8337,0.83385,3.20,1.60
2010.07.06 17:54:02.636,0.83375,0.83385,1.60,1.60
2010.07.06 17:54:02.749,0.83375,0.83385,1.60,3.20
2010.07.06 17:54:03.039,0.8337,0.83385,3.20,3.20
2010.07.06 17:54:03.617,0.8337,0.83385,3.20,3.60
2010.07.06 17:54:03.917,0.8337,0.83385,2.40,6.00
2010.07.06 17:54:05.849,0.8337,0.83385,2.40,10.00
2010.07.06 17:54:08.391,0.8337,0.83385,3.20,10.00
2010.07.06 17:54:08.634,0.8337,0.83385,3.20,3.60
2010.07.06 17:54:10.106,0.83375,0.83385,1.60,3.60
2010.07.06 17:54:10.420,0.83375,0.83385,1.60,6.00
2010.07.06 17:54:11.078,0.8337,0.83385,2.40,6.00
2010.07.06 17:54:17.666,0.8337,0.83385,1.60,10.40
2010.07.06 17:54:24.077,0.8337,0.83385,2.40,8.00
2010.07.06 17:54:26.182,0.83365,0.8338,2.40,3.60
2010.07.06 17:54:26.524,0.83365,0.8338,3.20,1.60
2010.07.06 17:54:26.965,0.83365,0.83385,8.00,10.50
2010.07.06 17:54:27.260,0.83365,0.83385,7.20,11.70
2010.07.06 17:54:27.546,0.83365,0.83385,3.20,14.10
2010.07.06 17:54:28.026,0.83365,0.8338,3.20,1.60
2010.07.06 17:54:28.374,0.83365,0.8338,3.20,2.00
2010.07.06 17:54:30.088,0.83365,0.8338,3.20,1.60
2010.07.06 17:54:32.391,0.83365,0.8338,11.60,1.60
2010.07.06 17:54:32.575,0.8337,0.8338,1.60,1.60
2010.07.06 17:54:32.754,0.8337,0.83385,3.20,1.60
2010.07.06 17:54:33.239,0.8337,0.8338,5.60,1.60
2010.07.06 17:54:33.584,0.8337,0.83385,7.20,1.60
2010.07.06 17:54:36.339,0.8337,0.83385,3.20,1.60
2010.07.06 17:54:36.561,0.8337,0.83385,1.60,2.00
2010.07.06 17:54:37.144,0.83365,0.8338,11.20,1.60
2010.07.06 17:54:43.789,0.83365,0.8338,13.20,1.60
2010.07.06 17:54:44.511,0.8337,0.8338,1.60,1.60
2010.07.06 17:54:46.142,0.8337,0.83385,3.20,2.00
2010.07.06 17:54:47.002,0.8337,0.8338,1.60,1.60
2010.07.06 17:54:47.281,0.83375,0.83385,1.00,1.60
2010.07.06 17:54:48.090,0.83375,0.83385,1.60,1.60
2010.07.06 17:54:49.514,0.83375,0.83385,1.00,1.60
2010.07.06 17:54:49.793,0.83375,0.8339,3.20,2.00
2010.07.06 17:54:51.061,0.83375,0.8339,3.20,4.40
2010.07.06 17:54:51.613,0.83375,0.8339,1.60,14.00
2010.07.06 17:54:51.816,0.83375,0.8339,1.60,14.40
2010.07.06 17:54:52.015,0.83375,0.83385,1.60,1.00
2010.07.06 17:54:52.213,0.83375,0.8339,1.60,14.40
2010.07.06 17:54:53.791,0.83375,0.83385,1.60,1.00
2010.07.06 17:54:54.783,0.83375,0.83385,1.60,2.00
2010.07.06 17:54:55.089,0.83375,0.83385,1.60,1.60
2010.07.06 17:54:58.276,0.83375,0.8339,1.60,15.70
2010.07.06 17:54:58.841,0.83375,0.8339,2.40,14.90
2010.07.06 17:54:59.187,0.83375,0.8339,1.60,8.10
2010.07.06 17:54:59.897,0.83375,0.8339,1.60,12.50
2010.07.06 17:55:00.247,0.83375,0.83385,1.60,1.60
2010.07.06 17:55:00.921,0.8337,0.83385,3.20,1.60
2010.07.06 17:55:01.263,0.83375,0.8339,1.60,15.70
2010.07.06 17:55:01.882,0.83375,0.83385,1.60,1.60
2010.07.06 17:55:02.242,0.83375,0.8339,1.60,15.70
2010.07.06 17:55:02.813,0.83375,0.83385,1.60,1.60
2010.07.06 17:55:05.134,0.83375,0.8339,1.60,15.70
2010.07.06 17:55:06.834,0.83375,0.83385,1.60,1.60
2010.07.06 17:55:09.515,0.8337,0.83385,3.20,1.60
2010.07.06 17:55:09.812,0.83375,0.8339,1.60,14.50
2010.07.06 17:55:10.102,0.83375,0.8339,1.60,15.70
2010.07.06 17:55:10.721,0.83375,0.8339,1.60,14.90
2010.07.06 17:55:11.373,0.8337,0.83385,3.20,2.00
2010.07.06 17:55:12.152,0.83375,0.83385,2.40,1.00
2010.07.06 17:55:12.920,0.83375,0.8339,2.40,14.50
2010.07.06 17:55:13.269,0.83375,0.8339,2.40,10.50
2010.07.06 17:55:15.615,0.83375,0.8339,2.40,6.50
2010.07.06 17:55:15.805,0.83375,0.8339,3.20,4.10
2010.07.06 17:55:16.344,0.83375,0.8339,3.20,3.60
2010.07.06 17:55:17.607,0.83375,0.8339,2.40,6.00
2010.07.06 17:55:17.955,0.83375,0.8339,2.40,6.80
2010.07.06 17:55:18.546,0.83375,0.8339,3.20,7.60
2010.07.06 17:55:18.897,0.83375,0.8339,3.20,3.60
2010.07.06 17:55:19.241,0.8338,0.8339,1.00,2.40
2010.07.06 17:55:19.584,0.8338,0.8339,1.00,2.00
2010.07.06 17:55:20.026,0.83375,0.8339,3.20,2.00
2010.07.06 17:55:20.983,0.83375,0.8339,3.20,1.60
2010.07.06 17:55:21.895,0.83375,0.8339,3.70,1.60
2010.07.06 17:55:22.084,0.8338,0.83395,1.00,12.90
2010.07.06 17:55:22.264,0.8338,0.8339,1.00,1.60
2010.07.06 17:55:27.159,0.8338,0.83395,2.40,8.10
2010.07.06 17:55:27.709,0.8338,0.8339,1.00,1.60
2010.07.06 17:55:28.220,0.8338,0.8339,1.00,14.00
2010.07.06 17:55:28.507,0.8338,0.8339,1.00,1.60
2010.07.06 17:55:29.399,0.83375,0.8339,7.20,1.60
2010.07.06 17:55:29.745,0.83375,0.8339,3.20,1.60
2010.07.06 17:55:33.040,0.83375,0.83395,3.20,15.30
2010.07.06 17:55:33.400,0.83375,0.83395,7.20,15.30
2010.07.06 17:55:33.781,0.83375,0.83395,7.20,12.10
2010.07.06 17:55:33.855,0.83375,0.8339,7.20,1.00
2010.07.06 17:55:34.539,0.83375,0.83395,7.20,10.50
2010.07.06 17:55:35.283,0.8338,0.83395,2.40,3.60
2010.07.06 17:55:37.461,0.8338,0.83395,2.40,8.10
2010.07.06 17:55:37.630,0.8338,0.83395,2.40,14.50
2010.07.06 17:55:37.970,0.83375,0.83395,3.20,14.90
2010.07.06 17:55:38.421,0.83375,0.83395,3.20,15.70
2010.07.06 17:55:38.590,0.83375,0.83395,3.20,15.30
2010.07.06 17:55:39.380,0.83375,0.8339,3.20,1.60
2010.07.06 17:55:44.520,0.83375,0.8339,3.20,2.10
2010.07.06 17:55:45.182,0.83375,0.8339,3.20,2.90
2010.07.06 17:55:57.788,0.83375,0.8339,2.40,2.90
2010.07.06 17:55:58.230,0.83375,0.8339,2.40,5.30
2010.07.06 17:55:58.691,0.83375,0.8339,2.40,5.70
2010.07.06 17:56:00.281,0.83375,0.8339,2.40,9.70
2010.07.06 17:56:00.577,0.8337,0.83385,2.40,2.90
2010.07.06 17:56:01.929,0.83365,0.83385,11.20,3.30
2010.07.06 17:56:02.380,0.8337,0.83385,2.40,3.30
2010.07.06 17:56:03.610,0.8337,0.8338,1.00,1.60
2010.07.06 17:56:04.159,0.8337,0.83385,2.40,3.30
2010.07.06 17:56:04.579,0.8337,0.83385,2.40,2.90
2010.07.06 17:56:08.238,0.8337,0.83385,2.40,3.30
2010.07.06 17:56:08.358,0.8337,0.83385,2.40,7.30
2010.07.06 17:56:08.829,0.83365,0.8338,7.20,1.60
2010.07.06 17:56:09.174,0.8337,0.8338,1.00,1.60
2010.07.06 17:56:09.523,0.8337,0.83385,2.40,3.70
2010.07.06 17:56:10.121,0.8337,0.8338,1.00,1.60
2010.07.06 17:56:10.913,0.8337,0.83385,2.40,3.30
2010.07.06 17:56:11.128,0.8337,0.83385,2.40,3.70
2010.07.06 17:56:11.594,0.8337,0.8338,1.00,1.60
2010.07.06 17:56:11.960,0.8337,0.83385,2.40,3.70
2010.07.06 17:56:12.113,0.8337,0.8338,1.00,1.60
2010.07.06 17:56:12.514,0.8337,0.83385,2.40,3.70
2010.07.06 17:56:12.673,0.8337,0.83385,2.40,3.30
2010.07.06 17:56:13.162,0.8337,0.83385,2.40,3.70
2010.07.06 17:56:13.995,0.83365,0.8338,11.20,1.60
2010.07.06 17:56:14.315,0.83365,0.8338,13.60,1.60
2010.07.06 17:56:14.599,0.83365,0.8338,14.10,1.60
2010.07.06 17:56:16.358,0.83365,0.8338,13.60,1.60
2010.07.06 17:56:16.539,0.83365,0.8338,11.20,1.60
2010.07.06 17:56:17.970,0.8337,0.83385,1.60,3.30
2010.07.06 17:56:18.179,0.8337,0.83385,2.40,3.30
2010.07.06 17:56:18.489,0.8337,0.83385,2.40,3.70
2010.07.06 17:56:18.801,0.8337,0.83385,2.80,3.30
2010.07.06 17:56:19.409,0.8337,0.83385,6.40,3.30
2010.07.06 17:56:19.651,0.8337,0.83385,2.40,3.70
2010.07.06 17:56:21.902,0.8337,0.83385,2.40,3.30
2010.07.06 17:56:22.323,0.8337,0.83385,2.40,3.70
2010.07.06 17:56:22.890,0.8337,0.8338,1.00,1.60
2010.07.06 17:56:23.455,0.8337,0.83385,2.40,5.70
2010.07.06 17:56:23.799,0.8337,0.8338,1.00,1.60
2010.07.06 17:56:24.559,0.8337,0.83385,2.40,3.70
2010.07.06 17:56:25.158,0.8337,0.83385,2.40,4.10
2010.07.06 17:56:25.419,0.8337,0.83385,2.40,3.70
2010.07.06 17:56:27.065,0.8337,0.83385,1.00,3.70
2010.07.06 17:56:27.504,0.8337,0.8338,1.00,1.60
2010.07.06 17:56:28.689,0.83365,0.8338,11.20,1.60
2010.07.06 17:56:31.899,0.83365,0.8338,7.20,1.60
2010.07.06 17:56:32.019,0.83365,0.8338,3.20,1.60
2010.07.06 17:56:33.247,0.83365,0.8338,3.20,2.10
2010.07.06 17:56:33.472,0.83365,0.8338,3.20,2.90
2010.07.06 17:56:34.629,0.83365,0.8338,7.20,2.90
2010.07.06 17:56:35.420,0.83365,0.8338,3.20,2.90
2010.07.06 17:56:35.959,0.83365,0.8338,7.20,2.90
2010.07.06 17:56:36.697,0.83365,0.8338,3.20,2.90
2010.07.06 17:56:36.983,0.83365,0.8338,3.20,1.60
2010.07.06 17:56:38.183,0.83365,0.8338,3.20,2.10
2010.07.06 17:56:38.711,0.83365,0.8338,3.20,2.90
2010.07.06 17:56:39.558,0.83365,0.8338,2.40,7.30
2010.07.06 17:56:39.797,0.83365,0.8338,3.20,2.10
2010.07.06 17:56:40.275,0.8337,0.8338,1.60,1.00
2010.07.06 17:56:41.006,0.8337,0.83385,1.60,6.50
2010.07.06 17:56:41.354,0.8337,0.83385,1.60,14.10
2010.07.06 17:56:41.702,0.83365,0.8338,3.20,2.10
2010.07.06 17:56:43.677,0.83365,0.8338,3.20,1.60
2010.07.06 17:56:44.028,0.83365,0.8338,3.20,2.10
2010.07.06 17:56:44.946,0.83365,0.8338,3.20,2.90
2010.07.06 17:56:46.870,0.83365,0.8338,2.40,2.90
2010.07.06 17:56:47.319,0.83365,0.8338,3.20,2.90
2010.07.06 17:56:47.879,0.83365,0.8338,3.20,1.60
2010.07.06 17:56:52.620,0.83365,0.8338,3.20,2.10
2010.07.06 17:56:56.703,0.83365,0.8338,3.20,2.90
2010.07.06 17:56:57.405,0.83365,0.8338,2.40,3.30
2010.07.06 17:56:58.080,0.83365,0.8338,2.40,2.90
2010.07.06 17:56:58.534,0.83365,0.8338,3.20,2.90
2010.07.06 17:56:59.790,0.83365,0.8338,1.60,5.70
2010.07.06 17:57:00.019,0.83365,0.8338,1.60,3.30
2010.07.06 17:57:01.003,0.83365,0.8338,1.60,2.90
2010.07.06 17:57:01.860,0.83365,0.8338,2.40,2.90
2010.07.06 17:57:02.081,0.83365,0.8338,3.20,2.10
2010.07.06 17:57:02.895,0.8336,0.83375,2.40,1.60
2010.07.06 17:57:03.249,0.8336,0.83375,8.80,2.10
2010.07.06 17:57:03.672,0.83365,0.8338,1.60,3.30
2010.07.06 17:57:04.014,0.83365,0.8338,3.20,2.90
2010.07.06 17:57:05.370,0.83365,0.8338,3.20,3.30
2010.07.06 17:57:06.393,0.83365,0.8338,3.20,1.60
2010.07.06 17:57:06.528,0.83365,0.8338,3.20,2.00
2010.07.06 17:57:07.042,0.83365,0.8338,2.40,2.10
2010.07.06 17:57:07.425,0.83365,0.8338,2.40,3.30
2010.07.06 17:57:09.368,0.83365,0.8338,3.20,3.30
2010.07.06 17:57:10.219,0.83365,0.8338,3.20,2.50
2010.07.06 17:57:10.494,0.83365,0.8338,3.20,2.10
2010.07.06 17:57:10.702,0.83365,0.83385,3.20,15.80
2010.07.06 17:57:10.901,0.83365,0.8338,3.20,1.60
2010.07.06 17:57:18.635,0.8337,0.83385,3.20,14.50
2010.07.06 17:57:18.983,0.8337,0.83385,3.20,4.10
2010.07.06 17:57:20.076,0.8337,0.83385,10.40,2.80
2010.07.06 17:57:20.204,0.8337,0.83385,1.60,3.30
2010.07.06 17:57:20.478,0.83365,0.8338,14.10,1.60
2010.07.06 17:57:21.014,0.8337,0.83385,1.60,2.90
2010.07.06 17:57:21.301,0.8337,0.83385,1.60,3.30
2010.07.06 17:57:21.590,0.83365,0.8338,14.10,1.60
2010.07.06 17:57:23.749,0.83365,0.8338,15.30,1.60
2010.07.06 17:57:24.034,0.8337,0.8338,1.60,1.60
2010.07.06 17:57:24.512,0.8337,0.83385,3.20,2.00
2010.07.06 17:57:24.732,0.8337,0.83385,1.60,2.50
2010.07.06 17:57:24.951,0.8337,0.83385,1.60,2.00
2010.07.06 17:57:25.169,0.8337,0.83385,3.20,2.00
2010.07.06 17:57:25.389,0.8337,0.83385,3.20,1.60
2010.07.06 17:57:27.328,0.8337,0.83385,2.40,2.10
2010.07.06 17:57:27.902,0.8337,0.83385,3.20,2.10
2010.07.06 17:57:29.371,0.8337,0.83385,2.40,2.10
2010.07.06 17:57:29.941,0.8337,0.8338,1.00,1.60
2010.07.06 17:57:31.988,0.83365,0.8338,14.10,1.60
2010.07.06 17:57:40.112,0.83365,0.8338,1.60,6.10
2010.07.06 17:57:41.081,0.83365,0.83375,1.60,1.60
2010.07.06 17:57:41.440,0.83365,0.8338,2.40,3.30
2010.07.06 17:57:41.739,0.83365,0.8338,2.40,2.90
2010.07.06 17:57:42.570,0.83365,0.8338,2.40,3.30
2010.07.06 17:57:42.912,0.83365,0.83375,2.40,1.60
2010.07.06 17:57:43.251,0.83365,0.83375,1.60,1.60
2010.07.06 17:57:44.872,0.83365,0.8338,1.60,15.30
2010.07.06 17:57:45.309,0.83365,0.83375,1.60,1.60
2010.07.06 17:57:54.333,0.83365,0.8338,1.60,15.70
2010.07.06 17:57:54.582,0.83365,0.8338,1.60,11.70
2010.07.06 17:57:55.192,0.83365,0.8338,2.40,3.30
2010.07.06 17:57:55.442,0.83365,0.8338,2.40,2.90
2010.07.06 17:57:56.346,0.83365,0.8338,2.40,12.90
2010.07.06 17:57:56.696,0.8336,0.83375,2.40,2.10
2010.07.06 17:57:56.881,0.8336,0.83375,1.60,8.50
2010.07.06 17:57:57.069,0.8336,0.83375,1.60,11.70
2010.07.06 17:57:57.260,0.8336,0.83375,1.60,10.10
2010.07.06 17:57:57.451,0.8336,0.83375,1.60,15.70
2010.07.06 17:57:58.025,0.8336,0.8337,1.60,1.00
2010.07.06 17:57:58.214,0.83355,0.8337,2.80,2.10
2010.07.06 17:57:58.401,0.83355,0.8337,2.80,2.90
2010.07.06 17:57:58.760,0.8336,0.8337,1.60,1.30
2010.07.06 17:57:59.263,0.83355,0.8337,2.80,2.90
2010.07.06 17:57:59.602,0.83355,0.8337,1.60,10.90
2010.07.06 17:57:59.941,0.83355,0.8337,1.60,11.30
2010.07.06 17:58:00.284,0.83355,0.8337,1.60,15.70
2010.07.06 17:58:00.700,0.83355,0.8337,1.60,11.70
2010.07.06 17:58:01.392,0.83355,0.8337,1.60,15.70
2010.07.06 17:58:01.540,0.83355,0.8337,1.60,16.10
2010.07.06 17:58:01.694,0.83355,0.8337,1.60,11.30
2010.07.06 17:58:02.400,0.83355,0.8337,1.60,17.30
2010.07.06 17:58:02.741,0.83355,0.8337,1.60,18.10
2010.07.06 17:58:03.081,0.83355,0.83365,1.60,1.00
2010.07.06 17:58:03.897,0.83355,0.83365,1.60,6.40
2010.07.06 17:58:04.162,0.8335,0.83365,1.60,15.60
2010.07.06 17:58:04.432,0.83355,0.83365,1.60,18.50
2010.07.06 17:58:05.234,0.83355,0.83365,1.60,6.50
2010.07.06 17:58:05.586,0.83355,0.83365,1.60,1.30
2010.07.06 17:58:07.245,0.83355,0.83365,1.60,2.90
2010.07.06 17:58:11.682,0.8335,0.83365,2.40,5.30
2010.07.06 17:58:11.780,0.8335,0.83365,1.60,9.30
2010.07.06 17:58:11.869,0.8335,0.83365,1.60,10.10
2010.07.06 17:58:14.379,0.8335,0.83365,1.60,7.70
2010.07.06 17:58:14.600,0.8335,0.83365,1.60,3.30
2010.07.06 17:58:14.811,0.8335,0.83365,1.60,9.70
2010.07.06 17:58:15.502,0.8335,0.83365,1.60,10.10
2010.07.06 17:58:17.622,0.8335,0.83365,1.60,6.10
2010.07.06 17:58:18.095,0.8335,0.83365,1.60,2.90
2010.07.06 17:58:18.196,0.83355,0.8337,1.60,7.30
2010.07.06 17:58:19.042,0.83355,0.8337,1.60,3.30
2010.07.06 17:58:19.331,0.83355,0.8337,1.60,2.90
2010.07.06 17:58:22.269,0.83355,0.8337,1.60,10.90
2010.07.06 17:58:22.392,0.83355,0.8337,1.60,14.10
2010.07.06 17:58:22.621,0.83355,0.83365,1.60,1.30
2010.07.06 17:58:23.147,0.83355,0.83365,1.60,2.90
2010.07.06 17:58:23.944,0.83355,0.83365,1.60,1.30
2010.07.06 17:58:24.164,0.83355,0.83365,1.60,2.90
2010.07.06 17:58:24.952,0.8335,0.83365,1.60,9.70
2010.07.06 17:58:26.674,0.8335,0.83365,1.60,3.30
2010.07.06 17:58:26.758,0.8335,0.83365,2.40,3.30
2010.07.06 17:58:30.349,0.8335,0.83365,2.40,2.90
2010.07.06 17:58:31.199,0.8335,0.83365,2.40,3.30
2010.07.06 17:58:32.442,0.8335,0.83365,2.40,5.70
2010.07.06 17:58:32.568,0.8335,0.83365,1.60,5.70
2010.07.06 17:58:32.693,0.8335,0.83365,1.60,9.70
2010.07.06 17:58:34.319,0.8335,0.83365,1.60,7.30
2010.07.06 17:58:34.544,0.8335,0.83365,1.60,5.70
2010.07.06 17:58:34.770,0.8335,0.83365,1.60,9.70
2010.07.06 17:58:37.948,0.83345,0.83365,7.20,9.70
2010.07.06 17:58:38.309,0.8335,0.83365,1.60,9.70
2010.07.06 17:58:40.926,0.8335,0.83365,2.40,3.30
2010.07.06 17:58:42.082,0.8335,0.83365,2.40,3.40
2010.07.06 17:58:42.400,0.8335,0.83365,1.60,9.80
2010.07.06 17:58:44.708,0.8335,0.83365,2.40,3.30
2010.07.06 17:58:46.073,0.8335,0.8336,1.00,1.60
2010.07.06 17:58:46.214,0.8335,0.8336,1.00,2.10
2010.07.06 17:58:46.351,0.83345,0.8336,2.40,1.60
2010.07.06 17:58:46.796,0.83345,0.83355,1.00,1.60
2010.07.06 17:58:46.951,0.8334,0.83355,6.40,1.60
2010.07.06 17:58:47.394,0.8334,0.83355,2.40,2.10
2010.07.06 17:58:47.701,0.8334,0.83355,2.40,2.90
2010.07.06 17:58:48.659,0.8334,0.83355,1.60,2.90
2010.07.06 17:58:50.811,0.8334,0.8335,1.60,1.00
2010.07.06 17:58:51.148,0.83335,0.8335,1.60,2.90
2010.07.06 17:58:51.798,0.83335,0.8335,1.60,1.30
2010.07.06 17:58:52.592,0.83335,0.8335,1.60,2.90
2010.07.06 17:58:52.934,0.8334,0.8335,1.60,1.00
2010.07.06 17:58:54.370,0.8334,0.8335,12.00,1.00
2010.07.06 17:58:54.590,0.8334,0.83355,12.50,1.60
2010.07.06 17:58:54.811,0.8334,0.8335,9.60,1.30
2010.07.06 17:58:55.332,0.8334,0.83355,1.60,2.90
2010.07.06 17:58:55.533,0.8334,0.83355,5.60,2.90
2010.07.06 17:58:56.691,0.8334,0.83355,1.60,6.90
2010.07.06 17:58:57.093,0.8334,0.8335,1.60,1.30
2010.07.06 17:59:03.559,0.83335,0.8335,2.40,2.90
2010.07.06 17:59:04.431,0.8334,0.8335,1.60,1.30
2010.07.06 17:59:06.569,0.83335,0.8335,11.70,1.30
2010.07.06 17:59:07.202,0.83335,0.8335,2.40,1.30
2010.07.06 17:59:08.323,0.83335,0.8335,6.40,1.30
2010.07.06 17:59:08.471,0.8334,0.8335,1.60,1.30
2010.07.06 17:59:09.011,0.83335,0.8335,6.40,1.30
2010.07.06 17:59:10.180,0.83335,0.8335,7.20,1.30
2010.07.06 17:59:13.701,0.83335,0.83355,7.20,6.90
2010.07.06 17:59:13.981,0.83335,0.8335,3.20,2.90
2010.07.06 17:59:15.611,0.83335,0.8335,2.40,2.90
2010.07.06 17:59:19.572,0.83335,0.8335,1.60,2.90
2010.07.06 17:59:35.832,0.83335,0.8335,2.40,2.90
2010.07.06 17:59:36.440,0.83335,0.8335,3.20,1.30
2010.07.06 17:59:36.559,0.83335,0.8335,7.20,1.30
2010.07.06 17:59:36.679,0.83335,0.8335,7.20,1.00
2010.07.06 17:59:37.152,0.83335,0.8335,13.60,1.00
2010.07.06 17:59:37.274,0.8334,0.83355,1.60,2.90
2010.07.06 17:59:37.592,0.83335,0.83355,14.00,2.90
2010.07.06 17:59:37.912,0.83335,0.83355,13.60,2.90
2010.07.06 17:59:39.222,0.83335,0.83355,9.60,6.90
2010.07.06 17:59:39.554,0.83335,0.83355,13.60,2.90
2010.07.06 17:59:46.671,0.83335,0.83355,14.10,2.90
2010.07.06 17:59:46.920,0.83335,0.83355,13.60,2.90
2010.07.06 17:59:47.168,0.83335,0.8335,13.60,1.00
2010.07.06 17:59:51.324,0.83335,0.8335,3.20,2.90
2010.07.06 17:59:52.460,0.83335,0.8335,2.40,2.90
2010.07.06 17:59:59.149,0.83335,0.8335,1.60,2.90
