2010.02.24 21:00:00.206,0.87875,0.87905,19.40,10.50
2010.02.24 21:00:01.099,0.87875,0.87905,18.20,10.50
2010.02.24 21:00:02.500,0.87875,0.87905,19.00,10.70
2010.02.24 21:00:03.326,0.8788,0.87905,10.30,6.70
2010.02.24 21:00:03.531,0.8788,0.87905,11.40,4.90
2010.02.24 21:00:04.730,0.87885,0.87905,8.90,1.00
2010.02.24 21:00:08.101,0.87885,0.87905,4.10,4.90
2010.02.24 21:00:08.182,0.87885,0.87905,1.00,8.00
2010.02.24 21:00:08.259,0.87885,0.87905,1.00,12.00
2010.02.24 21:00:16.836,0.8788,0.879,8.90,1.00
2010.02.24 21:00:17.099,0.87875,0.879,13.00,2.50
2010.02.24 21:00:17.635,0.87875,0.879,13.00,6.50
2010.02.24 21:00:17.831,0.87875,0.879,13.80,2.50
2010.02.24 21:00:18.815,0.87875,0.879,13.80,6.50
2010.02.24 21:00:19.155,0.87875,0.879,13.80,2.50
2010.02.24 21:00:19.868,0.87875,0.879,13.80,6.50
2010.02.24 21:00:22.646,0.8788,0.879,4.90,2.50
2010.02.24 21:00:22.884,0.87875,0.879,13.00,6.50
2010.02.24 21:00:24.590,0.87875,0.879,13.00,2.50
2010.02.24 21:00:24.934,0.87875,0.879,13.00,6.50
2010.02.24 21:00:25.792,0.87875,0.879,13.00,2.50
2010.02.24 21:00:25.980,0.87875,0.879,13.00,6.50
2010.02.24 21:00:36.772,0.87885,0.879,1.00,4.80
2010.02.24 21:00:37.058,0.87875,0.879,12.00,1.60
2010.02.24 21:00:37.692,0.87875,0.879,12.00,5.60
2010.02.24 21:00:37.956,0.87875,0.879,12.00,1.60
2010.02.24 21:00:39.209,0.87875,0.879,12.00,1.60
2010.02.24 21:00:45.221,0.8788,0.879,9.10,1.60
2010.02.24 21:00:47.236,0.87875,0.879,12.00,1.60
2010.02.24 21:00:50.337,0.8788,0.879,1.10,1.60
2010.02.24 21:01:16.749,0.8788,0.879,2.70,1.00
2010.02.24 21:01:16.904,0.8788,0.879,5.10,1.00
2010.02.24 21:01:17.863,0.8788,0.879,5.50,1.00
2010.02.24 21:01:19.020,0.8789,0.87905,1.00,3.30
2010.02.24 21:01:19.370,0.87885,0.87905,2.50,2.50
2010.02.24 21:01:34.604,0.8789,0.87905,1.00,2.40
2010.02.24 21:01:37.206,0.87885,0.87905,2.50,2.50
2010.02.24 21:01:51.804,0.87885,0.87905,1.00,2.50
2010.02.24 21:01:53.188,0.87885,0.87905,1.00,4.10
2010.02.24 21:01:53.940,0.87875,0.879,18.60,1.00
2010.02.24 21:01:53.997,0.87875,0.879,17.40,1.00
2010.02.24 21:01:54.567,0.87875,0.879,13.80,2.50
2010.02.24 21:01:54.930,0.87875,0.87895,1.80,1.70
2010.02.24 21:01:55.285,0.8787,0.87895,15.30,1.70
2010.02.24 21:01:55.637,0.8787,0.87895,10.10,1.00
2010.02.24 21:01:56.781,0.8787,0.87895,10.10,1.00
2010.02.24 21:01:57.103,0.8787,0.879,17.80,4.30
2010.02.24 21:01:57.447,0.87875,0.87895,2.10,1.00
2010.02.24 21:01:58.362,0.8787,0.87895,21.00,1.00
2010.02.24 21:01:59.036,0.87875,0.87895,1.00,2.50
2010.02.24 21:02:00.228,0.87875,0.87895,1.10,2.40
2010.02.24 21:02:00.404,0.87875,0.87895,1.10,1.00
2010.02.24 21:02:00.574,0.8787,0.87895,9.00,2.50
2010.02.24 21:02:00.743,0.8787,0.87895,11.40,2.50
2010.02.24 21:02:04.284,0.8788,0.87895,1.00,2.40
2010.02.24 21:02:04.632,0.8787,0.87895,9.00,2.50
2010.02.24 21:02:05.510,0.8787,0.87895,11.40,2.50
2010.02.24 21:02:06.153,0.8787,0.87895,13.40,1.00
2010.02.24 21:02:07.822,0.87875,0.879,3.50,2.90
2010.02.24 21:02:08.535,0.87875,0.87895,3.30,1.00
2010.02.24 21:02:10.789,0.87875,0.87895,2.90,1.00
2010.02.24 21:02:14.166,0.87885,0.87895,1.00,1.00
2010.02.24 21:02:16.125,0.8787,0.87895,9.80,2.50
2010.02.24 21:02:20.556,0.87875,0.87895,1.00,3.70
2010.02.24 21:02:21.048,0.8787,0.87895,4.70,4.70
2010.02.24 21:02:33.500,0.87875,0.87895,1.00,8.70
2010.02.24 21:02:33.526,0.87875,0.87895,1.00,4.70
2010.02.24 21:02:35.157,0.8787,0.87895,4.70,5.10
2010.02.24 21:02:36.260,0.87865,0.8789,10.00,8.50
2010.02.24 21:02:36.557,0.8786,0.8789,8.90,8.50
2010.02.24 21:02:36.853,0.8786,0.87885,7.30,1.00
2010.02.24 21:02:37.146,0.8786,0.87885,7.30,2.40
2010.02.24 21:02:42.913,0.87865,0.87885,1.00,2.50
2010.02.24 21:02:43.133,0.87865,0.87885,1.00,2.90
2010.02.24 21:02:43.812,0.87865,0.87885,1.00,10.90
2010.02.24 21:02:43.977,0.87865,0.87885,1.00,11.70
2010.02.24 21:02:49.300,0.87865,0.87885,1.00,10.80
2010.02.24 21:02:50.174,0.87865,0.87885,4.90,1.00
2010.02.24 21:02:50.251,0.8786,0.87885,4.00,8.90
2010.02.24 21:02:50.604,0.8786,0.87885,2.00,12.90
2010.02.24 21:02:51.447,0.87865,0.87885,1.00,10.40
2010.02.24 21:02:57.937,0.8786,0.8788,1.00,2.50
2010.02.24 21:02:58.070,0.87855,0.8788,10.00,7.30
2010.02.24 21:02:58.216,0.87855,0.8788,4.80,11.70
2010.02.24 21:02:58.353,0.87855,0.8788,1.20,13.70
2010.02.24 21:02:58.622,0.87855,0.8788,1.00,13.70
2010.02.24 21:03:01.234,0.87855,0.87875,1.00,5.70
2010.02.24 21:03:01.582,0.8785,0.87875,2.00,4.10
2010.02.24 21:03:01.934,0.8785,0.87875,2.10,2.50
2010.02.24 21:03:02.281,0.8785,0.87875,2.10,3.70
2010.02.24 21:03:02.897,0.87855,0.87875,1.00,1.00
2010.02.24 21:03:03.104,0.87855,0.8788,1.00,5.70
2010.02.24 21:03:03.711,0.87855,0.87875,1.00,2.40
2010.02.24 21:03:09.187,0.87855,0.87875,1.00,2.50
2010.02.24 21:03:10.739,0.87855,0.8787,1.00,1.00
2010.02.24 21:03:11.360,0.8785,0.8787,2.40,1.00
2010.02.24 21:03:11.739,0.87855,0.87875,1.00,12.10
2010.02.24 21:03:12.506,0.87855,0.87875,1.00,11.30
2010.02.24 21:03:12.887,0.87855,0.87875,1.20,3.50
2010.02.24 21:03:13.071,0.87855,0.8787,1.00,1.00
2010.02.24 21:03:13.720,0.8785,0.8787,1.00,1.00
2010.02.24 21:03:13.908,0.8785,0.8787,1.00,2.50
2010.02.24 21:03:14.248,0.87855,0.87875,1.00,4.90
2010.02.24 21:03:15.067,0.87855,0.87875,1.00,5.10
2010.02.24 21:03:15.432,0.87855,0.8787,1.00,1.00
2010.02.24 21:03:19.051,0.87855,0.87875,1.30,2.70
2010.02.24 21:03:22.216,0.87855,0.87875,1.20,2.50
2010.02.24 21:03:24.093,0.87855,0.87875,1.20,1.00
2010.02.24 21:03:28.244,0.87855,0.87875,1.30,1.10
2010.02.24 21:03:28.769,0.87855,0.8787,1.00,1.00
2010.02.24 21:03:28.789,0.87855,0.8787,1.00,1.00
2010.02.24 21:03:29.485,0.8785,0.8787,1.00,1.00
2010.02.24 21:03:29.836,0.8785,0.8787,2.10,1.00
2010.02.24 21:03:30.480,0.8785,0.87875,6.50,2.30
2010.02.24 21:03:30.848,0.87855,0.87875,1.00,2.30
2010.02.24 21:03:32.960,0.8785,0.8787,1.00,1.00
2010.02.24 21:03:34.488,0.8785,0.8787,1.00,1.00
2010.02.24 21:03:37.676,0.87845,0.87865,21.30,1.00
2010.02.24 21:03:37.998,0.87855,0.87875,1.00,17.30
2010.02.24 21:03:38.167,0.87855,0.87875,1.10,2.50
2010.02.24 21:03:38.209,0.87855,0.8788,1.30,13.60
2010.02.24 21:03:38.752,0.87855,0.8788,2.50,11.60
2010.02.24 21:03:39.026,0.8786,0.87885,1.00,15.00
2010.02.24 21:03:39.306,0.8786,0.87885,1.00,15.00
2010.02.24 21:03:39.580,0.8786,0.87885,1.00,15.10
2010.02.24 21:03:51.074,0.87855,0.8787,6.30,1.00
2010.02.24 21:03:51.535,0.87855,0.8787,1.10,1.00
2010.02.24 21:03:55.793,0.87855,0.8787,1.00,1.00
2010.02.24 21:03:56.155,0.8785,0.8787,2.00,1.00
2010.02.24 21:04:03.162,0.8785,0.8787,2.10,1.00
2010.02.24 21:04:03.492,0.87855,0.8787,2.00,1.00
2010.02.24 21:04:03.615,0.87855,0.87875,2.10,1.70
2010.02.24 21:04:03.967,0.87855,0.87865,1.00,1.00
2010.02.24 21:04:04.691,0.8785,0.87875,2.40,13.10
2010.02.24 21:04:04.816,0.8785,0.8787,1.20,1.00
2010.02.24 21:04:05.173,0.8785,0.8787,1.00,1.50
2010.02.24 21:04:08.179,0.87845,0.8787,3.30,2.30
2010.02.24 21:04:08.338,0.87845,0.8787,2.80,2.30
2010.02.24 21:04:19.640,0.87845,0.8787,2.70,1.00
2010.02.24 21:04:20.014,0.8785,0.8787,1.00,1.00
2010.02.24 21:04:29.086,0.8785,0.8787,1.00,1.00
2010.02.24 21:04:29.204,0.8785,0.8787,1.00,1.00
2010.02.24 21:04:31.494,0.8785,0.8787,1.00,1.00
2010.02.24 21:04:37.625,0.8785,0.87865,1.00,1.00
2010.02.24 21:04:37.944,0.8785,0.87875,1.00,18.70
2010.02.24 21:04:42.523,0.8785,0.8787,1.00,1.00
2010.02.24 21:04:44.326,0.87845,0.87865,2.30,1.00
2010.02.24 21:04:44.553,0.87845,0.8787,1.30,3.60
2010.02.24 21:04:48.708,0.8785,0.8787,1.00,1.20
2010.02.24 21:04:48.991,0.8785,0.8787,1.00,1.00
2010.02.24 21:05:04.448,0.87845,0.87865,8.80,1.00
2010.02.24 21:05:04.987,0.87845,0.8787,12.80,4.10
2010.02.24 21:05:05.594,0.8785,0.8787,1.00,2.40
2010.02.24 21:05:05.999,0.8785,0.87875,1.00,9.70
2010.02.24 21:05:06.347,0.8785,0.87875,1.00,9.70
2010.02.24 21:05:07.205,0.87845,0.8787,1.30,4.00
2010.02.24 21:05:08.051,0.87845,0.8787,1.10,4.10
2010.02.24 21:05:16.624,0.87845,0.87865,1.10,1.00
2010.02.24 21:05:17.829,0.87845,0.8787,1.30,12.90
2010.02.24 21:05:18.453,0.87845,0.8787,1.80,3.00
2010.02.24 21:05:18.552,0.87845,0.8787,2.80,2.50
2010.02.24 21:05:19.796,0.87845,0.8787,2.30,2.50
2010.02.24 21:05:24.493,0.87845,0.87865,2.10,1.00
2010.02.24 21:05:24.786,0.87845,0.8787,2.30,3.00
2010.02.24 21:05:27.448,0.87845,0.8787,1.10,4.60
2010.02.24 21:06:00.691,0.87845,0.87865,0.10,2.00
2010.02.24 21:06:00.919,0.87845,0.8786,2.60,3.10
2010.02.24 21:06:01.148,0.87845,0.8787,2.80,4.40
2010.02.24 21:06:01.367,0.87845,0.87875,2.80,19.80
2010.02.24 21:06:01.585,0.87845,0.87875,2.80,14.20
2010.02.24 21:06:01.803,0.87845,0.87875,2.80,15.80
2010.02.24 21:06:03.225,0.8785,0.87875,2.10,7.50
2010.02.24 21:06:04.964,0.8785,0.87875,2.00,3.90
2010.02.24 21:06:05.336,0.87845,0.8787,9.30,8.30
2010.02.24 21:06:11.684,0.8785,0.87865,1.00,1.00
2010.02.24 21:06:12.037,0.8785,0.87875,1.00,14.60
2010.02.24 21:06:12.594,0.8785,0.87875,1.00,10.70
2010.02.24 21:06:12.950,0.8785,0.87875,1.00,15.40
2010.02.24 21:06:17.710,0.8785,0.8787,1.00,1.00
2010.02.24 21:06:18.070,0.8785,0.8787,1.00,1.00
2010.02.24 21:06:20.754,0.87845,0.87865,2.80,1.00
2010.02.24 21:06:21.366,0.8785,0.87875,1.00,16.20
2010.02.24 21:06:22.186,0.8785,0.87875,2.10,1.90
2010.02.24 21:06:22.539,0.8785,0.87875,1.00,12.70
2010.02.24 21:06:24.405,0.8785,0.8787,2.10,1.00
2010.02.24 21:06:26.326,0.8785,0.8787,1.00,1.00
2010.02.24 21:06:30.774,0.87845,0.87865,1.10,1.00
2010.02.24 21:06:31.802,0.87845,0.87875,2.80,20.10
2010.02.24 21:06:32.455,0.87845,0.87875,12.80,12.90
2010.02.24 21:06:32.666,0.87845,0.87875,13.80,12.10
2010.02.24 21:06:33.938,0.87845,0.8787,3.60,1.70
2010.02.24 21:06:34.121,0.87845,0.8787,2.60,1.70
2010.02.24 21:06:36.230,0.8785,0.8787,1.00,1.00
2010.02.24 21:06:38.128,0.8785,0.8787,1.00,1.00
2010.02.24 21:06:38.670,0.8785,0.87875,2.00,10.90
2010.02.24 21:06:40.707,0.87855,0.87875,1.00,10.90
2010.02.24 21:06:41.025,0.8785,0.87875,2.00,10.90
2010.02.24 21:06:57.355,0.8785,0.87875,2.10,1.70
2010.02.24 21:06:57.711,0.8785,0.87875,1.00,2.10
2010.02.24 21:06:58.557,0.8785,0.8787,1.00,1.00
2010.02.24 21:07:15.836,0.8785,0.8787,1.00,1.70
2010.02.24 21:07:16.035,0.8785,0.8787,1.00,1.00
2010.02.24 21:07:16.248,0.8785,0.8787,1.00,1.00
2010.02.24 21:07:17.802,0.8785,0.8787,2.10,1.00
2010.02.24 21:07:17.980,0.8785,0.87875,2.10,15.70
2010.02.24 21:07:18.135,0.8785,0.87875,2.10,16.40
2010.02.24 21:07:18.964,0.87855,0.87875,1.00,16.20
2010.02.24 21:07:19.269,0.87855,0.87875,1.00,2.40
2010.02.24 21:07:19.559,0.87855,0.8788,2.00,6.20
2010.02.24 21:07:19.864,0.87855,0.8788,2.00,9.80
2010.02.24 21:07:20.159,0.87855,0.87875,1.00,2.40
2010.02.24 21:07:20.508,0.87855,0.87875,2.00,1.60
2010.02.24 21:07:21.088,0.87855,0.87875,1.00,2.40
2010.02.24 21:07:21.316,0.8785,0.87875,8.50,3.40
2010.02.24 21:07:21.541,0.87855,0.87875,1.00,3.60
2010.02.24 21:07:21.768,0.8785,0.87875,8.90,3.60
2010.02.24 21:07:21.983,0.8785,0.87875,3.70,3.60
2010.02.24 21:07:22.205,0.8785,0.87875,3.30,3.60
2010.02.24 21:07:24.142,0.8785,0.8787,2.10,1.00
2010.02.24 21:07:24.308,0.8785,0.8787,2.00,2.40
2010.02.24 21:07:24.494,0.8785,0.8787,2.40,1.60
2010.02.24 21:07:24.525,0.8785,0.87875,2.40,13.20
2010.02.24 21:07:24.867,0.8785,0.8787,1.00,2.40
2010.02.24 21:07:25.545,0.87845,0.8787,2.80,3.00
2010.02.24 21:07:26.400,0.8785,0.8787,1.00,2.40
2010.02.24 21:07:26.723,0.87845,0.8787,3.30,2.40
2010.02.24 21:07:27.015,0.8785,0.8787,1.00,3.00
2010.02.24 21:07:27.305,0.8785,0.8787,1.00,2.40
2010.02.24 21:07:28.173,0.8785,0.87875,2.00,13.30
2010.02.24 21:07:28.736,0.8785,0.87875,2.00,14.90
2010.02.24 21:07:35.824,0.8785,0.8787,1.00,1.70
2010.02.24 21:08:26.527,0.8785,0.8787,1.00,2.50
2010.02.24 21:08:27.140,0.87845,0.87865,9.80,1.60
2010.02.24 21:08:27.433,0.87845,0.8787,9.30,13.40
2010.02.24 21:08:27.704,0.8785,0.87875,2.00,15.50
2010.02.24 21:08:27.982,0.8785,0.8788,2.00,18.60
2010.02.24 21:08:34.566,0.8785,0.87875,2.00,9.70
2010.02.24 21:08:34.684,0.87855,0.87875,2.00,10.40
2010.02.24 21:08:34.747,0.87855,0.87875,2.00,9.60
2010.02.24 21:08:35.784,0.87855,0.87875,1.00,10.40
2010.02.24 21:08:45.823,0.87855,0.87875,1.00,6.40
2010.02.24 21:08:46.142,0.8785,0.87875,2.40,2.40
2010.02.24 21:09:07.728,0.87855,0.8787,1.00,4.00
2010.02.24 21:09:15.719,0.87855,0.8787,1.00,6.20
2010.02.24 21:09:16.023,0.8785,0.8787,2.00,4.00
2010.02.24 21:09:16.837,0.8785,0.8787,2.00,8.00
2010.02.24 21:09:22.686,0.8785,0.8787,2.00,9.60
2010.02.24 21:09:23.041,0.8785,0.8787,1.00,10.40
2010.02.24 21:09:23.386,0.8785,0.8787,1.00,6.40
2010.02.24 21:09:23.734,0.8785,0.8787,1.00,10.40
2010.02.24 21:09:31.747,0.8785,0.8787,1.00,7.20
2010.02.24 21:09:32.025,0.8785,0.8787,2.00,8.00
2010.02.24 21:09:44.099,0.8785,0.8787,2.10,8.00
2010.02.24 21:09:44.403,0.8785,0.87875,2.00,4.80
2010.02.24 21:09:44.975,0.8785,0.8787,2.00,4.00
2010.02.24 21:09:45.326,0.8785,0.8787,2.00,10.40
2010.02.24 21:09:46.688,0.8785,0.8787,1.00,10.40
2010.02.24 21:09:47.031,0.8785,0.8787,1.00,12.00
2010.02.24 21:09:47.383,0.87845,0.87865,1.10,8.10
2010.02.24 21:09:47.731,0.87845,0.8787,1.10,14.10
2010.02.24 21:09:55.140,0.87845,0.8787,2.80,11.20
2010.02.24 21:09:55.278,0.87845,0.8787,2.80,11.60
2010.02.24 21:09:57.330,0.87845,0.87865,2.60,4.10
2010.02.24 21:10:00.341,0.87845,0.87865,2.80,4.10
2010.02.24 21:10:01.194,0.87845,0.87865,2.80,1.00
2010.02.24 21:10:01.539,0.8785,0.87865,1.00,1.00
2010.02.24 21:10:01.881,0.87845,0.87865,9.30,4.50
2010.02.24 21:10:02.224,0.87845,0.87865,2.80,1.00
2010.02.24 21:10:03.191,0.87845,0.87865,2.80,4.10
2010.02.24 21:10:03.793,0.87845,0.87865,2.60,4.10
2010.02.24 21:10:04.050,0.8785,0.87865,1.00,4.00
2010.02.24 21:10:04.314,0.8785,0.87875,1.00,14.30
2010.02.24 21:10:05.840,0.8785,0.87875,1.00,15.10
2010.02.24 21:10:06.184,0.8785,0.87875,2.00,13.90
2010.02.24 21:10:06.359,0.87855,0.87875,2.00,12.30
2010.02.24 21:10:06.547,0.87865,0.87875,1.00,8.00
2010.02.24 21:10:07.457,0.87865,0.87885,1.00,8.50
2010.02.24 21:10:07.819,0.87855,0.8788,8.80,4.90
2010.02.24 21:10:08.378,0.87855,0.87875,1.00,2.40
2010.02.24 21:10:08.735,0.87855,0.87875,1.00,6.40
2010.02.24 21:10:09.092,0.87855,0.87875,1.00,2.40
2010.02.24 21:10:09.979,0.87855,0.87875,1.00,6.40
2010.02.24 21:10:10.341,0.87855,0.87875,1.00,12.50
2010.02.24 21:10:11.192,0.87855,0.8787,1.00,4.00
2010.02.24 21:10:13.345,0.87855,0.8787,1.00,8.80
2010.02.24 21:10:13.724,0.87855,0.8787,1.00,1.00
2010.02.24 21:10:13.784,0.87855,0.8787,1.00,4.10
2010.02.24 21:10:13.834,0.87855,0.8787,1.00,4.90
2010.02.24 21:10:14.389,0.87855,0.8787,1.00,6.50
2010.02.24 21:10:14.471,0.87855,0.8787,1.00,4.00
2010.02.24 21:10:18.925,0.87855,0.8787,1.00,8.00
2010.02.24 21:10:19.538,0.87855,0.8787,1.00,4.00
2010.02.24 21:10:19.612,0.8785,0.87875,2.40,13.30
2010.02.24 21:10:22.013,0.8785,0.8787,1.00,2.50
2010.02.24 21:10:22.362,0.8785,0.8787,1.00,10.50
2010.02.24 21:10:22.711,0.87845,0.8787,9.80,11.30
2010.02.24 21:10:23.062,0.87845,0.8787,2.80,11.30
2010.02.24 21:10:23.871,0.87845,0.8787,9.30,11.30
2010.02.24 21:10:25.488,0.87845,0.8787,7.80,12.50
2010.02.24 21:10:25.842,0.87845,0.87865,2.60,10.50
2010.02.24 21:10:26.196,0.87845,0.8787,1.10,13.80
2010.02.24 21:10:26.543,0.87845,0.8787,1.10,16.60
2010.02.24 21:10:26.894,0.87845,0.87865,1.10,12.50
2010.02.24 21:10:30.580,0.87845,0.8786,6.30,1.00
2010.02.24 21:10:31.110,0.87845,0.87865,2.80,1.60
2010.02.24 21:10:31.385,0.87845,0.8787,1.10,13.80
2010.02.24 21:10:31.665,0.87845,0.8787,1.10,13.80
2010.02.24 21:10:31.939,0.87845,0.8787,2.60,12.60
2010.02.24 21:10:34.565,0.87845,0.8787,2.60,12.60
2010.02.24 21:10:34.728,0.87845,0.8787,2.60,12.50
2010.02.24 21:10:34.900,0.87845,0.8787,2.80,11.60
2010.02.24 21:10:35.063,0.87845,0.8787,7.80,7.20
2010.02.24 21:10:35.229,0.87845,0.87875,12.80,6.10
2010.02.24 21:10:35.399,0.87845,0.87875,12.60,6.90
2010.02.24 21:10:35.571,0.87845,0.87865,11.10,1.70
2010.02.24 21:10:36.135,0.87845,0.87865,1.10,1.70
2010.02.24 21:10:36.483,0.87845,0.87865,2.60,10.50
2010.02.24 21:10:37.376,0.87845,0.87865,2.60,11.30
2010.02.24 21:10:37.588,0.87845,0.87865,0.10,13.30
2010.02.24 21:10:37.801,0.87845,0.8786,0.10,9.60
2010.02.24 21:10:38.463,0.87845,0.87865,0.10,14.40
2010.02.24 21:10:38.812,0.87845,0.8786,0.10,12.70
2010.02.24 21:10:40.613,0.87845,0.87855,0.10,7.90
2010.02.24 21:10:41.798,0.87845,0.8786,0.10,20.90
2010.02.24 21:10:42.157,0.87845,0.87855,0.10,4.10
2010.02.24 21:10:42.513,0.87835,0.8786,1.00,16.60
2010.02.24 21:10:43.095,0.87835,0.87855,1.00,1.00
2010.02.24 21:10:45.528,0.87835,0.8786,1.00,13.80
2010.02.24 21:10:46.053,0.87835,0.8786,1.00,13.80
2010.02.24 21:10:46.419,0.87835,0.8786,1.00,15.00
2010.02.24 21:10:46.765,0.87835,0.8786,1.00,14.20
2010.02.24 21:10:48.920,0.8783,0.87855,1.00,10.10
2010.02.24 21:10:49.116,0.8783,0.87855,1.00,12.40
2010.02.24 21:10:51.761,0.8783,0.87855,1.00,13.10
2010.02.24 21:11:01.165,0.8783,0.8785,1.00,1.00
2010.02.24 21:11:01.489,0.8783,0.87855,1.00,12.20
2010.02.24 21:11:03.759,0.87825,0.87845,10.40,1.10
2010.02.24 21:11:03.958,0.8783,0.87855,2.00,10.70
2010.02.24 21:11:04.800,0.87825,0.87845,1.00,1.00
2010.02.24 21:11:04.964,0.87825,0.87845,1.00,1.00
2010.02.24 21:11:05.580,0.87825,0.8785,7.20,10.90
2010.02.24 21:11:05.742,0.87825,0.87845,7.30,1.00
2010.02.24 21:11:06.095,0.87825,0.87845,1.00,1.00
2010.02.24 21:11:07.558,0.87825,0.87845,1.00,1.00
2010.02.24 21:11:08.120,0.8783,0.8785,1.00,2.10
2010.02.24 21:11:08.919,0.8783,0.87855,1.00,15.80
2010.02.24 21:11:09.502,0.8783,0.87855,1.00,10.60
2010.02.24 21:11:09.712,0.8783,0.87855,1.00,13.70
2010.02.24 21:11:11.431,0.87835,0.8786,1.00,22.50
2010.02.24 21:11:11.731,0.87835,0.8786,1.00,7.30
2010.02.24 21:11:12.062,0.8783,0.87865,1.10,22.00
2010.02.24 21:11:20.615,0.8784,0.87855,1.00,2.00
2010.02.24 21:11:20.792,0.87835,0.87865,3.50,21.00
2010.02.24 21:11:20.969,0.87835,0.87865,2.30,15.40
2010.02.24 21:11:21.137,0.87835,0.87865,2.30,16.60
2010.02.24 21:11:47.667,0.8784,0.8786,1.00,1.00
2010.02.24 21:11:51.916,0.8784,0.87855,1.00,1.00
2010.02.24 21:11:52.131,0.87835,0.8786,1.00,3.80
2010.02.24 21:11:56.292,0.87835,0.87855,1.00,2.10
2010.02.24 21:11:56.544,0.87835,0.87855,1.00,2.10
2010.02.24 21:12:00.046,0.87835,0.87855,1.00,1.00
2010.02.24 21:12:00.835,0.87835,0.87855,1.00,1.00
2010.02.24 21:12:01.179,0.8783,0.87855,12.00,1.00
2010.02.24 21:12:03.259,0.8784,0.87865,1.00,17.70
2010.02.24 21:12:03.446,0.8784,0.87865,1.10,12.20
2010.02.24 21:12:06.395,0.8784,0.8786,1.00,1.00
2010.02.24 21:12:10.832,0.8784,0.8786,1.00,2.10
2010.02.24 21:12:11.389,0.8784,0.8786,2.30,1.00
2010.02.24 21:12:11.740,0.87835,0.87855,7.10,1.00
2010.02.24 21:12:12.086,0.87835,0.8786,3.10,2.30
2010.02.24 21:12:15.811,0.8784,0.87855,1.00,1.00
2010.02.24 21:12:22.414,0.87835,0.87855,2.30,1.00
2010.02.24 21:12:24.351,0.8784,0.87865,1.00,11.70
2010.02.24 21:12:24.532,0.8784,0.87865,1.00,6.50
2010.02.24 21:12:24.717,0.87845,0.87865,1.00,5.60
2010.02.24 21:12:24.968,0.87845,0.87865,1.00,1.00
2010.02.24 21:12:27.883,0.8785,0.8787,1.00,6.90
2010.02.24 21:12:28.056,0.87855,0.87875,1.00,3.30
2010.02.24 21:12:28.230,0.87855,0.87875,1.00,3.60
2010.02.24 21:12:28.740,0.87855,0.87875,1.00,2.00
2010.02.24 21:12:29.365,0.8785,0.87875,7.70,2.50
2010.02.24 21:12:29.721,0.87845,0.8787,14.00,4.50
2010.02.24 21:12:30.644,0.87845,0.8786,1.20,1.00
2010.02.24 21:12:31.002,0.8784,0.8786,2.90,1.00
2010.02.24 21:12:33.614,0.8784,0.8786,3.10,1.00
2010.02.24 21:12:34.155,0.8784,0.8786,2.90,1.00
2010.02.24 21:12:35.009,0.8784,0.8786,2.10,1.00
2010.02.24 21:12:45.476,0.87835,0.87855,13.50,1.70
2010.02.24 21:12:46.034,0.8784,0.8786,1.00,5.20
2010.02.24 21:12:46.313,0.87845,0.87865,1.00,11.30
2010.02.24 21:13:31.474,0.87845,0.87865,1.00,3.20
2010.02.24 21:13:32.010,0.87845,0.87865,2.10,3.20
2010.02.24 21:13:32.352,0.87845,0.87865,7.60,1.70
2010.02.24 21:13:32.699,0.87845,0.87865,3.60,1.70
2010.02.24 21:13:33.424,0.87845,0.87865,2.00,1.70
2010.02.24 21:13:34.848,0.87845,0.87865,3.60,1.70
2010.02.24 21:13:39.121,0.8784,0.8786,16.40,2.90
2010.02.24 21:13:39.402,0.8784,0.87855,13.20,1.70
2010.02.24 21:13:40.020,0.8784,0.8786,14.00,6.20
2010.02.24 21:13:40.151,0.87835,0.8786,7.60,13.40
2010.02.24 21:13:40.272,0.87835,0.8786,5.20,5.30
2010.02.24 21:13:40.848,0.87835,0.8786,5.20,13.20
2010.02.24 21:13:41.209,0.8784,0.8786,1.00,10.80
2010.02.24 21:13:42.066,0.87835,0.8786,14.90,4.40
2010.02.24 21:13:42.381,0.87835,0.8786,13.30,4.40
2010.02.24 21:13:43.446,0.8784,0.87865,1.60,12.90
2010.02.24 21:13:43.747,0.87835,0.87865,13.30,12.90
2010.02.24 21:13:44.067,0.8784,0.87865,1.00,12.90
2010.02.24 21:13:44.890,0.8784,0.8786,4.90,2.40
2010.02.24 21:13:45.071,0.8784,0.8786,4.80,2.40
2010.02.24 21:13:45.254,0.87835,0.8786,4.10,2.40
2010.02.24 21:13:45.866,0.87835,0.87855,3.60,1.60
2010.02.24 21:13:46.219,0.87835,0.87865,6.40,20.90
2010.02.24 21:13:46.572,0.8784,0.87865,4.80,11.60
2010.02.24 21:13:47.235,0.8784,0.87865,1.00,6.00
2010.02.24 21:13:47.535,0.8784,0.87865,2.00,6.20
2010.02.24 21:13:48.795,0.8784,0.87865,3.60,4.00
2010.02.24 21:13:49.905,0.8784,0.8786,2.00,1.60
2010.02.24 21:13:51.572,0.8784,0.8786,14.40,1.60
2010.02.24 21:13:51.767,0.8784,0.8786,14.50,1.60
2010.02.24 21:13:52.689,0.8784,0.8786,7.60,1.60
2010.02.24 21:13:53.034,0.8784,0.8786,2.00,1.60
2010.02.24 21:13:55.029,0.8784,0.8786,1.00,2.40
2010.02.24 21:13:57.858,0.8784,0.8786,2.00,1.60
2010.02.24 21:14:00.111,0.8784,0.8786,3.60,1.60
2010.02.24 21:14:00.711,0.8784,0.87865,5.20,4.00
2010.02.24 21:14:01.724,0.8784,0.87865,5.20,4.10
2010.02.24 21:14:01.917,0.8784,0.8786,4.00,2.40
2010.02.24 21:14:06.562,0.8784,0.87865,5.20,5.60
2010.02.24 21:14:07.450,0.87845,0.87865,1.60,4.00
2010.02.24 21:14:11.373,0.87845,0.87865,3.20,2.40
2010.02.24 21:14:23.262,0.8785,0.87865,1.60,1.00
2010.02.24 21:14:24.484,0.87845,0.87865,3.30,1.00
2010.02.24 21:14:24.668,0.87845,0.87865,3.20,2.40
2010.02.24 21:14:29.866,0.87845,0.8786,3.20,1.00
2010.02.24 21:14:33.491,0.87845,0.8786,1.60,2.50
2010.02.24 21:14:33.853,0.8784,0.87855,3.20,1.00
2010.02.24 21:14:37.083,0.8784,0.8786,1.60,4.10
2010.02.24 21:14:37.269,0.87835,0.8786,4.00,6.50
2010.02.24 21:14:37.790,0.87835,0.87855,4.00,2.40
2010.02.24 21:15:00.130,0.87835,0.87855,4.00,1.00
2010.02.24 21:15:00.302,0.87835,0.87855,12.10,1.00
2010.02.24 21:15:00.392,0.8784,0.87855,1.60,1.00
2010.02.24 21:15:00.468,0.8784,0.8786,1.60,4.10
2010.02.24 21:15:16.160,0.87835,0.8786,13.30,4.10
2010.02.24 21:15:20.804,0.87835,0.87855,13.30,1.60
2010.02.24 21:15:21.095,0.87835,0.8786,11.70,4.10
2010.02.24 21:15:22.039,0.87835,0.8786,3.70,4.10
2010.02.24 21:15:36.710,0.87835,0.87855,5.30,1.60
2010.02.24 21:15:41.990,0.87835,0.87855,5.20,1.60
2010.02.24 21:15:42.581,0.87835,0.87855,13.30,1.60
2010.02.24 21:15:42.927,0.87835,0.87855,5.30,1.60
2010.02.24 21:15:45.822,0.87845,0.87855,2.00,1.60
2010.02.24 21:15:45.995,0.87845,0.8787,1.60,19.30
2010.02.24 21:15:46.172,0.8784,0.87865,4.10,5.20
2010.02.24 21:15:46.514,0.8784,0.8787,5.20,23.40
2010.02.24 21:15:47.192,0.87845,0.8787,3.20,22.10
2010.02.24 21:15:48.859,0.8784,0.87865,3.60,4.10
2010.02.24 21:15:49.220,0.8784,0.87855,1.00,1.70
2010.02.24 21:15:49.817,0.87835,0.87855,4.80,1.70
2010.02.24 21:15:49.910,0.87835,0.87855,4.40,1.70
2010.02.24 21:15:49.992,0.8784,0.87855,1.00,1.70
2010.02.24 21:15:50.665,0.8784,0.87855,1.00,1.60
2010.02.24 21:15:50.973,0.87835,0.87855,2.40,2.40
2010.02.24 21:15:51.275,0.87835,0.8786,4.00,11.30
2010.02.24 21:15:52.135,0.87835,0.8786,2.40,7.30
2010.02.24 21:15:52.488,0.87835,0.8786,8.00,7.30
2010.02.24 21:15:53.592,0.87835,0.8786,4.00,7.30
2010.02.24 21:15:54.279,0.87835,0.8786,8.00,7.30
2010.02.24 21:15:56.112,0.87835,0.87855,6.40,2.40
2010.02.24 21:15:56.328,0.87835,0.8786,2.40,7.30
2010.02.24 21:15:58.105,0.87835,0.8786,9.20,5.20
2010.02.24 21:15:58.463,0.87835,0.87865,9.60,10.10
2010.02.24 21:15:59.265,0.87835,0.87855,9.20,1.60
2010.02.24 21:15:59.369,0.87835,0.8786,12.50,2.40
2010.02.24 21:16:00.941,0.87835,0.8786,14.10,2.40
2010.02.24 21:16:01.303,0.87835,0.8786,22.10,2.40
2010.02.24 21:16:01.656,0.8784,0.8786,1.00,6.50
2010.02.24 21:16:02.207,0.8784,0.8786,1.00,3.30
2010.02.24 21:16:02.557,0.87835,0.8786,2.80,10.50
2010.02.24 21:16:02.916,0.87835,0.87855,2.80,1.60
2010.02.24 21:16:03.279,0.87835,0.8786,2.00,14.20
2010.02.24 21:16:04.429,0.87835,0.8786,5.20,4.90
2010.02.24 21:16:07.973,0.87835,0.8786,14.10,3.20
2010.02.24 21:16:08.168,0.87835,0.8786,14.90,2.40
2010.02.24 21:16:08.946,0.8784,0.8786,1.00,2.40
2010.02.24 21:16:11.495,0.8784,0.8786,2.40,1.00
2010.02.24 21:16:12.983,0.8784,0.8786,2.40,2.40
2010.02.24 21:16:13.674,0.8784,0.8786,1.00,2.40
2010.02.24 21:16:14.368,0.8784,0.8786,2.40,1.00
2010.02.24 21:16:15.310,0.8784,0.8786,1.60,2.40
2010.02.24 21:16:16.289,0.87835,0.8786,10.50,2.40
2010.02.24 21:16:16.985,0.87835,0.87855,7.70,1.00
2010.02.24 21:16:18.531,0.8784,0.8786,1.60,4.00
2010.02.24 21:16:18.903,0.8784,0.87865,2.40,15.40
2010.02.24 21:16:20.403,0.8784,0.87865,1.60,15.40
2010.02.24 21:16:20.977,0.8784,0.87855,1.60,1.00
2010.02.24 21:16:21.179,0.87835,0.87855,6.90,1.70
2010.02.24 21:16:21.615,0.87835,0.87855,8.10,1.70
2010.02.24 21:16:21.817,0.8784,0.8786,2.00,5.60
2010.02.24 21:16:22.019,0.8784,0.8786,2.00,1.60
2010.02.24 21:16:22.368,0.8784,0.8786,2.40,2.40
2010.02.24 21:16:23.493,0.8784,0.87855,2.00,1.60
2010.02.24 21:16:23.798,0.8784,0.8786,1.00,3.70
2010.02.24 21:16:25.219,0.87835,0.8786,2.40,14.20
2010.02.24 21:16:25.486,0.87835,0.8786,2.00,14.20
2010.02.24 21:16:27.074,0.8783,0.87855,3.20,16.20
2010.02.24 21:16:27.288,0.8783,0.8785,3.20,2.50
2010.02.24 21:16:27.504,0.8783,0.87855,1.60,15.40
2010.02.24 21:16:28.709,0.87835,0.87855,1.00,17.70
2010.02.24 21:16:29.067,0.8783,0.87855,3.60,2.50
2010.02.24 21:16:29.541,0.87835,0.87855,1.00,1.80
2010.02.24 21:16:34.669,0.8783,0.8785,5.60,1.70
2010.02.24 21:16:35.301,0.87835,0.87855,1.00,3.60
2010.02.24 21:16:39.018,0.87835,0.87855,1.00,10.40
2010.02.24 21:16:39.770,0.87835,0.87855,1.00,6.40
2010.02.24 21:16:39.869,0.87835,0.87855,4.00,6.40
2010.02.24 21:16:40.107,0.87835,0.87855,4.00,6.40
2010.02.24 21:16:40.300,0.87835,0.87855,4.10,6.40
2010.02.24 21:16:40.486,0.87835,0.87855,4.10,2.40
2010.02.24 21:16:50.570,0.87835,0.87855,4.10,6.40
2010.02.24 21:16:50.880,0.87835,0.87845,3.20,1.00
2010.02.24 21:16:51.432,0.8783,0.8785,6.80,1.10
2010.02.24 21:16:51.689,0.8783,0.8785,2.40,3.10
2010.02.24 21:16:52.199,0.87835,0.8786,1.00,18.20
2010.02.24 21:16:52.455,0.87835,0.8786,1.00,18.20
2010.02.24 21:16:55.174,0.87835,0.8786,1.00,17.00
2010.02.24 21:16:55.811,0.87835,0.87855,2.40,10.50
2010.02.24 21:16:57.513,0.87835,0.87855,4.00,2.40
2010.02.24 21:17:01.238,0.87835,0.87845,3.20,1.00
2010.02.24 21:17:01.554,0.8783,0.8785,2.40,6.60
2010.02.24 21:17:01.869,0.8783,0.8785,1.60,6.60
2010.02.24 21:17:07.854,0.87835,0.8785,1.00,1.00
2010.02.24 21:17:08.122,0.87835,0.8786,2.40,13.30
2010.02.24 21:17:08.433,0.87835,0.8786,4.00,13.70
2010.02.24 21:17:14.318,0.8784,0.8786,2.40,10.90
2010.02.24 21:17:14.467,0.8784,0.8786,2.40,10.50
2010.02.24 21:17:14.618,0.8784,0.8786,1.60,10.50
2010.02.24 21:17:16.429,0.87835,0.8786,5.20,10.50
2010.02.24 21:17:16.971,0.8784,0.8786,1.60,10.50
2010.02.24 21:17:20.892,0.87835,0.8786,5.20,10.50
2010.02.24 21:17:20.953,0.8783,0.87855,9.30,1.60
2010.02.24 21:17:21.354,0.8784,0.87865,1.60,21.40
2010.02.24 21:17:25.444,0.8784,0.8786,3.20,10.50
2010.02.24 21:17:25.613,0.8784,0.8786,4.40,8.90
2010.02.24 21:17:26.177,0.8784,0.8786,4.40,4.80
2010.02.24 21:17:26.507,0.87845,0.8785,1.60,5.60
2010.02.24 21:17:26.829,0.87845,0.87865,1.60,5.30
2010.02.24 21:17:27.160,0.87845,0.87865,1.60,4.10
2010.02.24 21:17:27.486,0.87845,0.8787,1.60,22.60
2010.02.24 21:17:28.339,0.87845,0.8787,1.60,24.20
2010.02.24 21:17:30.053,0.87845,0.87875,3.20,26.30
2010.02.24 21:17:33.490,0.8784,0.8786,5.30,1.60
2010.02.24 21:17:39.300,0.8784,0.8786,6.90,1.60
2010.02.24 21:17:39.642,0.87845,0.87865,1.60,2.50
2010.02.24 21:17:39.990,0.8784,0.87865,5.30,2.50
2010.02.24 21:17:40.180,0.8784,0.8786,5.30,1.60
2010.02.24 21:17:44.830,0.8784,0.8786,6.10,1.60
2010.02.24 21:17:44.940,0.87845,0.8786,1.60,1.60
2010.02.24 21:17:45.054,0.8784,0.8786,5.30,1.60
2010.02.24 21:17:46.455,0.87845,0.87865,1.00,2.40
2010.02.24 21:17:46.645,0.87845,0.87865,1.00,1.60
2010.02.24 21:17:46.844,0.87845,0.87865,2.50,1.60
2010.02.24 21:17:47.585,0.8784,0.8786,5.30,1.70
2010.02.24 21:17:48.861,0.87845,0.87865,1.00,2.40
2010.02.24 21:17:49.146,0.87845,0.87865,4.10,2.40
2010.02.24 21:17:51.644,0.87845,0.87865,4.10,1.00
2010.02.24 21:17:51.816,0.8785,0.8787,1.00,2.40
2010.02.24 21:17:57.798,0.8785,0.8787,1.00,3.60
2010.02.24 21:17:58.585,0.87845,0.87865,10.10,1.60
2010.02.24 21:17:58.932,0.87845,0.87865,4.80,1.60
2010.02.24 21:17:59.137,0.8784,0.87865,14.40,3.60
2010.02.24 21:17:59.826,0.8784,0.8786,5.70,1.70
2010.02.24 21:18:00.022,0.8784,0.8786,4.10,2.50
2010.02.24 21:18:01.319,0.87845,0.8786,1.60,1.00
2010.02.24 21:18:02.146,0.87845,0.87865,1.60,3.70
2010.02.24 21:18:03.050,0.87845,0.8786,1.60,1.00
2010.02.24 21:18:03.344,0.8784,0.8786,7.20,2.40
2010.02.24 21:18:04.056,0.8784,0.8786,3.20,2.50
2010.02.24 21:18:04.317,0.8784,0.8786,1.60,2.40
2010.02.24 21:18:05.096,0.87835,0.8786,6.40,3.60
2010.02.24 21:18:05.359,0.87835,0.8786,6.40,2.40
2010.02.24 21:18:06.287,0.8784,0.8786,1.60,2.40
2010.02.24 21:18:06.643,0.87835,0.87855,3.20,1.00
2010.02.24 21:18:22.252,0.87835,0.87855,3.20,2.40
2010.02.24 21:18:22.729,0.87835,0.87855,3.30,1.00
2010.02.24 21:18:23.030,0.87835,0.87855,3.20,2.40
2010.02.24 21:18:25.069,0.87835,0.87855,3.20,11.70
2010.02.24 21:18:28.462,0.87835,0.87855,3.20,6.40
2010.02.24 21:18:28.622,0.87835,0.87855,3.20,2.40
2010.02.24 21:18:28.786,0.87835,0.87855,3.20,4.20
2010.02.24 21:18:40.308,0.87845,0.87855,1.00,3.40
2010.02.24 21:18:40.433,0.87845,0.8786,1.00,19.70
2010.02.24 21:18:40.490,0.87845,0.8786,2.40,14.10
2010.02.24 21:18:40.547,0.87845,0.8786,2.40,12.50
2010.02.24 21:18:40.659,0.87845,0.8786,3.20,4.10
2010.02.24 21:18:40.720,0.87845,0.8786,1.00,7.80
2010.02.24 21:18:41.511,0.87835,0.8786,2.40,18.00
2010.02.24 21:18:41.786,0.87835,0.8786,1.60,19.60
2010.02.24 21:18:42.050,0.87835,0.8786,1.60,27.70
2010.02.24 21:18:43.620,0.87835,0.87855,3.20,4.20
2010.02.24 21:18:43.896,0.87835,0.87855,3.20,2.40
2010.02.24 21:18:48.598,0.87835,0.87855,3.20,3.70
2010.02.24 21:19:01.014,0.87835,0.87855,3.20,2.40
2010.02.24 21:19:18.060,0.87835,0.87855,3.20,8.10
2010.02.24 21:19:27.612,0.87835,0.87855,3.20,6.90
2010.02.24 21:19:37.606,0.87835,0.8785,3.20,1.00
2010.02.24 21:19:40.986,0.87835,0.8785,1.60,1.10
2010.02.24 21:19:41.167,0.8783,0.87855,4.00,16.60
2010.02.24 21:19:42.956,0.8783,0.87845,3.20,1.00
2010.02.24 21:19:43.275,0.8783,0.8785,1.60,2.70
2010.02.24 21:20:16.334,0.8783,0.8785,2.40,2.80
2010.02.24 21:20:16.893,0.8783,0.8785,4.00,1.00
2010.02.24 21:20:17.075,0.87835,0.8785,3.20,1.00
2010.02.24 21:20:19.505,0.87835,0.8785,3.20,1.00
2010.02.24 21:20:19.857,0.8783,0.8785,1.60,5.10
2010.02.24 21:20:22.872,0.8783,0.87845,5.20,1.00
2010.02.24 21:20:23.636,0.8783,0.8785,3.60,3.10
2010.02.24 21:20:23.900,0.8783,0.8785,2.40,8.70
2010.02.24 21:20:24.249,0.8783,0.8785,1.00,7.10
2010.02.24 21:20:24.759,0.8783,0.8785,1.00,7.00
2010.02.24 21:20:27.430,0.8782,0.87845,25.00,2.50
2010.02.24 21:20:27.750,0.87825,0.87845,6.90,1.70
2010.02.24 21:20:29.640,0.8783,0.8785,1.60,11.50
2010.02.24 21:20:29.830,0.8783,0.8785,5.20,3.10
2010.02.24 21:20:32.630,0.8783,0.8785,5.20,1.70
2010.02.24 21:20:46.614,0.8783,0.87845,5.20,1.00
2010.02.24 21:20:46.767,0.8783,0.8785,5.20,3.10
2010.02.24 21:20:48.365,0.8783,0.87855,5.20,14.00
2010.02.24 21:20:53.517,0.8783,0.8785,5.20,1.70
2010.02.24 21:20:54.444,0.8783,0.87855,5.20,14.70
2010.02.24 21:20:55.040,0.87835,0.8786,3.20,23.80
2010.02.24 21:20:55.176,0.87835,0.8786,1.60,23.00
2010.02.24 21:20:55.425,0.87835,0.8786,3.20,23.00
2010.02.24 21:21:01.203,0.87835,0.87855,3.20,12.90
2010.02.24 21:21:01.964,0.87835,0.8786,3.20,21.40
2010.02.24 21:21:02.215,0.87835,0.8786,3.20,21.40
2010.02.24 21:21:02.714,0.8783,0.8786,5.20,21.40
2010.02.24 21:21:03.478,0.8783,0.87855,5.20,14.70
2010.02.24 21:21:03.800,0.87835,0.8786,3.20,21.40
2010.02.24 21:21:06.056,0.87835,0.8786,3.20,21.40
2010.02.24 21:21:06.135,0.8783,0.87855,5.20,10.50
2010.02.24 21:21:06.215,0.8783,0.87855,5.20,10.70
2010.02.24 21:21:06.968,0.87835,0.87855,3.20,12.50
2010.02.24 21:21:07.538,0.87835,0.8786,3.20,21.40
2010.02.24 21:21:07.792,0.8783,0.8786,5.20,21.40
2010.02.24 21:21:08.571,0.87835,0.8786,3.20,20.60
2010.02.24 21:21:08.891,0.87835,0.8786,3.20,22.20
2010.02.24 21:21:10.644,0.8783,0.8785,5.20,1.00
2010.02.24 21:21:10.872,0.87835,0.87855,3.20,6.10
2010.02.24 21:21:11.649,0.8783,0.87855,5.20,6.10
2010.02.24 21:21:12.002,0.87835,0.87855,3.20,6.10
2010.02.24 21:21:12.369,0.8783,0.87855,5.20,12.20
2010.02.24 21:21:13.136,0.8783,0.87855,5.20,15.50
2010.02.24 21:21:13.495,0.87835,0.8786,4.00,18.20
2010.02.24 21:21:13.842,0.87835,0.8786,4.00,18.20
2010.02.24 21:21:16.153,0.87835,0.87855,2.40,7.70
2010.02.24 21:21:16.220,0.87835,0.87855,1.60,9.70
2010.02.24 21:21:16.262,0.8783,0.8785,5.60,1.00
2010.02.24 21:21:16.370,0.8783,0.8785,5.20,1.00
2010.02.24 21:21:17.242,0.87835,0.87855,4.00,1.00
2010.02.24 21:21:31.078,0.8783,0.8785,5.20,1.00
2010.02.24 21:21:32.710,0.87835,0.8786,1.60,18.00
2010.02.24 21:21:33.333,0.87835,0.8786,4.00,18.20
2010.02.24 21:21:33.603,0.87835,0.8786,4.00,18.20
2010.02.24 21:21:35.558,0.87835,0.87855,2.40,7.70
2010.02.24 21:21:35.651,0.87835,0.8785,2.40,1.00
2010.02.24 21:21:40.479,0.87835,0.8785,4.00,1.00
2010.02.24 21:21:40.795,0.8783,0.87845,4.40,1.00
2010.02.24 21:21:41.099,0.8783,0.8785,4.00,1.10
2010.02.24 21:21:41.950,0.87835,0.8786,2.40,23.40
2010.02.24 21:21:44.250,0.87835,0.8786,1.00,18.20
2010.02.24 21:21:44.532,0.87835,0.8786,3.20,28.20
2010.02.24 21:21:44.810,0.87835,0.8786,3.20,23.00
2010.02.24 21:21:45.680,0.87835,0.87855,4.00,1.00
2010.02.24 21:21:49.622,0.8784,0.87855,1.60,1.00
2010.02.24 21:21:49.807,0.8784,0.8786,1.60,8.50
2010.02.24 21:21:50.001,0.8784,0.87865,2.40,21.80
2010.02.24 21:21:50.639,0.8784,0.87865,4.00,15.80
2010.02.24 21:21:50.813,0.8784,0.87865,4.00,18.20
2010.02.24 21:21:57.960,0.87835,0.87855,5.20,1.00
2010.02.24 21:21:58.638,0.8784,0.87865,3.20,24.20
2010.02.24 21:21:58.960,0.87845,0.87865,1.60,4.90
2010.02.24 21:22:00.127,0.87845,0.87865,1.60,13.20
2010.02.24 21:22:00.466,0.87845,0.87865,1.60,9.90
2010.02.24 21:22:03.234,0.87845,0.87865,1.60,3.30
2010.02.24 21:22:04.083,0.87845,0.87865,1.60,6.50
2010.02.24 21:22:04.312,0.87845,0.87865,3.20,2.40
2010.02.24 21:22:04.596,0.87845,0.87865,3.20,2.50
2010.02.24 21:22:06.123,0.87845,0.87865,1.60,7.70
2010.02.24 21:22:06.238,0.87845,0.87865,1.60,11.70
2010.02.24 21:22:08.764,0.8784,0.8786,4.00,2.50
2010.02.24 21:22:09.356,0.8784,0.8786,4.00,1.00
2010.02.24 21:22:09.651,0.8784,0.8786,3.20,1.00
2010.02.24 21:22:16.067,0.8784,0.87855,1.60,4.00
2010.02.24 21:22:16.262,0.8784,0.87865,3.20,24.00
2010.02.24 21:22:16.611,0.8784,0.8786,1.60,12.10
2010.02.24 21:22:18.352,0.8784,0.8786,1.60,19.10
2010.02.24 21:22:18.521,0.87835,0.8786,3.20,25.10
2010.02.24 21:22:20.535,0.87835,0.8785,1.60,1.00
2010.02.24 21:22:20.705,0.8783,0.87845,1.60,1.00
2010.02.24 21:22:24.747,0.8783,0.87845,1.60,1.00
2010.02.24 21:22:26.005,0.8783,0.87845,1.60,1.00
2010.02.24 21:22:29.433,0.8783,0.8785,1.60,6.90
2010.02.24 21:22:29.671,0.8783,0.87855,3.20,20.20
2010.02.24 21:22:30.202,0.8783,0.87855,1.60,20.20
2010.02.24 21:22:30.458,0.8783,0.8785,1.60,4.30
2010.02.24 21:22:33.263,0.8783,0.8785,3.20,1.70
2010.02.24 21:22:33.589,0.8783,0.8785,4.00,1.00
2010.02.24 21:22:33.916,0.8783,0.8785,3.20,1.00
2010.02.24 21:22:41.207,0.8783,0.8785,3.20,1.00
2010.02.24 21:22:41.420,0.8783,0.87855,4.10,14.40
2010.02.24 21:22:42.023,0.8783,0.87855,5.30,10.40
2010.02.24 21:22:44.380,0.8783,0.8785,3.20,1.00
2010.02.24 21:22:45.041,0.8783,0.8785,2.40,1.00
2010.02.24 21:22:45.214,0.8783,0.8785,3.20,1.00
2010.02.24 21:22:52.396,0.8783,0.87845,4.00,1.00
2010.02.24 21:22:52.668,0.87835,0.8785,1.60,2.20
2010.02.24 21:22:52.936,0.8783,0.8785,1.60,4.30
2010.02.24 21:22:54.563,0.8783,0.87845,1.60,1.00
2010.02.24 21:22:55.744,0.8783,0.87845,1.60,1.30
2010.02.24 21:22:55.922,0.8783,0.87845,1.60,1.00
2010.02.24 21:22:56.267,0.8783,0.87845,1.60,1.00
2010.02.24 21:22:56.449,0.87825,0.87845,3.30,1.00
2010.02.24 21:22:56.629,0.87825,0.8785,3.30,20.50
2010.02.24 21:22:57.836,0.87825,0.8784,4.90,1.60
2010.02.24 21:22:58.675,0.8783,0.8785,2.00,19.00
2010.02.24 21:22:58.847,0.8783,0.87855,5.20,16.60
2010.02.24 21:22:59.412,0.87825,0.87855,10.40,16.60
2010.02.24 21:22:59.762,0.87825,0.87845,4.80,1.00
2010.02.24 21:23:00.227,0.87825,0.8785,4.80,22.20
2010.02.24 21:23:00.947,0.8783,0.8785,5.20,18.70
2010.02.24 21:23:01.714,0.8783,0.87855,4.00,14.20
2010.02.24 21:23:03.126,0.8783,0.8785,4.00,1.00
2010.02.24 21:23:04.301,0.8783,0.87855,4.00,14.40
2010.02.24 21:23:04.507,0.8783,0.87855,4.00,14.50
2010.02.24 21:23:04.714,0.8783,0.87855,4.00,14.40
2010.02.24 21:23:11.904,0.8783,0.8785,5.20,1.70
2010.02.24 21:23:12.033,0.8783,0.87855,4.00,14.60
2010.02.24 21:23:19.386,0.8783,0.8785,5.20,1.70
2010.02.24 21:23:19.909,0.8783,0.87855,5.20,14.60
2010.02.24 21:23:20.192,0.8783,0.87855,4.00,14.60
2010.02.24 21:23:21.798,0.8783,0.87855,4.00,14.70
2010.02.24 21:23:23.833,0.87835,0.87855,1.60,11.70
2010.02.24 21:23:24.138,0.87835,0.87855,5.20,1.70
2010.02.24 21:23:25.909,0.87835,0.87855,6.80,1.70
2010.02.24 21:23:27.910,0.87835,0.87855,6.80,2.90
2010.02.24 21:23:28.423,0.87835,0.87855,4.80,2.50
2010.02.24 21:23:30.623,0.87835,0.87855,6.90,1.70
2010.02.24 21:23:30.681,0.8784,0.87855,3.20,1.00
2010.02.24 21:23:32.821,0.8784,0.8786,1.60,13.20
2010.02.24 21:23:33.187,0.87835,0.8786,5.60,14.90
2010.02.24 21:23:35.956,0.87835,0.8786,5.60,14.60
2010.02.24 21:23:36.659,0.87835,0.8786,5.70,14.70
2010.02.24 21:23:36.686,0.87835,0.87855,5.60,1.00
2010.02.24 21:23:37.607,0.87835,0.8786,5.60,15.60
2010.02.24 21:23:38.729,0.8784,0.87865,4.00,14.30
2010.02.24 21:23:44.393,0.8784,0.8786,4.00,2.50
2010.02.24 21:23:48.597,0.8784,0.8786,4.10,2.40
2010.02.24 21:23:48.893,0.8784,0.8786,5.20,1.70
2010.02.24 21:23:59.910,0.87835,0.8785,10.00,1.00
2010.02.24 21:24:00.103,0.87835,0.87855,3.20,8.20
2010.02.24 21:24:00.294,0.87835,0.87855,1.60,11.40
2010.02.24 21:24:04.556,0.87835,0.87855,4.80,11.40
2010.02.24 21:24:06.412,0.87835,0.87855,4.80,6.30
2010.02.24 21:24:06.442,0.87835,0.8786,4.80,17.40
2010.02.24 21:24:06.511,0.87835,0.8786,4.80,16.60
2010.02.24 21:24:06.542,0.87835,0.8786,4.80,16.60
2010.02.24 21:24:07.100,0.87835,0.8786,5.60,13.80
2010.02.24 21:24:13.836,0.87835,0.87855,5.60,6.50
2010.02.24 21:24:18.047,0.87835,0.87855,5.70,5.70
2010.02.24 21:24:18.228,0.87835,0.87855,5.30,1.70
2010.02.24 21:24:18.759,0.87835,0.87855,12.10,1.70
2010.02.24 21:24:19.353,0.87835,0.8786,10.90,13.10
2010.02.24 21:24:23.883,0.87835,0.87855,10.90,1.00
2010.02.24 21:24:24.283,0.87835,0.87855,5.70,1.00
2010.02.24 21:24:32.760,0.8784,0.87855,1.60,1.00
2010.02.24 21:24:37.336,0.8784,0.8786,1.60,10.70
2010.02.24 21:24:37.945,0.8784,0.8786,1.60,6.70
2010.02.24 21:24:38.203,0.87835,0.87855,6.90,1.60
2010.02.24 21:24:40.405,0.8784,0.87865,3.20,19.30
2010.02.24 21:24:49.286,0.8784,0.8786,3.20,2.50
2010.02.24 21:25:21.464,0.8784,0.8786,3.20,2.70
2010.02.24 21:25:30.307,0.8784,0.87855,1.60,2.40
2010.02.24 21:25:31.152,0.8784,0.8786,1.60,11.00
2010.02.24 21:25:31.375,0.8784,0.87865,3.60,18.90
2010.02.24 21:25:32.110,0.8784,0.87865,2.40,14.90
2010.02.24 21:25:32.463,0.8784,0.8786,1.60,3.60
2010.02.24 21:25:32.819,0.8784,0.8786,1.60,7.80
2010.02.24 21:25:34.893,0.8784,0.87865,1.60,27.60
2010.02.24 21:25:35.489,0.8784,0.8786,3.20,4.50
2010.02.24 21:25:35.644,0.8784,0.87865,3.20,14.40
2010.02.24 21:25:37.634,0.8784,0.87865,3.20,14.40
2010.02.24 21:25:38.285,0.8784,0.87865,3.20,20.00
2010.02.24 21:25:38.509,0.8784,0.8786,1.60,11.40
2010.02.24 21:25:38.721,0.87835,0.8786,4.90,11.40
2010.02.24 21:25:41.097,0.87835,0.87855,4.90,4.10
2010.02.24 21:25:47.938,0.87835,0.87855,4.90,4.50
2010.02.24 21:25:50.108,0.87835,0.8785,4.80,1.00
2010.02.24 21:25:50.250,0.87835,0.87855,3.20,7.00
2010.02.24 21:25:50.515,0.87835,0.87855,1.60,7.00
2010.02.24 21:25:50.648,0.87835,0.87855,1.60,7.00
2010.02.24 21:25:50.786,0.87835,0.87855,2.40,8.60
2010.02.24 21:25:53.217,0.87835,0.87855,1.00,13.80
2010.02.24 21:25:53.387,0.87835,0.87855,1.00,11.70
2010.02.24 21:25:53.554,0.87835,0.87855,2.50,11.70
2010.02.24 21:25:53.726,0.87835,0.87855,3.30,9.70
2010.02.24 21:25:54.079,0.87835,0.8785,4.10,1.60
2010.02.24 21:25:54.626,0.87835,0.8785,5.70,1.60
2010.02.24 21:25:54.976,0.87835,0.87855,5.70,4.10
2010.02.24 21:25:56.494,0.8784,0.87855,1.60,4.10
2010.02.24 21:25:56.649,0.8784,0.8786,1.60,11.80
2010.02.24 21:26:02.021,0.8784,0.8785,1.60,1.00
2010.02.24 21:26:02.312,0.87835,0.87855,4.80,6.20
2010.02.24 21:26:02.885,0.87835,0.87855,4.00,6.20
2010.02.24 21:26:03.625,0.8783,0.87855,6.50,8.50
2010.02.24 21:26:03.812,0.8783,0.8785,6.50,4.10
2010.02.24 21:26:03.998,0.87825,0.8785,7.70,3.80
2010.02.24 21:26:04.177,0.8783,0.8785,1.00,4.20
2010.02.24 21:26:04.355,0.8783,0.8785,1.00,4.60
2010.02.24 21:26:04.539,0.87825,0.8785,4.90,7.00
2010.02.24 21:26:05.789,0.87825,0.87845,4.80,5.00
2010.02.24 21:26:05.992,0.87825,0.8784,5.60,1.60
2010.02.24 21:26:06.415,0.87825,0.8784,5.60,2.80
2010.02.24 21:26:06.861,0.87825,0.8784,5.60,3.20
2010.02.24 21:26:08.531,0.87825,0.8784,5.60,2.00
2010.02.24 21:26:09.787,0.87825,0.8784,5.60,1.00
2010.02.24 21:26:11.689,0.87825,0.8784,5.70,1.00
2010.02.24 21:26:11.968,0.87825,0.8784,4.90,1.00
2010.02.24 21:26:12.110,0.87825,0.8784,6.90,1.00
2010.02.24 21:26:12.255,0.8783,0.8785,1.60,11.20
2010.02.24 21:26:12.400,0.8783,0.87855,1.60,9.70
2010.02.24 21:26:13.237,0.8783,0.87855,3.20,10.70
2010.02.24 21:26:13.597,0.8783,0.87855,4.00,6.00
2010.02.24 21:26:47.317,0.8783,0.8785,4.10,1.00
2010.02.24 21:26:47.520,0.87835,0.87855,1.60,6.80
2010.02.24 21:26:53.832,0.87835,0.87855,1.60,6.40
2010.02.24 21:26:56.453,0.87835,0.87855,3.20,4.80
2010.02.24 21:26:56.628,0.87835,0.87855,3.30,2.40
2010.02.24 21:26:58.372,0.8784,0.87855,1.60,1.00
2010.02.24 21:27:00.971,0.87835,0.8786,3.20,5.60
2010.02.24 21:27:01.076,0.87835,0.87855,3.20,2.00
2010.02.24 21:27:01.271,0.87835,0.8785,1.60,1.00
2010.02.24 21:27:12.228,0.8783,0.8785,3.20,3.70
2010.02.24 21:27:13.008,0.8783,0.87855,3.30,15.00
2010.02.24 21:27:13.308,0.87825,0.87855,8.20,14.50
2010.02.24 21:27:14.108,0.87835,0.87855,1.60,6.40
2010.02.24 21:27:15.161,0.8783,0.87855,3.20,9.40
2010.02.24 21:27:15.309,0.8783,0.87855,3.20,9.40
2010.02.24 21:27:15.456,0.8783,0.8785,3.20,4.10
2010.02.24 21:27:16.288,0.8783,0.8785,3.20,5.70
2010.02.24 21:27:29.611,0.8783,0.8785,1.60,5.70
2010.02.24 21:27:29.865,0.8783,0.8785,3.20,5.30
2010.02.24 21:27:30.124,0.8783,0.8785,3.20,4.10
2010.02.24 21:27:31.080,0.8783,0.8785,4.00,1.00
2010.02.24 21:27:31.385,0.87835,0.8785,1.60,1.00
2010.02.24 21:27:39.758,0.87835,0.87855,5.30,4.40
2010.02.24 21:27:40.048,0.8784,0.8786,1.60,7.30
2010.02.24 21:27:41.724,0.87835,0.8786,1.60,16.50
2010.02.24 21:27:41.896,0.8783,0.8786,7.70,12.10
2010.02.24 21:27:41.958,0.8783,0.87855,5.70,5.20
2010.02.24 21:27:42.019,0.8783,0.87855,5.60,5.20
2010.02.24 21:27:42.079,0.8783,0.87855,4.00,5.20
2010.02.24 21:27:44.272,0.8783,0.8785,4.10,1.00
2010.02.24 21:27:44.325,0.87835,0.8785,1.00,1.00
2010.02.24 21:27:45.225,0.87835,0.87855,4.00,1.00
2010.02.24 21:27:45.582,0.87835,0.8786,3.20,7.70
2010.02.24 21:27:52.722,0.87845,0.87855,1.00,3.20
2010.02.24 21:27:52.915,0.87845,0.87865,2.40,10.40
2010.02.24 21:27:53.148,0.87845,0.8787,2.40,4.60
2010.02.24 21:27:53.596,0.87845,0.87865,1.60,5.30
2010.02.24 21:27:54.269,0.8784,0.87865,4.80,7.70
2010.02.24 21:27:54.624,0.8784,0.87865,3.20,13.70
2010.02.24 21:28:25.305,0.8784,0.8786,3.20,2.40
2010.02.24 21:28:44.810,0.8784,0.8786,3.20,2.40
2010.02.24 21:28:45.527,0.8784,0.8786,3.30,1.00
2010.02.24 21:28:50.619,0.87845,0.8786,1.00,1.00
2010.02.24 21:28:50.774,0.8785,0.87865,3.20,5.60
2010.02.24 21:28:50.925,0.8785,0.87865,3.20,1.00
2010.02.24 21:28:51.544,0.8785,0.8787,3.20,1.20
2010.02.24 21:28:51.692,0.8785,0.8787,3.20,2.40
2010.02.24 21:28:55.207,0.8785,0.8786,3.20,1.00
2010.02.24 21:28:55.506,0.8785,0.87855,1.60,1.60
2010.02.24 21:28:55.694,0.8784,0.8786,3.90,5.70
2010.02.24 21:28:55.884,0.8784,0.8786,1.90,6.10
2010.02.24 21:28:57.178,0.8784,0.8786,1.70,6.10
2010.02.24 21:29:00.913,0.8784,0.87855,3.30,1.60
2010.02.24 21:29:01.788,0.8784,0.87865,7.10,8.40
2010.02.24 21:29:01.992,0.87845,0.8787,4.00,10.00
2010.02.24 21:29:02.196,0.87845,0.8787,4.00,4.10
2010.02.24 21:29:02.836,0.87845,0.87875,5.30,15.30
2010.02.24 21:29:03.187,0.8785,0.87875,3.20,9.30
2010.02.24 21:29:19.727,0.8785,0.8787,1.60,3.20
2010.02.24 21:29:19.987,0.87845,0.87865,5.20,1.60
2010.02.24 21:29:22.024,0.8785,0.8787,1.60,2.40
2010.02.24 21:29:22.652,0.8785,0.8787,3.20,2.40
2010.02.24 21:29:24.591,0.8785,0.8787,1.60,2.40
2010.02.24 21:29:25.838,0.8785,0.8787,3.20,1.00
2010.02.24 21:29:50.040,0.87855,0.8787,3.20,1.00
2010.02.24 21:29:52.455,0.8785,0.8787,3.20,1.00
2010.02.24 21:29:59.927,0.87855,0.8787,3.20,1.00
2010.02.24 21:30:00.231,0.8785,0.8787,3.20,1.00
2010.02.24 21:30:02.309,0.87845,0.87865,3.50,2.40
2010.02.24 21:30:02.426,0.8785,0.87865,3.20,2.40
2010.02.24 21:30:02.479,0.8785,0.87865,3.20,1.60
2010.02.24 21:30:02.540,0.8785,0.87865,3.30,1.60
2010.02.24 21:30:03.406,0.8785,0.8787,3.30,3.70
2010.02.24 21:30:03.766,0.8785,0.8787,1.70,4.50
2010.02.24 21:30:04.140,0.8785,0.87865,1.60,1.00
2010.02.24 21:30:09.822,0.87845,0.87865,3.20,2.50
2010.02.24 21:30:11.096,0.87845,0.8786,3.20,1.00
2010.02.24 21:30:16.708,0.87845,0.8786,1.60,1.00
2010.02.24 21:30:17.267,0.87845,0.8786,1.60,2.50
2010.02.24 21:30:17.897,0.8784,0.8786,4.00,2.40
2010.02.24 21:30:18.184,0.87845,0.87865,1.00,2.80
2010.02.24 21:30:18.487,0.87845,0.87865,4.10,1.00
2010.02.24 21:30:19.034,0.87845,0.8787,5.30,5.30
2010.02.24 21:30:19.367,0.8785,0.8787,1.60,2.40
2010.02.24 21:30:29.976,0.8785,0.8787,4.00,2.40
2010.02.24 21:30:35.404,0.87855,0.8787,1.60,1.00
2010.02.24 21:31:32.326,0.8785,0.87875,4.10,8.10
2010.02.24 21:31:32.348,0.8785,0.8787,4.10,2.40
2010.02.24 21:31:34.982,0.8785,0.8787,2.40,2.40
2010.02.24 21:31:35.622,0.8785,0.8787,1.00,2.40
2010.02.24 21:31:50.796,0.8785,0.8787,2.40,2.40
2010.02.24 21:31:50.935,0.87855,0.8787,1.60,2.40
2010.02.24 21:31:51.056,0.87855,0.8787,1.60,1.00
2010.02.24 21:31:53.053,0.8785,0.8787,4.10,2.40
2010.02.24 21:31:59.750,0.87855,0.8787,3.20,1.00
2010.02.24 21:32:14.298,0.87855,0.8787,1.60,1.00
2010.02.24 21:32:23.459,0.87855,0.8787,3.20,1.00
2010.02.24 21:32:23.809,0.87855,0.87875,3.20,5.60
2010.02.24 21:32:27.106,0.87855,0.8787,3.20,1.00
2010.02.24 21:32:27.829,0.87855,0.87875,3.20,6.80
2010.02.24 21:32:28.130,0.87855,0.87875,1.60,4.00
2010.02.24 21:32:28.424,0.87855,0.87875,3.20,2.40
2010.02.24 21:32:42.408,0.8786,0.87875,3.20,2.40
2010.02.24 21:32:43.096,0.8786,0.87875,3.20,1.00
2010.02.24 21:33:03.876,0.8786,0.87875,3.20,2.00
2010.02.24 21:33:04.012,0.8786,0.87875,3.20,3.70
2010.02.24 21:33:04.154,0.8786,0.8787,3.20,1.60
2010.02.24 21:33:04.292,0.87855,0.8787,3.30,1.60
2010.02.24 21:33:15.760,0.87855,0.8787,1.70,1.60
2010.02.24 21:33:15.910,0.87855,0.8787,1.60,2.40
2010.02.24 21:33:17.291,0.87855,0.8787,1.60,4.00
2010.02.24 21:33:17.368,0.8785,0.8787,4.80,4.00
2010.02.24 21:33:18.119,0.8785,0.8787,3.20,4.00
2010.02.24 21:33:31.597,0.8785,0.8787,3.20,5.60
2010.02.24 21:33:31.925,0.8785,0.8787,3.20,4.00
2010.02.24 21:34:06.435,0.8785,0.8787,3.20,4.10
2010.02.24 21:34:07.141,0.8785,0.8787,1.60,5.70
2010.02.24 21:34:07.408,0.87845,0.8787,5.60,8.10
2010.02.24 21:34:07.905,0.87845,0.87865,5.60,1.60
2010.02.24 21:34:14.440,0.87845,0.87865,5.70,1.60
2010.02.24 21:34:14.627,0.87845,0.8787,6.90,5.70
2010.02.24 21:34:14.816,0.87845,0.8787,6.90,5.60
2010.02.24 21:34:15.166,0.8785,0.8787,1.60,5.60
2010.02.24 21:34:31.795,0.8785,0.8787,3.20,5.60
2010.02.24 21:34:56.726,0.8785,0.8787,1.60,5.60
2010.02.24 21:34:57.357,0.8785,0.8787,3.20,5.60
2010.02.24 21:35:00.542,0.8785,0.8787,1.60,5.60
2010.02.24 21:35:08.761,0.8785,0.8787,3.20,5.60
2010.02.24 21:35:50.340,0.8785,0.8787,1.60,5.60
2010.02.24 21:36:11.012,0.87845,0.8787,6.80,5.60
2010.02.24 21:36:11.807,0.87845,0.87865,6.80,1.60
2010.02.24 21:36:20.555,0.87845,0.87865,5.20,1.60
2010.02.24 21:36:39.597,0.87845,0.87865,6.80,1.60
2010.02.24 21:36:57.085,0.87845,0.87865,5.60,2.40
2010.02.24 21:36:57.246,0.87845,0.87865,5.60,4.00
2010.02.24 21:37:00.395,0.87845,0.87865,5.70,4.00
2010.02.24 21:37:31.424,0.87845,0.87865,5.60,4.00
2010.02.24 21:37:32.028,0.87845,0.87865,5.60,2.40
2010.02.24 21:37:32.076,0.8785,0.87865,1.60,2.40
2010.02.24 21:37:46.550,0.87845,0.87865,5.60,4.00
2010.02.24 21:37:49.171,0.87845,0.87865,5.70,4.10
2010.02.24 21:37:49.804,0.87845,0.87865,4.10,4.10
2010.02.24 21:37:50.106,0.87845,0.87865,5.70,4.00
2010.02.24 21:37:58.669,0.87845,0.87865,5.60,4.00
2010.02.24 21:38:10.572,0.87845,0.87865,4.00,4.00
2010.02.24 21:38:10.730,0.87845,0.87865,3.20,4.10
2010.02.24 21:38:11.795,0.87845,0.87865,4.00,4.00
2010.02.24 21:38:12.037,0.87845,0.87865,5.60,4.00
2010.02.24 21:38:14.236,0.87845,0.87865,5.60,4.10
2010.02.24 21:38:14.395,0.87845,0.87865,4.00,4.10
2010.02.24 21:38:17.763,0.87845,0.87865,4.10,4.10
2010.02.24 21:38:31.541,0.87845,0.87865,3.30,5.30
2010.02.24 21:38:31.654,0.87845,0.87865,4.10,4.00
2010.02.24 21:38:31.763,0.87845,0.87865,5.70,4.00
2010.02.24 21:38:43.100,0.87845,0.87865,4.10,4.00
2010.02.24 21:38:43.221,0.87845,0.87865,5.70,4.00
2010.02.24 21:38:50.300,0.87845,0.87865,1.70,5.20
2010.02.24 21:39:17.767,0.87845,0.87865,1.60,5.20
2010.02.24 21:39:24.460,0.87845,0.8786,1.60,1.60
2010.02.24 21:39:25.283,0.87845,0.8786,1.60,2.50
2010.02.24 21:39:48.803,0.87845,0.8786,1.60,3.70
2010.02.24 21:39:49.091,0.8784,0.8785,3.20,1.00
2010.02.24 21:39:49.715,0.8783,0.87855,3.30,6.70
2010.02.24 21:39:53.230,0.8783,0.8785,3.30,1.00
2010.02.24 21:40:09.152,0.87835,0.8785,3.20,1.00
2010.02.24 21:40:09.456,0.87835,0.8786,3.20,15.00
2010.02.24 21:40:10.821,0.87835,0.8786,3.20,14.50
2010.02.24 21:40:11.361,0.87835,0.8786,3.20,14.50
2010.02.24 21:40:11.748,0.8784,0.87865,4.00,16.90
2010.02.24 21:40:11.820,0.8784,0.87865,4.00,11.30
2010.02.24 21:40:11.968,0.8784,0.87865,4.00,9.30
2010.02.24 21:40:12.050,0.8784,0.87865,4.00,9.30
2010.02.24 21:40:12.501,0.8784,0.87865,4.00,8.90
2010.02.24 21:40:15.745,0.8784,0.8786,4.00,2.50
2010.02.24 21:40:16.050,0.8784,0.8786,3.20,3.70
2010.02.24 21:40:27.944,0.8784,0.8786,1.60,3.70
2010.02.24 21:40:36.471,0.8784,0.87855,1.60,2.40
2010.02.24 21:40:59.794,0.87845,0.87855,2.00,1.60
2010.02.24 21:41:00.558,0.8786,0.8787,1.60,7.20
2010.02.24 21:41:00.838,0.8786,0.87875,2.50,1.00
2010.02.24 21:41:01.110,0.8786,0.87875,1.70,1.00
2010.02.24 21:41:01.911,0.8786,0.87885,1.70,9.30
2010.02.24 21:41:02.856,0.8786,0.8788,1.00,6.80
2010.02.24 21:41:03.852,0.8786,0.87875,1.00,1.60
2010.02.24 21:41:04.947,0.87855,0.87875,3.20,4.00
2010.02.24 21:41:05.300,0.8785,0.8787,5.50,1.60
2010.02.24 21:41:05.651,0.8785,0.8787,4.70,2.40
2010.02.24 21:41:05.999,0.8785,0.8787,3.30,2.40
2010.02.24 21:41:06.719,0.8785,0.8787,4.10,2.40
2010.02.24 21:41:06.926,0.8785,0.8787,4.50,2.40
2010.02.24 21:41:13.390,0.8785,0.8787,4.50,1.00
2010.02.24 21:41:16.558,0.8785,0.8787,3.70,1.00
2010.02.24 21:41:17.163,0.87855,0.8787,1.60,1.00
2010.02.24 21:41:42.386,0.87855,0.8787,3.20,1.00
2010.02.24 21:41:44.383,0.87855,0.87875,3.30,8.00
2010.02.24 21:41:44.572,0.87855,0.87875,3.30,7.60
2010.02.24 21:41:44.757,0.87855,0.87875,3.30,2.40
2010.02.24 21:41:49.308,0.87855,0.8787,3.20,1.00
2010.02.24 21:41:49.483,0.87855,0.8787,1.60,1.00
2010.02.24 21:41:50.148,0.8785,0.87875,3.30,10.80
2010.02.24 21:41:50.496,0.8785,0.8787,3.30,2.40
2010.02.24 21:42:00.193,0.8785,0.8787,4.30,1.00
2010.02.24 21:42:00.937,0.8785,0.8787,5.50,1.00
2010.02.24 21:42:01.921,0.87855,0.8787,1.60,1.00
2010.02.24 21:42:02.094,0.87855,0.87875,2.50,2.80
2010.02.24 21:42:02.277,0.87855,0.87875,3.30,2.80
2010.02.24 21:42:02.469,0.87855,0.87875,4.10,2.40
2010.02.24 21:42:04.374,0.87855,0.8787,1.00,1.60
2010.02.24 21:42:07.284,0.87855,0.87875,2.50,2.40
2010.02.24 21:42:08.299,0.87855,0.87875,4.10,2.40
2010.02.24 21:42:09.223,0.87855,0.8787,1.00,1.60
2010.02.24 21:42:11.342,0.87855,0.8787,1.00,1.60
2010.02.24 21:42:12.250,0.87855,0.87875,1.00,2.40
2010.02.24 21:42:12.613,0.87855,0.87875,2.50,2.40
2010.02.24 21:42:14.383,0.87855,0.87875,1.00,2.50
2010.02.24 21:42:14.916,0.87855,0.8787,1.00,1.60
2010.02.24 21:42:21.721,0.87855,0.87875,1.00,2.40
2010.02.24 21:42:27.670,0.8786,0.87875,3.20,1.00
2010.02.24 21:42:28.384,0.8786,0.87875,1.60,1.00
2010.02.24 21:42:32.494,0.87855,0.87875,4.00,2.40
2010.02.24 21:42:39.618,0.8786,0.87875,1.70,1.00
2010.02.24 21:42:39.954,0.8786,0.87875,1.00,1.00
2010.02.24 21:42:40.964,0.87855,0.87875,4.00,1.00
2010.02.24 21:42:41.316,0.87855,0.87875,4.00,2.40
2010.02.24 21:42:43.023,0.87855,0.87875,1.00,2.40
2010.02.24 21:42:59.684,0.87855,0.87875,2.40,2.40
2010.02.24 21:43:14.120,0.87855,0.87875,4.00,2.40
2010.02.24 21:43:14.481,0.87855,0.87875,2.40,2.40
2010.02.24 21:43:16.320,0.87855,0.87875,4.00,2.40
2010.02.24 21:43:17.622,0.8787,0.87875,2.00,1.60
2010.02.24 21:43:17.700,0.8787,0.87875,1.00,1.60
2010.02.24 21:43:18.408,0.8788,0.87885,1.60,4.00
2010.02.24 21:43:18.910,0.8785,0.8788,8.90,2.40
2010.02.24 21:44:07.341,0.87865,0.87885,1.00,6.40
2010.02.24 21:44:07.503,0.87865,0.87885,1.00,4.40
2010.02.24 21:44:07.664,0.87865,0.87885,1.00,3.60
2010.02.24 21:44:13.499,0.87865,0.87885,1.00,2.80
2010.02.24 21:44:15.883,0.87865,0.8789,2.40,5.70
2010.02.24 21:44:16.146,0.87865,0.87885,3.20,2.40
2010.02.24 21:44:16.398,0.87865,0.87885,3.20,3.20
2010.02.24 21:44:18.531,0.8786,0.87885,5.20,3.20
2010.02.24 21:44:18.934,0.8786,0.8788,5.20,1.60
2010.02.24 21:44:22.020,0.8786,0.87885,5.20,3.30
2010.02.24 21:44:22.383,0.8786,0.8788,4.00,2.40
2010.02.24 21:44:22.926,0.8786,0.8788,2.40,2.40
2010.02.24 21:44:23.424,0.8786,0.8788,4.00,2.40
2010.02.24 21:44:31.523,0.87865,0.8788,1.60,1.00
2010.02.24 21:44:35.860,0.87865,0.8788,1.60,2.00
2010.02.24 21:44:36.412,0.8786,0.8788,1.60,4.80
2010.02.24 21:44:36.634,0.8786,0.87875,1.60,1.00
2010.02.24 21:44:45.120,0.8786,0.8788,2.40,2.40
2010.02.24 21:44:45.352,0.87865,0.8788,1.60,1.00
2010.02.24 21:45:10.983,0.8786,0.8788,4.00,2.40
2010.02.24 21:45:11.545,0.8786,0.8788,4.00,1.00
2010.02.24 21:45:12.800,0.8786,0.8788,2.40,2.40
2010.02.24 21:45:15.044,0.8786,0.8788,4.00,2.40
2010.02.24 21:45:20.278,0.8787,0.8788,1.00,1.60
2010.02.24 21:45:20.630,0.8787,0.8789,2.00,1.60
2010.02.24 21:45:47.304,0.8787,0.87885,2.00,1.60
2010.02.24 21:45:48.060,0.8787,0.87885,1.00,1.60
2010.02.24 21:45:48.249,0.8787,0.8789,1.00,2.40
2010.02.24 21:45:50.344,0.87875,0.8789,1.00,1.60
2010.02.24 21:45:50.653,0.87865,0.8789,6.00,1.60
2010.02.24 21:45:50.958,0.87865,0.8789,5.60,1.60
2010.02.24 21:45:51.519,0.8787,0.87895,2.00,3.60
2010.02.24 21:45:51.770,0.8787,0.87895,2.50,2.10
2010.02.24 21:45:52.639,0.8787,0.87895,2.40,3.10
2010.02.24 21:45:53.348,0.8787,0.87895,2.40,4.60
2010.02.24 21:45:57.540,0.87875,0.87895,1.00,3.10
2010.02.24 21:45:58.566,0.8787,0.87895,2.40,3.60
2010.02.24 21:46:01.732,0.8787,0.8789,2.40,1.00
2010.02.24 21:46:02.395,0.87865,0.87885,2.90,1.60
2010.02.24 21:46:02.556,0.8787,0.87885,2.00,1.60
2010.02.24 21:46:06.693,0.8787,0.87885,1.00,1.60
2010.02.24 21:46:12.410,0.8787,0.87885,1.00,2.80
2010.02.24 21:46:12.601,0.8787,0.87885,1.00,3.20
2010.02.24 21:46:12.770,0.8787,0.87885,1.00,2.80
2010.02.24 21:46:14.462,0.8787,0.87885,1.00,2.00
2010.02.24 21:46:16.653,0.8787,0.87885,1.00,2.80
2010.02.24 21:46:17.680,0.8787,0.87885,1.00,3.20
2010.02.24 21:46:22.495,0.8787,0.87885,1.00,2.00
2010.02.24 21:46:22.766,0.87865,0.87885,2.00,2.80
2010.02.24 21:46:22.906,0.87865,0.87885,2.00,2.80
2010.02.24 21:46:25.413,0.8787,0.87885,1.00,2.80
2010.02.24 21:46:25.741,0.87865,0.8788,2.40,1.20
2010.02.24 21:46:26.079,0.8787,0.8788,1.00,1.00
2010.02.24 21:46:26.689,0.8787,0.87885,1.00,2.80
2010.02.24 21:46:26.819,0.8787,0.87885,1.00,3.60
2010.02.24 21:46:26.949,0.8787,0.87885,1.00,2.80
2010.02.24 21:46:34.482,0.8787,0.87885,1.00,1.60
2010.02.24 21:46:56.994,0.8787,0.8789,1.00,3.70
2010.02.24 21:46:57.255,0.8787,0.8789,1.00,2.40
2010.02.24 21:46:57.503,0.8787,0.87885,1.00,1.60
2010.02.24 21:47:14.675,0.87865,0.87885,1.00,2.90
2010.02.24 21:47:15.270,0.8786,0.8788,2.00,5.20
2010.02.24 21:47:15.576,0.87835,0.87865,9.20,2.00
2010.02.24 21:47:15.874,0.8784,0.87865,1.60,2.00
2010.02.24 21:47:16.552,0.8784,0.87865,1.00,2.00
2010.02.24 21:47:16.727,0.8784,0.87865,10.80,2.00
2010.02.24 21:47:18.550,0.87845,0.87865,1.60,2.00
2010.02.24 21:47:18.903,0.8784,0.87865,10.80,2.00
2010.02.24 21:47:19.130,0.87845,0.87865,3.20,2.00
2010.02.24 21:47:20.215,0.8785,0.87865,3.20,2.00
2010.02.24 21:47:20.415,0.8785,0.87865,1.60,2.00
2010.02.24 21:47:20.609,0.8785,0.87865,3.20,2.00
2010.02.24 21:47:24.242,0.87865,0.8787,1.00,1.60
2010.02.24 21:47:24.417,0.87865,0.87875,1.00,2.80
2010.02.24 21:47:24.759,0.87865,0.87875,1.00,1.60
2010.02.24 21:47:31.312,0.87865,0.87875,1.00,2.00
2010.02.24 21:47:31.682,0.87855,0.87875,2.00,3.30
2010.02.24 21:47:33.567,0.8786,0.87875,1.00,2.00
2010.02.24 21:47:33.737,0.87855,0.87875,5.60,3.30
2010.02.24 21:47:33.908,0.87855,0.87875,4.00,3.30
2010.02.24 21:47:34.075,0.87855,0.87875,2.40,4.10
2010.02.24 21:47:35.458,0.87855,0.87875,1.00,3.30
2010.02.24 21:47:36.955,0.87855,0.8787,1.00,1.60
2010.02.24 21:47:39.521,0.87865,0.87875,1.00,2.10
2010.02.24 21:47:39.677,0.87865,0.87875,1.00,1.60
2010.02.24 21:47:44.908,0.8786,0.87885,2.40,5.40
2010.02.24 21:47:45.103,0.8786,0.87875,2.00,1.60
2010.02.24 21:47:45.792,0.8786,0.87875,1.00,1.60
2010.02.24 21:47:46.772,0.87855,0.87875,5.60,1.60
2010.02.24 21:47:46.979,0.87855,0.87875,5.20,1.60
2010.02.24 21:47:49.107,0.87855,0.87875,3.20,2.40
2010.02.24 21:47:49.269,0.87855,0.8787,1.60,1.70
2010.02.24 21:47:49.422,0.87855,0.8787,1.60,1.00
2010.02.24 21:47:53.324,0.87855,0.8787,1.60,1.00
2010.02.24 21:47:53.478,0.8785,0.87865,2.40,1.60
2010.02.24 21:47:54.078,0.8785,0.87865,1.60,1.60
2010.02.24 21:47:54.302,0.8785,0.8787,1.60,2.10
2010.02.24 21:47:56.136,0.8785,0.8787,1.60,3.70
2010.02.24 21:47:59.584,0.8785,0.8787,1.60,2.10
2010.02.24 21:48:00.165,0.8785,0.8787,1.60,3.70
2010.02.24 21:48:14.757,0.8785,0.8787,2.40,2.10
2010.02.24 21:48:16.729,0.8785,0.8787,2.40,2.00
2010.02.24 21:48:17.440,0.87855,0.8787,1.60,1.30
2010.02.24 21:48:17.491,0.87855,0.8787,1.60,1.00
2010.02.24 21:48:34.525,0.8785,0.8787,4.00,1.00
2010.02.24 21:48:37.551,0.8785,0.8787,5.20,1.00
2010.02.24 21:48:38.162,0.8785,0.8787,3.60,1.70
2010.02.24 21:48:40.393,0.8785,0.8787,5.60,1.70
2010.02.24 21:48:40.751,0.87855,0.8787,1.00,1.60
2010.02.24 21:48:48.562,0.8785,0.8787,5.60,1.60
2010.02.24 21:48:48.755,0.8785,0.8787,3.60,1.70
2010.02.24 21:48:50.782,0.87855,0.8787,1.00,1.70
2010.02.24 21:48:51.137,0.87855,0.8787,1.00,1.60
2010.02.24 21:48:55.443,0.87855,0.8787,2.40,1.60
2010.02.24 21:48:55.742,0.87855,0.8787,1.00,1.60
2010.02.24 21:48:56.527,0.8785,0.8787,2.00,1.70
2010.02.24 21:48:56.617,0.8785,0.8787,5.20,1.70
2010.02.24 21:48:56.910,0.87855,0.8787,1.00,1.70
2010.02.24 21:49:27.261,0.8785,0.8787,1.00,4.90
2010.02.24 21:49:27.480,0.87845,0.87865,3.60,1.70
2010.02.24 21:49:27.697,0.87845,0.87865,2.40,2.50
2010.02.24 21:49:28.343,0.87845,0.87865,3.60,1.70
2010.02.24 21:49:39.799,0.87845,0.87865,3.70,1.70
2010.02.24 21:49:40.209,0.87845,0.87865,3.60,1.70
2010.02.24 21:49:40.799,0.87845,0.8786,3.60,1.60
2010.02.24 21:49:41.157,0.87845,0.8786,2.40,1.70
2010.02.24 21:50:40.513,0.87845,0.8786,4.00,1.00
2010.02.24 21:50:41.013,0.87845,0.87865,4.00,4.00
2010.02.24 21:50:41.266,0.87845,0.87865,4.00,4.10
2010.02.24 21:50:41.520,0.87845,0.87865,6.80,1.70
2010.02.24 21:50:41.871,0.8785,0.8786,1.00,1.60
2010.02.24 21:50:42.531,0.8785,0.8786,6.00,1.60
2010.02.24 21:50:45.493,0.87855,0.8787,3.60,1.00
2010.02.24 21:50:46.158,0.87855,0.87865,1.60,1.60
2010.02.24 21:50:46.374,0.87855,0.87875,3.60,3.40
2010.02.24 21:50:48.097,0.87855,0.87875,3.60,4.20
2010.02.24 21:50:48.286,0.87855,0.87875,3.60,4.60
2010.02.24 21:50:48.991,0.8786,0.87875,2.40,2.80
2010.02.24 21:50:49.137,0.8786,0.8788,2.40,3.70
2010.02.24 21:50:51.077,0.8786,0.8788,2.40,4.90
2010.02.24 21:50:52.656,0.8786,0.87875,1.60,1.00
2010.02.24 21:50:53.278,0.87855,0.87875,4.00,1.00
2010.02.24 21:50:53.500,0.87855,0.87875,1.00,2.40
2010.02.24 21:51:27.838,0.87855,0.8787,1.00,1.60
2010.02.24 21:51:29.956,0.8785,0.87865,1.00,1.60
2010.02.24 21:51:37.820,0.87845,0.87865,8.80,3.30
2010.02.24 21:51:37.978,0.87845,0.87865,2.40,1.70
2010.02.24 21:51:45.183,0.87845,0.87865,3.60,1.70
2010.02.24 21:51:59.851,0.87845,0.8786,3.60,1.60
2010.02.24 21:52:04.281,0.8785,0.87865,1.60,1.00
2010.02.24 21:52:04.420,0.87855,0.8786,2.00,1.60
2010.02.24 21:52:04.681,0.87855,0.8786,2.40,1.60
2010.02.24 21:52:16.807,0.87855,0.8786,2.00,1.60
2010.02.24 21:52:17.162,0.87855,0.8787,1.00,1.60
2010.02.24 21:52:37.082,0.87855,0.87875,2.00,2.40
2010.02.24 21:52:37.361,0.87855,0.87875,2.00,1.60
2010.02.24 21:52:39.304,0.8786,0.87875,1.00,1.60
2010.02.24 21:52:49.455,0.87855,0.87875,1.20,2.40
2010.02.24 21:52:49.611,0.87855,0.8787,1.20,1.60
2010.02.24 21:52:49.857,0.87855,0.8787,1.00,1.60
2010.02.24 21:53:07.126,0.8785,0.87865,2.80,1.60
2010.02.24 21:53:07.425,0.8785,0.87865,2.00,1.60
2010.02.24 21:53:09.294,0.8785,0.87865,1.00,1.60
2010.02.24 21:53:10.923,0.8785,0.8787,2.00,2.50
2010.02.24 21:53:11.657,0.8785,0.8787,2.00,1.60
2010.02.24 21:53:13.664,0.87855,0.8787,1.00,1.70
2010.02.24 21:53:15.550,0.87855,0.8787,2.00,1.70
2010.02.24 21:53:23.006,0.8785,0.8786,6.00,1.70
2010.02.24 21:53:23.251,0.8785,0.8786,5.20,1.70
2010.02.24 21:53:23.509,0.87845,0.8786,4.00,1.70
2010.02.24 21:53:23.771,0.87845,0.8786,3.60,1.70
2010.02.24 21:53:25.214,0.87845,0.87855,3.60,1.60
2010.02.24 21:53:25.564,0.8784,0.8786,7.60,4.10
2010.02.24 21:53:26.592,0.87845,0.8786,1.60,2.50
2010.02.24 21:53:29.185,0.87845,0.8785,1.60,1.00
2010.02.24 21:53:29.355,0.87835,0.8785,1.00,2.90
2010.02.24 21:53:30.014,0.8783,0.87845,1.00,1.60
2010.02.24 21:53:30.111,0.8783,0.87845,2.00,1.60
2010.02.24 21:53:30.759,0.8783,0.87845,1.00,1.60
2010.02.24 21:53:30.952,0.8783,0.8784,1.00,1.60
2010.02.24 21:53:31.924,0.8783,0.87845,2.00,1.60
2010.02.24 21:53:32.275,0.8783,0.8785,2.00,4.50
2010.02.24 21:53:36.045,0.8783,0.8785,3.60,2.90
2010.02.24 21:53:37.105,0.87835,0.8785,1.00,1.60
2010.02.24 21:53:37.421,0.8784,0.8786,1.00,5.20
2010.02.24 21:53:38.849,0.8784,0.87865,2.40,6.40
2010.02.24 21:53:39.169,0.8784,0.87865,5.20,5.20
2010.02.24 21:53:40.776,0.8784,0.8786,4.00,2.40
2010.02.24 21:53:40.917,0.8784,0.8786,5.20,1.60
2010.02.24 21:53:41.056,0.8784,0.8786,3.60,1.60
2010.02.24 21:53:41.985,0.8784,0.8786,5.20,1.60
2010.02.24 21:53:50.172,0.8784,0.8786,3.60,2.80
2010.02.24 21:53:52.349,0.87855,0.8786,2.40,1.60
2010.02.24 21:53:52.490,0.87855,0.87865,2.00,4.80
2010.02.24 21:53:52.629,0.87855,0.8787,2.00,2.40
2010.02.24 21:53:52.764,0.87855,0.8788,2.00,5.30
2010.02.24 21:54:00.962,0.87855,0.87865,2.00,1.60
2010.02.24 21:54:01.311,0.87855,0.8787,1.00,1.60
2010.02.24 21:54:11.518,0.8786,0.8787,1.00,1.60
2010.02.24 21:54:13.474,0.87855,0.8787,2.00,1.60
2010.02.24 21:54:13.645,0.87855,0.8787,1.00,1.60
2010.02.24 21:54:15.499,0.87855,0.8787,1.00,2.50
2010.02.24 21:54:15.843,0.8785,0.87865,2.00,1.60
2010.02.24 21:54:23.276,0.87855,0.87865,1.00,1.60
2010.02.24 21:54:23.431,0.8786,0.8787,1.00,2.40
2010.02.24 21:54:24.029,0.8786,0.87875,1.00,2.40
2010.02.24 21:54:24.389,0.8786,0.87875,1.00,1.60
2010.02.24 21:54:26.740,0.8786,0.8788,2.40,2.40
2010.02.24 21:54:27.066,0.8786,0.8788,2.50,2.40
2010.02.24 21:54:27.617,0.8786,0.87875,1.00,1.60
2010.02.24 21:54:27.946,0.8786,0.87875,1.00,1.60
2010.02.24 21:55:01.234,0.8786,0.8788,1.00,3.20
2010.02.24 21:55:01.354,0.8786,0.8788,1.00,2.40
2010.02.24 21:55:03.709,0.8786,0.8788,2.40,2.40
2010.02.24 21:55:09.626,0.8786,0.8788,4.00,2.40
2010.02.24 21:55:13.665,0.8786,0.8788,3.20,1.60
2010.02.24 21:55:15.112,0.8786,0.8788,3.30,1.60
2010.02.24 21:55:17.437,0.8786,0.8788,3.20,1.60
2010.02.24 21:55:17.741,0.8786,0.8788,1.60,1.60
2010.02.24 21:55:27.067,0.8786,0.87885,3.20,6.30
2010.02.24 21:55:28.836,0.87865,0.87885,1.60,6.30
2010.02.24 21:55:30.514,0.8786,0.8788,3.20,1.60
2010.02.24 21:55:31.474,0.87865,0.87885,1.60,6.30
2010.02.24 21:55:42.067,0.87865,0.87885,1.60,2.10
2010.02.24 21:55:42.652,0.8786,0.8788,3.20,1.60
2010.02.24 21:55:44.525,0.87865,0.87885,1.60,2.10
2010.02.24 21:55:52.869,0.87865,0.87885,1.60,2.60
2010.02.24 21:56:04.707,0.87865,0.87885,1.60,2.10
2010.02.24 21:56:06.115,0.87865,0.87885,3.20,2.10
2010.02.24 21:56:09.221,0.87865,0.87885,1.60,2.10
2010.02.24 21:56:09.907,0.87865,0.87885,1.60,3.60
2010.02.24 21:56:12.960,0.87865,0.87885,3.20,2.10
2010.02.24 21:56:16.359,0.87865,0.87885,3.20,0.10
2010.02.24 21:56:28.992,0.87865,0.87885,3.20,2.10
2010.02.24 21:56:39.093,0.8786,0.87885,3.70,2.10
2010.02.24 21:56:39.837,0.8786,0.87885,3.30,2.10
2010.02.24 21:56:40.022,0.8786,0.8788,3.30,1.60
2010.02.24 21:57:06.133,0.8786,0.8788,5.30,1.60
2010.02.24 21:57:06.256,0.87865,0.87885,1.00,2.10
2010.02.24 21:57:07.003,0.87865,0.8788,1.00,1.60
2010.02.24 21:57:07.332,0.8786,0.8788,3.70,1.60
2010.02.24 21:57:08.020,0.87865,0.87885,1.00,2.10
2010.02.24 21:57:08.370,0.8786,0.8788,5.20,1.60
2010.02.24 21:57:08.912,0.8786,0.8788,3.60,1.60
2010.02.24 21:57:09.194,0.8786,0.8788,3.70,1.60
2010.02.24 21:57:11.114,0.87865,0.8788,1.00,1.60
2010.02.24 21:57:11.295,0.87865,0.87885,1.00,2.10
2010.02.24 21:57:20.008,0.87865,0.87885,1.70,2.10
2010.02.24 21:57:20.102,0.87865,0.87885,1.00,2.10
2010.02.24 21:57:32.720,0.87865,0.8788,1.00,1.60
2010.02.24 21:57:32.959,0.8786,0.8788,3.70,1.60
2010.02.24 21:57:42.936,0.87865,0.87885,1.00,2.10
2010.02.24 21:57:59.728,0.87865,0.87885,1.00,2.10
2010.02.24 21:57:59.972,0.87865,0.87885,1.00,2.10
2010.02.24 21:58:01.454,0.8786,0.8788,6.50,1.60
2010.02.24 21:58:01.743,0.8786,0.8788,4.90,1.60
2010.02.24 21:58:02.031,0.8786,0.8788,4.50,1.60
2010.02.24 21:58:04.877,0.8786,0.8788,3.20,1.60
2010.02.24 21:58:05.044,0.8786,0.8788,1.60,1.60
2010.02.24 21:58:05.552,0.87855,0.8788,5.20,1.60
2010.02.24 21:58:14.344,0.8786,0.8788,1.60,1.60
2010.02.24 21:58:16.619,0.87855,0.8788,3.60,1.60
2010.02.24 21:58:17.517,0.87855,0.8788,3.20,1.60
2010.02.24 21:58:20.626,0.87855,0.8788,3.30,1.60
2010.02.24 21:58:20.958,0.8786,0.8788,1.60,1.60
2010.02.24 21:58:21.606,0.8786,0.8788,3.20,1.60
2010.02.24 21:58:22.380,0.8786,0.8788,1.60,1.60
2010.02.24 21:58:27.111,0.8786,0.8788,3.20,1.60
2010.02.24 21:58:27.495,0.87865,0.87885,3.20,3.60
2010.02.24 21:58:27.846,0.87865,0.87885,3.20,2.60
2010.02.24 21:58:34.154,0.87855,0.87875,4.40,1.70
2010.02.24 21:58:34.315,0.87855,0.87875,3.60,1.70
2010.02.24 21:58:34.475,0.87855,0.87875,3.60,1.00
2010.02.24 21:58:35.537,0.87855,0.87875,3.20,1.00
2010.02.24 21:58:37.075,0.87855,0.87875,3.20,1.30
2010.02.24 21:58:50.124,0.8786,0.8788,3.20,3.70
2010.02.24 21:58:50.498,0.8786,0.8788,3.20,1.00
2010.02.24 21:58:50.684,0.8786,0.8788,3.20,1.00
2010.02.24 21:58:51.453,0.87865,0.8788,1.60,1.00
2010.02.24 21:58:54.397,0.87865,0.87885,1.60,0.60
2010.02.24 21:59:00.665,0.87865,0.87885,1.60,0.10
2010.02.24 21:59:04.097,0.87865,0.87885,1.60,2.10
2010.02.24 21:59:04.567,0.87865,0.87885,1.60,0.10
2010.02.24 21:59:07.343,0.87865,0.87885,3.20,0.10
2010.02.24 21:59:08.104,0.87865,0.87885,1.60,2.10
2010.02.24 21:59:08.898,0.87865,0.87885,3.20,2.10
2010.02.24 21:59:09.907,0.87865,0.87885,1.60,2.10
2010.02.24 21:59:12.843,0.87865,0.8788,1.60,1.60
2010.02.24 21:59:13.192,0.87855,0.8788,6.10,1.60
2010.02.24 21:59:14.074,0.8786,0.87885,1.00,3.10
2010.02.24 21:59:14.277,0.8786,0.87885,1.00,2.10
2010.02.24 21:59:16.482,0.8786,0.87885,1.00,0.10
2010.02.24 21:59:19.311,0.8786,0.87885,1.00,5.60
2010.02.24 21:59:19.610,0.87855,0.8788,1.00,1.00
2010.02.24 21:59:20.193,0.8785,0.8788,3.30,1.00
2010.02.24 21:59:25.899,0.8785,0.8788,5.70,1.00
2010.02.24 21:59:28.090,0.87855,0.8788,1.00,1.00
2010.02.24 21:59:32.327,0.87855,0.87875,1.00,1.00
2010.02.24 21:59:34.557,0.87855,0.8788,1.00,1.00
2010.02.24 21:59:34.765,0.8786,0.87885,1.00,2.30
2010.02.24 21:59:36.035,0.87855,0.87885,1.70,2.10
2010.02.24 21:59:38.499,0.8786,0.87885,1.00,2.10
2010.02.24 21:59:38.739,0.8786,0.87885,1.00,2.30
2010.02.24 21:59:43.677,0.87855,0.8788,1.70,1.00
2010.02.24 21:59:49.961,0.8786,0.87885,1.00,0.30
2010.02.24 21:59:50.237,0.87855,0.87885,2.80,0.10
2010.02.24 21:59:54.835,0.87855,0.8788,1.60,1.30
2010.02.24 21:59:55.551,0.8785,0.8788,2.40,1.30
2010.02.24 21:59:56.266,0.8785,0.8788,2.50,1.30
2010.02.24 21:59:57.862,0.8785,0.8788,2.40,1.20
2010.02.24 21:59:58.192,0.8785,0.8788,2.40,1.30
2010.02.24 21:59:59.792,0.8785,0.8788,1.00,1.30
