2009.02.23 07:00:00.510,0.888,0.88825,8.40,4.40
2009.02.23 07:00:01.919,0.888,0.88825,8.40,3.00
2009.02.23 07:00:02.219,0.888,0.8882,8.40,2.60
2009.02.23 07:00:02.459,0.888,0.88825,8.40,3.00
2009.02.23 07:00:02.899,0.888,0.8882,3.60,2.60
2009.02.23 07:00:03.310,0.888,0.8882,1.60,2.60
2009.02.23 07:00:07.958,0.888,0.8882,1.60,4.20
2009.02.23 07:00:09.347,0.888,0.8882,1.60,2.60
2009.02.23 07:00:10.677,0.888,0.88815,8.40,1.60
2009.02.23 07:00:10.847,0.888,0.88825,8.40,4.60
2009.02.23 07:00:12.327,0.888,0.88825,8.40,2.60
2009.02.23 07:00:15.856,0.88805,0.88825,2.80,2.80
2009.02.23 07:00:16.436,0.88805,0.88825,5.60,3.20
2009.02.23 07:00:27.643,0.88805,0.88825,5.60,3.60
2009.02.23 07:00:28.083,0.88805,0.88825,5.60,3.00
2009.02.23 07:00:28.493,0.88805,0.88825,5.60,3.40
2009.02.23 07:00:28.783,0.88805,0.88825,5.60,3.60
2009.02.23 07:00:30.203,0.88805,0.88825,5.60,3.20
2009.02.23 07:00:31.802,0.88805,0.88825,5.60,3.60
2009.02.23 07:00:33.122,0.88805,0.88825,5.60,3.20
2009.02.23 07:00:33.412,0.888,0.8882,11.20,2.60
2009.02.23 07:00:33.802,0.888,0.8882,7.60,3.60
2009.02.23 07:00:34.082,0.888,0.8882,4.80,4.00
2009.02.23 07:00:35.071,0.88795,0.88815,10.00,2.20
2009.02.23 07:00:37.241,0.88795,0.88815,12.80,1.80
2009.02.23 07:00:37.861,0.888,0.8882,4.80,5.60
2009.02.23 07:00:38.141,0.888,0.8882,4.80,4.00
2009.02.23 07:00:38.550,0.888,0.8882,10.40,2.60
2009.02.23 07:00:38.951,0.888,0.8882,11.20,1.40
2009.02.23 07:00:39.311,0.888,0.8882,11.20,1.00
2009.02.23 07:00:39.660,0.888,0.88825,11.20,3.20
2009.02.23 07:00:40.630,0.888,0.88815,3.60,1.80
2009.02.23 07:00:40.791,0.888,0.88815,1.60,2.60
2009.02.23 07:00:41.010,0.888,0.8882,8.40,7.00
2009.02.23 07:00:41.300,0.888,0.8882,10.40,3.00
2009.02.23 07:00:43.369,0.888,0.88815,10.40,1.60
2009.02.23 07:00:43.749,0.8879,0.8881,5.60,1.00
2009.02.23 07:00:44.039,0.8879,0.8881,5.60,1.00
2009.02.23 07:00:44.239,0.8879,0.88805,2.80,1.00
2009.02.23 07:00:44.579,0.88795,0.88815,2.80,3.40
2009.02.23 07:00:44.749,0.88795,0.88815,5.60,1.00
2009.02.23 07:00:46.429,0.888,0.8882,5.60,4.00
2009.02.23 07:00:48.418,0.888,0.8882,6.40,3.00
2009.02.23 07:00:49.408,0.888,0.8882,6.40,1.60
2009.02.23 07:00:50.618,0.888,0.8882,6.40,2.80
2009.02.23 07:00:50.838,0.888,0.88815,1.00,1.00
2009.02.23 07:00:51.188,0.88795,0.88815,2.80,1.00
2009.02.23 07:00:51.978,0.8879,0.88815,11.20,1.00
2009.02.23 07:00:53.197,0.88795,0.88815,5.60,1.00
2009.02.23 07:00:53.477,0.8879,0.8881,6.40,2.60
2009.02.23 07:00:53.807,0.8879,0.88815,6.40,2.20
2009.02.23 07:00:54.157,0.8879,0.8881,6.40,1.20
2009.02.23 07:00:54.487,0.8879,0.88815,6.40,2.20
2009.02.23 07:00:54.837,0.88795,0.88815,2.80,2.20
2009.02.23 07:00:54.957,0.88795,0.88815,2.80,1.60
2009.02.23 07:00:55.356,0.8879,0.88815,6.40,1.60
2009.02.23 07:00:56.216,0.8879,0.8881,6.40,1.00
2009.02.23 07:00:56.496,0.8879,0.8881,6.40,3.00
2009.02.23 07:00:57.016,0.8879,0.8881,6.40,1.00
2009.02.23 07:00:57.416,0.8879,0.8881,6.40,1.40
2009.02.23 07:00:57.526,0.8879,0.8881,5.60,1.40
2009.02.23 07:00:57.956,0.8879,0.8881,6.40,1.40
2009.02.23 07:00:58.246,0.8879,0.8881,6.40,1.60
2009.02.23 07:00:58.926,0.8879,0.8881,5.60,4.00
2009.02.23 07:00:59.485,0.8879,0.8881,2.80,4.00
2009.02.23 07:00:59.605,0.88785,0.8881,5.60,4.00
2009.02.23 07:00:59.845,0.88785,0.88805,2.80,1.00
2009.02.23 07:01:00.016,0.8878,0.88805,6.40,1.60
2009.02.23 07:01:00.355,0.8878,0.88795,1.00,1.00
2009.02.23 07:01:00.525,0.8878,0.88795,5.60,1.00
2009.02.23 07:01:00.916,0.88775,0.88795,5.60,1.00
2009.02.23 07:01:01.435,0.8877,0.88795,5.60,1.00
2009.02.23 07:01:01.845,0.8877,0.8879,2.80,1.00
2009.02.23 07:01:02.085,0.88765,0.8879,5.60,1.00
2009.02.23 07:01:03.005,0.88765,0.8878,2.80,1.00
2009.02.23 07:01:03.295,0.8876,0.88785,6.40,3.60
2009.02.23 07:01:03.565,0.8876,0.88775,3.60,1.00
2009.02.23 07:01:03.844,0.8875,0.8877,5.60,1.00
2009.02.23 07:01:04.354,0.88745,0.8877,5.60,1.00
2009.02.23 07:01:04.934,0.88745,0.8877,5.60,1.00
2009.02.23 07:01:05.105,0.88745,0.8877,5.60,1.20
2009.02.23 07:01:05.384,0.88745,0.8877,5.60,2.20
2009.02.23 07:01:05.554,0.8875,0.8877,2.80,1.00
2009.02.23 07:01:05.774,0.8875,0.88765,2.80,1.00
2009.02.23 07:01:06.064,0.88745,0.88765,5.60,1.00
2009.02.23 07:01:06.394,0.88745,0.8877,5.60,1.00
2009.02.23 07:01:07.944,0.8875,0.8877,2.80,1.00
2009.02.23 07:01:08.124,0.8875,0.8877,5.60,1.00
2009.02.23 07:01:08.713,0.8875,0.8877,5.60,1.00
2009.02.23 07:01:08.933,0.8875,0.88775,5.60,1.00
2009.02.23 07:01:09.713,0.88745,0.88765,5.60,1.00
2009.02.23 07:01:10.183,0.8874,0.88765,5.60,1.00
2009.02.23 07:01:10.523,0.8875,0.8877,2.80,7.60
2009.02.23 07:01:11.053,0.8875,0.8877,2.80,2.80
2009.02.23 07:01:11.513,0.8875,0.88765,2.80,5.00
2009.02.23 07:01:11.853,0.8874,0.8876,3.60,1.60
2009.02.23 07:01:12.152,0.8874,0.8876,2.80,1.60
2009.02.23 07:01:13.182,0.8874,0.8876,5.60,1.40
2009.02.23 07:01:13.692,0.8874,0.8876,2.80,1.60
2009.02.23 07:01:13.922,0.8874,0.88765,5.60,5.40
2009.02.23 07:01:14.202,0.8874,0.88765,5.60,1.00
2009.02.23 07:01:14.612,0.88745,0.88765,2.80,1.00
2009.02.23 07:01:14.852,0.88745,0.88765,5.60,1.00
2009.02.23 07:01:15.812,0.88745,0.8876,2.80,1.20
2009.02.23 07:01:16.042,0.8874,0.8876,6.40,1.20
2009.02.23 07:01:16.212,0.88745,0.88765,2.80,3.00
2009.02.23 07:01:16.382,0.88745,0.88765,5.60,1.40
2009.02.23 07:01:16.781,0.88745,0.88765,5.60,1.00
2009.02.23 07:01:17.062,0.88745,0.8877,5.60,4.00
2009.02.23 07:01:17.421,0.88745,0.8877,5.60,10.40
2009.02.23 07:01:17.711,0.88745,0.8877,5.60,7.80
2009.02.23 07:01:18.101,0.88745,0.8876,2.80,1.00
2009.02.23 07:01:18.391,0.88745,0.88765,2.80,7.00
2009.02.23 07:01:18.751,0.8874,0.88755,1.00,1.00
2009.02.23 07:01:19.031,0.88735,0.88755,5.60,1.00
2009.02.23 07:01:19.271,0.8873,0.88755,5.60,1.00
2009.02.23 07:01:19.671,0.88725,0.8875,5.60,1.00
2009.02.23 07:01:19.791,0.88725,0.8875,5.60,2.20
2009.02.23 07:01:19.961,0.8873,0.8875,2.80,2.20
2009.02.23 07:01:20.191,0.8873,0.8875,5.60,2.20
2009.02.23 07:01:20.700,0.8873,0.8875,5.60,1.80
2009.02.23 07:01:21.090,0.8873,0.8875,5.60,1.00
2009.02.23 07:01:21.440,0.8873,0.8875,5.60,2.20
2009.02.23 07:01:22.450,0.8873,0.8875,2.80,2.20
2009.02.23 07:01:25.559,0.88725,0.8875,5.60,3.20
2009.02.23 07:01:26.729,0.88725,0.88745,2.80,2.80
2009.02.23 07:01:27.069,0.8872,0.88745,6.40,3.20
2009.02.23 07:01:27.349,0.88725,0.88745,2.80,3.00
2009.02.23 07:01:27.809,0.88725,0.88745,5.60,2.20
2009.02.23 07:01:28.040,0.88725,0.88745,2.80,3.00
2009.02.23 07:01:28.269,0.88725,0.88745,2.80,2.60
2009.02.23 07:01:29.908,0.88725,0.8874,2.80,1.20
2009.02.23 07:01:32.248,0.88725,0.8874,5.60,1.60
2009.02.23 07:01:32.588,0.88725,0.8875,5.60,2.60
2009.02.23 07:01:32.978,0.8873,0.8875,2.80,1.20
2009.02.23 07:01:33.208,0.88725,0.8875,5.60,2.60
2009.02.23 07:01:33.557,0.88725,0.88745,2.80,2.60
2009.02.23 07:01:33.787,0.88725,0.8875,5.60,2.60
2009.02.23 07:01:34.167,0.88725,0.8875,2.80,2.60
2009.02.23 07:01:34.777,0.88725,0.8875,2.80,3.00
2009.02.23 07:01:35.117,0.8872,0.8874,2.80,2.60
2009.02.23 07:01:37.536,0.88715,0.88735,7.60,2.60
2009.02.23 07:01:38.066,0.88715,0.8873,10.40,1.60
2009.02.23 07:01:38.246,0.8872,0.8874,2.80,2.60
2009.02.23 07:01:40.356,0.8872,0.8874,7.60,2.60
2009.02.23 07:01:40.765,0.8872,0.8874,8.40,2.60
2009.02.23 07:01:41.155,0.8872,0.8874,8.40,1.20
2009.02.23 07:01:41.386,0.8872,0.8874,3.20,2.60
2009.02.23 07:01:41.726,0.88725,0.88745,2.80,1.60
2009.02.23 07:01:41.895,0.88725,0.88745,2.80,2.20
2009.02.23 07:01:42.185,0.88725,0.8875,2.80,7.40
2009.02.23 07:01:42.365,0.88725,0.8875,2.80,2.60
2009.02.23 07:01:42.945,0.8872,0.88745,3.60,1.00
2009.02.23 07:01:43.345,0.8872,0.88745,1.60,1.00
2009.02.23 07:01:43.745,0.8872,0.88745,3.60,3.40
2009.02.23 07:01:44.145,0.88725,0.8875,2.80,5.00
2009.02.23 07:01:44.655,0.88725,0.8875,2.80,5.20
2009.02.23 07:01:45.005,0.8872,0.88745,3.60,1.00
2009.02.23 07:01:46.304,0.88725,0.8875,2.80,2.60
2009.02.23 07:01:48.366,0.88725,0.8875,2.80,4.20
2009.02.23 07:01:49.674,0.88725,0.8875,2.80,2.60
2009.02.23 07:01:50.203,0.8872,0.88745,3.60,1.00
2009.02.23 07:01:52.143,0.8872,0.88745,6.40,1.00
2009.02.23 07:01:52.373,0.8872,0.8875,6.40,2.80
2009.02.23 07:01:52.603,0.88725,0.88745,1.60,3.00
2009.02.23 07:01:52.782,0.88725,0.88745,1.60,1.00
2009.02.23 07:01:53.182,0.88725,0.88745,8.20,1.00
2009.02.23 07:01:53.463,0.88725,0.8875,3.60,2.60
2009.02.23 07:01:54.292,0.88725,0.8875,1.60,2.80
2009.02.23 07:01:56.232,0.88725,0.88745,1.60,1.80
2009.02.23 07:01:56.402,0.88725,0.88745,1.60,4.60
2009.02.23 07:01:56.762,0.88725,0.88745,1.60,3.00
2009.02.23 07:01:57.401,0.88725,0.88745,1.60,3.80
2009.02.23 07:01:57.741,0.88725,0.8875,1.60,6.80
2009.02.23 07:01:58.131,0.88725,0.8875,1.60,4.40
2009.02.23 07:01:58.361,0.88725,0.8875,1.60,2.80
2009.02.23 07:01:58.981,0.88725,0.8875,1.60,2.60
2009.02.23 07:01:59.101,0.88725,0.8875,1.60,2.20
2009.02.23 07:02:03.850,0.88725,0.88745,1.60,1.80
2009.02.23 07:02:04.080,0.8873,0.8875,1.60,2.20
2009.02.23 07:02:04.430,0.8873,0.8875,1.00,2.20
2009.02.23 07:02:04.600,0.8873,0.8875,1.00,2.20
2009.02.23 07:02:05.130,0.8873,0.8875,1.00,1.80
2009.02.23 07:02:05.240,0.8873,0.8875,1.40,1.80
2009.02.23 07:02:05.450,0.8873,0.8875,1.80,1.80
2009.02.23 07:02:05.979,0.8873,0.88745,1.80,2.60
2009.02.23 07:02:07.369,0.8873,0.8875,1.80,1.80
2009.02.23 07:02:07.699,0.8873,0.88745,1.80,1.80
2009.02.23 07:02:07.979,0.8873,0.88745,1.80,2.60
2009.02.23 07:02:08.269,0.8873,0.88735,1.80,2.60
2009.02.23 07:02:08.879,0.8873,0.8874,1.80,2.60
2009.02.23 07:02:09.169,0.8873,0.88735,1.80,1.60
2009.02.23 07:02:09.408,0.8873,0.88745,1.80,2.60
2009.02.23 07:02:09.629,0.8873,0.88745,1.80,3.00
2009.02.23 07:02:12.298,0.8873,0.8874,1.80,1.60
2009.02.23 07:02:12.478,0.8873,0.88745,1.80,2.60
2009.02.23 07:02:12.768,0.8873,0.88745,1.80,2.20
2009.02.23 07:02:13.118,0.8873,0.88745,1.80,3.00
2009.02.23 07:02:13.498,0.8873,0.88745,1.80,2.20
2009.02.23 07:02:14.248,0.88735,0.8874,1.00,1.00
2009.02.23 07:02:14.547,0.88735,0.8874,1.00,1.00
2009.02.23 07:02:15.057,0.88735,0.8874,1.80,1.00
2009.02.23 07:02:16.837,0.88735,0.88745,1.80,2.20
2009.02.23 07:02:18.367,0.88735,0.88745,1.80,3.00
2009.02.23 07:02:18.886,0.88735,0.88745,1.80,2.00
2009.02.23 07:02:19.007,0.88735,0.8874,1.80,1.00
2009.02.23 07:02:19.966,0.88735,0.88745,1.80,2.20
2009.02.23 07:02:20.786,0.88735,0.88745,1.80,1.80
2009.02.23 07:02:21.056,0.88735,0.88745,1.80,1.20
2009.02.23 07:02:21.746,0.88735,0.88745,1.80,2.60
2009.02.23 07:02:22.096,0.88735,0.88745,1.80,3.00
2009.02.23 07:02:23.185,0.88735,0.88745,1.80,2.60
2009.02.23 07:02:23.365,0.88735,0.88745,1.80,3.00
2009.02.23 07:02:23.725,0.88735,0.88745,1.80,3.00
2009.02.23 07:02:23.895,0.88735,0.88745,1.40,3.00
2009.02.23 07:02:24.355,0.88735,0.88745,1.40,2.60
2009.02.23 07:02:24.585,0.88735,0.88745,1.40,1.20
2009.02.23 07:02:24.865,0.88725,0.88745,8.40,1.20
2009.02.23 07:02:25.265,0.8873,0.88745,2.80,1.20
2009.02.23 07:02:25.505,0.8873,0.88755,5.60,3.00
2009.02.23 07:02:25.785,0.8873,0.88755,6.40,2.40
2009.02.23 07:02:26.135,0.8873,0.88745,3.60,2.60
2009.02.23 07:02:26.415,0.88735,0.8875,2.80,2.60
2009.02.23 07:02:26.765,0.88735,0.88755,8.80,1.60
2009.02.23 07:02:27.224,0.8874,0.8876,3.60,2.00
2009.02.23 07:02:27.614,0.88745,0.88785,5.60,5.00
2009.02.23 07:02:28.014,0.88745,0.88785,5.60,2.60
2009.02.23 07:02:28.304,0.88745,0.8878,5.60,2.60
2009.02.23 07:02:28.814,0.88745,0.88775,2.80,2.60
2009.02.23 07:02:29.554,0.8875,0.8878,5.60,7.40
2009.02.23 07:02:29.834,0.8875,0.8878,2.80,2.60
2009.02.23 07:02:32.233,0.8875,0.8878,2.80,2.60
2009.02.23 07:02:32.614,0.88745,0.88765,10.40,1.20
2009.02.23 07:02:32.953,0.88745,0.88765,7.60,1.20
2009.02.23 07:02:33.923,0.8874,0.88765,11.20,2.60
2009.02.23 07:02:36.552,0.88745,0.88765,7.60,2.60
2009.02.23 07:02:36.872,0.88745,0.88765,7.60,1.20
2009.02.23 07:02:37.382,0.8874,0.88765,7.60,2.60
2009.02.23 07:02:37.672,0.88735,0.88765,7.60,2.60
2009.02.23 07:02:37.972,0.88735,0.88765,7.60,1.80
2009.02.23 07:02:38.371,0.8873,0.88765,9.60,1.80
2009.02.23 07:02:39.091,0.88735,0.88765,1.00,1.80
2009.02.23 07:02:39.321,0.88735,0.88765,1.00,3.00
2009.02.23 07:02:40.661,0.88735,0.8876,1.00,1.20
2009.02.23 07:02:40.951,0.88735,0.8876,1.00,2.60
2009.02.23 07:02:41.631,0.88735,0.8875,1.00,1.20
2009.02.23 07:02:44.360,0.88735,0.8876,1.00,2.60
2009.02.23 07:02:45.180,0.88735,0.88765,5.00,3.00
2009.02.23 07:02:47.870,0.8874,0.88765,4.80,2.60
2009.02.23 07:02:49.099,0.88735,0.88765,5.00,3.00
2009.02.23 07:02:49.369,0.88735,0.88765,5.00,2.60
2009.02.23 07:02:50.748,0.88735,0.88765,8.20,2.60
2009.02.23 07:02:50.809,0.88745,0.88765,4.80,1.80
2009.02.23 07:02:50.869,0.88745,0.8876,4.80,1.60
2009.02.23 07:02:51.039,0.88745,0.8877,4.80,7.40
2009.02.23 07:02:51.158,0.88745,0.8877,4.80,2.60
2009.02.23 07:02:51.218,0.88745,0.8877,5.40,2.60
2009.02.23 07:02:52.218,0.88745,0.8877,5.40,4.20
2009.02.23 07:02:52.448,0.88745,0.8877,8.00,4.20
2009.02.23 07:02:52.728,0.88745,0.8877,5.40,4.20
2009.02.23 07:02:52.968,0.88745,0.8877,5.40,7.40
2009.02.23 07:02:54.218,0.8875,0.8877,4.80,7.40
2009.02.23 07:02:54.268,0.8875,0.8877,4.80,5.80
2009.02.23 07:02:54.558,0.8875,0.8877,4.80,2.60
2009.02.23 07:02:55.068,0.88745,0.8877,5.40,4.20
2009.02.23 07:02:55.707,0.88745,0.8877,8.00,4.20
2009.02.23 07:02:56.207,0.88745,0.8877,5.40,4.20
2009.02.23 07:02:57.007,0.88745,0.88765,1.40,4.80
2009.02.23 07:02:57.427,0.8874,0.88765,1.00,9.60
2009.02.23 07:02:59.696,0.8874,0.88765,1.00,9.40
2009.02.23 07:03:02.126,0.8874,0.88765,1.00,9.00
2009.02.23 07:03:02.416,0.8874,0.88765,1.00,4.20
2009.02.23 07:03:02.656,0.8874,0.88765,1.00,9.00
2009.02.23 07:03:03.466,0.8874,0.88765,1.00,4.20
2009.02.23 07:03:04.286,0.8874,0.88765,1.00,2.60
2009.02.23 07:03:04.405,0.8874,0.88765,1.00,1.80
2009.02.23 07:03:04.525,0.8874,0.88765,1.00,2.60
2009.02.23 07:03:04.885,0.8874,0.88765,1.00,1.80
2009.02.23 07:03:05.685,0.8874,0.88765,1.00,2.60
2009.02.23 07:03:05.975,0.8874,0.88765,1.00,1.80
2009.02.23 07:03:06.535,0.8874,0.8877,5.20,7.00
2009.02.23 07:03:06.765,0.8874,0.8877,5.20,1.80
2009.02.23 07:03:07.855,0.8874,0.8877,1.00,1.80
2009.02.23 07:03:07.965,0.88745,0.8877,1.00,1.80
2009.02.23 07:03:08.084,0.88745,0.88765,1.00,1.80
2009.02.23 07:03:16.882,0.88745,0.88765,1.00,2.60
2009.02.23 07:03:19.612,0.88745,0.8877,1.00,2.20
2009.02.23 07:03:19.851,0.8875,0.8877,1.00,2.20
2009.02.23 07:03:20.251,0.8875,0.8877,1.00,1.80
2009.02.23 07:03:22.511,0.8875,0.8877,1.00,3.40
2009.02.23 07:03:24.001,0.8875,0.8877,1.00,3.80
2009.02.23 07:03:24.111,0.8875,0.8877,1.00,5.40
2009.02.23 07:03:26.030,0.8875,0.88755,1.00,1.20
2009.02.23 07:03:26.210,0.8875,0.88755,1.00,2.60
2009.02.23 07:03:27.590,0.8875,0.88755,1.00,2.60
2009.02.23 07:03:28.760,0.8875,0.8876,1.00,6.00
2009.02.23 07:03:28.879,0.8875,0.8876,1.00,4.40
2009.02.23 07:03:29.089,0.8875,0.8876,1.00,3.00
2009.02.23 07:03:29.199,0.88735,0.88745,1.60,3.20
2009.02.23 07:03:29.540,0.88735,0.88745,1.00,3.20
2009.02.23 07:03:29.829,0.8869,0.88725,1.00,1.60
2009.02.23 07:03:30.119,0.8868,0.88715,14.00,1.20
2009.02.23 07:03:30.459,0.88675,0.88725,2.60,2.80
2009.02.23 07:03:30.869,0.8869,0.8871,2.60,1.40
2009.02.23 07:03:31.219,0.8869,0.8871,2.60,1.20
2009.02.23 07:03:31.609,0.8869,0.8871,2.60,2.40
2009.02.23 07:03:32.069,0.8869,0.88715,2.60,2.40
2009.02.23 07:03:33.808,0.8869,0.88715,2.60,1.20
2009.02.23 07:03:34.198,0.8869,0.8872,2.60,2.80
2009.02.23 07:03:34.518,0.8869,0.8872,3.60,1.20
2009.02.23 07:03:35.028,0.88695,0.88735,2.80,7.00
2009.02.23 07:03:35.499,0.88695,0.88735,5.60,1.00
2009.02.23 07:03:35.668,0.887,0.8874,4.60,1.00
2009.02.23 07:03:35.828,0.88705,0.8874,2.80,1.00
2009.02.23 07:03:36.008,0.88705,0.88745,5.60,1.00
2009.02.23 07:03:36.408,0.8871,0.88745,3.20,1.00
2009.02.23 07:03:36.798,0.8871,0.88745,4.00,1.00
2009.02.23 07:03:37.767,0.8871,0.88745,7.00,1.00
2009.02.23 07:03:37.997,0.88715,0.88755,6.00,1.00
2009.02.23 07:03:38.167,0.88715,0.88755,6.80,1.00
2009.02.23 07:03:38.397,0.88715,0.8875,4.00,1.00
2009.02.23 07:03:39.367,0.8872,0.8876,2.80,3.80
2009.02.23 07:03:39.647,0.88725,0.88755,2.60,1.00
2009.02.23 07:03:39.937,0.8872,0.8876,4.80,1.00
2009.02.23 07:03:40.286,0.8872,0.8876,2.80,1.00
2009.02.23 07:03:40.507,0.8872,0.8876,6.80,1.00
2009.02.23 07:03:41.346,0.88725,0.8876,6.20,1.00
2009.02.23 07:03:41.746,0.88725,0.8876,4.00,1.00
2009.02.23 07:03:42.026,0.8872,0.8876,6.80,1.00
2009.02.23 07:03:43.276,0.8872,0.88745,4.40,1.00
2009.02.23 07:03:43.746,0.88715,0.88745,5.60,1.60
2009.02.23 07:03:44.286,0.88715,0.88755,5.60,5.40
2009.02.23 07:03:44.696,0.88715,0.88755,5.60,1.80
2009.02.23 07:03:44.865,0.88715,0.88755,5.60,9.40
2009.02.23 07:03:45.106,0.88715,0.8875,5.60,1.60
2009.02.23 07:03:45.275,0.8871,0.8875,6.40,1.80
2009.02.23 07:03:45.445,0.8871,0.8875,5.60,1.80
2009.02.23 07:03:46.405,0.88705,0.8874,10.40,2.60
2009.02.23 07:03:47.575,0.8871,0.8874,7.60,2.60
2009.02.23 07:03:48.275,0.8871,0.8874,7.60,3.00
2009.02.23 07:03:48.435,0.8871,0.88735,4.80,1.20
2009.02.23 07:03:48.555,0.8871,0.88735,4.80,2.60
2009.02.23 07:03:49.645,0.88705,0.88735,4.80,2.60
2009.02.23 07:03:50.274,0.88705,0.88725,4.80,1.20
2009.02.23 07:03:51.654,0.88705,0.88735,4.80,7.40
2009.02.23 07:03:52.064,0.88705,0.88735,4.80,5.80
2009.02.23 07:03:52.364,0.887,0.8872,3.20,2.60
2009.02.23 07:03:52.755,0.8869,0.88715,3.60,2.60
2009.02.23 07:03:52.934,0.8869,0.88715,2.00,3.00
2009.02.23 07:03:54.074,0.8869,0.88715,2.00,2.60
2009.02.23 07:03:55.223,0.8869,0.8871,2.00,2.60
2009.02.23 07:03:55.503,0.8869,0.88715,2.00,2.60
2009.02.23 07:03:55.974,0.8869,0.88715,2.00,7.40
2009.02.23 07:03:56.213,0.8869,0.88715,2.00,9.00
2009.02.23 07:03:57.412,0.8869,0.88715,2.00,7.40
2009.02.23 07:03:57.692,0.8869,0.88715,2.00,2.60
2009.02.23 07:03:58.662,0.8869,0.8871,2.00,2.60
2009.02.23 07:04:00.262,0.8869,0.8871,2.40,2.60
2009.02.23 07:04:02.241,0.8869,0.8871,2.40,1.20
2009.02.23 07:04:02.522,0.8869,0.8871,5.60,1.20
2009.02.23 07:04:02.761,0.8869,0.8871,2.40,1.20
2009.02.23 07:04:04.611,0.8869,0.88715,2.40,1.60
2009.02.23 07:04:04.721,0.8869,0.88715,3.60,1.60
2009.02.23 07:04:04.831,0.8869,0.8872,3.60,4.80
2009.02.23 07:04:05.001,0.8869,0.88725,3.60,1.80
2009.02.23 07:04:06.740,0.8869,0.88725,2.40,2.00
2009.02.23 07:04:09.040,0.8869,0.8872,2.40,1.00
2009.02.23 07:04:11.339,0.8869,0.8872,2.40,1.00
2009.02.23 07:04:12.259,0.8869,0.88715,2.40,1.00
2009.02.23 07:04:12.709,0.8869,0.8871,2.40,1.00
2009.02.23 07:04:16.388,0.8869,0.88705,2.40,1.00
2009.02.23 07:04:16.668,0.8869,0.88705,2.40,1.80
2009.02.23 07:04:17.278,0.8869,0.88705,2.40,1.60
2009.02.23 07:04:17.628,0.8869,0.887,2.40,2.60
2009.02.23 07:04:18.437,0.8869,0.887,2.40,1.20
2009.02.23 07:04:19.017,0.8869,0.88705,2.40,1.40
2009.02.23 07:04:19.317,0.8869,0.8871,2.40,3.00
2009.02.23 07:04:19.897,0.8869,0.8871,5.60,1.40
2009.02.23 07:04:20.007,0.8869,0.8871,2.40,3.00
2009.02.23 07:04:20.297,0.8869,0.8871,2.40,1.80
2009.02.23 07:04:20.647,0.8869,0.88715,2.40,4.80
2009.02.23 07:04:20.987,0.8869,0.88715,2.40,1.80
2009.02.23 07:04:21.627,0.8869,0.8872,2.40,3.60
2009.02.23 07:04:21.956,0.8869,0.8871,2.40,2.60
2009.02.23 07:04:23.026,0.8869,0.88705,2.40,1.60
2009.02.23 07:04:23.766,0.8869,0.8871,2.40,3.00
2009.02.23 07:04:24.006,0.8869,0.88705,2.40,2.60
2009.02.23 07:04:24.236,0.8869,0.8871,2.40,4.80
2009.02.23 07:04:24.516,0.8869,0.88715,2.40,3.20
2009.02.23 07:04:26.515,0.8869,0.8871,2.40,1.20
2009.02.23 07:04:26.805,0.8869,0.8871,2.40,3.00
2009.02.23 07:04:28.465,0.887,0.88715,4.80,8.00
2009.02.23 07:04:28.805,0.887,0.88715,4.80,4.80
2009.02.23 07:04:28.925,0.887,0.8872,4.80,2.60
2009.02.23 07:04:30.895,0.887,0.8872,4.80,3.00
2009.02.23 07:04:31.344,0.88695,0.8872,4.80,3.00
2009.02.23 07:04:32.104,0.887,0.8872,4.80,1.80
2009.02.23 07:04:32.334,0.887,0.88725,4.80,3.20
2009.02.23 07:04:32.634,0.887,0.88725,4.80,4.20
2009.02.23 07:04:32.984,0.88695,0.8872,4.80,2.60
2009.02.23 07:04:33.324,0.88695,0.8872,7.40,1.20
2009.02.23 07:04:33.674,0.88695,0.8872,4.80,2.60
2009.02.23 07:04:34.114,0.88695,0.88715,4.80,1.20
2009.02.23 07:04:34.633,0.887,0.8872,4.80,2.40
2009.02.23 07:04:34.934,0.887,0.8872,4.80,2.60
2009.02.23 07:04:35.104,0.88695,0.88715,4.80,1.20
2009.02.23 07:04:36.183,0.88695,0.8872,4.80,2.60
2009.02.23 07:04:38.053,0.88695,0.8872,4.80,3.00
2009.02.23 07:04:38.103,0.88695,0.88715,4.80,2.60
2009.02.23 07:04:38.453,0.8869,0.88715,4.80,2.60
2009.02.23 07:04:39.083,0.88695,0.8872,4.80,2.60
2009.02.23 07:04:39.443,0.88695,0.88715,4.80,2.60
2009.02.23 07:04:39.903,0.8869,0.88715,4.80,5.80
2009.02.23 07:04:40.182,0.8869,0.88715,4.80,2.60
2009.02.23 07:04:40.742,0.88695,0.8872,4.80,4.20
2009.02.23 07:04:41.022,0.88695,0.8872,4.80,2.60
2009.02.23 07:04:41.362,0.887,0.8872,4.80,2.60
2009.02.23 07:04:41.702,0.887,0.8872,4.80,1.20
2009.02.23 07:04:47.730,0.887,0.8872,1.00,2.60
2009.02.23 07:04:48.021,0.887,0.8872,1.00,2.60
2009.02.23 07:04:48.080,0.887,0.8872,1.00,2.60
2009.02.23 07:04:52.409,0.887,0.8872,5.20,1.20
2009.02.23 07:04:52.929,0.887,0.88715,4.40,1.20
2009.02.23 07:04:53.339,0.887,0.88715,4.40,2.60
2009.02.23 07:04:53.619,0.887,0.88715,4.00,2.60
2009.02.23 07:04:53.889,0.887,0.8872,1.00,5.00
2009.02.23 07:04:54.149,0.887,0.8872,1.00,6.80
2009.02.23 07:04:54.499,0.887,0.8872,5.20,1.20
2009.02.23 07:04:54.669,0.887,0.88725,5.20,6.60
2009.02.23 07:04:55.948,0.88715,0.88725,3.20,2.20
2009.02.23 07:04:56.178,0.88715,0.88725,4.00,2.60
2009.02.23 07:04:56.458,0.88715,0.88725,4.00,5.80
2009.02.23 07:04:56.758,0.887,0.88725,5.20,8.20
2009.02.23 07:04:59.817,0.887,0.88725,5.40,8.20
2009.02.23 07:04:59.997,0.887,0.88725,5.60,8.20
2009.02.23 07:05:02.457,0.887,0.88715,2.60,2.20
2009.02.23 07:05:02.687,0.887,0.88715,2.60,8.20
2009.02.23 07:05:03.047,0.887,0.88715,2.60,8.40
2009.02.23 07:05:03.277,0.887,0.88715,2.60,8.80
2009.02.23 07:05:03.757,0.887,0.8871,2.60,2.20
2009.02.23 07:05:04.176,0.887,0.88715,2.60,8.40
2009.02.23 07:05:04.806,0.887,0.88715,2.60,8.20
2009.02.23 07:05:05.036,0.887,0.88715,2.60,5.40
2009.02.23 07:05:05.316,0.887,0.88715,2.60,2.20
2009.02.23 07:05:05.436,0.887,0.8872,2.60,6.60
2009.02.23 07:05:05.896,0.887,0.8872,2.60,6.80
2009.02.23 07:05:06.066,0.887,0.8872,2.60,7.40
2009.02.23 07:05:06.416,0.887,0.8872,2.60,6.80
2009.02.23 07:05:07.236,0.887,0.8872,2.60,5.80
2009.02.23 07:05:07.535,0.887,0.8872,2.60,5.40
2009.02.23 07:05:07.875,0.887,0.8872,2.60,7.00
2009.02.23 07:05:08.226,0.88705,0.88715,2.80,1.80
2009.02.23 07:05:08.915,0.8871,0.8875,13.40,5.40
2009.02.23 07:05:09.215,0.88725,0.8875,4.00,1.40
2009.02.23 07:05:09.495,0.88725,0.88765,4.00,5.80
2009.02.23 07:05:09.775,0.88715,0.8876,9.80,5.40
2009.02.23 07:05:10.305,0.8872,0.88755,11.60,7.40
2009.02.23 07:05:10.535,0.8872,0.88755,11.60,5.80
2009.02.23 07:05:12.334,0.8872,0.88755,8.80,10.40
2009.02.23 07:05:12.686,0.8872,0.8875,1.00,4.40
2009.02.23 07:05:13.094,0.88715,0.8874,2.00,1.60
2009.02.23 07:05:13.394,0.8871,0.88735,3.60,2.20
2009.02.23 07:05:13.784,0.8871,0.8874,1.00,5.40
2009.02.23 07:05:14.284,0.8871,0.8874,1.00,5.80
2009.02.23 07:05:14.854,0.8871,0.8874,1.00,6.00
2009.02.23 07:05:15.254,0.8871,0.8874,11.80,3.60
2009.02.23 07:05:15.414,0.8871,0.8874,13.00,1.80
2009.02.23 07:05:15.674,0.8871,0.8874,10.60,5.40
2009.02.23 07:05:15.914,0.88715,0.8874,4.80,8.40
2009.02.23 07:05:16.084,0.8871,0.88735,1.00,1.60
2009.02.23 07:05:16.364,0.8871,0.88735,1.00,7.00
2009.02.23 07:05:18.193,0.8871,0.88735,1.00,5.40
2009.02.23 07:05:19.123,0.8872,0.88735,4.80,2.20
2009.02.23 07:05:19.523,0.8872,0.88745,4.80,5.80
2009.02.23 07:05:19.743,0.8872,0.88745,4.80,2.80
2009.02.23 07:05:19.973,0.8872,0.88745,4.80,6.60
2009.02.23 07:05:20.143,0.8872,0.88745,4.80,5.20
2009.02.23 07:05:20.643,0.8872,0.88745,4.80,6.60
2009.02.23 07:05:20.883,0.8872,0.88745,4.80,3.40
2009.02.23 07:05:21.052,0.88725,0.88745,4.80,2.60
2009.02.23 07:05:21.572,0.8872,0.88745,8.80,1.20
2009.02.23 07:05:22.193,0.88725,0.88755,4.80,13.60
2009.02.23 07:05:22.502,0.88725,0.88755,4.80,8.80
2009.02.23 07:05:23.322,0.8872,0.8875,8.80,1.00
2009.02.23 07:05:23.952,0.88725,0.8875,4.80,1.00
2009.02.23 07:05:24.122,0.88725,0.8875,4.80,5.00
2009.02.23 07:05:24.521,0.88725,0.8875,4.80,7.40
2009.02.23 07:05:24.761,0.88725,0.8875,4.80,3.80
2009.02.23 07:05:24.941,0.88725,0.8875,4.80,1.00
2009.02.23 07:05:25.351,0.88725,0.8875,4.80,2.20
2009.02.23 07:05:25.641,0.88725,0.8875,4.80,1.00
2009.02.23 07:05:26.811,0.88725,0.88755,4.80,13.60
2009.02.23 07:05:27.751,0.88725,0.88755,5.00,13.60
2009.02.23 07:05:28.211,0.8873,0.88755,4.80,13.60
2009.02.23 07:05:28.441,0.8873,0.88755,4.80,8.80
2009.02.23 07:05:29.090,0.88725,0.88755,5.00,8.80
2009.02.23 07:05:29.390,0.88725,0.88755,5.00,13.20
2009.02.23 07:05:29.790,0.88725,0.88755,8.80,5.80
2009.02.23 07:05:31.570,0.88735,0.88755,4.80,4.20
2009.02.23 07:05:31.800,0.88735,0.88755,4.80,2.20
2009.02.23 07:05:32.030,0.88735,0.8876,4.80,5.40
2009.02.23 07:05:32.250,0.88735,0.8876,4.80,2.20
2009.02.23 07:05:32.360,0.88735,0.88765,4.80,9.20
2009.02.23 07:05:34.499,0.8873,0.88765,8.80,10.40
2009.02.23 07:05:34.959,0.8873,0.88765,8.80,14.80
2009.02.23 07:05:35.139,0.8873,0.88765,11.60,10.60
2009.02.23 07:05:35.429,0.8873,0.88765,11.60,5.80
2009.02.23 07:05:35.609,0.88735,0.88765,2.00,1.60
2009.02.23 07:05:35.779,0.88735,0.88765,4.00,3.40
2009.02.23 07:05:36.009,0.8873,0.88765,11.60,5.80
2009.02.23 07:05:36.169,0.88735,0.88765,3.20,5.80
2009.02.23 07:05:36.398,0.88735,0.88765,4.00,5.40
2009.02.23 07:05:36.908,0.88735,0.8877,4.00,9.20
2009.02.23 07:05:37.199,0.8874,0.8877,4.80,9.00
2009.02.23 07:05:37.558,0.8874,0.8877,8.80,7.40
2009.02.23 07:05:38.248,0.8874,0.8877,7.40,7.40
2009.02.23 07:05:38.428,0.8874,0.8877,4.20,7.60
2009.02.23 07:05:38.838,0.8874,0.8877,1.00,9.20
2009.02.23 07:05:39.118,0.8874,0.88765,1.00,7.40
2009.02.23 07:05:39.518,0.8874,0.88765,1.00,5.80
2009.02.23 07:05:39.748,0.8874,0.8876,1.00,3.00
2009.02.23 07:05:39.918,0.8874,0.88755,1.00,1.60
2009.02.23 07:05:40.208,0.8874,0.88745,1.00,1.20
2009.02.23 07:05:40.558,0.8874,0.88745,1.00,2.60
2009.02.23 07:05:40.957,0.8874,0.88755,1.00,11.80
2009.02.23 07:05:41.238,0.8874,0.88755,1.00,7.80
2009.02.23 07:05:41.528,0.8874,0.88755,1.00,4.80
2009.02.23 07:05:41.867,0.8874,0.88755,1.00,1.00
2009.02.23 07:05:42.188,0.8874,0.88755,1.00,5.80
2009.02.23 07:05:42.637,0.8874,0.88755,1.00,5.40
2009.02.23 07:05:43.607,0.8874,0.8876,1.00,5.40
2009.02.23 07:05:44.007,0.8874,0.8875,1.00,2.60
2009.02.23 07:05:44.357,0.8874,0.88755,1.00,1.60
2009.02.23 07:05:44.856,0.8874,0.88765,1.00,7.20
2009.02.23 07:05:45.087,0.8874,0.88765,1.00,8.80
2009.02.23 07:05:45.426,0.8874,0.88765,1.00,7.20
2009.02.23 07:05:45.996,0.8874,0.8876,1.00,3.00
2009.02.23 07:05:47.966,0.8874,0.88765,5.00,10.00
2009.02.23 07:05:48.196,0.8874,0.88765,4.80,10.00
2009.02.23 07:05:49.456,0.8875,0.88765,4.80,4.80
2009.02.23 07:05:49.736,0.8875,0.88765,4.80,3.20
2009.02.23 07:05:50.015,0.8875,0.8877,4.80,9.80
2009.02.23 07:05:50.185,0.8875,0.8877,4.80,10.00
2009.02.23 07:05:50.295,0.88745,0.88765,4.80,1.20
2009.02.23 07:05:51.605,0.8875,0.88765,5.60,1.20
2009.02.23 07:05:51.885,0.8876,0.8877,4.40,3.60
2009.02.23 07:05:52.285,0.88765,0.88785,4.80,5.80
2009.02.23 07:05:52.795,0.88765,0.88785,4.80,1.20
2009.02.23 07:05:53.804,0.88765,0.88785,4.80,4.20
2009.02.23 07:05:54.264,0.8877,0.88785,2.60,1.20
2009.02.23 07:05:55.024,0.88765,0.88785,1.00,2.60
2009.02.23 07:05:55.264,0.8876,0.8878,4.80,1.20
2009.02.23 07:05:55.544,0.88765,0.88785,4.80,12.60
2009.02.23 07:05:56.014,0.88765,0.88785,4.80,3.40
2009.02.23 07:05:56.244,0.88765,0.8879,5.60,9.80
2009.02.23 07:05:56.514,0.88765,0.8879,4.80,9.80
2009.02.23 07:05:56.784,0.8876,0.88785,5.60,4.20
2009.02.23 07:05:57.074,0.8876,0.88785,4.80,11.40
2009.02.23 07:05:57.364,0.8876,0.88785,5.60,11.40
2009.02.23 07:05:57.694,0.8877,0.88785,2.60,7.00
2009.02.23 07:05:58.053,0.88765,0.8879,5.60,9.80
2009.02.23 07:05:58.223,0.88765,0.88785,1.00,2.60
2009.02.23 07:05:58.923,0.88765,0.88785,1.00,6.60
2009.02.23 07:05:59.763,0.88765,0.8878,1.00,1.00
2009.02.23 07:06:00.213,0.88765,0.88785,1.00,6.60
2009.02.23 07:06:00.453,0.88765,0.88785,1.00,11.40
2009.02.23 07:06:01.413,0.88765,0.8878,1.00,1.80
2009.02.23 07:06:01.702,0.88765,0.88775,1.00,2.60
2009.02.23 07:06:02.432,0.88765,0.8878,1.00,9.00
2009.02.23 07:06:02.782,0.88765,0.8878,1.00,1.80
2009.02.23 07:06:03.712,0.88765,0.8878,1.00,2.20
2009.02.23 07:06:04.012,0.88765,0.8878,1.00,4.00
2009.02.23 07:06:04.302,0.88765,0.8878,1.00,3.60
2009.02.23 07:06:04.602,0.88765,0.8878,1.00,1.80
2009.02.23 07:06:04.882,0.88765,0.8878,1.00,7.60
2009.02.23 07:06:05.272,0.88765,0.8878,1.00,5.80
2009.02.23 07:06:05.662,0.88765,0.8878,1.00,3.40
2009.02.23 07:06:05.842,0.88765,0.8878,1.00,7.60
2009.02.23 07:06:06.071,0.88765,0.8878,1.00,7.40
2009.02.23 07:06:06.761,0.88765,0.8877,1.00,1.20
2009.02.23 07:06:07.401,0.88765,0.88775,1.00,2.20
2009.02.23 07:06:07.801,0.88765,0.8878,1.00,4.60
2009.02.23 07:06:08.151,0.88765,0.8878,1.00,1.80
2009.02.23 07:06:08.781,0.88765,0.8878,1.00,6.80
2009.02.23 07:06:09.751,0.88765,0.8878,1.00,6.60
2009.02.23 07:06:10.091,0.88765,0.88785,5.00,6.20
2009.02.23 07:06:10.471,0.88765,0.88785,5.00,5.40
2009.02.23 07:06:11.150,0.88765,0.88785,5.00,3.60
2009.02.23 07:06:11.620,0.88765,0.8879,5.00,7.40
2009.02.23 07:06:12.080,0.88765,0.8878,1.00,1.20
2009.02.23 07:06:12.880,0.88765,0.88785,5.00,1.80
2009.02.23 07:06:13.180,0.88765,0.8878,1.00,1.20
2009.02.23 07:06:14.240,0.88765,0.8878,1.00,1.80
2009.02.23 07:06:15.109,0.88765,0.8878,1.00,2.60
2009.02.23 07:06:15.609,0.88765,0.8878,1.00,1.80
2009.02.23 07:06:17.279,0.88765,0.8878,1.00,2.60
2009.02.23 07:06:18.858,0.88765,0.8878,1.00,1.80
2009.02.23 07:06:19.718,0.88755,0.8878,5.80,2.60
2009.02.23 07:06:20.158,0.88755,0.8878,5.60,2.60
2009.02.23 07:06:21.818,0.8875,0.8878,14.60,1.80
2009.02.23 07:06:22.098,0.8875,0.8878,5.60,5.00
2009.02.23 07:06:22.328,0.8875,0.8878,7.40,2.80
2009.02.23 07:06:22.617,0.8875,0.8878,8.80,2.20
2009.02.23 07:06:23.467,0.88755,0.8878,4.80,2.20
2009.02.23 07:06:23.807,0.88755,0.8878,4.80,1.80
2009.02.23 07:06:25.567,0.8876,0.8878,4.80,1.80
2009.02.23 07:06:26.126,0.88755,0.8878,4.80,1.80
2009.02.23 07:06:26.397,0.88755,0.8878,4.80,2.20
2009.02.23 07:06:27.656,0.88755,0.88785,4.80,7.00
2009.02.23 07:06:28.756,0.88765,0.88785,4.80,5.80
2009.02.23 07:06:29.106,0.88765,0.88785,4.80,5.40
2009.02.23 07:06:29.276,0.88765,0.8879,4.80,9.40
2009.02.23 07:06:29.496,0.88765,0.88785,4.80,1.20
2009.02.23 07:06:29.846,0.88775,0.88785,1.00,1.20
2009.02.23 07:06:30.416,0.88775,0.88785,1.00,2.20
2009.02.23 07:06:32.435,0.88775,0.8879,1.00,9.00
2009.02.23 07:06:32.605,0.88775,0.8879,1.00,9.40
2009.02.23 07:06:33.005,0.88775,0.8879,1.00,9.00
2009.02.23 07:06:34.165,0.88775,0.8879,1.00,12.20
2009.02.23 07:06:35.145,0.88775,0.8879,1.00,6.60
2009.02.23 07:06:35.324,0.88775,0.8879,1.00,3.40
2009.02.23 07:06:35.835,0.88775,0.8879,1.00,6.60
2009.02.23 07:06:36.124,0.88775,0.8879,1.00,5.80
2009.02.23 07:06:36.344,0.88775,0.8879,1.00,3.40
2009.02.23 07:06:36.564,0.88775,0.88785,1.00,1.80
2009.02.23 07:06:37.844,0.88775,0.88785,1.00,5.40
2009.02.23 07:06:38.124,0.88775,0.88785,1.00,2.20
2009.02.23 07:06:38.354,0.88775,0.8879,1.00,9.00
2009.02.23 07:06:40.603,0.88775,0.8879,1.00,12.20
2009.02.23 07:06:40.763,0.88775,0.8879,1.00,9.40
2009.02.23 07:06:40.993,0.88775,0.88785,1.00,1.80
2009.02.23 07:06:41.753,0.88775,0.88785,1.00,6.60
2009.02.23 07:06:47.321,0.88775,0.88785,1.00,6.80
2009.02.23 07:06:47.671,0.88775,0.88785,1.00,7.40
2009.02.23 07:06:48.131,0.88775,0.88785,1.00,8.20
2009.02.23 07:06:48.421,0.88775,0.8878,1.00,2.60
2009.02.23 07:06:49.691,0.88775,0.8878,1.00,3.20
2009.02.23 07:06:50.141,0.88775,0.8878,1.00,4.40
2009.02.23 07:06:50.361,0.88775,0.8878,1.00,2.20
2009.02.23 07:06:50.651,0.88775,0.8878,1.00,5.60
2009.02.23 07:06:50.821,0.88775,0.8878,1.00,6.80
2009.02.23 07:06:51.391,0.88775,0.8878,1.00,5.40
2009.02.23 07:06:51.681,0.88775,0.88785,1.00,7.20
2009.02.23 07:06:51.971,0.88775,0.88785,1.00,4.60
2009.02.23 07:06:52.320,0.88775,0.88785,1.00,6.80
2009.02.23 07:06:52.810,0.88775,0.88785,1.00,4.20
2009.02.23 07:06:53.050,0.88775,0.88785,1.00,1.20
2009.02.23 07:06:53.550,0.88775,0.8878,1.00,1.20
2009.02.23 07:06:53.890,0.88775,0.8878,1.00,2.60
2009.02.23 07:06:55.790,0.88775,0.8878,1.00,1.20
2009.02.23 07:06:56.010,0.88775,0.88785,1.00,6.60
2009.02.23 07:06:56.130,0.88775,0.88785,1.00,3.40
2009.02.23 07:06:56.309,0.88775,0.88785,1.00,1.80
2009.02.23 07:06:59.239,0.88775,0.8879,1.00,7.80
2009.02.23 07:06:59.469,0.88775,0.8879,1.00,7.40
2009.02.23 07:07:00.009,0.88775,0.8879,1.00,7.80
2009.02.23 07:07:00.288,0.88775,0.8879,1.00,11.00
2009.02.23 07:07:00.469,0.88775,0.8879,1.00,9.00
2009.02.23 07:07:00.729,0.88775,0.8879,1.00,10.60
2009.02.23 07:07:04.417,0.88775,0.8878,1.00,1.20
2009.02.23 07:07:05.037,0.88775,0.8878,1.00,1.00
2009.02.23 07:07:05.787,0.88775,0.8879,1.00,11.20
2009.02.23 07:07:06.127,0.88775,0.88785,1.00,4.00
2009.02.23 07:07:06.307,0.88775,0.88785,1.00,6.60
2009.02.23 07:07:06.487,0.88775,0.8878,1.00,1.00
2009.02.23 07:07:07.227,0.88775,0.8879,5.00,5.40
2009.02.23 07:07:07.347,0.88775,0.8879,5.00,3.80
2009.02.23 07:07:07.787,0.88775,0.88795,5.00,1.80
2009.02.23 07:07:08.697,0.88775,0.88795,5.00,7.40
2009.02.23 07:07:09.866,0.88775,0.8879,2.80,1.80
2009.02.23 07:07:10.156,0.88775,0.8879,1.00,2.60
2009.02.23 07:07:10.486,0.88775,0.8879,1.00,2.20
2009.02.23 07:07:10.706,0.88775,0.8879,1.00,2.60
2009.02.23 07:07:11.546,0.88775,0.8879,1.00,4.20
2009.02.23 07:07:11.896,0.88775,0.8879,1.00,6.60
2009.02.23 07:07:12.465,0.88775,0.8879,1.00,4.60
2009.02.23 07:07:12.645,0.88775,0.8879,1.00,2.80
2009.02.23 07:07:12.986,0.88775,0.8879,1.00,5.40
2009.02.23 07:07:13.225,0.88775,0.88795,1.00,7.40
2009.02.23 07:07:15.725,0.88775,0.88795,1.00,9.00
2009.02.23 07:07:15.904,0.88775,0.88795,1.00,7.40
2009.02.23 07:07:16.824,0.8878,0.88795,1.00,7.40
2009.02.23 07:07:16.934,0.8878,0.88795,1.00,7.40
2009.02.23 07:07:17.574,0.8878,0.8879,1.00,1.20
2009.02.23 07:07:18.085,0.8878,0.8879,1.00,7.00
2009.02.23 07:07:18.314,0.8878,0.8879,1.00,3.40
2009.02.23 07:07:18.544,0.8878,0.8879,1.00,4.60
2009.02.23 07:07:18.704,0.8878,0.8879,1.00,6.60
2009.02.23 07:07:19.224,0.8878,0.8879,1.00,5.40
2009.02.23 07:07:19.514,0.8878,0.88795,1.00,10.60
2009.02.23 07:07:26.362,0.8878,0.8879,1.00,6.60
2009.02.23 07:07:28.072,0.8878,0.88785,1.00,2.60
2009.02.23 07:07:28.302,0.8878,0.8879,1.00,10.00
2009.02.23 07:07:28.791,0.8878,0.88785,1.00,1.20
2009.02.23 07:07:29.271,0.8878,0.8879,1.00,8.20
2009.02.23 07:07:29.791,0.8878,0.8879,2.80,3.00
2009.02.23 07:07:30.071,0.88785,0.88795,1.00,1.20
2009.02.23 07:07:30.291,0.88785,0.8879,1.00,1.20
2009.02.23 07:07:30.501,0.88785,0.8879,1.00,2.60
2009.02.23 07:07:30.612,0.8878,0.88785,1.00,3.20
2009.02.23 07:07:30.731,0.8878,0.88785,1.00,3.80
2009.02.23 07:07:30.951,0.8878,0.88785,1.00,2.20
2009.02.23 07:07:31.121,0.8878,0.8879,1.20,11.00
2009.02.23 07:07:31.351,0.8878,0.8879,1.20,2.20
2009.02.23 07:07:31.581,0.88785,0.88805,4.80,6.60
2009.02.23 07:07:31.821,0.8878,0.888,5.60,1.20
2009.02.23 07:07:32.171,0.8878,0.888,5.00,1.80
2009.02.23 07:07:32.401,0.8878,0.888,1.00,1.80
2009.02.23 07:07:32.781,0.8878,0.888,1.00,3.20
2009.02.23 07:07:33.060,0.8878,0.88785,1.00,1.60
2009.02.23 07:07:33.350,0.8878,0.888,1.00,8.00
2009.02.23 07:07:34.560,0.8878,0.888,1.00,6.00
2009.02.23 07:07:34.920,0.8878,0.888,1.00,1.80
2009.02.23 07:07:36.120,0.8878,0.88795,1.00,1.80
2009.02.23 07:07:36.920,0.8878,0.888,1.00,8.60
2009.02.23 07:07:37.100,0.8878,0.888,1.00,1.80
2009.02.23 07:07:38.879,0.8878,0.888,1.00,2.60
2009.02.23 07:07:39.969,0.8878,0.888,2.80,2.60
2009.02.23 07:07:40.019,0.8878,0.88805,7.60,5.80
2009.02.23 07:07:40.199,0.8878,0.88805,7.60,4.20
2009.02.23 07:07:40.309,0.8878,0.88805,5.00,5.20
2009.02.23 07:07:40.369,0.8878,0.88805,5.00,6.60
2009.02.23 07:07:40.599,0.8878,0.888,5.00,1.00
2009.02.23 07:07:45.388,0.88785,0.888,4.80,1.00
2009.02.23 07:07:45.447,0.88785,0.88805,4.80,2.20
2009.02.23 07:07:45.617,0.88785,0.88805,2.40,2.60
2009.02.23 07:07:45.897,0.8878,0.88805,5.00,2.60
2009.02.23 07:07:45.957,0.8878,0.888,5.00,1.00
2009.02.23 07:07:46.957,0.8878,0.888,5.60,1.00
2009.02.23 07:07:47.309,0.8878,0.88805,5.60,3.80
2009.02.23 07:07:47.487,0.8878,0.88805,5.60,3.00
2009.02.23 07:07:48.237,0.88785,0.88805,4.80,1.60
2009.02.23 07:07:48.477,0.8878,0.88805,5.00,5.80
2009.02.23 07:07:48.767,0.8878,0.88805,5.60,6.60
2009.02.23 07:07:49.166,0.8878,0.88805,5.60,7.00
2009.02.23 07:07:50.157,0.88785,0.88805,1.00,7.00
2009.02.23 07:07:50.886,0.88785,0.88805,5.00,5.80
2009.02.23 07:07:51.396,0.88785,0.88805,5.00,2.00
2009.02.23 07:07:51.506,0.88785,0.88805,1.00,3.00
2009.02.23 07:07:51.796,0.88785,0.88805,1.00,6.20
2009.02.23 07:07:52.036,0.88785,0.88805,1.00,7.00
2009.02.23 07:07:52.366,0.8879,0.88805,3.20,1.60
2009.02.23 07:07:52.876,0.88785,0.88805,5.00,1.60
2009.02.23 07:07:53.236,0.88785,0.88805,1.80,2.60
2009.02.23 07:07:53.475,0.88785,0.88805,3.40,2.60
2009.02.23 07:07:54.265,0.88785,0.88805,1.20,2.60
2009.02.23 07:07:54.505,0.88785,0.88805,1.00,2.60
2009.02.23 07:07:54.975,0.88785,0.88805,5.00,1.60
2009.02.23 07:07:58.874,0.88785,0.88805,5.00,5.40
2009.02.23 07:07:59.504,0.88785,0.88805,1.00,6.60
2009.02.23 07:08:00.664,0.88785,0.888,1.00,1.20
2009.02.23 07:08:00.924,0.88785,0.888,1.00,1.80
2009.02.23 07:08:01.104,0.88785,0.888,1.00,7.40
2009.02.23 07:08:01.454,0.88785,0.888,1.00,9.20
2009.02.23 07:08:01.684,0.88785,0.888,1.00,8.40
2009.02.23 07:08:02.553,0.88785,0.888,1.00,9.00
2009.02.23 07:08:02.713,0.88785,0.888,1.00,9.20
2009.02.23 07:08:03.064,0.88785,0.88795,1.00,5.40
2009.02.23 07:08:03.473,0.88785,0.88795,1.00,7.00
2009.02.23 07:08:03.753,0.88785,0.88795,1.00,8.20
2009.02.23 07:08:04.503,0.88785,0.88795,1.00,6.60
2009.02.23 07:08:05.193,0.88785,0.88795,1.00,5.40
2009.02.23 07:08:05.473,0.88785,0.88795,1.00,7.00
2009.02.23 07:08:05.833,0.88785,0.88795,1.00,7.60
2009.02.23 07:08:06.112,0.8878,0.88785,2.20,5.40
2009.02.23 07:08:06.513,0.8878,0.88785,2.20,2.20
2009.02.23 07:08:06.912,0.8878,0.8879,2.20,6.80
2009.02.23 07:08:07.372,0.8878,0.8879,2.20,4.20
2009.02.23 07:08:07.662,0.8878,0.8879,2.20,1.20
2009.02.23 07:08:08.532,0.8878,0.8879,2.20,1.40
2009.02.23 07:08:08.822,0.8878,0.8879,2.20,1.20
2009.02.23 07:08:13.341,0.8878,0.8879,2.20,2.00
2009.02.23 07:08:13.691,0.8878,0.88785,1.80,5.40
2009.02.23 07:08:13.911,0.8878,0.88785,1.00,8.70
2009.02.23 07:08:14.300,0.88775,0.8878,1.00,5.40
2009.02.23 07:08:14.771,0.88775,0.8878,1.00,5.00
2009.02.23 07:08:14.940,0.88775,0.8878,1.00,3.40
2009.02.23 07:08:15.280,0.88775,0.88785,1.00,5.00
2009.02.23 07:08:15.790,0.88775,0.88785,1.00,1.80
2009.02.23 07:08:16.080,0.88775,0.8879,1.00,4.60
2009.02.23 07:08:16.430,0.88775,0.8879,1.00,1.60
2009.02.23 07:08:16.600,0.88775,0.88795,1.00,5.00
2009.02.23 07:08:17.930,0.88775,0.88795,1.00,6.40
2009.02.23 07:08:21.359,0.88775,0.88795,5.20,5.20
2009.02.23 07:08:21.469,0.88775,0.88795,5.20,3.40
2009.02.23 07:08:21.819,0.88775,0.8879,1.00,1.20
2009.02.23 07:08:22.289,0.88775,0.8879,1.00,3.00
2009.02.23 07:08:22.518,0.88775,0.88785,1.00,1.00
2009.02.23 07:08:23.158,0.88775,0.8878,1.00,1.20
2009.02.23 07:08:23.808,0.88775,0.88785,1.00,5.80
2009.02.23 07:08:24.388,0.88775,0.88785,1.00,1.60
2009.02.23 07:08:24.668,0.88775,0.88785,1.00,5.80
2009.02.23 07:08:24.848,0.88775,0.88785,1.00,1.00
2009.02.23 07:08:25.088,0.88775,0.8878,1.00,2.00
2009.02.23 07:08:25.448,0.88775,0.8878,1.00,1.80
2009.02.23 07:08:25.618,0.8874,0.8877,1.00,1.00
2009.02.23 07:08:26.068,0.8874,0.88785,11.60,7.40
2009.02.23 07:08:26.348,0.88745,0.88785,3.20,7.40
2009.02.23 07:08:26.520,0.88745,0.88785,4.00,5.80
2009.02.23 07:08:27.278,0.88755,0.88785,4.00,6.00
2009.02.23 07:08:27.577,0.8875,0.88785,11.60,5.80
2009.02.23 07:08:27.927,0.88755,0.88785,3.20,5.80
2009.02.23 07:08:28.167,0.88755,0.88785,4.00,5.80
2009.02.23 07:08:28.507,0.88755,0.88785,4.00,6.80
2009.02.23 07:08:28.727,0.88755,0.8878,2.00,1.00
2009.02.23 07:08:29.017,0.8875,0.8878,1.00,5.00
2009.02.23 07:08:30.437,0.8875,0.8878,7.00,3.40
2009.02.23 07:08:30.487,0.8875,0.88785,8.80,10.00
2009.02.23 07:08:32.806,0.8875,0.88785,14.60,9.40
2009.02.23 07:08:33.146,0.88755,0.88785,4.00,3.80
2009.02.23 07:08:33.386,0.88765,0.88785,3.20,1.60
2009.02.23 07:08:33.606,0.88765,0.88795,4.00,1.00
2009.02.23 07:08:36.275,0.88775,0.88795,4.80,1.00
2009.02.23 07:08:36.575,0.88775,0.888,4.80,3.40
2009.02.23 07:08:36.746,0.88775,0.888,4.80,4.60
2009.02.23 07:08:36.925,0.88775,0.888,4.80,7.00
2009.02.23 07:08:37.325,0.8878,0.888,4.80,6.60
2009.02.23 07:08:39.425,0.88775,0.888,4.80,6.60
2009.02.23 07:08:41.444,0.88775,0.888,4.80,8.20
2009.02.23 07:08:41.504,0.88775,0.888,4.80,8.40
2009.02.23 07:08:41.684,0.88765,0.888,11.60,8.40
2009.02.23 07:08:41.794,0.88765,0.88795,11.60,5.40
2009.02.23 07:08:42.134,0.88765,0.88795,11.60,7.40
2009.02.23 07:08:42.244,0.88755,0.88785,13.00,1.00
2009.02.23 07:08:42.634,0.88755,0.88785,9.80,1.00
2009.02.23 07:08:44.373,0.8876,0.8879,3.20,2.20
2009.02.23 07:08:44.733,0.8876,0.88795,4.00,6.00
2009.02.23 07:08:45.993,0.88765,0.88795,2.80,5.60
2009.02.23 07:08:46.053,0.88775,0.88795,4.80,2.60
2009.02.23 07:08:46.163,0.88775,0.88795,4.80,2.20
2009.02.23 07:08:46.273,0.88775,0.888,4.80,2.60
2009.02.23 07:08:46.563,0.88775,0.888,4.80,3.00
2009.02.23 07:08:46.803,0.8878,0.888,4.80,2.00
2009.02.23 07:08:46.923,0.8878,0.888,4.80,1.20
2009.02.23 07:08:47.202,0.8878,0.88805,4.80,15.40
2009.02.23 07:08:48.983,0.8878,0.88805,4.80,15.60
2009.02.23 07:08:49.152,0.88775,0.888,6.80,2.60
2009.02.23 07:08:49.482,0.88775,0.888,4.00,2.60
2009.02.23 07:08:50.462,0.8878,0.88805,4.80,8.60
2009.02.23 07:08:50.752,0.8878,0.88805,4.80,9.80
2009.02.23 07:08:51.222,0.88775,0.88795,5.60,3.00
2009.02.23 07:08:51.502,0.8876,0.8879,10.40,5.40
2009.02.23 07:08:52.011,0.8876,0.88795,14.60,8.20
2009.02.23 07:08:52.351,0.8876,0.88795,14.60,6.60
2009.02.23 07:08:52.741,0.8877,0.88795,1.20,2.20
2009.02.23 07:08:53.081,0.8878,0.888,2.80,2.00
2009.02.23 07:08:53.541,0.8879,0.88805,4.80,3.00
2009.02.23 07:08:53.771,0.88795,0.88815,5.60,3.60
2009.02.23 07:08:54.001,0.88795,0.88825,5.60,5.40
2009.02.23 07:08:54.271,0.88795,0.8882,5.60,3.00
2009.02.23 07:08:54.501,0.888,0.8882,4.80,5.40
2009.02.23 07:08:54.801,0.888,0.8882,4.80,2.20
2009.02.23 07:08:55.041,0.888,0.8882,4.80,1.20
2009.02.23 07:08:57.190,0.8881,0.88825,4.80,6.20
2009.02.23 07:08:57.420,0.88815,0.8882,4.80,1.00
2009.02.23 07:08:57.700,0.88815,0.8883,4.80,5.40
2009.02.23 07:08:57.920,0.8882,0.8884,4.80,11.60
2009.02.23 07:08:58.210,0.8882,0.8884,4.80,3.80
2009.02.23 07:08:58.450,0.8882,0.88845,4.80,7.80
2009.02.23 07:08:58.630,0.8882,0.88845,4.80,6.60
2009.02.23 07:08:58.970,0.8882,0.88845,4.80,3.40
2009.02.23 07:08:59.319,0.8882,0.88845,4.80,6.60
2009.02.23 07:08:59.830,0.8882,0.88845,4.80,7.00
2009.02.23 07:09:01.379,0.8882,0.88845,4.80,5.80
2009.02.23 07:09:01.439,0.8882,0.88845,4.80,5.20
2009.02.23 07:09:01.549,0.88815,0.88835,8.00,2.60
2009.02.23 07:09:01.659,0.88815,0.88835,8.80,2.60
2009.02.23 07:09:01.839,0.88815,0.88835,8.80,4.40
2009.02.23 07:09:01.949,0.88815,0.88835,5.60,4.60
2009.02.23 07:09:02.309,0.88815,0.88835,4.80,7.00
2009.02.23 07:09:03.169,0.88815,0.88835,4.80,5.80
2009.02.23 07:09:03.349,0.88815,0.88835,2.40,4.80
2009.02.23 07:09:03.629,0.8881,0.8883,9.00,2.60
2009.02.23 07:09:03.919,0.8881,0.8883,4.80,5.80
2009.02.23 07:09:04.129,0.88805,0.8883,4.80,8.20
2009.02.23 07:09:04.538,0.88805,0.8883,4.80,6.00
2009.02.23 07:09:04.818,0.88805,0.8883,4.80,4.20
2009.02.23 07:09:05.208,0.88805,0.8883,4.80,1.80
2009.02.23 07:09:05.568,0.88805,0.88825,4.80,1.00
2009.02.23 07:09:05.688,0.88805,0.88835,6.00,7.00
2009.02.23 07:09:05.808,0.8881,0.88835,4.80,5.80
2009.02.23 07:09:05.978,0.8881,0.88835,5.20,5.40
2009.02.23 07:09:06.098,0.8881,0.88835,8.40,2.20
2009.02.23 07:09:06.248,0.8881,0.88835,2.20,3.40
2009.02.23 07:09:06.478,0.8881,0.88835,1.00,2.20
2009.02.23 07:09:06.648,0.8881,0.88835,1.00,6.60
2009.02.23 07:09:06.818,0.8881,0.88835,1.00,3.40
2009.02.23 07:09:07.058,0.8881,0.88835,1.00,1.20
2009.02.23 07:09:07.228,0.8881,0.8882,1.00,1.20
2009.02.23 07:09:07.388,0.8881,0.8882,1.00,4.20
2009.02.23 07:09:07.678,0.88815,0.8882,4.80,5.40
2009.02.23 07:09:08.028,0.88815,0.88845,4.80,5.40
2009.02.23 07:09:08.307,0.88815,0.88845,4.80,2.20
2009.02.23 07:09:08.607,0.88815,0.8885,4.80,6.80
2009.02.23 07:09:09.358,0.88815,0.8884,4.80,3.20
2009.02.23 07:09:09.697,0.8881,0.88835,1.00,1.20
2009.02.23 07:09:10.147,0.8881,0.88835,4.00,1.00
2009.02.23 07:09:10.607,0.8881,0.88835,1.00,3.40
2009.02.23 07:09:10.957,0.8881,0.88835,1.00,5.80
2009.02.23 07:09:11.187,0.8881,0.8883,1.00,1.00
2009.02.23 07:09:12.187,0.8881,0.8883,1.00,1.40
2009.02.23 07:09:12.486,0.8881,0.8883,1.00,1.60
2009.02.23 07:09:12.876,0.8881,0.8883,1.00,7.20
2009.02.23 07:09:13.316,0.8881,0.8883,1.00,6.80
2009.02.23 07:09:13.796,0.8881,0.8882,1.00,2.60
2009.02.23 07:09:14.156,0.8881,0.8882,1.00,5.80
2009.02.23 07:09:14.516,0.8881,0.8882,1.00,8.20
2009.02.23 07:09:15.366,0.8881,0.88815,1.00,2.60
2009.02.23 07:09:15.836,0.8881,0.88815,1.00,2.80
2009.02.23 07:09:15.955,0.888,0.8881,1.20,2.60
2009.02.23 07:09:16.006,0.888,0.8881,1.20,2.60
2009.02.23 07:09:16.065,0.8881,0.88815,1.00,7.70
2009.02.23 07:09:16.355,0.888,0.8881,1.00,4.20
2009.02.23 07:09:16.476,0.888,0.8881,1.00,2.60
2009.02.23 07:09:17.306,0.888,0.88815,1.00,8.20
2009.02.23 07:09:17.705,0.888,0.88805,1.00,1.20
2009.02.23 07:09:19.005,0.888,0.88805,1.00,6.50
2009.02.23 07:09:19.235,0.88775,0.88795,2.30,3.20
2009.02.23 07:09:19.585,0.88745,0.8879,5.60,2.20
2009.02.23 07:09:19.934,0.8879,0.88805,4.00,4.20
2009.02.23 07:09:20.265,0.88755,0.8879,3.20,2.20
2009.02.23 07:09:20.545,0.88745,0.8879,6.80,5.40
2009.02.23 07:09:20.764,0.88745,0.88785,4.00,3.00
2009.02.23 07:09:21.005,0.8875,0.88785,6.80,5.40
2009.02.23 07:09:21.245,0.8875,0.88785,6.80,7.00
2009.02.23 07:09:21.524,0.8875,0.88785,9.80,7.00
2009.02.23 07:09:22.744,0.88765,0.88785,3.20,3.80
2009.02.23 07:09:22.984,0.88765,0.8881,4.00,5.40
2009.02.23 07:09:23.164,0.88765,0.8881,3.20,5.40
2009.02.23 07:09:23.394,0.88765,0.8881,4.00,5.40
2009.02.23 07:09:24.034,0.8879,0.88805,4.80,3.00
2009.02.23 07:09:24.274,0.88785,0.88805,3.20,1.60
2009.02.23 07:09:24.684,0.8877,0.88805,8.80,7.20
2009.02.23 07:09:24.923,0.8877,0.88805,8.80,8.80
2009.02.23 07:09:25.094,0.88765,0.888,4.00,5.80
2009.02.23 07:09:25.483,0.88765,0.88795,4.00,1.00
2009.02.23 07:09:25.663,0.88765,0.88795,4.00,6.00
2009.02.23 07:09:25.833,0.8876,0.88795,4.00,6.00
2009.02.23 07:09:25.993,0.8876,0.8879,4.00,1.00
2009.02.23 07:09:26.233,0.8877,0.8879,4.80,3.00
2009.02.23 07:09:26.593,0.8877,0.8879,8.00,2.20
2009.02.23 07:09:26.823,0.8877,0.888,8.80,2.60
2009.02.23 07:09:27.783,0.88775,0.888,4.00,2.60
2009.02.23 07:09:28.113,0.88775,0.8879,4.00,1.00
2009.02.23 07:09:28.403,0.88765,0.8879,4.00,1.00
2009.02.23 07:09:28.743,0.88765,0.88795,3.20,2.60
2009.02.23 07:09:29.093,0.8878,0.88795,4.80,1.00
2009.02.23 07:09:29.272,0.8878,0.88805,4.80,4.20
2009.02.23 07:09:29.632,0.8878,0.88805,4.80,1.20
2009.02.23 07:09:32.072,0.8878,0.88805,4.80,2.60
2009.02.23 07:09:32.901,0.88785,0.88805,4.80,1.20
2009.02.23 07:09:37.081,0.8879,0.8881,7.40,3.00
2009.02.23 07:09:37.200,0.8879,0.88815,4.80,6.60
2009.02.23 07:09:37.380,0.8879,0.88815,4.80,4.60
2009.02.23 07:09:37.500,0.8879,0.88815,4.80,5.80
2009.02.23 07:09:37.620,0.8879,0.88815,4.80,2.60
2009.02.23 07:09:40.540,0.88785,0.8881,8.80,1.20
2009.02.23 07:09:40.770,0.88785,0.8881,7.40,1.20
2009.02.23 07:09:41.010,0.88785,0.8881,4.80,1.20
2009.02.23 07:09:41.129,0.88785,0.88805,4.80,1.20
2009.02.23 07:09:43.059,0.88785,0.8881,4.80,9.80
2009.02.23 07:09:43.289,0.8879,0.88815,4.80,8.60
2009.02.23 07:09:43.579,0.8879,0.88815,4.80,3.40
2009.02.23 07:09:43.929,0.88785,0.8881,8.80,1.20
2009.02.23 07:09:44.309,0.88785,0.8881,5.60,1.20
2009.02.23 07:09:44.599,0.88785,0.8881,4.80,1.20
2009.02.23 07:09:53.147,0.88795,0.8882,4.80,8.40
2009.02.23 07:09:53.437,0.88795,0.8882,4.80,6.80
2009.02.23 07:09:54.736,0.8879,0.88815,4.80,1.20
2009.02.23 07:09:54.906,0.8879,0.88815,4.80,2.60
2009.02.23 07:09:55.676,0.8879,0.88815,4.80,2.80
2009.02.23 07:09:56.076,0.8879,0.88815,4.80,1.60
2009.02.23 07:09:58.935,0.88785,0.8881,11.60,1.20
2009.02.23 07:09:59.395,0.88785,0.8881,8.80,1.40
2009.02.23 07:09:59.685,0.8878,0.88805,14.40,1.00
2009.02.23 07:10:00.025,0.88785,0.88805,4.00,1.00
2009.02.23 07:10:00.245,0.8878,0.88805,8.80,3.00
2009.02.23 07:10:00.475,0.8878,0.88805,5.60,3.00
2009.02.23 07:10:00.655,0.8878,0.88805,7.60,1.00
2009.02.23 07:10:00.995,0.8878,0.88805,10.80,1.00
2009.02.23 07:10:01.105,0.8878,0.88805,11.60,1.00
2009.02.23 07:10:01.275,0.88785,0.88805,4.80,1.80
2009.02.23 07:10:01.565,0.88785,0.88805,4.80,3.00
2009.02.23 07:10:02.544,0.88785,0.88805,4.80,1.80
2009.02.23 07:10:02.824,0.88785,0.8881,7.60,6.20
2009.02.23 07:10:02.994,0.88785,0.8881,7.60,3.00
2009.02.23 07:10:03.334,0.88785,0.8881,8.00,3.00
2009.02.23 07:10:04.074,0.88785,0.88805,1.00,5.80
2009.02.23 07:10:04.394,0.88785,0.888,1.00,4.20
2009.02.23 07:10:04.804,0.8877,0.888,5.60,6.00
2009.02.23 07:10:05.483,0.88775,0.888,2.80,6.00
2009.02.23 07:10:05.663,0.88775,0.888,2.80,2.60
2009.02.23 07:10:06.025,0.88775,0.888,2.80,1.00
2009.02.23 07:10:07.223,0.88775,0.88805,2.80,7.60
2009.02.23 07:10:07.503,0.88775,0.88805,5.60,6.00
2009.02.23 07:10:07.793,0.88775,0.888,5.60,1.20
2009.02.23 07:10:08.133,0.88775,0.888,7.60,3.00
2009.02.23 07:10:08.833,0.88775,0.888,7.60,2.60
2009.02.23 07:10:11.762,0.8878,0.888,2.80,2.60
2009.02.23 07:10:12.112,0.8878,0.888,7.60,2.60
2009.02.23 07:10:12.452,0.88775,0.888,14.60,2.60
2009.02.23 07:10:12.682,0.88775,0.888,10.40,2.60
2009.02.23 07:10:12.912,0.88775,0.888,13.80,2.60
2009.02.23 07:10:13.312,0.8878,0.888,7.60,1.20
2009.02.23 07:10:13.982,0.88785,0.88805,7.60,6.60
2009.02.23 07:10:14.452,0.88785,0.88805,7.60,2.60
2009.02.23 07:10:16.351,0.88785,0.88805,4.80,6.80
2009.02.23 07:10:16.511,0.8878,0.888,7.60,1.20
2009.02.23 07:10:17.021,0.88785,0.88805,4.80,5.80
2009.02.23 07:10:17.141,0.88785,0.88805,7.60,1.60
2009.02.23 07:10:18.081,0.88785,0.88805,2.80,1.60
2009.02.23 07:10:18.250,0.888,0.88805,1.00,1.60
2009.02.23 07:10:18.531,0.88795,0.88815,6.00,2.20
2009.02.23 07:10:18.761,0.888,0.8883,2.80,2.20
2009.02.23 07:10:18.930,0.888,0.8883,5.60,1.80
2009.02.23 07:10:19.100,0.888,0.8883,5.60,3.00
2009.02.23 07:10:19.510,0.88805,0.88835,9.80,1.00
2009.02.23 07:10:21.190,0.8881,0.88835,7.60,1.00
2009.02.23 07:10:21.650,0.8881,0.88835,10.80,1.00
2009.02.23 07:10:21.940,0.8881,0.88835,4.60,4.80
2009.02.23 07:10:22.110,0.88805,0.88835,9.80,6.00
2009.02.23 07:10:22.380,0.88805,0.8883,7.00,1.00
2009.02.23 07:10:22.789,0.88805,0.8883,4.00,3.00
2009.02.23 07:10:23.120,0.88805,0.8883,6.80,1.00
2009.02.23 07:10:24.859,0.88805,0.88825,4.00,1.00
2009.02.23 07:10:25.139,0.88805,0.88825,4.00,1.00
2009.02.23 07:10:25.309,0.888,0.88825,6.80,1.00
2009.02.23 07:10:27.139,0.888,0.8882,4.00,1.00
2009.02.23 07:10:27.428,0.888,0.8882,4.00,1.00
2009.02.23 07:10:27.668,0.88795,0.8882,6.80,1.00
2009.02.23 07:10:28.298,0.88795,0.8882,6.80,1.00
2009.02.23 07:10:28.528,0.88795,0.8882,4.00,1.00
2009.02.23 07:10:28.588,0.88795,0.8882,1.00,1.00
2009.02.23 07:10:28.698,0.8879,0.8882,9.80,1.00
2009.02.23 07:10:28.868,0.8879,0.8882,9.80,6.00
2009.02.23 07:10:29.688,0.8879,0.8882,6.80,6.00
2009.02.23 07:10:30.008,0.8879,0.88815,6.80,1.00
2009.02.23 07:10:31.587,0.8879,0.88815,2.80,1.00
2009.02.23 07:10:31.817,0.88785,0.88815,9.80,1.00
2009.02.23 07:10:32.197,0.88795,0.88815,3.20,1.00
2009.02.23 07:10:32.307,0.888,0.8882,7.60,3.20
2009.02.23 07:10:32.537,0.888,0.88825,7.60,1.00
2009.02.23 07:10:33.447,0.888,0.88825,13.80,1.00
2009.02.23 07:10:33.507,0.88805,0.8883,4.80,4.60
2009.02.23 07:10:33.817,0.88805,0.8883,4.80,1.00
2009.02.23 07:10:34.097,0.88805,0.88825,4.80,1.00
2009.02.23 07:10:34.377,0.88805,0.88825,7.60,1.00
2009.02.23 07:10:34.607,0.88805,0.88835,14.60,1.20
2009.02.23 07:10:34.947,0.88815,0.88835,4.80,1.00
2009.02.23 07:10:35.247,0.88805,0.88835,19.40,1.00
2009.02.23 07:10:35.606,0.88805,0.88835,14.60,1.00
2009.02.23 07:10:38.256,0.8882,0.8884,4.80,3.00
2009.02.23 07:10:38.606,0.8882,0.8884,4.80,1.40
2009.02.23 07:10:39.006,0.88815,0.8884,7.60,1.40
2009.02.23 07:10:39.296,0.88815,0.88835,4.80,1.00
2009.02.23 07:10:40.945,0.88815,0.88835,4.80,1.00
2009.02.23 07:10:41.396,0.8881,0.88835,8.80,1.60
2009.02.23 07:10:41.455,0.8881,0.88835,4.80,3.00
2009.02.23 07:10:41.685,0.8881,0.88835,4.80,2.60
2009.02.23 07:10:43.454,0.8881,0.88835,6.00,2.60
2009.02.23 07:10:43.664,0.88815,0.8884,4.80,6.60
2009.02.23 07:10:45.004,0.88815,0.8884,4.80,3.40
2009.02.23 07:10:45.234,0.88815,0.8884,4.80,2.60
2009.02.23 07:10:51.173,0.88815,0.88835,4.80,3.20
2009.02.23 07:10:51.293,0.8881,0.88825,3.20,1.20
2009.02.23 07:10:51.563,0.88805,0.88825,8.80,1.20
2009.02.23 07:11:00.390,0.88805,0.8883,8.80,2.60
2009.02.23 07:11:00.680,0.88805,0.8883,5.60,4.20
2009.02.23 07:11:00.860,0.88805,0.8883,4.80,5.40
2009.02.23 07:11:01.250,0.88805,0.8883,7.40,5.40
2009.02.23 07:11:01.430,0.88805,0.8883,4.80,5.40
2009.02.23 07:11:02.130,0.888,0.8883,8.80,6.80
2009.02.23 07:11:02.460,0.888,0.8883,8.80,10.40
2009.02.23 07:11:02.800,0.88795,0.88825,4.80,6.60
2009.02.23 07:11:03.140,0.88805,0.8883,4.80,10.00
2009.02.23 07:11:04.359,0.8881,0.8883,4.80,9.80
2009.02.23 07:11:04.690,0.8881,0.8883,4.80,6.60
2009.02.23 07:11:07.649,0.88805,0.8883,4.80,6.80
2009.02.23 07:11:08.169,0.88805,0.8883,4.80,10.00
2009.02.23 07:11:08.288,0.88795,0.88815,12.00,1.20
2009.02.23 07:11:08.689,0.88795,0.88815,7.40,1.20
2009.02.23 07:11:09.028,0.88795,0.88815,4.80,1.20
2009.02.23 07:11:09.828,0.8879,0.88815,4.80,4.60
2009.02.23 07:11:10.118,0.8879,0.8881,1.60,7.40
2009.02.23 07:11:10.348,0.8879,0.88815,4.80,7.60
2009.02.23 07:11:10.628,0.8879,0.88815,4.80,10.00
2009.02.23 07:11:11.698,0.88785,0.8881,4.80,1.20
2009.02.23 07:11:11.928,0.8879,0.8881,4.80,3.20
2009.02.23 07:11:12.218,0.8879,0.8881,4.80,6.20
2009.02.23 07:11:12.548,0.8879,0.8881,4.80,5.40
2009.02.23 07:11:13.017,0.8879,0.88815,4.80,10.00
2009.02.23 07:11:16.746,0.8879,0.88815,4.80,10.40
2009.02.23 07:11:16.966,0.88785,0.8881,4.80,6.00
2009.02.23 07:11:17.426,0.88785,0.8881,4.80,9.80
2009.02.23 07:11:17.997,0.88785,0.88805,4.80,1.40
2009.02.23 07:11:18.276,0.8878,0.888,4.80,1.20
2009.02.23 07:11:19.116,0.8878,0.88805,4.80,1.20
2009.02.23 07:11:20.027,0.8878,0.88805,4.80,4.60
2009.02.23 07:11:20.196,0.8878,0.88805,4.80,2.60
2009.02.23 07:11:20.866,0.88785,0.8881,4.80,8.20
2009.02.23 07:11:21.325,0.8878,0.88805,4.80,2.60
2009.02.23 07:11:24.435,0.88785,0.8881,4.80,11.60
2009.02.23 07:11:24.715,0.88785,0.8881,4.80,8.20
2009.02.23 07:11:25.075,0.88785,0.8881,4.80,6.60
2009.02.23 07:11:25.784,0.88785,0.8881,5.60,1.80
2009.02.23 07:11:25.904,0.88785,0.8881,4.80,4.20
2009.02.23 07:11:26.084,0.88785,0.8881,4.80,7.20
2009.02.23 07:11:26.264,0.88775,0.888,1.80,5.80
2009.02.23 07:11:26.494,0.8877,0.888,10.40,5.40
2009.02.23 07:11:26.664,0.8877,0.888,5.60,7.00
2009.02.23 07:11:26.844,0.88765,0.8879,2.60,1.80
2009.02.23 07:11:26.964,0.88765,0.8879,1.00,4.60
2009.02.23 07:11:27.184,0.8876,0.8878,2.80,3.00
2009.02.23 07:11:27.354,0.8876,0.8878,2.80,5.40
2009.02.23 07:11:27.474,0.8876,0.8878,5.60,5.40
2009.02.23 07:11:27.924,0.8876,0.88775,5.60,7.00
2009.02.23 07:11:28.264,0.8876,0.88775,2.80,7.00
2009.02.23 07:11:30.373,0.88765,0.88775,1.60,7.00
2009.02.23 07:11:30.553,0.8877,0.88775,4.80,5.40
2009.02.23 07:11:30.663,0.8877,0.8881,8.80,1.20
2009.02.23 07:11:30.783,0.8877,0.8881,7.40,2.80
2009.02.23 07:11:30.843,0.8877,0.8881,5.60,4.20
2009.02.23 07:11:30.903,0.8877,0.8881,4.00,3.40
2009.02.23 07:11:31.143,0.8877,0.8881,4.00,3.60
2009.02.23 07:11:31.373,0.8876,0.88805,4.00,7.60
2009.02.23 07:11:34.283,0.88775,0.88795,2.00,4.40
2009.02.23 07:11:34.522,0.88775,0.888,4.00,1.20
2009.02.23 07:11:37.731,0.8878,0.88805,4.80,3.00
2009.02.23 07:11:40.271,0.88775,0.88805,4.00,3.00
2009.02.23 07:11:40.501,0.88775,0.88805,4.00,1.60
2009.02.23 07:11:40.561,0.8878,0.88805,3.20,3.20
2009.02.23 07:11:40.681,0.8878,0.88805,8.80,2.80
2009.02.23 07:11:40.791,0.8878,0.88805,8.80,2.60
2009.02.23 07:11:41.031,0.8878,0.88805,4.00,2.60
2009.02.23 07:11:41.091,0.8878,0.88805,2.60,4.80
2009.02.23 07:11:41.201,0.8878,0.88805,4.00,4.80
2009.02.23 07:11:41.431,0.88775,0.88805,4.00,4.80
2009.02.23 07:11:42.060,0.88775,0.88805,8.80,3.00
2009.02.23 07:11:49.759,0.88775,0.888,4.80,5.80
2009.02.23 07:11:50.049,0.8877,0.8879,4.00,2.60
2009.02.23 07:11:50.219,0.88765,0.8879,4.80,2.60
2009.02.23 07:11:52.468,0.8876,0.8879,8.80,3.00
2009.02.23 07:11:53.048,0.8876,0.88785,8.80,2.60
2009.02.23 07:11:53.448,0.8876,0.88785,7.40,5.00
2009.02.23 07:11:53.678,0.88755,0.88785,8.80,5.40
2009.02.23 07:11:53.948,0.88755,0.8879,8.80,6.80
2009.02.23 07:11:54.307,0.88755,0.88785,8.80,4.20
2009.02.23 07:11:54.787,0.88755,0.88785,8.80,2.60
2009.02.23 07:11:55.127,0.88755,0.88785,8.80,8.20
2009.02.23 07:11:55.467,0.88755,0.88785,8.80,8.40
2009.02.23 07:11:55.807,0.88755,0.88785,4.00,8.40
2009.02.23 07:11:56.157,0.88755,0.88775,4.00,1.00
2009.02.23 07:11:56.337,0.8875,0.88775,8.80,1.20
2009.02.23 07:11:56.567,0.8875,0.88775,8.80,2.60
2009.02.23 07:11:56.737,0.8875,0.88775,4.80,2.60
2009.02.23 07:11:57.307,0.88745,0.88775,13.00,1.80
2009.02.23 07:11:57.757,0.88745,0.8877,9.60,3.00
2009.02.23 07:11:58.106,0.8875,0.8877,1.20,2.60
2009.02.23 07:11:58.386,0.88745,0.8877,8.80,2.20
2009.02.23 07:11:58.796,0.88745,0.8877,11.80,2.20
2009.02.23 07:11:59.266,0.8875,0.88785,4.00,7.60
2009.02.23 07:11:59.606,0.8875,0.88785,4.00,7.40
2009.02.23 07:11:59.956,0.8875,0.88785,6.80,5.40
2009.02.23 07:12:00.886,0.8875,0.8878,4.80,4.20
2009.02.23 07:12:01.226,0.88745,0.8878,18.80,6.60
2009.02.23 07:12:01.556,0.8875,0.8878,4.80,6.60
2009.02.23 07:12:02.036,0.8875,0.8878,8.80,2.60
2009.02.23 07:12:02.335,0.8875,0.8878,10.80,3.40
2009.02.23 07:12:02.825,0.8875,0.8878,11.60,2.60
2009.02.23 07:12:04.545,0.8875,0.88785,11.60,5.40
2009.02.23 07:12:04.945,0.8875,0.8878,11.60,2.60
2009.02.23 07:12:05.225,0.8875,0.88785,11.60,5.40
2009.02.23 07:12:05.395,0.88755,0.88785,3.20,5.40
2009.02.23 07:12:05.695,0.88755,0.88785,8.80,5.40
2009.02.23 07:12:06.035,0.8876,0.8879,2.60,1.80
2009.02.23 07:12:06.374,0.8877,0.8878,4.80,1.20
2009.02.23 07:12:06.764,0.88765,0.8878,4.80,3.60
2009.02.23 07:12:07.064,0.88765,0.88795,4.80,8.20
2009.02.23 07:12:08.274,0.88765,0.88795,4.80,9.80
2009.02.23 07:12:08.684,0.8875,0.8878,8.00,3.00
2009.02.23 07:12:09.084,0.8875,0.8878,4.80,3.00
2009.02.23 07:12:09.634,0.8876,0.88785,6.60,10.00
2009.02.23 07:12:10.034,0.88765,0.8879,4.80,6.80
2009.02.23 07:12:10.384,0.8876,0.8879,4.00,7.20
2009.02.23 07:12:10.614,0.8876,0.8879,4.00,8.80
2009.02.23 07:12:10.774,0.88755,0.8879,8.80,8.80
2009.02.23 07:12:11.523,0.88755,0.88785,4.00,1.00
2009.02.23 07:12:11.823,0.8877,0.8879,4.80,1.20
2009.02.23 07:12:13.123,0.8876,0.8879,8.80,3.00
2009.02.23 07:12:13.463,0.8876,0.8879,4.00,1.80
2009.02.23 07:12:13.703,0.8876,0.8879,4.00,3.40
2009.02.23 07:12:14.153,0.8876,0.88785,8.80,2.60
2009.02.23 07:12:14.503,0.8876,0.88795,8.80,12.40
2009.02.23 07:12:14.862,0.8876,0.88795,8.80,7.60
2009.02.23 07:12:15.662,0.88765,0.88795,4.80,6.80
2009.02.23 07:12:15.942,0.88765,0.8879,4.80,3.00
2009.02.23 07:12:16.162,0.88765,0.8879,4.80,2.20
2009.02.23 07:12:16.452,0.88765,0.88795,4.80,7.40
2009.02.23 07:12:17.032,0.8877,0.88795,4.80,7.40
2009.02.23 07:12:17.202,0.8877,0.88795,4.80,7.00
2009.02.23 07:12:19.221,0.88775,0.88795,4.80,6.60
2009.02.23 07:12:19.631,0.8877,0.88795,4.80,6.60
2009.02.23 07:12:19.921,0.88775,0.88795,4.80,6.60
2009.02.23 07:12:20.311,0.8877,0.88795,4.80,6.60
2009.02.23 07:12:22.001,0.8877,0.88795,4.80,6.80
2009.02.23 07:12:22.171,0.8877,0.8879,4.80,1.20
2009.02.23 07:12:22.350,0.8877,0.8879,4.80,2.60
2009.02.23 07:12:25.830,0.8876,0.88785,4.80,5.60
2009.02.23 07:12:25.890,0.88755,0.88785,3.40,6.00
2009.02.23 07:12:25.950,0.88755,0.88785,2.60,7.60
2009.02.23 07:12:26.120,0.8875,0.88775,8.20,1.80
2009.02.23 07:12:26.180,0.8875,0.88775,4.80,3.00
2009.02.23 07:12:26.230,0.8875,0.8877,4.80,3.00
2009.02.23 07:12:26.290,0.8875,0.8877,1.60,3.00
2009.02.23 07:12:26.350,0.88745,0.8877,10.40,5.40
2009.02.23 07:12:26.610,0.88745,0.88765,10.40,2.20
2009.02.23 07:12:26.890,0.88745,0.88765,13.80,2.20
2009.02.23 07:12:27.170,0.88745,0.88775,10.40,3.00
2009.02.23 07:12:27.399,0.88745,0.88775,10.40,5.40
2009.02.23 07:12:28.309,0.88745,0.8877,7.60,5.40
2009.02.23 07:12:29.069,0.88745,0.8877,7.60,1.20
2009.02.23 07:12:29.369,0.88745,0.88775,7.60,5.40
2009.02.23 07:12:29.839,0.88745,0.8877,7.60,5.40
2009.02.23 07:12:30.999,0.88745,0.8877,7.60,2.20
2009.02.23 07:12:31.169,0.88745,0.88775,7.60,5.40
2009.02.23 07:12:31.458,0.88745,0.8877,7.60,1.20
2009.02.23 07:12:31.568,0.88745,0.8877,7.60,3.00
2009.02.23 07:12:31.858,0.88745,0.8877,7.60,5.40
2009.02.23 07:12:34.428,0.88745,0.88765,7.60,5.40
2009.02.23 07:12:34.828,0.88745,0.88765,7.60,4.40
2009.02.23 07:12:35.167,0.88745,0.8877,7.60,5.40
2009.02.23 07:12:35.628,0.88745,0.88775,7.60,5.40
2009.02.23 07:12:36.087,0.88745,0.8877,7.60,3.00
2009.02.23 07:12:36.197,0.88745,0.8877,7.60,5.40
2009.02.23 07:12:37.357,0.8875,0.8877,4.80,5.40
2009.02.23 07:12:37.747,0.88755,0.88795,4.00,6.00
2009.02.23 07:12:38.037,0.88765,0.88795,4.00,1.00
2009.02.23 07:12:38.327,0.88765,0.888,4.00,9.20
2009.02.23 07:12:39.377,0.88765,0.88795,4.00,9.00
2009.02.23 07:12:39.706,0.88765,0.88795,8.80,5.80
2009.02.23 07:12:39.826,0.88765,0.88795,8.80,1.00
2009.02.23 07:12:43.835,0.88765,0.88795,8.80,1.00
2009.02.23 07:12:44.125,0.88765,0.8879,4.00,1.00
2009.02.23 07:12:44.406,0.88765,0.8879,4.00,1.80
2009.02.23 07:12:44.855,0.8876,0.8879,8.80,1.80
2009.02.23 07:12:50.094,0.8876,0.8879,8.80,1.60
2009.02.23 07:12:50.324,0.88765,0.88785,3.20,2.60
2009.02.23 07:12:50.594,0.8876,0.88785,8.80,2.60
2009.02.23 07:12:50.824,0.8876,0.88785,8.00,2.60
2009.02.23 07:12:51.044,0.8876,0.88785,4.80,2.60
2009.02.23 07:12:51.494,0.8876,0.8879,4.80,8.40
2009.02.23 07:12:51.864,0.8876,0.88785,4.80,5.40
2009.02.23 07:12:52.344,0.88755,0.88785,11.60,5.40
2009.02.23 07:12:52.723,0.8875,0.88785,19.40,5.40
2009.02.23 07:12:52.943,0.8875,0.88785,19.40,7.00
2009.02.23 07:12:53.173,0.8875,0.88785,22.20,7.00
2009.02.23 07:12:53.393,0.88755,0.8879,4.00,6.00
2009.02.23 07:12:55.623,0.88755,0.88785,4.00,1.00
2009.02.23 07:12:55.853,0.88755,0.88785,4.00,5.80
2009.02.23 07:12:56.953,0.88755,0.88785,6.80,5.40
2009.02.23 07:12:57.312,0.8876,0.88795,4.00,8.80
2009.02.23 07:13:01.151,0.8876,0.8879,4.00,1.20
2009.02.23 07:13:01.322,0.8876,0.88785,2.00,1.60
2009.02.23 07:13:01.501,0.88755,0.88785,4.00,5.80
2009.02.23 07:13:03.371,0.88765,0.88785,1.20,3.80
2009.02.23 07:13:03.601,0.88765,0.8878,4.80,5.40
2009.02.23 07:13:04.001,0.8876,0.8878,2.00,1.20
2009.02.23 07:13:04.230,0.88765,0.8879,4.00,1.00
2009.02.23 07:13:04.451,0.8876,0.8879,4.00,1.00
2009.02.23 07:13:04.620,0.88765,0.8879,3.20,1.00
2009.02.23 07:13:04.970,0.88765,0.88795,4.00,1.00
2009.02.23 07:13:05.590,0.88765,0.88795,4.00,3.20
2009.02.23 07:13:06.080,0.88765,0.88795,1.00,6.40
2009.02.23 07:13:06.310,0.8876,0.88795,4.00,8.40
2009.02.23 07:13:06.600,0.88765,0.88795,4.80,8.40
2009.02.23 07:13:06.720,0.88765,0.88795,8.80,1.80
2009.02.23 07:13:06.960,0.88765,0.88795,5.60,3.00
2009.02.23 07:13:07.520,0.88765,0.888,8.80,8.40
2009.02.23 07:13:15.088,0.88775,0.888,4.80,1.80
2009.02.23 07:13:15.548,0.88775,0.888,8.80,1.80
2009.02.23 07:13:18.977,0.88775,0.888,11.60,1.80
2009.02.23 07:13:19.617,0.88775,0.88795,6.80,1.00
2009.02.23 07:13:19.787,0.88775,0.88795,4.00,1.00
2009.02.23 07:13:20.057,0.8879,0.88805,4.40,5.20
2009.02.23 07:13:20.617,0.88805,0.8882,2.60,7.00
2009.02.23 07:13:20.947,0.8881,0.88845,3.20,1.00
2009.02.23 07:13:21.397,0.8881,0.88845,3.20,2.20
2009.02.23 07:13:21.816,0.8881,0.88835,4.00,1.00
2009.02.23 07:13:22.316,0.888,0.8883,4.00,1.00
2009.02.23 07:13:22.726,0.88805,0.88835,4.00,3.20
2009.02.23 07:13:23.546,0.88805,0.88825,1.20,2.60
2009.02.23 07:13:23.896,0.88805,0.88835,4.00,5.40
2009.02.23 07:13:24.226,0.8881,0.88835,4.00,1.20
2009.02.23 07:13:24.616,0.8881,0.8883,4.00,2.60
2009.02.23 07:13:24.975,0.8881,0.8884,4.00,3.00
2009.02.23 07:13:25.246,0.8881,0.8884,4.00,2.20
2009.02.23 07:13:27.345,0.8881,0.88835,4.00,1.80
2009.02.23 07:13:27.585,0.88805,0.8884,4.00,6.00
2009.02.23 07:13:27.885,0.8881,0.8884,3.20,3.00
2009.02.23 07:13:28.125,0.8881,0.8884,4.00,2.20
2009.02.23 07:13:28.855,0.8881,0.8884,4.00,1.00
2009.02.23 07:13:29.154,0.8881,0.8884,4.00,1.00
2009.02.23 07:13:30.874,0.8881,0.8884,4.00,1.00
2009.02.23 07:13:31.224,0.8882,0.8884,4.80,3.40
2009.02.23 07:13:31.514,0.8882,0.8884,4.80,1.20
2009.02.23 07:13:31.734,0.8882,0.8884,8.80,1.20
2009.02.23 07:13:32.534,0.88825,0.8884,4.00,1.20
2009.02.23 07:13:33.104,0.8882,0.88855,4.00,9.20
2009.02.23 07:13:33.504,0.8882,0.8885,4.00,1.00
2009.02.23 07:13:33.893,0.8882,0.8885,4.00,3.40
2009.02.23 07:13:34.303,0.8882,0.8885,4.00,5.80
2009.02.23 07:13:36.583,0.88825,0.8885,4.80,5.40
2009.02.23 07:13:36.993,0.88825,0.88855,8.80,1.20
2009.02.23 07:13:37.543,0.88825,0.88855,4.00,1.20
2009.02.23 07:13:37.873,0.88825,0.88855,4.00,4.40
2009.02.23 07:13:38.263,0.88825,0.88855,1.00,6.80
2009.02.23 07:13:38.622,0.8882,0.8886,8.80,10.20
2009.02.23 07:13:40.352,0.88825,0.8886,4.80,8.60
2009.02.23 07:13:40.412,0.88825,0.8886,4.80,7.20
2009.02.23 07:13:40.632,0.88825,0.8886,8.00,7.00
2009.02.23 07:13:40.752,0.88825,0.88855,8.80,1.20
2009.02.23 07:13:41.981,0.88825,0.8886,8.80,6.00
2009.02.23 07:13:42.271,0.8883,0.8886,1.20,3.80
2009.02.23 07:13:42.611,0.8883,0.8886,4.00,1.00
2009.02.23 07:13:43.061,0.8883,0.88855,4.00,1.20
2009.02.23 07:13:43.422,0.88825,0.8886,11.60,5.80
2009.02.23 07:13:43.781,0.8883,0.88865,4.00,13.60
2009.02.23 07:13:49.090,0.8883,0.8885,4.00,2.60
2009.02.23 07:13:49.260,0.88825,0.88855,4.00,13.40
2009.02.23 07:13:49.430,0.88825,0.88855,4.00,9.20
2009.02.23 07:13:49.600,0.88815,0.88855,4.00,10.40
2009.02.23 07:13:49.840,0.8883,0.88855,4.00,9.00
2009.02.23 07:13:50.010,0.8883,0.88855,1.00,5.00
2009.02.23 07:13:50.190,0.88825,0.88855,4.00,9.80
2009.02.23 07:13:50.999,0.8882,0.88855,7.60,7.00
2009.02.23 07:13:51.689,0.8882,0.8885,7.60,8.80
2009.02.23 07:13:51.969,0.8882,0.88845,3.20,1.00
2009.02.23 07:13:52.149,0.8881,0.8884,4.00,5.80
2009.02.23 07:13:52.369,0.8881,0.8884,4.00,5.80
2009.02.23 07:13:52.609,0.88815,0.8884,3.20,2.20
2009.02.23 07:13:52.829,0.88815,0.88845,4.00,5.80
2009.02.23 07:13:53.229,0.88825,0.88845,3.20,2.20
2009.02.23 07:13:53.459,0.88825,0.8886,4.00,6.00
2009.02.23 07:13:54.648,0.88825,0.8885,4.00,1.00
2009.02.23 07:13:55.108,0.88825,0.88855,4.00,3.80
2009.02.23 07:13:55.308,0.88825,0.8885,4.00,1.40
2009.02.23 07:13:55.708,0.88825,0.8885,4.00,1.00
2009.02.23 07:13:56.058,0.88825,0.88855,4.00,1.40
2009.02.23 07:13:56.288,0.88825,0.88855,4.00,6.80
2009.02.23 07:13:56.679,0.88825,0.88855,8.80,6.60
2009.02.23 07:13:56.898,0.88825,0.88855,8.80,4.60
2009.02.23 07:13:57.068,0.88825,0.88855,8.80,3.40
2009.02.23 07:13:57.239,0.88825,0.8885,8.80,1.20
2009.02.23 07:13:58.098,0.88825,0.8885,5.60,2.60
2009.02.23 07:13:58.428,0.88825,0.8885,1.00,2.60
2009.02.23 07:13:58.597,0.8882,0.8885,4.00,3.20
2009.02.23 07:13:58.887,0.8882,0.88845,4.00,3.00
2009.02.23 07:13:59.117,0.8881,0.8884,4.00,3.40
2009.02.23 07:13:59.417,0.88805,0.8884,6.80,5.40
2009.02.23 07:13:59.657,0.8881,0.88845,4.00,6.00
2009.02.23 07:13:59.987,0.88805,0.8884,4.00,5.80
2009.02.23 07:14:00.627,0.88805,0.8884,4.00,6.00
2009.02.23 07:14:01.097,0.88805,0.8884,4.00,7.60
2009.02.23 07:14:01.377,0.88805,0.88835,4.00,3.00
2009.02.23 07:14:01.607,0.888,0.88835,6.80,5.40
2009.02.23 07:14:02.117,0.88815,0.88835,3.20,2.20
2009.02.23 07:14:02.446,0.88815,0.88845,4.00,1.00
2009.02.23 07:14:02.857,0.8882,0.88845,1.20,1.00
2009.02.23 07:14:03.196,0.8881,0.8884,4.00,5.80
2009.02.23 07:14:03.636,0.8881,0.88835,4.00,3.40
2009.02.23 07:14:03.806,0.888,0.88835,6.80,5.80
2009.02.23 07:14:04.026,0.888,0.88835,4.00,5.80
2009.02.23 07:14:06.097,0.888,0.88835,7.00,5.80
2009.02.23 07:14:06.395,0.8881,0.88835,3.20,2.20
2009.02.23 07:14:06.555,0.8881,0.8884,4.00,5.80
2009.02.23 07:14:06.735,0.8881,0.8884,4.00,6.00
2009.02.23 07:14:06.946,0.8881,0.8884,2.60,6.00
2009.02.23 07:14:07.125,0.88805,0.8884,4.00,6.00
2009.02.23 07:14:07.585,0.88805,0.88835,4.00,3.00
2009.02.23 07:14:07.975,0.888,0.88835,6.80,5.40
2009.02.23 07:14:08.305,0.888,0.88835,6.80,5.80
2009.02.23 07:14:09.005,0.888,0.88835,6.80,5.40
2009.02.23 07:14:10.735,0.888,0.88835,9.80,5.40
2009.02.23 07:14:11.244,0.8881,0.88835,2.60,1.80
2009.02.23 07:14:11.525,0.8881,0.8884,4.00,7.40
2009.02.23 07:14:11.754,0.8881,0.88835,4.00,3.00
2009.02.23 07:14:11.934,0.888,0.88835,6.80,5.40
2009.02.23 07:14:14.194,0.888,0.88835,9.80,5.40
2009.02.23 07:14:14.373,0.8881,0.8884,4.00,5.80
2009.02.23 07:14:14.663,0.8881,0.8884,4.00,6.00
2009.02.23 07:14:14.834,0.888,0.88835,6.80,5.80
2009.02.23 07:14:17.543,0.888,0.88835,6.80,7.40
2009.02.23 07:14:17.773,0.888,0.8883,6.80,3.00
2009.02.23 07:14:17.883,0.888,0.8883,6.80,5.40
2009.02.23 07:14:20.292,0.888,0.8883,4.00,5.40
2009.02.23 07:14:20.572,0.888,0.8883,3.20,5.40
2009.02.23 07:14:20.922,0.88795,0.88825,5.60,1.80
2009.02.23 07:14:21.042,0.88795,0.88825,2.80,5.40
2009.02.23 07:14:21.372,0.88795,0.8882,2.80,3.00
2009.02.23 07:14:21.492,0.8879,0.8882,9.80,5.40
2009.02.23 07:14:21.792,0.8879,0.8882,6.80,5.40
2009.02.23 07:14:26.661,0.8879,0.8882,6.80,3.60
2009.02.23 07:14:26.941,0.8879,0.88825,6.80,5.40
2009.02.23 07:14:29.900,0.8879,0.8882,6.80,2.20
2009.02.23 07:14:30.300,0.8879,0.8882,6.80,5.40
2009.02.23 07:14:30.480,0.8879,0.8882,6.80,2.20
2009.02.23 07:14:30.700,0.8879,0.88825,6.80,5.40
2009.02.23 07:14:30.820,0.8879,0.8882,4.00,1.60
2009.02.23 07:14:30.990,0.8879,0.88815,1.80,4.20
2009.02.23 07:14:31.270,0.88785,0.88815,4.00,2.20
2009.02.23 07:14:31.440,0.88785,0.88815,4.00,3.00
2009.02.23 07:14:31.559,0.8878,0.88815,9.80,5.40
2009.02.23 07:14:31.789,0.8878,0.88815,6.80,5.40
2009.02.23 07:14:31.959,0.88785,0.8881,2.00,1.20
2009.02.23 07:14:32.199,0.88785,0.88815,4.00,5.40
2009.02.23 07:14:32.309,0.88785,0.88815,4.00,5.40
2009.02.23 07:14:32.709,0.88785,0.88815,1.00,5.40
2009.02.23 07:14:32.889,0.8878,0.88815,9.80,5.40
2009.02.23 07:14:33.239,0.8878,0.8881,9.80,5.40
2009.02.23 07:14:33.589,0.8878,0.8881,5.60,5.40
2009.02.23 07:14:34.009,0.8878,0.88805,2.80,3.00
2009.02.23 07:14:34.179,0.8878,0.88805,2.80,7.00
2009.02.23 07:14:34.359,0.88775,0.888,2.80,1.80
2009.02.23 07:14:34.639,0.88775,0.888,2.80,5.40
2009.02.23 07:14:34.859,0.88775,0.88795,2.80,3.00
2009.02.23 07:14:35.029,0.8877,0.88795,5.60,3.00
2009.02.23 07:14:35.209,0.8877,0.88795,5.60,5.40
2009.02.23 07:14:36.768,0.88765,0.88795,5.60,5.40
2009.02.23 07:14:37.648,0.8877,0.88795,2.80,5.40
2009.02.23 07:14:38.048,0.8877,0.88795,5.60,5.40
2009.02.23 07:14:39.228,0.88785,0.88795,2.80,3.60
2009.02.23 07:14:39.518,0.88785,0.8882,2.80,5.40
2009.02.23 07:14:39.917,0.8879,0.88825,2.60,2.20
2009.02.23 07:14:40.148,0.8879,0.8883,4.00,5.80
2009.02.23 07:14:55.894,0.8879,0.88825,6.80,5.80
2009.02.23 07:14:59.873,0.88795,0.88825,6.00,2.20
2009.02.23 07:15:00.223,0.888,0.88835,4.00,6.00
2009.02.23 07:15:00.502,0.888,0.8883,4.00,1.00
2009.02.23 07:15:00.902,0.88795,0.8883,4.00,5.80
2009.02.23 07:15:04.532,0.88795,0.8882,4.00,3.00
2009.02.23 07:15:04.821,0.88795,0.8882,1.00,3.00
2009.02.23 07:15:05.061,0.88785,0.8882,9.80,5.40
2009.02.23 07:15:07.201,0.88785,0.8882,6.80,5.40
2009.02.23 07:15:07.481,0.8879,0.8882,2.60,5.40
2009.02.23 07:15:08.800,0.88785,0.8882,6.80,7.20
2009.02.23 07:15:08.980,0.88785,0.88815,3.40,3.60
2009.02.23 07:15:09.160,0.88785,0.88815,2.60,7.60
2009.02.23 07:15:09.431,0.8878,0.8881,3.40,3.00
2009.02.23 07:15:09.600,0.8879,0.8881,2.60,5.40
2009.02.23 07:15:10.990,0.8879,0.8881,3.40,3.00
2009.02.23 07:15:11.050,0.8879,0.88815,6.80,1.00
2009.02.23 07:15:11.110,0.8879,0.8882,6.80,1.00
2009.02.23 07:15:11.630,0.8879,0.8882,6.00,2.60
2009.02.23 07:15:11.870,0.8879,0.8882,2.60,5.40
2009.02.23 07:15:12.449,0.8879,0.88825,6.80,6.00
2009.02.23 07:15:13.019,0.8879,0.88825,4.00,5.80
2009.02.23 07:15:14.129,0.8879,0.88825,4.00,6.80
2009.02.23 07:15:14.539,0.88785,0.8882,9.80,5.40
2009.02.23 07:15:14.929,0.8879,0.8882,4.00,3.00
2009.02.23 07:15:15.149,0.88785,0.8882,9.80,5.40
2009.02.23 07:15:17.378,0.8879,0.8882,1.20,3.60
2009.02.23 07:15:17.578,0.8879,0.88825,4.00,6.00
2009.02.23 07:15:19.018,0.8879,0.8882,1.00,3.00
2009.02.23 07:15:19.308,0.88785,0.8882,7.00,8.40
2009.02.23 07:15:19.669,0.88785,0.88815,4.80,2.80
2009.02.23 07:15:19.968,0.8879,0.8881,2.60,5.40
2009.02.23 07:15:21.418,0.8879,0.8881,2.60,2.20
2009.02.23 07:15:21.588,0.8879,0.88815,2.60,5.40
2009.02.23 07:15:21.877,0.88785,0.88815,1.00,5.40
2009.02.23 07:15:22.057,0.8878,0.88815,14.60,5.40
2009.02.23 07:15:22.577,0.88795,0.88815,4.80,5.40
2009.02.23 07:15:23.037,0.88795,0.88815,4.80,2.20
2009.02.23 07:15:23.387,0.88795,0.8882,4.80,2.60
2009.02.23 07:15:23.667,0.8879,0.8882,4.00,4.20
2009.02.23 07:15:24.117,0.88785,0.8882,6.80,6.60
2009.02.23 07:15:26.826,0.88785,0.88815,4.00,4.60
2009.02.23 07:15:27.166,0.8878,0.88815,14.60,6.60
2009.02.23 07:15:27.476,0.88795,0.88815,4.80,6.60
2009.02.23 07:15:27.696,0.88795,0.88815,4.80,1.20
2009.02.23 07:15:29.895,0.88795,0.88815,4.80,2.60
2009.02.23 07:15:30.405,0.88785,0.88815,9.60,2.60
2009.02.23 07:15:30.585,0.88785,0.88815,3.40,4.20
2009.02.23 07:15:30.815,0.88785,0.88815,2.60,6.60
2009.02.23 07:15:30.985,0.8879,0.88815,2.60,6.60
2009.02.23 07:15:31.165,0.88785,0.88815,2.60,6.60
2009.02.23 07:15:34.754,0.88785,0.88805,2.60,1.20
2009.02.23 07:15:35.395,0.8878,0.88805,11.60,1.20
2009.02.23 07:15:35.894,0.8879,0.88815,4.80,6.60
2009.02.23 07:15:39.803,0.88785,0.88815,8.80,5.40
2009.02.23 07:15:40.093,0.8878,0.88815,16.40,5.40
2009.02.23 07:15:40.723,0.8878,0.888,5.60,1.20
2009.02.23 07:15:41.133,0.88775,0.88795,7.60,2.60
2009.02.23 07:15:41.243,0.8878,0.88795,1.20,2.60
2009.02.23 07:15:41.772,0.88775,0.88795,3.20,2.60
2009.02.23 07:15:41.893,0.8877,0.88795,4.80,2.60
2009.02.23 07:15:45.761,0.88765,0.88795,1.80,5.20
2009.02.23 07:15:45.881,0.8876,0.88795,14.60,6.60
2009.02.23 07:15:45.991,0.8876,0.8879,13.20,1.80
2009.02.23 07:15:46.221,0.8876,0.8879,11.20,3.00
2009.02.23 07:15:46.341,0.8876,0.8879,7.60,5.40
2009.02.23 07:15:46.512,0.8876,0.8879,2.00,1.20
2009.02.23 07:15:46.621,0.8876,0.88785,2.60,1.00
2009.02.23 07:15:46.801,0.8876,0.8878,2.60,1.80
2009.02.23 07:15:47.091,0.88755,0.8878,1.00,3.00
2009.02.23 07:15:47.202,0.88745,0.8878,11.00,5.40
2009.02.23 07:15:48.931,0.88745,0.8878,8.20,5.80
2009.02.23 07:15:49.041,0.8875,0.8878,2.80,7.00
2009.02.23 07:15:49.481,0.8875,0.8878,2.80,5.40
2009.02.23 07:15:49.591,0.88765,0.88775,4.80,1.20
2009.02.23 07:15:49.891,0.88765,0.88785,4.80,2.20
2009.02.23 07:15:50.001,0.88765,0.88795,4.80,1.20
2009.02.23 07:15:51.040,0.8877,0.88795,8.80,1.20
2009.02.23 07:15:51.320,0.8877,0.88795,6.60,1.20
2009.02.23 07:15:51.440,0.8877,0.88795,4.80,1.20
2009.02.23 07:15:51.560,0.88765,0.8879,8.80,1.20
2009.02.23 07:15:51.710,0.88765,0.88785,8.80,1.20
2009.02.23 07:15:52.050,0.88765,0.88785,4.80,1.20
2009.02.23 07:15:53.870,0.88765,0.8879,4.80,4.20
2009.02.23 07:15:54.270,0.88765,0.8879,4.80,1.20
2009.02.23 07:15:56.569,0.8877,0.88795,4.80,6.60
2009.02.23 07:15:56.679,0.8877,0.88795,8.00,3.40
2009.02.23 07:15:56.739,0.8877,0.88795,8.00,2.20
2009.02.23 07:15:56.799,0.8877,0.888,8.80,6.20
2009.02.23 07:15:56.969,0.8877,0.888,8.80,2.80
2009.02.23 07:15:57.029,0.88775,0.888,2.80,1.00
2009.02.23 07:15:57.089,0.88775,0.88805,5.60,5.80
2009.02.23 07:15:57.199,0.88775,0.88805,6.20,2.80
2009.02.23 07:15:57.429,0.88775,0.88805,4.00,1.00
2009.02.23 07:15:57.539,0.88775,0.8881,4.00,6.00
2009.02.23 07:15:57.999,0.88775,0.88805,4.00,1.00
2009.02.23 07:15:58.279,0.88775,0.888,4.00,3.40
2009.02.23 07:15:58.508,0.8876,0.888,9.60,5.80
2009.02.23 07:15:58.789,0.88765,0.888,9.80,5.80
2009.02.23 07:15:59.068,0.8877,0.888,3.20,2.60
2009.02.23 07:15:59.428,0.8877,0.888,4.00,1.00
2009.02.23 07:15:59.648,0.8877,0.888,1.00,3.40
2009.02.23 07:16:00.038,0.8876,0.888,9.60,5.80
2009.02.23 07:16:00.338,0.88765,0.8879,4.00,3.00
2009.02.23 07:16:00.668,0.8875,0.8879,9.60,5.40
2009.02.23 07:16:01.008,0.88755,0.88785,4.00,3.00
2009.02.23 07:16:01.238,0.88755,0.88785,1.00,3.00
2009.02.23 07:16:01.478,0.88745,0.88785,9.80,5.40
2009.02.23 07:16:03.937,0.8876,0.88785,3.20,2.20
2009.02.23 07:16:04.097,0.8876,0.8879,4.00,5.40
2009.02.23 07:16:04.557,0.88755,0.8879,9.80,5.40
2009.02.23 07:16:05.447,0.88755,0.88775,4.00,1.20
2009.02.23 07:16:05.737,0.8875,0.88775,11.60,1.20
2009.02.23 07:16:09.356,0.8875,0.88775,2.60,2.80
2009.02.23 07:16:09.476,0.8875,0.88775,4.00,4.20
2009.02.23 07:16:09.656,0.88745,0.88775,4.00,6.60
2009.02.23 07:16:09.816,0.8874,0.88775,14.60,6.60
2009.02.23 07:16:10.336,0.88755,0.88775,4.80,6.60
2009.02.23 07:16:10.576,0.88755,0.88775,4.80,1.20
2009.02.23 07:16:14.425,0.8875,0.88775,6.80,1.20
2009.02.23 07:16:14.774,0.8875,0.88775,4.00,1.20
2009.02.23 07:16:15.005,0.88755,0.88775,4.80,1.20
2009.02.23 07:16:16.724,0.8876,0.88785,4.80,8.40
2009.02.23 07:16:16.834,0.8876,0.88785,4.80,6.60
2009.02.23 07:16:17.114,0.8876,0.88785,5.60,2.60
2009.02.23 07:16:17.344,0.88765,0.88785,4.80,2.60
2009.02.23 07:16:17.624,0.88765,0.88785,4.80,1.20
2009.02.23 07:16:18.034,0.88765,0.88785,6.00,1.20
2009.02.23 07:16:18.264,0.88765,0.888,8.80,6.80
2009.02.23 07:16:20.853,0.88775,0.888,4.00,3.60
2009.02.23 07:16:20.963,0.88775,0.888,4.80,2.00
2009.02.23 07:16:21.253,0.88775,0.88805,4.00,5.40
2009.02.23 07:16:21.463,0.8877,0.88805,12.60,5.40
2009.02.23 07:16:21.753,0.8877,0.88805,9.80,5.40
2009.02.23 07:16:21.973,0.8878,0.88805,4.80,5.40
2009.02.23 07:16:22.263,0.8878,0.88805,4.80,3.60
2009.02.23 07:16:22.553,0.8878,0.8881,4.80,5.40
2009.02.23 07:16:22.913,0.8878,0.88815,8.80,6.80
2009.02.23 07:16:23.922,0.8878,0.88815,11.60,6.80
2009.02.23 07:16:25.062,0.8878,0.88815,11.60,6.60
2009.02.23 07:16:25.352,0.8878,0.88815,14.60,6.60
2009.02.23 07:16:25.642,0.88785,0.88815,4.00,5.40
2009.02.23 07:16:26.162,0.88785,0.88815,7.00,5.40
2009.02.23 07:16:26.282,0.88795,0.88815,1.00,3.00
2009.02.23 07:16:26.402,0.88795,0.88815,2.00,1.20
2009.02.23 07:16:26.682,0.88795,0.88825,4.00,7.80
2009.02.23 07:16:26.922,0.88795,0.8883,4.00,7.20
2009.02.23 07:16:27.152,0.88795,0.88825,4.00,1.00
2009.02.23 07:16:28.091,0.88795,0.8883,4.00,8.80
2009.02.23 07:16:28.591,0.88805,0.8883,4.80,6.60
2009.02.23 07:16:28.881,0.88805,0.8883,4.80,3.00
2009.02.23 07:16:29.231,0.88805,0.88825,4.80,1.00
2009.02.23 07:16:29.591,0.88805,0.88835,4.80,11.40
2009.02.23 07:16:29.981,0.888,0.88835,19.20,6.60
2009.02.23 07:16:30.211,0.888,0.88835,8.80,6.80
2009.02.23 07:16:30.910,0.88815,0.88835,4.80,2.20
2009.02.23 07:16:31.021,0.88815,0.8885,4.80,12.80
2009.02.23 07:16:31.201,0.88815,0.88845,4.80,7.00
2009.02.23 07:16:31.361,0.88815,0.88845,4.80,2.20
2009.02.23 07:16:31.581,0.8882,0.88845,4.80,2.20
2009.02.23 07:16:31.850,0.8882,0.88855,4.80,5.80
2009.02.23 07:16:32.010,0.8883,0.88855,4.80,3.40
2009.02.23 07:16:32.300,0.8883,0.88855,4.80,2.60
2009.02.23 07:16:32.530,0.8883,0.88855,7.60,2.60
2009.02.23 07:16:32.870,0.88835,0.8886,4.80,4.20
2009.02.23 07:16:33.150,0.8883,0.88855,4.00,1.40
2009.02.23 07:16:33.680,0.88835,0.88855,9.80,1.20
2009.02.23 07:16:34.060,0.88835,0.8886,13.60,1.00
2009.02.23 07:16:34.440,0.88835,0.88865,13.80,2.20
2009.02.23 07:16:34.950,0.8885,0.8887,1.00,2.20
2009.02.23 07:16:35.309,0.88855,0.8887,1.00,5.40
2009.02.23 07:16:35.660,0.88845,0.88885,4.00,1.00
2009.02.23 07:16:36.000,0.8885,0.8888,6.00,2.20
2009.02.23 07:16:36.499,0.88865,0.88885,1.00,3.40
2009.02.23 07:16:36.799,0.8888,0.8889,5.60,3.00
2009.02.23 07:16:37.399,0.8888,0.88925,8.80,6.40
2009.02.23 07:16:37.869,0.8889,0.8893,4.00,6.80
2009.02.23 07:16:38.449,0.88895,0.88925,8.00,2.60
2009.02.23 07:16:38.859,0.889,0.8892,4.80,2.20
2009.02.23 07:16:39.309,0.889,0.88925,4.80,2.60
2009.02.23 07:16:39.709,0.889,0.8892,2.60,2.60
2009.02.23 07:16:40.099,0.88895,0.8892,4.80,2.60
2009.02.23 07:16:40.568,0.8889,0.88915,7.40,2.60
2009.02.23 07:16:41.038,0.88885,0.889,3.20,2.60
2009.02.23 07:16:41.328,0.8888,0.88905,4.80,8.20
2009.02.23 07:16:41.828,0.8888,0.8891,2.80,4.60
2009.02.23 07:16:42.238,0.8887,0.889,4.80,8.20
2009.02.23 07:16:42.538,0.8887,0.889,7.60,11.40
2009.02.23 07:16:42.938,0.8887,0.889,2.60,4.80
2009.02.23 07:16:43.378,0.88855,0.88885,7.20,5.40
2009.02.23 07:16:43.738,0.88855,0.88885,4.00,7.00
2009.02.23 07:16:44.128,0.88855,0.8888,2.80,3.00
2009.02.23 07:16:44.507,0.88855,0.8889,6.80,5.40
2009.02.23 07:16:44.848,0.88865,0.8889,4.80,3.60
2009.02.23 07:16:45.227,0.88865,0.88895,4.80,6.60
2009.02.23 07:16:45.567,0.88865,0.88895,4.80,7.00
2009.02.23 07:16:46.537,0.8886,0.88895,6.80,6.80
2009.02.23 07:16:46.767,0.8886,0.88895,6.80,8.40
2009.02.23 07:16:47.097,0.8886,0.8889,4.00,3.00
2009.02.23 07:16:47.267,0.88855,0.8889,6.80,5.40
2009.02.23 07:16:47.736,0.88855,0.88885,6.80,1.20
2009.02.23 07:16:48.147,0.88855,0.88885,1.00,4.20
2009.02.23 07:16:48.496,0.8885,0.88885,14.60,6.60
2009.02.23 07:16:48.786,0.88855,0.8889,6.80,5.40
2009.02.23 07:16:49.146,0.8886,0.88875,4.60,1.60
2009.02.23 07:16:49.486,0.8886,0.88875,4.00,1.60
2009.02.23 07:16:49.816,0.8886,0.8889,2.80,8.60
2009.02.23 07:16:50.346,0.8886,0.88895,6.80,8.40
2009.02.23 07:16:50.696,0.8886,0.88895,9.80,5.40
2009.02.23 07:16:51.166,0.88865,0.889,6.80,5.80
2009.02.23 07:16:51.626,0.88865,0.889,4.00,5.80
2009.02.23 07:16:52.305,0.88865,0.889,4.00,6.00
2009.02.23 07:16:53.515,0.88865,0.889,4.00,6.40
2009.02.23 07:16:53.685,0.88865,0.88895,4.00,1.00
2009.02.23 07:16:54.245,0.88865,0.88895,7.00,3.60
2009.02.23 07:16:54.555,0.8887,0.88895,3.60,3.00
2009.02.23 07:16:54.995,0.8887,0.88905,6.80,8.40
2009.02.23 07:16:55.875,0.88875,0.88905,1.80,6.60
2009.02.23 07:16:56.405,0.88875,0.88905,4.00,8.40
2009.02.23 07:16:56.794,0.8888,0.88905,2.80,5.40
2009.02.23 07:16:57.334,0.8889,0.8891,8.80,2.60
2009.02.23 07:16:58.064,0.8889,0.88905,4.00,1.20
2009.02.23 07:16:58.634,0.88885,0.88905,2.60,1.20
2009.02.23 07:16:59.044,0.88885,0.88905,4.40,1.20
2009.02.23 07:16:59.374,0.8889,0.88905,3.20,1.20
2009.02.23 07:17:00.783,0.8889,0.88905,3.20,2.60
2009.02.23 07:17:01.243,0.8888,0.88905,6.80,1.20
2009.02.23 07:17:01.733,0.8888,0.88905,14.60,1.20
2009.02.23 07:17:02.023,0.88885,0.88905,3.20,1.20
2009.02.23 07:17:02.423,0.88885,0.88905,4.00,1.20
2009.02.23 07:17:02.873,0.8888,0.88905,14.60,1.20
2009.02.23 07:17:03.473,0.88885,0.88905,4.80,1.20
2009.02.23 07:17:03.703,0.88885,0.88905,7.60,1.20
2009.02.23 07:17:03.933,0.88885,0.88905,4.80,1.20
2009.02.23 07:17:04.333,0.8888,0.88905,22.20,1.20
2009.02.23 07:17:04.633,0.8888,0.88905,14.60,1.20
2009.02.23 07:17:05.882,0.8888,0.88905,9.80,1.20
2009.02.23 07:17:06.222,0.8888,0.88895,9.80,1.60
2009.02.23 07:17:06.683,0.8888,0.88895,7.60,1.60
2009.02.23 07:17:07.032,0.8888,0.88895,8.80,1.60
2009.02.23 07:17:07.382,0.8888,0.88895,2.00,1.60
2009.02.23 07:17:07.552,0.88875,0.88895,6.80,1.60
2009.02.23 07:17:09.181,0.88875,0.88895,14.60,1.60
2009.02.23 07:17:09.481,0.8888,0.88895,4.00,1.60
2009.02.23 07:17:10.171,0.88875,0.88895,6.80,1.60
2009.02.23 07:17:11.101,0.8888,0.88895,4.00,1.60
2009.02.23 07:17:11.851,0.8888,0.88895,8.80,1.60
2009.02.23 07:17:12.191,0.8888,0.88895,16.40,1.60
2009.02.23 07:17:12.481,0.8888,0.88895,11.60,1.60
2009.02.23 07:17:13.110,0.88885,0.88895,4.80,1.60
2009.02.23 07:17:13.460,0.88895,0.8892,4.80,2.60
2009.02.23 07:17:13.750,0.88895,0.8892,4.80,4.00
2009.02.23 07:17:14.100,0.8889,0.88915,7.40,2.60
2009.02.23 07:17:14.451,0.8889,0.88915,8.00,2.60
2009.02.23 07:17:14.841,0.8889,0.8891,8.80,2.60
2009.02.23 07:17:15.320,0.88895,0.88915,4.80,3.40
2009.02.23 07:17:15.560,0.8889,0.8891,8.80,2.60
2009.02.23 07:17:16.420,0.8889,0.8891,11.20,2.60
2009.02.23 07:17:16.829,0.88895,0.88915,4.80,3.40
2009.02.23 07:17:16.990,0.88895,0.88915,5.60,3.40
2009.02.23 07:17:17.299,0.88895,0.8891,3.20,2.60
2009.02.23 07:17:17.530,0.88895,0.8891,2.40,2.60
2009.02.23 07:17:17.869,0.8889,0.8891,4.80,2.60
2009.02.23 07:17:18.769,0.88885,0.88905,8.80,1.20
2009.02.23 07:17:19.159,0.8889,0.8891,6.00,2.60
2009.02.23 07:17:19.549,0.88885,0.88905,19.40,1.20
2009.02.23 07:17:19.889,0.88885,0.88905,11.60,1.20
2009.02.23 07:17:20.988,0.8889,0.8891,4.80,2.60
2009.02.23 07:17:21.499,0.8889,0.8891,5.60,2.60
2009.02.23 07:17:22.688,0.88885,0.88905,16.40,1.20
2009.02.23 07:17:23.028,0.88885,0.88905,6.80,1.20
2009.02.23 07:17:23.378,0.88885,0.88905,6.00,1.20
2009.02.23 07:17:23.778,0.88885,0.88905,13.60,1.20
2009.02.23 07:17:24.118,0.88885,0.88905,22.20,1.20
2009.02.23 07:17:24.398,0.88885,0.88905,22.20,2.60
2009.02.23 07:17:25.548,0.88885,0.889,17.40,1.20
2009.02.23 07:17:25.878,0.88885,0.889,16.00,1.20
2009.02.23 07:17:26.117,0.8889,0.8891,5.60,1.80
2009.02.23 07:17:26.398,0.889,0.88915,2.80,7.80
2009.02.23 07:17:26.867,0.889,0.88915,12.40,7.80
2009.02.23 07:17:27.277,0.8891,0.88915,4.00,1.60
2009.02.23 07:17:27.677,0.8891,0.8894,4.00,3.40
2009.02.23 07:17:28.027,0.8891,0.8894,4.00,2.40
2009.02.23 07:17:28.377,0.88915,0.88935,4.00,1.00
2009.02.23 07:17:28.787,0.8893,0.8894,2.40,3.40
2009.02.23 07:17:29.227,0.8892,0.8894,4.00,1.80
2009.02.23 07:17:29.636,0.88915,0.8894,11.20,1.80
2009.02.23 07:17:29.917,0.8892,0.8894,14.60,1.80
2009.02.23 07:17:30.256,0.8892,0.8894,11.60,1.80
2009.02.23 07:17:30.656,0.8892,0.8894,6.80,1.80
2009.02.23 07:17:31.006,0.8892,0.8894,11.60,1.80
2009.02.23 07:17:31.406,0.88925,0.8894,2.80,1.80
2009.02.23 07:17:31.786,0.88925,0.8894,7.40,1.80
2009.02.23 07:17:32.096,0.88925,0.8894,1.00,1.80
2009.02.23 07:17:32.256,0.88925,0.8894,3.20,1.80
2009.02.23 07:17:32.376,0.88925,0.8894,4.00,1.80
2009.02.23 07:17:32.686,0.88925,0.8894,4.00,1.80
2009.02.23 07:17:33.016,0.8892,0.8894,11.60,1.80
2009.02.23 07:17:34.875,0.8892,0.8894,6.80,1.80
2009.02.23 07:17:35.555,0.8892,0.8894,11.60,1.80
2009.02.23 07:17:35.835,0.88925,0.88945,4.80,1.80
2009.02.23 07:17:36.205,0.88925,0.88945,6.60,1.80
2009.02.23 07:17:36.595,0.88925,0.88945,8.80,1.80
2009.02.23 07:17:36.885,0.88925,0.88945,5.60,1.80
2009.02.23 07:17:37.235,0.88925,0.8894,1.00,1.80
2009.02.23 07:17:37.524,0.8892,0.8894,11.60,1.80
2009.02.23 07:17:37.755,0.8892,0.8894,8.80,1.80
2009.02.23 07:17:38.044,0.8892,0.8893,1.00,1.20
2009.02.23 07:17:38.275,0.88915,0.8893,4.00,1.80
2009.02.23 07:17:38.554,0.8891,0.8893,9.80,1.80
2009.02.23 07:17:39.384,0.8891,0.88925,4.00,1.20
2009.02.23 07:17:40.364,0.8891,0.8893,9.80,1.20
2009.02.23 07:17:40.694,0.88925,0.8894,11.20,1.80
2009.02.23 07:17:41.214,0.8893,0.8894,16.00,1.80
2009.02.23 07:17:41.554,0.8894,0.88945,5.60,1.50
2009.02.23 07:17:41.834,0.8895,0.88975,2.80,3.80
2009.02.23 07:17:42.114,0.8895,0.88985,2.80,4.00
2009.02.23 07:17:42.403,0.8895,0.8898,2.80,2.40
2009.02.23 07:17:42.683,0.8895,0.88975,2.80,1.00
2009.02.23 07:17:43.203,0.8895,0.8897,2.80,1.80
2009.02.23 07:17:43.953,0.8895,0.88965,1.00,1.00
2009.02.23 07:17:44.303,0.8895,0.88965,4.00,1.00
2009.02.23 07:17:45.343,0.8895,0.8896,4.00,2.60
2009.02.23 07:17:45.803,0.88945,0.8895,4.60,1.20
2009.02.23 07:17:46.283,0.88945,0.8895,6.80,1.20
2009.02.23 07:17:46.553,0.88945,0.8895,2.80,1.20
2009.02.23 07:17:47.003,0.88945,0.8895,4.00,1.20
2009.02.23 07:17:47.182,0.88945,0.8895,8.80,1.20
2009.02.23 07:17:47.472,0.88945,0.8895,2.60,1.20
2009.02.23 07:17:47.752,0.8894,0.8895,9.80,1.20
2009.02.23 07:17:48.382,0.8894,0.8895,6.80,1.20
2009.02.23 07:17:49.432,0.8895,0.88965,1.20,1.60
2009.02.23 07:17:49.932,0.88955,0.88965,4.80,1.70
2009.02.23 07:17:50.222,0.88945,0.8895,6.80,1.20
2009.02.23 07:17:50.632,0.88945,0.8895,4.00,1.20
2009.02.23 07:17:50.962,0.88945,0.8895,3.20,1.20
2009.02.23 07:17:51.301,0.8894,0.8895,6.80,1.20
2009.02.23 07:17:51.811,0.8894,0.88945,4.00,1.20
2009.02.23 07:17:52.161,0.88935,0.8894,4.80,1.20
2009.02.23 07:17:52.391,0.8894,0.88945,1.60,2.00
2009.02.23 07:17:52.941,0.88935,0.8894,2.80,1.20
2009.02.23 07:17:53.401,0.88935,0.88945,6.80,1.80
2009.02.23 07:17:53.751,0.8894,0.8895,2.80,2.60
2009.02.23 07:17:54.271,0.88935,0.8895,11.60,2.60
2009.02.23 07:17:54.600,0.8893,0.8895,9.80,1.20
2009.02.23 07:17:54.951,0.88945,0.8896,2.00,3.00
2009.02.23 07:17:55.410,0.8894,0.88955,3.20,1.00
2009.02.23 07:17:55.820,0.8894,0.8895,4.00,1.00
2009.02.23 07:17:56.270,0.88925,0.88935,10.20,1.20
2009.02.23 07:17:56.500,0.88935,0.8894,4.00,2.00
2009.02.23 07:17:56.730,0.88925,0.88935,4.00,1.20
2009.02.23 07:17:58.720,0.88925,0.8894,9.80,2.60
2009.02.23 07:17:59.120,0.88925,0.8894,4.00,1.80
2009.02.23 07:17:59.510,0.8892,0.8894,14.60,1.80
2009.02.23 07:18:00.839,0.8892,0.88935,11.60,2.60
2009.02.23 07:18:00.899,0.8892,0.88935,6.80,2.60
2009.02.23 07:18:01.369,0.8892,0.8893,2.60,1.20
2009.02.23 07:18:01.659,0.8892,0.88935,4.00,1.20
2009.02.23 07:18:01.769,0.88915,0.88935,11.60,1.20
2009.02.23 07:18:02.069,0.88925,0.88935,1.00,1.20
2009.02.23 07:18:02.569,0.88925,0.88935,2.40,1.20
2009.02.23 07:18:02.969,0.8892,0.88935,6.40,2.60
2009.02.23 07:18:03.308,0.8892,0.88935,9.80,1.20
2009.02.23 07:18:03.948,0.8892,0.8894,14.60,1.80
2009.02.23 07:18:04.358,0.8893,0.8894,2.80,1.80
2009.02.23 07:18:04.588,0.8893,0.8894,1.00,1.80
2009.02.23 07:18:04.948,0.88925,0.8894,2.80,1.80
2009.02.23 07:18:05.308,0.88925,0.88945,2.80,3.40
2009.02.23 07:18:06.188,0.8892,0.8894,9.80,1.80
2009.02.23 07:18:06.658,0.8892,0.8894,14.60,1.80
2009.02.23 07:18:07.527,0.8892,0.8894,9.80,1.80
2009.02.23 07:18:07.817,0.88925,0.8894,5.60,1.80
2009.02.23 07:18:08.117,0.88925,0.88945,5.60,3.40
2009.02.23 07:18:08.467,0.88925,0.88945,9.80,3.40
2009.02.23 07:18:08.767,0.88925,0.88945,14.60,3.40
2009.02.23 07:18:09.047,0.8893,0.88945,2.80,3.40
2009.02.23 07:18:09.327,0.8893,0.88945,3.60,3.40
2009.02.23 07:18:10.647,0.8893,0.88945,8.40,3.40
2009.02.23 07:18:10.927,0.88935,0.88945,3.20,3.40
2009.02.23 07:18:12.317,0.88935,0.88945,3.20,2.40
2009.02.23 07:18:12.547,0.88935,0.88945,3.20,1.60
2009.02.23 07:18:13.056,0.88935,0.88945,3.20,2.60
2009.02.23 07:18:13.606,0.88935,0.88945,1.60,2.60
2009.02.23 07:18:14.056,0.8893,0.88945,10.40,1.60
2009.02.23 07:18:14.386,0.8893,0.88945,5.60,2.60
2009.02.23 07:18:14.776,0.8893,0.88945,4.80,1.60
2009.02.23 07:18:15.106,0.8893,0.8894,3.20,1.20
2009.02.23 07:18:15.506,0.8893,0.8894,3.20,2.60
2009.02.23 07:18:16.085,0.8893,0.88935,3.20,1.20
2009.02.23 07:18:17.425,0.8893,0.88935,1.00,1.20
2009.02.23 07:18:17.705,0.8893,0.88935,2.80,1.20
2009.02.23 07:18:18.055,0.8893,0.88945,3.60,2.60
2009.02.23 07:18:19.435,0.8893,0.8895,11.20,3.40
2009.02.23 07:18:19.724,0.8893,0.88945,7.20,1.80
2009.02.23 07:18:20.064,0.88925,0.88945,17.20,1.80
2009.02.23 07:18:20.524,0.8893,0.8895,10.40,2.40
2009.02.23 07:18:20.694,0.88925,0.8894,10.40,1.20
2009.02.23 07:18:21.004,0.88925,0.8894,8.40,1.20
2009.02.23 07:18:21.244,0.8893,0.88945,2.80,1.80
2009.02.23 07:18:22.184,0.8893,0.8895,8.40,3.40
2009.02.23 07:18:22.364,0.88935,0.8895,3.20,3.40
2009.02.23 07:18:23.873,0.88935,0.88945,3.20,1.80
2009.02.23 07:18:24.383,0.8893,0.88945,2.80,1.80
2009.02.23 07:18:25.463,0.8893,0.88945,5.60,1.80
2009.02.23 07:18:25.753,0.8894,0.8895,1.00,2.40
2009.02.23 07:18:26.163,0.8894,0.88955,3.20,2.40
2009.02.23 07:18:26.663,0.8894,0.8895,6.00,1.00
2009.02.23 07:18:27.124,0.8894,0.8895,4.00,1.00
2009.02.23 07:18:27.353,0.88935,0.8895,4.00,1.00
2009.02.23 07:18:28.002,0.88935,0.8895,6.80,1.00
2009.02.23 07:18:28.672,0.8894,0.8895,4.00,1.00
2009.02.23 07:18:29.022,0.8894,0.8895,4.00,1.00
2009.02.23 07:18:29.482,0.88935,0.8895,4.00,1.00
2009.02.23 07:18:30.402,0.88935,0.8895,6.80,1.00
2009.02.23 07:18:31.192,0.8894,0.8895,4.00,1.00
2009.02.23 07:18:32.102,0.8894,0.8895,2.00,1.00
2009.02.23 07:18:32.502,0.88935,0.8895,6.80,1.00
2009.02.23 07:18:32.791,0.8894,0.8895,3.20,1.00
2009.02.23 07:18:33.031,0.8894,0.8895,4.00,1.00
2009.02.23 07:18:33.491,0.88935,0.8895,4.00,1.00
2009.02.23 07:18:33.831,0.88935,0.8895,7.00,1.00
2009.02.23 07:18:34.061,0.8894,0.8895,3.20,1.00
2009.02.23 07:18:34.461,0.8894,0.8895,4.00,1.00
2009.02.23 07:18:34.801,0.88935,0.8895,6.00,1.00
2009.02.23 07:18:36.150,0.88935,0.8895,3.20,1.00
2009.02.23 07:18:36.490,0.88935,0.8895,4.00,1.00
2009.02.23 07:18:37.790,0.88935,0.8895,6.80,1.00
2009.02.23 07:18:39.290,0.88935,0.8895,4.00,1.00
2009.02.23 07:18:40.540,0.88935,0.88955,6.80,1.80
2009.02.23 07:18:40.879,0.8893,0.88955,4.00,1.80
2009.02.23 07:18:43.538,0.88935,0.88955,3.20,1.80
2009.02.23 07:18:43.820,0.88935,0.88955,4.00,1.80
2009.02.23 07:18:44.000,0.88935,0.88945,1.00,1.20
2009.02.23 07:18:44.219,0.88925,0.88945,3.20,1.20
2009.02.23 07:18:44.449,0.8892,0.88945,4.00,1.20
2009.02.23 07:18:46.118,0.8892,0.8894,4.00,1.20
2009.02.23 07:18:46.618,0.88915,0.8894,4.00,1.20
2009.02.23 07:18:50.497,0.8891,0.88925,4.00,1.20
2009.02.23 07:18:51.177,0.88905,0.88925,4.00,1.20
2009.02.23 07:18:55.116,0.88905,0.8893,14.60,1.80
2009.02.23 07:18:55.506,0.88905,0.8892,4.00,1.20
2009.02.23 07:18:55.836,0.88905,0.88925,6.80,2.60
2009.02.23 07:18:56.176,0.8891,0.8893,1.00,1.80
2009.02.23 07:18:56.696,0.8891,0.8893,10.40,1.80
2009.02.23 07:18:56.916,0.88915,0.88935,1.80,2.60
2009.02.23 07:18:57.196,0.88915,0.88935,3.20,2.60
2009.02.23 07:18:57.375,0.88915,0.88935,4.00,2.60
2009.02.23 07:19:00.305,0.88915,0.8893,4.00,1.20
2009.02.23 07:19:00.714,0.8891,0.8893,4.00,1.20
2009.02.23 07:19:01.004,0.8891,0.8893,4.00,2.60
2009.02.23 07:19:02.034,0.8891,0.8893,4.00,2.60
2009.02.23 07:19:02.374,0.88915,0.88935,4.80,3.20
2009.02.23 07:19:02.714,0.88915,0.8894,11.60,3.40
2009.02.23 07:19:02.934,0.8892,0.8894,4.80,1.60
2009.02.23 07:19:03.394,0.8892,0.88945,4.80,3.40
2009.02.23 07:19:03.894,0.8892,0.88945,7.60,3.40
2009.02.23 07:19:04.184,0.88925,0.88945,3.20,1.80
2009.02.23 07:19:04.454,0.88925,0.88945,4.00,1.80
2009.02.23 07:19:05.843,0.88925,0.88945,4.00,1.00
2009.02.23 07:19:06.513,0.88925,0.88945,9.60,1.00
2009.02.23 07:19:06.853,0.88925,0.88945,6.80,1.80
2009.02.23 07:19:07.243,0.88925,0.88945,4.00,1.80
2009.02.23 07:19:07.993,0.88925,0.8894,4.00,1.20
2009.02.23 07:19:08.333,0.88925,0.88945,1.00,2.60
2009.02.23 07:19:08.802,0.88925,0.8895,4.80,3.40
2009.02.23 07:19:09.092,0.88925,0.8894,3.20,1.20
2009.02.23 07:19:09.253,0.88925,0.88935,1.00,2.60
2009.02.23 07:19:09.542,0.8892,0.88935,4.00,2.60
2009.02.23 07:19:09.942,0.88915,0.88935,4.00,2.60
2009.02.23 07:19:11.412,0.88915,0.8894,8.80,2.60
2009.02.23 07:19:11.582,0.88915,0.8894,11.60,2.60
2009.02.23 07:19:11.692,0.8892,0.8894,4.00,2.60
2009.02.23 07:19:13.282,0.8892,0.8894,8.80,1.80
2009.02.23 07:19:14.482,0.8892,0.88935,2.00,2.60
2009.02.23 07:19:14.711,0.88915,0.88935,4.00,2.60
2009.02.23 07:19:16.201,0.88915,0.8894,4.00,2.60
2009.02.23 07:19:16.661,0.8892,0.8894,3.20,1.80
2009.02.23 07:19:16.941,0.8892,0.8894,4.00,1.80
2009.02.23 07:19:19.670,0.8892,0.8894,4.00,1.20
2009.02.23 07:19:19.940,0.8892,0.8894,4.00,1.80
2009.02.23 07:19:21.329,0.8892,0.88945,4.00,1.80
2009.02.23 07:19:22.199,0.8892,0.88945,8.00,1.80
2009.02.23 07:19:22.659,0.88925,0.88945,4.00,1.80
2009.02.23 07:19:24.069,0.88925,0.88945,4.00,1.00
2009.02.23 07:19:27.248,0.88925,0.88935,2.60,1.20
2009.02.23 07:19:27.638,0.88915,0.88935,5.60,1.20
2009.02.23 07:19:27.998,0.8891,0.88935,4.00,1.80
2009.02.23 07:19:28.288,0.88905,0.88925,4.00,1.20
2009.02.23 07:19:29.368,0.88905,0.88925,2.60,1.20
2009.02.23 07:19:29.708,0.889,0.88925,13.20,1.20
2009.02.23 07:19:30.447,0.889,0.88925,8.80,2.20
2009.02.23 07:19:30.857,0.889,0.88915,2.60,1.60
2009.02.23 07:19:31.087,0.8889,0.88915,2.40,6.60
2009.02.23 07:19:31.427,0.88885,0.88905,4.00,1.00
2009.02.23 07:19:31.817,0.8888,0.8891,3.60,6.20
2009.02.23 07:19:32.107,0.88875,0.88905,6.80,1.80
2009.02.23 07:19:32.337,0.8888,0.88905,1.80,1.80
2009.02.23 07:19:32.667,0.88895,0.88905,3.40,2.20
2009.02.23 07:19:33.067,0.889,0.8891,5.60,2.20
2009.02.23 07:19:33.477,0.889,0.88925,1.60,1.20
2009.02.23 07:19:33.806,0.88895,0.8892,4.00,2.60
2009.02.23 07:19:34.386,0.88895,0.88905,4.00,1.20
2009.02.23 07:19:34.736,0.88895,0.88905,4.00,1.20
2009.02.23 07:19:35.096,0.8889,0.88905,4.00,1.20
2009.02.23 07:19:36.286,0.8889,0.88915,17.40,3.60
2009.02.23 07:19:36.496,0.8889,0.88915,17.40,1.80
2009.02.23 07:19:36.836,0.8889,0.88915,14.60,1.80
2009.02.23 07:19:38.386,0.88895,0.8892,10.40,3.40
2009.02.23 07:19:38.675,0.88895,0.8892,14.60,3.40
2009.02.23 07:19:38.845,0.88895,0.8892,11.20,2.60
2009.02.23 07:19:39.116,0.88895,0.8892,14.60,2.60
2009.02.23 07:19:39.475,0.88895,0.8892,19.40,1.80
2009.02.23 07:19:39.865,0.88895,0.8892,14.60,1.80
2009.02.23 07:19:40.255,0.889,0.88925,14.40,1.80
2009.02.23 07:19:40.585,0.889,0.8892,9.60,1.80
2009.02.23 07:19:41.045,0.889,0.8892,6.40,1.80
2009.02.23 07:19:41.155,0.889,0.8892,3.40,1.80
2009.02.23 07:19:41.675,0.889,0.8892,3.20,1.80
2009.02.23 07:19:41.854,0.889,0.8892,4.00,1.80
2009.02.23 07:19:42.605,0.889,0.8892,4.00,1.80
2009.02.23 07:19:43.014,0.88895,0.88915,19.40,1.00
2009.02.23 07:19:43.295,0.889,0.88925,4.80,1.80
2009.02.23 07:19:43.694,0.889,0.88925,11.60,1.80
2009.02.23 07:19:43.924,0.889,0.88925,14.60,1.80
2009.02.23 07:19:44.224,0.88905,0.88925,2.80,1.80
2009.02.23 07:19:44.495,0.8891,0.88925,2.60,1.00
2009.02.23 07:19:44.894,0.8891,0.88925,9.60,1.00
2009.02.23 07:19:45.294,0.8891,0.88935,6.80,2.40
2009.02.23 07:19:45.763,0.88915,0.8894,4.00,1.80
2009.02.23 07:19:46.883,0.88915,0.88935,4.00,1.00
2009.02.23 07:19:47.264,0.88905,0.8892,2.00,1.20
2009.02.23 07:19:47.603,0.889,0.88925,10.80,1.80
2009.02.23 07:19:47.903,0.88905,0.88925,3.20,1.80
2009.02.23 07:19:48.133,0.88905,0.88925,11.60,1.80
2009.02.23 07:19:48.533,0.8891,0.88925,3.20,1.00
2009.02.23 07:19:48.943,0.8891,0.88935,4.00,3.20
2009.02.23 07:19:49.403,0.8892,0.88935,2.60,5.40
2009.02.23 07:19:49.973,0.8892,0.8893,2.60,1.00
2009.02.23 07:19:50.373,0.8892,0.88945,15.60,1.80
2009.02.23 07:19:50.733,0.88925,0.88945,12.40,1.00
2009.02.23 07:19:51.022,0.8893,0.88945,3.20,1.00
2009.02.23 07:19:51.192,0.8893,0.88945,4.00,1.80
2009.02.23 07:19:51.432,0.88925,0.8894,4.00,1.20
2009.02.23 07:19:51.762,0.88925,0.8894,4.00,1.20
2009.02.23 07:19:52.302,0.8892,0.8894,8.80,1.20
2009.02.23 07:19:53.862,0.88925,0.8894,2.60,1.20
2009.02.23 07:19:54.042,0.88925,0.88945,3.20,1.80
2009.02.23 07:19:54.321,0.88925,0.88945,4.00,1.80
2009.02.23 07:19:55.611,0.8892,0.8894,8.80,1.80
2009.02.23 07:19:55.951,0.8893,0.88945,4.80,3.00
2009.02.23 07:19:56.461,0.8892,0.8894,8.80,1.20
2009.02.23 07:19:56.981,0.8892,0.88945,4.00,2.60
2009.02.23 07:19:57.431,0.8892,0.88945,4.00,1.80
2009.02.23 07:19:57.831,0.8892,0.88945,1.20,1.80
2009.02.23 07:19:58.071,0.8892,0.88945,4.00,1.80
2009.02.23 07:19:59.040,0.8892,0.8894,4.00,1.20
2009.02.23 07:19:59.360,0.8892,0.8894,4.00,1.80
2009.02.23 07:19:59.530,0.88915,0.8894,4.00,1.80
2009.02.23 07:20:00.410,0.88915,0.8894,4.00,3.40
2009.02.23 07:20:00.680,0.88915,0.88925,2.00,1.20
2009.02.23 07:20:00.910,0.8891,0.88935,4.00,2.60
2009.02.23 07:20:01.030,0.8891,0.88935,2.00,1.80
2009.02.23 07:20:01.200,0.8891,0.88935,4.00,3.40
2009.02.23 07:20:01.310,0.88905,0.88935,6.80,3.40
2009.02.23 07:20:01.600,0.88905,0.88935,9.80,3.40
2009.02.23 07:20:01.880,0.8891,0.88935,8.80,3.40
2009.02.23 07:20:02.320,0.8891,0.88935,12.60,3.40
2009.02.23 07:20:02.719,0.88915,0.88935,1.80,1.80
2009.02.23 07:20:02.999,0.88915,0.88935,4.00,1.80
2009.02.23 07:20:03.460,0.88925,0.88935,1.00,1.80
2009.02.23 07:20:05.319,0.88925,0.8894,1.00,1.80
2009.02.23 07:20:05.779,0.88925,0.88945,1.00,3.40
2009.02.23 07:20:06.589,0.88925,0.88945,3.00,3.40
2009.02.23 07:20:07.009,0.88925,0.88945,15.40,3.40
2009.02.23 07:20:07.368,0.88925,0.88945,10.40,1.80
2009.02.23 07:20:07.699,0.88925,0.88945,18.00,1.80
2009.02.23 07:20:08.338,0.88925,0.88945,11.20,1.80
2009.02.23 07:20:08.688,0.88925,0.88945,4.00,1.80
2009.02.23 07:20:09.258,0.88935,0.88945,2.80,1.80
2009.02.23 07:20:09.658,0.8894,0.88945,9.40,1.00
2009.02.23 07:20:09.998,0.8894,0.8897,14.60,1.80
2009.02.23 07:20:10.438,0.8894,0.8897,14.60,3.40
2009.02.23 07:20:11.068,0.8894,0.88965,11.60,1.80
2009.02.23 07:20:11.288,0.8894,0.8896,4.00,1.80
2009.02.23 07:20:11.568,0.8894,0.88965,2.00,4.20
2009.02.23 07:20:11.847,0.88935,0.88965,6.80,3.40
2009.02.23 07:20:12.187,0.88935,0.88965,4.00,3.40
2009.02.23 07:20:12.987,0.88935,0.88965,6.80,3.40
2009.02.23 07:20:13.207,0.88935,0.88955,6.80,1.00
2009.02.23 07:20:15.317,0.88935,0.8896,6.80,2.40
2009.02.23 07:20:15.676,0.88935,0.88955,4.00,1.80
2009.02.23 07:20:16.016,0.88935,0.88955,4.00,1.80
2009.02.23 07:20:16.406,0.8893,0.88955,4.00,1.80
2009.02.23 07:20:16.696,0.8893,0.8895,4.00,2.60
2009.02.23 07:20:17.096,0.88925,0.8895,1.00,6.60
2009.02.23 07:20:17.856,0.88925,0.8895,1.00,7.60
2009.02.23 07:20:18.316,0.88925,0.8895,1.00,8.80
2009.02.23 07:20:18.676,0.88925,0.88945,1.00,3.40
2009.02.23 07:20:18.956,0.88925,0.88945,1.00,5.80
2009.02.23 07:20:19.176,0.88925,0.88945,1.00,2.60
2009.02.23 07:20:19.586,0.88925,0.88945,1.00,7.40
2009.02.23 07:20:19.865,0.88925,0.88945,1.60,3.80
2009.02.23 07:20:20.255,0.88925,0.8895,4.00,2.60
2009.02.23 07:20:20.875,0.88925,0.8895,2.00,2.60
2009.02.23 07:20:21.045,0.88925,0.8895,1.00,2.60
2009.02.23 07:20:22.455,0.88925,0.88945,1.00,2.60
2009.02.23 07:20:24.165,0.88925,0.88945,1.00,3.00
2009.02.23 07:20:24.445,0.88925,0.88945,1.00,7.20
2009.02.23 07:20:24.974,0.88925,0.88945,1.00,6.80
2009.02.23 07:20:25.314,0.88925,0.88945,1.00,3.40
2009.02.23 07:20:25.654,0.88925,0.88945,1.00,2.60
2009.02.23 07:20:26.914,0.88925,0.88935,1.00,1.20
2009.02.23 07:20:27.194,0.88925,0.88945,1.00,2.60
2009.02.23 07:20:27.433,0.88925,0.8894,1.00,1.20
2009.02.23 07:20:29.613,0.88925,0.88945,1.00,2.60
2009.02.23 07:20:29.894,0.88925,0.8894,1.00,1.20
2009.02.23 07:20:30.193,0.88925,0.8894,1.00,2.60
2009.02.23 07:20:32.862,0.88925,0.88935,1.00,1.20
2009.02.23 07:20:33.372,0.8891,0.88935,11.60,1.20
2009.02.23 07:20:34.182,0.8891,0.88935,14.60,1.20
2009.02.23 07:20:34.422,0.88915,0.88935,4.00,1.20
2009.02.23 07:20:36.012,0.88915,0.88935,4.00,1.20
2009.02.23 07:20:36.301,0.8891,0.88935,16.40,2.60
2009.02.23 07:20:36.591,0.8891,0.8893,6.80,1.20
2009.02.23 07:20:37.001,0.88905,0.88935,4.00,4.20
2009.02.23 07:20:37.291,0.889,0.8893,5.60,5.40
2009.02.23 07:20:37.871,0.88905,0.8893,4.60,2.20
2009.02.23 07:20:38.151,0.88905,0.8893,4.00,1.20
2009.02.23 07:20:38.511,0.8891,0.8894,3.20,6.60
2009.02.23 07:20:38.801,0.88905,0.88935,4.00,1.20
2009.02.23 07:20:39.081,0.88905,0.88935,4.00,2.60
2009.02.23 07:20:39.731,0.8891,0.8894,4.60,5.20
2009.02.23 07:20:40.061,0.88915,0.8894,8.80,5.80
2009.02.23 07:20:40.501,0.88915,0.8894,4.00,2.60
2009.02.23 07:20:40.960,0.88905,0.88925,6.80,1.20
2009.02.23 07:20:41.621,0.8891,0.88925,3.20,1.20
2009.02.23 07:20:41.890,0.88905,0.88925,6.80,1.20
2009.02.23 07:20:42.360,0.88905,0.88925,11.60,1.20
2009.02.23 07:20:42.640,0.88905,0.88925,6.80,1.20
2009.02.23 07:20:43.170,0.8891,0.88925,1.80,1.20
2009.02.23 07:20:43.500,0.8891,0.88935,11.60,2.60
2009.02.23 07:20:44.040,0.8891,0.8894,14.60,2.60
2009.02.23 07:20:44.330,0.88915,0.88945,4.00,1.20
2009.02.23 07:20:44.819,0.88915,0.88945,4.00,6.60
2009.02.23 07:20:45.219,0.88915,0.88945,4.00,4.20
2009.02.23 07:20:45.669,0.88915,0.8894,4.00,2.60
2009.02.23 07:20:46.059,0.88915,0.8894,3.20,2.60
2009.02.23 07:20:46.389,0.88905,0.88935,9.00,4.20
2009.02.23 07:20:46.779,0.88905,0.8893,2.80,2.60
2009.02.23 07:20:47.749,0.8891,0.88935,6.80,3.20
2009.02.23 07:20:48.139,0.8891,0.8894,6.80,2.60
2009.02.23 07:20:48.668,0.8891,0.88945,6.80,10.00
2009.02.23 07:20:49.188,0.88915,0.88945,3.20,6.80
2009.02.23 07:20:49.538,0.88915,0.88945,4.00,3.40
2009.02.23 07:20:49.758,0.88915,0.8894,4.00,2.60
2009.02.23 07:20:51.038,0.88915,0.8894,1.80,2.60
2009.02.23 07:20:51.148,0.88915,0.8894,2.00,2.60
2009.02.23 07:20:51.388,0.8891,0.8894,6.80,2.60
2009.02.23 07:20:52.128,0.8891,0.8894,4.00,2.60
2009.02.23 07:20:52.407,0.8891,0.88935,4.00,1.20
2009.02.23 07:20:52.690,0.8891,0.88935,6.80,2.60
2009.02.23 07:20:53.147,0.8891,0.8894,10.80,3.40
2009.02.23 07:20:53.447,0.8891,0.8894,11.60,2.60
2009.02.23 07:20:53.837,0.8891,0.8894,8.80,1.20
2009.02.23 07:20:54.247,0.88915,0.8894,4.00,1.60
2009.02.23 07:20:54.527,0.88915,0.8894,1.00,1.20
2009.02.23 07:20:55.037,0.88915,0.8894,2.00,2.60
2009.02.23 07:20:55.437,0.88915,0.8894,4.00,2.60
2009.02.23 07:20:55.827,0.8891,0.8894,4.00,2.60
2009.02.23 07:20:56.637,0.8891,0.88935,4.00,1.20
2009.02.23 07:20:57.157,0.8891,0.88935,4.00,2.60
2009.02.23 07:20:57.566,0.8891,0.88935,4.00,2.60
2009.02.23 07:20:57.916,0.889,0.88925,11.60,2.60
2009.02.23 07:20:58.136,0.88905,0.8893,6.00,2.60
2009.02.23 07:20:58.406,0.88905,0.8893,2.80,2.60
2009.02.23 07:20:59.167,0.889,0.88935,9.80,8.60
2009.02.23 07:20:59.456,0.889,0.88935,9.80,6.60
2009.02.23 07:20:59.806,0.88905,0.88935,4.00,2.60
2009.02.23 07:21:01.875,0.8891,0.88935,1.20,2.60
2009.02.23 07:21:02.265,0.8891,0.88935,3.20,2.60
2009.02.23 07:21:02.595,0.8891,0.88935,4.00,2.60
2009.02.23 07:21:03.655,0.8891,0.88935,6.80,2.60
2009.02.23 07:21:03.955,0.88915,0.8894,1.20,2.60
2009.02.23 07:21:04.305,0.8892,0.8894,1.20,2.60
2009.02.23 07:21:04.695,0.88915,0.8894,4.00,2.60
2009.02.23 07:21:05.265,0.88915,0.8894,4.00,1.20
2009.02.23 07:21:05.675,0.8891,0.88935,4.00,3.00
2009.02.23 07:21:06.074,0.8891,0.88935,1.20,3.60
2009.02.23 07:21:06.365,0.8891,0.88935,3.20,2.20
2009.02.23 07:21:06.714,0.8891,0.88945,4.00,6.80
2009.02.23 07:21:06.934,0.8891,0.88945,6.80,6.80
2009.02.23 07:21:07.624,0.8891,0.8894,6.80,1.20
2009.02.23 07:21:07.954,0.8891,0.8894,6.80,2.60
2009.02.23 07:21:08.424,0.8891,0.8894,4.00,2.60
2009.02.23 07:21:10.093,0.8891,0.88945,4.00,7.20
2009.02.23 07:21:10.843,0.8891,0.8894,4.00,1.20
2009.02.23 07:21:11.183,0.8891,0.8894,4.00,2.60
2009.02.23 07:21:11.413,0.8891,0.8894,9.60,2.60
2009.02.23 07:21:11.583,0.88915,0.8894,4.00,2.60
2009.02.23 07:21:12.593,0.88915,0.8894,4.00,2.60
2009.02.23 07:21:12.872,0.8891,0.8894,11.60,2.60
2009.02.23 07:21:13.103,0.8891,0.88935,6.80,2.60
2009.02.23 07:21:13.453,0.8891,0.88935,4.00,2.60
2009.02.23 07:21:14.012,0.8891,0.8893,4.00,1.20
2009.02.23 07:21:14.352,0.8891,0.8893,4.00,2.60
2009.02.23 07:21:18.201,0.88905,0.88935,17.20,2.60
2009.02.23 07:21:18.541,0.8891,0.8894,3.20,5.80
2009.02.23 07:21:18.931,0.8891,0.88935,4.00,2.60
2009.02.23 07:21:19.221,0.8891,0.8892,4.00,1.20
2009.02.23 07:21:19.621,0.88895,0.8892,6.80,1.20
2009.02.23 07:21:21.760,0.889,0.88915,2.80,1.20
2009.02.23 07:21:22.051,0.889,0.88925,10.40,2.60
2009.02.23 07:21:22.170,0.889,0.88925,14.60,2.60
2009.02.23 07:21:22.800,0.88905,0.88925,2.80,2.60
2009.02.23 07:21:23.140,0.88905,0.8893,6.80,2.60
2009.02.23 07:21:24.170,0.8891,0.88935,3.20,2.60
2009.02.23 07:21:24.460,0.8891,0.88935,4.00,2.60
2009.02.23 07:21:29.359,0.8891,0.8894,4.00,3.40
2009.02.23 07:21:29.539,0.8891,0.88935,3.20,2.60
2009.02.23 07:21:29.718,0.88905,0.88935,4.00,2.60
2009.02.23 07:21:30.298,0.88905,0.88935,4.00,3.00
2009.02.23 07:21:30.578,0.889,0.88935,4.00,5.80
2009.02.23 07:21:30.929,0.88905,0.88935,4.00,1.00
2009.02.23 07:21:31.278,0.88905,0.88935,4.00,3.00
2009.02.23 07:21:32.178,0.88905,0.88935,4.00,1.80
2009.02.23 07:21:32.348,0.88905,0.88935,4.00,1.00
2009.02.23 07:21:32.688,0.88905,0.8894,6.80,6.60
2009.02.23 07:21:32.798,0.8891,0.88935,1.20,2.60
2009.02.23 07:21:32.978,0.88905,0.88935,4.00,2.60
2009.02.23 07:21:34.437,0.88905,0.88935,4.00,3.00
2009.02.23 07:21:34.647,0.88905,0.88935,4.00,4.80
2009.02.23 07:21:34.927,0.889,0.88935,4.00,7.20
2009.02.23 07:21:35.927,0.889,0.88925,4.00,1.20
2009.02.23 07:21:36.827,0.889,0.8892,4.00,1.20
2009.02.23 07:21:37.557,0.889,0.88925,4.00,1.80
2009.02.23 07:21:37.737,0.88895,0.88925,4.00,1.80
2009.02.23 07:21:38.077,0.889,0.88925,7.40,1.80
2009.02.23 07:21:38.367,0.889,0.88925,4.00,1.80
2009.02.23 07:21:38.656,0.889,0.88925,4.00,3.40
2009.02.23 07:21:38.886,0.889,0.88925,4.00,3.40
2009.02.23 07:21:39.056,0.88895,0.88925,4.00,3.40
2009.02.23 07:21:39.226,0.88895,0.88925,4.00,2.40
2009.02.23 07:21:39.396,0.889,0.88925,3.20,2.40
2009.02.23 07:21:39.576,0.889,0.88925,4.00,2.40
2009.02.23 07:21:39.796,0.889,0.8892,4.00,1.80
2009.02.23 07:21:40.016,0.88895,0.8892,4.00,1.80
2009.02.23 07:21:40.976,0.88895,0.88925,4.00,9.00
2009.02.23 07:21:41.316,0.88895,0.8892,4.00,2.40
2009.02.23 07:21:41.916,0.889,0.8892,4.80,2.40
2009.02.23 07:21:42.146,0.889,0.8892,7.40,1.00
2009.02.23 07:21:42.305,0.889,0.8893,8.00,3.00
2009.02.23 07:21:42.635,0.88905,0.88925,1.20,1.00
2009.02.23 07:21:42.805,0.88905,0.88925,2.60,1.00
2009.02.23 07:21:43.035,0.88905,0.88925,1.00,1.00
2009.02.23 07:21:43.265,0.889,0.88925,8.80,1.00
2009.02.23 07:21:48.064,0.88905,0.88925,4.80,12.60
2009.02.23 07:21:48.124,0.88905,0.88925,5.60,12.60
2009.02.23 07:21:48.534,0.8891,0.8893,4.80,1.80
2009.02.23 07:21:49.294,0.88905,0.8893,16.00,5.00
2009.02.23 07:21:49.474,0.88905,0.8893,5.60,7.40
2009.02.23 07:21:50.034,0.8891,0.8893,4.80,2.80
2009.02.23 07:21:50.214,0.8891,0.88935,4.80,2.60
2009.02.23 07:21:50.503,0.8891,0.88935,4.80,5.40
2009.02.23 07:21:50.793,0.8891,0.88935,4.80,4.60
2009.02.23 07:21:51.074,0.8891,0.88935,6.00,2.20
2009.02.23 07:21:51.373,0.8891,0.8894,8.80,10.60
2009.02.23 07:21:51.473,0.88915,0.8894,1.20,8.60
2009.02.23 07:21:51.584,0.88915,0.8894,4.00,2.20
2009.02.23 07:21:51.763,0.8891,0.8894,5.60,5.40
2009.02.23 07:21:51.993,0.8891,0.8894,5.60,7.00
2009.02.23 07:21:52.153,0.8891,0.8894,4.80,9.40
2009.02.23 07:21:52.623,0.8891,0.8894,8.00,5.00
2009.02.23 07:21:52.793,0.8891,0.8894,8.80,5.00
2009.02.23 07:21:52.973,0.8891,0.8894,8.80,1.80
2009.02.23 07:21:53.263,0.8891,0.8894,11.60,1.80
2009.02.23 07:21:53.493,0.88915,0.88935,4.00,1.00
2009.02.23 07:21:54.033,0.8891,0.88935,11.60,1.00
2009.02.23 07:21:55.593,0.8892,0.88935,4.80,1.00
2009.02.23 07:21:55.982,0.8891,0.88945,7.20,8.80
2009.02.23 07:21:56.402,0.8891,0.8894,4.00,1.00
2009.02.23 07:21:59.312,0.8891,0.88945,6.80,8.40
2009.02.23 07:21:59.721,0.88915,0.88945,4.00,3.40
2009.02.23 07:22:00.001,0.88915,0.88945,4.00,1.00
2009.02.23 07:22:01.151,0.88915,0.88945,4.00,1.00
2009.02.23 07:22:01.921,0.88915,0.88945,4.00,1.60
2009.02.23 07:22:02.201,0.88915,0.8894,4.00,1.00
2009.02.23 07:22:02.381,0.88915,0.8894,2.00,1.60
2009.02.23 07:22:02.671,0.88915,0.8894,4.00,1.00
2009.02.23 07:22:02.831,0.88915,0.88945,4.00,1.80
2009.02.23 07:22:03.120,0.88915,0.88945,4.00,1.00
2009.02.23 07:22:03.520,0.88915,0.88945,4.00,5.00
2009.02.23 07:22:03.801,0.8891,0.88945,4.00,9.20
2009.02.23 07:22:04.081,0.8891,0.8894,4.00,5.40
2009.02.23 07:22:04.760,0.8891,0.8894,4.00,3.60
2009.02.23 07:22:04.980,0.88915,0.8894,2.00,1.20
2009.02.23 07:22:05.320,0.88915,0.88945,4.00,6.00
2009.02.23 07:22:06.630,0.88915,0.88945,4.00,5.80
2009.02.23 07:22:06.890,0.88915,0.88945,6.80,3.80
2009.02.23 07:22:07.070,0.88915,0.88945,9.80,2.60
2009.02.23 07:22:07.350,0.8892,0.8895,2.00,1.20
2009.02.23 07:22:07.460,0.8892,0.88955,4.00,7.60
2009.02.23 07:22:07.919,0.8892,0.88955,8.80,7.60
2009.02.23 07:22:08.559,0.88925,0.88955,9.80,5.40
2009.02.23 07:22:08.969,0.88935,0.88955,4.00,1.20
2009.02.23 07:22:09.239,0.88935,0.8896,4.00,1.00
2009.02.23 07:22:10.689,0.88935,0.8896,12.60,1.00
2009.02.23 07:22:11.159,0.88945,0.8896,4.00,1.00
2009.02.23 07:22:13.048,0.88935,0.8896,6.00,5.40
2009.02.23 07:22:13.228,0.8893,0.8896,5.60,7.00
2009.02.23 07:22:13.578,0.8893,0.88955,2.80,5.40
2009.02.23 07:22:14.178,0.8893,0.88955,6.00,2.20
2009.02.23 07:22:14.588,0.8893,0.88965,4.00,8.40
2009.02.23 07:22:14.928,0.88935,0.88965,4.00,1.00
2009.02.23 07:22:15.888,0.88935,0.88965,4.00,3.00
2009.02.23 07:22:16.357,0.88935,0.88965,4.00,1.00
2009.02.23 07:22:16.697,0.8894,0.88965,4.00,1.80
2009.02.23 07:22:17.107,0.8894,0.8897,4.00,2.60
2009.02.23 07:22:17.597,0.8894,0.88965,4.00,1.80
2009.02.23 07:22:17.817,0.8894,0.88965,2.60,1.80
2009.02.23 07:22:18.157,0.8894,0.8896,1.00,2.60
2009.02.23 07:22:18.487,0.8893,0.8896,2.60,6.80
2009.02.23 07:22:18.907,0.88925,0.8896,10.40,6.80
2009.02.23 07:22:19.487,0.88925,0.8896,13.20,6.60
2009.02.23 07:22:19.727,0.8893,0.8896,8.80,2.60
2009.02.23 07:22:22.416,0.8893,0.8896,11.60,2.60
2009.02.23 07:22:22.596,0.88935,0.8896,4.80,2.60
2009.02.23 07:22:22.846,0.8894,0.88965,4.80,8.20
2009.02.23 07:22:23.086,0.8894,0.88965,6.60,3.40
2009.02.23 07:22:23.316,0.88945,0.8897,4.80,2.40
2009.02.23 07:22:23.715,0.88945,0.8897,8.00,2.40
2009.02.23 07:22:24.096,0.88945,0.8897,4.80,2.40
2009.02.23 07:22:25.645,0.88945,0.8897,6.00,2.40
2009.02.23 07:22:25.985,0.88945,0.8897,8.00,2.40
2009.02.23 07:22:26.265,0.88945,0.8897,8.80,2.40
2009.02.23 07:22:27.405,0.88945,0.8897,7.40,4.20
2009.02.23 07:22:27.765,0.88945,0.8897,5.60,5.40
2009.02.23 07:22:27.985,0.88945,0.8897,1.00,6.00
2009.02.23 07:22:28.105,0.88945,0.8897,4.00,3.00
2009.02.23 07:22:28.695,0.88945,0.8897,4.00,2.60
2009.02.23 07:22:29.274,0.88945,0.88965,4.00,1.80
2009.02.23 07:22:29.614,0.8894,0.88965,8.80,1.80
2009.02.23 07:22:30.014,0.8894,0.88965,4.00,1.80
2009.02.23 07:22:30.584,0.8894,0.88965,8.80,1.80
2009.02.23 07:22:31.044,0.8894,0.88965,4.00,1.80
2009.02.23 07:22:31.344,0.88935,0.88965,8.80,1.80
2009.02.23 07:22:31.684,0.88935,0.88965,8.80,6.60
2009.02.23 07:22:32.483,0.88935,0.8896,8.80,2.60
2009.02.23 07:22:32.773,0.88935,0.8896,6.00,2.60
2009.02.23 07:22:33.123,0.88935,0.88965,8.80,4.20
2009.02.23 07:22:33.303,0.88935,0.88965,8.80,6.60
2009.02.23 07:22:33.763,0.8894,0.88965,1.60,6.60
2009.02.23 07:22:33.983,0.8894,0.88965,6.40,5.40
2009.02.23 07:22:34.433,0.8894,0.8897,5.60,5.80
2009.02.23 07:22:34.903,0.8895,0.8897,2.80,2.20
2009.02.23 07:22:35.283,0.8895,0.8897,5.60,2.20
2009.02.23 07:22:35.573,0.88955,0.8897,4.80,2.20
2009.02.23 07:22:37.392,0.88965,0.8897,1.00,2.20
2009.02.23 07:22:37.612,0.8896,0.8897,7.20,2.20
2009.02.23 07:22:37.782,0.88965,0.88985,3.20,14.60
2009.02.23 07:22:38.003,0.88965,0.88985,3.20,3.20
2009.02.23 07:22:38.762,0.88965,0.88995,11.20,7.80
2009.02.23 07:22:39.022,0.88965,0.88995,10.40,7.80
2009.02.23 07:22:39.442,0.8897,0.88995,11.60,2.20
2009.02.23 07:22:39.782,0.88975,0.88995,1.80,2.20
2009.02.23 07:22:40.121,0.88975,0.88995,2.80,2.20
2009.02.23 07:22:40.462,0.8898,0.88995,4.80,2.20
2009.02.23 07:22:40.861,0.8898,0.89,4.80,2.60
2009.02.23 07:22:41.392,0.8898,0.89,4.80,1.80
2009.02.23 07:22:42.131,0.8898,0.89,4.80,3.40
2009.02.23 07:22:42.411,0.8897,0.8899,11.60,1.00
2009.02.23 07:22:42.631,0.8897,0.88995,11.60,2.20
2009.02.23 07:22:44.730,0.8897,0.88995,11.60,2.20
2009.02.23 07:22:45.011,0.8897,0.89,11.60,7.00
2009.02.23 07:22:45.350,0.8897,0.89,8.40,9.40
2009.02.23 07:22:45.790,0.8897,0.89,7.60,9.40
2009.02.23 07:22:46.301,0.88975,0.89,19.20,1.80
2009.02.23 07:22:47.100,0.88975,0.89,19.20,2.60
2009.02.23 07:22:47.380,0.88975,0.89,19.20,1.80
2009.02.23 07:22:49.220,0.88975,0.89,22.00,1.80
2009.02.23 07:22:49.859,0.88975,0.89,19.20,1.80
2009.02.23 07:22:50.119,0.88975,0.88995,19.20,1.20
2009.02.23 07:22:50.979,0.88975,0.88995,14.40,1.20
2009.02.23 07:22:51.629,0.88975,0.88995,14.40,2.60
2009.02.23 07:22:51.799,0.88975,0.88995,19.20,1.20
2009.02.23 07:22:52.199,0.88975,0.8899,14.40,1.20
2009.02.23 07:22:52.428,0.88975,0.8899,13.00,2.60
2009.02.23 07:22:52.759,0.88975,0.8899,2.40,2.60
2009.02.23 07:22:53.228,0.88975,0.8899,2.40,4.20
2009.02.23 07:22:53.678,0.88975,0.8898,2.40,5.80
2009.02.23 07:22:54.088,0.88965,0.88975,10.40,2.40
2009.02.23 07:22:54.429,0.8895,0.88985,14.60,12.60
2009.02.23 07:22:54.718,0.88955,0.88985,3.20,4.60
2009.02.23 07:22:55.108,0.88955,0.88985,4.00,2.40
2009.02.23 07:22:55.518,0.88955,0.88985,6.80,2.40
2009.02.23 07:22:55.918,0.8896,0.88985,4.00,2.40
2009.02.23 07:22:57.528,0.88955,0.88975,4.00,1.20
2009.02.23 07:22:57.817,0.88955,0.8898,4.00,5.00
2009.02.23 07:22:58.117,0.8895,0.8898,6.00,2.20
2009.02.23 07:22:58.287,0.8895,0.88985,6.80,8.20
2009.02.23 07:22:58.457,0.88955,0.88985,3.20,8.20
2009.02.23 07:22:58.717,0.88955,0.88985,4.00,7.80
2009.02.23 07:22:59.007,0.88955,0.88985,4.00,5.40
2009.02.23 07:22:59.307,0.88955,0.88985,4.00,5.80
2009.02.23 07:22:59.647,0.88955,0.8898,4.00,1.20
2009.02.23 07:23:00.037,0.8895,0.8898,8.80,1.20
2009.02.23 07:23:00.327,0.8895,0.8897,4.00,3.00
2009.02.23 07:23:00.766,0.88945,0.8897,4.00,3.00
2009.02.23 07:23:01.106,0.8894,0.8897,8.80,4.20
2009.02.23 07:23:01.447,0.8894,0.8897,11.60,3.40
2009.02.23 07:23:01.777,0.88945,0.8897,8.00,3.40
2009.02.23 07:23:02.116,0.88945,0.8897,8.80,1.80
2009.02.23 07:23:02.806,0.88945,0.88965,8.00,1.20
2009.02.23 07:23:03.026,0.88945,0.88965,4.80,1.80
2009.02.23 07:23:03.376,0.88945,0.88965,4.80,3.40
2009.02.23 07:23:03.596,0.8894,0.88965,8.80,1.80
2009.02.23 07:23:03.946,0.8894,0.8897,8.80,3.40
2009.02.23 07:23:05.336,0.8894,0.88965,8.80,1.80
2009.02.23 07:23:05.726,0.8894,0.88965,4.80,1.80
2009.02.23 07:23:06.115,0.8894,0.8897,8.00,5.80
2009.02.23 07:23:06.395,0.8894,0.8897,8.80,3.40
2009.02.23 07:23:08.265,0.8894,0.8897,11.60,3.40
2009.02.23 07:23:08.495,0.8894,0.88965,11.60,1.00
2009.02.23 07:23:08.665,0.88945,0.88965,3.20,1.00
2009.02.23 07:23:08.885,0.88945,0.8897,4.00,1.80
2009.02.23 07:23:09.065,0.88945,0.8897,4.00,1.80
2009.02.23 07:23:09.534,0.8894,0.88965,11.60,1.00
2009.02.23 07:23:09.774,0.88945,0.88965,4.00,1.00
2009.02.23 07:23:10.055,0.88945,0.8897,8.80,1.80
2009.02.23 07:23:10.345,0.8895,0.8897,4.00,2.60
2009.02.23 07:23:10.684,0.8895,0.8897,1.00,2.60
2009.02.23 07:23:11.234,0.88945,0.8897,8.80,2.60
2009.02.23 07:23:11.744,0.8895,0.8897,3.20,2.60
2009.02.23 07:23:11.914,0.8895,0.8897,4.00,2.60
2009.02.23 07:23:12.084,0.8895,0.88975,4.00,1.80
2009.02.23 07:23:12.444,0.8895,0.8898,4.00,9.80
2009.02.23 07:23:13.064,0.8895,0.88975,4.00,1.80
2009.02.23 07:23:14.363,0.8895,0.8897,4.00,2.60
2009.02.23 07:23:15.393,0.8895,0.8897,2.60,2.60
2009.02.23 07:23:15.673,0.88945,0.8897,8.80,2.60
2009.02.23 07:23:16.023,0.8895,0.88975,4.00,1.80
2009.02.23 07:23:16.303,0.8895,0.88975,4.00,2.20
2009.02.23 07:23:16.763,0.88945,0.8897,8.80,2.60
2009.02.23 07:23:16.983,0.88945,0.8897,11.60,2.60
2009.02.23 07:23:17.283,0.8895,0.8897,4.00,2.60
2009.02.23 07:23:17.912,0.88945,0.88965,8.80,1.20
2009.02.23 07:23:19.122,0.88945,0.8897,11.60,2.60
2009.02.23 07:23:19.912,0.88945,0.8897,4.80,3.40
2009.02.23 07:23:20.252,0.8894,0.8897,8.80,3.40
2009.02.23 07:23:20.552,0.8894,0.8897,8.80,4.00
2009.02.23 07:23:20.832,0.88935,0.8896,11.60,1.80
2009.02.23 07:23:21.182,0.88935,0.8896,8.80,2.60
2009.02.23 07:23:21.692,0.88935,0.88955,4.80,1.80
2009.02.23 07:23:25.441,0.8893,0.88955,8.80,2.60
2009.02.23 07:23:26.860,0.8893,0.88955,8.80,1.80
2009.02.23 07:23:27.210,0.88935,0.8896,4.80,3.40
2009.02.23 07:23:27.430,0.8893,0.8896,4.00,1.80
2009.02.23 07:23:28.270,0.88935,0.88955,3.20,1.00
2009.02.23 07:23:28.680,0.88935,0.88955,3.20,1.80
2009.02.23 07:23:29.030,0.88925,0.88955,11.60,3.00
2009.02.23 07:23:29.420,0.88925,0.88955,8.80,1.80
2009.02.23 07:23:30.000,0.88925,0.88955,8.80,3.00
2009.02.23 07:23:30.459,0.88925,0.88955,8.80,3.40
2009.02.23 07:23:30.849,0.88935,0.8896,7.40,3.40
2009.02.23 07:23:31.189,0.88935,0.8896,6.00,1.20
2009.02.23 07:23:31.579,0.8894,0.8897,3.20,6.40
2009.02.23 07:23:31.809,0.8894,0.8897,4.00,4.00
2009.02.23 07:23:32.409,0.8894,0.8897,4.00,7.20
2009.02.23 07:23:32.569,0.8894,0.8897,1.00,7.20
2009.02.23 07:23:32.799,0.88935,0.8896,8.80,1.20
2009.02.23 07:23:33.369,0.88935,0.8896,4.00,1.20
2009.02.23 07:23:33.769,0.88935,0.8896,4.00,1.80
2009.02.23 07:23:34.178,0.8893,0.88955,4.00,1.80
2009.02.23 07:23:34.679,0.88925,0.88955,8.80,1.80
2009.02.23 07:23:35.408,0.88925,0.88955,8.80,4.20
2009.02.23 07:23:35.768,0.88925,0.88955,4.00,6.80
2009.02.23 07:23:36.408,0.88925,0.88955,2.60,6.80
2009.02.23 07:23:36.848,0.8892,0.88945,11.60,2.60
2009.02.23 07:23:37.128,0.8892,0.88945,11.60,1.80
2009.02.23 07:23:37.469,0.8892,0.8894,6.80,1.80
2009.02.23 07:23:37.648,0.8892,0.8894,4.80,1.80
2009.02.23 07:23:38.248,0.8892,0.88945,8.80,1.80
2009.02.23 07:23:38.597,0.8892,0.8894,8.80,1.20
2009.02.23 07:23:38.877,0.8892,0.8894,4.80,1.20
2009.02.23 07:23:42.386,0.88915,0.88935,14.60,1.20
2009.02.23 07:23:42.607,0.88915,0.88935,11.60,1.20
2009.02.23 07:23:42.777,0.88915,0.88935,8.80,1.20
2009.02.23 07:23:42.886,0.88915,0.8893,4.00,2.60
2009.02.23 07:23:42.997,0.88915,0.8893,3.20,2.60
2009.02.23 07:23:43.287,0.8891,0.88935,8.80,3.00
2009.02.23 07:23:43.586,0.8891,0.88935,11.60,2.60
2009.02.23 07:23:43.946,0.8891,0.8893,4.00,2.60
2009.02.23 07:23:45.246,0.8891,0.8894,9.80,5.80
2009.02.23 07:23:45.536,0.8891,0.8894,14.60,3.40
2009.02.23 07:23:45.936,0.8892,0.8894,2.80,1.60
2009.02.23 07:23:46.406,0.88925,0.8894,3.20,1.80
2009.02.23 07:23:46.875,0.8892,0.8894,5.60,1.00
2009.02.23 07:23:47.275,0.8892,0.88945,4.00,2.40
2009.02.23 07:23:47.615,0.8892,0.8894,4.00,1.00
2009.02.23 07:23:47.785,0.8892,0.8894,6.80,1.00
2009.02.23 07:23:49.055,0.8892,0.8894,9.80,1.00
2009.02.23 07:23:49.295,0.8892,0.8894,14.60,1.00
2009.02.23 07:23:49.685,0.88925,0.8894,7.60,1.00
2009.02.23 07:23:49.915,0.88925,0.8895,7.60,2.40
2009.02.23 07:23:50.145,0.8892,0.8895,19.40,2.40
2009.02.23 07:23:50.555,0.88935,0.88945,4.80,1.00
2009.02.23 07:23:51.085,0.88935,0.8896,10.40,2.40
2009.02.23 07:23:51.484,0.88935,0.8896,8.80,2.40
2009.02.23 07:23:53.184,0.88945,0.8896,3.20,2.40
2009.02.23 07:23:53.354,0.8894,0.8896,8.80,2.40
2009.02.23 07:23:54.544,0.8894,0.88965,8.80,2.60
2009.02.23 07:23:54.833,0.8894,0.88965,8.80,3.20
2009.02.23 07:23:54.944,0.8894,0.88965,13.00,3.20
2009.02.23 07:23:56.003,0.8894,0.88965,11.40,3.20
2009.02.23 07:23:56.423,0.8894,0.88965,11.20,3.20
2009.02.23 07:23:57.153,0.88945,0.88965,4.80,3.20
2009.02.23 07:23:57.383,0.8894,0.88965,11.20,3.20
2009.02.23 07:23:59.103,0.8894,0.88965,16.00,3.20
2009.02.23 07:23:59.403,0.8894,0.88965,11.20,3.20
2009.02.23 07:24:00.142,0.88945,0.88965,4.80,3.20
2009.02.23 07:24:02.322,0.88945,0.88965,4.80,1.80
2009.02.23 07:24:02.681,0.88945,0.88965,5.60,3.20
2009.02.23 07:24:02.852,0.88945,0.88965,5.60,1.80
2009.02.23 07:24:05.371,0.88945,0.88965,3.20,4.20
2009.02.23 07:24:05.831,0.8894,0.88965,4.80,7.40
2009.02.23 07:24:06.980,0.88945,0.88965,4.80,6.20
2009.02.23 07:24:07.541,0.88945,0.88975,11.60,20.80
2009.02.23 07:24:07.830,0.8895,0.88975,5.60,7.00
2009.02.23 07:24:07.941,0.8895,0.88975,5.60,1.80
2009.02.23 07:24:08.001,0.8895,0.88975,8.80,1.80
2009.02.23 07:24:08.240,0.8895,0.88975,11.60,1.80
2009.02.23 07:24:08.680,0.8896,0.88985,8.00,15.00
2009.02.23 07:24:09.130,0.8896,0.88985,8.80,10.40
2009.02.23 07:24:09.530,0.88965,0.88995,4.00,9.60
2009.02.23 07:24:09.770,0.8896,0.88985,7.40,2.40
2009.02.23 07:24:10.050,0.8896,0.88985,7.40,1.60
2009.02.23 07:24:10.410,0.88955,0.88985,4.00,5.40
2009.02.23 07:24:10.690,0.88955,0.8899,4.00,6.00
2009.02.23 07:24:10.920,0.88955,0.88985,4.00,1.20
2009.02.23 07:24:11.209,0.88955,0.88985,4.00,5.40
2009.02.23 07:24:11.490,0.88965,0.88995,4.80,10.00
2009.02.23 07:24:11.660,0.88965,0.88995,4.80,6.80
2009.02.23 07:24:11.899,0.88965,0.88995,15.20,6.80
2009.02.23 07:24:12.639,0.88965,0.88995,15.20,8.40
2009.02.23 07:24:12.759,0.88965,0.8899,15.20,2.60
2009.02.23 07:24:13.839,0.88965,0.88985,11.20,1.20
2009.02.23 07:24:14.119,0.88965,0.88985,10.40,1.20
2009.02.23 07:24:14.299,0.88965,0.88985,10.40,6.60
2009.02.23 07:24:14.529,0.88955,0.88985,4.80,6.60
2009.02.23 07:24:14.819,0.8896,0.88985,4.80,6.60
2009.02.23 07:24:15.219,0.8896,0.88985,4.80,4.20
2009.02.23 07:24:17.228,0.8896,0.88985,4.80,2.60
2009.02.23 07:24:17.548,0.88965,0.8899,4.80,2.60
2009.02.23 07:24:20.188,0.88975,0.88995,4.80,18.60
2009.02.23 07:24:20.348,0.88975,0.88995,4.80,17.00
2009.02.23 07:24:20.697,0.88975,0.88995,4.80,5.20
2009.02.23 07:24:20.967,0.88975,0.88995,4.80,2.60
2009.02.23 07:24:21.257,0.88965,0.88995,19.20,2.60
2009.02.23 07:24:21.947,0.88965,0.88995,22.00,1.20
2009.02.23 07:24:22.347,0.88965,0.89,19.20,9.00
2009.02.23 07:24:22.767,0.88965,0.88985,19.20,3.20
2009.02.23 07:24:23.287,0.88965,0.89,19.20,9.20
2009.02.23 07:24:25.356,0.8897,0.89,4.80,9.20
2009.02.23 07:24:25.596,0.8897,0.88995,4.80,1.20
2009.02.23 07:24:25.706,0.8897,0.88995,8.00,1.20
2009.02.23 07:24:26.076,0.88975,0.88995,10.40,1.20
2009.02.23 07:24:27.086,0.8897,0.88995,6.80,1.20
2009.02.23 07:24:27.756,0.8897,0.88995,4.00,2.60
2009.02.23 07:24:27.925,0.88965,0.88995,22.00,1.80
2009.02.23 07:24:28.545,0.88965,0.88995,22.00,3.40
2009.02.23 07:24:28.835,0.88965,0.88995,11.60,3.40
2009.02.23 07:24:29.535,0.8897,0.88995,3.20,3.40
2009.02.23 07:24:29.995,0.8897,0.88995,4.00,3.40
2009.02.23 07:24:30.285,0.8897,0.88995,4.00,4.20
2009.02.23 07:24:30.625,0.88965,0.8899,11.60,2.60
2009.02.23 07:24:31.155,0.88975,0.88995,4.80,7.60
2009.02.23 07:24:31.545,0.88975,0.88995,4.80,3.40
2009.02.23 07:24:31.825,0.8897,0.88995,14.60,3.40
2009.02.23 07:24:32.105,0.8897,0.88995,19.40,3.40
2009.02.23 07:24:32.434,0.8897,0.8899,8.40,2.60
2009.02.23 07:24:32.714,0.88975,0.88995,12.80,2.40
2009.02.23 07:24:32.994,0.88975,0.88995,27.40,2.40
2009.02.23 07:24:36.724,0.88975,0.88995,27.40,2.20
2009.02.23 07:24:37.303,0.88975,0.88995,20.20,2.20
2009.02.23 07:24:37.413,0.88975,0.88995,32.20,2.20
2009.02.23 07:24:39.453,0.88975,0.88995,27.40,2.20
2009.02.23 07:24:39.623,0.88975,0.88995,24.40,2.20
2009.02.23 07:24:40.203,0.88975,0.88995,21.60,2.20
2009.02.23 07:24:40.972,0.88975,0.88995,24.40,2.20
2009.02.23 07:24:41.302,0.88975,0.88995,19.60,2.20
2009.02.23 07:24:41.652,0.88975,0.88995,24.40,2.20
2009.02.23 07:24:41.982,0.88975,0.88995,21.60,2.20
2009.02.23 07:24:43.702,0.88975,0.88995,24.40,2.20
2009.02.23 07:24:44.472,0.88975,0.88995,21.60,2.20
2009.02.23 07:24:45.471,0.88975,0.88995,14.40,3.40
2009.02.23 07:24:45.841,0.8897,0.88995,6.80,3.40
2009.02.23 07:24:46.251,0.8897,0.88995,4.00,3.40
2009.02.23 07:24:46.591,0.88965,0.88995,20.20,3.40
2009.02.23 07:24:47.181,0.8897,0.88995,4.00,3.40
2009.02.23 07:24:48.830,0.8897,0.88995,1.00,3.40
2009.02.23 07:24:49.161,0.88965,0.88995,20.20,3.40
2009.02.23 07:24:49.501,0.88965,0.8899,17.20,1.80
2009.02.23 07:24:49.800,0.88965,0.8899,14.40,1.80
2009.02.23 07:24:50.321,0.88965,0.8899,4.00,1.80
2009.02.23 07:24:51.220,0.88965,0.88985,1.00,2.60
2009.02.23 07:24:51.620,0.88955,0.88985,4.00,3.00
2009.02.23 07:24:51.850,0.8895,0.88975,4.00,1.00
2009.02.23 07:24:52.130,0.88955,0.8898,3.20,2.40
2009.02.23 07:24:52.370,0.88955,0.8898,6.80,2.40
2009.02.23 07:24:52.550,0.8896,0.8898,1.20,2.40
2009.02.23 07:24:52.729,0.8896,0.88985,4.00,2.40
2009.02.23 07:24:53.119,0.8896,0.88985,4.00,2.40
2009.02.23 07:24:53.519,0.88955,0.88985,4.00,2.40
2009.02.23 07:24:53.749,0.88955,0.88985,4.00,2.60
2009.02.23 07:24:54.979,0.88955,0.88985,4.00,2.40
2009.02.23 07:24:55.539,0.88955,0.88985,4.00,2.60
2009.02.23 07:24:55.839,0.88955,0.88985,4.00,9.20
2009.02.23 07:24:56.239,0.8895,0.88985,4.00,9.20
2009.02.23 07:24:56.579,0.8895,0.88985,4.00,9.60
2009.02.23 07:24:56.929,0.8895,0.8898,4.00,4.20
2009.02.23 07:24:57.319,0.88945,0.8898,6.80,6.60
2009.02.23 07:24:57.669,0.88945,0.8898,6.80,8.20
2009.02.23 07:24:58.138,0.88945,0.88975,4.00,1.60
2009.02.23 07:24:58.428,0.88945,0.8897,4.00,1.80
2009.02.23 07:24:58.598,0.8894,0.8897,4.00,1.80
2009.02.23 07:24:58.938,0.8894,0.8897,6.80,1.80
2009.02.23 07:24:59.228,0.88945,0.8897,2.60,1.80
2009.02.23 07:24:59.518,0.88945,0.8897,4.00,1.80
2009.02.23 07:24:59.858,0.88945,0.88975,4.00,9.00
2009.02.23 07:25:00.128,0.88945,0.88965,4.00,1.20
2009.02.23 07:25:00.468,0.8894,0.88965,4.00,2.60
2009.02.23 07:25:00.848,0.88935,0.88965,11.40,2.60
2009.02.23 07:25:01.957,0.88935,0.8896,5.60,2.60
2009.02.23 07:25:02.287,0.88935,0.88965,6.80,4.20
2009.02.23 07:25:02.637,0.88935,0.88965,6.80,1.80
2009.02.23 07:25:03.387,0.88935,0.8896,6.80,1.00
2009.02.23 07:25:03.657,0.88935,0.8896,9.80,1.00
2009.02.23 07:25:04.067,0.88945,0.8896,4.00,1.00
2009.02.23 07:25:04.357,0.8894,0.8896,9.80,1.00
2009.02.23 07:25:04.707,0.88945,0.8896,3.20,1.00
2009.02.23 07:25:04.887,0.88945,0.8896,4.00,1.00
2009.02.23 07:25:05.286,0.88945,0.8896,7.00,1.00
2009.02.23 07:25:05.627,0.88945,0.8896,9.80,1.00
2009.02.23 07:25:07.846,0.8895,0.8896,2.80,1.00
2009.02.23 07:25:08.146,0.8895,0.8896,6.00,1.00
2009.02.23 07:25:08.266,0.8895,0.8896,4.00,1.00
2009.02.23 07:25:08.546,0.8895,0.8896,3.60,1.00
2009.02.23 07:25:08.606,0.8895,0.8896,6.80,1.00
2009.02.23 07:25:10.205,0.8895,0.8896,4.00,1.00
2009.02.23 07:25:10.605,0.8895,0.8896,3.20,1.00
2009.02.23 07:25:10.985,0.88945,0.8896,14.40,1.00
2009.02.23 07:25:12.405,0.88945,0.8896,17.20,1.00
2009.02.23 07:25:12.885,0.88945,0.8896,13.00,1.00
2009.02.23 07:25:13.225,0.88945,0.8896,13.60,1.00
2009.02.23 07:25:13.445,0.88945,0.8896,14.40,1.00
2009.02.23 07:25:17.154,0.88945,0.8896,11.20,1.00
2009.02.23 07:25:17.274,0.88945,0.8896,13.60,1.00
2009.02.23 07:25:17.383,0.88945,0.8896,10.40,1.00
2009.02.23 07:25:18.004,0.88945,0.88965,10.40,1.80
2009.02.23 07:25:18.463,0.88945,0.8896,10.40,1.00
2009.02.23 07:25:19.033,0.8894,0.8896,8.80,1.00
2009.02.23 07:25:19.453,0.88945,0.8896,10.40,1.00
2009.02.23 07:25:20.483,0.8894,0.8896,6.80,1.00
2009.02.23 07:25:20.883,0.88945,0.8896,10.40,1.00
2009.02.23 07:25:21.273,0.88945,0.8896,13.00,1.00
2009.02.23 07:25:21.663,0.88945,0.8896,11.20,1.00
2009.02.23 07:25:22.202,0.88945,0.8896,4.80,1.00
2009.02.23 07:25:22.602,0.88945,0.8896,4.00,1.00
2009.02.23 07:25:23.342,0.88945,0.8896,4.00,2.20
2009.02.23 07:25:23.682,0.88945,0.88975,8.80,6.60
2009.02.23 07:25:23.982,0.88945,0.88975,11.60,6.60
2009.02.23 07:25:24.282,0.88945,0.8898,11.60,7.40
2009.02.23 07:25:25.182,0.88945,0.88975,11.60,3.40
2009.02.23 07:25:25.342,0.88945,0.88975,11.60,6.60
2009.02.23 07:25:25.522,0.88945,0.88975,8.80,6.60
2009.02.23 07:25:26.111,0.8894,0.88975,8.80,9.00
2009.02.23 07:25:26.621,0.88945,0.88975,1.00,7.40
2009.02.23 07:25:26.791,0.88945,0.88975,4.80,7.40
2009.02.23 07:25:27.091,0.88945,0.88975,4.80,7.00
2009.02.23 07:25:27.311,0.88945,0.88975,8.00,3.80
2009.02.23 07:25:27.711,0.88945,0.88975,4.80,7.00
2009.02.23 07:25:34.789,0.88945,0.88975,6.00,7.00
2009.02.23 07:25:35.010,0.88945,0.88975,8.80,7.00
2009.02.23 07:25:35.579,0.88955,0.88975,4.80,2.80
2009.02.23 07:25:36.159,0.88945,0.8897,4.00,1.20
2009.02.23 07:25:36.569,0.88945,0.8897,4.00,2.60
2009.02.23 07:25:36.859,0.88945,0.8897,8.80,2.60
2009.02.23 07:25:37.209,0.88945,0.8897,4.00,2.40
2009.02.23 07:25:37.499,0.8894,0.8897,6.80,1.20
2009.02.23 07:25:38.408,0.8894,0.8897,4.00,1.20
2009.02.23 07:25:39.038,0.8894,0.8897,4.00,6.60
2009.02.23 07:25:39.799,0.8894,0.8897,4.00,1.20
2009.02.23 07:25:41.168,0.8894,0.8897,4.00,4.20
2009.02.23 07:25:41.498,0.8894,0.8897,4.00,3.40
2009.02.23 07:25:41.848,0.8894,0.8897,4.00,1.20
2009.02.23 07:25:42.067,0.8894,0.8897,6.80,1.20
2009.02.23 07:25:42.588,0.8894,0.8897,4.00,1.20
2009.02.23 07:25:42.857,0.88935,0.8897,9.80,6.60
2009.02.23 07:25:43.257,0.8894,0.8897,6.80,1.20
2009.02.23 07:25:45.417,0.8894,0.8897,6.80,2.20
2009.02.23 07:25:45.757,0.8894,0.8897,6.80,1.20
2009.02.23 07:25:46.047,0.8894,0.8897,6.80,6.60
2009.02.23 07:25:46.667,0.8894,0.8897,4.00,6.60
2009.02.23 07:25:47.027,0.88935,0.8897,9.80,6.60
2009.02.23 07:25:47.377,0.8894,0.8897,4.00,6.60
2009.02.23 07:25:48.696,0.8894,0.8897,6.80,5.40
2009.02.23 07:25:50.276,0.8894,0.8897,4.00,5.40
2009.02.23 07:25:50.615,0.88935,0.8897,9.80,5.40
2009.02.23 07:25:50.996,0.8895,0.8897,4.80,5.40
2009.02.23 07:25:51.405,0.8894,0.88965,4.00,1.00
2009.02.23 07:25:51.755,0.8894,0.88965,4.00,1.20
2009.02.23 07:25:52.375,0.8894,0.88965,1.20,5.80
2009.02.23 07:25:52.665,0.88935,0.88965,4.00,2.60
2009.02.23 07:25:53.065,0.88935,0.88965,2.80,6.60
2009.02.23 07:25:53.295,0.88935,0.88965,4.00,1.20
2009.02.23 07:25:55.604,0.88935,0.88965,9.80,1.20
2009.02.23 07:25:56.364,0.8894,0.88965,1.80,1.20
2009.02.23 07:25:56.864,0.88945,0.88965,4.80,1.20
2009.02.23 07:26:00.973,0.8894,0.88965,8.80,1.20
2009.02.23 07:26:01.454,0.8894,0.88965,2.40,1.20
2009.02.23 07:26:01.673,0.88935,0.88965,6.80,1.20
2009.02.23 07:26:01.893,0.88935,0.88965,6.00,1.20
2009.02.23 07:26:03.192,0.88935,0.88965,6.00,6.60
2009.02.23 07:26:03.982,0.88935,0.88965,9.00,3.40
2009.02.23 07:26:04.162,0.88935,0.88965,9.00,2.60
2009.02.23 07:26:06.452,0.88935,0.88965,11.80,2.60
2009.02.23 07:26:06.862,0.8894,0.88965,13.80,1.20
2009.02.23 07:26:11.790,0.88945,0.88965,2.80,1.20
2009.02.23 07:26:12.350,0.88945,0.88965,7.60,1.20
2009.02.23 07:26:12.810,0.8894,0.88965,14.60,1.20
2009.02.23 07:26:15.250,0.8894,0.88965,4.00,1.20
2009.02.23 07:26:17.630,0.8894,0.88965,11.60,1.20
2009.02.23 07:26:17.850,0.8894,0.88965,14.60,1.20
2009.02.23 07:26:20.889,0.8894,0.88965,4.00,1.20
2009.02.23 07:26:21.748,0.8894,0.88965,9.80,1.20
2009.02.23 07:26:22.299,0.8894,0.88965,14.60,1.20
2009.02.23 07:26:22.478,0.8894,0.88965,8.80,1.20
2009.02.23 07:26:22.768,0.8894,0.88965,4.00,1.20
2009.02.23 07:26:23.118,0.8894,0.88965,19.40,1.20
2009.02.23 07:26:27.847,0.8895,0.88965,2.80,1.20
2009.02.23 07:26:27.957,0.88955,0.88975,9.60,18.60
2009.02.23 07:26:28.127,0.88955,0.88975,9.60,11.40
2009.02.23 07:26:28.366,0.88955,0.8897,4.80,2.60
2009.02.23 07:26:28.596,0.8895,0.88965,3.20,1.20
2009.02.23 07:26:29.046,0.88945,0.88965,3.20,1.20
2009.02.23 07:26:29.426,0.8894,0.88965,19.40,1.20
2009.02.23 07:26:29.546,0.88945,0.88965,7.60,1.20
2009.02.23 07:26:35.245,0.88945,0.88965,12.40,1.20
2009.02.23 07:26:35.485,0.88945,0.88965,8.40,1.20
2009.02.23 07:26:35.785,0.88945,0.88965,26.80,1.20
2009.02.23 07:26:36.005,0.88945,0.88965,23.60,1.20
2009.02.23 07:26:36.794,0.8895,0.8897,4.80,2.60
2009.02.23 07:26:37.734,0.88945,0.88965,26.80,1.20
2009.02.23 07:26:38.004,0.88945,0.88965,23.60,1.20
2009.02.23 07:26:38.294,0.88945,0.88965,13.20,1.20
2009.02.23 07:26:39.974,0.88945,0.88965,8.40,1.20
2009.02.23 07:26:40.084,0.88945,0.88965,13.20,1.20
2009.02.23 07:26:40.843,0.88945,0.88965,8.40,1.20
2009.02.23 07:26:44.283,0.88945,0.88965,3.60,1.20
2009.02.23 07:26:44.453,0.88945,0.88965,3.20,1.80
2009.02.23 07:26:44.913,0.88945,0.88965,3.20,1.20
2009.02.23 07:26:46.802,0.88945,0.88965,2.40,1.20
2009.02.23 07:26:47.022,0.8894,0.88965,14.60,1.20
2009.02.23 07:26:47.602,0.8894,0.88965,14.60,1.80
2009.02.23 07:26:49.321,0.8894,0.88965,14.60,3.40
2009.02.23 07:26:49.731,0.8894,0.88965,10.40,2.60
2009.02.23 07:26:49.852,0.8894,0.88965,13.80,1.80
2009.02.23 07:26:50.071,0.8894,0.88965,14.60,1.80
2009.02.23 07:26:51.791,0.8894,0.88965,4.00,3.40
2009.02.23 07:26:52.421,0.88935,0.88965,17.20,1.80
2009.02.23 07:26:52.601,0.88935,0.88965,6.80,7.40
2009.02.23 07:26:55.300,0.88935,0.88965,9.80,3.40
2009.02.23 07:26:55.750,0.8894,0.88965,9.60,1.80
2009.02.23 07:26:56.160,0.8894,0.88965,12.40,1.20
2009.02.23 07:26:56.909,0.8895,0.8897,4.80,6.60
2009.02.23 07:26:57.250,0.88945,0.88965,9.60,1.20
2009.02.23 07:26:57.719,0.8894,0.88965,15.20,1.20
2009.02.23 07:26:57.999,0.8894,0.88965,12.40,1.20
2009.02.23 07:26:59.849,0.8894,0.88965,16.40,1.20
2009.02.23 07:27:01.489,0.8894,0.88965,19.40,1.20
2009.02.23 07:27:04.248,0.88945,0.88965,4.80,1.20
2009.02.23 07:27:06.977,0.8895,0.8897,4.80,1.80
2009.02.23 07:27:07.267,0.88945,0.88965,4.80,1.20
2009.02.23 07:27:08.627,0.8894,0.88965,19.40,1.20
2009.02.23 07:27:10.256,0.8894,0.88965,16.40,1.20
2009.02.23 07:27:12.696,0.8894,0.88965,11.60,1.20
2009.02.23 07:27:12.976,0.8894,0.88965,11.60,2.60
2009.02.23 07:27:13.156,0.8894,0.88965,6.80,2.60
2009.02.23 07:27:13.555,0.8894,0.88965,3.60,2.60
2009.02.23 07:27:13.736,0.8894,0.88965,2.80,1.80
2009.02.23 07:27:13.966,0.88935,0.8896,8.80,1.20
2009.02.23 07:27:14.295,0.88935,0.8896,8.80,2.60
2009.02.23 07:27:14.645,0.88935,0.88965,13.20,6.60
2009.02.23 07:27:14.826,0.88935,0.88965,17.20,6.60
2009.02.23 07:27:15.825,0.88935,0.88965,11.20,9.80
2009.02.23 07:27:16.345,0.88935,0.88965,10.40,6.60
2009.02.23 07:27:18.284,0.88935,0.88965,10.40,8.20
2009.02.23 07:27:18.794,0.88935,0.8895,10.40,1.20
2009.02.23 07:27:19.014,0.88935,0.88965,10.40,11.40
2009.02.23 07:27:19.134,0.8893,0.88965,9.80,6.60
2009.02.23 07:27:22.084,0.88935,0.88965,4.00,6.60
2009.02.23 07:27:28.942,0.88935,0.88965,2.60,8.20
2009.02.23 07:27:29.242,0.8893,0.88965,9.80,6.60
2009.02.23 07:27:29.412,0.8893,0.8896,6.80,2.60
2009.02.23 07:27:30.442,0.8893,0.88955,6.80,1.20
2009.02.23 07:27:31.031,0.8893,0.8896,6.80,7.20
2009.02.23 07:27:31.211,0.8893,0.8896,6.80,2.60
2009.02.23 07:27:35.430,0.8893,0.8896,4.00,2.60
2009.02.23 07:27:35.600,0.8893,0.8895,4.00,1.20
2009.02.23 07:27:35.870,0.88925,0.8895,25.00,1.20
2009.02.23 07:27:36.220,0.88925,0.88945,14.40,1.20
2009.02.23 07:27:36.800,0.8892,0.88945,4.00,4.20
2009.02.23 07:27:37.290,0.8891,0.8893,4.00,1.20
2009.02.23 07:27:37.700,0.8891,0.8894,6.80,8.20
2009.02.23 07:27:38.000,0.88915,0.8894,10.40,2.60
2009.02.23 07:27:39.189,0.88915,0.8894,15.00,2.60
2009.02.23 07:27:39.479,0.88915,0.8894,17.20,2.60
2009.02.23 07:27:39.889,0.88915,0.8894,14.40,1.20
2009.02.23 07:27:40.299,0.88915,0.8894,10.40,1.20
2009.02.23 07:27:40.589,0.88915,0.8894,13.20,1.20
2009.02.23 07:27:41.039,0.88915,0.8894,10.40,1.20
2009.02.23 07:27:41.669,0.88915,0.88935,10.40,1.20
2009.02.23 07:27:42.009,0.8891,0.88935,6.80,1.20
2009.02.23 07:27:43.219,0.8891,0.8893,4.00,1.20
2009.02.23 07:27:43.628,0.8891,0.8893,1.00,1.20
2009.02.23 07:27:43.979,0.88905,0.8893,25.00,1.20
2009.02.23 07:27:44.628,0.88905,0.88925,17.20,1.20
2009.02.23 07:27:44.868,0.88905,0.8892,14.40,1.20
2009.02.23 07:27:45.748,0.88905,0.88915,13.00,1.20
2009.02.23 07:27:46.148,0.88905,0.88915,11.20,1.20
2009.02.23 07:27:46.598,0.88905,0.88915,3.20,1.20
2009.02.23 07:27:48.237,0.88905,0.8892,3.20,2.60
2009.02.23 07:27:48.627,0.88905,0.8892,11.20,1.20
2009.02.23 07:27:49.097,0.88905,0.8892,11.20,2.60
2009.02.23 07:27:49.437,0.88895,0.8892,6.80,2.60
2009.02.23 07:27:49.947,0.889,0.8892,2.80,2.60
2009.02.23 07:27:50.287,0.889,0.88925,6.80,1.20
2009.02.23 07:27:50.577,0.889,0.88925,3.60,2.60
2009.02.23 07:27:50.857,0.889,0.88925,2.80,2.60
2009.02.23 07:27:51.256,0.88905,0.88925,2.80,2.60
2009.02.23 07:27:51.686,0.8891,0.8894,2.80,6.60
2009.02.23 07:27:52.926,0.8891,0.8894,2.80,8.20
2009.02.23 07:27:53.276,0.88905,0.88935,6.80,2.60
2009.02.23 07:27:53.446,0.88905,0.88935,9.80,1.80
2009.02.23 07:27:53.886,0.88905,0.8894,9.80,7.40
2009.02.23 07:27:54.166,0.88905,0.88935,9.80,1.80
2009.02.23 07:27:54.715,0.88905,0.88935,4.00,7.40
2009.02.23 07:27:55.066,0.88905,0.8893,19.40,1.20
2009.02.23 07:27:56.505,0.8891,0.88935,4.80,2.60
2009.02.23 07:27:56.845,0.8891,0.88935,8.80,1.20
2009.02.23 07:27:57.717,0.88915,0.88945,3.20,6.60
2009.02.23 07:27:57.935,0.88915,0.88945,4.00,4.20
2009.02.23 07:27:58.175,0.8891,0.88935,11.60,1.20
2009.02.23 07:27:58.465,0.88915,0.88935,2.00,1.20
2009.02.23 07:27:58.765,0.8891,0.88935,11.60,1.20
2009.02.23 07:27:59.235,0.8891,0.8894,4.80,2.00
2009.02.23 07:27:59.565,0.8891,0.8894,6.00,2.20
2009.02.23 07:27:59.864,0.8891,0.88945,6.80,6.60
2009.02.23 07:28:00.264,0.8892,0.88945,4.80,5.80
2009.02.23 07:28:00.594,0.8892,0.88945,4.80,2.60
2009.02.23 07:28:02.294,0.88925,0.88945,2.80,2.60
2009.02.23 07:28:02.574,0.8893,0.8895,4.80,3.40
2009.02.23 07:28:02.864,0.88925,0.88945,4.80,2.60
2009.02.23 07:28:03.254,0.88925,0.8894,10.40,2.60
2009.02.23 07:28:03.594,0.8892,0.88945,2.60,12.00
2009.02.23 07:28:03.933,0.8892,0.88945,4.00,1.60
2009.02.23 07:28:05.053,0.8892,0.8894,4.00,2.60
2009.02.23 07:28:05.343,0.8892,0.8894,2.00,2.60
2009.02.23 07:28:05.563,0.88915,0.8894,8.40,2.60
2009.02.23 07:28:05.793,0.88915,0.8894,7.60,2.60
2009.02.23 07:28:06.263,0.88915,0.88935,2.80,1.20
2009.02.23 07:28:06.613,0.8891,0.88935,8.80,2.60
2009.02.23 07:28:06.893,0.8891,0.8894,14.60,3.80
2009.02.23 07:28:07.113,0.88915,0.8894,1.60,3.00
2009.02.23 07:28:07.353,0.88925,0.8894,4.80,2.20
2009.02.23 07:28:07.632,0.88925,0.8894,4.80,1.40
2009.02.23 07:28:07.803,0.8892,0.8895,8.40,4.60
2009.02.23 07:28:08.033,0.8892,0.8895,4.00,1.80
2009.02.23 07:28:08.152,0.8892,0.8895,4.00,5.40
2009.02.23 07:28:08.333,0.8892,0.8895,4.00,7.40
2009.02.23 07:28:08.572,0.8892,0.8895,2.60,8.20
2009.02.23 07:28:08.862,0.88915,0.8895,4.00,9.80
2009.02.23 07:28:09.192,0.88915,0.8895,4.00,6.80
2009.02.23 07:28:10.342,0.88915,0.8895,6.80,6.80
2009.02.23 07:28:10.572,0.88915,0.88945,6.80,1.80
2009.02.23 07:28:10.852,0.88915,0.88945,6.80,2.20
2009.02.23 07:28:11.082,0.88915,0.88945,6.80,6.20
2009.02.23 07:28:11.382,0.88915,0.88935,4.80,1.20
2009.02.23 07:28:12.342,0.8891,0.88935,5.60,2.60
2009.02.23 07:28:12.632,0.8891,0.88935,4.80,2.60
2009.02.23 07:28:13.031,0.88905,0.8893,11.60,1.20
2009.02.23 07:28:13.411,0.88905,0.8893,22.00,1.20
2009.02.23 07:28:13.591,0.88905,0.88925,14.40,2.60
2009.02.23 07:28:13.761,0.88905,0.88925,11.20,2.60
2009.02.23 07:28:14.111,0.88905,0.8893,18.80,2.60
2009.02.23 07:28:14.391,0.88905,0.8893,11.60,2.60
2009.02.23 07:28:14.681,0.88905,0.8893,8.80,2.60
2009.02.23 07:28:15.211,0.88905,0.88925,4.00,1.20
2009.02.23 07:28:15.561,0.88905,0.88925,3.20,2.60
2009.02.23 07:28:16.081,0.88905,0.88925,4.00,2.60
2009.02.23 07:28:16.430,0.88905,0.88925,3.20,2.60
2009.02.23 07:28:16.840,0.88905,0.88935,8.80,8.60
2009.02.23 07:28:17.250,0.88905,0.8894,11.60,8.40
2009.02.23 07:28:17.550,0.8891,0.8894,4.80,7.00
2009.02.23 07:28:17.830,0.8891,0.8894,4.80,6.60
2009.02.23 07:28:18.130,0.8891,0.8894,8.00,2.20
2009.02.23 07:28:18.510,0.88915,0.88945,1.20,4.00
2009.02.23 07:28:18.790,0.8891,0.88945,11.60,6.80
2009.02.23 07:28:20.159,0.88915,0.88945,3.20,6.60
2009.02.23 07:28:20.329,0.8892,0.88945,4.80,6.60
2009.02.23 07:28:20.500,0.8892,0.88945,4.80,3.40
2009.02.23 07:28:20.849,0.8892,0.88945,4.80,1.20
2009.02.23 07:28:21.189,0.8892,0.88945,4.00,2.60
2009.02.23 07:28:21.479,0.88915,0.88945,8.80,2.20
2009.02.23 07:28:21.949,0.88915,0.88945,8.80,4.20
2009.02.23 07:28:22.281,0.88915,0.88945,4.00,5.40
2009.02.23 07:28:22.399,0.88915,0.8895,4.00,13.00
2009.02.23 07:28:22.749,0.88915,0.8895,4.00,12.80
2009.02.23 07:28:22.859,0.88915,0.8895,4.00,14.40
2009.02.23 07:28:23.199,0.88915,0.8895,4.00,11.40
2009.02.23 07:28:23.549,0.88915,0.8895,4.00,9.80
2009.02.23 07:28:25.288,0.88915,0.8894,4.00,1.20
2009.02.23 07:28:25.458,0.88915,0.8894,4.00,2.60
2009.02.23 07:28:25.738,0.88915,0.8895,4.00,16.20
2009.02.23 07:28:25.968,0.88915,0.8895,11.60,11.40
2009.02.23 07:28:26.318,0.88915,0.88945,11.60,1.20
2009.02.23 07:28:26.668,0.88915,0.88945,16.40,1.20
2009.02.23 07:28:26.968,0.88915,0.88945,26.80,1.20
2009.02.23 07:28:28.707,0.88915,0.88945,26.80,2.60
2009.02.23 07:28:28.768,0.88915,0.8894,26.80,2.60
2009.02.23 07:28:28.828,0.88915,0.8894,22.00,2.60
2009.02.23 07:28:29.237,0.88915,0.8894,19.20,2.60
2009.02.23 07:28:30.137,0.88915,0.8894,8.80,2.60
2009.02.23 07:28:30.487,0.88915,0.8894,19.20,2.60
2009.02.23 07:28:30.717,0.88915,0.8894,14.40,2.60
2009.02.23 07:28:30.887,0.88915,0.8894,11.20,2.60
2009.02.23 07:28:32.327,0.88915,0.8894,11.20,1.20
2009.02.23 07:28:32.496,0.88915,0.88945,16.00,8.40
2009.02.23 07:28:32.776,0.88915,0.88945,16.00,6.80
2009.02.23 07:28:33.166,0.88915,0.88945,16.00,5.40
2009.02.23 07:28:33.486,0.88915,0.88945,16.00,6.80
2009.02.23 07:28:35.386,0.88915,0.88945,16.00,4.40
2009.02.23 07:28:35.507,0.8892,0.88945,4.80,4.20
2009.02.23 07:28:35.566,0.8892,0.88945,4.80,7.20
2009.02.23 07:28:35.776,0.8892,0.88945,4.80,3.00
2009.02.23 07:28:36.175,0.88915,0.8894,10.40,3.00
2009.02.23 07:28:36.576,0.8891,0.8894,4.00,3.20
2009.02.23 07:28:36.905,0.88905,0.8894,22.00,6.80
2009.02.23 07:28:37.205,0.8891,0.8894,8.00,2.20
2009.02.23 07:28:37.546,0.8891,0.88945,8.80,20.40
2009.02.23 07:28:38.295,0.8891,0.8894,8.80,1.00
2009.02.23 07:28:38.625,0.8891,0.8894,5.60,4.80
2009.02.23 07:28:38.805,0.8891,0.8894,4.80,8.80
2009.02.23 07:28:41.534,0.8891,0.8894,4.80,9.20
2009.02.23 07:28:42.334,0.88905,0.8893,19.20,1.20
2009.02.23 07:28:42.614,0.88905,0.8893,16.00,1.20
2009.02.23 07:28:42.674,0.88905,0.8893,11.20,1.20
2009.02.23 07:28:42.784,0.88905,0.8893,10.40,1.20
2009.02.23 07:28:42.844,0.88905,0.8893,10.40,2.20
2009.02.23 07:28:43.024,0.88905,0.8893,10.40,6.60
2009.02.23 07:28:43.134,0.88905,0.8893,10.40,9.00
2009.02.23 07:28:43.474,0.889,0.8893,3.20,8.40
2009.02.23 07:28:43.824,0.889,0.88925,3.20,1.80
2009.02.23 07:28:44.114,0.889,0.8893,3.20,6.80
2009.02.23 07:28:45.033,0.88905,0.8893,7.40,3.20
2009.02.23 07:28:45.254,0.88905,0.8893,4.00,1.20
2009.02.23 07:28:45.643,0.88905,0.8893,14.40,1.20
2009.02.23 07:28:46.613,0.88905,0.88925,14.40,1.20
2009.02.23 07:28:46.893,0.88905,0.88925,10.40,3.00
2009.02.23 07:28:47.123,0.889,0.88925,8.80,2.60
2009.02.23 07:28:47.763,0.889,0.8893,8.80,2.60
2009.02.23 07:28:47.943,0.889,0.8893,8.80,1.20
2009.02.23 07:28:48.323,0.88905,0.88935,4.00,19.60
2009.02.23 07:28:48.493,0.88905,0.88935,4.00,13.00
2009.02.23 07:28:48.792,0.88905,0.88935,4.00,10.60
2009.02.23 07:28:49.123,0.8891,0.88935,3.20,1.00
2009.02.23 07:28:49.583,0.8891,0.88935,4.00,1.00
2009.02.23 07:28:49.973,0.8891,0.88935,4.00,1.80
2009.02.23 07:28:50.202,0.88905,0.88935,4.00,2.00
2009.02.23 07:28:50.442,0.8891,0.88935,3.20,1.00
2009.02.23 07:28:50.562,0.8891,0.88935,4.00,1.00
2009.02.23 07:28:50.962,0.8891,0.8893,4.00,1.20
2009.02.23 07:28:51.482,0.88905,0.88935,19.20,1.60
2009.02.23 07:28:51.852,0.88905,0.8893,19.20,1.20
2009.02.23 07:28:52.072,0.88905,0.8893,4.80,1.20
2009.02.23 07:28:52.592,0.88905,0.8893,8.80,1.20
2009.02.23 07:28:52.822,0.88905,0.8893,19.20,1.20
2009.02.23 07:28:53.462,0.88905,0.8893,16.00,2.60
2009.02.23 07:28:53.841,0.88905,0.8893,15.20,2.60
2009.02.23 07:28:54.421,0.88905,0.8893,4.80,2.60
2009.02.23 07:28:55.041,0.88905,0.8893,15.20,2.60
2009.02.23 07:28:55.441,0.88905,0.88925,10.40,1.20
2009.02.23 07:28:55.551,0.88905,0.8893,13.60,1.00
2009.02.23 07:28:55.781,0.88905,0.8892,13.60,1.20
2009.02.23 07:28:55.951,0.88905,0.8892,10.40,1.20
2009.02.23 07:28:56.181,0.88905,0.88935,10.40,10.20
2009.02.23 07:28:56.461,0.88905,0.8894,14.40,10.00
2009.02.23 07:28:57.181,0.8891,0.8894,4.80,10.00
2009.02.23 07:28:57.700,0.8891,0.88935,4.80,1.80
2009.02.23 07:28:57.930,0.8891,0.88935,4.80,2.60
2009.02.23 07:28:58.370,0.88905,0.8893,19.20,1.20
2009.02.23 07:29:01.379,0.88915,0.8894,4.80,8.20
2009.02.23 07:29:01.659,0.88905,0.8894,22.00,7.80
2009.02.23 07:29:01.890,0.88905,0.8894,22.00,8.20
2009.02.23 07:29:02.949,0.88915,0.8894,4.80,8.20
2009.02.23 07:29:03.109,0.88915,0.8894,4.80,7.80
2009.02.23 07:29:03.349,0.88915,0.8894,4.80,6.60
2009.02.23 07:29:03.519,0.88915,0.8894,4.80,3.40
2009.02.23 07:29:03.689,0.8891,0.8894,4.00,2.60
2009.02.23 07:29:03.979,0.8891,0.88935,8.80,2.60
2009.02.23 07:29:04.159,0.88905,0.8893,11.60,1.20
2009.02.23 07:29:04.559,0.88905,0.8893,22.00,1.20
2009.02.23 07:29:05.139,0.88905,0.8894,22.00,10.60
2009.02.23 07:29:05.359,0.8891,0.88935,4.80,2.60
2009.02.23 07:29:05.598,0.88905,0.8893,22.00,1.20
2009.02.23 07:29:06.119,0.88905,0.8893,19.20,1.20
2009.02.23 07:29:08.898,0.88905,0.8893,14.40,1.20
2009.02.23 07:29:09.348,0.88915,0.88935,4.80,7.00
2009.02.23 07:29:09.938,0.88905,0.88935,14.40,2.60
2009.02.23 07:29:10.167,0.88905,0.88925,10.40,1.20
2009.02.23 07:29:10.657,0.889,0.88925,8.80,1.20
2009.02.23 07:29:11.377,0.889,0.88925,8.80,2.60
2009.02.23 07:29:11.777,0.88905,0.88925,4.80,2.60
2009.02.23 07:29:12.487,0.88905,0.8893,8.80,4.20
2009.02.23 07:29:12.947,0.88905,0.8893,8.80,1.20
2009.02.23 07:29:13.227,0.88905,0.8893,11.60,1.20
2009.02.23 07:29:13.287,0.8891,0.88935,4.80,3.40
2009.02.23 07:29:13.396,0.8891,0.88935,4.80,5.80
2009.02.23 07:29:13.456,0.8891,0.88935,4.80,2.60
2009.02.23 07:29:15.046,0.88905,0.8893,7.40,2.60
2009.02.23 07:29:15.226,0.88905,0.88925,4.80,2.60
2009.02.23 07:29:15.816,0.889,0.8892,5.60,1.20
2009.02.23 07:29:16.496,0.88895,0.8892,5.60,2.60
2009.02.23 07:29:16.956,0.88895,0.8892,15.20,2.60
2009.02.23 07:29:17.536,0.88895,0.8892,20.00,4.20
2009.02.23 07:29:17.916,0.88895,0.88915,10.40,2.60
2009.02.23 07:29:18.196,0.8889,0.8892,5.60,7.20
2009.02.23 07:29:18.425,0.8889,0.8892,11.60,6.60
2009.02.23 07:29:19.045,0.8889,0.8892,11.60,3.40
2009.02.23 07:29:19.275,0.8889,0.88925,14.60,9.40
2009.02.23 07:29:19.555,0.889,0.88925,3.20,3.40
2009.02.23 07:29:19.785,0.889,0.88925,4.00,3.20
2009.02.23 07:29:20.005,0.8889,0.88925,14.60,6.60
2009.02.23 07:29:21.995,0.889,0.88925,7.40,6.60
2009.02.23 07:29:22.406,0.889,0.88925,4.80,6.60
2009.02.23 07:29:22.694,0.889,0.8892,6.80,2.60
2009.02.23 07:29:22.974,0.889,0.8892,1.00,2.60
2009.02.23 07:29:23.275,0.889,0.88925,4.80,8.20
2009.02.23 07:29:23.614,0.889,0.88925,4.80,2.60
2009.02.23 07:29:27.033,0.889,0.88925,4.80,1.80
2009.02.23 07:29:27.473,0.88905,0.88925,4.80,2.60
2009.02.23 07:29:27.713,0.88905,0.8893,4.80,6.60
2009.02.23 07:29:27.993,0.889,0.8893,7.60,6.60
2009.02.23 07:29:28.453,0.88905,0.8893,4.80,1.20
2009.02.23 07:29:28.863,0.889,0.8893,11.60,1.20
2009.02.23 07:29:30.073,0.889,0.8892,4.00,1.20
2009.02.23 07:29:30.362,0.88895,0.8892,8.80,2.60
2009.02.23 07:29:30.642,0.88895,0.88915,6.80,2.60
2009.02.23 07:29:30.982,0.8889,0.88915,1.60,3.80
2009.02.23 07:29:31.272,0.88885,0.88915,8.20,8.20
2009.02.23 07:29:31.552,0.88885,0.88915,10.60,8.20
2009.02.23 07:29:31.832,0.8889,0.88915,8.20,8.20
2009.02.23 07:29:32.062,0.88895,0.88915,10.40,2.60
2009.02.23 07:29:32.802,0.8889,0.88915,5.60,2.60
2009.02.23 07:29:33.202,0.8889,0.88915,8.20,2.60
2009.02.23 07:29:33.992,0.8889,0.8891,5.60,1.60
2009.02.23 07:29:34.162,0.8889,0.88905,5.60,1.40
2009.02.23 07:29:34.942,0.8889,0.8891,5.60,4.00
2009.02.23 07:29:35.061,0.8889,0.8891,5.60,4.40
2009.02.23 07:29:35.283,0.8889,0.8891,5.60,4.00
2009.02.23 07:29:35.561,0.8889,0.8891,5.60,4.40
2009.02.23 07:29:35.861,0.8889,0.8891,5.60,4.00
2009.02.23 07:29:39.371,0.8889,0.88905,5.60,1.40
2009.02.23 07:29:39.720,0.8889,0.88915,5.60,4.00
2009.02.23 07:29:40.130,0.8889,0.88905,5.60,1.40
2009.02.23 07:29:41.110,0.8889,0.8891,5.60,4.40
2009.02.23 07:29:41.390,0.8889,0.8891,5.60,4.00
2009.02.23 07:29:43.159,0.8889,0.88905,2.40,3.40
2009.02.23 07:29:43.329,0.8888,0.88905,5.60,4.20
2009.02.23 07:29:43.509,0.8888,0.88905,4.80,6.60
2009.02.23 07:29:43.739,0.8888,0.88905,4.80,3.40
2009.02.23 07:29:44.029,0.8888,0.88905,4.80,1.20
2009.02.23 07:29:51.507,0.88885,0.8891,2.80,5.40
2009.02.23 07:29:51.907,0.88885,0.88915,2.00,3.80
2009.02.23 07:29:52.297,0.8889,0.8891,4.80,1.20
2009.02.23 07:29:52.527,0.88885,0.88915,17.20,4.20
2009.02.23 07:29:52.697,0.88885,0.8892,17.20,9.40
2009.02.23 07:29:52.987,0.88885,0.8892,17.20,8.20
2009.02.23 07:29:53.167,0.8889,0.8892,3.20,8.20
2009.02.23 07:29:53.387,0.8889,0.8892,4.00,8.20
2009.02.23 07:29:53.797,0.8889,0.8892,8.80,8.20
2009.02.23 07:29:54.027,0.8889,0.8892,8.80,6.60
2009.02.23 07:29:54.427,0.8889,0.8892,8.80,1.80
2009.02.23 07:29:54.827,0.8889,0.8892,8.80,2.60
2009.02.23 07:29:55.297,0.889,0.88925,4.80,4.20
2009.02.23 07:29:55.586,0.88895,0.8893,11.60,10.20
2009.02.23 07:29:56.087,0.889,0.88925,10.80,2.20
2009.02.23 07:29:56.486,0.889,0.88935,6.80,9.00
2009.02.23 07:29:56.846,0.889,0.88935,4.00,9.20
2009.02.23 07:29:57.186,0.889,0.8893,4.00,1.20
2009.02.23 07:29:57.596,0.889,0.8893,4.00,1.00
2009.02.23 07:29:57.876,0.889,0.88935,4.00,8.40
2009.02.23 07:29:58.326,0.889,0.8893,4.00,1.60
2009.02.23 07:29:58.496,0.889,0.88925,4.00,1.20
2009.02.23 07:29:58.846,0.88895,0.88925,11.60,1.20
2009.02.23 07:30:02.515,0.88895,0.8892,4.80,1.20
2009.02.23 07:30:03.345,0.88895,0.88925,8.80,4.60
2009.02.23 07:30:03.464,0.88895,0.88925,11.60,4.20
2009.02.23 07:30:03.795,0.889,0.88925,8.00,1.20
2009.02.23 07:30:04.204,0.889,0.88925,8.80,1.20
2009.02.23 07:30:04.724,0.889,0.88925,4.00,1.20
2009.02.23 07:30:05.115,0.889,0.8893,11.20,6.20
2009.02.23 07:30:05.514,0.88905,0.88925,1.00,2.00
2009.02.23 07:30:05.864,0.889,0.88925,2.80,2.20
2009.02.23 07:30:06.214,0.889,0.8893,6.00,2.20
2009.02.23 07:30:06.684,0.889,0.88935,6.80,6.20
2009.02.23 07:30:08.264,0.889,0.8893,6.80,1.80
2009.02.23 07:30:08.493,0.889,0.8893,2.60,2.80
2009.02.23 07:30:08.603,0.889,0.8893,1.80,5.20
2009.02.23 07:30:08.834,0.88895,0.8893,14.60,6.60
2009.02.23 07:30:09.183,0.88895,0.8892,8.80,1.20
2009.02.23 07:30:09.393,0.88895,0.8892,5.60,2.60
2009.02.23 07:30:09.623,0.88895,0.8892,4.80,2.60
2009.02.23 07:30:09.794,0.8889,0.8892,14.40,2.60
2009.02.23 07:30:11.703,0.88895,0.8892,4.80,2.60
2009.02.23 07:30:13.492,0.88895,0.8892,4.80,7.40
2009.02.23 07:30:14.702,0.88895,0.88925,8.40,4.20
2009.02.23 07:30:15.102,0.88895,0.8892,11.60,1.00
2009.02.23 07:30:15.332,0.88895,0.88925,11.60,2.60
2009.02.23 07:30:15.612,0.88895,0.88925,4.00,2.60
2009.02.23 07:30:15.952,0.88895,0.8892,4.60,4.20
2009.02.23 07:30:16.402,0.889,0.8892,4.80,5.40
2009.02.23 07:30:16.801,0.889,0.88935,8.80,15.60
2009.02.23 07:30:17.151,0.889,0.88935,11.60,7.40
2009.02.23 07:30:17.801,0.889,0.8893,11.60,6.00
2009.02.23 07:30:17.971,0.889,0.88935,11.60,7.40
2009.02.23 07:30:18.451,0.889,0.88935,11.60,9.00
2009.02.23 07:30:18.691,0.889,0.8892,5.60,1.00
2009.02.23 07:30:18.861,0.889,0.88925,4.80,2.60
2009.02.23 07:30:19.101,0.889,0.8892,4.80,4.80
2009.02.23 07:30:19.271,0.88895,0.8892,11.60,5.80
2009.02.23 07:30:19.501,0.88895,0.8892,5.60,7.40
2009.02.23 07:30:19.791,0.88895,0.8892,3.20,7.40
2009.02.23 07:30:20.131,0.8889,0.8892,14.40,7.40
2009.02.23 07:30:20.301,0.8889,0.8892,11.60,6.60
2009.02.23 07:30:20.600,0.88895,0.8892,6.00,6.60
2009.02.23 07:30:20.822,0.88895,0.8892,8.00,6.60
2009.02.23 07:30:21.050,0.88895,0.8892,8.80,6.60
2009.02.23 07:30:22.710,0.88905,0.88925,4.80,7.80
2009.02.23 07:30:22.890,0.88905,0.88925,4.80,5.20
2009.02.23 07:30:23.300,0.88905,0.8893,5.60,14.00
2009.02.23 07:30:23.640,0.889,0.8893,4.00,2.20
2009.02.23 07:30:23.920,0.88905,0.8893,2.80,2.80
2009.02.23 07:30:24.200,0.8891,0.8893,4.00,1.00
2009.02.23 07:30:24.809,0.8891,0.8892,3.20,1.20
2009.02.23 07:30:25.209,0.88895,0.8892,8.80,1.20
2009.02.23 07:30:25.670,0.88895,0.8892,8.80,5.80
2009.02.23 07:30:25.909,0.88895,0.8892,8.80,6.20
2009.02.23 07:30:26.789,0.88895,0.8892,4.80,6.20
2009.02.23 07:30:27.149,0.88895,0.88915,4.80,1.20
2009.02.23 07:30:27.779,0.88895,0.88915,4.80,5.80
2009.02.23 07:30:28.059,0.88895,0.8892,4.80,7.40
2009.02.23 07:30:29.068,0.88895,0.88915,4.80,1.20
2009.02.23 07:30:29.868,0.88895,0.88915,4.80,1.40
2009.02.23 07:30:30.318,0.88895,0.88915,4.80,1.20
2009.02.23 07:30:30.618,0.88895,0.8892,5.60,7.40
2009.02.23 07:30:30.838,0.889,0.88915,2.80,1.20
2009.02.23 07:30:31.118,0.88905,0.8893,11.20,7.60
2009.02.23 07:30:31.348,0.88905,0.8893,2.00,2.00
2009.02.23 07:30:31.808,0.8891,0.88935,4.00,15.20
2009.02.23 07:30:32.208,0.8891,0.8894,4.00,2.60
2009.02.23 07:30:32.608,0.8891,0.8894,4.00,7.40
2009.02.23 07:30:32.918,0.8891,0.8894,4.00,7.40
2009.02.23 07:30:33.028,0.88905,0.8894,11.60,7.40
2009.02.23 07:30:33.257,0.88905,0.8894,11.60,7.00
2009.02.23 07:30:33.368,0.88905,0.8894,11.60,5.40
2009.02.23 07:30:33.487,0.8891,0.8894,3.20,2.20
2009.02.23 07:30:33.777,0.8891,0.88945,4.00,8.80
2009.02.23 07:30:33.947,0.8891,0.88945,4.00,12.00
2009.02.23 07:30:34.187,0.8891,0.88945,4.00,8.80
2009.02.23 07:30:34.357,0.8891,0.88945,4.00,12.00
2009.02.23 07:30:34.517,0.8891,0.88945,4.00,11.60
2009.02.23 07:30:35.677,0.8891,0.88945,11.60,6.20
2009.02.23 07:30:36.027,0.8891,0.88945,14.60,5.40
2009.02.23 07:30:38.036,0.8891,0.88945,11.60,5.80
2009.02.23 07:30:38.266,0.8891,0.88945,11.60,7.40
2009.02.23 07:30:38.627,0.8891,0.88945,14.40,7.40
2009.02.23 07:30:38.977,0.8891,0.88945,11.60,7.40
2009.02.23 07:30:40.026,0.8891,0.88945,11.60,5.80
2009.02.23 07:30:40.366,0.8891,0.88945,14.40,7.40
2009.02.23 07:30:43.745,0.8891,0.88945,17.40,7.00
2009.02.23 07:30:47.744,0.8891,0.88945,17.40,8.20
2009.02.23 07:30:47.924,0.8891,0.8894,11.20,3.00
2009.02.23 07:30:48.214,0.8891,0.8894,10.40,7.00
2009.02.23 07:30:48.444,0.8891,0.8894,2.60,7.00
2009.02.23 07:30:49.134,0.8891,0.8894,2.60,8.20
2009.02.23 07:30:49.363,0.8891,0.8894,2.60,8.40
2009.02.23 07:30:49.653,0.8891,0.8894,2.60,7.40
2009.02.23 07:30:50.113,0.8891,0.8894,2.60,7.00
2009.02.23 07:30:50.403,0.8891,0.8894,2.60,9.00
2009.02.23 07:30:50.973,0.8891,0.88935,2.60,5.40
2009.02.23 07:30:51.653,0.8891,0.88935,3.40,2.20
2009.02.23 07:30:52.113,0.8891,0.88935,2.60,5.40
2009.02.23 07:30:52.403,0.8891,0.88935,2.60,3.60
2009.02.23 07:30:52.513,0.8891,0.88935,2.60,2.20
2009.02.23 07:30:52.803,0.8891,0.8894,2.60,5.80
2009.02.23 07:30:53.492,0.8891,0.8894,2.60,5.40
2009.02.23 07:30:53.722,0.8891,0.8894,7.40,5.40
2009.02.23 07:30:53.892,0.88915,0.8894,10.40,5.40
2009.02.23 07:30:54.702,0.88915,0.8894,10.40,3.00
2009.02.23 07:30:54.982,0.88915,0.88945,15.20,5.40
2009.02.23 07:30:55.442,0.88915,0.88945,18.40,5.40
2009.02.23 07:30:55.832,0.88915,0.88945,15.20,5.40
2009.02.23 07:30:57.442,0.88915,0.88945,10.40,3.00
2009.02.23 07:30:58.011,0.88915,0.8894,10.40,2.20
2009.02.23 07:30:58.252,0.88915,0.8894,10.40,5.40
2009.02.23 07:30:58.491,0.88915,0.8894,10.40,5.80
2009.02.23 07:30:58.721,0.8891,0.8894,9.60,5.80
2009.02.23 07:30:58.841,0.8891,0.8894,14.40,5.80
2009.02.23 07:30:59.241,0.8892,0.8894,4.80,2.20
2009.02.23 07:30:59.521,0.8892,0.88945,4.80,8.20
2009.02.23 07:30:59.761,0.8892,0.8894,4.80,1.00
2009.02.23 07:31:00.331,0.8892,0.88945,4.80,8.20
2009.02.23 07:31:01.930,0.8892,0.88945,4.80,6.60
2009.02.23 07:31:02.420,0.8892,0.88945,4.80,5.20
2009.02.23 07:31:02.471,0.8892,0.88945,4.80,1.20
2009.02.23 07:31:02.651,0.8892,0.88945,4.80,1.40
2009.02.23 07:31:02.770,0.8892,0.88945,4.80,4.60
2009.02.23 07:31:02.990,0.88915,0.88935,8.80,1.00
2009.02.23 07:31:03.100,0.88915,0.88935,4.80,2.00
2009.02.23 07:31:03.960,0.88915,0.88935,4.80,1.60
2009.02.23 07:31:04.250,0.88915,0.88935,15.20,1.60
2009.02.23 07:31:04.550,0.88915,0.8894,15.20,1.20
2009.02.23 07:31:04.860,0.8893,0.88945,4.80,2.20
2009.02.23 07:31:05.040,0.8893,0.8895,4.80,5.80
2009.02.23 07:31:05.610,0.8892,0.8895,8.80,7.40
2009.02.23 07:31:06.349,0.8892,0.8895,8.80,6.20
2009.02.23 07:31:06.689,0.8892,0.8894,8.80,1.00
2009.02.23 07:31:07.099,0.88925,0.8894,4.80,1.00
2009.02.23 07:31:07.639,0.8892,0.8894,4.80,1.00
2009.02.23 07:31:08.039,0.8893,0.8894,4.80,1.00
2009.02.23 07:31:08.499,0.8893,0.88945,4.80,1.60
2009.02.23 07:31:08.659,0.8893,0.88955,4.80,8.20
2009.02.23 07:31:09.609,0.88935,0.88955,4.80,4.20
2009.02.23 07:31:09.888,0.88935,0.8896,4.80,9.00
2009.02.23 07:31:10.238,0.88935,0.8896,4.80,12.20
2009.02.23 07:31:10.648,0.8894,0.8896,4.80,7.80
2009.02.23 07:31:10.828,0.8894,0.8896,4.80,3.60
2009.02.23 07:31:11.099,0.88935,0.8896,12.00,6.00
2009.02.23 07:31:11.318,0.8893,0.8896,8.80,5.80
2009.02.23 07:31:11.898,0.8894,0.8896,4.80,2.80
2009.02.23 07:31:12.188,0.8894,0.8896,4.80,1.00
2009.02.23 07:31:12.548,0.88935,0.88965,5.60,5.40
2009.02.23 07:31:12.719,0.88935,0.88965,7.60,5.40
2009.02.23 07:31:13.188,0.8894,0.88965,4.80,5.40
2009.02.23 07:31:13.408,0.88935,0.8897,8.80,13.40
2009.02.23 07:31:15.148,0.88935,0.88965,4.80,5.40
2009.02.23 07:31:15.497,0.88935,0.88965,8.80,3.60
2009.02.23 07:31:15.787,0.8894,0.8897,4.00,6.20
2009.02.23 07:31:16.128,0.88935,0.88955,4.80,1.60
2009.02.23 07:31:16.647,0.88935,0.88955,8.00,1.00
2009.02.23 07:31:16.997,0.8893,0.88955,11.60,1.60
2009.02.23 07:31:17.327,0.8894,0.8896,4.80,2.20
2009.02.23 07:31:17.607,0.8894,0.88965,4.80,6.60
2009.02.23 07:31:17.837,0.8894,0.88965,4.80,5.40
2009.02.23 07:31:18.257,0.88935,0.8897,8.80,19.20
2009.02.23 07:31:18.657,0.8894,0.8896,4.80,1.00
2009.02.23 07:31:19.636,0.88945,0.8896,4.80,1.00
2009.02.23 07:31:22.996,0.8895,0.8896,4.80,1.00
2009.02.23 07:31:24.365,0.88955,0.8896,4.80,1.00
2009.02.23 07:31:24.715,0.8895,0.8897,4.80,5.00
2009.02.23 07:31:25.075,0.88955,0.8897,4.80,5.00
2009.02.23 07:31:25.515,0.88955,0.88965,4.80,1.80
2009.02.23 07:31:25.865,0.8895,0.88965,8.00,1.80
2009.02.23 07:31:26.195,0.88955,0.88965,5.60,1.80
2009.02.23 07:31:26.665,0.88955,0.8897,5.60,6.60
2009.02.23 07:31:27.065,0.88955,0.8897,5.60,5.00
2009.02.23 07:31:27.734,0.88955,0.8897,1.00,6.00
2009.02.23 07:31:27.974,0.88945,0.88965,23.40,1.80
2009.02.23 07:31:28.215,0.88945,0.88965,13.00,1.80
2009.02.23 07:31:29.074,0.8895,0.88965,4.80,1.80
2009.02.23 07:31:30.753,0.88945,0.8896,8.20,5.80
2009.02.23 07:31:30.923,0.88945,0.88965,5.60,3.00
2009.02.23 07:31:31.533,0.8894,0.88965,5.60,5.80
2009.02.23 07:31:31.823,0.8894,0.8895,4.00,1.00
2009.02.23 07:31:32.293,0.88935,0.88965,17.60,16.20
2009.02.23 07:31:32.813,0.88935,0.88955,1.60,1.60
2009.02.23 07:31:33.153,0.88935,0.88955,6.80,1.60
2009.02.23 07:31:33.373,0.88935,0.8897,6.80,11.60
2009.02.23 07:31:33.593,0.88935,0.8897,17.20,11.60
2009.02.23 07:31:34.263,0.8894,0.8897,1.80,11.60
2009.02.23 07:31:34.612,0.8894,0.8897,4.00,11.60
2009.02.23 07:31:34.843,0.8894,0.8897,4.00,5.00
2009.02.23 07:31:35.642,0.8894,0.88965,4.00,4.00
2009.02.23 07:31:36.112,0.88935,0.8896,19.20,2.60
2009.02.23 07:31:36.732,0.88935,0.88965,19.20,3.40
2009.02.23 07:31:37.012,0.88935,0.88965,19.20,4.00
2009.02.23 07:31:37.592,0.88935,0.88965,20.80,4.00
2009.02.23 07:31:37.862,0.8894,0.88965,5.60,4.00
2009.02.23 07:31:38.132,0.8894,0.88965,8.80,4.00
2009.02.23 07:31:39.271,0.8894,0.8896,8.80,1.20
2009.02.23 07:31:39.512,0.8894,0.8896,6.80,1.20
2009.02.23 07:31:39.691,0.8894,0.8896,5.60,1.20
2009.02.23 07:31:40.541,0.8894,0.88965,5.60,2.60
2009.02.23 07:31:40.821,0.88945,0.8897,4.80,13.20
2009.02.23 07:31:41.261,0.88945,0.8897,4.80,8.80
2009.02.23 07:31:43.111,0.88945,0.8897,4.80,10.00
2009.02.23 07:31:44.640,0.8894,0.8897,11.60,10.00
2009.02.23 07:31:44.871,0.8894,0.8897,6.80,10.00
2009.02.23 07:31:45.220,0.8894,0.88965,5.60,4.00
2009.02.23 07:31:48.429,0.8894,0.88965,5.60,2.60
2009.02.23 07:31:48.539,0.8894,0.88965,5.60,4.00
2009.02.23 07:31:51.589,0.8894,0.88965,5.60,2.80
2009.02.23 07:31:51.868,0.8894,0.88965,5.60,6.60
2009.02.23 07:31:52.288,0.8894,0.88965,5.60,4.00
2009.02.23 07:31:54.538,0.8894,0.88965,4.80,4.00
2009.02.23 07:31:54.898,0.88935,0.88965,24.00,4.00
2009.02.23 07:31:55.018,0.88935,0.88965,15.80,4.20
2009.02.23 07:31:55.638,0.88935,0.88965,15.80,6.60
2009.02.23 07:31:55.868,0.88935,0.88965,19.20,4.00
2009.02.23 07:31:58.087,0.88935,0.88965,19.20,2.60
2009.02.23 07:31:58.437,0.88935,0.88965,15.00,10.60
2009.02.23 07:31:58.837,0.88935,0.8896,10.20,2.60
2009.02.23 07:31:59.057,0.8893,0.8896,8.80,4.20
2009.02.23 07:31:59.407,0.8893,0.8896,7.40,6.60
2009.02.23 07:31:59.697,0.88935,0.8896,4.80,6.60
2009.02.23 07:31:59.986,0.8893,0.88955,4.80,2.60
2009.02.23 07:32:00.276,0.8893,0.88955,4.80,7.40
2009.02.23 07:32:01.376,0.88935,0.8896,4.80,7.00
2009.02.23 07:32:02.766,0.8894,0.8896,4.80,7.00
2009.02.23 07:32:03.216,0.8894,0.8896,4.80,2.80
2009.02.23 07:32:03.506,0.8894,0.8896,4.80,1.20
2009.02.23 07:32:03.676,0.8894,0.88965,4.80,21.40
2009.02.23 07:32:03.855,0.8894,0.88965,4.80,17.40
2009.02.23 07:32:04.075,0.88945,0.88965,4.80,22.20
2009.02.23 07:32:04.306,0.88945,0.8897,4.80,12.40
2009.02.23 07:32:04.586,0.88945,0.8897,4.80,11.60
2009.02.23 07:32:05.165,0.88945,0.88965,4.80,1.20
2009.02.23 07:32:05.785,0.88945,0.88965,4.80,2.40
2009.02.23 07:32:06.195,0.8894,0.88965,4.80,4.00
2009.02.23 07:32:06.575,0.88945,0.8897,4.80,11.60
2009.02.23 07:32:06.915,0.88945,0.8897,4.80,10.00
2009.02.23 07:32:07.955,0.88945,0.8897,4.80,10.40
2009.02.23 07:32:08.005,0.8894,0.88965,4.80,4.00
2009.02.23 07:32:08.404,0.8894,0.88965,7.60,4.00
2009.02.23 07:32:08.464,0.88945,0.8897,4.80,13.20
2009.02.23 07:32:08.525,0.88945,0.8897,4.80,10.00
2009.02.23 07:32:11.624,0.88945,0.8897,4.80,11.60
2009.02.23 07:32:11.794,0.88945,0.88965,4.80,2.40
2009.02.23 07:32:13.443,0.88945,0.8897,5.60,10.40
2009.02.23 07:32:13.843,0.88945,0.8897,7.40,5.80
2009.02.23 07:32:14.203,0.88945,0.8897,8.80,3.40
2009.02.23 07:32:14.425,0.88945,0.8897,19.20,3.40
2009.02.23 07:32:15.913,0.88945,0.8897,16.00,3.40
2009.02.23 07:32:16.253,0.88945,0.8897,16.00,6.00
2009.02.23 07:32:16.603,0.88945,0.8897,16.00,3.40
2009.02.23 07:32:19.212,0.88945,0.8897,17.80,3.40
2009.02.23 07:32:19.382,0.88945,0.8897,19.20,3.40
2009.02.23 07:32:19.772,0.88955,0.8897,4.80,3.40
2009.02.23 07:32:20.072,0.88955,0.88965,4.80,1.40
2009.02.23 07:32:20.292,0.88955,0.8897,4.80,1.60
2009.02.23 07:32:20.471,0.88955,0.8897,4.80,1.00
2009.02.23 07:32:23.681,0.8895,0.8897,5.60,1.00
2009.02.23 07:32:24.331,0.88955,0.88975,4.80,7.60
2009.02.23 07:32:24.620,0.88955,0.8898,4.80,8.20
2009.02.23 07:32:24.781,0.88955,0.88975,15.20,1.20
2009.02.23 07:32:25.070,0.88955,0.88975,4.80,1.20
2009.02.23 07:32:28.190,0.8895,0.88975,8.80,1.20
2009.02.23 07:32:28.829,0.8895,0.88975,4.80,5.80
2009.02.23 07:32:29.229,0.8895,0.88975,4.80,6.60
2009.02.23 07:32:32.909,0.88955,0.88975,4.80,6.60
2009.02.23 07:32:36.008,0.8895,0.88975,4.80,6.60
2009.02.23 07:32:36.757,0.88945,0.8897,16.00,7.40
2009.02.23 07:32:36.987,0.88945,0.8897,15.20,7.40
2009.02.23 07:32:37.248,0.88945,0.8897,15.20,2.60
2009.02.23 07:32:37.527,0.88945,0.8897,17.00,2.60
2009.02.23 07:32:37.877,0.88945,0.8897,19.20,2.60
2009.02.23 07:32:38.207,0.8895,0.88975,4.80,7.20
2009.02.23 07:32:38.547,0.8895,0.88975,4.80,5.80
2009.02.23 07:32:41.167,0.8895,0.88975,4.80,2.60
2009.02.23 07:32:41.227,0.8895,0.88975,4.80,4.20
2009.02.23 07:32:41.397,0.88945,0.8897,19.20,2.60
2009.02.23 07:32:41.576,0.88945,0.8897,19.20,7.40
2009.02.23 07:32:44.126,0.88945,0.8897,19.20,6.60
2009.02.23 07:32:44.236,0.88945,0.8897,8.80,6.60
2009.02.23 07:32:44.416,0.88945,0.8897,4.80,6.60
2009.02.23 07:32:44.527,0.88945,0.88965,2.60,1.20
2009.02.23 07:32:44.756,0.88945,0.8897,2.60,5.40
2009.02.23 07:32:45.116,0.8894,0.8897,4.80,5.40
2009.02.23 07:32:45.516,0.8894,0.8897,5.60,6.60
2009.02.23 07:32:45.795,0.8894,0.8897,4.80,6.60
2009.02.23 07:32:46.215,0.8894,0.8896,4.80,1.00
2009.02.23 07:32:46.725,0.88935,0.8896,5.60,1.60
2009.02.23 07:32:47.145,0.88935,0.8896,4.80,3.00
2009.02.23 07:32:47.375,0.88935,0.8896,4.80,2.60
2009.02.23 07:32:47.615,0.88935,0.8896,4.80,1.80
2009.02.23 07:32:47.905,0.88935,0.8896,4.80,2.80
2009.02.23 07:32:48.185,0.8893,0.8896,3.60,4.20
2009.02.23 07:32:48.355,0.88925,0.8896,14.60,6.60
2009.02.23 07:32:50.884,0.88925,0.8896,11.80,6.80
2009.02.23 07:32:51.114,0.88925,0.8896,8.80,6.80
2009.02.23 07:32:51.214,0.88925,0.88955,8.80,3.00
2009.02.23 07:32:51.274,0.88925,0.88955,5.60,4.60
2009.02.23 07:32:51.454,0.8893,0.88955,4.80,3.80
2009.02.23 07:32:51.564,0.8893,0.88955,4.80,3.00
2009.02.23 07:32:53.394,0.8893,0.88955,4.80,2.60
2009.02.23 07:32:53.683,0.8893,0.88955,4.80,1.20
2009.02.23 07:32:54.034,0.8893,0.88955,7.60,1.20
2009.02.23 07:32:54.153,0.88935,0.8896,4.80,4.20
2009.02.23 07:32:54.453,0.88935,0.88965,4.80,7.80
2009.02.23 07:32:54.753,0.88945,0.88965,7.40,3.00
2009.02.23 07:32:55.083,0.88945,0.8896,4.80,1.00
2009.02.23 07:32:56.443,0.8895,0.8896,4.80,1.00
2009.02.23 07:32:56.843,0.88945,0.8896,4.80,1.00
2009.02.23 07:32:57.133,0.88955,0.8897,2.60,2.80
2009.02.23 07:32:57.363,0.88955,0.88965,1.00,1.00
2009.02.23 07:32:57.772,0.8895,0.88965,8.20,1.00
2009.02.23 07:32:58.172,0.8895,0.88965,5.60,1.00
2009.02.23 07:32:58.412,0.8895,0.88965,4.80,1.00
2009.02.23 07:32:58.762,0.88955,0.8897,7.40,2.00
2009.02.23 07:32:59.052,0.8896,0.8897,4.80,1.60
2009.02.23 07:32:59.282,0.88965,0.88975,4.80,3.20
2009.02.23 07:32:59.612,0.88965,0.8898,4.80,1.20
2009.02.23 07:32:59.722,0.88965,0.8898,4.80,1.00
2009.02.23 07:33:01.861,0.8897,0.8898,4.80,1.00
2009.02.23 07:33:04.721,0.88975,0.8898,4.80,1.00
2009.02.23 07:33:05.291,0.8898,0.88985,4.80,1.90
2009.02.23 07:33:05.701,0.8898,0.88985,4.80,1.40
2009.02.23 07:33:06.501,0.8898,0.88995,4.80,6.20
2009.02.23 07:33:07.640,0.8898,0.89,4.80,8.20
2009.02.23 07:33:07.990,0.88975,0.89,18.60,8.20
2009.02.23 07:33:08.680,0.88975,0.88995,18.60,6.20
2009.02.23 07:33:10.260,0.88975,0.88995,21.60,6.20
2009.02.23 07:33:10.599,0.88975,0.88995,18.60,6.20
2009.02.23 07:33:11.370,0.88975,0.89,17.80,8.20
2009.02.23 07:33:11.669,0.88975,0.89,15.20,8.20
2009.02.23 07:33:12.009,0.88975,0.88985,4.80,1.80
2009.02.23 07:33:12.179,0.8897,0.88975,3.60,2.40
2009.02.23 07:33:12.349,0.88965,0.88975,2.80,2.60
2009.02.23 07:33:12.699,0.8896,0.88975,7.40,13.40
2009.02.23 07:33:13.099,0.8896,0.88975,3.40,7.40
2009.02.23 07:33:13.339,0.88955,0.88975,2.80,17.80
2009.02.23 07:33:13.639,0.88955,0.88975,2.80,21.00
2009.02.23 07:33:13.909,0.88955,0.88975,2.80,15.80
2009.02.23 07:33:14.129,0.88955,0.88985,2.80,5.40
2009.02.23 07:33:14.409,0.8896,0.88985,1.20,4.40
2009.02.23 07:33:14.579,0.8896,0.8899,4.40,3.60
2009.02.23 07:33:14.859,0.88965,0.88995,1.80,7.20
2009.02.23 07:33:15.138,0.88965,0.88995,4.00,3.00
2009.02.23 07:33:15.598,0.8897,0.88995,3.20,3.00
2009.02.23 07:33:15.878,0.8897,0.88995,4.00,2.40
2009.02.23 07:33:16.158,0.88965,0.88995,4.00,2.40
2009.02.23 07:33:17.258,0.88965,0.88995,4.00,3.40
2009.02.23 07:33:17.548,0.8896,0.88995,11.60,9.00
2009.02.23 07:33:18.108,0.8896,0.88995,8.80,9.20
2009.02.23 07:33:18.277,0.8896,0.8899,4.00,3.00
2009.02.23 07:33:18.458,0.88955,0.8899,6.80,5.40
2009.02.23 07:33:19.698,0.88955,0.8899,11.60,5.40
2009.02.23 07:33:19.877,0.88955,0.8899,15.40,5.40
2009.02.23 07:33:19.997,0.88965,0.8899,3.20,2.20
2009.02.23 07:33:20.207,0.88965,0.88995,8.80,2.20
2009.02.23 07:33:20.487,0.88965,0.89,11.60,14.00
2009.02.23 07:33:21.187,0.88965,0.88985,6.80,1.20
2009.02.23 07:33:21.417,0.88965,0.8898,4.00,1.00
2009.02.23 07:33:21.637,0.8896,0.8898,5.60,1.00
2009.02.23 07:33:22.427,0.8897,0.8898,4.80,1.00
2009.02.23 07:33:25.306,0.88965,0.8898,8.20,1.00
2009.02.23 07:33:25.826,0.88965,0.8898,4.80,1.00
2009.02.23 07:33:26.166,0.88965,0.8898,3.40,2.80
2009.02.23 07:33:26.506,0.88965,0.8898,1.00,2.20
2009.02.23 07:33:26.965,0.88955,0.88975,15.20,5.60
2009.02.23 07:33:27.355,0.88955,0.8898,4.80,1.20
2009.02.23 07:33:27.595,0.8896,0.8898,4.80,2.60
2009.02.23 07:33:27.895,0.88955,0.8898,6.80,2.60
2009.02.23 07:33:28.185,0.88955,0.8898,4.80,2.60
2009.02.23 07:33:28.745,0.88955,0.88985,7.60,19.60
2009.02.23 07:33:29.035,0.88955,0.8899,11.60,5.80
2009.02.23 07:33:29.435,0.88955,0.8899,11.60,6.00
2009.02.23 07:33:29.775,0.88955,0.8899,8.80,7.20
2009.02.23 07:33:30.515,0.88965,0.8899,4.80,6.80
2009.02.23 07:33:31.664,0.88965,0.8899,8.80,2.20
2009.02.23 07:33:32.004,0.88965,0.8899,4.80,6.80
2009.02.23 07:33:33.944,0.88965,0.8898,4.80,1.00
2009.02.23 07:33:34.344,0.8896,0.8898,4.80,1.00
2009.02.23 07:33:35.324,0.88955,0.8898,4.00,3.80
2009.02.23 07:33:35.713,0.8895,0.88975,4.80,1.40
2009.02.23 07:33:36.123,0.88945,0.8897,13.60,5.20
2009.02.23 07:33:36.293,0.88935,0.88965,4.00,3.00
2009.02.23 07:33:37.003,0.88935,0.88965,4.00,2.20
2009.02.23 07:33:37.513,0.88935,0.88965,4.00,5.40
2009.02.23 07:33:38.043,0.8893,0.88965,14.80,5.40
2009.02.23 07:33:39.062,0.8893,0.88965,11.60,5.40
2009.02.23 07:33:39.223,0.8893,0.88965,14.80,5.40
2009.02.23 07:33:39.682,0.8893,0.8896,11.60,1.40
2009.02.23 07:33:39.852,0.8893,0.8896,8.80,1.40
2009.02.23 07:33:41.962,0.8893,0.8896,8.80,1.80
2009.02.23 07:33:42.312,0.8893,0.88955,8.80,1.40
2009.02.23 07:33:42.532,0.8893,0.88955,4.80,1.60
2009.02.23 07:33:42.872,0.8893,0.88955,5.60,1.40
2009.02.23 07:33:43.212,0.8893,0.88955,4.80,3.00
2009.02.23 07:33:43.671,0.88925,0.88955,8.80,3.00
2009.02.23 07:33:44.062,0.88925,0.88955,11.60,1.60
2009.02.23 07:33:44.351,0.8893,0.88965,4.00,6.00
2009.02.23 07:33:45.321,0.8893,0.8896,4.00,2.20
2009.02.23 07:33:45.491,0.8893,0.8896,4.00,6.80
2009.02.23 07:33:46.021,0.88925,0.8896,4.00,6.80
2009.02.23 07:33:46.261,0.88925,0.8896,4.00,7.20
2009.02.23 07:33:46.661,0.88925,0.88955,1.00,3.00
2009.02.23 07:33:47.001,0.8892,0.88955,4.00,9.20
2009.02.23 07:33:47.291,0.88915,0.8895,9.80,5.40
2009.02.23 07:33:48.220,0.88915,0.8895,4.00,5.80
2009.02.23 07:33:48.560,0.88915,0.88945,4.00,1.20
2009.02.23 07:33:48.850,0.8891,0.88945,8.80,6.20
2009.02.23 07:33:49.480,0.8891,0.88945,4.00,7.40
2009.02.23 07:33:50.240,0.8891,0.88945,6.80,7.40
2009.02.23 07:33:50.750,0.8892,0.88945,1.20,3.60
2009.02.23 07:33:51.020,0.8892,0.8895,4.00,8.20
2009.02.23 07:33:51.790,0.8892,0.8895,4.00,7.80
2009.02.23 07:33:52.409,0.8892,0.8895,6.80,6.20
2009.02.23 07:33:52.709,0.8892,0.8895,6.80,2.20
2009.02.23 07:33:52.939,0.8893,0.88955,2.80,5.40
2009.02.23 07:33:53.199,0.88935,0.8896,3.20,2.80
2009.02.23 07:33:53.599,0.88935,0.88965,1.80,4.20
2009.02.23 07:33:53.819,0.8893,0.88965,6.80,5.40
2009.02.23 07:33:56.128,0.8893,0.88965,4.00,5.80
2009.02.23 07:33:56.449,0.8893,0.8896,2.60,1.80
2009.02.23 07:33:56.509,0.8893,0.8896,4.00,3.00
2009.02.23 07:33:56.568,0.8893,0.8896,1.00,3.00
2009.02.23 07:33:56.738,0.88925,0.8896,9.80,5.40
2009.02.23 07:33:57.438,0.88925,0.88955,9.80,3.00
2009.02.23 07:33:57.898,0.8893,0.88965,4.00,6.00
2009.02.23 07:33:58.408,0.8893,0.8896,4.00,3.00
2009.02.23 07:33:58.638,0.88925,0.8896,6.80,7.00
2009.02.23 07:33:58.858,0.88925,0.88955,6.80,3.60
2009.02.23 07:33:59.078,0.88925,0.8896,6.80,7.00
2009.02.23 07:33:59.308,0.88925,0.88955,4.00,6.60
2009.02.23 07:33:59.637,0.88925,0.88955,4.00,6.60
2009.02.23 07:33:59.858,0.88925,0.88955,2.80,5.40
2009.02.23 07:34:00.088,0.88925,0.8896,6.80,6.60
2009.02.23 07:34:02.387,0.8893,0.8896,1.20,7.00
2009.02.23 07:34:02.557,0.8893,0.8896,3.20,7.00
2009.02.23 07:34:02.847,0.8893,0.8896,4.00,7.00
2009.02.23 07:34:04.477,0.8893,0.8896,4.00,6.60
2009.02.23 07:34:04.876,0.8893,0.8896,4.00,9.20
2009.02.23 07:34:05.146,0.8893,0.88955,4.00,1.20
2009.02.23 07:34:05.326,0.8892,0.88955,9.80,6.60
2009.02.23 07:34:06.546,0.8892,0.88955,14.60,6.60
2009.02.23 07:34:08.566,0.88925,0.88955,3.60,4.20
2009.02.23 07:34:08.805,0.88925,0.88955,3.60,3.00
2009.02.23 07:34:08.925,0.88925,0.8896,6.80,5.40
2009.02.23 07:34:09.045,0.88925,0.8896,6.80,5.80
2009.02.23 07:34:09.555,0.88925,0.88955,6.80,2.20
2009.02.23 07:34:09.785,0.88925,0.88955,6.80,5.40
2009.02.23 07:34:10.005,0.88925,0.88955,6.80,6.60
2009.02.23 07:34:10.295,0.88925,0.88955,4.00,6.60
2009.02.23 07:34:10.515,0.8892,0.88955,14.60,5.40
2009.02.23 07:34:11.105,0.88935,0.88955,4.80,1.80
2009.02.23 07:34:11.505,0.8893,0.8896,3.20,3.80
2009.02.23 07:34:11.845,0.88925,0.8896,4.80,7.00
2009.02.23 07:34:12.254,0.8894,0.88965,4.80,6.80
2009.02.23 07:34:12.615,0.8894,0.88965,4.80,6.60
2009.02.23 07:34:12.955,0.88935,0.88965,6.80,5.40
2009.02.23 07:34:13.484,0.88945,0.8897,8.80,1.00
2009.02.23 07:34:13.824,0.88945,0.88975,8.80,1.60
2009.02.23 07:34:14.164,0.88945,0.8898,8.80,5.80
2009.02.23 07:34:14.794,0.88945,0.8898,4.00,7.60
2009.02.23 07:34:15.084,0.8894,0.88975,11.60,5.40
2009.02.23 07:34:15.574,0.8894,0.88975,4.00,5.80
2009.02.23 07:34:15.864,0.8895,0.88975,1.20,3.60
2009.02.23 07:34:16.204,0.8895,0.8898,4.00,6.20
2009.02.23 07:34:16.543,0.8895,0.8898,4.00,3.80
2009.02.23 07:34:16.833,0.8895,0.8898,4.00,6.20
2009.02.23 07:34:17.403,0.8895,0.8898,4.00,6.20
2009.02.23 07:34:17.793,0.8895,0.8898,2.00,6.40
2009.02.23 07:34:18.203,0.8895,0.8898,4.00,6.20
2009.02.23 07:34:18.483,0.8895,0.8898,4.00,1.00
2009.02.23 07:34:19.803,0.88945,0.8898,4.00,6.20
2009.02.23 07:34:20.043,0.88945,0.8898,6.80,5.80
2009.02.23 07:34:20.323,0.8895,0.8898,3.20,3.00
2009.02.23 07:34:20.782,0.8895,0.8897,3.20,5.40
2009.02.23 07:34:21.113,0.88925,0.8896,6.80,1.80
2009.02.23 07:34:21.512,0.88925,0.8896,3.60,5.40
2009.02.23 07:34:21.782,0.88925,0.8896,2.80,5.40
2009.02.23 07:34:22.082,0.88925,0.8896,6.80,5.40
2009.02.23 07:34:23.552,0.8893,0.88945,1.00,1.00
2009.02.23 07:34:23.962,0.8893,0.8895,2.80,1.60
2009.02.23 07:34:24.492,0.8894,0.88965,4.80,4.60
2009.02.23 07:34:24.672,0.8894,0.88965,4.80,3.00
2009.02.23 07:34:24.961,0.8894,0.8896,4.80,1.20
2009.02.23 07:34:25.131,0.8894,0.8896,4.80,1.60
2009.02.23 07:34:25.531,0.88955,0.8897,7.40,3.60
2009.02.23 07:34:25.931,0.88955,0.8898,8.80,3.80
2009.02.23 07:34:26.271,0.88945,0.88975,8.80,1.80
2009.02.23 07:34:26.611,0.88945,0.88975,4.80,7.40
2009.02.23 07:34:27.141,0.88945,0.88975,4.80,6.80
2009.02.23 07:34:28.011,0.88945,0.88975,4.00,3.40
2009.02.23 07:34:28.351,0.8894,0.88975,4.00,5.80
2009.02.23 07:34:29.830,0.8895,0.88975,4.80,2.20
2009.02.23 07:34:30.120,0.88955,0.8898,10.40,5.40
2009.02.23 07:34:30.570,0.88955,0.8898,10.40,6.80
2009.02.23 07:34:30.740,0.88955,0.8898,10.40,8.80
2009.02.23 07:34:31.540,0.88955,0.88975,10.40,1.80
2009.02.23 07:34:31.700,0.88955,0.88975,10.40,6.00
2009.02.23 07:34:32.050,0.8895,0.88975,4.80,8.40
2009.02.23 07:34:36.009,0.88945,0.88965,23.40,4.80
2009.02.23 07:34:36.519,0.88945,0.88965,25.40,4.80
2009.02.23 07:34:36.749,0.88945,0.88965,26.80,4.80
2009.02.23 07:34:38.748,0.88945,0.88955,20.00,1.00
2009.02.23 07:34:38.858,0.88945,0.88955,16.80,1.00
2009.02.23 07:34:39.038,0.88955,0.88965,10.40,2.40
2009.02.23 07:34:39.218,0.88945,0.88955,20.00,1.00
2009.02.23 07:34:39.398,0.88945,0.8896,22.60,1.60
2009.02.23 07:34:39.918,0.8895,0.88965,4.80,1.60
2009.02.23 07:34:40.268,0.88955,0.8898,10.40,10.60
2009.02.23 07:34:40.678,0.88945,0.88975,4.00,2.40
2009.02.23 07:34:41.088,0.8894,0.88975,11.60,7.80
2009.02.23 07:34:41.477,0.8895,0.8898,4.00,2.60
2009.02.23 07:34:41.777,0.8895,0.88975,2.00,2.00
2009.02.23 07:34:42.217,0.88945,0.88975,4.00,5.40
2009.02.23 07:34:42.797,0.88945,0.88965,4.00,1.20
2009.02.23 07:34:43.069,0.88945,0.88965,1.00,4.20
2009.02.23 07:34:43.307,0.8893,0.88965,11.60,6.60
2009.02.23 07:34:46.886,0.8894,0.88965,3.20,2.20
2009.02.23 07:34:47.336,0.8894,0.88975,4.00,7.60
2009.02.23 07:34:47.636,0.8894,0.88975,4.00,6.00
2009.02.23 07:34:47.986,0.8894,0.88975,4.00,5.80
2009.02.23 07:34:48.686,0.8894,0.88975,7.00,5.80
2009.02.23 07:34:49.076,0.8895,0.88975,1.80,2.20
2009.02.23 07:34:49.185,0.8895,0.8898,4.00,2.40
2009.02.23 07:34:49.406,0.88965,0.8898,4.80,1.60
2009.02.23 07:34:49.576,0.88965,0.88985,4.80,1.60
2009.02.23 07:34:49.815,0.88965,0.88995,4.80,11.80
2009.02.23 07:34:50.045,0.88965,0.88995,4.80,17.40
2009.02.23 07:34:50.745,0.88965,0.8899,4.80,1.20
2009.02.23 07:34:50.955,0.88965,0.8899,4.80,6.20
2009.02.23 07:34:51.305,0.88965,0.8899,4.80,4.40
2009.02.23 07:34:51.485,0.88965,0.8899,4.80,6.80
2009.02.23 07:34:53.095,0.88965,0.8899,4.80,3.40
2009.02.23 07:34:53.375,0.88965,0.8899,4.80,5.80
2009.02.23 07:34:53.554,0.8897,0.8899,4.80,5.80
2009.02.23 07:34:54.174,0.8897,0.88995,5.60,20.60
2009.02.23 07:34:54.385,0.8897,0.8898,1.00,1.00
2009.02.23 07:34:54.505,0.8896,0.8898,2.60,1.60
2009.02.23 07:34:54.784,0.8897,0.8898,4.80,1.60
2009.02.23 07:34:54.894,0.8897,0.8899,4.80,17.80
2009.02.23 07:34:55.244,0.8897,0.8899,4.80,3.80
2009.02.23 07:34:55.355,0.8897,0.89,4.80,7.40
2009.02.23 07:34:55.534,0.8897,0.88995,4.80,6.80
2009.02.23 07:34:56.564,0.8897,0.89,8.80,8.40
2009.02.23 07:34:57.024,0.8897,0.89,4.80,14.00
2009.02.23 07:34:58.403,0.8898,0.89,4.80,9.80
2009.02.23 07:34:58.693,0.8898,0.89,4.80,3.40
2009.02.23 07:34:59.103,0.88985,0.89,4.80,3.40
2009.02.23 07:34:59.433,0.88985,0.89,4.80,2.00
2009.02.23 07:34:59.673,0.88985,0.89005,4.80,10.60
2009.02.23 07:34:59.723,0.8899,0.89,2.60,1.80
2009.02.23 07:35:00.373,0.88985,0.89,4.80,1.80
2009.02.23 07:35:00.703,0.88985,0.89,4.80,1.00
2009.02.23 07:35:01.003,0.8898,0.89,8.20,1.00
2009.02.23 07:35:04.162,0.8898,0.89,9.00,1.00
2009.02.23 07:35:04.282,0.88985,0.89,5.60,1.00
2009.02.23 07:35:04.362,0.88985,0.89,8.20,1.00
2009.02.23 07:35:04.702,0.88985,0.89,7.40,1.00
2009.02.23 07:35:04.942,0.8899,0.89005,7.40,6.40
2009.02.23 07:35:05.052,0.8899,0.89005,7.40,1.60
2009.02.23 07:35:05.222,0.8899,0.89,1.00,1.00
2009.02.23 07:35:05.732,0.88975,0.89,7.40,1.00
2009.02.23 07:35:06.002,0.88965,0.8899,8.00,3.60
2009.02.23 07:35:06.291,0.88955,0.8899,4.00,8.20
2009.02.23 07:35:06.681,0.8896,0.8899,4.00,2.60
2009.02.23 07:35:06.971,0.8896,0.8899,4.00,1.00
2009.02.23 07:35:08.511,0.8896,0.88995,6.80,7.40
2009.02.23 07:35:09.081,0.8896,0.88995,6.80,5.80
2009.02.23 07:35:09.881,0.88965,0.88995,3.20,2.20
2009.02.23 07:35:10.051,0.88965,0.89,4.00,6.20
2009.02.23 07:35:11.620,0.88975,0.89,4.80,2.00
2009.02.23 07:35:11.790,0.88975,0.89,4.80,1.20
2009.02.23 07:35:12.210,0.88975,0.89,4.80,3.40
2009.02.23 07:35:12.620,0.88975,0.89,4.80,5.80
2009.02.23 07:35:13.560,0.88975,0.89,4.80,2.80
2009.02.23 07:35:13.860,0.88975,0.89,4.80,10.60
2009.02.23 07:35:13.970,0.88975,0.89,4.80,7.40
2009.02.23 07:35:15.010,0.88975,0.89,4.80,2.60
2009.02.23 07:35:15.239,0.8897,0.89,4.00,7.40
2009.02.23 07:35:16.869,0.8897,0.89,4.00,7.60
2009.02.23 07:35:17.439,0.8897,0.89,8.80,7.60
2009.02.23 07:35:17.669,0.8897,0.89,8.80,4.20
2009.02.23 07:35:17.899,0.8897,0.89,8.80,1.80
2009.02.23 07:35:18.021,0.88975,0.89,4.80,7.40
2009.02.23 07:35:18.399,0.88975,0.89,4.80,2.60
2009.02.23 07:35:19.188,0.88985,0.89,2.60,2.60
2009.02.23 07:35:19.368,0.88985,0.89,7.40,2.60
2009.02.23 07:35:19.548,0.88985,0.89,4.80,1.80
2009.02.23 07:35:19.788,0.88985,0.89,4.80,1.00
2009.02.23 07:35:22.787,0.8898,0.89,4.80,1.00
2009.02.23 07:35:23.008,0.88975,0.89,18.60,1.00
2009.02.23 07:35:23.237,0.88975,0.89,16.00,6.00
2009.02.23 07:35:23.417,0.88975,0.89,4.80,6.80
2009.02.23 07:35:23.648,0.88975,0.89,4.80,5.20
2009.02.23 07:35:23.877,0.8897,0.8899,4.00,4.80
2009.02.23 07:35:24.217,0.8897,0.88995,4.40,2.60
2009.02.23 07:35:24.607,0.88965,0.88995,22.00,3.00
2009.02.23 07:35:24.957,0.88965,0.88995,16.00,6.80
2009.02.23 07:35:25.247,0.88965,0.88995,4.80,8.40
2009.02.23 07:35:26.717,0.8896,0.88995,8.80,8.40
2009.02.23 07:35:26.886,0.8896,0.8899,8.80,5.40
2009.02.23 07:35:27.586,0.8896,0.8898,8.80,1.60
2009.02.23 07:35:27.877,0.8896,0.88975,4.00,1.20
2009.02.23 07:35:28.166,0.88955,0.88975,4.80,2.60
2009.02.23 07:35:28.616,0.8895,0.8897,4.80,2.60
2009.02.23 07:35:28.836,0.8895,0.88975,4.80,4.20
2009.02.23 07:35:29.246,0.8895,0.88975,4.80,2.60
2009.02.23 07:35:30.416,0.8895,0.88975,4.80,1.60
2009.02.23 07:35:30.646,0.8895,0.8898,8.80,5.40
2009.02.23 07:35:32.525,0.8895,0.8898,11.60,5.40
2009.02.23 07:35:32.825,0.88955,0.8898,4.80,2.20
2009.02.23 07:35:33.065,0.88955,0.88985,4.80,8.40
2009.02.23 07:35:33.475,0.8895,0.88985,11.60,8.20
2009.02.23 07:35:34.005,0.8895,0.88985,11.60,6.60
2009.02.23 07:35:34.235,0.8896,0.88985,4.80,3.40
2009.02.23 07:35:34.525,0.8896,0.88985,4.80,7.40
2009.02.23 07:35:34.745,0.8896,0.88985,4.80,8.80
2009.02.23 07:35:35.014,0.8896,0.88985,4.80,4.40
2009.02.23 07:35:35.185,0.88955,0.88975,4.00,1.20
2009.02.23 07:35:35.424,0.88955,0.88975,1.00,1.20
2009.02.23 07:35:35.594,0.88955,0.88975,4.80,1.20
2009.02.23 07:35:36.165,0.88955,0.88985,4.80,9.60
2009.02.23 07:35:36.504,0.88955,0.88985,7.60,5.40
2009.02.23 07:35:36.784,0.88955,0.8899,11.60,9.00
2009.02.23 07:35:37.004,0.8896,0.8899,4.80,8.20
2009.02.23 07:35:37.294,0.8896,0.8899,4.80,5.80
2009.02.23 07:35:38.314,0.8896,0.8899,4.80,5.40
2009.02.23 07:35:38.544,0.8896,0.8899,11.60,5.40
2009.02.23 07:35:38.774,0.8896,0.8899,11.60,2.20
2009.02.23 07:35:39.063,0.8896,0.88995,6.80,7.40
2009.02.23 07:35:39.514,0.8896,0.88995,11.60,6.80
2009.02.23 07:35:39.803,0.8896,0.88995,11.60,6.60
2009.02.23 07:35:40.263,0.8896,0.8898,11.60,1.60
2009.02.23 07:35:40.553,0.8896,0.88975,11.60,4.80
2009.02.23 07:35:40.834,0.8896,0.88985,11.60,1.40
2009.02.23 07:35:41.123,0.8896,0.8898,11.60,1.00
2009.02.23 07:35:41.473,0.88955,0.88985,14.60,1.60
2009.02.23 07:35:41.643,0.8896,0.8899,4.00,5.40
2009.02.23 07:35:41.963,0.8897,0.8899,4.80,5.40
2009.02.23 07:35:42.483,0.8897,0.8899,4.80,1.80
2009.02.23 07:35:42.893,0.8896,0.8899,8.00,3.80
2009.02.23 07:35:43.133,0.8896,0.88995,8.80,5.80
2009.02.23 07:35:43.583,0.8896,0.88995,8.80,8.20
2009.02.23 07:35:43.872,0.8896,0.8899,7.40,1.80
2009.02.23 07:35:44.102,0.8897,0.8899,4.80,3.40
2009.02.23 07:35:44.393,0.8897,0.8899,4.80,10.60
2009.02.23 07:35:44.612,0.8897,0.8899,4.80,7.40
2009.02.23 07:35:45.262,0.8897,0.8899,4.80,6.60
2009.02.23 07:35:45.592,0.8897,0.8899,4.80,1.00
2009.02.23 07:35:48.891,0.88965,0.8899,18.60,5.20
2009.02.23 07:35:49.251,0.8896,0.8899,4.00,7.00
2009.02.23 07:35:49.371,0.8896,0.8899,4.00,2.20
2009.02.23 07:35:49.431,0.8896,0.8899,4.00,3.80
2009.02.23 07:35:50.012,0.8896,0.8899,2.60,5.80
2009.02.23 07:35:50.241,0.88965,0.8899,4.80,9.40
2009.02.23 07:35:52.030,0.8897,0.8899,7.40,6.40
2009.02.23 07:35:52.300,0.8897,0.88995,5.60,21.60
2009.02.23 07:35:52.470,0.8897,0.88995,4.80,9.80
2009.02.23 07:35:52.940,0.8897,0.88995,4.80,4.20
2009.02.23 07:35:53.180,0.8897,0.88995,4.80,2.60
2009.02.23 07:35:53.530,0.8897,0.88995,4.80,5.80
2009.02.23 07:35:53.760,0.8897,0.89,4.80,13.40
2009.02.23 07:35:53.940,0.88975,0.89,4.80,11.60
2009.02.23 07:35:54.110,0.8898,0.89,4.80,14.80
2009.02.23 07:35:54.440,0.8898,0.89,4.80,11.60
2009.02.23 07:35:54.650,0.8898,0.89,4.80,7.00
2009.02.23 07:35:56.739,0.88975,0.89,4.80,7.00
2009.02.23 07:35:56.970,0.8898,0.89,4.80,7.00
2009.02.23 07:35:57.499,0.88975,0.89,4.80,7.00
2009.02.23 07:35:58.359,0.88975,0.89,4.80,5.80
2009.02.23 07:35:59.279,0.8897,0.88985,11.60,1.00
2009.02.23 07:35:59.499,0.8897,0.88985,8.20,1.00
2009.02.23 07:36:02.129,0.8897,0.88985,8.20,2.00
2009.02.23 07:36:02.308,0.8897,0.88985,8.20,17.20
2009.02.23 07:36:02.688,0.8897,0.8898,4.80,1.00
2009.02.23 07:36:07.427,0.88965,0.8898,4.80,1.00
2009.02.23 07:36:11.886,0.8897,0.88985,2.60,7.40
2009.02.23 07:36:12.046,0.8897,0.88985,2.60,6.40
2009.02.23 07:36:12.396,0.88975,0.8898,1.00,1.00
2009.02.23 07:36:12.815,0.8897,0.88985,4.80,1.60
2009.02.23 07:36:13.045,0.8897,0.88995,4.80,8.80
2009.02.23 07:36:13.325,0.8897,0.88995,4.80,6.60
2009.02.23 07:36:14.615,0.8898,0.88995,2.60,4.20
2009.02.23 07:36:14.795,0.8898,0.89,4.80,2.60
2009.02.23 07:36:14.965,0.8898,0.89,4.80,1.20
2009.02.23 07:36:17.704,0.8897,0.89,8.80,2.20
2009.02.23 07:36:18.024,0.8897,0.89,4.80,9.40
2009.02.23 07:36:18.434,0.8897,0.89,4.80,9.80
2009.02.23 07:36:19.464,0.8896,0.88995,11.60,8.20
2009.02.23 07:36:19.694,0.8896,0.88995,11.60,5.40
2009.02.23 07:36:20.084,0.8896,0.88995,14.60,5.40
2009.02.23 07:36:20.314,0.8896,0.88995,11.60,5.40
2009.02.23 07:36:22.773,0.8896,0.88995,4.00,7.40
2009.02.23 07:36:23.063,0.8896,0.8899,4.00,1.60
2009.02.23 07:36:23.123,0.88955,0.8899,9.80,7.00
2009.02.23 07:36:23.593,0.88955,0.8899,9.80,5.40
2009.02.23 07:36:23.913,0.8897,0.88995,5.60,1.60
2009.02.23 07:36:24.373,0.8897,0.89,5.60,1.00
2009.02.23 07:36:24.663,0.8897,0.89,4.80,1.00
2009.02.23 07:36:25.003,0.88985,0.89,4.80,1.00
2009.02.23 07:36:29.621,0.8898,0.89,5.60,1.00
2009.02.23 07:36:30.721,0.88985,0.89,4.80,1.00
2009.02.23 07:36:34.320,0.8898,0.89,8.20,1.00
2009.02.23 07:36:34.670,0.8899,0.89,2.60,5.20
2009.02.23 07:36:35.020,0.8899,0.89,2.60,6.60
2009.02.23 07:36:35.141,0.8899,0.89,2.60,1.80
2009.02.23 07:36:35.740,0.88985,0.89,5.60,1.80
2009.02.23 07:36:35.970,0.88985,0.89,4.80,1.00
2009.02.23 07:36:36.270,0.8899,0.89,4.80,1.00
2009.02.23 07:36:36.510,0.8898,0.89,11.60,1.00
2009.02.23 07:36:36.740,0.8899,0.89,1.00,2.00
2009.02.23 07:36:37.090,0.88975,0.89,4.00,2.80
2009.02.23 07:36:37.439,0.8897,0.89,14.60,2.80
2009.02.23 07:36:37.780,0.88975,0.88995,2.80,10.80
2009.02.23 07:36:38.589,0.8897,0.88995,14.60,10.80
2009.02.23 07:36:39.559,0.88975,0.88995,4.80,10.80
2009.02.23 07:36:39.719,0.88975,0.88995,7.60,10.80
2009.02.23 07:36:40.069,0.88975,0.88995,7.60,1.80
2009.02.23 07:36:40.189,0.88975,0.88995,7.60,1.00
2009.02.23 07:36:40.719,0.88975,0.88995,4.80,1.00
2009.02.23 07:36:41.009,0.88975,0.88995,4.80,1.20
2009.02.23 07:36:41.229,0.88975,0.88995,4.80,10.80
2009.02.23 07:36:41.399,0.8897,0.88995,9.80,10.80
2009.02.23 07:36:42.089,0.8897,0.88995,5.60,10.80
2009.02.23 07:36:43.718,0.8897,0.88995,2.80,10.80
2009.02.23 07:36:43.938,0.8897,0.88995,2.60,10.80
2009.02.23 07:36:44.268,0.8897,0.88995,4.00,10.80
2009.02.23 07:36:44.738,0.88965,0.88995,7.40,13.80
2009.02.23 07:36:44.918,0.88965,0.88995,4.80,16.20
2009.02.23 07:36:45.558,0.88965,0.88995,6.80,16.20
2009.02.23 07:36:45.847,0.88965,0.88995,8.80,16.20
2009.02.23 07:36:46.987,0.88965,0.88995,7.40,16.20
2009.02.23 07:36:47.227,0.88965,0.88995,4.80,16.20
2009.02.23 07:36:50.426,0.88965,0.88995,6.60,16.20
2009.02.23 07:36:50.597,0.88965,0.88995,8.80,16.20
2009.02.23 07:36:50.827,0.88965,0.88995,8.80,10.80
2009.02.23 07:36:54.136,0.8898,0.88995,7.40,10.80
2009.02.23 07:36:54.375,0.8898,0.88995,4.80,10.80
2009.02.23 07:36:54.605,0.8898,0.88985,4.80,1.40
2009.02.23 07:36:55.005,0.8898,0.88995,4.80,1.00
2009.02.23 07:36:56.285,0.88975,0.88995,4.80,1.00
2009.02.23 07:36:56.345,0.8897,0.88995,4.00,1.00
2009.02.23 07:36:56.455,0.8897,0.88995,2.00,1.00
2009.02.23 07:36:56.675,0.8897,0.88995,4.00,1.20
2009.02.23 07:36:56.975,0.8897,0.88995,8.80,10.80
2009.02.23 07:36:57.895,0.8897,0.88995,4.80,16.20
2009.02.23 07:36:58.235,0.8897,0.88995,4.80,10.80
2009.02.23 07:37:02.923,0.8897,0.88995,4.80,11.80
2009.02.23 07:37:04.043,0.8897,0.88995,4.80,13.80
2009.02.23 07:37:04.213,0.8897,0.88995,4.80,16.20
2009.02.23 07:37:04.393,0.8897,0.88995,4.80,17.40
2009.02.23 07:37:04.553,0.8897,0.88995,4.80,16.20
2009.02.23 07:37:04.733,0.8897,0.88995,4.80,11.80
2009.02.23 07:37:05.573,0.8897,0.88995,4.80,17.40
2009.02.23 07:37:05.753,0.8897,0.88995,4.80,17.80
2009.02.23 07:37:05.923,0.88965,0.88985,6.80,1.20
2009.02.23 07:37:05.983,0.88965,0.88985,4.80,1.20
2009.02.23 07:37:06.302,0.88965,0.88985,4.80,5.80
2009.02.23 07:37:06.533,0.88965,0.88985,4.80,7.40
2009.02.23 07:37:06.833,0.88965,0.88985,8.00,5.80
2009.02.23 07:37:07.292,0.8896,0.8899,8.80,3.80
2009.02.23 07:37:07.582,0.8896,0.8899,8.80,7.00
2009.02.23 07:37:07.822,0.88965,0.8899,1.20,6.00
2009.02.23 07:37:08.212,0.8897,0.88995,3.20,13.00
2009.02.23 07:37:08.452,0.88965,0.88995,4.00,11.80
2009.02.23 07:37:08.792,0.88965,0.88995,6.80,11.80
2009.02.23 07:37:09.152,0.8896,0.88985,8.80,2.60
2009.02.23 07:37:09.492,0.88965,0.8899,8.20,9.40
2009.02.23 07:37:09.772,0.88965,0.88985,17.80,4.80
2009.02.23 07:37:10.062,0.88965,0.8899,10.40,4.20
2009.02.23 07:37:10.352,0.8896,0.8899,8.80,11.40
2009.02.23 07:37:10.871,0.8896,0.8899,8.80,6.60
2009.02.23 07:37:11.561,0.8896,0.8899,8.80,11.40
2009.02.23 07:37:11.681,0.8896,0.8899,8.80,6.60
2009.02.23 07:37:14.531,0.88965,0.8899,4.80,6.60
2009.02.23 07:37:15.160,0.88965,0.88995,4.80,25.40
2009.02.23 07:37:15.440,0.88965,0.8899,4.80,2.20
2009.02.23 07:37:16.100,0.88965,0.88995,19.80,5.20
2009.02.23 07:37:16.260,0.88965,0.88995,22.00,7.00
2009.02.23 07:37:16.500,0.8897,0.88995,4.80,7.00
2009.02.23 07:37:16.780,0.88965,0.88995,8.80,11.80
2009.02.23 07:37:16.950,0.88965,0.88995,8.80,17.40
2009.02.23 07:37:17.290,0.88965,0.88995,5.60,19.40
2009.02.23 07:37:17.771,0.8896,0.8898,5.60,4.80
2009.02.23 07:37:18.130,0.8896,0.8898,4.80,4.80
2009.02.23 07:37:19.210,0.8896,0.88985,4.80,8.20
2009.02.23 07:37:19.499,0.8896,0.8898,4.80,5.80
2009.02.23 07:37:19.610,0.8896,0.88975,4.80,4.80
2009.02.23 07:37:21.449,0.8896,0.88985,4.80,11.80
2009.02.23 07:37:21.679,0.8896,0.88985,5.60,4.40
2009.02.23 07:37:21.969,0.8896,0.88985,8.80,2.00
2009.02.23 07:37:22.139,0.88965,0.8899,10.40,1.60
2009.02.23 07:37:22.369,0.88965,0.88995,11.20,7.00
2009.02.23 07:37:22.589,0.8896,0.88995,11.60,17.40
2009.02.23 07:37:22.979,0.8896,0.88995,11.60,17.80
2009.02.23 07:37:26.018,0.8896,0.88995,11.60,19.40
2009.02.23 07:37:27.997,0.8896,0.88995,11.60,17.80
2009.02.23 07:37:28.407,0.8896,0.88995,11.60,19.40
2009.02.23 07:37:29.717,0.8896,0.88995,8.80,19.60
2009.02.23 07:37:29.947,0.8896,0.8899,8.80,4.60
2009.02.23 07:37:30.337,0.8896,0.8899,8.80,7.00
2009.02.23 07:37:30.687,0.8896,0.8899,5.60,7.00
2009.02.23 07:37:30.957,0.8896,0.8899,4.80,8.60
2009.02.23 07:37:31.367,0.8896,0.8899,7.60,7.40
2009.02.23 07:37:31.767,0.88965,0.8899,10.40,5.40
2009.02.23 07:37:31.936,0.8896,0.8899,8.80,5.40
2009.02.23 07:37:32.466,0.8896,0.8899,8.80,4.20
2009.02.23 07:37:32.696,0.8896,0.88995,11.60,17.80
2009.02.23 07:37:33.516,0.8896,0.8899,8.80,1.80
2009.02.23 07:37:33.846,0.8896,0.8899,8.80,5.40
2009.02.23 07:37:34.066,0.8896,0.88995,11.60,17.80
2009.02.23 07:37:34.806,0.8896,0.88995,11.60,17.40
2009.02.23 07:37:37.205,0.8896,0.88995,11.60,17.80
2009.02.23 07:37:37.385,0.88965,0.88995,3.20,17.80
2009.02.23 07:37:37.685,0.88965,0.88995,4.00,17.80
2009.02.23 07:37:37.745,0.88965,0.88995,1.00,17.80
2009.02.23 07:37:37.975,0.8896,0.8899,8.80,3.00
2009.02.23 07:37:38.095,0.8896,0.8899,8.80,5.40
2009.02.23 07:37:38.335,0.8896,0.8899,5.60,5.40
2009.02.23 07:37:38.675,0.8896,0.88985,5.60,2.60
2009.02.23 07:37:38.915,0.8896,0.88985,4.80,4.20
2009.02.23 07:37:39.255,0.8896,0.88985,4.80,6.60
2009.02.23 07:37:47.682,0.8896,0.88985,4.80,8.20
2009.02.23 07:37:47.843,0.88955,0.88975,18.60,4.80
2009.02.23 07:37:48.182,0.88955,0.88975,23.40,4.80
2009.02.23 07:37:48.352,0.88955,0.8898,23.40,7.40
2009.02.23 07:37:49.682,0.88955,0.88975,23.40,4.80
2009.02.23 07:37:50.022,0.88955,0.8898,23.40,7.80
2009.02.23 07:37:53.111,0.88955,0.8898,24.80,7.80
2009.02.23 07:37:53.281,0.88955,0.8898,26.80,7.80
2009.02.23 07:37:53.501,0.8896,0.8898,4.80,7.80
2009.02.23 07:37:53.841,0.8896,0.8898,4.80,6.20
2009.02.23 07:37:54.301,0.8896,0.8898,4.80,1.00
2009.02.23 07:37:54.641,0.8896,0.88985,4.80,7.40
2009.02.23 07:37:54.761,0.88965,0.88985,10.40,7.40
2009.02.23 07:37:54.941,0.8896,0.88985,4.80,7.40
2009.02.23 07:37:56.100,0.8896,0.88985,8.80,7.40
2009.02.23 07:37:57.760,0.8897,0.8899,4.80,6.00
2009.02.23 07:37:58.950,0.88985,0.88995,2.60,25.40
2009.02.23 07:37:59.360,0.88975,0.8899,4.80,1.00
2009.02.23 07:37:59.830,0.8898,0.88995,4.80,6.40
2009.02.23 07:38:00.119,0.88975,0.88995,4.80,1.00
2009.02.23 07:38:00.530,0.88975,0.88995,4.80,1.40
2009.02.23 07:38:00.999,0.8897,0.88995,4.80,8.40
2009.02.23 07:38:01.289,0.88975,0.88995,4.80,10.80
2009.02.23 07:38:01.859,0.88975,0.88995,4.80,1.20
2009.02.23 07:38:05.059,0.88985,0.88995,4.80,1.20
2009.02.23 07:38:05.168,0.88985,0.88995,5.60,1.20
2009.02.23 07:38:05.448,0.88985,0.88995,1.00,1.00
2009.02.23 07:38:05.908,0.8899,0.89005,3.40,10.80
2009.02.23 07:38:06.358,0.8898,0.88995,8.20,1.00
2009.02.23 07:38:06.638,0.8898,0.88995,7.40,1.00
2009.02.23 07:38:06.988,0.88975,0.88995,1.00,1.00
2009.02.23 07:38:07.228,0.8897,0.88995,4.80,1.20
2009.02.23 07:38:07.748,0.8897,0.88995,4.80,10.80
2009.02.23 07:38:08.788,0.8897,0.88995,7.60,10.80
2009.02.23 07:38:08.957,0.88975,0.88995,4.80,10.80
2009.02.23 07:38:09.467,0.8897,0.88995,7.60,11.80
2009.02.23 07:38:09.857,0.8897,0.88995,4.80,5.80
2009.02.23 07:38:10.087,0.8897,0.88995,4.80,17.40
2009.02.23 07:38:10.617,0.8897,0.88995,4.80,20.60
2009.02.23 07:38:10.897,0.8897,0.88995,4.80,17.40
2009.02.23 07:38:11.237,0.8897,0.88995,4.80,13.20
2009.02.23 07:38:11.467,0.88965,0.88995,14.60,11.80
2009.02.23 07:38:11.817,0.8897,0.88995,4.80,10.80
2009.02.23 07:38:12.327,0.88975,0.88995,4.80,10.80
2009.02.23 07:38:12.856,0.88975,0.88995,4.80,1.20
2009.02.23 07:38:13.316,0.88965,0.8898,17.20,1.00
2009.02.23 07:38:13.556,0.88965,0.88995,11.20,4.60
2009.02.23 07:38:13.827,0.8896,0.88995,8.80,3.20
2009.02.23 07:38:14.236,0.88965,0.8898,4.80,1.00
2009.02.23 07:38:14.596,0.88965,0.89,4.80,17.40
2009.02.23 07:38:14.886,0.88965,0.89,11.80,13.80
2009.02.23 07:38:15.336,0.88975,0.89,4.80,16.20
2009.02.23 07:38:15.676,0.88975,0.88995,4.80,10.80
2009.02.23 07:38:16.066,0.88975,0.88995,4.80,11.80
2009.02.23 07:38:16.346,0.88975,0.89,4.80,3.60
2009.02.23 07:38:16.666,0.8898,0.89,4.80,1.20
2009.02.23 07:38:17.176,0.8898,0.89,4.80,5.20
2009.02.23 07:38:17.516,0.8898,0.89,4.80,1.00
2009.02.23 07:38:18.035,0.8898,0.89,4.80,1.20
2009.02.23 07:38:18.265,0.8898,0.88995,3.40,1.20
2009.02.23 07:38:18.495,0.8898,0.88995,1.00,10.80
2009.02.23 07:38:18.725,0.88975,0.88995,4.80,1.00
2009.02.23 07:38:19.415,0.88985,0.89,7.40,2.00
2009.02.23 07:38:19.655,0.88985,0.89,5.60,5.20
2009.02.23 07:38:19.935,0.88985,0.89,5.60,1.00
2009.02.23 07:38:20.165,0.88985,0.89,4.80,5.20
2009.02.23 07:38:20.835,0.88985,0.89,4.80,1.00
2009.02.23 07:38:23.474,0.88985,0.88995,4.80,1.00
2009.02.23 07:38:23.824,0.8898,0.88995,8.20,1.00
2009.02.23 07:38:27.543,0.8898,0.88995,3.40,1.00
2009.02.23 07:38:27.713,0.8898,0.88995,1.00,1.00
2009.02.23 07:38:27.893,0.88975,0.88995,5.60,1.40
2009.02.23 07:38:28.063,0.88975,0.88995,4.80,1.40
2009.02.23 07:38:28.453,0.8899,0.89,2.60,9.00
2009.02.23 07:38:28.633,0.8899,0.89,2.60,6.00
2009.02.23 07:38:28.923,0.88985,0.89,5.60,1.80
2009.02.23 07:38:29.193,0.88985,0.89,4.80,1.00
2009.02.23 07:38:29.473,0.8898,0.89,7.40,6.20
2009.02.23 07:38:30.062,0.88975,0.89,19.20,7.00
2009.02.23 07:38:30.242,0.88975,0.89,15.20,4.60
2009.02.23 07:38:30.472,0.88975,0.89,4.80,4.60
2009.02.23 07:38:30.982,0.88975,0.89,4.80,7.00
2009.02.23 07:38:31.273,0.8897,0.89,14.40,7.00
2009.02.23 07:38:32.522,0.88975,0.89,4.80,7.00
2009.02.23 07:38:32.852,0.88975,0.88995,4.80,1.40
2009.02.23 07:38:36.231,0.88975,0.88995,4.80,6.20
2009.02.23 07:38:39.280,0.88975,0.88995,4.80,7.80
2009.02.23 07:38:39.690,0.88965,0.88995,19.20,4.60
2009.02.23 07:38:40.170,0.88965,0.88995,8.80,17.40
2009.02.23 07:38:40.570,0.8898,0.88995,2.60,17.40
2009.02.23 07:38:41.170,0.8898,0.88995,1.00,11.80
2009.02.23 07:38:41.350,0.8897,0.88995,7.40,3.00
2009.02.23 07:38:41.820,0.8897,0.88995,2.60,7.00
2009.02.23 07:38:42.179,0.88975,0.88995,4.80,4.60
2009.02.23 07:38:42.579,0.8898,0.88995,1.00,11.80
2009.02.23 07:38:43.099,0.88965,0.88995,4.00,17.40
2009.02.23 07:38:43.519,0.88965,0.88995,8.80,17.40
2009.02.23 07:38:45.339,0.88965,0.88995,8.80,15.40
2009.02.23 07:38:45.808,0.88965,0.88995,4.00,11.80
2009.02.23 07:38:46.128,0.8896,0.88995,14.60,17.40
2009.02.23 07:38:47.058,0.88965,0.88995,5.60,17.40
2009.02.23 07:38:47.349,0.8898,0.88995,2.60,16.20
2009.02.23 07:38:47.628,0.8898,0.88995,3.40,11.80
2009.02.23 07:38:47.988,0.8898,0.88995,1.00,11.80
2009.02.23 07:38:48.288,0.8897,0.88995,2.80,2.20
2009.02.23 07:38:50.127,0.8897,0.88995,6.00,2.20
2009.02.23 07:38:50.238,0.8897,0.88995,11.40,2.20
2009.02.23 07:38:50.529,0.8898,0.88995,1.00,2.20
2009.02.23 07:38:50.708,0.88975,0.88995,3.20,11.80
2009.02.23 07:38:51.067,0.88975,0.88995,3.20,10.80
2009.02.23 07:38:51.337,0.88975,0.88995,3.20,1.00
2009.02.23 07:38:52.387,0.88975,0.88995,4.80,5.20
2009.02.23 07:38:54.686,0.8898,0.88995,4.80,5.20
2009.02.23 07:38:55.107,0.8898,0.88995,4.80,2.00
2009.02.23 07:38:55.286,0.8897,0.8899,4.80,4.80
2009.02.23 07:38:55.576,0.8897,0.88995,4.80,10.80
2009.02.23 07:38:55.926,0.8897,0.88995,4.80,2.20
2009.02.23 07:38:56.216,0.8897,0.88995,4.80,3.60
2009.02.23 07:38:56.766,0.8897,0.89,4.80,9.80
2009.02.23 07:38:56.926,0.8897,0.88995,4.80,3.00
2009.02.23 07:38:57.216,0.8897,0.88995,4.80,5.40
2009.02.23 07:38:57.446,0.8897,0.88995,4.80,3.60
2009.02.23 07:38:57.746,0.8897,0.8899,4.80,1.20
2009.02.23 07:38:58.495,0.8897,0.8899,4.80,5.80
2009.02.23 07:38:58.785,0.8897,0.8899,4.80,1.20
2009.02.23 07:38:59.395,0.8897,0.8899,4.80,2.40
2009.02.23 07:38:59.695,0.8897,0.8898,4.80,1.00
2009.02.23 07:39:05.024,0.88965,0.8898,10.40,1.00
2009.02.23 07:39:05.294,0.88965,0.88985,10.40,2.60
2009.02.23 07:39:05.704,0.8896,0.88985,8.80,8.80
2009.02.23 07:39:06.283,0.8896,0.88985,8.80,7.40
2009.02.23 07:39:06.504,0.8896,0.88985,8.80,8.80
2009.02.23 07:39:08.773,0.8896,0.88975,4.80,1.00
2009.02.23 07:39:08.993,0.8896,0.88975,4.80,3.00
2009.02.23 07:39:09.633,0.8896,0.88975,4.80,2.60
2009.02.23 07:39:09.693,0.8896,0.88975,4.80,5.80
2009.02.23 07:39:11.792,0.8896,0.88985,4.80,13.00
2009.02.23 07:39:11.963,0.8896,0.88985,4.80,9.80
2009.02.23 07:39:12.143,0.8896,0.88985,4.80,6.60
2009.02.23 07:39:15.811,0.8896,0.88985,4.80,3.00
2009.02.23 07:39:16.271,0.8896,0.88985,4.80,2.00
2009.02.23 07:39:16.542,0.8896,0.8898,4.80,1.20
2009.02.23 07:39:16.661,0.8896,0.8898,4.80,2.60
2009.02.23 07:39:16.961,0.88965,0.8898,10.40,1.60
2009.02.23 07:39:17.371,0.8896,0.8898,4.80,1.00
2009.02.23 07:39:17.661,0.88965,0.8899,10.40,6.60
2009.02.23 07:39:20.200,0.88965,0.8899,10.40,2.60
2009.02.23 07:39:22.350,0.88965,0.8899,10.40,2.20
2009.02.23 07:39:22.920,0.88965,0.8899,10.40,5.40
2009.02.23 07:39:23.089,0.88965,0.88995,10.40,5.40
2009.02.23 07:39:23.440,0.88965,0.88995,13.20,7.00
2009.02.23 07:39:23.799,0.88965,0.89,17.20,8.60
2009.02.23 07:39:24.039,0.88965,0.88985,12.40,1.00
2009.02.23 07:39:24.379,0.88965,0.88985,11.20,1.00
2009.02.23 07:39:24.609,0.88965,0.89,2.80,17.40
2009.02.23 07:39:24.830,0.88965,0.89,13.20,5.40
2009.02.23 07:39:25.159,0.88965,0.88995,16.40,2.20
2009.02.23 07:39:25.389,0.88965,0.89,17.20,8.60
2009.02.23 07:39:27.409,0.8897,0.89,1.80,8.60
2009.02.23 07:39:27.528,0.8897,0.89,3.20,9.80
2009.02.23 07:39:27.929,0.8897,0.89,4.00,9.40
2009.02.23 07:39:31.837,0.8897,0.89,6.80,9.40
2009.02.23 07:39:32.127,0.8898,0.89,7.40,9.40
2009.02.23 07:39:32.547,0.8898,0.89,4.80,3.80
2009.02.23 07:39:32.957,0.8897,0.89,4.00,2.20
2009.02.23 07:39:33.177,0.8897,0.88985,4.00,1.00
2009.02.23 07:39:33.407,0.8897,0.8899,4.00,1.60
2009.02.23 07:39:33.747,0.8898,0.8899,2.60,1.60
2009.02.23 07:39:34.037,0.8898,0.89005,7.40,2.20
2009.02.23 07:39:35.546,0.8898,0.89,4.80,3.60
2009.02.23 07:39:36.056,0.88985,0.89,2.60,1.20
2009.02.23 07:39:36.376,0.8898,0.89,4.00,1.00
2009.02.23 07:39:37.996,0.88975,0.89,27.80,1.00
2009.02.23 07:39:38.346,0.88985,0.89,4.80,1.00
2009.02.23 07:39:38.626,0.8898,0.89,8.80,1.40
2009.02.23 07:39:38.986,0.88985,0.89,4.80,1.00
2009.02.23 07:39:39.606,0.8898,0.89,4.80,1.20
2009.02.23 07:39:40.365,0.8899,0.89005,2.60,19.60
2009.02.23 07:39:40.656,0.88995,0.89005,4.80,15.80
2009.02.23 07:39:40.995,0.88995,0.89005,4.80,14.20
2009.02.23 07:39:41.225,0.88995,0.89005,4.80,11.80
2009.02.23 07:39:41.755,0.88995,0.89005,4.80,2.80
2009.02.23 07:39:41.976,0.88995,0.89,4.80,1.00
2009.02.23 07:39:42.335,0.88985,0.89,8.20,1.40
2009.02.23 07:39:42.725,0.88985,0.89,2.60,1.00
2009.02.23 07:39:43.115,0.8899,0.89,3.40,1.00
2009.02.23 07:39:43.525,0.88995,0.89005,7.40,3.00
2009.02.23 07:39:43.875,0.89,0.89015,8.20,3.80
2009.02.23 07:39:44.165,0.89,0.8901,4.80,1.00
2009.02.23 07:39:45.424,0.89,0.8901,4.80,1.80
2009.02.23 07:39:45.714,0.89,0.8901,4.80,1.00
2009.02.23 07:39:49.363,0.89,0.8901,4.80,1.40
2009.02.23 07:39:50.843,0.88985,0.8901,22.00,3.00
2009.02.23 07:39:51.193,0.89,0.8901,4.80,1.40
2009.02.23 07:39:54.762,0.88995,0.8901,7.40,1.40
2009.02.23 07:39:56.742,0.89,0.8901,4.80,1.40
2009.02.23 07:39:58.291,0.88995,0.8901,7.40,1.40
2009.02.23 07:39:59.091,0.89,0.8901,4.80,1.40
2009.02.23 07:40:01.340,0.89,0.89015,8.00,1.60
2009.02.23 07:40:01.631,0.89,0.8902,8.80,1.20
2009.02.23 07:40:02.670,0.89,0.8902,8.80,1.00
2009.02.23 07:40:02.970,0.89,0.8903,4.80,6.80
2009.02.23 07:40:03.890,0.88995,0.8903,11.60,6.80
2009.02.23 07:40:04.180,0.88995,0.89015,11.60,1.20
2009.02.23 07:40:04.350,0.88995,0.89015,7.40,1.20
2009.02.23 07:40:04.570,0.89,0.89015,4.80,1.20
2009.02.23 07:40:06.799,0.89,0.89015,4.80,2.60
2009.02.23 07:40:09.938,0.89,0.89015,7.40,2.60
2009.02.23 07:40:12.987,0.89,0.89015,7.40,3.00
2009.02.23 07:40:13.837,0.89,0.8901,7.40,1.00
2009.02.23 07:40:18.476,0.89,0.89015,7.40,1.60
2009.02.23 07:40:18.866,0.89,0.8902,7.40,7.40
2009.02.23 07:40:25.315,0.89,0.8902,7.40,2.60
2009.02.23 07:40:25.945,0.89,0.89015,7.40,1.20
2009.02.23 07:40:26.654,0.88995,0.8901,11.20,1.00
2009.02.23 07:40:26.824,0.88995,0.89,11.20,1.00
2009.02.23 07:40:26.984,0.8899,0.88995,14.10,1.20
2009.02.23 07:40:27.304,0.88995,0.89,10.40,3.00
2009.02.23 07:40:27.574,0.8898,0.88995,5.60,1.40
2009.02.23 07:40:28.134,0.8898,0.89,4.80,1.60
2009.02.23 07:40:28.484,0.8898,0.8901,4.80,17.60
2009.02.23 07:40:30.863,0.8898,0.8901,7.40,17.60
2009.02.23 07:40:31.093,0.8898,0.8901,8.80,17.60
2009.02.23 07:40:31.323,0.8898,0.8901,4.80,17.60
2009.02.23 07:40:32.873,0.8898,0.8901,5.60,17.60
2009.02.23 07:40:33.223,0.8899,0.89,2.40,1.20
2009.02.23 07:40:33.462,0.8899,0.89,2.40,2.20
2009.02.23 07:40:33.703,0.8898,0.89,5.60,3.60
2009.02.23 07:40:34.272,0.8898,0.89,5.60,8.40
2009.02.23 07:40:35.992,0.8898,0.89,4.80,8.40
2009.02.23 07:40:36.642,0.8897,0.89,11.60,8.40
2009.02.23 07:40:36.822,0.8897,0.89,11.60,3.60
2009.02.23 07:40:37.892,0.8897,0.89,11.60,2.60
2009.02.23 07:40:38.121,0.8897,0.89,11.60,4.60
2009.02.23 07:40:38.341,0.8897,0.89,11.60,7.00
2009.02.23 07:40:38.581,0.88985,0.89,7.40,7.60
2009.02.23 07:40:38.931,0.88985,0.89,7.40,6.20
2009.02.23 07:40:39.351,0.88985,0.89,7.40,1.40
2009.02.23 07:40:42.610,0.8898,0.89,5.60,3.00
2009.02.23 07:40:42.840,0.8898,0.89,4.80,3.60
2009.02.23 07:40:43.850,0.8898,0.89,4.80,4.60
2009.02.23 07:40:45.170,0.8898,0.89,4.80,6.60
2009.02.23 07:40:45.570,0.8898,0.89,4.80,4.60
2009.02.23 07:40:46.149,0.8898,0.89,4.80,3.60
2009.02.23 07:40:46.820,0.8898,0.89,4.80,7.00
2009.02.23 07:40:46.939,0.8898,0.88995,4.80,1.20
2009.02.23 07:40:49.529,0.8898,0.89,4.80,7.80
2009.02.23 07:40:51.228,0.8898,0.88995,4.80,1.20
2009.02.23 07:40:51.518,0.88985,0.89,4.80,7.80
2009.02.23 07:40:52.418,0.88985,0.89,4.80,3.00
2009.02.23 07:40:53.868,0.88985,0.89,4.80,7.80
2009.02.23 07:40:54.268,0.8899,0.89,4.80,1.40
2009.02.23 07:40:55.927,0.8898,0.8899,5.30,3.20
2009.02.23 07:40:56.217,0.8898,0.88985,5.30,1.40
2009.02.23 07:40:56.337,0.8898,0.88985,5.30,1.80
2009.02.23 07:40:56.567,0.88985,0.8899,4.80,1.60
2009.02.23 07:40:56.747,0.88985,0.89005,4.80,8.80
2009.02.23 07:40:56.917,0.8898,0.89005,4.80,8.80
2009.02.23 07:40:59.286,0.8898,0.88995,7.40,1.20
2009.02.23 07:40:59.696,0.8898,0.88995,8.20,1.20
2009.02.23 07:40:59.986,0.8898,0.88995,7.40,1.20
2009.02.23 07:41:04.725,0.8898,0.8899,7.40,1.20
2009.02.23 07:41:06.815,0.8898,0.8899,7.40,1.40
2009.02.23 07:41:07.335,0.8898,0.88985,4.80,1.00
2009.02.23 07:41:07.674,0.88975,0.88985,27.60,1.00
2009.02.23 07:41:08.234,0.8898,0.8899,7.40,2.60
2009.02.23 07:41:08.624,0.8898,0.8899,7.40,5.80
2009.02.23 07:41:08.804,0.8898,0.8899,7.40,1.40
2009.02.23 07:41:09.094,0.8898,0.8899,4.80,1.40
2009.02.23 07:41:09.494,0.8899,0.88995,5.60,1.60
2009.02.23 07:41:09.954,0.89,0.89005,6.40,4.60
2009.02.23 07:41:10.394,0.8897,0.89005,7.40,3.00
2009.02.23 07:41:11.823,0.88995,0.89005,1.20,1.40
2009.02.23 07:41:12.193,0.89,0.8901,4.80,5.40
2009.02.23 07:41:12.593,0.89,0.8902,4.80,1.40
2009.02.23 07:41:13.033,0.89005,0.8902,2.40,2.20
2009.02.23 07:41:13.543,0.8899,0.8902,4.00,3.80
2009.02.23 07:41:13.773,0.8899,0.8902,4.00,5.40
2009.02.23 07:41:14.053,0.8899,0.8902,4.00,3.80
2009.02.23 07:41:14.882,0.8899,0.8902,4.00,4.00
2009.02.23 07:41:15.173,0.8899,0.89015,3.20,6.60
2009.02.23 07:41:15.533,0.88985,0.89015,19.40,2.20
2009.02.23 07:41:16.003,0.89,0.8902,1.00,9.40
2009.02.23 07:41:16.402,0.88985,0.8902,2.80,5.00
2009.02.23 07:41:16.742,0.88995,0.8902,4.80,5.80
2009.02.23 07:41:17.052,0.89,0.8902,7.40,6.20
2009.02.23 07:41:17.382,0.89,0.8902,7.40,3.00
2009.02.23 07:41:19.031,0.8901,0.89025,2.60,9.40
2009.02.23 07:41:19.311,0.8901,0.8902,5.60,1.40
2009.02.23 07:41:19.661,0.8901,0.8902,4.80,1.40
2009.02.23 07:41:20.021,0.89015,0.89025,4.80,3.60
2009.02.23 07:41:20.811,0.89015,0.8902,4.80,1.00
2009.02.23 07:41:21.161,0.8901,0.8902,4.80,1.40
2009.02.23 07:41:24.440,0.8901,0.8902,3.40,1.20
2009.02.23 07:41:24.720,0.89005,0.8902,1.00,1.40
2009.02.23 07:41:24.950,0.8902,0.89025,4.80,6.40
2009.02.23 07:41:25.220,0.89025,0.8903,10.40,3.00
2009.02.23 07:41:25.340,0.89025,0.89035,10.40,1.60
2009.02.23 07:41:25.510,0.89015,0.89035,4.00,1.60
2009.02.23 07:41:25.680,0.89015,0.89045,3.20,6.60
2009.02.23 07:41:25.790,0.89015,0.89045,4.00,7.60
2009.02.23 07:41:26.200,0.89015,0.89045,2.60,9.80
2009.02.23 07:41:26.490,0.8901,0.89045,6.80,9.80
2009.02.23 07:41:27.510,0.8902,0.89045,4.80,9.40
2009.02.23 07:41:27.729,0.8902,0.89045,4.80,3.60
2009.02.23 07:41:27.899,0.8902,0.89045,4.80,2.20
2009.02.23 07:41:28.069,0.8902,0.8904,4.80,1.00
2009.02.23 07:41:28.239,0.89035,0.89045,4.80,1.60
2009.02.23 07:41:28.529,0.8904,0.8905,4.80,1.00
2009.02.23 07:41:28.649,0.89035,0.8906,6.80,4.20
2009.02.23 07:41:28.870,0.89035,0.8906,2.00,4.20
2009.02.23 07:41:29.049,0.8903,0.8906,14.60,1.00
2009.02.23 07:41:29.559,0.8904,0.8906,3.60,1.00
2009.02.23 07:41:29.979,0.89035,0.8906,3.60,1.00
2009.02.23 07:41:30.209,0.89035,0.8906,1.00,1.00
2009.02.23 07:41:30.369,0.8903,0.8906,9.80,1.00
2009.02.23 07:41:31.629,0.89035,0.8906,1.20,1.00
2009.02.23 07:41:31.918,0.89035,0.8906,4.00,1.00
2009.02.23 07:41:32.158,0.89035,0.89055,4.00,1.60
2009.02.23 07:41:32.498,0.89035,0.8905,4.00,3.00
2009.02.23 07:41:32.889,0.8901,0.8905,9.80,5.80
2009.02.23 07:41:33.168,0.8901,0.8905,6.80,5.80
2009.02.23 07:41:33.638,0.8902,0.8905,2.80,5.40
2009.02.23 07:41:34.028,0.89035,0.8905,4.80,2.20
2009.02.23 07:41:34.438,0.8904,0.89065,3.20,2.60
2009.02.23 07:41:34.818,0.8904,0.89065,4.00,4.60
2009.02.23 07:41:35.168,0.89055,0.89065,4.80,5.40
2009.02.23 07:41:35.468,0.89055,0.89065,4.80,2.20
2009.02.23 07:41:35.808,0.89055,0.8909,4.80,5.80
2009.02.23 07:41:36.208,0.8906,0.8909,4.80,1.20
2009.02.23 07:41:36.597,0.89055,0.89075,3.20,3.80
2009.02.23 07:41:36.768,0.89045,0.8907,4.80,3.80
2009.02.23 07:41:37.107,0.8904,0.8906,4.00,1.00
2009.02.23 07:41:37.387,0.89045,0.89065,5.60,4.60
2009.02.23 07:41:37.727,0.8905,0.89055,4.00,1.00
2009.02.23 07:41:38.117,0.89015,0.89045,4.80,1.60
2009.02.23 07:41:38.757,0.89015,0.8905,4.80,8.60
2009.02.23 07:41:39.847,0.89015,0.8904,4.00,1.40
2009.02.23 07:41:40.067,0.89015,0.89035,4.00,1.20
2009.02.23 07:41:40.207,0.89005,0.89035,6.80,2.60
2009.02.23 07:41:40.487,0.88995,0.8903,13.00,5.40
2009.02.23 07:41:40.706,0.88995,0.8903,9.80,5.40
2009.02.23 07:41:40.766,0.88995,0.8903,9.80,6.20
2009.02.23 07:41:41.106,0.89005,0.8903,3.20,3.00
2009.02.23 07:41:41.396,0.89005,0.89035,9.80,1.60
2009.02.23 07:41:41.686,0.8901,0.89035,2.80,1.60
2009.02.23 07:41:41.966,0.8901,0.8904,3.20,2.20
2009.02.23 07:41:42.356,0.8901,0.89045,6.80,5.80
2009.02.23 07:41:43.506,0.8901,0.8904,6.80,3.00
2009.02.23 07:41:43.676,0.8901,0.8904,6.80,5.40
2009.02.23 07:41:44.076,0.8901,0.8903,4.00,3.00
2009.02.23 07:41:44.366,0.88995,0.8903,6.80,8.40
2009.02.23 07:41:44.936,0.8901,0.8903,4.80,7.40
2009.02.23 07:41:45.225,0.89015,0.8903,4.80,2.20
2009.02.23 07:41:45.345,0.89015,0.89035,4.80,1.40
2009.02.23 07:41:45.645,0.8901,0.8904,1.00,6.20
2009.02.23 07:41:45.805,0.88995,0.89035,9.80,1.60
2009.02.23 07:41:45.925,0.89,0.89035,3.20,1.60
2009.02.23 07:41:46.155,0.8901,0.8904,4.00,5.80
2009.02.23 07:41:46.395,0.89005,0.8904,6.80,6.20
2009.02.23 07:41:46.785,0.8901,0.8904,3.20,2.80
2009.02.23 07:41:47.185,0.8901,0.8904,4.00,3.60
2009.02.23 07:41:47.485,0.89015,0.8904,1.20,2.00
2009.02.23 07:41:47.885,0.8901,0.8903,1.80,2.60
2009.02.23 07:41:48.285,0.88985,0.8902,14.00,3.00
2009.02.23 07:41:48.565,0.8899,0.8902,5.60,5.40
2009.02.23 07:41:48.784,0.89,0.8903,3.20,8.20
2009.02.23 07:41:49.175,0.89,0.8903,1.20,6.60
2009.02.23 07:41:49.524,0.88995,0.89025,2.80,5.40
2009.02.23 07:41:50.164,0.89005,0.8903,4.80,4.60
2009.02.23 07:41:50.444,0.89005,0.89035,4.80,6.20
2009.02.23 07:41:51.014,0.8901,0.89035,4.80,5.80
2009.02.23 07:41:51.414,0.8901,0.89035,7.40,8.60
2009.02.23 07:41:51.774,0.89,0.8903,4.00,1.60
2009.02.23 07:41:52.184,0.88995,0.8902,4.00,3.00
2009.02.23 07:41:52.424,0.8899,0.8902,11.20,5.40
2009.02.23 07:41:52.823,0.8899,0.8902,13.60,5.40
2009.02.23 07:41:53.163,0.89,0.8902,4.80,5.40
2009.02.23 07:41:53.513,0.89,0.89025,7.40,5.40
2009.02.23 07:41:54.273,0.8901,0.89025,4.80,5.40
2009.02.23 07:41:54.553,0.8901,0.89025,4.80,3.60
2009.02.23 07:41:54.773,0.8901,0.89025,4.80,2.20
2009.02.23 07:41:54.833,0.8901,0.89035,4.80,4.60
2009.02.23 07:41:56.243,0.8902,0.8903,4.80,1.20
2009.02.23 07:41:57.033,0.8901,0.89035,4.80,4.60
2009.02.23 07:41:59.102,0.89005,0.89025,6.80,1.20
2009.02.23 07:41:59.342,0.89005,0.89025,4.80,1.20
2009.02.23 07:42:00.671,0.89,0.89025,11.60,1.20
2009.02.23 07:42:01.083,0.89,0.89025,9.40,5.20
2009.02.23 07:42:01.191,0.89,0.89025,7.40,6.60
2009.02.23 07:42:01.661,0.89015,0.89025,4.80,2.20
2009.02.23 07:42:01.901,0.89015,0.89035,4.80,9.00
2009.02.23 07:42:02.181,0.89015,0.89035,4.80,5.20
2009.02.23 07:42:02.401,0.89015,0.89035,4.80,4.80
2009.02.23 07:42:02.741,0.89015,0.89035,4.80,1.60
2009.02.23 07:42:03.321,0.89015,0.89035,4.80,4.80
2009.02.23 07:42:03.951,0.8901,0.89035,4.80,4.80
2009.02.23 07:42:04.810,0.8901,0.89035,8.00,4.80
2009.02.23 07:42:05.161,0.8901,0.8904,1.80,9.00
2009.02.23 07:42:05.460,0.89025,0.89035,4.80,3.00
2009.02.23 07:42:05.751,0.89025,0.89045,4.80,1.20
2009.02.23 07:42:06.580,0.8902,0.8904,4.00,3.00
2009.02.23 07:42:06.750,0.89015,0.8904,15.20,5.40
2009.02.23 07:42:07.050,0.89015,0.8904,11.20,5.40
2009.02.23 07:42:07.170,0.89015,0.8904,10.40,8.80
2009.02.23 07:42:07.460,0.89015,0.89035,10.40,3.00
2009.02.23 07:42:07.630,0.8901,0.8904,4.80,8.80
2009.02.23 07:42:08.279,0.8901,0.8904,4.80,7.00
2009.02.23 07:42:08.790,0.8901,0.89035,4.80,5.40
2009.02.23 07:42:09.020,0.8901,0.89035,4.80,2.20
2009.02.23 07:42:09.309,0.8901,0.8904,4.80,7.60
2009.02.23 07:42:09.700,0.89015,0.8904,10.40,8.60
2009.02.23 07:42:09.999,0.89015,0.8904,10.40,5.40
2009.02.23 07:42:10.699,0.8903,0.8904,4.80,5.40
2009.02.23 07:42:10.929,0.8903,0.89045,4.80,3.20
2009.02.23 07:42:11.149,0.8903,0.89055,4.80,8.40
2009.02.23 07:42:11.479,0.8903,0.8905,4.80,1.00
2009.02.23 07:42:11.719,0.89035,0.89055,8.00,1.60
2009.02.23 07:42:11.990,0.89035,0.89065,4.80,10.40
2009.02.23 07:42:12.169,0.89035,0.89065,6.60,7.80
2009.02.23 07:42:12.498,0.89035,0.8907,8.80,15.00
2009.02.23 07:42:12.889,0.89035,0.8907,8.80,12.20
2009.02.23 07:42:13.299,0.89035,0.89065,4.80,10.40
2009.02.23 07:42:13.698,0.8903,0.89065,8.80,9.20
2009.02.23 07:42:14.098,0.89035,0.8906,4.00,1.00
2009.02.23 07:42:14.378,0.8904,0.8906,4.00,1.00
2009.02.23 07:42:14.678,0.8904,0.8906,1.00,1.00
2009.02.23 07:42:15.078,0.8904,0.8906,1.80,1.80
2009.02.23 07:42:15.248,0.8904,0.8907,4.00,6.00
2009.02.23 07:42:15.538,0.8904,0.8907,8.80,2.20
2009.02.23 07:42:15.768,0.8904,0.8907,8.80,3.00
2009.02.23 07:42:16.248,0.8904,0.8907,8.80,5.40
2009.02.23 07:42:16.488,0.8904,0.8907,8.80,8.40
2009.02.23 07:42:16.838,0.8904,0.8906,6.80,1.00
2009.02.23 07:42:17.067,0.8904,0.8906,4.80,1.00
2009.02.23 07:42:18.367,0.8904,0.8907,4.80,8.40
2009.02.23 07:42:18.657,0.8904,0.89065,4.80,1.60
2009.02.23 07:42:18.877,0.89045,0.8907,10.40,5.40
2009.02.23 07:42:20.497,0.89045,0.89065,10.40,4.40
2009.02.23 07:42:20.727,0.89045,0.89065,10.40,5.40
2009.02.23 07:42:21.317,0.8904,0.89065,4.80,5.40
2009.02.23 07:42:22.296,0.8904,0.89065,4.80,4.20
2009.02.23 07:42:22.416,0.8904,0.89065,4.80,2.20
2009.02.23 07:42:22.636,0.8904,0.8907,4.80,8.80
2009.02.23 07:42:24.126,0.8904,0.8907,6.60,8.80
2009.02.23 07:42:24.366,0.8904,0.8907,8.80,8.80
2009.02.23 07:42:24.716,0.8904,0.8907,6.00,8.80
2009.02.23 07:42:24.776,0.8904,0.8907,4.80,8.80
2009.02.23 07:42:24.946,0.8904,0.8907,6.00,8.80
2009.02.23 07:42:25.166,0.8904,0.8907,8.00,8.80
2009.02.23 07:42:25.225,0.8904,0.8907,8.80,8.80
2009.02.23 07:42:26.955,0.8904,0.8907,8.80,8.00
2009.02.23 07:42:27.265,0.8904,0.8907,8.80,6.60
2009.02.23 07:42:27.615,0.8904,0.89065,4.80,3.00
2009.02.23 07:42:29.594,0.8904,0.89065,4.80,4.60
2009.02.23 07:42:30.764,0.8904,0.89065,4.80,10.00
2009.02.23 07:42:30.984,0.8904,0.89065,4.80,9.00
2009.02.23 07:42:31.274,0.8904,0.8907,4.80,8.80
2009.02.23 07:42:31.504,0.89045,0.8907,10.40,5.80
2009.02.23 07:42:31.744,0.89045,0.8907,10.40,5.40
2009.02.23 07:42:32.544,0.89045,0.8907,10.40,5.60
2009.02.23 07:42:32.784,0.89045,0.89065,10.40,5.40
2009.02.23 07:42:33.084,0.8904,0.89065,4.80,5.40
2009.02.23 07:42:33.264,0.8904,0.89065,4.80,2.20
2009.02.23 07:42:33.613,0.8904,0.8907,4.80,8.80
2009.02.23 07:42:34.683,0.8904,0.8907,4.80,7.20
2009.02.23 07:42:35.363,0.8904,0.89065,4.80,4.60
2009.02.23 07:42:35.893,0.8905,0.8906,4.80,1.00
2009.02.23 07:42:36.873,0.8905,0.89065,4.80,2.60
2009.02.23 07:42:37.692,0.89045,0.89055,18.60,1.20
2009.02.23 07:42:37.983,0.89045,0.89055,1.00,1.40
2009.02.23 07:42:38.273,0.8904,0.89055,4.80,3.00
2009.02.23 07:42:38.452,0.8904,0.89055,4.80,2.60
2009.02.23 07:42:39.032,0.8904,0.89055,4.80,1.20
2009.02.23 07:42:40.102,0.89045,0.89055,2.60,1.20
2009.02.23 07:42:40.432,0.8905,0.89065,4.80,3.00
2009.02.23 07:42:40.673,0.89045,0.89065,11.20,6.60
2009.02.23 07:42:40.892,0.8904,0.89065,4.80,6.60
2009.02.23 07:42:41.632,0.8904,0.8906,4.80,1.60
2009.02.23 07:42:42.072,0.8904,0.89055,4.80,1.20
2009.02.23 07:42:42.422,0.8904,0.8905,4.80,1.40
2009.02.23 07:42:42.711,0.8904,0.8905,4.80,1.20
2009.02.23 07:42:45.861,0.89035,0.8905,16.00,3.00
2009.02.23 07:42:46.100,0.8904,0.8905,4.80,1.20
2009.02.23 07:42:46.391,0.89035,0.8905,5.60,2.00
2009.02.23 07:42:46.731,0.8904,0.8905,4.80,3.00
2009.02.23 07:42:46.950,0.8904,0.8905,4.80,1.40
2009.02.23 07:42:47.180,0.8904,0.89055,4.80,2.60
2009.02.23 07:42:47.590,0.89035,0.89055,18.60,1.60
2009.02.23 07:42:47.890,0.8904,0.8905,4.80,1.20
2009.02.23 07:42:48.261,0.8904,0.89055,4.80,2.60
2009.02.23 07:42:52.279,0.8904,0.8905,4.80,1.20
2009.02.23 07:42:55.038,0.89035,0.89055,3.40,2.00
2009.02.23 07:42:55.209,0.8904,0.8905,4.80,1.60
2009.02.23 07:42:55.488,0.8904,0.89055,4.80,9.20
2009.02.23 07:42:55.778,0.8904,0.89055,4.80,6.20
2009.02.23 07:42:59.617,0.8904,0.89055,4.80,1.40
2009.02.23 07:43:00.027,0.8904,0.89055,4.80,6.20
2009.02.23 07:43:00.447,0.8904,0.89055,4.80,1.40
2009.02.23 07:43:01.197,0.8904,0.89055,4.80,6.20
2009.02.23 07:43:08.466,0.89025,0.8905,4.80,14.80
2009.02.23 07:43:08.745,0.89025,0.8905,4.80,4.40
2009.02.23 07:43:09.145,0.8902,0.89045,10.20,2.40
2009.02.23 07:43:09.495,0.8902,0.89045,8.20,7.20
2009.02.23 07:43:09.715,0.8902,0.89045,8.20,8.80
2009.02.23 07:43:10.445,0.8902,0.89045,8.20,4.20
2009.02.23 07:43:10.775,0.8902,0.89045,11.60,4.20
2009.02.23 07:43:11.564,0.8902,0.89045,8.20,4.20
2009.02.23 07:43:16.144,0.8902,0.8904,8.20,1.00
2009.02.23 07:43:17.003,0.8902,0.8904,8.20,5.20
2009.02.23 07:43:18.433,0.8902,0.8904,8.20,1.00
2009.02.23 07:43:18.543,0.8902,0.8904,8.20,5.20
2009.02.23 07:43:19.812,0.8902,0.8904,8.20,6.80
2009.02.23 07:43:20.103,0.8902,0.8904,3.40,7.80
2009.02.23 07:43:21.942,0.8902,0.8904,8.20,6.80
2009.02.23 07:43:22.002,0.8902,0.8904,8.20,5.20
2009.02.23 07:43:22.292,0.8902,0.8904,3.40,1.40
2009.02.23 07:43:22.512,0.8902,0.8904,3.40,3.00
2009.02.23 07:43:22.632,0.8902,0.8904,3.40,7.80
2009.02.23 07:43:22.852,0.8902,0.8904,1.00,1.80
2009.02.23 07:43:23.082,0.89015,0.8904,18.60,5.00
2009.02.23 07:43:23.292,0.89015,0.8904,18.60,6.20
2009.02.23 07:43:25.581,0.89015,0.8904,23.40,6.20
2009.02.23 07:43:26.321,0.89015,0.8904,23.40,1.40
2009.02.23 07:43:26.551,0.89015,0.8904,23.40,6.20
2009.02.23 07:43:26.791,0.89015,0.89025,11.20,1.00
2009.02.23 07:43:27.071,0.89015,0.89035,3.40,3.00
2009.02.23 07:43:27.300,0.89015,0.89035,3.40,6.20
2009.02.23 07:43:27.891,0.89015,0.8903,1.60,2.60
2009.02.23 07:43:28.121,0.8901,0.8903,2.60,2.60
2009.02.23 07:43:29.890,0.8901,0.8903,2.60,3.00
2009.02.23 07:43:31.359,0.8901,0.8903,2.60,4.60
2009.02.23 07:43:31.819,0.8901,0.89025,2.60,1.20
2009.02.23 07:43:32.049,0.8901,0.89025,2.60,2.60
2009.02.23 07:43:32.290,0.8901,0.89025,2.60,3.00
2009.02.23 07:43:33.649,0.8901,0.8902,2.60,1.00
2009.02.23 07:43:36.759,0.89,0.8902,7.00,4.00
2009.02.23 07:43:37.039,0.88995,0.8902,10.40,5.80
2009.02.23 07:43:37.378,0.8899,0.8902,8.80,5.80
2009.02.23 07:43:38.068,0.8899,0.8902,8.80,9.00
2009.02.23 07:43:39.158,0.8899,0.8902,8.80,10.20
2009.02.23 07:43:39.618,0.8899,0.8902,5.60,8.60
2009.02.23 07:43:40.067,0.88995,0.8902,4.80,9.00
2009.02.23 07:43:41.097,0.88995,0.8902,4.80,6.00
2009.02.23 07:43:41.317,0.88995,0.8902,4.80,3.60
2009.02.23 07:43:42.287,0.88995,0.8902,4.80,4.60
2009.02.23 07:43:42.627,0.88995,0.8902,4.80,10.20
2009.02.23 07:43:42.847,0.89,0.8902,2.60,10.20
2009.02.23 07:43:43.027,0.89,0.8902,2.60,1.40
2009.02.23 07:43:44.577,0.89,0.8902,2.60,6.20
2009.02.23 07:43:44.856,0.89,0.8902,2.60,1.40
2009.02.23 07:43:46.556,0.89,0.8902,7.40,1.00
2009.02.23 07:43:51.855,0.89,0.89025,7.40,10.60
2009.02.23 07:43:52.665,0.89,0.8902,2.60,1.20
2009.02.23 07:43:53.015,0.89,0.8902,2.60,2.80
2009.02.23 07:43:53.354,0.89,0.8902,7.40,5.40
2009.02.23 07:43:53.764,0.89,0.8902,2.60,6.60
2009.02.23 07:43:54.884,0.89,0.8902,7.40,5.40
2009.02.23 07:43:55.584,0.89,0.8902,7.40,4.20
2009.02.23 07:43:55.934,0.89,0.89025,7.40,9.00
2009.02.23 07:43:57.203,0.89,0.8902,2.60,2.20
2009.02.23 07:43:57.313,0.89,0.8902,2.60,6.60
2009.02.23 07:44:00.522,0.88995,0.8901,11.20,3.00
2009.02.23 07:44:00.752,0.88995,0.8901,4.80,5.40
2009.02.23 07:44:00.973,0.88995,0.8901,17.80,2.80
2009.02.23 07:44:01.273,0.88995,0.8901,13.00,1.60
2009.02.23 07:44:01.572,0.88995,0.8901,17.80,1.60
2009.02.23 07:44:01.902,0.88995,0.89005,10.40,2.00
2009.02.23 07:44:02.072,0.88995,0.8901,2.60,3.00
2009.02.23 07:44:03.432,0.88995,0.8901,2.60,2.00
2009.02.23 07:44:04.052,0.88995,0.8901,2.60,1.20
2009.02.23 07:44:06.591,0.88995,0.8901,2.60,3.00
2009.02.23 07:44:06.981,0.88995,0.8901,2.60,7.80
2009.02.23 07:44:07.381,0.8899,0.89005,1.60,2.00
2009.02.23 07:44:07.731,0.88985,0.89005,14.80,5.40
2009.02.23 07:44:08.131,0.8898,0.89,2.60,7.40
2009.02.23 07:44:09.311,0.88985,0.89005,4.80,2.00
2009.02.23 07:44:09.701,0.88985,0.8901,4.80,14.80
2009.02.23 07:44:10.030,0.8898,0.8901,11.60,10.60
2009.02.23 07:44:10.390,0.8898,0.8901,11.60,9.00
2009.02.23 07:44:10.670,0.8898,0.8901,11.60,9.20
2009.02.23 07:44:10.781,0.8898,0.8901,6.80,9.20
2009.02.23 07:44:11.170,0.8898,0.8901,3.40,9.20
2009.02.23 07:44:11.330,0.8898,0.8901,2.60,9.20
2009.02.23 07:44:11.560,0.8898,0.8901,4.80,10.80
2009.02.23 07:44:11.950,0.8898,0.8901,5.60,10.80
2009.02.23 07:44:12.360,0.88995,0.8901,2.60,4.40
2009.02.23 07:44:12.540,0.88975,0.8901,8.80,9.00
2009.02.23 07:44:12.770,0.88975,0.8901,4.80,9.00
2009.02.23 07:44:14.379,0.88975,0.89005,31.00,1.00
2009.02.23 07:44:14.599,0.88975,0.89005,31.00,5.00
2009.02.23 07:44:14.919,0.8898,0.8901,4.80,16.80
2009.02.23 07:44:15.309,0.88975,0.89,31.00,2.60
2009.02.23 07:44:15.769,0.88975,0.89,31.00,1.20
2009.02.23 07:44:18.639,0.88975,0.89,26.80,1.20
2009.02.23 07:44:19.728,0.88975,0.89005,26.80,5.80
2009.02.23 07:44:20.558,0.88975,0.89005,31.00,5.80
2009.02.23 07:44:20.888,0.88975,0.89005,26.80,5.80
2009.02.23 07:44:25.417,0.88975,0.89005,26.80,7.40
2009.02.23 07:44:27.186,0.88975,0.89,26.80,5.80
2009.02.23 07:44:27.356,0.88975,0.89,26.80,8.20
2009.02.23 07:44:28.036,0.88975,0.89,26.80,7.00
2009.02.23 07:44:28.446,0.88975,0.89,26.80,3.00
2009.02.23 07:44:28.566,0.88975,0.89005,26.80,9.00
2009.02.23 07:44:32.085,0.88975,0.89005,26.80,5.80
2009.02.23 07:44:32.445,0.88975,0.89005,30.20,5.80
2009.02.23 07:44:32.715,0.88975,0.89005,30.20,5.40
2009.02.23 07:44:32.825,0.88975,0.89005,31.00,5.40
2009.02.23 07:44:33.265,0.88975,0.89005,26.80,5.40
2009.02.23 07:44:34.854,0.88975,0.89005,26.80,7.00
2009.02.23 07:44:35.184,0.88975,0.89005,26.80,8.20
2009.02.23 07:44:35.594,0.88975,0.89005,26.80,5.40
2009.02.23 07:44:36.064,0.88975,0.89005,29.60,5.40
2009.02.23 07:44:36.414,0.88975,0.89005,26.80,5.40
2009.02.23 07:44:39.643,0.88975,0.89005,28.80,4.20
2009.02.23 07:44:39.923,0.88975,0.8901,31.00,7.40
2009.02.23 07:44:40.384,0.88975,0.8901,31.00,9.00
2009.02.23 07:44:40.683,0.88975,0.89005,26.80,5.40
2009.02.23 07:44:41.263,0.8899,0.89005,7.40,2.20
2009.02.23 07:44:41.543,0.8899,0.8901,7.40,3.60
2009.02.23 07:44:41.923,0.8899,0.8901,7.40,1.00
2009.02.23 07:44:42.213,0.8899,0.8901,2.60,1.40
2009.02.23 07:44:43.343,0.8899,0.8901,7.40,1.00
2009.02.23 07:44:43.573,0.8899,0.8901,7.40,2.00
2009.02.23 07:44:44.222,0.8899,0.8901,7.40,1.00
2009.02.23 07:44:45.232,0.8899,0.8901,2.60,3.00
2009.02.23 07:44:46.302,0.8899,0.8901,2.60,4.60
2009.02.23 07:44:46.642,0.8899,0.8901,2.60,7.00
2009.02.23 07:44:47.052,0.8899,0.8901,7.40,3.60
2009.02.23 07:44:47.542,0.8899,0.8901,7.40,1.00
2009.02.23 07:44:58.189,0.8899,0.89005,2.60,1.00
2009.02.23 07:44:58.889,0.8899,0.89005,2.60,5.20
2009.02.23 07:44:59.808,0.88995,0.8901,8.20,1.60
2009.02.23 07:45:00.208,0.89,0.89015,5.60,4.80
2009.02.23 07:45:00.598,0.89005,0.89025,4.80,15.00
2009.02.23 07:45:00.958,0.89,0.89025,8.00,2.20
2009.02.23 07:45:01.418,0.89,0.8903,8.80,6.80
2009.02.23 07:45:01.968,0.89,0.8903,5.60,7.40
2009.02.23 07:45:02.068,0.89,0.8903,4.80,7.40
2009.02.23 07:45:02.238,0.89,0.8903,8.00,7.00
2009.02.23 07:45:02.418,0.89005,0.8903,4.80,7.00
2009.02.23 07:45:02.948,0.89,0.8903,5.60,7.00
2009.02.23 07:45:03.238,0.89,0.89025,5.60,1.20
2009.02.23 07:45:03.517,0.89,0.89025,4.80,2.60
2009.02.23 07:45:03.687,0.89,0.89025,4.80,7.40
2009.02.23 07:45:03.977,0.89,0.8903,4.80,8.60
2009.02.23 07:45:04.257,0.89005,0.8903,4.80,7.40
2009.02.23 07:45:04.547,0.89005,0.8903,4.80,7.00
2009.02.23 07:45:06.536,0.89005,0.8903,7.40,7.80
2009.02.23 07:45:06.707,0.89005,0.8903,8.20,7.80
2009.02.23 07:45:07.047,0.89005,0.8903,8.20,7.00
2009.02.23 07:45:07.166,0.89005,0.8903,4.80,7.00
2009.02.23 07:45:09.606,0.89005,0.8903,4.80,5.00
2009.02.23 07:45:09.716,0.89,0.89025,8.00,1.20
2009.02.23 07:45:10.176,0.89005,0.89025,2.60,1.80
2009.02.23 07:45:10.576,0.89,0.89025,4.80,5.80
2009.02.23 07:45:11.285,0.89005,0.8903,4.80,7.00
2009.02.23 07:45:11.745,0.89005,0.8903,4.80,7.00
2009.02.23 07:45:11.925,0.89005,0.8903,4.80,2.20
2009.02.23 07:45:13.845,0.89005,0.8903,4.80,7.00
2009.02.23 07:45:15.525,0.89005,0.8903,4.80,2.20
2009.02.23 07:45:17.874,0.89015,0.8903,2.60,2.20
2009.02.23 07:45:18.274,0.8901,0.8903,5.60,1.00
2009.02.23 07:45:18.614,0.8901,0.8903,4.80,1.00
2009.02.23 07:45:20.843,0.89015,0.8903,2.60,3.60
2009.02.23 07:45:21.123,0.8901,0.8903,5.60,3.60
2009.02.23 07:45:21.344,0.8901,0.8903,4.80,1.80
2009.02.23 07:45:21.683,0.8901,0.8903,4.80,1.00
2009.02.23 07:45:22.033,0.8901,0.8903,5.60,2.60
2009.02.23 07:45:22.203,0.8901,0.8903,4.80,3.60
2009.02.23 07:45:22.493,0.8901,0.8903,4.80,1.00
2009.02.23 07:45:28.531,0.89005,0.8903,21.60,1.40
2009.02.23 07:45:28.981,0.89005,0.8903,15.20,7.00
2009.02.23 07:45:29.381,0.89005,0.89025,4.80,4.80
2009.02.23 07:45:29.601,0.89005,0.8903,4.80,8.40
2009.02.23 07:45:30.071,0.8901,0.89025,4.80,4.80
2009.02.23 07:45:30.471,0.8901,0.8903,4.80,6.00
2009.02.23 07:45:31.041,0.89005,0.8903,8.20,6.20
2009.02.23 07:45:31.441,0.89005,0.8903,10.40,4.60
2009.02.23 07:45:31.721,0.89,0.8903,11.60,7.40
2009.02.23 07:45:31.951,0.89,0.8903,8.20,7.40
2009.02.23 07:45:32.191,0.89,0.89025,7.40,3.00
2009.02.23 07:45:32.760,0.89,0.89025,7.40,2.20
2009.02.23 07:45:33.031,0.89,0.8903,7.40,12.00
2009.02.23 07:45:34.430,0.89,0.8903,11.60,7.40
2009.02.23 07:45:38.149,0.89,0.8903,11.60,10.40
2009.02.23 07:45:38.479,0.89,0.8903,11.60,12.00
2009.02.23 07:45:40.209,0.89,0.8903,8.20,12.00
2009.02.23 07:45:40.438,0.89,0.89025,7.40,8.80
2009.02.23 07:45:40.608,0.89,0.89025,7.40,6.60
2009.02.23 07:45:41.298,0.89,0.89025,7.40,19.40
2009.02.23 07:45:41.529,0.89,0.89025,7.40,14.60
2009.02.23 07:45:41.698,0.89,0.89025,7.40,6.60
2009.02.23 07:45:41.878,0.89,0.89025,7.40,7.00
2009.02.23 07:45:45.048,0.89,0.89025,7.40,5.00
2009.02.23 07:45:45.407,0.89,0.8902,7.40,4.80
2009.02.23 07:45:46.007,0.89005,0.89025,5.60,1.80
2009.02.23 07:45:46.417,0.89005,0.89025,7.40,1.00
2009.02.23 07:45:47.227,0.89,0.89025,11.60,1.40
2009.02.23 07:45:51.916,0.89,0.89025,8.20,1.40
2009.02.23 07:45:52.156,0.89,0.89025,7.40,1.40
2009.02.23 07:45:53.365,0.89,0.89025,7.40,1.00
2009.02.23 07:45:53.645,0.89,0.8903,7.40,8.60
2009.02.23 07:45:54.065,0.89,0.8903,11.60,3.20
2009.02.23 07:45:54.355,0.89,0.89035,11.60,7.20
2009.02.23 07:45:58.144,0.89015,0.89035,2.60,6.80
2009.02.23 07:45:58.314,0.89015,0.89035,2.60,5.20
2009.02.23 07:45:58.424,0.89015,0.8903,8.20,4.80
2009.02.23 07:45:58.484,0.89015,0.8903,18.60,4.80
2009.02.23 07:45:58.604,0.89015,0.89035,18.60,1.20
2009.02.23 07:46:05.142,0.89015,0.8903,18.60,2.60
2009.02.23 07:46:05.442,0.89015,0.8903,18.60,1.20
2009.02.23 07:46:05.842,0.89015,0.89035,20.60,1.20
2009.02.23 07:46:06.062,0.89015,0.89035,22.00,1.20
2009.02.23 07:46:06.302,0.89015,0.8904,22.00,7.80
2009.02.23 07:46:07.642,0.89015,0.89045,22.00,11.80
2009.02.23 07:46:07.862,0.8903,0.89045,2.60,5.00
2009.02.23 07:46:08.092,0.8903,0.8904,2.60,1.20
2009.02.23 07:46:08.372,0.8902,0.8904,14.40,1.20
2009.02.23 07:46:08.552,0.8901,0.89045,18.60,5.00
2009.02.23 07:46:08.812,0.8901,0.89045,22.00,2.80
2009.02.23 07:46:08.922,0.89015,0.89045,17.40,2.20
2009.02.23 07:46:09.282,0.89025,0.8905,13.60,2.20
2009.02.23 07:46:09.571,0.8903,0.8906,3.20,10.40
2009.02.23 07:46:09.861,0.8903,0.8906,4.00,7.20
2009.02.23 07:46:10.431,0.8903,0.8906,8.80,7.20
2009.02.23 07:46:10.611,0.8903,0.8906,8.80,6.80
2009.02.23 07:46:11.021,0.8903,0.8906,8.80,3.80
2009.02.23 07:46:11.191,0.8903,0.8906,4.00,3.00
2009.02.23 07:46:11.531,0.8903,0.8906,4.00,6.00
2009.02.23 07:46:11.871,0.8903,0.8906,8.80,6.00
2009.02.23 07:46:12.031,0.8903,0.8906,8.80,3.00
2009.02.23 07:46:12.271,0.8903,0.8906,8.80,6.80
2009.02.23 07:46:12.901,0.8903,0.8906,4.00,7.20
2009.02.23 07:46:13.081,0.8903,0.89045,4.00,1.20
2009.02.23 07:46:13.321,0.8902,0.89045,12.00,1.20
2009.02.23 07:46:13.441,0.8902,0.89045,8.80,1.20
2009.02.23 07:46:15.570,0.8903,0.89055,4.80,20.60
2009.02.23 07:46:15.910,0.8903,0.89055,4.80,18.20
2009.02.23 07:46:16.311,0.8903,0.89055,4.80,17.40
2009.02.23 07:46:16.710,0.8903,0.89055,4.80,18.20
2009.02.23 07:46:17.670,0.8902,0.89055,8.80,18.80
2009.02.23 07:46:17.780,0.8902,0.89055,8.80,20.40
2009.02.23 07:46:17.949,0.8902,0.89045,8.80,1.00
2009.02.23 07:46:18.289,0.8902,0.89055,8.80,10.00
2009.02.23 07:46:18.399,0.8902,0.89055,8.80,9.60
2009.02.23 07:46:18.629,0.8902,0.89055,8.80,8.00
2009.02.23 07:46:18.799,0.8902,0.89055,8.80,7.20
2009.02.23 07:46:20.859,0.8902,0.8905,8.80,3.00
2009.02.23 07:46:21.039,0.8902,0.8905,8.80,4.40
2009.02.23 07:46:21.209,0.8902,0.8905,8.80,6.80
2009.02.23 07:46:21.939,0.8902,0.8905,2.00,7.20
2009.02.23 07:46:22.228,0.89015,0.89035,4.00,3.00
2009.02.23 07:46:22.458,0.8901,0.8904,8.80,1.00
2009.02.23 07:46:22.738,0.8901,0.89045,8.80,5.80
2009.02.23 07:46:25.748,0.8901,0.89045,11.60,5.40
2009.02.23 07:46:25.978,0.89015,0.89045,3.20,2.20
2009.02.23 07:46:26.268,0.89015,0.8905,4.00,8.40
2009.02.23 07:46:27.377,0.89015,0.89045,4.00,5.80
2009.02.23 07:46:27.657,0.8901,0.8904,8.80,1.40
2009.02.23 07:46:28.408,0.89,0.89035,17.40,5.40
2009.02.23 07:46:28.697,0.89,0.89035,14.40,5.40
2009.02.23 07:46:28.927,0.89,0.8903,12.40,1.20
2009.02.23 07:46:29.327,0.89,0.8903,8.20,5.40
2009.02.23 07:46:29.727,0.89,0.8903,7.40,5.40
2009.02.23 07:46:30.066,0.89005,0.8903,10.40,5.40
2009.02.23 07:46:32.746,0.89005,0.89015,10.40,1.00
2009.02.23 07:46:32.906,0.89005,0.8902,10.40,2.60
2009.02.23 07:46:33.186,0.89,0.8902,2.60,7.40
2009.02.23 07:46:33.296,0.89,0.89015,2.60,4.80
2009.02.23 07:46:33.636,0.89,0.89025,7.40,14.60
2009.02.23 07:46:33.916,0.89,0.89025,7.40,11.80
2009.02.23 07:46:34.145,0.89,0.89025,7.40,6.60
2009.02.23 07:46:34.825,0.89005,0.8902,10.40,2.00
2009.02.23 07:46:35.105,0.89005,0.8902,10.40,1.60
2009.02.23 07:46:35.395,0.89,0.89025,7.40,6.60
2009.02.23 07:46:38.354,0.89,0.8902,2.60,5.80
2009.02.23 07:46:38.515,0.89,0.8901,2.60,1.00
2009.02.23 07:46:38.625,0.89,0.89015,2.60,1.60
2009.02.23 07:46:38.794,0.89,0.8902,2.60,13.00
2009.02.23 07:46:39.474,0.89,0.8902,2.60,8.20
2009.02.23 07:46:40.354,0.89,0.8902,2.60,8.40
2009.02.23 07:46:40.584,0.89,0.8902,2.60,9.00
2009.02.23 07:46:42.334,0.89,0.8902,2.60,10.60
2009.02.23 07:46:47.632,0.89,0.8902,2.60,10.20
2009.02.23 07:46:48.072,0.89,0.8902,2.60,8.20
2009.02.23 07:46:48.292,0.89,0.89015,2.60,2.60
2009.02.23 07:46:49.822,0.89,0.8901,2.60,1.00
2009.02.23 07:46:50.402,0.88995,0.89005,5.60,1.20
2009.02.23 07:46:50.811,0.88995,0.89005,1.00,2.60
2009.02.23 07:46:51.051,0.8898,0.89005,4.80,2.60
2009.02.23 07:46:55.290,0.88975,0.89005,33.80,2.60
2009.02.23 07:46:55.730,0.8898,0.89005,4.80,2.60
2009.02.23 07:46:56.470,0.8898,0.8901,4.80,8.60
2009.02.23 07:46:56.770,0.8898,0.8901,6.60,5.80
2009.02.23 07:46:57.050,0.8898,0.8901,8.80,6.80
2009.02.23 07:46:57.290,0.8898,0.8901,8.80,3.60
2009.02.23 07:46:57.640,0.88985,0.8901,1.80,3.60
2009.02.23 07:46:57.940,0.8898,0.8901,3.20,3.80
2009.02.23 07:46:58.120,0.8898,0.8901,2.20,5.00
2009.02.23 07:46:58.630,0.8898,0.8901,5.40,5.00
2009.02.23 07:46:58.909,0.88975,0.8901,36.80,7.00
2009.02.23 07:47:02.119,0.8898,0.8901,3.20,3.80
2009.02.23 07:47:02.299,0.8898,0.8901,4.00,3.60
2009.02.23 07:47:02.649,0.8898,0.89005,4.80,4.00
2009.02.23 07:47:02.879,0.88975,0.89,29.00,1.20
2009.02.23 07:47:03.139,0.88975,0.89,26.80,3.00
2009.02.23 07:47:03.378,0.88975,0.89,26.80,5.40
2009.02.23 07:47:03.608,0.88975,0.89005,26.80,7.00
2009.02.23 07:47:03.958,0.88975,0.89005,26.80,5.40
2009.02.23 07:47:04.188,0.88975,0.8901,31.00,7.40
2009.02.23 07:47:05.088,0.88975,0.8901,31.00,9.00
2009.02.23 07:47:05.318,0.88975,0.8901,31.00,7.40
2009.02.23 07:47:07.137,0.88975,0.8901,31.00,9.20
2009.02.23 07:47:07.417,0.88975,0.89005,31.00,3.00
2009.02.23 07:47:07.587,0.88975,0.89005,31.00,5.40
2009.02.23 07:47:08.147,0.88975,0.89005,27.60,5.40
2009.02.23 07:47:08.377,0.88975,0.89005,29.60,4.20
2009.02.23 07:47:08.588,0.88975,0.8901,31.00,9.20
2009.02.23 07:47:08.977,0.88975,0.8901,31.00,7.60
2009.02.23 07:47:10.107,0.88975,0.89005,28.20,3.60
2009.02.23 07:47:10.617,0.88975,0.8901,31.00,9.00
2009.02.23 07:47:11.327,0.88975,0.8901,31.00,7.40
2009.02.23 07:47:11.788,0.88975,0.8901,33.80,9.00
2009.02.23 07:47:12.176,0.88975,0.8901,31.00,7.40
2009.02.23 07:47:14.496,0.88975,0.8901,31.00,9.00
2009.02.23 07:47:14.876,0.88975,0.89005,31.00,3.00
2009.02.23 07:47:15.266,0.88975,0.89005,31.00,5.40
2009.02.23 07:47:16.915,0.88975,0.89005,30.20,5.40
2009.02.23 07:47:17.035,0.88975,0.89005,26.80,5.40
2009.02.23 07:47:19.925,0.88975,0.89005,26.80,5.80
2009.02.23 07:47:20.274,0.88975,0.89005,26.80,6.80
2009.02.23 07:47:20.614,0.88975,0.89005,26.80,9.00
2009.02.23 07:47:22.464,0.88975,0.89005,26.80,7.40
2009.02.23 07:47:23.963,0.88975,0.89005,28.80,7.40
2009.02.23 07:47:24.124,0.88975,0.89005,31.00,7.40
2009.02.23 07:47:24.953,0.88975,0.89005,27.60,7.40
2009.02.23 07:47:25.343,0.88975,0.89005,26.80,9.00
2009.02.23 07:47:26.073,0.88975,0.89,26.80,1.40
2009.02.23 07:47:26.483,0.88975,0.89,16.40,1.20
2009.02.23 07:47:26.713,0.88975,0.89005,16.40,24.20
2009.02.23 07:47:26.823,0.88975,0.89005,26.80,9.00
2009.02.23 07:47:27.053,0.88975,0.89005,28.20,7.00
2009.02.23 07:47:27.293,0.88975,0.89005,30.20,5.80
2009.02.23 07:47:27.513,0.88975,0.89005,31.00,1.80
2009.02.23 07:47:27.783,0.88975,0.89005,31.00,2.20
2009.02.23 07:47:28.013,0.88975,0.89005,31.00,1.80
2009.02.23 07:47:28.292,0.88975,0.89005,27.60,5.00
2009.02.23 07:47:28.523,0.88975,0.89005,26.80,7.40
2009.02.23 07:47:30.682,0.88975,0.89005,26.80,10.60
2009.02.23 07:47:31.024,0.88975,0.89,26.80,6.60
2009.02.23 07:47:31.422,0.88975,0.88995,22.80,1.20
2009.02.23 07:47:31.782,0.88975,0.88995,22.00,1.20
2009.02.23 07:47:32.192,0.8898,0.89,2.60,5.40
2009.02.23 07:47:32.421,0.88995,0.89,10.40,2.20
2009.02.23 07:47:32.772,0.88995,0.89005,10.40,3.00
2009.02.23 07:47:32.991,0.8898,0.89005,4.80,3.00
2009.02.23 07:47:37.400,0.8898,0.89005,7.40,3.00
2009.02.23 07:47:38.630,0.8898,0.89005,7.40,1.40
2009.02.23 07:47:40.579,0.8898,0.89005,7.40,3.00
2009.02.23 07:47:42.249,0.8898,0.89005,7.40,1.40
2009.02.23 07:47:42.659,0.8899,0.89005,2.60,1.00
2009.02.23 07:47:45.498,0.8899,0.89005,7.40,1.00
2009.02.23 07:47:45.619,0.8899,0.8901,7.40,1.80
2009.02.23 07:47:45.768,0.8899,0.8901,7.40,1.20
2009.02.23 07:47:47.488,0.8899,0.8901,2.60,2.20
2009.02.23 07:47:47.768,0.8898,0.89005,11.00,1.80
2009.02.23 07:47:48.048,0.8898,0.8901,7.40,8.60
2009.02.23 07:47:48.438,0.8898,0.89005,7.40,5.40
2009.02.23 07:47:49.578,0.8898,0.89005,7.40,3.00
2009.02.23 07:47:49.757,0.8898,0.8901,7.40,9.00
2009.02.23 07:47:49.997,0.8898,0.8901,7.40,7.40
2009.02.23 07:47:50.637,0.8898,0.8901,7.40,9.00
2009.02.23 07:47:52.167,0.88995,0.8901,2.60,2.80
2009.02.23 07:47:52.397,0.88995,0.8901,2.60,1.20
2009.02.23 07:47:52.447,0.88995,0.8901,2.60,3.00
2009.02.23 07:47:52.627,0.8899,0.8901,1.60,2.60
2009.02.23 07:47:52.807,0.8899,0.8901,1.00,4.60
2009.02.23 07:47:53.037,0.88975,0.8901,7.40,7.00
2009.02.23 07:47:53.097,0.88975,0.8901,7.40,8.60
2009.02.23 07:47:53.726,0.8898,0.89,2.60,2.60
2009.02.23 07:47:56.476,0.8898,0.8899,2.60,1.00
2009.02.23 07:47:56.816,0.8898,0.88995,2.60,2.60
2009.02.23 07:47:57.236,0.8898,0.89,2.60,5.80
2009.02.23 07:47:57.705,0.8898,0.89,2.60,4.20
2009.02.23 07:47:58.226,0.88975,0.8899,27.60,1.00
2009.02.23 07:47:58.565,0.8898,0.88995,2.60,2.60
2009.02.23 07:47:59.415,0.8898,0.89,2.60,3.80
2009.02.23 07:47:59.765,0.8898,0.88995,2.60,5.80
2009.02.23 07:48:00.055,0.8898,0.88995,2.60,3.00
2009.02.23 07:48:00.455,0.8898,0.88995,2.60,2.60
2009.02.23 07:48:00.975,0.8898,0.88995,2.60,4.20
2009.02.23 07:48:01.144,0.88975,0.88985,22.00,1.00
2009.02.23 07:48:01.365,0.88975,0.8899,22.00,2.60
2009.02.23 07:48:01.535,0.88975,0.8899,11.60,2.60
2009.02.23 07:48:01.824,0.88975,0.88995,11.60,4.60
2009.02.23 07:48:04.834,0.88975,0.88995,11.60,6.20
2009.02.23 07:48:05.124,0.88975,0.8899,11.60,3.20
2009.02.23 07:48:05.404,0.8897,0.8898,3.20,2.60
2009.02.23 07:48:05.903,0.8896,0.88985,4.80,2.60
2009.02.23 07:48:06.233,0.8896,0.88985,4.80,4.20
2009.02.23 07:48:06.583,0.8896,0.88985,4.80,8.20
2009.02.23 07:48:07.333,0.8896,0.88985,4.80,6.60
2009.02.23 07:48:07.623,0.8896,0.88985,4.80,8.20
2009.02.23 07:48:08.083,0.8896,0.88985,4.80,5.40
2009.02.23 07:48:08.423,0.8896,0.8899,8.80,5.40
2009.02.23 07:48:08.843,0.88965,0.8899,10.40,5.40
2009.02.23 07:48:09.252,0.88965,0.8899,10.40,7.00
2009.02.23 07:48:10.153,0.88965,0.8899,13.20,7.00
2009.02.23 07:48:10.742,0.8897,0.8899,7.40,2.20
2009.02.23 07:48:11.032,0.8897,0.88995,7.40,6.00
2009.02.23 07:48:11.452,0.8897,0.88995,13.20,2.20
2009.02.23 07:48:11.732,0.8897,0.89,13.20,5.40
2009.02.23 07:48:15.501,0.8897,0.89,13.20,7.00
2009.02.23 07:48:15.921,0.88975,0.89,2.80,7.00
2009.02.23 07:48:16.091,0.88975,0.89,2.80,5.40
2009.02.23 07:48:17.421,0.8897,0.89,14.00,3.00
2009.02.23 07:48:17.651,0.88975,0.89,2.80,3.00
2009.02.23 07:48:19.771,0.88975,0.89,2.80,1.20
2009.02.23 07:48:19.990,0.88975,0.89005,4.00,3.00
2009.02.23 07:48:20.600,0.88975,0.8901,4.00,8.80
2009.02.23 07:48:20.990,0.88975,0.89005,4.00,3.00
2009.02.23 07:48:21.350,0.88975,0.89005,2.00,1.20
2009.02.23 07:48:21.650,0.8897,0.89005,17.40,5.40
2009.02.23 07:48:21.950,0.88975,0.89005,9.00,2.20
2009.02.23 07:48:22.289,0.8898,0.89005,1.00,3.00
2009.02.23 07:48:22.619,0.8898,0.89015,4.00,6.80
2009.02.23 07:48:22.849,0.8898,0.89015,4.00,8.20
2009.02.23 07:48:23.379,0.8898,0.89015,6.80,8.20
2009.02.23 07:48:23.850,0.8898,0.89015,9.00,5.40
2009.02.23 07:48:24.349,0.8899,0.89015,4.00,2.00
2009.02.23 07:48:24.639,0.8899,0.8902,2.00,5.40
2009.02.23 07:48:25.039,0.8899,0.8902,4.00,5.40
2009.02.23 07:48:26.379,0.88995,0.89025,4.00,8.40
2009.02.23 07:48:28.208,0.88995,0.8901,4.00,1.00
2009.02.23 07:48:29.098,0.88995,0.8901,4.00,1.00
2009.02.23 07:48:29.379,0.8899,0.8901,11.60,1.00
2009.02.23 07:48:29.778,0.8899,0.8901,8.80,1.00
2009.02.23 07:48:31.008,0.88995,0.8901,3.20,1.00
2009.02.23 07:48:31.477,0.88995,0.8901,4.00,1.00
2009.02.23 07:48:34.317,0.88995,0.8901,2.00,1.00
2009.02.23 07:48:34.666,0.8899,0.8901,4.40,1.00
2009.02.23 07:48:35.016,0.88985,0.8901,11.60,1.00
2009.02.23 07:48:37.386,0.8899,0.8901,1.80,1.00
2009.02.23 07:48:37.616,0.8899,0.8901,4.00,1.00
2009.02.23 07:48:39.935,0.8899,0.8901,4.00,1.00
2009.02.23 07:48:40.215,0.88985,0.8901,4.00,1.00
2009.02.23 07:48:41.215,0.88985,0.8901,4.40,1.00
2009.02.23 07:48:41.495,0.8898,0.89015,17.40,6.60
2009.02.23 07:48:41.725,0.88985,0.89015,4.80,6.60
2009.02.23 07:48:42.115,0.88985,0.8901,4.40,2.60
2009.02.23 07:48:42.395,0.8898,0.89015,17.40,6.60
2009.02.23 07:48:43.165,0.8898,0.8901,11.60,2.60
2009.02.23 07:48:43.505,0.88985,0.8901,10.40,2.60
2009.02.23 07:48:43.684,0.88985,0.89015,10.40,8.40
2009.02.23 07:48:43.904,0.88985,0.89015,11.60,7.40
2009.02.23 07:48:44.084,0.88985,0.89015,13.60,5.80
2009.02.23 07:48:44.254,0.88985,0.89015,14.40,5.80
2009.02.23 07:48:44.494,0.88985,0.89015,14.40,5.40
2009.02.23 07:48:45.644,0.88985,0.89,11.20,1.00
2009.02.23 07:48:45.874,0.8898,0.89,7.40,1.00
2009.02.23 07:48:51.412,0.8899,0.89005,2.60,7.40
2009.02.23 07:48:51.652,0.8899,0.89005,7.40,6.40
2009.02.23 07:48:51.772,0.8899,0.89005,8.20,4.80
2009.02.23 07:48:51.892,0.88995,0.8901,13.60,1.80
2009.02.23 07:48:52.012,0.88995,0.8901,13.60,1.00
2009.02.23 07:48:52.372,0.88995,0.8901,14.40,1.00
2009.02.23 07:48:52.662,0.88995,0.8901,10.40,1.00
2009.02.23 07:48:54.542,0.88985,0.8901,14.40,1.00
2009.02.23 07:48:55.501,0.8899,0.8901,4.80,1.00
2009.02.23 07:48:55.852,0.8899,0.8901,8.00,1.00
2009.02.23 07:48:56.131,0.8899,0.8901,8.80,1.00
2009.02.23 07:48:56.711,0.88995,0.8901,4.80,1.00
2009.02.23 07:48:57.401,0.88995,0.89015,4.80,1.60
2009.02.23 07:48:57.511,0.88995,0.89015,3.20,1.40
2009.02.23 07:48:57.731,0.89,0.89015,1.00,1.40
2009.02.23 07:48:57.881,0.89,0.89015,1.80,1.60
2009.02.23 07:48:58.321,0.89005,0.8903,2.80,6.00
2009.02.23 07:48:58.611,0.89005,0.89035,6.00,2.60
2009.02.23 07:48:58.961,0.8901,0.8903,4.00,1.00
2009.02.23 07:48:59.371,0.8901,0.8903,4.00,1.00
2009.02.23 07:48:59.711,0.89005,0.89035,10.40,6.20
2009.02.23 07:49:00.010,0.89,0.89035,6.80,6.20
2009.02.23 07:49:01.240,0.89,0.89035,4.00,6.20
2009.02.23 07:49:01.570,0.89,0.8903,8.80,5.40
2009.02.23 07:49:01.800,0.89,0.8903,8.80,2.20
2009.02.23 07:49:02.190,0.89,0.8903,8.80,1.20
2009.02.23 07:49:02.582,0.89,0.8903,8.80,1.00
2009.02.23 07:49:04.249,0.89,0.89035,8.80,9.00
2009.02.23 07:49:05.219,0.89005,0.89035,10.40,9.00
2009.02.23 07:49:05.499,0.89005,0.8903,10.40,6.60
2009.02.23 07:49:06.009,0.89005,0.8903,10.40,5.40
2009.02.23 07:49:07.988,0.89005,0.8903,10.40,5.80
2009.02.23 07:49:09.128,0.89005,0.8902,10.40,1.60
2009.02.23 07:49:09.518,0.89005,0.8901,10.40,1.20
2009.02.23 07:49:09.758,0.89,0.8901,2.60,2.60
2009.02.23 07:49:10.048,0.89,0.89015,2.60,3.20
2009.02.23 07:49:10.278,0.89,0.89015,2.60,1.60
2009.02.23 07:49:10.678,0.89,0.89025,2.60,1.60
2009.02.23 07:49:11.078,0.89,0.8903,6.00,2.20
2009.02.23 07:49:11.527,0.89,0.89035,6.80,6.40
2009.02.23 07:49:11.868,0.89,0.89035,11.60,6.20
2009.02.23 07:49:12.157,0.89,0.89035,14.40,5.80
2009.02.23 07:49:13.427,0.89005,0.89035,4.80,5.80
2009.02.23 07:49:13.827,0.8901,0.8903,4.00,1.00
2009.02.23 07:49:13.937,0.89005,0.89035,3.60,3.40
2009.02.23 07:49:14.447,0.89005,0.89035,2.80,5.80
2009.02.23 07:49:14.737,0.89015,0.8903,8.20,1.00
2009.02.23 07:49:15.377,0.8901,0.8903,8.80,1.00
2009.02.23 07:49:15.767,0.8901,0.89035,1.00,3.40
2009.02.23 07:49:16.117,0.89,0.89035,12.60,5.80
2009.02.23 07:49:16.836,0.89005,0.89035,2.80,5.80
2009.02.23 07:49:18.836,0.89,0.8903,3.40,6.20
2009.02.23 07:49:19.276,0.89,0.8903,6.80,7.40
2009.02.23 07:49:19.546,0.89005,0.8903,8.60,9.80
2009.02.23 07:49:20.555,0.89,0.8903,6.80,9.80
2009.02.23 07:49:20.885,0.89,0.8903,2.60,9.80
2009.02.23 07:49:21.995,0.89,0.8903,2.60,8.20
2009.02.23 07:49:23.535,0.89,0.8902,2.60,1.60
2009.02.23 07:49:23.735,0.89,0.89015,2.60,2.60
2009.02.23 07:49:24.204,0.89,0.89015,2.60,1.20
2009.02.23 07:49:25.834,0.89,0.8903,2.60,8.20
2009.02.23 07:49:26.064,0.89,0.89025,2.60,1.60
2009.02.23 07:49:26.404,0.89,0.89025,6.00,1.60
2009.02.23 07:49:26.634,0.89,0.8903,6.80,9.80
2009.02.23 07:49:28.594,0.89,0.8903,3.40,10.00
2009.02.23 07:49:28.933,0.89,0.89025,7.40,2.60
2009.02.23 07:49:30.703,0.89,0.89025,11.60,2.60
2009.02.23 07:49:31.153,0.89,0.8902,2.60,1.20
2009.02.23 07:49:31.383,0.88995,0.8902,8.80,1.20
2009.02.23 07:49:31.613,0.88995,0.8902,4.80,1.20
2009.02.23 07:49:32.683,0.88995,0.8902,4.80,2.60
2009.02.23 07:49:32.912,0.8899,0.8902,2.00,2.20
2009.02.23 07:49:33.202,0.8899,0.8902,4.00,5.80
2009.02.23 07:49:33.252,0.88985,0.8901,8.80,1.20
2009.02.23 07:49:34.932,0.8899,0.89015,4.80,2.60
2009.02.23 07:49:35.444,0.88995,0.8902,4.80,6.60
2009.02.23 07:49:36.352,0.88985,0.8902,14.60,6.60
2009.02.23 07:49:36.742,0.88985,0.8901,8.80,1.20
2009.02.23 07:49:38.281,0.8899,0.89015,2.80,2.20
2009.02.23 07:49:38.622,0.88995,0.8902,3.20,2.20
2009.02.23 07:49:38.901,0.88995,0.89025,2.00,9.40
2009.02.23 07:49:39.121,0.8899,0.89025,9.80,9.40
2009.02.23 07:49:39.511,0.8899,0.89025,4.00,10.00
2009.02.23 07:49:40.011,0.88985,0.89015,6.80,1.20
2009.02.23 07:49:42.010,0.88985,0.89015,4.00,1.20
2009.02.23 07:49:42.350,0.88985,0.89015,2.00,2.20
2009.02.23 07:49:42.530,0.8898,0.89015,14.40,6.80
2009.02.23 07:49:42.700,0.8898,0.8901,14.40,2.60
2009.02.23 07:49:42.930,0.8898,0.8901,11.60,6.80
2009.02.23 07:49:43.280,0.8898,0.89005,7.40,2.60
2009.02.23 07:49:45.149,0.8898,0.89,2.60,1.20
2009.02.23 07:49:48.079,0.88985,0.89005,4.80,4.00
2009.02.23 07:49:48.319,0.8898,0.8901,7.40,10.20
2009.02.23 07:49:48.439,0.8898,0.8901,7.40,8.60
2009.02.23 07:49:49.628,0.8898,0.8901,7.40,8.20
2009.02.23 07:49:50.518,0.88985,0.8901,5.20,8.20
2009.02.23 07:49:50.798,0.88985,0.89005,5.20,5.40
2009.02.23 07:49:51.478,0.8898,0.89005,7.40,5.40
2009.02.23 07:49:51.858,0.88985,0.89005,5.20,5.40
2009.02.23 07:49:52.508,0.88985,0.8901,5.20,8.20
2009.02.23 07:49:57.207,0.88985,0.89005,5.20,1.80
2009.02.23 07:49:57.377,0.88985,0.89005,5.20,5.40
2009.02.23 07:50:00.746,0.88985,0.88995,5.20,1.00
2009.02.23 07:50:01.036,0.88985,0.89,5.20,5.40
2009.02.23 07:50:01.446,0.8898,0.89,2.60,6.60
2009.02.23 07:50:01.736,0.8898,0.89,7.40,4.40
2009.02.23 07:50:01.966,0.8898,0.89005,7.40,8.60
2009.02.23 07:50:02.475,0.88975,0.89,10.80,4.20
2009.02.23 07:50:02.885,0.8897,0.8899,2.60,1.20
2009.02.23 07:50:03.065,0.8897,0.8898,2.60,1.00
2009.02.23 07:50:04.095,0.8897,0.8899,2.60,7.00
2009.02.23 07:50:05.175,0.8897,0.8899,2.60,13.60
2009.02.23 07:50:05.515,0.8897,0.88985,2.60,2.00
2009.02.23 07:50:07.224,0.8897,0.88985,2.60,5.20
2009.02.23 07:50:07.674,0.8897,0.88985,2.60,2.00
2009.02.23 07:50:08.984,0.8897,0.88985,2.60,5.00
2009.02.23 07:50:09.094,0.8897,0.88985,2.60,5.80
2009.02.23 07:50:10.593,0.8897,0.88985,2.60,7.00
2009.02.23 07:50:11.003,0.8896,0.8898,4.80,3.00
2009.02.23 07:50:11.403,0.8896,0.8898,4.80,8.60
2009.02.23 07:50:11.513,0.8896,0.8898,4.80,9.00
2009.02.23 07:50:11.803,0.8896,0.8898,4.80,5.20
2009.02.23 07:50:12.034,0.8896,0.8898,4.80,2.00
2009.02.23 07:50:12.213,0.88955,0.8898,18.20,4.60
2009.02.23 07:50:12.893,0.88955,0.88975,13.40,4.00
2009.02.23 07:50:13.233,0.88955,0.88975,13.40,3.00
2009.02.23 07:50:13.463,0.88955,0.88975,13.00,2.00
2009.02.23 07:50:17.002,0.88955,0.88975,13.00,1.60
2009.02.23 07:50:17.172,0.88965,0.88975,2.60,2.00
2009.02.23 07:50:19.321,0.88965,0.8898,2.60,2.20
2009.02.23 07:50:19.601,0.88965,0.88985,2.60,6.20
2009.02.23 07:50:21.511,0.88965,0.88985,7.40,5.20
2009.02.23 07:50:22.191,0.88965,0.88985,2.60,6.20
2009.02.23 07:50:22.710,0.88965,0.8898,2.60,2.00
2009.02.23 07:50:26.260,0.88965,0.8898,2.60,1.00
2009.02.23 07:50:33.638,0.88965,0.8898,7.40,1.00
2009.02.23 07:50:34.088,0.88965,0.8898,17.80,1.00
2009.02.23 07:50:34.318,0.88965,0.8898,20.80,1.00
2009.02.23 07:50:35.008,0.88965,0.88985,20.80,1.60
2009.02.23 07:50:35.408,0.88965,0.8899,20.80,5.40
2009.02.23 07:50:36.097,0.88965,0.8899,20.80,5.80
2009.02.23 07:50:36.787,0.88965,0.8899,17.80,5.40
2009.02.23 07:50:41.696,0.88965,0.8899,17.80,2.20
2009.02.23 07:50:41.866,0.88965,0.88995,17.80,6.20
2009.02.23 07:50:48.364,0.88965,0.8898,17.80,11.00
2009.02.23 07:50:48.484,0.8896,0.88975,1.60,3.40
2009.02.23 07:50:48.654,0.88965,0.88975,4.80,3.40
2009.02.23 07:50:49.164,0.88965,0.8897,4.80,2.20
2009.02.23 07:50:49.554,0.88965,0.8897,2.60,2.20
2009.02.23 07:50:49.894,0.88965,0.8899,7.40,9.60
2009.02.23 07:50:50.174,0.88965,0.89,17.80,11.00
2009.02.23 07:50:50.404,0.88965,0.89,17.80,9.40
2009.02.23 07:50:53.333,0.88965,0.88995,19.20,9.40
2009.02.23 07:50:53.723,0.88965,0.88995,22.00,9.00
2009.02.23 07:50:54.543,0.88965,0.88995,20.60,9.00
2009.02.23 07:50:54.823,0.88965,0.8899,18.60,2.60
2009.02.23 07:50:55.093,0.88965,0.8899,17.80,2.60
2009.02.23 07:50:55.422,0.88965,0.88985,13.00,3.20
2009.02.23 07:50:55.872,0.88965,0.88985,13.00,9.00
2009.02.23 07:50:56.212,0.88965,0.8898,2.60,2.60
2009.02.23 07:50:56.333,0.88965,0.8898,2.60,3.00
2009.02.23 07:50:57.782,0.88965,0.8898,2.60,6.20
2009.02.23 07:50:58.462,0.88965,0.8897,2.60,1.20
2009.02.23 07:50:58.742,0.8895,0.8897,2.80,2.60
2009.02.23 07:51:00.421,0.8895,0.8897,5.60,2.60
2009.02.23 07:51:01.031,0.88945,0.8897,2.80,2.60
2009.02.23 07:51:01.321,0.8894,0.8897,6.40,8.20
2009.02.23 07:51:01.551,0.8894,0.88965,6.40,1.80
2009.02.23 07:51:01.841,0.8894,0.88965,2.80,5.40
2009.02.23 07:51:02.011,0.8893,0.8896,6.40,3.00
2009.02.23 07:51:02.311,0.88945,0.8896,4.80,5.40
2009.02.23 07:51:02.731,0.88935,0.8897,4.00,1.60
2009.02.23 07:51:03.021,0.88925,0.88965,9.80,5.40
2009.02.23 07:51:03.301,0.8893,0.8896,9.80,3.00
2009.02.23 07:51:03.471,0.8893,0.88955,6.00,2.20
2009.02.23 07:51:03.691,0.88925,0.88955,9.60,5.40
2009.02.23 07:51:04.890,0.88925,0.88955,10.40,5.40
2009.02.23 07:51:06.080,0.88925,0.8896,10.40,8.20
2009.02.23 07:51:06.640,0.88925,0.8896,10.40,7.00
2009.02.23 07:51:06.970,0.88925,0.8896,13.40,5.40
2009.02.23 07:51:07.430,0.88925,0.8896,10.40,6.60
2009.02.23 07:51:07.770,0.88925,0.8896,7.60,8.40
2009.02.23 07:51:08.170,0.88935,0.8895,4.00,1.00
2009.02.23 07:51:08.510,0.8893,0.8896,8.80,5.00
2009.02.23 07:51:08.979,0.8893,0.88955,2.00,2.80
2009.02.23 07:51:09.429,0.88925,0.88955,13.80,8.60
2009.02.23 07:51:10.019,0.88925,0.88955,13.80,7.00
2009.02.23 07:51:10.309,0.88925,0.8895,13.80,1.20
2009.02.23 07:51:10.589,0.88925,0.8894,13.80,2.60
2009.02.23 07:51:11.059,0.88925,0.88935,13.80,1.20
2009.02.23 07:51:11.709,0.88925,0.88945,16.80,3.00
2009.02.23 07:51:12.189,0.88925,0.88955,20.00,6.20
2009.02.23 07:51:12.468,0.88925,0.8896,23.00,10.20
2009.02.23 07:51:13.039,0.8893,0.8896,4.00,10.20
2009.02.23 07:51:13.458,0.8893,0.8896,1.80,10.20
2009.02.23 07:51:13.868,0.8893,0.8896,6.80,10.20
2009.02.23 07:51:14.138,0.8893,0.8896,11.60,7.00
2009.02.23 07:51:14.358,0.8893,0.8896,11.60,4.60
2009.02.23 07:51:15.038,0.8893,0.8896,6.80,4.60
2009.02.23 07:51:15.388,0.8893,0.8896,4.00,5.80
2009.02.23 07:51:15.898,0.8893,0.8896,4.00,10.20
2009.02.23 07:51:16.247,0.88925,0.88945,13.80,2.60
2009.02.23 07:51:16.598,0.88935,0.88945,2.60,1.20
2009.02.23 07:51:16.937,0.88935,0.88945,1.00,2.60
2009.02.23 07:51:17.277,0.88925,0.88945,24.80,1.60
2009.02.23 07:51:17.747,0.88925,0.8896,24.80,10.20
2009.02.23 07:51:18.157,0.8893,0.8896,6.80,4.60
2009.02.23 07:51:18.487,0.8893,0.8896,6.80,10.20
2009.02.23 07:51:19.327,0.8893,0.8896,6.80,7.00
2009.02.23 07:51:19.737,0.8893,0.8896,9.80,5.40
2009.02.23 07:51:20.077,0.8893,0.88965,9.80,7.00
2009.02.23 07:51:21.346,0.88935,0.88965,2.80,7.00
2009.02.23 07:51:21.816,0.88935,0.88965,4.60,7.00
2009.02.23 07:51:22.306,0.8894,0.8897,2.80,5.40
2009.02.23 07:51:23.526,0.8894,0.8897,6.00,5.40
2009.02.23 07:51:23.856,0.8894,0.8897,6.80,3.60
2009.02.23 07:51:24.256,0.8894,0.8897,6.80,2.20
2009.02.23 07:51:24.486,0.8894,0.88975,6.80,5.80
2009.02.23 07:51:26.285,0.8894,0.88975,6.80,9.00
2009.02.23 07:51:27.725,0.8894,0.88975,6.80,5.80
2009.02.23 07:51:28.005,0.88945,0.88975,3.20,2.20
2009.02.23 07:51:28.225,0.88945,0.88975,4.00,3.40
2009.02.23 07:51:28.444,0.8894,0.88975,6.80,5.80
2009.02.23 07:51:28.605,0.8894,0.88975,6.80,5.40
2009.02.23 07:51:30.354,0.8894,0.88975,9.80,8.60
2009.02.23 07:51:30.764,0.8894,0.88975,6.80,5.80
2009.02.23 07:51:31.854,0.88945,0.88975,3.20,5.40
2009.02.23 07:51:32.434,0.88945,0.8898,9.80,8.60
2009.02.23 07:51:33.063,0.88955,0.8898,4.00,3.20
2009.02.23 07:51:33.343,0.88955,0.88985,4.00,3.20
2009.02.23 07:51:34.323,0.8895,0.88985,6.80,8.60
2009.02.23 07:51:35.523,0.8895,0.88985,4.00,9.00
2009.02.23 07:51:36.392,0.8895,0.8898,4.00,3.00
2009.02.23 07:51:36.803,0.88945,0.8898,9.80,5.40
2009.02.23 07:51:39.262,0.88945,0.8898,6.80,5.40
2009.02.23 07:51:39.562,0.88945,0.8898,11.60,5.40
2009.02.23 07:51:39.852,0.8895,0.88985,4.00,15.40
2009.02.23 07:51:40.182,0.8895,0.88985,4.00,10.80
2009.02.23 07:51:40.931,0.8895,0.88985,4.00,9.40
2009.02.23 07:51:41.392,0.8895,0.88985,6.80,9.00
2009.02.23 07:51:42.201,0.88955,0.88975,3.20,1.00
2009.02.23 07:51:42.551,0.8895,0.8898,6.80,3.20
2009.02.23 07:51:42.901,0.88955,0.8898,3.20,3.20
2009.02.23 07:51:43.141,0.88955,0.8898,4.00,3.20
2009.02.23 07:51:44.700,0.88955,0.8898,6.80,3.20
2009.02.23 07:51:45.091,0.8896,0.8898,1.80,3.20
2009.02.23 07:51:45.320,0.8896,0.8899,4.00,8.60
2009.02.23 07:51:45.560,0.8896,0.8899,4.00,8.60
2009.02.23 07:51:45.901,0.8896,0.8899,1.80,7.40
2009.02.23 07:51:46.240,0.8896,0.8899,4.00,3.20
2009.02.23 07:51:46.570,0.88955,0.8899,6.80,8.60
2009.02.23 07:51:47.650,0.88955,0.88985,4.00,3.00
2009.02.23 07:51:48.040,0.88955,0.88985,6.80,2.20
2009.02.23 07:51:48.500,0.8896,0.8899,4.00,3.20
2009.02.23 07:51:49.139,0.8896,0.8899,4.00,6.20
2009.02.23 07:51:49.579,0.8896,0.8899,4.00,8.60
2009.02.23 07:51:50.140,0.8896,0.88985,4.00,3.20
2009.02.23 07:51:50.549,0.8896,0.8899,2.00,4.20
2009.02.23 07:51:50.909,0.88955,0.8899,6.80,9.00
2009.02.23 07:51:51.229,0.88955,0.8899,6.80,8.40
2009.02.23 07:51:54.928,0.88955,0.88985,6.80,5.00
2009.02.23 07:51:55.278,0.8895,0.8898,5.60,7.00
2009.02.23 07:51:55.678,0.8895,0.8898,9.80,3.20
2009.02.23 07:51:56.948,0.8895,0.8898,6.80,6.20
2009.02.23 07:51:57.128,0.8895,0.8898,4.00,8.60
2009.02.23 07:51:57.747,0.8895,0.88975,4.00,2.60
2009.02.23 07:51:58.087,0.88945,0.88975,11.60,7.40
2009.02.23 07:51:58.257,0.88945,0.8897,8.40,2.60
2009.02.23 07:51:58.427,0.88945,0.8897,5.60,2.60
2009.02.23 07:51:58.627,0.88945,0.8897,8.80,7.40
2009.02.23 07:51:59.127,0.88945,0.8897,8.80,2.60
2009.02.23 07:52:00.317,0.88945,0.8897,5.60,2.60
2009.02.23 07:52:00.497,0.88945,0.8897,4.80,2.60
2009.02.23 07:52:00.927,0.88945,0.8897,4.80,7.40
2009.02.23 07:52:01.337,0.88945,0.8897,6.80,7.40
2009.02.23 07:52:01.797,0.88945,0.8897,8.00,7.40
2009.02.23 07:52:02.196,0.88945,0.8897,8.80,7.40
2009.02.23 07:52:02.726,0.88945,0.8897,8.80,5.80
2009.02.23 07:52:02.836,0.88945,0.8897,5.60,2.60
2009.02.23 07:52:03.066,0.88945,0.88965,4.00,2.60
2009.02.23 07:52:03.186,0.8894,0.88965,11.60,7.40
2009.02.23 07:52:03.406,0.8894,0.88965,6.80,7.40
2009.02.23 07:52:03.526,0.88945,0.88965,10.40,7.40
2009.02.23 07:52:03.586,0.8894,0.88965,6.80,7.40
2009.02.23 07:52:03.706,0.8894,0.88965,3.60,7.40
2009.02.23 07:52:03.826,0.8894,0.8896,3.60,4.80
2009.02.23 07:52:03.996,0.8894,0.8896,8.40,4.80
2009.02.23 07:52:04.516,0.8894,0.8896,3.20,7.40
2009.02.23 07:52:04.806,0.88935,0.8896,19.20,7.40
2009.02.23 07:52:05.086,0.88935,0.88955,17.20,4.80
2009.02.23 07:52:05.306,0.88935,0.88955,4.80,4.80
2009.02.23 07:52:05.606,0.88935,0.88955,15.20,4.80
2009.02.23 07:52:06.675,0.88935,0.88955,4.80,4.80
2009.02.23 07:52:07.965,0.88935,0.88955,13.60,1.20
2009.02.23 07:52:08.075,0.88935,0.88955,11.60,1.20
2009.02.23 07:52:08.425,0.88935,0.88955,10.40,1.20
2009.02.23 07:52:10.245,0.88935,0.88955,10.40,4.80
2009.02.23 07:52:13.414,0.88935,0.8895,10.40,1.20
2009.02.23 07:52:14.024,0.8893,0.8895,4.00,1.20
2009.02.23 07:52:14.544,0.88935,0.8895,4.00,1.20
2009.02.23 07:52:14.663,0.88935,0.8896,11.60,2.60
2009.02.23 07:52:15.003,0.88935,0.8896,4.80,6.60
2009.02.23 07:52:15.363,0.88935,0.8896,4.80,1.80
2009.02.23 07:52:15.823,0.88935,0.8896,4.80,6.60
2009.02.23 07:52:17.283,0.8894,0.88965,4.80,18.20
2009.02.23 07:52:17.553,0.88935,0.8896,8.80,1.80
2009.02.23 07:52:17.913,0.88935,0.8896,5.60,1.80
2009.02.23 07:52:18.133,0.88935,0.8896,4.80,1.80
2009.02.23 07:52:18.592,0.88935,0.8896,6.60,1.80
2009.02.23 07:52:18.883,0.88935,0.8896,8.80,2.60
2009.02.23 07:52:19.142,0.88935,0.88955,8.80,1.00
2009.02.23 07:52:19.362,0.88935,0.88955,5.60,1.00
2009.02.23 07:52:19.542,0.88935,0.88955,15.20,1.60
2009.02.23 07:52:19.842,0.88935,0.88955,15.20,4.80
2009.02.23 07:52:21.292,0.88935,0.8896,18.40,6.60
2009.02.23 07:52:21.572,0.8894,0.88965,4.80,11.00
2009.02.23 07:52:21.872,0.8894,0.88965,4.80,7.80
2009.02.23 07:52:22.162,0.8894,0.88965,4.80,4.20
2009.02.23 07:52:22.442,0.8894,0.88965,8.80,1.20
2009.02.23 07:52:24.451,0.8894,0.88965,5.60,1.80
2009.02.23 07:52:24.731,0.8894,0.88965,5.60,4.60
2009.02.23 07:52:24.961,0.8894,0.88965,4.80,10.20
2009.02.23 07:52:25.261,0.8894,0.88965,4.80,6.60
2009.02.23 07:52:25.541,0.8894,0.8895,4.80,1.00
2009.02.23 07:52:25.881,0.8894,0.88975,4.80,10.60
2009.02.23 07:52:26.161,0.8894,0.88975,4.80,6.60
2009.02.23 07:52:26.401,0.88945,0.88975,4.80,3.20
2009.02.23 07:52:27.180,0.88945,0.8897,4.80,5.80
2009.02.23 07:52:27.470,0.8894,0.88965,5.60,2.60
2009.02.23 07:52:27.770,0.8894,0.88965,4.80,2.60
2009.02.23 07:52:28.180,0.8894,0.88965,4.80,7.40
2009.02.23 07:52:28.590,0.8894,0.88965,4.80,6.60
2009.02.23 07:52:28.810,0.8894,0.88965,4.80,7.40
2009.02.23 07:52:29.100,0.8894,0.88965,4.80,8.80
2009.02.23 07:52:29.570,0.8894,0.88965,4.80,2.60
2009.02.23 07:52:30.080,0.8894,0.88965,4.80,7.40
2009.02.23 07:52:31.779,0.88945,0.8897,4.80,11.80
2009.02.23 07:52:35.508,0.8895,0.8897,4.80,8.60
2009.02.23 07:52:35.798,0.8895,0.8897,4.80,3.20
2009.02.23 07:52:36.138,0.8895,0.8897,4.80,3.60
2009.02.23 07:52:36.798,0.8895,0.8897,4.80,3.20
2009.02.23 07:52:37.028,0.8895,0.88975,4.80,5.80
2009.02.23 07:52:37.668,0.88945,0.8897,5.60,2.60
2009.02.23 07:52:38.078,0.88945,0.8897,4.80,7.40
2009.02.23 07:52:39.647,0.8895,0.88975,4.80,20.60
2009.02.23 07:52:40.057,0.8895,0.88975,4.80,19.00
2009.02.23 07:52:40.678,0.88945,0.88975,8.80,20.60
2009.02.23 07:52:41.027,0.88945,0.8897,8.80,3.20
2009.02.23 07:52:41.437,0.88945,0.88975,16.00,10.20
2009.02.23 07:52:41.787,0.88945,0.88975,15.20,10.20
2009.02.23 07:52:45.096,0.88945,0.8897,15.20,3.20
2009.02.23 07:52:45.326,0.88945,0.8897,4.80,3.20
2009.02.23 07:52:45.736,0.88955,0.88975,4.80,8.00
2009.02.23 07:52:45.966,0.88955,0.88975,5.60,3.60
2009.02.23 07:52:46.316,0.8895,0.88975,4.80,7.00
2009.02.23 07:52:46.656,0.8895,0.88975,4.80,3.80
2009.02.23 07:52:47.036,0.8895,0.8897,5.60,3.20
2009.02.23 07:52:47.275,0.8895,0.8897,4.80,3.20
2009.02.23 07:52:47.565,0.8895,0.88975,4.80,4.60
2009.02.23 07:52:51.135,0.88945,0.88975,22.00,4.60
2009.02.23 07:52:51.425,0.88945,0.88975,22.00,10.20
2009.02.23 07:52:52.604,0.88945,0.88975,19.20,10.20
2009.02.23 07:52:53.234,0.8895,0.88975,4.80,10.20
2009.02.23 07:52:53.634,0.88955,0.88975,4.80,6.00
2009.02.23 07:52:53.944,0.88955,0.88975,4.80,3.60
2009.02.23 07:52:54.284,0.8895,0.88975,4.80,4.60
2009.02.23 07:52:54.515,0.8895,0.88975,4.80,20.60
2009.02.23 07:52:54.794,0.8895,0.88975,4.80,7.00
2009.02.23 07:52:57.164,0.88945,0.8897,19.20,7.40
2009.02.23 07:52:57.333,0.8895,0.88975,4.80,8.60
2009.02.23 07:52:57.493,0.88945,0.8897,19.20,5.80
2009.02.23 07:52:57.893,0.88945,0.8897,19.20,2.60
2009.02.23 07:52:58.303,0.8895,0.88975,4.80,4.60
2009.02.23 07:52:58.583,0.8895,0.88975,4.80,7.00
2009.02.23 07:53:01.452,0.8895,0.8897,4.80,4.80
2009.02.23 07:53:01.802,0.8895,0.88975,4.80,7.80
2009.02.23 07:53:02.432,0.8895,0.88975,4.80,3.80
2009.02.23 07:53:02.722,0.8895,0.88975,4.80,7.00
2009.02.23 07:53:03.052,0.88945,0.8897,22.00,7.40
2009.02.23 07:53:03.331,0.88945,0.8897,19.20,7.40
2009.02.23 07:53:03.542,0.8895,0.88975,4.80,8.60
2009.02.23 07:53:04.131,0.8895,0.88975,4.80,7.00
2009.02.23 07:53:04.301,0.88945,0.88975,22.00,7.00
2009.02.23 07:53:04.591,0.88945,0.88965,14.40,2.60
2009.02.23 07:53:04.941,0.88945,0.88965,10.40,4.20
2009.02.23 07:53:05.282,0.88935,0.8896,15.20,2.60
2009.02.23 07:53:05.621,0.88935,0.8896,4.80,7.40
2009.02.23 07:53:07.761,0.88935,0.88955,4.80,4.80
2009.02.23 07:53:07.991,0.88935,0.8896,4.80,1.80
2009.02.23 07:53:08.330,0.88935,0.8896,4.80,6.60
2009.02.23 07:53:08.950,0.88935,0.8896,4.80,5.80
2009.02.23 07:53:11.360,0.8894,0.88965,4.80,14.20
2009.02.23 07:53:11.820,0.8894,0.88965,8.00,7.40
2009.02.23 07:53:12.110,0.8894,0.88965,8.80,7.40
2009.02.23 07:53:12.440,0.8894,0.88965,5.60,7.40
2009.02.23 07:53:12.779,0.8894,0.88965,4.80,7.40
2009.02.23 07:53:13.249,0.88945,0.8897,4.80,7.40
2009.02.23 07:53:13.589,0.88945,0.8897,4.80,5.00
2009.02.23 07:53:13.929,0.88945,0.8897,4.80,8.40
2009.02.23 07:53:14.159,0.88945,0.8897,8.00,5.80
2009.02.23 07:53:14.379,0.88945,0.8897,8.80,5.80
2009.02.23 07:53:14.869,0.88945,0.88965,4.00,1.20
2009.02.23 07:53:15.159,0.8894,0.88965,8.80,1.20
2009.02.23 07:53:15.549,0.8894,0.88965,8.80,5.80
2009.02.23 07:53:15.839,0.8894,0.8896,4.00,4.80
2009.02.23 07:53:16.109,0.8894,0.8896,4.80,4.80
2009.02.23 07:53:16.619,0.8894,0.88965,4.80,3.40
2009.02.23 07:53:17.128,0.8894,0.88965,4.80,6.60
2009.02.23 07:53:18.668,0.8894,0.88965,4.80,5.80
2009.02.23 07:53:19.408,0.88945,0.8897,4.80,7.00
2009.02.23 07:53:19.748,0.8895,0.8897,4.80,8.40
2009.02.23 07:53:20.218,0.8895,0.88975,4.80,8.80
2009.02.23 07:53:20.568,0.8895,0.88975,4.80,6.60
2009.02.23 07:53:20.957,0.8895,0.8897,4.80,4.80
2009.02.23 07:53:21.227,0.88945,0.8897,4.80,7.40
2009.02.23 07:53:21.577,0.88945,0.8897,15.20,7.40
2009.02.23 07:53:23.967,0.88945,0.8897,4.80,7.40
2009.02.23 07:53:25.037,0.88945,0.8897,8.00,7.40
2009.02.23 07:53:25.277,0.88945,0.8897,8.80,7.40
2009.02.23 07:53:25.896,0.88945,0.8897,4.80,7.40
2009.02.23 07:53:26.426,0.88945,0.88975,4.80,9.00
2009.02.23 07:53:26.776,0.88945,0.88975,4.80,5.40
2009.02.23 07:53:27.066,0.88945,0.8898,8.80,10.80
2009.02.23 07:53:27.416,0.88945,0.8898,8.80,15.60
2009.02.23 07:53:28.266,0.88945,0.8898,8.80,12.40
2009.02.23 07:53:28.965,0.88945,0.8897,8.80,5.80
2009.02.23 07:53:29.195,0.8895,0.88975,7.40,4.20
2009.02.23 07:53:29.515,0.8895,0.8898,5.60,16.40
2009.02.23 07:53:29.835,0.88945,0.8898,8.80,9.00
2009.02.23 07:53:30.175,0.88945,0.8898,8.80,7.60
2009.02.23 07:53:32.925,0.88945,0.8898,8.80,12.40
2009.02.23 07:53:33.384,0.88945,0.8898,8.80,14.00
2009.02.23 07:53:34.484,0.88945,0.8898,11.60,13.80
2009.02.23 07:53:34.604,0.8895,0.8898,4.80,12.20
2009.02.23 07:53:34.834,0.8895,0.8898,4.80,11.60
2009.02.23 07:53:35.004,0.8896,0.88985,4.80,9.60
2009.02.23 07:53:35.424,0.88965,0.88985,2.60,9.40
2009.02.23 07:53:35.654,0.88955,0.8898,8.80,6.60
2009.02.23 07:53:35.934,0.88955,0.8898,6.00,6.60
2009.02.23 07:53:36.354,0.8895,0.88975,4.80,1.40
2009.02.23 07:53:36.744,0.8895,0.88975,8.00,1.60
2009.02.23 07:53:37.383,0.88955,0.88985,4.00,3.80
2009.02.23 07:53:38.593,0.88955,0.88985,4.00,6.80
2009.02.23 07:53:38.823,0.88955,0.8898,9.40,6.60
2009.02.23 07:53:39.163,0.88955,0.8898,8.00,6.60
2009.02.23 07:53:39.343,0.88955,0.8898,8.80,6.60
2009.02.23 07:53:41.743,0.88955,0.88975,4.00,1.40
2009.02.23 07:53:42.132,0.88955,0.88975,4.80,1.60
2009.02.23 07:53:42.422,0.88955,0.8898,4.80,4.20
2009.02.23 07:53:43.122,0.88965,0.8898,2.60,4.20
2009.02.23 07:53:43.402,0.88965,0.88985,2.60,19.80
2009.02.23 07:53:43.692,0.8896,0.8898,1.00,4.60
2009.02.23 07:53:44.042,0.88955,0.8898,4.80,4.60
2009.02.23 07:53:44.682,0.88955,0.88975,4.80,4.80
2009.02.23 07:53:45.072,0.88955,0.8898,4.80,6.60
2009.02.23 07:53:46.551,0.8895,0.88965,8.80,1.00
2009.02.23 07:53:46.831,0.8895,0.88975,5.60,2.60
2009.02.23 07:53:47.061,0.88955,0.8897,4.80,1.60
2009.02.23 07:53:47.461,0.8895,0.8898,4.00,1.60
2009.02.23 07:53:47.801,0.88945,0.88975,19.20,3.20
2009.02.23 07:53:48.191,0.88945,0.88975,8.80,3.20
2009.02.23 07:53:50.900,0.88945,0.8897,8.80,5.80
2009.02.23 07:53:54.149,0.88945,0.8897,5.60,5.80
2009.02.23 07:53:54.319,0.88945,0.8897,4.80,5.80
2009.02.23 07:53:58.988,0.88945,0.8897,6.60,5.80
2009.02.23 07:53:59.088,0.88945,0.8897,8.00,5.80
2009.02.23 07:53:59.148,0.88945,0.88975,8.00,10.20
2009.02.23 07:53:59.268,0.8895,0.88975,4.80,10.20
2009.02.23 07:53:59.378,0.8895,0.88975,4.80,9.00
2009.02.23 07:53:59.558,0.8895,0.88975,4.80,7.80
2009.02.23 07:53:59.608,0.8895,0.88975,4.80,3.60
2009.02.23 07:53:59.668,0.8895,0.88975,6.60,3.20
2009.02.23 07:53:59.788,0.8895,0.88975,8.00,3.20
2009.02.23 07:53:59.958,0.8895,0.8898,8.80,4.60
2009.02.23 07:54:00.818,0.8895,0.88975,4.00,1.20
2009.02.23 07:54:01.128,0.8895,0.88975,4.00,5.80
2009.02.23 07:54:01.589,0.88945,0.88975,11.60,5.80
2009.02.23 07:54:02.328,0.88945,0.88975,11.60,4.20
2009.02.23 07:54:06.797,0.88945,0.88975,11.60,5.80
2009.02.23 07:54:10.226,0.88945,0.88975,14.60,5.80
2009.02.23 07:54:10.456,0.88945,0.8898,14.60,10.20
2009.02.23 07:54:11.155,0.8895,0.8898,6.00,10.20
2009.02.23 07:54:11.495,0.8895,0.8898,8.80,9.00
2009.02.23 07:54:11.845,0.8895,0.8898,8.80,3.20
2009.02.23 07:54:12.195,0.88955,0.88985,4.00,9.20
2009.02.23 07:54:14.564,0.88955,0.88985,6.80,9.00
2009.02.23 07:54:14.805,0.8896,0.88985,4.80,6.60
2009.02.23 07:54:15.134,0.8896,0.88985,4.80,5.40
2009.02.23 07:54:15.414,0.8896,0.88985,4.80,11.00
2009.02.23 07:54:17.594,0.8897,0.88985,2.60,11.00
2009.02.23 07:54:17.774,0.8897,0.88985,2.60,9.80
2009.02.23 07:54:18.034,0.8897,0.88985,2.60,8.00
2009.02.23 07:54:18.264,0.88965,0.88985,4.80,3.60
2009.02.23 07:54:22.243,0.88975,0.88985,2.60,3.60
2009.02.23 07:54:22.802,0.8897,0.88985,5.60,3.60
2009.02.23 07:54:23.092,0.8897,0.88985,1.00,3.60
2009.02.23 07:54:23.372,0.88965,0.88985,8.20,3.60
2009.02.23 07:54:24.692,0.88965,0.88985,4.80,3.60
2009.02.23 07:54:24.933,0.8896,0.88975,4.80,3.20
2009.02.23 07:54:26.042,0.8896,0.88975,5.60,3.20
2009.02.23 07:54:26.392,0.8896,0.8898,5.60,3.60
2009.02.23 07:54:28.081,0.8896,0.8898,4.80,3.60
2009.02.23 07:54:29.931,0.88955,0.88975,4.80,3.20
2009.02.23 07:54:30.361,0.8896,0.88975,4.80,3.20
2009.02.23 07:54:30.531,0.8896,0.8898,4.80,3.20
2009.02.23 07:54:30.761,0.8896,0.88975,4.80,3.20
2009.02.23 07:54:34.180,0.88955,0.88975,19.20,3.20
2009.02.23 07:54:34.350,0.88955,0.88975,15.20,3.20
2009.02.23 07:54:35.809,0.88955,0.88975,10.40,3.20
2009.02.23 07:54:36.199,0.88955,0.88975,10.40,4.20
2009.02.23 07:54:36.609,0.8895,0.88975,8.80,4.20
2009.02.23 07:54:37.779,0.8895,0.88975,4.80,4.20
2009.02.23 07:54:38.709,0.8895,0.88975,6.60,4.20
2009.02.23 07:54:38.998,0.8895,0.88975,8.80,4.20
2009.02.23 07:54:39.469,0.88955,0.88975,7.40,3.20
2009.02.23 07:54:39.828,0.88955,0.8897,2.60,2.00
2009.02.23 07:54:40.158,0.8895,0.8897,4.00,1.60
2009.02.23 07:54:40.438,0.8895,0.88975,4.00,3.20
2009.02.23 07:54:40.548,0.8895,0.88975,6.80,3.20
2009.02.23 07:54:42.068,0.8895,0.8898,6.80,3.20
2009.02.23 07:54:47.317,0.8895,0.88975,2.60,9.80
2009.02.23 07:54:47.786,0.88945,0.8897,19.20,7.40
2009.02.23 07:54:51.485,0.8895,0.88975,4.80,16.60
2009.02.23 07:54:51.736,0.8895,0.88975,11.60,8.00
2009.02.23 07:54:52.016,0.8895,0.88975,14.60,3.20
2009.02.23 07:54:52.346,0.8895,0.88975,11.60,3.20
2009.02.23 07:54:52.815,0.8895,0.8897,4.00,3.20
2009.02.23 07:54:53.105,0.88955,0.88975,3.20,3.20
2009.02.23 07:54:53.345,0.88955,0.88975,4.00,3.20
2009.02.23 07:54:54.615,0.88955,0.8898,4.00,4.00
2009.02.23 07:54:55.615,0.8896,0.8898,1.80,4.40
2009.02.23 07:54:56.124,0.8896,0.8899,3.20,7.00
2009.02.23 07:54:56.594,0.8896,0.8899,4.00,4.60
2009.02.23 07:54:58.814,0.8896,0.8899,4.00,9.40
2009.02.23 07:54:58.984,0.8896,0.8899,4.00,14.00
2009.02.23 07:54:59.214,0.8896,0.8898,4.00,5.20
2009.02.23 07:55:02.303,0.8896,0.88985,4.00,1.60
2009.02.23 07:55:02.533,0.8896,0.8899,4.00,4.60
2009.02.23 07:55:04.143,0.8896,0.8899,4.00,3.00
2009.02.23 07:55:05.222,0.8896,0.8899,4.00,6.00
2009.02.23 07:55:05.462,0.88955,0.8899,4.00,8.40
2009.02.23 07:55:06.032,0.88955,0.8898,4.00,1.00
2009.02.23 07:55:06.382,0.88955,0.88975,4.00,4.80
2009.02.23 07:55:06.952,0.88955,0.8898,4.00,5.20
2009.02.23 07:55:08.141,0.88945,0.8898,9.80,5.80
2009.02.23 07:55:08.441,0.88945,0.8898,9.80,5.40
2009.02.23 07:55:08.861,0.88945,0.8898,4.00,5.80
2009.02.23 07:55:08.981,0.88945,0.88975,4.00,1.60
2009.02.23 07:55:09.201,0.88945,0.88975,4.00,2.40
2009.02.23 07:55:09.551,0.88945,0.88975,4.00,3.60
2009.02.23 07:55:09.841,0.8894,0.8897,4.00,5.40
2009.02.23 07:55:14.260,0.8894,0.8897,4.00,6.00
2009.02.23 07:55:14.500,0.8894,0.88975,4.00,6.00
2009.02.23 07:55:14.620,0.8894,0.8897,4.00,3.00
2009.02.23 07:55:14.910,0.8894,0.8897,4.00,5.40
2009.02.23 07:55:17.559,0.8894,0.8897,4.00,6.00
2009.02.23 07:55:17.619,0.8894,0.8897,1.80,6.00
2009.02.23 07:55:17.839,0.88935,0.8897,4.00,6.00
2009.02.23 07:55:18.129,0.8895,0.88965,3.20,3.00
2009.02.23 07:55:18.349,0.8895,0.88965,3.20,1.00
2009.02.23 07:55:18.649,0.8895,0.88965,4.80,1.00
2009.02.23 07:55:21.038,0.8895,0.88965,4.80,1.00
2009.02.23 07:55:22.018,0.8895,0.88965,4.80,1.00
2009.02.23 07:55:27.147,0.8895,0.8896,4.80,1.60
2009.02.23 07:55:27.707,0.88945,0.8896,11.20,1.80
2009.02.23 07:55:28.057,0.88945,0.88965,8.20,1.40
2009.02.23 07:55:28.507,0.88945,0.8897,23.40,10.20
2009.02.23 07:55:30.316,0.88945,0.8897,23.40,9.80
2009.02.23 07:55:30.656,0.88945,0.8897,23.40,10.20
2009.02.23 07:55:32.555,0.88945,0.8897,23.40,9.40
2009.02.23 07:55:32.796,0.88945,0.8897,23.40,8.20
2009.02.23 07:55:33.016,0.88945,0.8897,23.40,9.40
2009.02.23 07:55:33.296,0.88945,0.8897,23.40,10.20
2009.02.23 07:55:35.475,0.88945,0.8897,23.40,10.60
2009.02.23 07:55:36.465,0.88945,0.88965,23.40,1.00
2009.02.23 07:55:36.635,0.88945,0.88965,18.60,3.00
2009.02.23 07:55:37.044,0.88945,0.88965,18.60,7.80
2009.02.23 07:55:37.334,0.88945,0.88965,18.60,9.20
2009.02.23 07:55:37.455,0.88945,0.88965,18.60,3.40
2009.02.23 07:55:37.744,0.88945,0.88965,8.20,3.40
2009.02.23 07:55:38.044,0.88945,0.88965,18.60,3.00
2009.02.23 07:55:39.164,0.88945,0.8896,18.60,1.20
2009.02.23 07:55:39.214,0.88945,0.88955,16.00,1.00
2009.02.23 07:55:39.324,0.88945,0.88955,11.20,1.00
2009.02.23 07:55:39.434,0.88945,0.88955,1.00,1.00
2009.02.23 07:55:39.604,0.88935,0.88955,10.40,5.00
2009.02.23 07:55:39.724,0.88935,0.88955,10.40,5.80
2009.02.23 07:55:39.944,0.88935,0.88955,10.40,3.80
2009.02.23 07:55:40.244,0.88935,0.88955,10.40,5.80
2009.02.23 07:55:41.413,0.8893,0.88955,2.80,5.80
2009.02.23 07:55:42.593,0.8893,0.88955,2.80,4.60
2009.02.23 07:55:42.833,0.8893,0.88955,2.80,1.00
2009.02.23 07:55:43.073,0.8893,0.88955,2.80,5.80
2009.02.23 07:55:43.303,0.8893,0.88955,2.80,8.20
2009.02.23 07:55:43.653,0.8893,0.88955,2.80,5.80
2009.02.23 07:55:48.232,0.8893,0.88955,2.80,4.60
2009.02.23 07:55:48.472,0.8893,0.88955,2.80,1.00
2009.02.23 07:55:49.042,0.8893,0.88955,2.80,5.80
2009.02.23 07:55:49.541,0.8893,0.88955,2.80,8.20
2009.02.23 07:55:49.712,0.8893,0.88955,2.80,6.60
2009.02.23 07:55:50.191,0.8893,0.88955,2.80,5.80
2009.02.23 07:55:50.771,0.8893,0.88955,2.80,6.60
2009.02.23 07:55:52.051,0.8893,0.88955,2.80,5.80
2009.02.23 07:55:52.451,0.88925,0.8895,16.80,1.80
2009.02.23 07:55:52.781,0.88925,0.8895,16.80,3.40
2009.02.23 07:55:53.121,0.88925,0.8895,16.80,3.00
2009.02.23 07:55:53.291,0.88925,0.8895,16.80,1.40
2009.02.23 07:55:53.870,0.88925,0.8895,16.80,6.20
2009.02.23 07:55:55.360,0.88925,0.88945,16.80,1.20
2009.02.23 07:55:55.700,0.88925,0.88945,13.80,1.20
2009.02.23 07:55:59.949,0.88925,0.8894,13.80,1.20
2009.02.23 07:56:00.459,0.88925,0.8894,13.80,2.60
2009.02.23 07:56:02.138,0.88925,0.88945,13.80,4.60
2009.02.23 07:56:02.478,0.88925,0.88945,13.80,2.60
2009.02.23 07:56:02.928,0.88925,0.88945,13.80,5.80
2009.02.23 07:56:03.208,0.88925,0.88945,13.80,1.20
2009.02.23 07:56:03.828,0.88925,0.8894,13.80,2.60
2009.02.23 07:56:05.927,0.88925,0.8893,13.80,1.20
2009.02.23 07:56:06.737,0.88925,0.8894,3.40,2.60
2009.02.23 07:56:09.097,0.88925,0.8894,3.40,1.20
2009.02.23 07:56:09.377,0.88925,0.8894,13.80,1.20
2009.02.23 07:56:09.707,0.88925,0.8894,13.80,2.60
2009.02.23 07:56:10.547,0.88925,0.88935,13.80,2.60
2009.02.23 07:56:11.466,0.88925,0.88935,3.40,2.60
2009.02.23 07:56:12.286,0.88925,0.88935,3.40,1.80
2009.02.23 07:56:12.806,0.88925,0.8894,3.40,1.80
2009.02.23 07:56:16.175,0.88925,0.88935,3.40,1.00
2009.02.23 07:56:16.475,0.88925,0.88935,6.40,1.00
2009.02.23 07:56:16.805,0.88925,0.88935,11.20,1.00
2009.02.23 07:56:17.275,0.88925,0.88935,14.00,1.00
2009.02.23 07:56:17.735,0.88925,0.88945,14.00,1.00
2009.02.23 07:56:21.354,0.88925,0.88945,11.20,1.00
2009.02.23 07:56:22.204,0.88925,0.88945,3.40,2.20
2009.02.23 07:56:22.493,0.88925,0.8894,11.20,1.00
2009.02.23 07:56:23.243,0.88925,0.8894,14.00,1.00
2009.02.23 07:56:23.643,0.88925,0.88945,14.00,1.00
2009.02.23 07:56:27.533,0.88925,0.88945,9.20,2.20
2009.02.23 07:56:28.472,0.88925,0.88945,6.40,2.20
2009.02.23 07:56:29.042,0.88925,0.88945,3.40,2.20
2009.02.23 07:56:30.841,0.88925,0.88945,3.40,3.80
2009.02.23 07:56:31.121,0.88925,0.88945,3.40,2.20
2009.02.23 07:56:45.318,0.88925,0.88945,6.40,2.20
2009.02.23 07:56:45.768,0.8893,0.8895,5.60,2.40
2009.02.23 07:56:46.118,0.88935,0.88945,10.40,1.00
2009.02.23 07:56:47.817,0.88935,0.8895,10.40,2.20
2009.02.23 07:56:47.988,0.8893,0.8895,2.80,2.20
2009.02.23 07:56:49.057,0.8893,0.88945,2.80,1.00
2009.02.23 07:56:49.587,0.8893,0.8896,5.60,8.20
2009.02.23 07:56:49.927,0.88935,0.88955,10.40,3.80
2009.02.23 07:56:50.377,0.88935,0.88955,10.40,6.80
2009.02.23 07:56:50.657,0.88935,0.88955,13.20,5.40
2009.02.23 07:56:51.706,0.88935,0.88955,13.20,2.20
2009.02.23 07:56:52.037,0.88935,0.88955,10.40,4.20
2009.02.23 07:56:52.436,0.8894,0.88955,7.60,5.40
2009.02.23 07:56:52.666,0.8894,0.88965,7.60,5.80
2009.02.23 07:56:53.866,0.88945,0.88965,4.80,5.40
2009.02.23 07:56:54.206,0.8894,0.88965,7.60,1.00
2009.02.23 07:56:55.096,0.8894,0.88965,7.60,3.40
2009.02.23 07:56:55.546,0.8894,0.88965,7.60,5.80
2009.02.23 07:56:56.285,0.8895,0.88965,1.80,3.40
2009.02.23 07:56:56.566,0.88955,0.8897,4.80,6.00
2009.02.23 07:56:56.915,0.8895,0.8897,2.80,2.20
2009.02.23 07:56:57.475,0.88945,0.8897,25.00,2.20
2009.02.23 07:56:57.835,0.88945,0.8897,25.00,3.00
2009.02.23 07:56:58.175,0.88945,0.8897,9.60,5.00
2009.02.23 07:56:58.475,0.88945,0.8897,3.60,5.00
2009.02.23 07:56:58.645,0.88945,0.8897,2.80,5.00
2009.02.23 07:57:00.054,0.88945,0.8897,9.40,5.00
2009.02.23 07:57:00.284,0.88945,0.8897,14.60,4.60
2009.02.23 07:57:00.944,0.88945,0.8897,14.60,3.00
2009.02.23 07:57:01.564,0.8895,0.8897,2.80,2.20
2009.02.23 07:57:02.124,0.88945,0.8897,14.60,2.20
2009.02.23 07:57:02.464,0.88945,0.8897,14.60,3.00
2009.02.23 07:57:02.694,0.88945,0.8897,17.00,3.00
2009.02.23 07:57:02.924,0.88945,0.8897,14.60,3.00
2009.02.23 07:57:04.633,0.8895,0.8897,2.80,3.00
2009.02.23 07:57:04.803,0.8895,0.8897,7.60,1.20
2009.02.23 07:57:05.083,0.8895,0.8897,11.60,1.20
2009.02.23 07:57:05.723,0.88955,0.88975,2.80,3.20
2009.02.23 07:57:06.033,0.8896,0.88975,4.00,4.80
2009.02.23 07:57:06.263,0.88965,0.88985,2.60,1.60
2009.02.23 07:57:06.623,0.88965,0.88985,6.00,1.60
2009.02.23 07:57:06.973,0.88965,0.8899,6.00,2.60
2009.02.23 07:57:07.383,0.88965,0.8899,6.80,2.60
2009.02.23 07:57:07.622,0.88965,0.88985,9.60,1.00
2009.02.23 07:57:08.073,0.88965,0.8899,6.80,1.00
2009.02.23 07:57:08.363,0.88965,0.8899,2.80,2.60
2009.02.23 07:57:08.832,0.88965,0.8899,2.80,4.00
2009.02.23 07:57:09.033,0.88955,0.8898,5.60,1.00
2009.02.23 07:57:09.322,0.88955,0.8898,6.80,1.00
2009.02.23 07:57:10.232,0.88955,0.8897,6.80,1.20
2009.02.23 07:57:10.672,0.88945,0.8897,2.80,3.00
2009.02.23 07:57:10.952,0.88945,0.8897,2.80,4.40
2009.02.23 07:57:11.362,0.88945,0.8897,2.80,6.80
2009.02.23 07:57:11.881,0.8894,0.88965,2.80,1.00
2009.02.23 07:57:12.282,0.88935,0.8896,6.40,1.20
2009.02.23 07:57:12.631,0.88935,0.8896,5.60,1.20
2009.02.23 07:57:15.561,0.88935,0.8896,9.80,1.20
2009.02.23 07:57:19.780,0.8894,0.88965,4.80,7.60
2009.02.23 07:57:20.200,0.8894,0.88965,7.00,3.60
2009.02.23 07:57:20.550,0.88945,0.8897,2.80,6.80
2009.02.23 07:57:26.998,0.88945,0.8897,2.80,6.60
2009.02.23 07:57:27.439,0.88945,0.88975,2.80,10.40
2009.02.23 07:57:27.788,0.88945,0.88975,6.80,1.60
2009.02.23 07:57:28.288,0.88945,0.8897,3.60,3.20
2009.02.23 07:57:28.698,0.88945,0.8897,5.60,2.20
2009.02.23 07:57:29.037,0.88945,0.88975,5.60,7.20
2009.02.23 07:57:30.657,0.88945,0.8897,5.60,5.80
2009.02.23 07:57:30.827,0.88945,0.8897,5.60,4.20
2009.02.23 07:57:30.997,0.88945,0.8897,2.80,6.80
2009.02.23 07:57:33.496,0.8894,0.88965,2.80,1.00
2009.02.23 07:57:33.757,0.8894,0.88965,2.80,5.00
2009.02.23 07:57:37.295,0.8894,0.88965,2.80,1.00
2009.02.23 07:57:37.856,0.8894,0.88965,2.80,5.00
2009.02.23 07:57:42.484,0.8894,0.88965,6.00,5.00
2009.02.23 07:57:42.884,0.8894,0.88965,6.80,5.00
2009.02.23 07:57:43.864,0.88955,0.88975,4.80,3.20
2009.02.23 07:57:44.314,0.88955,0.8898,4.80,5.00
2009.02.23 07:57:48.183,0.88955,0.8898,11.60,1.00
2009.02.23 07:57:49.063,0.88955,0.8898,11.60,5.00
2009.02.23 07:57:49.293,0.8896,0.8898,1.20,5.00
2009.02.23 07:57:49.472,0.8896,0.88975,4.00,5.40
2009.02.23 07:57:49.702,0.8896,0.88975,4.00,2.20
2009.02.23 07:57:50.002,0.8895,0.88975,2.60,1.60
2009.02.23 07:57:50.352,0.88945,0.88975,9.80,12.40
2009.02.23 07:57:50.692,0.8895,0.8897,3.20,3.20
2009.02.23 07:57:51.112,0.8895,0.8897,4.00,1.00
2009.02.23 07:57:51.402,0.88945,0.8897,4.00,1.00
2009.02.23 07:57:51.742,0.8895,0.8897,3.20,1.00
2009.02.23 07:57:52.122,0.8895,0.8897,4.00,1.00
2009.02.23 07:57:52.422,0.88945,0.8897,4.00,5.00
2009.02.23 07:57:53.601,0.88945,0.88965,4.00,1.00
2009.02.23 07:57:53.782,0.88945,0.88965,4.00,2.20
2009.02.23 07:57:54.182,0.8894,0.88965,4.00,1.60
2009.02.23 07:57:54.691,0.8894,0.88955,2.00,1.00
2009.02.23 07:57:54.911,0.8894,0.88955,2.80,1.00
2009.02.23 07:57:55.191,0.8894,0.8896,4.00,1.00
2009.02.23 07:57:55.521,0.8894,0.8896,14.60,1.00
2009.02.23 07:57:57.291,0.8894,0.8897,14.60,7.40
2009.02.23 07:57:57.401,0.8894,0.8897,14.60,4.80
2009.02.23 07:58:02.619,0.8894,0.8897,12.60,6.00
2009.02.23 07:58:02.949,0.8894,0.8897,11.20,7.80
2009.02.23 07:58:03.239,0.8894,0.8897,10.40,10.20
2009.02.23 07:58:04.509,0.8894,0.8897,14.60,4.80
2009.02.23 07:58:06.918,0.8895,0.8897,2.80,4.40
2009.02.23 07:58:07.308,0.88945,0.8897,5.60,3.20
2009.02.23 07:58:07.599,0.88945,0.8897,2.80,4.80
2009.02.23 07:58:08.248,0.88945,0.88965,2.80,4.00
2009.02.23 07:58:08.478,0.88945,0.88965,9.00,3.20
2009.02.23 07:58:08.658,0.88945,0.8897,9.80,2.40
2009.02.23 07:58:08.898,0.88945,0.8897,6.80,2.40
2009.02.23 07:58:09.458,0.88945,0.8896,6.80,1.00
2009.02.23 07:58:09.688,0.88945,0.8897,6.80,2.40
2009.02.23 07:58:10.038,0.88945,0.8897,11.60,2.40
2009.02.23 07:58:10.147,0.8895,0.8897,2.80,2.40
2009.02.23 07:58:10.917,0.8895,0.88975,2.80,2.60
2009.02.23 07:58:11.227,0.88945,0.8897,3.60,1.00
2009.02.23 07:58:11.627,0.88945,0.8897,6.80,1.00
2009.02.23 07:58:12.237,0.88945,0.88965,6.80,1.00
2009.02.23 07:58:12.628,0.88945,0.88955,4.00,2.80
2009.02.23 07:58:12.857,0.88935,0.88955,3.20,10.20
2009.02.23 07:58:13.197,0.8893,0.88955,11.60,10.20
2009.02.23 07:58:13.557,0.8893,0.88955,3.60,8.60
2009.02.23 07:58:13.787,0.8893,0.8895,3.60,1.80
2009.02.23 07:58:13.967,0.88925,0.8895,9.20,1.80
2009.02.23 07:58:14.186,0.88925,0.88935,9.20,1.00
2009.02.23 07:58:15.326,0.8893,0.88945,7.60,3.20
2009.02.23 07:58:15.606,0.8893,0.8895,10.40,4.80
2009.02.23 07:58:15.826,0.88935,0.8895,7.60,3.20
2009.02.23 07:58:16.846,0.88935,0.8895,11.20,3.20
2009.02.23 07:58:17.146,0.88935,0.88955,11.20,8.80
2009.02.23 07:58:17.616,0.88935,0.88955,8.40,8.80
2009.02.23 07:58:22.055,0.88935,0.88955,11.20,8.80
2009.02.23 07:58:22.235,0.88935,0.88955,11.20,9.20
2009.02.23 07:58:22.794,0.88945,0.8895,2.40,1.20
2009.02.23 07:58:23.075,0.88945,0.88955,3.60,1.60
2009.02.23 07:58:23.455,0.8895,0.8896,4.80,1.00
2009.02.23 07:58:23.754,0.88945,0.8897,22.00,5.80
2009.02.23 07:58:24.044,0.88955,0.88975,4.80,5.40
2009.02.23 07:58:24.384,0.88955,0.88965,4.80,1.00
2009.02.23 07:58:24.564,0.88955,0.88975,5.60,3.20
2009.02.23 07:58:24.794,0.88955,0.88975,4.80,15.20
2009.02.23 07:58:25.014,0.88955,0.88975,4.80,4.80
2009.02.23 07:58:25.254,0.88955,0.88975,4.80,6.40
2009.02.23 07:58:27.383,0.8895,0.88975,8.40,1.80
2009.02.23 07:58:27.544,0.8895,0.88975,8.40,5.20
2009.02.23 07:58:27.824,0.8895,0.8897,5.60,1.00
2009.02.23 07:58:28.054,0.8895,0.8897,5.60,5.00
2009.02.23 07:58:28.233,0.8895,0.8897,6.80,1.00
2009.02.23 07:58:28.463,0.8895,0.8897,8.80,1.00
2009.02.23 07:58:29.643,0.8895,0.88975,11.60,1.00
2009.02.23 07:58:30.003,0.88955,0.8898,4.80,8.40
2009.02.23 07:58:30.303,0.88955,0.8898,4.80,6.00
2009.02.23 07:58:30.413,0.88955,0.8898,4.80,4.80
2009.02.23 07:58:30.472,0.88955,0.8898,8.00,1.60
2009.02.23 07:58:30.533,0.88955,0.8898,19.20,1.60
2009.02.23 07:58:36.151,0.88955,0.88975,12.40,1.00
2009.02.23 07:58:36.381,0.88955,0.88975,13.60,1.00
2009.02.23 07:58:36.711,0.88955,0.88975,14.40,1.00
2009.02.23 07:58:37.331,0.8897,0.8898,2.60,2.20
2009.02.23 07:58:37.561,0.8897,0.88985,2.60,1.80
2009.02.23 07:58:37.961,0.8897,0.88985,2.60,1.60
2009.02.23 07:58:38.251,0.8897,0.8899,2.60,5.20
2009.02.23 07:58:42.310,0.8897,0.8899,2.60,6.80
2009.02.23 07:58:44.079,0.8898,0.8899,2.60,5.20
2009.02.23 07:58:44.269,0.8898,0.8899,2.60,3.60
2009.02.23 07:58:44.609,0.8898,0.8899,2.60,1.00
2009.02.23 07:58:44.789,0.8897,0.8899,7.40,1.60
2009.02.23 07:58:45.129,0.8897,0.8898,2.60,1.00
2009.02.23 07:58:45.419,0.88965,0.8898,15.20,1.60
2009.02.23 07:58:45.779,0.88965,0.8898,4.80,1.60
2009.02.23 07:58:46.129,0.8896,0.8898,4.80,1.80
2009.02.23 07:58:46.540,0.8896,0.8897,4.80,1.00
2009.02.23 07:58:46.989,0.88965,0.88985,4.80,4.20
2009.02.23 07:58:47.329,0.88965,0.88985,4.80,2.60
2009.02.23 07:58:51.337,0.8896,0.8898,4.80,1.00
2009.02.23 07:58:52.867,0.8897,0.8899,2.60,5.20
2009.02.23 07:58:54.987,0.8897,0.8899,2.60,6.80
2009.02.23 07:58:55.386,0.88965,0.88985,24.00,1.80
2009.02.23 07:58:55.547,0.88965,0.88985,24.00,2.60
2009.02.23 07:58:55.757,0.88965,0.88985,5.60,2.60
2009.02.23 07:58:56.106,0.88965,0.8898,4.80,1.00
2009.02.23 07:58:57.746,0.8897,0.8899,4.80,7.40
2009.02.23 07:58:58.106,0.88975,0.8899,4.80,4.20
2009.02.23 07:58:58.326,0.88975,0.88995,4.80,3.80
2009.02.23 07:58:58.666,0.88975,0.88995,4.80,2.20
2009.02.23 07:58:59.146,0.8897,0.8899,4.00,1.00
2009.02.23 07:58:59.676,0.88975,0.88995,5.60,2.80
2009.02.23 07:58:59.966,0.88975,0.88995,10.40,1.40
2009.02.23 07:59:00.715,0.8898,0.88995,2.80,1.20
2009.02.23 07:59:00.986,0.8898,0.89,7.60,5.40
2009.02.23 07:59:03.295,0.8898,0.89,7.60,3.00
2009.02.23 07:59:03.875,0.8899,0.89,7.60,2.20
2009.02.23 07:59:04.234,0.88985,0.89005,4.00,3.80
2009.02.23 07:59:04.534,0.8898,0.89005,7.00,6.60
2009.02.23 07:59:04.764,0.8899,0.89005,1.00,2.40
2009.02.23 07:59:05.034,0.8899,0.8901,1.00,5.80
2009.02.23 07:59:05.334,0.88985,0.8901,6.40,3.00
2009.02.23 07:59:05.614,0.88985,0.8901,16.00,3.00
2009.02.23 07:59:06.414,0.88985,0.89005,10.40,1.40
2009.02.23 07:59:06.704,0.8898,0.89005,14.60,1.40
2009.02.23 07:59:07.534,0.8898,0.88995,4.00,1.00
2009.02.23 07:59:08.064,0.88975,0.88995,14.60,1.00
2009.02.23 07:59:13.402,0.88975,0.88995,12.60,1.00
2009.02.23 07:59:13.723,0.88975,0.88995,4.80,1.00
2009.02.23 07:59:14.392,0.88975,0.88995,4.80,1.40
2009.02.23 07:59:14.672,0.88975,0.88995,10.40,1.40
2009.02.23 07:59:16.461,0.88975,0.88995,10.40,1.00
2009.02.23 07:59:18.171,0.8898,0.88995,4.80,1.00
2009.02.23 07:59:18.481,0.8898,0.89,4.80,5.80
2009.02.23 07:59:18.941,0.8898,0.89,7.60,5.80
2009.02.23 07:59:19.851,0.8898,0.89,4.80,5.80
2009.02.23 07:59:31.458,0.8898,0.88985,4.80,1.60
2009.02.23 07:59:31.688,0.8897,0.88985,12.60,2.00
2009.02.23 07:59:31.868,0.88975,0.88985,10.40,2.00
2009.02.23 07:59:32.218,0.88965,0.8898,11.20,7.40
2009.02.23 07:59:32.668,0.8896,0.8898,2.80,5.00
2009.02.23 07:59:33.218,0.8895,0.88975,8.40,3.00
2009.02.23 07:59:33.548,0.8895,0.88965,6.40,1.00
2009.02.23 07:59:33.837,0.8895,0.88975,5.60,3.00
2009.02.23 07:59:34.127,0.8895,0.88965,5.60,1.00
2009.02.23 07:59:34.348,0.8895,0.88975,2.80,2.60
2009.02.23 07:59:36.257,0.88945,0.88975,9.80,3.00
2009.02.23 07:59:36.717,0.88945,0.8897,2.80,1.00
2009.02.23 07:59:37.047,0.88945,0.88965,2.80,1.00
2009.02.23 07:59:37.326,0.88945,0.8897,2.80,2.60
2009.02.23 07:59:39.306,0.8894,0.88965,4.00,1.40
2009.02.23 07:59:39.646,0.88945,0.8896,2.60,1.00
2009.02.23 07:59:39.986,0.88955,0.88965,2.60,4.60
2009.02.23 07:59:40.226,0.88955,0.88965,13.00,1.00
2009.02.23 07:59:40.466,0.8894,0.88965,4.00,1.00
2009.02.23 07:59:40.876,0.88935,0.88965,7.20,6.00
2009.02.23 07:59:41.166,0.88935,0.8896,4.40,1.00
2009.02.23 07:59:42.105,0.88935,0.8896,4.40,1.00
2009.02.23 07:59:42.515,0.88935,0.88965,6.80,4.00
2009.02.23 07:59:42.875,0.88935,0.8896,13.20,5.80
2009.02.23 07:59:43.165,0.88935,0.8896,13.20,1.00
2009.02.23 07:59:43.565,0.88935,0.8896,13.20,5.80
2009.02.23 07:59:46.204,0.88935,0.8896,10.40,5.80
2009.02.23 07:59:46.674,0.88935,0.8896,2.80,5.80
2009.02.23 07:59:47.484,0.8893,0.88955,14.60,1.20
2009.02.23 07:59:47.714,0.8893,0.88955,11.60,1.40
2009.02.23 07:59:48.404,0.8893,0.88955,11.60,1.80
2009.02.23 07:59:48.744,0.8893,0.8895,8.40,2.00
2009.02.23 07:59:48.924,0.8893,0.88955,7.60,4.60
2009.02.23 07:59:51.723,0.8893,0.88955,8.40,4.60
2009.02.23 07:59:51.903,0.8893,0.88955,11.60,4.60
2009.02.23 07:59:53.632,0.8893,0.88955,9.60,4.60
2009.02.23 07:59:53.853,0.8893,0.88955,4.80,4.80
2009.02.23 07:59:54.032,0.8893,0.88955,4.80,1.60
2009.02.23 07:59:54.152,0.8893,0.88955,6.60,4.80
2009.02.23 07:59:54.382,0.8893,0.88955,8.80,4.80
2009.02.23 07:59:54.502,0.8893,0.88955,11.60,4.60
2009.02.23 07:59:54.562,0.8893,0.88955,11.60,7.00
2009.02.23 07:59:54.683,0.8893,0.88955,6.80,3.00
2009.02.23 07:59:54.902,0.8893,0.88955,3.60,3.00
2009.02.23 07:59:55.012,0.8893,0.8895,4.00,2.60
2009.02.23 07:59:55.132,0.88925,0.8895,27.80,2.60
2009.02.23 07:59:56.242,0.88925,0.8895,24.80,7.80
2009.02.23 07:59:56.522,0.8893,0.8895,4.80,6.60
2009.02.23 07:59:56.752,0.8893,0.8895,4.80,1.80
2009.02.23 07:59:57.851,0.8893,0.8895,4.80,7.20
2009.02.23 07:59:59.571,0.8893,0.8895,4.80,6.40
