2016.03.25 08:00:02.307,0.79024,0.79053,1.75,1.50
2016.03.25 08:00:06.370,0.79025,0.79053,1.12,1.15
2016.03.25 08:00:20.147,0.79025,0.79042,1.12,1.00
2016.03.25 08:00:20.249,0.79027,0.79042,1.15,1.00
2016.03.25 08:00:20.454,0.79022,0.79042,1.12,1.00
2016.03.25 08:00:20.710,0.79027,0.79041,1.10,1.19
2016.03.25 08:00:21.168,0.79027,0.79036,1.00,1.00
2016.03.25 08:00:23.454,0.79027,0.79037,1.00,1.00
2016.03.25 08:00:24.003,0.79027,0.79036,1.00,1.00
2016.03.25 08:00:24.746,0.79022,0.79036,1.17,1.00
2016.03.25 08:00:25.257,0.79022,0.79036,1.10,1.00
2016.03.25 08:00:43.017,0.79016,0.79038,1.20,1.10
2016.03.25 08:00:43.119,0.7901,0.79036,1.20,1.00
2016.03.25 08:00:43.222,0.79001,0.79034,1.20,1.15
2016.03.25 08:00:44.433,0.78999,0.79024,2.45,1.00
2016.03.25 08:00:45.437,0.78999,0.79019,2.45,1.00
2016.03.25 08:00:45.842,0.78999,0.79018,2.45,1.00
2016.03.25 08:00:46.815,0.78999,0.79015,2.45,1.00
2016.03.25 08:00:47.858,0.78999,0.79015,1.70,1.00
2016.03.25 08:00:48.425,0.79013,0.79036,1.20,1.20
2016.03.25 08:00:48.994,0.79014,0.79035,0.20,1.50
2016.03.25 08:00:49.731,0.79014,0.79026,0.20,1.00
2016.03.25 08:00:50.759,0.79014,0.79021,0.20,1.00
2016.03.25 08:00:51.740,0.79013,0.79017,0.20,1.00
2016.03.25 08:00:52.749,0.78998,0.79017,1.70,1.00
2016.03.25 08:00:55.754,0.78995,0.79013,2.45,1.00
2016.03.25 08:01:00.762,0.79014,0.79034,0.20,1.87
2016.03.25 08:01:01.067,0.78994,0.79011,1.70,1.00
2016.03.25 08:01:01.606,0.79015,0.79019,0.20,1.00
2016.03.25 08:01:02.366,0.78994,0.7901,1.70,1.00
2016.03.25 08:01:06.251,0.78991,0.79009,3.00,1.00
2016.03.25 08:01:06.882,0.78992,0.79009,1.50,1.00
2016.03.25 08:01:07.419,0.78991,0.7901,3.00,1.00
2016.03.25 08:01:08.044,0.78992,0.7901,1.50,1.00
2016.03.25 08:01:08.968,0.78993,0.7901,1.50,1.00
2016.03.25 08:01:09.495,0.78992,0.7901,1.50,1.00
2016.03.25 08:01:10.205,0.78993,0.7901,1.50,1.00
2016.03.25 08:01:10.738,0.78992,0.7901,1.50,1.00
2016.03.25 08:01:11.576,0.78993,0.7901,1.50,1.00
2016.03.25 08:01:12.085,0.78992,0.7901,1.50,1.00
2016.03.25 08:01:12.603,0.78992,0.7901,3.00,1.00
2016.03.25 08:01:13.403,0.78993,0.7901,1.50,1.00
2016.03.25 08:01:13.910,0.78992,0.79009,1.50,1.00
2016.03.25 08:01:14.461,0.78993,0.79009,1.50,1.00
2016.03.25 08:01:15.015,0.78992,0.79009,1.50,1.00
2016.03.25 08:01:15.167,0.78985,0.79008,2.62,1.00
2016.03.25 08:01:15.270,0.78979,0.79008,2.25,1.00
2016.03.25 08:01:15.321,0.7898,0.79008,1.87,1.00
2016.03.25 08:01:15.556,0.78979,0.79008,1.00,1.00
2016.03.25 08:01:16.063,0.78975,0.79008,1.65,1.00
2016.03.25 08:01:17.574,0.78976,0.79006,1.15,1.00
2016.03.25 08:01:20.711,0.78977,0.79005,1.17,1.00
2016.03.25 08:02:05.260,0.78976,0.79018,1.15,1.12
2016.03.25 08:02:05.362,0.78976,0.79004,1.15,1.00
2016.03.25 08:02:48.238,0.78977,0.79006,1.85,1.00
2016.03.25 08:02:48.747,0.78978,0.79005,1.12,1.00
2016.03.25 08:02:49.052,0.78979,0.79006,1.12,1.00
2016.03.25 08:02:58.959,0.7898,0.79005,1.12,1.00
2016.03.25 08:03:16.827,0.78981,0.79005,1.12,1.00
2016.03.25 08:03:20.234,0.78981,0.79005,1.12,1.00
2016.03.25 08:03:20.769,0.78983,0.79005,1.87,1.00
2016.03.25 08:03:21.017,0.78983,0.79005,1.00,1.00
2016.03.25 08:03:21.569,0.78985,0.79006,1.00,1.00
2016.03.25 08:03:22.076,0.78987,0.79006,1.00,1.00
2016.03.25 08:03:22.381,0.78992,0.79005,1.00,1.00
2016.03.25 08:03:22.724,0.78994,0.79005,1.00,1.00
2016.03.25 08:03:22.877,0.7899,0.79005,1.00,1.00
2016.03.25 08:03:25.777,0.78991,0.79005,1.00,1.00
2016.03.25 08:03:27.187,0.7899,0.79005,1.50,1.00
2016.03.25 08:03:27.390,0.7899,0.79008,1.57,1.00
2016.03.25 08:03:30.432,0.78986,0.79006,1.50,1.00
2016.03.25 08:03:30.535,0.78986,0.79008,1.12,1.00
2016.03.25 08:03:30.791,0.78981,0.79008,1.75,1.00
2016.03.25 08:03:30.893,0.78973,0.79007,1.00,1.00
2016.03.25 08:03:30.944,0.78969,0.7901,1.45,1.17
2016.03.25 08:03:30.996,0.78969,0.7901,1.00,1.17
2016.03.25 08:03:31.251,0.78964,0.7901,1.00,1.17
2016.03.25 08:03:31.685,0.78966,0.7901,1.00,1.17
2016.03.25 08:03:31.990,0.78968,0.7901,1.00,1.17
2016.03.25 08:03:42.392,0.78971,0.7901,1.00,1.17
2016.03.25 08:03:46.222,0.78971,0.7901,1.00,1.17
2016.03.25 08:03:46.535,0.78978,0.79008,1.00,1.10
2016.03.25 08:03:47.044,0.78981,0.79008,1.00,1.00
2016.03.25 08:03:47.552,0.78981,0.79003,1.00,1.00
2016.03.25 08:03:48.687,0.78981,0.78998,1.00,1.00
2016.03.25 08:03:49.649,0.78981,0.78995,1.00,1.00
2016.03.25 08:03:50.350,0.78981,0.78998,1.00,1.00
2016.03.25 08:03:51.654,0.78981,0.78996,1.00,1.00
2016.03.25 08:03:52.679,0.78981,0.78994,1.00,1.00
2016.03.25 08:03:54.283,0.78981,0.78994,1.00,1.00
2016.03.25 08:03:54.829,0.78982,0.78994,1.00,1.00
2016.03.25 08:03:58.647,0.78983,0.78995,1.00,1.00
2016.03.25 08:03:59.716,0.78984,0.78995,1.00,1.00
2016.03.25 08:04:02.702,0.78984,0.78995,1.00,1.00
2016.03.25 08:04:09.860,0.78979,0.78994,1.50,1.00
2016.03.25 08:04:10.410,0.7898,0.78994,1.00,1.00
2016.03.25 08:04:10.563,0.78984,0.78995,1.00,1.00
2016.03.25 08:04:11.122,0.78984,0.78995,1.00,1.00
2016.03.25 08:04:12.735,0.78984,0.78995,1.00,1.00
2016.03.25 08:04:13.471,0.78979,0.78994,1.00,1.00
2016.03.25 08:04:13.976,0.78979,0.78994,1.00,1.00
2016.03.25 08:04:15.204,0.78983,0.78995,1.00,1.00
2016.03.25 08:04:15.753,0.78984,0.78996,1.00,1.00
2016.03.25 08:04:20.838,0.78984,0.78995,1.00,1.00
2016.03.25 08:04:21.450,0.78984,0.78996,1.00,1.00
2016.03.25 08:04:28.055,0.78983,0.78995,1.50,1.00
2016.03.25 08:04:37.333,0.78984,0.78995,1.00,1.00
2016.03.25 08:04:39.076,0.78984,0.78995,1.00,1.00
2016.03.25 08:04:47.294,0.78983,0.78995,1.00,1.00
2016.03.25 08:04:52.732,0.78983,0.78995,1.00,1.00
2016.03.25 08:05:11.526,0.78984,0.78996,1.00,1.00
2016.03.25 08:05:12.074,0.78984,0.78995,1.00,1.00
2016.03.25 08:05:13.359,0.78984,0.78996,1.00,1.00
2016.03.25 08:05:15.544,0.78983,0.78995,1.50,1.00
2016.03.25 08:05:16.106,0.78983,0.78995,1.50,1.00
2016.03.25 08:05:16.629,0.78983,0.78995,1.50,1.00
2016.03.25 08:05:17.137,0.78983,0.78995,1.50,1.00
2016.03.25 08:05:17.860,0.78983,0.78995,1.50,1.00
2016.03.25 08:05:18.419,0.78983,0.78995,1.50,1.00
2016.03.25 08:05:18.965,0.78983,0.78995,1.50,1.00
2016.03.25 08:05:21.052,0.7898,0.78993,1.00,1.00
2016.03.25 08:05:26.454,0.7898,0.78992,1.00,1.00
2016.03.25 08:05:27.413,0.7898,0.78993,1.00,1.00
2016.03.25 08:05:28.488,0.78981,0.78993,1.00,1.00
2016.03.25 08:05:30.259,0.7898,0.78993,1.00,1.00
2016.03.25 08:05:32.296,0.78979,0.78993,1.50,1.00
2016.03.25 08:05:36.267,0.78979,0.78993,1.50,1.00
2016.03.25 08:05:38.372,0.78979,0.78993,1.50,1.00
2016.03.25 08:05:38.878,0.78979,0.78993,1.50,1.00
2016.03.25 08:05:42.299,0.7898,0.78994,1.00,1.00
2016.03.25 08:05:58.010,0.78981,0.78994,1.00,1.00
2016.03.25 08:06:01.110,0.7898,0.78994,1.00,1.00
2016.03.25 08:06:03.503,0.7898,0.78994,1.00,1.00
2016.03.25 08:06:04.011,0.7898,0.78994,1.00,1.00
2016.03.25 08:06:06.565,0.78981,0.78994,1.00,1.00
2016.03.25 08:06:12.514,0.78981,0.78994,1.00,1.00
2016.03.25 08:06:13.538,0.78981,0.78994,1.00,1.00
2016.03.25 08:06:14.759,0.78981,0.78994,1.00,1.00
2016.03.25 08:06:15.283,0.78981,0.78994,1.00,1.00
2016.03.25 08:06:16.235,0.78981,0.78994,1.00,1.00
2016.03.25 08:06:16.766,0.78981,0.78993,1.00,1.00
2016.03.25 08:06:18.034,0.78981,0.78993,1.00,1.00
2016.03.25 08:06:18.550,0.78979,0.78993,1.00,1.00
2016.03.25 08:06:22.331,0.7898,0.78993,1.00,1.00
2016.03.25 08:06:23.761,0.78985,0.78998,1.00,1.00
2016.03.25 08:06:23.863,0.78987,0.78998,1.00,1.00
2016.03.25 08:06:24.854,0.78987,0.78998,1.00,1.00
2016.03.25 08:06:26.447,0.78986,0.78998,1.00,1.00
2016.03.25 08:06:37.757,0.78983,0.78998,1.00,1.00
2016.03.25 08:06:38.249,0.78985,0.78999,1.00,1.00
2016.03.25 08:06:38.554,0.78988,0.79,1.00,1.00
2016.03.25 08:06:39.058,0.78988,0.79001,1.00,1.00
2016.03.25 08:06:39.419,0.78991,0.79001,1.00,1.00
2016.03.25 08:06:42.175,0.78991,0.79001,1.00,1.00
2016.03.25 08:06:47.973,0.7899,0.79001,1.00,1.00
2016.03.25 08:06:49.120,0.7899,0.79001,1.00,1.00
2016.03.25 08:06:52.539,0.7899,0.79003,1.00,1.50
2016.03.25 08:06:52.741,0.78992,0.79003,1.00,1.50
2016.03.25 08:06:53.610,0.78992,0.79002,1.00,1.00
2016.03.25 08:06:55.638,0.78992,0.79002,1.00,1.00
2016.03.25 08:06:58.019,0.7899,0.79003,2.25,1.00
2016.03.25 08:06:59.133,0.78987,0.79001,1.00,1.00
2016.03.25 08:06:59.355,0.78985,0.79,1.50,1.00
2016.03.25 08:06:59.899,0.78986,0.79001,1.50,1.00
2016.03.25 08:07:00.459,0.78985,0.79001,1.50,1.00
2016.03.25 08:07:01.124,0.78986,0.79001,1.50,1.00
2016.03.25 08:07:01.625,0.78989,0.79001,1.00,1.00
2016.03.25 08:07:05.609,0.78989,0.79001,1.00,1.00
2016.03.25 08:07:16.242,0.7899,0.79002,1.00,1.00
2016.03.25 08:07:19.365,0.78987,0.79002,2.25,1.00
2016.03.25 08:07:23.509,0.78988,0.79002,1.50,1.00
2016.03.25 08:07:24.160,0.78987,0.79002,2.25,1.00
2016.03.25 08:07:28.022,0.78988,0.79002,1.50,1.00
2016.03.25 08:07:28.523,0.78987,0.79002,2.25,1.00
2016.03.25 08:07:29.376,0.78988,0.79002,1.50,1.00
2016.03.25 08:07:29.896,0.78987,0.79002,2.25,1.00
2016.03.25 08:07:30.979,0.78988,0.79002,1.50,1.00
2016.03.25 08:07:31.501,0.78987,0.79002,2.25,1.00
2016.03.25 08:07:32.298,0.78988,0.79002,1.00,1.00
2016.03.25 08:07:53.580,0.78994,0.79004,1.00,1.00
2016.03.25 08:07:54.135,0.78995,0.7901,1.00,2.48
2016.03.25 08:07:54.685,0.78994,0.79004,1.00,1.00
2016.03.25 08:07:56.512,0.78994,0.79023,1.00,1.12
2016.03.25 08:07:57.200,0.78997,0.79023,1.00,1.12
2016.03.25 08:07:59.032,0.78997,0.79024,1.00,1.57
2016.03.25 08:07:59.083,0.78997,0.79024,1.00,1.15
2016.03.25 08:07:59.236,0.78994,0.79005,1.00,1.00
2016.03.25 08:08:00.215,0.78994,0.79005,1.00,1.00
2016.03.25 08:08:00.520,0.78993,0.79,1.00,1.00
2016.03.25 08:08:00.622,0.78995,0.79011,1.00,2.87
2016.03.25 08:08:00.775,0.78997,0.79011,1.00,2.57
2016.03.25 08:08:00.877,0.78995,0.79011,1.00,2.80
2016.03.25 08:08:01.080,0.78997,0.79012,1.00,2.27
2016.03.25 08:08:01.182,0.78995,0.79011,1.00,3.17
2016.03.25 08:08:02.019,0.78997,0.79011,1.00,2.05
2016.03.25 08:08:02.545,0.78993,0.79001,1.00,1.00
2016.03.25 08:08:02.597,0.78995,0.79011,1.00,2.50
2016.03.25 08:08:02.699,0.78993,0.79003,1.50,1.00
2016.03.25 08:08:02.801,0.78998,0.79012,1.00,2.87
2016.03.25 08:08:03.106,0.78995,0.79011,1.00,2.72
2016.03.25 08:08:03.289,0.78997,0.79024,1.00,1.15
2016.03.25 08:08:03.798,0.78996,0.79024,1.00,1.15
2016.03.25 08:08:04.426,0.78997,0.79024,1.00,1.15
2016.03.25 08:08:08.297,0.78992,0.79023,1.50,1.15
2016.03.25 08:08:08.986,0.78993,0.79023,1.50,1.15
2016.03.25 08:08:09.517,0.78992,0.79023,1.50,1.15
2016.03.25 08:08:10.318,0.78993,0.79023,1.50,1.15
2016.03.25 08:08:10.470,0.78992,0.79004,1.50,1.00
2016.03.25 08:08:10.774,0.78996,0.79011,1.00,2.35
2016.03.25 08:08:13.480,0.78996,0.79023,1.00,1.15
2016.03.25 08:08:23.007,0.78994,0.79004,1.00,1.00
2016.03.25 08:08:23.110,0.78996,0.79027,3.75,1.75
2016.03.25 08:08:23.212,0.78999,0.79027,1.00,1.75
2016.03.25 08:08:26.034,0.78998,0.79027,1.00,1.75
2016.03.25 08:08:26.363,0.79,0.79027,1.00,1.75
2016.03.25 08:08:26.649,0.78998,0.79027,1.00,1.75
2016.03.25 08:08:26.936,0.79,0.79027,1.00,1.75
2016.03.25 08:08:27.162,0.78996,0.79027,3.00,1.75
2016.03.25 08:08:27.213,0.78998,0.79027,1.00,1.75
2016.03.25 08:08:28.022,0.79,0.79027,1.00,1.75
2016.03.25 08:08:28.124,0.78996,0.79027,1.50,1.75
2016.03.25 08:08:28.638,0.78995,0.79027,2.25,1.75
2016.03.25 08:08:41.586,0.78995,0.79007,1.00,1.00
2016.03.25 08:08:41.638,0.78995,0.79027,1.00,1.75
2016.03.25 08:08:43.974,0.78994,0.79027,1.50,1.75
2016.03.25 08:08:45.584,0.78995,0.79027,1.50,1.75
2016.03.25 08:08:46.315,0.78994,0.79027,1.50,1.75
2016.03.25 08:08:47.895,0.78995,0.79027,1.50,1.75
2016.03.25 08:08:48.472,0.78994,0.79027,1.50,1.75
2016.03.25 08:08:48.975,0.78995,0.79027,1.50,1.75
2016.03.25 08:08:50.808,0.78996,0.79027,1.50,1.75
2016.03.25 08:08:51.311,0.78995,0.79027,1.50,1.75
2016.03.25 08:08:52.523,0.78996,0.79027,1.50,1.75
2016.03.25 08:08:53.171,0.78995,0.79027,1.50,1.75
2016.03.25 08:08:54.428,0.78993,0.79027,2.25,1.75
2016.03.25 08:08:55.431,0.78994,0.79027,1.50,1.12
2016.03.25 08:08:55.932,0.78993,0.79027,2.25,1.12
2016.03.25 08:08:57.341,0.78994,0.79027,1.50,1.12
2016.03.25 08:08:57.899,0.78993,0.79027,2.25,1.12
2016.03.25 08:08:59.421,0.78994,0.79027,1.50,1.12
2016.03.25 08:09:01.849,0.78995,0.79027,1.50,1.12
2016.03.25 08:09:02.459,0.78994,0.79027,1.50,1.12
2016.03.25 08:09:03.085,0.78998,0.79027,1.00,1.12
2016.03.25 08:09:11.222,0.79,0.79027,1.00,1.12
2016.03.25 08:09:21.257,0.78995,0.79006,1.00,1.00
2016.03.25 08:09:21.776,0.78999,0.79013,1.00,2.27
2016.03.25 08:09:22.108,0.78993,0.79005,2.25,1.00
2016.03.25 08:09:22.211,0.78996,0.79007,1.00,1.00
2016.03.25 08:09:22.516,0.78997,0.79027,1.00,1.12
2016.03.25 08:09:23.313,0.78995,0.79027,1.00,1.12
2016.03.25 08:09:27.244,0.78995,0.79006,1.00,1.00
2016.03.25 08:09:41.865,0.78999,0.79013,1.00,2.65
2016.03.25 08:09:42.404,0.78996,0.79006,3.75,1.00
2016.03.25 08:09:44.037,0.79002,0.79016,1.00,1.00
2016.03.25 08:09:44.896,0.79002,0.79028,1.00,1.15
2016.03.25 08:09:47.242,0.78996,0.79028,3.75,1.15
2016.03.25 08:09:47.805,0.78997,0.79028,1.50,1.15
2016.03.25 08:09:51.041,0.78998,0.79028,1.00,1.15
2016.03.25 08:09:57.082,0.78997,0.79028,1.50,1.15
2016.03.25 08:09:58.104,0.78997,0.79012,1.50,2.95
2016.03.25 08:09:58.535,0.78997,0.79028,3.00,1.15
2016.03.25 08:09:59.289,0.78998,0.79028,1.50,1.15
2016.03.25 08:09:59.900,0.78997,0.79028,2.25,1.15
2016.03.25 08:10:01.225,0.78998,0.79028,1.50,1.15
2016.03.25 08:10:01.795,0.78997,0.79028,2.25,1.15
2016.03.25 08:10:02.714,0.78998,0.79028,1.50,1.15
2016.03.25 08:10:03.316,0.78997,0.79028,2.25,1.15
2016.03.25 08:10:03.835,0.78998,0.79028,1.50,1.15
2016.03.25 08:10:04.376,0.78997,0.79028,2.25,1.15
2016.03.25 08:10:07.997,0.78998,0.79028,1.50,1.15
2016.03.25 08:10:08.897,0.78999,0.79028,1.50,1.15
2016.03.25 08:10:09.800,0.78998,0.79028,2.25,1.15
2016.03.25 08:10:11.124,0.78999,0.79028,1.50,1.15
2016.03.25 08:10:11.773,0.78998,0.79028,2.25,1.15
2016.03.25 08:10:12.525,0.78999,0.79028,1.50,1.15
2016.03.25 08:10:13.328,0.78998,0.79028,2.25,1.15
2016.03.25 08:10:14.093,0.78997,0.79027,1.72,1.15
2016.03.25 08:10:14.615,0.78998,0.79027,1.50,1.15
2016.03.25 08:10:15.234,0.78997,0.79027,1.72,1.15
2016.03.25 08:10:15.936,0.78998,0.79027,1.50,1.15
2016.03.25 08:10:16.515,0.78997,0.79027,1.72,1.15
2016.03.25 08:10:17.431,0.79,0.79027,1.00,1.15
2016.03.25 08:10:19.024,0.78998,0.79027,1.00,1.15
2016.03.25 08:10:20.952,0.78998,0.79013,1.00,2.80
2016.03.25 08:10:22.605,0.78998,0.79027,1.00,1.15
2016.03.25 08:10:23.107,0.78997,0.79027,1.00,1.15
2016.03.25 08:10:24.527,0.78995,0.79027,1.00,1.15
2016.03.25 08:10:31.050,0.78996,0.79027,1.00,1.15
2016.03.25 08:10:35.106,0.78996,0.79006,1.00,1.00
2016.03.25 08:10:39.029,0.78994,0.79006,1.50,1.00
2016.03.25 08:10:39.591,0.78995,0.79007,1.50,1.00
2016.03.25 08:10:40.205,0.78994,0.79006,1.50,1.00
2016.03.25 08:10:40.256,0.78994,0.79026,1.50,1.17
2016.03.25 08:10:41.249,0.78995,0.79026,1.50,1.17
2016.03.25 08:10:42.236,0.78994,0.79026,1.50,1.17
2016.03.25 08:10:42.553,0.78997,0.79026,1.00,1.17
2016.03.25 08:10:42.858,0.78996,0.79007,1.00,1.00
2016.03.25 08:10:43.507,0.78997,0.79026,1.00,1.17
2016.03.25 08:10:43.858,0.78999,0.79026,1.00,1.17
2016.03.25 08:10:45.075,0.78995,0.79005,2.25,1.00
2016.03.25 08:10:45.634,0.78998,0.79014,1.00,2.35
2016.03.25 08:10:47.851,0.78998,0.79026,1.00,1.17
2016.03.25 08:10:49.695,0.78998,0.79014,1.00,2.72
2016.03.25 08:10:52.523,0.78998,0.79024,1.00,1.00
2016.03.25 08:11:02.472,0.79,0.79024,1.00,1.00
2016.03.25 08:11:02.776,0.78997,0.79024,1.00,1.00
2016.03.25 08:11:05.903,0.78996,0.79007,3.75,1.00
2016.03.25 08:11:06.421,0.78996,0.79008,3.75,1.00
2016.03.25 08:11:07.413,0.78998,0.79014,1.00,1.00
2016.03.25 08:11:07.566,0.79,0.7903,1.00,1.50
2016.03.25 08:11:08.681,0.79001,0.7903,1.00,1.50
2016.03.25 08:11:11.213,0.79,0.7903,1.00,1.50
2016.03.25 08:11:11.742,0.79,0.79016,1.00,2.72
2016.03.25 08:11:12.364,0.79,0.79016,1.00,3.10
2016.03.25 08:11:12.669,0.79002,0.79017,1.00,3.10
2016.03.25 08:11:12.772,0.79002,0.7903,1.00,1.50
2016.03.25 08:11:13.077,0.79004,0.7903,1.00,1.15
2016.03.25 08:11:14.422,0.79003,0.7903,1.00,1.15
2016.03.25 08:11:14.778,0.79006,0.7903,1.00,1.15
2016.03.25 08:11:15.782,0.79006,0.79018,1.00,2.25
2016.03.25 08:11:16.088,0.79006,0.7903,1.00,1.15
2016.03.25 08:11:16.342,0.79006,0.79018,1.00,2.40
2016.03.25 08:11:16.495,0.79003,0.79018,1.00,2.57
2016.03.25 08:11:16.858,0.79005,0.79018,1.00,2.57
2016.03.25 08:11:17.370,0.79004,0.79019,1.00,1.00
2016.03.25 08:11:20.307,0.79005,0.79019,1.00,1.00
2016.03.25 08:11:21.030,0.79006,0.79019,1.00,2.25
2016.03.25 08:11:21.563,0.79007,0.79019,1.00,2.62
2016.03.25 08:11:21.919,0.79005,0.79019,1.00,1.00
2016.03.25 08:11:22.497,0.79006,0.7902,1.00,3.60
2016.03.25 08:11:22.549,0.79006,0.79033,1.00,1.69
2016.03.25 08:11:23.310,0.79003,0.79033,1.50,1.69
2016.03.25 08:11:23.413,0.79006,0.79033,1.00,1.69
2016.03.25 08:11:25.694,0.79006,0.7902,1.00,5.02
2016.03.25 08:11:26.699,0.79007,0.79021,1.00,4.12
2016.03.25 08:11:26.903,0.79008,0.79021,1.00,3.82
2016.03.25 08:11:28.634,0.79008,0.79033,1.00,1.69
2016.03.25 08:11:29.142,0.79009,0.79033,1.00,1.69
2016.03.25 08:11:29.650,0.79008,0.79033,1.00,1.69
2016.03.25 08:11:30.545,0.79009,0.79033,1.00,1.69
2016.03.25 08:11:31.112,0.79008,0.79033,1.00,1.69
2016.03.25 08:11:32.341,0.79006,0.79033,1.00,1.69
2016.03.25 08:11:32.544,0.79008,0.79033,1.00,1.69
2016.03.25 08:11:32.969,0.79006,0.79033,1.00,1.69
2016.03.25 08:11:33.731,0.79009,0.79033,1.00,1.69
2016.03.25 08:11:34.251,0.79006,0.79033,1.00,1.69
2016.03.25 08:11:35.301,0.79001,0.79015,1.50,1.00
2016.03.25 08:11:35.607,0.79006,0.79016,1.00,1.65
2016.03.25 08:11:35.710,0.79006,0.79021,1.00,4.42
2016.03.25 08:11:35.913,0.79006,0.79016,1.00,1.20
2016.03.25 08:11:36.015,0.79006,0.79021,1.00,4.19
2016.03.25 08:11:36.320,0.79006,0.79016,2.25,1.35
2016.03.25 08:11:36.422,0.79005,0.7902,1.50,3.30
2016.03.25 08:11:36.952,0.79007,0.79021,1.00,2.17
2016.03.25 08:11:37.004,0.79006,0.79016,1.00,1.35
2016.03.25 08:11:37.106,0.79005,0.7902,1.50,3.67
2016.03.25 08:11:37.513,0.79006,0.79033,1.00,1.69
2016.03.25 08:11:37.818,0.7901,0.79033,1.00,1.69
2016.03.25 08:11:37.920,0.79007,0.79033,1.00,1.69
2016.03.25 08:11:38.124,0.79009,0.79033,1.00,1.69
2016.03.25 08:11:38.429,0.79006,0.79033,1.00,1.69
2016.03.25 08:11:39.351,0.79009,0.79033,1.00,1.69
2016.03.25 08:11:41.626,0.79005,0.79013,2.25,1.05
2016.03.25 08:11:42.166,0.79006,0.79016,1.00,1.00
2016.03.25 08:11:43.552,0.79009,0.79033,1.00,1.69
2016.03.25 08:11:52.672,0.79007,0.79032,1.00,1.39
2016.03.25 08:11:56.289,0.79006,0.79016,1.00,1.10
2016.03.25 08:11:58.732,0.79007,0.79033,1.00,1.69
2016.03.25 08:12:00.870,0.79008,0.79033,1.00,1.69
2016.03.25 08:12:00.972,0.79006,0.79033,1.00,1.69
2016.03.25 08:12:01.487,0.79005,0.79033,1.00,1.69
2016.03.25 08:12:01.969,0.79007,0.79033,1.00,1.69
2016.03.25 08:12:02.071,0.79005,0.79033,1.00,1.69
2016.03.25 08:12:03.009,0.79007,0.79033,1.00,1.69
2016.03.25 08:12:03.061,0.79005,0.79033,1.00,1.69
2016.03.25 08:12:03.366,0.79008,0.79033,1.00,1.69
2016.03.25 08:12:07.996,0.79007,0.79033,1.00,1.69
2016.03.25 08:12:16.519,0.79006,0.79033,1.00,1.69
2016.03.25 08:12:18.631,0.79002,0.79033,1.50,1.69
2016.03.25 08:12:19.317,0.79003,0.79033,1.50,1.69
2016.03.25 08:12:20.235,0.79002,0.79033,1.50,1.69
2016.03.25 08:12:20.438,0.79002,0.79015,1.50,1.35
2016.03.25 08:12:21.039,0.79003,0.79015,1.50,2.02
2016.03.25 08:12:21.564,0.79004,0.79016,1.00,1.95
2016.03.25 08:12:21.615,0.79002,0.79015,2.25,1.95
2016.03.25 08:12:21.667,0.79002,0.79019,2.25,2.12
2016.03.25 08:12:21.941,0.79004,0.79016,1.00,1.10
2016.03.25 08:12:22.247,0.79005,0.7902,1.00,2.20
2016.03.25 08:12:22.744,0.79005,0.79015,1.00,1.00
2016.03.25 08:12:22.948,0.79005,0.7902,1.00,2.65
2016.03.25 08:12:23.552,0.79005,0.79016,1.00,1.72
2016.03.25 08:12:24.050,0.79005,0.79015,1.00,1.35
2016.03.25 08:12:25.005,0.79005,0.79033,1.00,1.69
2016.03.25 08:12:28.310,0.79007,0.79033,1.00,1.69
2016.03.25 08:12:28.514,0.79004,0.79033,1.00,1.69
2016.03.25 08:12:32.534,0.79005,0.79033,1.00,1.69
2016.03.25 08:12:32.737,0.79003,0.79033,1.00,1.69
2016.03.25 08:12:33.283,0.79004,0.79033,1.00,1.69
2016.03.25 08:12:34.797,0.79004,0.79014,1.00,1.05
2016.03.25 08:12:37.278,0.79004,0.79015,1.00,1.10
2016.03.25 08:12:37.748,0.79004,0.79033,1.00,2.06
2016.03.25 08:12:40.949,0.79005,0.79033,1.00,2.06
2016.03.25 08:12:47.930,0.79002,0.79033,1.50,2.06
2016.03.25 08:12:50.212,0.79003,0.79032,1.50,1.70
2016.03.25 08:12:50.299,0.79003,0.79015,1.50,1.57
2016.03.25 08:12:50.820,0.79002,0.79014,1.50,1.57
2016.03.25 08:12:51.775,0.79003,0.79014,1.50,1.57
2016.03.25 08:12:52.421,0.79002,0.79014,1.50,1.57
2016.03.25 08:12:52.657,0.79002,0.79032,1.50,1.70
2016.03.25 08:12:53.316,0.79003,0.79032,1.50,1.70
2016.03.25 08:12:54.325,0.79002,0.79032,1.50,1.70
2016.03.25 08:12:54.930,0.79003,0.79032,1.00,1.70
2016.03.25 08:12:55.279,0.79005,0.79032,1.00,1.70
2016.03.25 08:12:56.629,0.79005,0.79015,1.00,1.12
2016.03.25 08:12:57.636,0.79005,0.79014,1.00,1.35
2016.03.25 08:12:57.687,0.79003,0.79014,1.00,1.35
2016.03.25 08:12:57.890,0.79006,0.79015,1.00,1.10
2016.03.25 08:12:58.585,0.79006,0.79033,1.00,2.06
2016.03.25 08:13:03.149,0.79007,0.79033,1.00,2.06
2016.03.25 08:13:03.682,0.79006,0.79033,1.00,2.06
2016.03.25 08:13:06.580,0.79007,0.79032,1.00,1.70
2016.03.25 08:13:07.116,0.79007,0.79032,1.00,1.39
2016.03.25 08:13:07.991,0.79008,0.79032,1.00,1.39
2016.03.25 08:13:22.171,0.79003,0.79032,1.50,1.39
2016.03.25 08:13:24.000,0.79004,0.79032,1.50,1.39
2016.03.25 08:13:24.503,0.79003,0.79032,1.50,1.39
2016.03.25 08:13:28.107,0.79004,0.79033,1.50,1.69
2016.03.25 08:13:28.209,0.79004,0.79015,1.00,1.87
2016.03.25 08:13:28.536,0.79007,0.79033,1.00,1.69
2016.03.25 08:13:28.587,0.79004,0.79033,1.00,1.69
2016.03.25 08:13:29.223,0.79007,0.79033,1.00,1.69
2016.03.25 08:13:35.509,0.79006,0.79015,1.00,2.10
2016.03.25 08:13:35.813,0.79003,0.79014,2.25,1.50
2016.03.25 08:13:35.916,0.79001,0.79016,1.00,2.42
2016.03.25 08:13:36.018,0.78996,0.79006,3.00,1.00
2016.03.25 08:13:36.069,0.78996,0.79006,3.00,1.00
2016.03.25 08:13:36.171,0.78993,0.79007,1.50,1.00
2016.03.25 08:13:36.678,0.78994,0.79006,1.00,1.00
2016.03.25 08:13:37.288,0.78994,0.79006,1.00,1.00
2016.03.25 08:13:37.810,0.78994,0.79006,1.00,1.00
2016.03.25 08:13:38.336,0.78993,0.79006,1.50,1.00
2016.03.25 08:13:38.881,0.78994,0.79006,1.50,1.00
2016.03.25 08:13:39.353,0.78993,0.79027,1.50,1.12
2016.03.25 08:13:39.862,0.78994,0.79027,1.50,1.12
2016.03.25 08:13:40.444,0.78993,0.79027,1.50,1.12
2016.03.25 08:13:40.920,0.78993,0.79006,1.50,1.00
2016.03.25 08:13:41.114,0.78991,0.79005,1.50,1.00
2016.03.25 08:13:41.627,0.78991,0.79005,1.50,1.00
2016.03.25 08:13:42.162,0.78992,0.79005,1.00,1.00
2016.03.25 08:13:45.406,0.78991,0.79005,1.50,1.00
2016.03.25 08:13:45.938,0.7899,0.79005,1.50,1.00
2016.03.25 08:13:46.485,0.7899,0.79005,1.50,1.00
2016.03.25 08:13:47.027,0.7899,0.79005,1.50,1.00
2016.03.25 08:13:48.673,0.78991,0.79005,1.50,1.00
2016.03.25 08:13:49.278,0.7899,0.79005,1.50,1.00
2016.03.25 08:13:49.952,0.78993,0.79006,1.00,1.00
2016.03.25 08:13:50.561,0.78993,0.79005,1.00,1.00
2016.03.25 08:13:51.513,0.78993,0.79005,1.00,1.00
2016.03.25 08:13:52.517,0.7899,0.79003,2.25,1.00
2016.03.25 08:13:53.221,0.7899,0.79003,2.25,1.00
2016.03.25 08:13:53.768,0.7899,0.79003,2.25,1.00
2016.03.25 08:13:54.927,0.78991,0.79003,1.50,1.00
2016.03.25 08:13:55.430,0.7899,0.79003,2.25,1.00
2016.03.25 08:13:55.532,0.78992,0.79003,1.00,1.00
2016.03.25 08:13:56.077,0.78992,0.79003,1.00,1.00
2016.03.25 08:13:56.358,0.7899,0.79003,2.25,1.00
2016.03.25 08:13:56.561,0.78992,0.79003,1.00,1.00
2016.03.25 08:13:58.345,0.78992,0.79003,1.00,1.00
2016.03.25 08:14:01.777,0.78992,0.79003,1.00,1.00
2016.03.25 08:14:02.134,0.78995,0.79004,1.00,1.00
2016.03.25 08:14:02.541,0.79,0.79011,1.00,1.00
2016.03.25 08:14:02.949,0.79004,0.79012,1.00,1.00
2016.03.25 08:14:03.477,0.79003,0.79013,1.00,1.00
2016.03.25 08:14:03.731,0.79,0.79011,1.00,1.00
2016.03.25 08:14:04.547,0.79,0.79011,1.00,1.00
2016.03.25 08:14:06.527,0.78999,0.79011,1.00,1.00
2016.03.25 08:14:08.007,0.79,0.7901,1.00,1.00
2016.03.25 08:14:08.528,0.79,0.79011,1.00,1.00
2016.03.25 08:14:14.495,0.79,0.79011,1.00,1.00
2016.03.25 08:14:18.515,0.79,0.7901,1.00,1.00
2016.03.25 08:14:20.258,0.78999,0.7901,1.00,1.00
2016.03.25 08:14:21.935,0.78999,0.7901,1.00,1.00
2016.03.25 08:14:22.444,0.78999,0.7901,1.00,1.00
2016.03.25 08:14:25.436,0.78999,0.79011,1.00,1.00
2016.03.25 08:14:25.792,0.79001,0.79011,1.00,1.00
2016.03.25 08:14:26.297,0.79,0.79011,1.00,1.00
2016.03.25 08:14:26.838,0.79001,0.79012,1.00,1.00
2016.03.25 08:14:27.443,0.79001,0.79012,1.00,1.00
2016.03.25 08:14:28.116,0.79001,0.79012,1.00,1.00
2016.03.25 08:14:32.353,0.79001,0.79015,1.00,1.00
2016.03.25 08:14:37.717,0.79001,0.79013,1.00,1.00
2016.03.25 08:14:41.176,0.78997,0.79013,3.00,1.00
2016.03.25 08:14:42.025,0.78998,0.79013,1.50,1.00
2016.03.25 08:14:42.527,0.78997,0.79013,3.00,1.00
2016.03.25 08:14:44.132,0.78998,0.79013,1.50,1.00
2016.03.25 08:14:45.063,0.78997,0.79013,3.00,1.00
2016.03.25 08:14:45.592,0.78998,0.79013,1.50,1.00
2016.03.25 08:14:46.101,0.78997,0.79013,1.50,1.00
2016.03.25 08:14:47.965,0.78998,0.79013,1.50,1.00
2016.03.25 08:14:48.570,0.78997,0.79013,1.50,1.00
2016.03.25 08:14:51.381,0.78998,0.79013,1.50,1.00
2016.03.25 08:14:52.031,0.78997,0.79013,1.50,1.00
2016.03.25 08:14:54.084,0.78997,0.79012,1.50,1.00
2016.03.25 08:14:54.632,0.78997,0.79013,3.00,1.00
2016.03.25 08:14:55.232,0.78998,0.79013,1.50,1.00
2016.03.25 08:14:55.764,0.78997,0.79012,1.50,1.00
2016.03.25 08:14:56.288,0.78998,0.79012,1.50,1.00
2016.03.25 08:14:56.919,0.78997,0.79012,3.00,1.00
2016.03.25 08:14:57.447,0.78998,0.79012,1.50,1.00
2016.03.25 08:14:57.962,0.78997,0.79011,1.50,1.00
2016.03.25 08:14:58.508,0.78998,0.79012,1.50,1.00
2016.03.25 08:14:59.017,0.78999,0.79012,1.50,1.00
2016.03.25 08:14:59.607,0.78998,0.79011,1.50,1.00
2016.03.25 08:15:00.428,0.78999,0.79013,1.50,1.00
2016.03.25 08:15:00.479,0.78999,0.79018,2.25,1.00
2016.03.25 08:15:00.581,0.79002,0.79023,1.12,1.00
2016.03.25 08:15:01.090,0.79003,0.79024,1.87,1.00
2016.03.25 08:15:10.683,0.79003,0.79025,1.12,1.00
2016.03.25 08:15:17.809,0.79002,0.79025,1.87,1.00
2016.03.25 08:15:20.636,0.79002,0.79024,1.12,1.00
2016.03.25 08:15:24.667,0.79001,0.79024,1.12,1.00
2016.03.25 08:15:34.903,0.79,0.79024,1.12,1.00
2016.03.25 08:15:36.378,0.79,0.79023,1.12,1.00
2016.03.25 08:15:37.314,0.78999,0.79023,1.12,1.00
2016.03.25 08:15:39.362,0.78999,0.79025,1.12,1.17
2016.03.25 08:15:48.324,0.79,0.79025,1.12,1.10
2016.03.25 08:16:14.053,0.78999,0.79025,1.12,1.17
2016.03.25 08:16:45.674,0.78999,0.79012,1.12,1.00
2016.03.25 08:16:45.828,0.78995,0.79012,2.62,1.00
2016.03.25 08:16:46.032,0.78994,0.79012,2.55,1.00
2016.03.25 08:16:46.548,0.78996,0.79012,1.33,1.00
2016.03.25 08:16:47.366,0.78996,0.79012,1.10,1.00
2016.03.25 08:16:51.140,0.78994,0.79024,1.51,1.35
2016.03.25 08:16:51.292,0.79004,0.79026,1.00,2.10
2016.03.25 08:16:51.344,0.79011,0.79026,1.00,1.00
2016.03.25 08:16:51.446,0.7901,0.79028,1.00,1.06
2016.03.25 08:16:51.978,0.7901,0.79029,1.00,1.00
2016.03.25 08:16:53.199,0.7901,0.79025,1.00,1.00
2016.03.25 08:16:53.506,0.78998,0.79012,1.33,1.00
2016.03.25 08:16:54.034,0.78994,0.79012,1.75,1.00
2016.03.25 08:16:54.543,0.78994,0.79012,1.51,1.00
2016.03.25 08:16:56.635,0.78996,0.79024,1.10,1.35
2016.03.25 08:16:56.838,0.7901,0.79026,1.00,1.90
2016.03.25 08:16:56.941,0.79011,0.79027,1.00,1.00
2016.03.25 08:16:57.043,0.7901,0.79029,1.00,1.06
2016.03.25 08:16:57.707,0.79009,0.7903,1.00,1.10
2016.03.25 08:17:02.131,0.79009,0.7903,1.00,1.00
2016.03.25 08:17:07.113,0.79009,0.79016,1.00,0.75
2016.03.25 08:17:07.215,0.79009,0.79025,1.00,1.00
2016.03.25 08:17:07.267,0.78996,0.79025,3.15,1.45
2016.03.25 08:17:07.369,0.79007,0.79029,1.00,1.59
2016.03.25 08:17:07.597,0.79009,0.79029,1.00,1.50
2016.03.25 08:17:08.264,0.7901,0.79029,1.00,1.50
2016.03.25 08:17:18.945,0.7901,0.79028,1.00,1.00
2016.03.25 08:17:19.454,0.7901,0.79029,1.00,1.50
2016.03.25 08:18:28.227,0.79011,0.79029,1.00,1.50
2016.03.25 08:18:32.313,0.79008,0.79029,1.00,1.50
2016.03.25 08:19:20.182,0.79008,0.79028,1.00,1.00
2016.03.25 08:19:20.234,0.79006,0.79028,1.06,1.00
2016.03.25 08:19:28.025,0.79006,0.79029,1.06,1.00
2016.03.25 08:19:28.228,0.79004,0.79027,1.33,1.00
2016.03.25 08:19:57.631,0.79004,0.79028,1.33,1.00
2016.03.25 08:20:05.987,0.79004,0.79029,1.33,1.50
2016.03.25 08:20:34.041,0.79004,0.79028,1.33,1.00
2016.03.25 08:21:44.772,0.79016,0.79028,1.00,1.00
2016.03.25 08:21:44.976,0.79016,0.79031,1.00,1.00
2016.03.25 08:21:45.079,0.79016,0.79033,1.00,1.06
2016.03.25 08:21:46.634,0.7901,0.79033,1.51,1.06
2016.03.25 08:21:46.737,0.7901,0.79033,1.20,1.20
2016.03.25 08:21:46.890,0.79009,0.79032,1.00,1.10
2016.03.25 08:21:47.042,0.79009,0.79032,1.00,1.28
2016.03.25 08:21:51.637,0.79009,0.79026,1.00,1.00
2016.03.25 08:22:02.318,0.79009,0.7903,1.00,1.27
2016.03.25 08:22:02.369,0.79009,0.7903,1.00,1.00
2016.03.25 08:22:02.705,0.79009,0.79029,1.33,1.00
2016.03.25 08:22:06.292,0.79009,0.79031,1.33,1.06
2016.03.25 08:22:08.342,0.79009,0.7903,1.33,1.00
2016.03.25 08:22:34.964,0.79009,0.79031,1.33,1.06
2016.03.25 08:22:35.067,0.79009,0.79031,1.00,1.04
2016.03.25 08:22:38.956,0.79009,0.79028,1.00,1.00
2016.03.25 08:23:06.500,0.79011,0.79028,1.00,1.00
2016.03.25 08:23:19.009,0.79009,0.79028,1.00,1.00
2016.03.25 08:23:24.556,0.79009,0.79027,1.00,1.00
2016.03.25 08:23:27.894,0.79009,0.79028,1.00,1.00
2016.03.25 08:23:28.691,0.79011,0.79028,1.00,1.00
2016.03.25 08:24:53.035,0.79011,0.79027,1.00,1.00
2016.03.25 08:25:38.947,0.79012,0.79027,1.00,1.00
2016.03.25 08:25:58.565,0.79012,0.79028,1.00,1.00
2016.03.25 08:26:26.833,0.79011,0.79028,1.00,1.00
2016.03.25 08:26:50.804,0.79011,0.79027,1.00,1.00
2016.03.25 08:27:26.689,0.79011,0.79028,1.00,1.00
2016.03.25 08:27:39.094,0.79011,0.79027,1.00,1.00
2016.03.25 08:28:43.482,0.79016,0.79027,1.00,1.00
2016.03.25 08:28:43.812,0.79018,0.79028,1.00,1.00
2016.03.25 08:28:44.169,0.7902,0.79028,1.00,1.00
2016.03.25 08:28:44.271,0.7902,0.79031,1.00,1.00
2016.03.25 08:28:44.475,0.79019,0.79033,1.00,1.00
2016.03.25 08:28:44.578,0.79021,0.79033,1.00,1.00
2016.03.25 08:28:45.172,0.79023,0.79033,1.00,1.00
2016.03.25 08:28:45.479,0.79021,0.79033,1.00,1.00
2016.03.25 08:28:47.865,0.79021,0.7903,1.00,1.00
2016.03.25 08:28:47.968,0.7902,0.79035,1.50,1.00
2016.03.25 08:28:48.071,0.7902,0.79037,1.50,1.00
2016.03.25 08:28:49.676,0.79021,0.79037,1.00,1.00
2016.03.25 08:28:50.260,0.79021,0.79036,1.00,1.00
2016.03.25 08:28:52.127,0.79022,0.79036,1.00,1.00
2016.03.25 08:28:53.295,0.79022,0.79034,1.00,1.00
2016.03.25 08:28:53.879,0.79022,0.79035,1.00,1.00
2016.03.25 08:28:57.929,0.79021,0.79035,1.00,1.00
2016.03.25 08:28:58.472,0.79021,0.79034,1.50,1.00
2016.03.25 08:29:00.186,0.79021,0.79035,1.50,1.00
2016.03.25 08:29:04.949,0.7902,0.79035,1.00,1.00
2016.03.25 08:29:05.181,0.79017,0.79035,1.06,1.00
2016.03.25 08:29:07.666,0.79017,0.79035,1.00,1.34
2016.03.25 08:29:21.329,0.79015,0.79035,1.04,1.34
2016.03.25 08:29:21.736,0.79011,0.79035,1.10,1.45
2016.03.25 08:29:31.362,0.79013,0.79035,1.00,1.45
2016.03.25 08:29:58.283,0.79011,0.79036,1.10,1.75
2016.03.25 08:30:07.203,0.79009,0.79034,1.33,1.45
2016.03.25 08:30:35.056,0.79008,0.79035,1.33,1.97
2016.03.25 08:30:48.015,0.79018,0.79035,1.00,1.97
2016.03.25 08:30:48.219,0.79018,0.79034,1.00,1.51
2016.03.25 08:30:48.422,0.79018,0.79034,1.00,1.09
2016.03.25 08:30:57.923,0.79009,0.79034,2.02,1.09
2016.03.25 08:30:58.076,0.79009,0.79034,1.51,1.51
2016.03.25 08:30:58.682,0.79009,0.79034,1.33,1.45
2016.03.25 08:33:05.138,0.79004,0.79033,1.97,1.45
2016.03.25 08:33:39.933,0.79011,0.79033,1.50,1.45
2016.03.25 08:33:40.307,0.79028,0.79033,1.00,1.00
2016.03.25 08:33:40.410,0.79028,0.79037,1.00,1.00
2016.03.25 08:33:40.817,0.79028,0.79033,1.00,1.00
2016.03.25 08:33:41.172,0.79025,0.79037,1.00,1.00
2016.03.25 08:33:41.274,0.79021,0.79033,1.00,1.00
2016.03.25 08:33:41.579,0.79029,0.79037,0.75,1.10
2016.03.25 08:33:41.885,0.79027,0.79037,1.00,1.34
2016.03.25 08:33:42.038,0.79027,0.79037,1.00,1.28
2016.03.25 08:33:42.365,0.79027,0.79037,1.00,1.33
2016.03.25 08:33:42.773,0.7903,0.79037,1.00,1.20
2016.03.25 08:33:42.875,0.79021,0.79032,1.00,1.00
2016.03.25 08:33:42.978,0.79029,0.79033,1.00,1.00
2016.03.25 08:33:43.182,0.79027,0.79033,1.00,1.00
2016.03.25 08:33:43.386,0.79027,0.79038,1.00,1.10
2016.03.25 08:33:43.785,0.79016,0.79038,2.25,1.06
2016.03.25 08:33:43.836,0.79019,0.79038,1.65,1.00
2016.03.25 08:33:43.938,0.79016,0.79038,1.05,1.00
2016.03.25 08:33:44.149,0.79012,0.79038,3.61,1.00
2016.03.25 08:33:44.201,0.79017,0.79038,2.17,1.00
2016.03.25 08:33:44.471,0.79017,0.79042,1.42,1.27
2016.03.25 08:33:44.881,0.79012,0.79042,1.44,1.00
2016.03.25 08:33:44.984,0.79016,0.79042,1.00,1.00
2016.03.25 08:33:45.295,0.79017,0.79033,1.00,1.00
2016.03.25 08:33:45.397,0.79013,0.79042,1.62,1.45
2016.03.25 08:33:45.550,0.79013,0.79043,1.62,3.04
2016.03.25 08:33:45.863,0.79028,0.79042,1.00,2.70
2016.03.25 08:33:46.719,0.79029,0.79043,0.75,3.22
2016.03.25 08:33:48.315,0.79015,0.79043,1.00,2.40
2016.03.25 08:33:48.366,0.79019,0.79043,1.65,1.95
2016.03.25 08:33:49.341,0.7902,0.79043,1.65,1.10
2016.03.25 08:33:50.201,0.79019,0.79043,1.65,1.10
2016.03.25 08:33:50.406,0.79018,0.79033,2.40,1.00
2016.03.25 08:33:50.713,0.79029,0.79043,0.75,2.10
2016.03.25 08:33:51.524,0.79015,0.79043,1.35,2.44
2016.03.25 08:33:51.626,0.79017,0.79043,1.10,1.84
2016.03.25 08:33:51.678,0.79017,0.79043,1.57,1.44
2016.03.25 08:33:52.541,0.79019,0.79042,1.65,1.87
2016.03.25 08:33:54.941,0.7902,0.79042,1.65,1.87
2016.03.25 08:33:56.618,0.7902,0.79043,1.65,1.00
2016.03.25 08:33:56.873,0.79018,0.79043,1.65,1.00
2016.03.25 08:33:56.975,0.7902,0.79043,1.65,1.00
2016.03.25 08:33:58.774,0.79019,0.79043,1.65,2.17
2016.03.25 08:33:59.678,0.7902,0.79043,1.65,2.17
2016.03.25 08:34:00.745,0.79019,0.79043,1.65,2.17
2016.03.25 08:34:01.541,0.7902,0.79043,1.65,2.17
2016.03.25 08:34:02.344,0.79018,0.79043,1.65,2.17
2016.03.25 08:34:02.856,0.79017,0.79043,2.40,2.17
2016.03.25 08:34:03.388,0.79019,0.79043,1.65,1.87
2016.03.25 08:34:04.744,0.7902,0.79043,1.65,1.87
2016.03.25 08:34:04.846,0.79017,0.79043,2.40,1.87
2016.03.25 08:34:05.327,0.79017,0.79043,1.65,2.06
2016.03.25 08:34:05.480,0.79016,0.79043,3.07,1.85
2016.03.25 08:34:05.748,0.79021,0.79033,1.00,1.00
2016.03.25 08:34:06.249,0.79019,0.79033,1.00,1.00
2016.03.25 08:34:08.298,0.79018,0.79042,1.65,1.50
2016.03.25 08:34:08.451,0.79013,0.79033,1.12,1.00
2016.03.25 08:34:08.553,0.79014,0.79043,1.69,1.20
2016.03.25 08:34:08.757,0.79016,0.79042,1.87,1.12
2016.03.25 08:34:09.062,0.79019,0.79032,1.00,1.00
2016.03.25 08:34:09.164,0.79018,0.79036,1.50,1.00
2016.03.25 08:34:09.318,0.79018,0.79038,1.00,1.51
2016.03.25 08:34:09.859,0.79018,0.79038,1.00,1.67
2016.03.25 08:34:14.606,0.79018,0.79035,1.00,1.33
2016.03.25 08:34:15.121,0.79018,0.79035,1.00,1.51
2016.03.25 08:34:21.521,0.79019,0.79033,1.00,1.10
2016.03.25 08:34:31.574,0.79017,0.79033,1.00,1.10
2016.03.25 08:34:52.117,0.79015,0.79032,1.00,1.06
2016.03.25 08:35:09.687,0.79015,0.79032,1.04,1.00
2016.03.25 08:35:10.198,0.79015,0.79033,1.06,1.06
2016.03.25 08:35:37.033,0.79023,0.79031,1.00,1.00
2016.03.25 08:35:37.545,0.79024,0.79031,1.00,1.00
2016.03.25 08:35:40.310,0.79021,0.79025,1.00,1.00
2016.03.25 08:35:40.412,0.79024,0.79031,1.00,1.00
2016.03.25 08:35:42.100,0.79024,0.79031,1.00,1.00
2016.03.25 08:35:42.152,0.79024,0.79028,1.00,1.00
2016.03.25 08:35:42.254,0.79024,0.79031,1.00,1.00
2016.03.25 08:36:28.340,0.79024,0.7903,1.00,1.00
2016.03.25 08:36:30.016,0.79024,0.79031,1.00,1.00
2016.03.25 08:36:34.040,0.79024,0.79032,1.00,1.00
2016.03.25 08:36:34.142,0.79024,0.79036,1.00,1.54
2016.03.25 08:36:34.684,0.79024,0.79036,1.00,1.00
2016.03.25 08:36:45.548,0.79024,0.79035,1.00,1.00
2016.03.25 08:36:46.068,0.79024,0.79036,1.00,1.00
2016.03.25 08:36:48.274,0.79024,0.79035,1.00,1.00
2016.03.25 08:36:48.844,0.79024,0.79036,1.00,1.00
2016.03.25 08:36:53.395,0.79024,0.79035,1.00,1.00
2016.03.25 08:36:53.447,0.79021,0.79035,1.00,1.00
2016.03.25 08:36:53.549,0.79017,0.79036,1.21,1.06
2016.03.25 08:36:53.651,0.79017,0.79036,1.31,1.28
2016.03.25 08:36:53.957,0.79017,0.79036,1.00,1.45
2016.03.25 08:36:54.466,0.79017,0.79036,1.00,1.75
2016.03.25 08:37:00.269,0.79011,0.79034,1.78,2.70
2016.03.25 08:37:00.422,0.79011,0.7903,1.29,1.00
2016.03.25 08:37:00.474,0.79011,0.7903,1.25,1.22
2016.03.25 08:37:02.524,0.79011,0.79028,1.00,1.10
2016.03.25 08:37:05.906,0.79011,0.79028,1.19,1.10
2016.03.25 08:37:08.101,0.79009,0.79021,1.19,1.00
2016.03.25 08:37:08.671,0.79011,0.79021,1.19,1.00
2016.03.25 08:37:13.074,0.79006,0.79021,1.00,1.00
2016.03.25 08:37:13.620,0.79007,0.79021,1.00,1.00
2016.03.25 08:37:17.810,0.79006,0.79021,1.00,1.00
2016.03.25 08:37:18.358,0.79007,0.79021,1.00,1.00
2016.03.25 08:37:18.866,0.79006,0.79021,1.00,1.00
2016.03.25 08:37:22.610,0.79009,0.79026,1.00,1.59
2016.03.25 08:37:22.814,0.7901,0.79028,2.25,1.12
2016.03.25 08:37:22.968,0.7901,0.79028,1.95,1.00
2016.03.25 08:37:23.019,0.79012,0.7903,1.10,1.00
2016.03.25 08:37:23.274,0.79015,0.79033,1.06,1.06
2016.03.25 08:37:23.815,0.79015,0.79033,1.04,1.00
2016.03.25 08:37:37.896,0.79015,0.79033,1.77,1.00
2016.03.25 08:38:01.408,0.79016,0.79032,1.10,1.00
2016.03.25 08:38:21.119,0.79016,0.79032,1.28,1.00
2016.03.25 08:38:29.094,0.79016,0.79032,1.77,1.00
2016.03.25 08:38:48.720,0.79016,0.79031,1.33,1.00
2016.03.25 08:38:48.874,0.79014,0.79031,1.33,1.00
2016.03.25 08:38:52.920,0.79013,0.79031,1.20,1.00
2016.03.25 08:39:10.048,0.79016,0.79033,1.00,1.00
2016.03.25 08:39:10.506,0.79014,0.7903,1.10,1.00
2016.03.25 08:39:15.918,0.79014,0.7903,1.12,1.00
2016.03.25 08:39:24.469,0.79013,0.79031,1.09,1.00
2016.03.25 08:39:26.594,0.79008,0.7902,1.09,1.00
2016.03.25 08:39:26.749,0.7901,0.79018,1.00,1.00
2016.03.25 08:39:26.852,0.79004,0.79018,1.00,1.00
2016.03.25 08:39:27.361,0.79004,0.79017,1.00,1.00
2016.03.25 08:39:27.767,0.79004,0.79024,1.00,1.75
2016.03.25 08:39:28.672,0.79004,0.79024,1.00,1.45
2016.03.25 08:39:31.648,0.79002,0.79024,1.00,1.45
2016.03.25 08:39:34.411,0.79002,0.79024,1.00,1.67
2016.03.25 08:39:46.446,0.79002,0.79024,1.19,1.67
2016.03.25 08:39:51.735,0.79004,0.79023,1.19,1.75
2016.03.25 08:39:56.225,0.79001,0.79023,1.06,1.75
2016.03.25 08:39:59.096,0.79005,0.79023,1.19,1.75
2016.03.25 08:40:02.804,0.79001,0.79023,1.06,1.75
2016.03.25 08:40:07.485,0.78998,0.7902,1.10,1.28
2016.03.25 08:40:08.047,0.78998,0.7902,1.12,1.45
2016.03.25 08:40:13.542,0.78998,0.7902,1.12,1.75
2016.03.25 08:40:36.980,0.78997,0.79019,1.00,1.51
2016.03.25 08:40:37.856,0.78997,0.79018,1.00,1.51
2016.03.25 08:41:00.283,0.78997,0.79017,1.00,1.42
2016.03.25 08:41:08.327,0.78996,0.79017,1.00,1.75
2016.03.25 08:41:23.690,0.78996,0.79016,1.00,1.75
2016.03.25 08:41:25.007,0.79002,0.79016,1.00,1.75
2016.03.25 08:41:25.110,0.79003,0.79016,1.00,1.00
2016.03.25 08:41:36.389,0.78999,0.79005,1.06,1.00
2016.03.25 08:41:36.491,0.79004,0.79012,1.00,1.00
2016.03.25 08:41:36.593,0.78999,0.79013,1.54,1.00
2016.03.25 08:41:36.796,0.79003,0.79013,1.00,1.00
2016.03.25 08:41:37.203,0.7901,0.79014,1.00,1.00
2016.03.25 08:41:37.254,0.7901,0.79017,1.00,1.00
2016.03.25 08:41:37.306,0.79007,0.79017,1.00,1.00
2016.03.25 08:41:37.509,0.79003,0.79017,1.00,1.00
2016.03.25 08:41:37.777,0.79007,0.79017,1.00,1.00
2016.03.25 08:41:37.829,0.79003,0.79017,1.00,1.00
2016.03.25 08:41:38.745,0.79003,0.79017,1.10,1.00
2016.03.25 08:41:39.247,0.79003,0.79018,1.10,1.00
2016.03.25 08:41:39.570,0.79004,0.79027,1.10,1.39
2016.03.25 08:41:39.622,0.79011,0.79031,1.00,1.55
2016.03.25 08:41:40.131,0.79012,0.79037,1.00,3.04
2016.03.25 08:41:40.386,0.79012,0.79037,1.12,1.90
2016.03.25 08:41:45.878,0.79007,0.79036,1.75,1.97
2016.03.25 08:41:46.389,0.79004,0.79036,1.35,1.90
2016.03.25 08:42:12.724,0.79004,0.79037,1.35,1.90
2016.03.25 08:43:28.019,0.79004,0.79037,1.35,1.09
2016.03.25 08:43:28.278,0.79002,0.79032,1.90,1.42
2016.03.25 08:43:28.636,0.79001,0.79028,1.75,1.51
2016.03.25 08:44:13.055,0.79001,0.79031,1.67,1.65
2016.03.25 08:45:08.889,0.79001,0.79032,2.10,1.97
2016.03.25 08:45:16.909,0.79001,0.79033,1.90,1.09
2016.03.25 08:46:39.326,0.79005,0.79035,1.75,2.15
2016.03.25 08:46:39.428,0.79003,0.79035,1.90,1.92
2016.03.25 08:46:39.941,0.79003,0.79035,1.90,1.75
2016.03.25 08:46:56.024,0.79003,0.79035,2.10,1.45
2016.03.25 08:46:56.533,0.79003,0.79035,1.35,1.75
2016.03.25 08:47:31.685,0.79003,0.79037,1.35,2.15
2016.03.25 08:47:31.787,0.79002,0.79036,1.35,1.35
2016.03.25 08:47:54.218,0.79001,0.79039,1.35,1.00
2016.03.25 08:47:54.380,0.79001,0.79039,1.35,1.00
2016.03.25 08:47:54.432,0.79004,0.79044,1.35,1.12
2016.03.25 08:47:57.776,0.79004,0.79042,1.35,1.00
2016.03.25 08:47:58.131,0.79004,0.79044,1.35,1.12
2016.03.25 08:47:59.427,0.79004,0.79044,1.35,1.06
2016.03.25 08:47:59.948,0.79004,0.79044,1.35,1.06
2016.03.25 08:48:00.526,0.79004,0.79042,1.35,1.00
2016.03.25 08:48:01.109,0.79004,0.79044,1.35,1.06
2016.03.25 08:48:30.176,0.79006,0.79044,1.35,1.06
2016.03.25 08:48:30.782,0.79006,0.79044,1.35,1.06
2016.03.25 08:48:42.004,0.79006,0.79043,1.35,1.00
2016.03.25 08:48:42.511,0.79006,0.79044,1.35,1.06
2016.03.25 08:48:42.614,0.79006,0.79041,1.35,1.00
2016.03.25 08:48:42.964,0.79006,0.79043,1.35,1.00
2016.03.25 08:48:43.503,0.79006,0.79044,1.35,1.06
2016.03.25 08:49:05.088,0.79006,0.79042,1.35,1.00
2016.03.25 08:49:05.305,0.79006,0.79044,1.35,1.06
2016.03.25 08:49:05.479,0.79006,0.79044,1.35,1.06
2016.03.25 08:49:05.530,0.79006,0.79042,1.35,1.00
2016.03.25 08:49:27.748,0.79007,0.79043,1.35,1.00
2016.03.25 08:49:28.259,0.79006,0.79042,1.35,1.50
2016.03.25 08:49:29.212,0.79006,0.79043,1.35,1.00
2016.03.25 08:49:29.785,0.79006,0.79042,1.35,1.50
2016.03.25 08:49:30.876,0.79006,0.79043,1.35,1.00
2016.03.25 08:49:31.250,0.79006,0.79041,1.35,1.00
2016.03.25 08:49:32.777,0.79007,0.79042,1.35,1.00
2016.03.25 08:49:33.351,0.79006,0.79041,1.35,1.00
2016.03.25 08:49:34.282,0.79006,0.79043,1.35,1.00
2016.03.25 08:49:34.486,0.79006,0.79041,1.35,1.00
2016.03.25 08:49:35.471,0.79006,0.79043,1.35,1.00
2016.03.25 08:49:35.777,0.79006,0.79041,1.35,1.00
2016.03.25 08:49:58.636,0.79004,0.79038,1.35,1.00
2016.03.25 08:49:58.738,0.79004,0.79038,1.35,1.00
2016.03.25 08:50:46.868,0.79003,0.79042,1.35,1.00
2016.03.25 08:50:46.970,0.79003,0.7904,1.35,1.00
2016.03.25 08:50:47.522,0.79004,0.79041,1.35,1.00
2016.03.25 08:50:48.563,0.79004,0.79044,2.10,1.12
2016.03.25 08:50:48.975,0.79004,0.79044,2.10,1.06
2016.03.25 08:51:03.313,0.79006,0.79046,2.10,1.33
2016.03.25 08:51:03.893,0.79006,0.79046,2.10,1.33
2016.03.25 08:52:53.766,0.79006,0.79046,1.35,1.27
2016.03.25 08:53:11.843,0.7901,0.79048,1.35,1.95
2016.03.25 08:53:52.972,0.7901,0.79044,1.35,1.10
2016.03.25 08:54:19.901,0.7901,0.79044,1.35,1.06
2016.03.25 08:54:25.955,0.7901,0.79044,1.35,1.06
2016.03.25 08:54:29.261,0.79009,0.79049,1.35,1.90
2016.03.25 08:54:31.262,0.79009,0.79049,1.35,1.75
2016.03.25 08:54:33.984,0.79009,0.7905,2.10,1.90
2016.03.25 08:54:47.906,0.7901,0.7905,2.10,1.90
2016.03.25 08:54:59.203,0.79011,0.7905,1.90,1.90
2016.03.25 08:54:59.770,0.79015,0.7905,1.90,1.90
2016.03.25 08:55:03.893,0.79015,0.7905,1.35,1.90
2016.03.25 08:55:04.270,0.79015,0.79049,1.35,1.90
2016.03.25 08:55:20.547,0.79014,0.79049,1.35,2.40
2016.03.25 08:55:32.515,0.79013,0.79049,1.35,1.90
2016.03.25 08:55:41.299,0.79014,0.79049,1.35,1.90
2016.03.25 08:55:43.836,0.79013,0.79049,1.35,1.90
2016.03.25 08:55:44.519,0.79011,0.79048,1.35,1.97
2016.03.25 08:55:45.068,0.79011,0.79048,1.35,1.97
2016.03.25 08:55:48.308,0.79011,0.79049,1.35,1.90
2016.03.25 08:55:48.614,0.79019,0.7905,1.90,1.45
2016.03.25 08:55:48.921,0.79021,0.79049,1.67,1.51
2016.03.25 08:55:49.227,0.7902,0.79049,1.90,1.10
2016.03.25 08:55:49.733,0.79022,0.79049,1.97,1.06
2016.03.25 08:55:54.955,0.79021,0.79049,1.90,1.28
2016.03.25 08:55:55.290,0.79017,0.7905,1.35,1.75
2016.03.25 08:55:55.595,0.79017,0.7905,1.35,1.75
2016.03.25 08:55:57.361,0.79017,0.7905,1.35,1.67
2016.03.25 08:56:15.516,0.79017,0.7905,1.35,1.97
2016.03.25 08:56:21.133,0.79015,0.7905,1.35,1.90
2016.03.25 08:56:23.442,0.79013,0.7905,1.35,1.90
2016.03.25 08:56:32.916,0.79013,0.7905,1.35,1.90
2016.03.25 08:56:34.772,0.79013,0.7905,1.35,1.90
2016.03.25 08:56:44.431,0.79013,0.7905,1.35,1.90
2016.03.25 08:57:27.552,0.79015,0.7905,1.35,1.97
2016.03.25 08:57:44.977,0.79014,0.7905,1.90,1.90
2016.03.25 08:57:45.079,0.79014,0.79047,1.67,2.17
2016.03.25 08:57:45.131,0.79014,0.79047,1.45,2.40
2016.03.25 08:57:51.260,0.79012,0.79043,1.45,1.59
2016.03.25 08:57:58.670,0.79012,0.79041,1.45,1.50
2016.03.25 08:57:59.172,0.79012,0.7904,1.45,1.50
2016.03.25 08:57:59.776,0.79012,0.79041,1.45,1.50
2016.03.25 08:58:00.396,0.79012,0.7904,1.45,1.50
2016.03.25 08:58:00.934,0.79012,0.79041,1.45,1.50
2016.03.25 08:58:03.311,0.79012,0.7904,1.45,1.50
2016.03.25 08:58:03.845,0.79012,0.79041,1.45,1.50
2016.03.25 08:58:04.358,0.79012,0.79043,1.45,2.34
2016.03.25 08:58:16.500,0.79013,0.79041,1.51,1.50
2016.03.25 08:58:17.180,0.79013,0.79042,1.51,1.54
2016.03.25 08:58:17.384,0.79013,0.79041,1.42,1.50
2016.03.25 08:58:17.710,0.79013,0.79052,1.90,2.85
2016.03.25 08:58:18.015,0.79013,0.79052,1.90,2.85
2016.03.25 08:58:40.267,0.79012,0.79049,2.10,1.90
2016.03.25 08:59:35.386,0.79012,0.7905,1.35,1.90
