2007.11.09 09:00:00.460,0.69685,0.69695,0.30,0.30
2007.11.09 09:00:00.698,0.69685,0.69695,0.30,0.30
2007.11.09 09:00:01.072,0.69685,0.69695,0.30,0.30
2007.11.09 09:00:01.802,0.69685,0.69695,0.30,0.30
2007.11.09 09:00:04.022,0.69685,0.69695,0.30,0.30
2007.11.09 09:00:04.126,0.69685,0.69695,0.30,0.30
2007.11.09 09:00:04.428,0.69685,0.69695,0.30,0.30
2007.11.09 09:00:06.595,0.69685,0.69695,0.30,0.30
2007.11.09 09:00:06.818,0.69685,0.69695,0.30,0.30
2007.11.09 09:00:07.235,0.69685,0.69695,0.30,0.30
2007.11.09 09:00:07.389,0.69685,0.69695,0.30,0.30
2007.11.09 09:00:07.541,0.69685,0.69705,0.30,41.70
2007.11.09 09:00:07.874,0.69685,0.697,0.30,0.90
2007.11.09 09:00:08.207,0.69685,0.69705,0.30,39.50
2007.11.09 09:00:08.540,0.69685,0.69705,0.30,39.50
2007.11.09 09:00:09.020,0.69685,0.697,0.30,0.30
2007.11.09 09:00:09.183,0.69685,0.69705,0.30,41.10
2007.11.09 09:00:09.346,0.69685,0.697,0.30,0.30
2007.11.09 09:00:09.571,0.69685,0.69705,0.30,41.90
2007.11.09 09:00:09.853,0.69685,0.697,0.30,0.30
2007.11.09 09:00:10.132,0.69685,0.69705,0.30,42.40
2007.11.09 09:00:10.300,0.69685,0.697,0.30,0.80
2007.11.09 09:00:11.823,0.69685,0.697,0.30,0.80
2007.11.09 09:00:12.687,0.69685,0.697,0.30,0.70
2007.11.09 09:00:13.020,0.69685,0.697,0.30,0.30
2007.11.09 09:00:13.492,0.69685,0.69705,0.30,37.00
2007.11.09 09:00:13.826,0.69685,0.697,4.20,0.30
2007.11.09 09:00:13.997,0.69685,0.697,4.20,0.30
2007.11.09 09:00:14.159,0.69685,0.697,0.30,0.30
2007.11.09 09:00:14.323,0.69685,0.697,0.30,0.30
2007.11.09 09:00:14.485,0.69685,0.69705,0.30,41.00
2007.11.09 09:00:14.664,0.69685,0.69705,0.30,41.00
2007.11.09 09:00:15.211,0.69685,0.69705,0.30,41.00
2007.11.09 09:00:15.464,0.69685,0.69705,0.30,41.00
2007.11.09 09:00:15.722,0.69685,0.697,0.30,0.30
2007.11.09 09:00:15.888,0.69685,0.69705,0.30,42.60
2007.11.09 09:00:15.991,0.69685,0.69705,0.30,43.40
2007.11.09 09:00:16.810,0.69685,0.697,0.30,0.30
2007.11.09 09:00:17.027,0.69685,0.697,0.30,0.80
2007.11.09 09:00:17.255,0.69685,0.697,0.30,0.90
2007.11.09 09:00:17.564,0.69685,0.69705,0.30,50.70
2007.11.09 09:00:17.975,0.69685,0.69705,0.30,51.50
2007.11.09 09:00:18.307,0.69685,0.697,0.30,0.50
2007.11.09 09:00:18.639,0.69685,0.69705,0.30,50.70
2007.11.09 09:00:18.973,0.69685,0.69705,0.30,53.90
2007.11.09 09:00:19.135,0.69685,0.69705,0.30,54.70
2007.11.09 09:00:19.299,0.69685,0.69705,0.30,54.70
2007.11.09 09:00:19.462,0.69685,0.69705,0.30,50.70
2007.11.09 09:00:20.083,0.69685,0.69705,0.30,50.70
2007.11.09 09:00:20.303,0.69685,0.697,0.30,0.80
2007.11.09 09:00:20.520,0.69685,0.69705,0.30,46.70
2007.11.09 09:00:21.811,0.69685,0.69695,0.30,0.30
2007.11.09 09:00:21.983,0.69685,0.69705,0.30,46.70
2007.11.09 09:00:22.316,0.69685,0.69705,0.30,39.50
2007.11.09 09:00:22.650,0.69685,0.697,0.30,1.40
2007.11.09 09:00:22.983,0.69685,0.69695,0.30,0.30
2007.11.09 09:00:23.116,0.69685,0.697,0.30,1.40
2007.11.09 09:00:23.411,0.69685,0.69695,0.30,0.30
2007.11.09 09:00:23.609,0.69685,0.697,0.30,1.40
2007.11.09 09:00:23.743,0.69685,0.69695,0.30,0.30
2007.11.09 09:00:23.875,0.69685,0.69695,0.30,0.30
2007.11.09 09:00:24.009,0.6968,0.697,4.20,4.60
2007.11.09 09:00:24.302,0.6968,0.69695,0.30,0.30
2007.11.09 09:00:24.597,0.69685,0.697,0.30,1.40
2007.11.09 09:00:24.890,0.69685,0.697,0.30,1.40
2007.11.09 09:00:25.183,0.69685,0.69695,0.30,0.30
2007.11.09 09:00:25.452,0.69685,0.697,0.30,0.90
2007.11.09 09:00:25.603,0.69685,0.697,0.30,0.90
2007.11.09 09:00:25.984,0.69685,0.69705,0.30,69.00
2007.11.09 09:00:26.807,0.69685,0.69695,0.30,0.30
2007.11.09 09:00:27.114,0.69685,0.69695,0.30,0.30
2007.11.09 09:00:27.632,0.69685,0.69705,0.30,69.00
2007.11.09 09:00:27.965,0.69685,0.69695,0.30,0.30
2007.11.09 09:00:28.513,0.69685,0.69705,0.30,69.00
2007.11.09 09:00:28.680,0.69685,0.69705,0.30,69.00
2007.11.09 09:00:29.169,0.69685,0.697,0.30,0.90
2007.11.09 09:00:29.447,0.69685,0.69695,0.30,0.30
2007.11.09 09:00:29.726,0.69685,0.697,0.30,1.20
2007.11.09 09:00:30.005,0.69685,0.697,0.30,1.20
2007.11.09 09:00:30.366,0.69685,0.697,0.30,1.20
2007.11.09 09:00:30.967,0.69685,0.697,0.30,1.20
2007.11.09 09:00:31.100,0.69685,0.697,0.30,1.20
2007.11.09 09:00:31.826,0.69685,0.69695,0.30,0.30
2007.11.09 09:00:32.423,0.69685,0.69695,0.30,0.30
2007.11.09 09:00:32.845,0.69685,0.69695,0.30,0.30
2007.11.09 09:00:33.179,0.69685,0.69695,0.30,0.30
2007.11.09 09:00:33.512,0.69685,0.69695,0.30,0.30
2007.11.09 09:00:33.847,0.69685,0.69695,0.30,0.30
2007.11.09 09:00:34.162,0.69685,0.69695,0.30,0.30
2007.11.09 09:00:34.375,0.69685,0.69695,0.30,0.30
2007.11.09 09:00:35.431,0.69685,0.69695,0.30,0.30
2007.11.09 09:00:35.624,0.69685,0.69695,0.30,0.30
2007.11.09 09:00:35.816,0.69685,0.69695,0.30,0.30
2007.11.09 09:00:36.010,0.6969,0.697,0.30,4.70
2007.11.09 09:00:36.204,0.6969,0.697,0.30,4.20
2007.11.09 09:00:36.802,0.6969,0.697,0.30,4.20
2007.11.09 09:00:37.021,0.6969,0.697,0.30,4.20
2007.11.09 09:00:37.238,0.6969,0.697,0.30,4.20
2007.11.09 09:00:37.456,0.6969,0.697,0.30,4.20
2007.11.09 09:00:41.827,0.6969,0.697,0.30,4.20
2007.11.09 09:00:43.008,0.6969,0.697,0.30,4.20
2007.11.09 09:00:43.344,0.6969,0.697,0.30,4.20
2007.11.09 09:00:46.827,0.6969,0.697,0.30,4.20
2007.11.09 09:00:48.155,0.6969,0.697,0.30,4.20
2007.11.09 09:00:51.826,0.6969,0.697,0.30,4.20
2007.11.09 09:00:52.192,0.6969,0.697,0.30,4.20
2007.11.09 09:00:52.734,0.6969,0.697,0.30,4.20
2007.11.09 09:00:53.061,0.69685,0.697,21.00,4.20
2007.11.09 09:00:53.394,0.69685,0.697,2.60,4.20
2007.11.09 09:00:54.789,0.69685,0.697,6.60,4.20
2007.11.09 09:00:56.797,0.69685,0.697,6.60,4.20
2007.11.09 09:00:57.039,0.69685,0.69695,4.00,0.30
2007.11.09 09:00:57.282,0.6968,0.69695,8.20,0.30
2007.11.09 09:00:57.616,0.6968,0.69695,8.20,0.30
2007.11.09 09:01:01.019,0.6968,0.69695,8.20,0.30
2007.11.09 09:01:01.204,0.69685,0.69695,0.30,0.30
2007.11.09 09:01:01.816,0.69685,0.69695,0.30,0.30
2007.11.09 09:01:02.103,0.69685,0.69695,0.30,0.30
2007.11.09 09:01:02.419,0.69685,0.69695,0.30,0.30
2007.11.09 09:01:02.903,0.69685,0.69695,0.30,0.30
2007.11.09 09:01:03.236,0.69685,0.69695,0.30,0.30
2007.11.09 09:01:03.902,0.6968,0.69695,8.30,0.30
2007.11.09 09:01:04.962,0.69685,0.69695,0.30,0.30
2007.11.09 09:01:05.237,0.69685,0.69695,0.30,0.30
2007.11.09 09:01:06.808,0.69685,0.69695,0.30,0.30
2007.11.09 09:01:07.006,0.6968,0.69695,0.30,0.30
2007.11.09 09:01:07.204,0.6968,0.69695,0.30,6.60
2007.11.09 09:01:07.760,0.6968,0.69695,0.30,10.60
2007.11.09 09:01:08.136,0.6968,0.69695,0.30,10.60
2007.11.09 09:01:09.629,0.6968,0.69695,0.30,6.60
2007.11.09 09:01:11.847,0.6968,0.69695,0.30,6.60
2007.11.09 09:01:16.838,0.6968,0.69695,0.30,6.60
2007.11.09 09:01:18.128,0.6968,0.69695,0.30,2.60
2007.11.09 09:01:18.461,0.6968,0.69695,0.30,0.30
2007.11.09 09:01:19.434,0.6968,0.69695,0.30,0.30
2007.11.09 09:01:21.109,0.6968,0.69695,0.30,0.30
2007.11.09 09:01:21.429,0.6968,0.69695,0.30,0.30
2007.11.09 09:01:21.836,0.6968,0.69695,0.30,0.30
2007.11.09 09:01:25.167,0.6968,0.69695,0.30,0.30
2007.11.09 09:01:25.361,0.6968,0.69695,0.30,0.30
2007.11.09 09:01:25.539,0.6968,0.69695,0.30,0.30
2007.11.09 09:01:26.517,0.6968,0.6969,0.30,0.30
2007.11.09 09:01:26.770,0.6968,0.6969,0.30,0.30
2007.11.09 09:01:27.024,0.6968,0.6969,0.30,0.30
2007.11.09 09:01:27.600,0.6968,0.6969,0.30,0.30
2007.11.09 09:01:27.933,0.6968,0.6969,0.30,0.30
2007.11.09 09:01:29.753,0.6968,0.6969,0.30,0.30
2007.11.09 09:01:29.926,0.6968,0.6969,0.30,0.30
2007.11.09 09:01:30.099,0.6968,0.6969,0.30,0.30
2007.11.09 09:01:30.296,0.6968,0.6969,0.30,0.30
2007.11.09 09:01:30.495,0.6968,0.6969,0.30,0.30
2007.11.09 09:01:31.815,0.6968,0.6969,0.30,0.30
2007.11.09 09:01:32.527,0.6968,0.6969,0.30,0.30
2007.11.09 09:01:32.860,0.6968,0.69695,0.30,10.60
2007.11.09 09:01:34.972,0.6968,0.69695,0.30,10.60
2007.11.09 09:01:35.599,0.6968,0.69695,0.30,10.60
2007.11.09 09:01:35.850,0.6968,0.69695,0.30,10.60
2007.11.09 09:01:36.165,0.6968,0.69695,0.30,10.60
2007.11.09 09:01:36.554,0.6968,0.6969,0.30,0.30
2007.11.09 09:01:36.833,0.6968,0.6969,0.30,0.30
2007.11.09 09:01:37.097,0.69675,0.6969,37.80,0.30
2007.11.09 09:01:37.360,0.69675,0.6969,19.40,0.30
2007.11.09 09:01:37.923,0.69675,0.6969,19.40,0.30
2007.11.09 09:01:38.257,0.69675,0.6969,19.40,0.30
2007.11.09 09:01:39.163,0.69675,0.6969,19.40,0.30
2007.11.09 09:01:39.367,0.69675,0.6969,19.40,0.30
2007.11.09 09:01:39.579,0.69675,0.6969,27.40,0.30
2007.11.09 09:01:39.935,0.69675,0.6969,27.40,0.30
2007.11.09 09:01:40.151,0.69675,0.69685,25.00,0.30
2007.11.09 09:01:40.363,0.69675,0.69685,25.00,0.30
2007.11.09 09:01:40.526,0.69675,0.69685,25.00,0.30
2007.11.09 09:01:40.689,0.69675,0.69685,20.80,0.30
2007.11.09 09:01:40.909,0.69675,0.69685,20.80,0.30
2007.11.09 09:01:41.073,0.69675,0.6969,25.00,0.30
2007.11.09 09:01:41.235,0.69675,0.6969,27.40,0.30
2007.11.09 09:01:41.424,0.69675,0.6969,27.40,0.30
2007.11.09 09:01:41.607,0.69675,0.6969,27.40,0.30
2007.11.09 09:01:41.831,0.69675,0.6969,27.40,0.30
2007.11.09 09:01:42.100,0.69675,0.6969,27.40,0.30
2007.11.09 09:01:42.422,0.69675,0.6969,27.40,0.30
2007.11.09 09:01:45.075,0.69675,0.6969,19.40,0.30
2007.11.09 09:01:45.293,0.69675,0.6969,19.40,0.30
2007.11.09 09:01:45.511,0.69675,0.6969,19.40,0.30
2007.11.09 09:01:46.812,0.69675,0.6969,19.40,0.30
2007.11.09 09:01:50.389,0.69675,0.6969,19.40,4.20
2007.11.09 09:01:51.825,0.69675,0.6969,19.40,4.20
2007.11.09 09:01:56.828,0.69675,0.6969,19.40,4.20
2007.11.09 09:02:00.953,0.69675,0.6969,19.40,4.20
2007.11.09 09:02:01.820,0.69675,0.6969,19.40,4.20
2007.11.09 09:02:02.172,0.69675,0.6969,19.40,4.20
2007.11.09 09:02:02.505,0.69675,0.6969,19.40,0.30
2007.11.09 09:02:05.086,0.69675,0.6969,19.40,0.30
2007.11.09 09:02:05.308,0.69675,0.6969,23.40,0.30
2007.11.09 09:02:05.456,0.69675,0.6969,19.40,0.30
2007.11.09 09:02:05.825,0.69675,0.6969,19.40,0.30
2007.11.09 09:02:06.760,0.69675,0.6969,19.40,0.30
2007.11.09 09:02:07.694,0.69675,0.6969,19.40,4.20
2007.11.09 09:02:08.020,0.69675,0.6969,19.40,4.20
2007.11.09 09:02:08.353,0.69675,0.6969,19.40,4.20
2007.11.09 09:02:08.509,0.69675,0.6969,19.40,0.70
2007.11.09 09:02:08.528,0.69675,0.69695,19.40,58.00
2007.11.09 09:02:08.933,0.69675,0.6969,19.40,0.50
2007.11.09 09:02:09.139,0.69675,0.69695,19.40,58.00
2007.11.09 09:02:09.427,0.69675,0.6969,19.40,0.60
2007.11.09 09:02:09.715,0.69675,0.69695,19.40,59.40
2007.11.09 09:02:10.175,0.69675,0.69695,19.40,57.80
2007.11.09 09:02:10.843,0.69675,0.69695,19.40,57.80
2007.11.09 09:02:11.060,0.69675,0.69695,19.40,57.80
2007.11.09 09:02:11.423,0.69675,0.69695,19.20,59.20
2007.11.09 09:02:11.810,0.69675,0.6969,19.20,0.50
2007.11.09 09:02:12.877,0.69675,0.6969,19.20,0.90
2007.11.09 09:02:13.209,0.69675,0.69695,19.20,59.20
2007.11.09 09:02:13.543,0.69675,0.6969,23.20,0.90
2007.11.09 09:02:13.737,0.69675,0.69695,23.20,55.20
2007.11.09 09:02:13.930,0.69675,0.6969,19.20,0.50
2007.11.09 09:02:14.123,0.69675,0.6969,19.20,0.90
2007.11.09 09:02:14.316,0.6968,0.6969,0.30,0.90
2007.11.09 09:02:14.609,0.6968,0.6969,0.30,0.30
2007.11.09 09:02:14.902,0.6968,0.69695,0.30,26.70
2007.11.09 09:02:15.207,0.6968,0.69695,0.30,26.70
2007.11.09 09:02:15.500,0.6968,0.6969,0.30,0.30
2007.11.09 09:02:15.777,0.6968,0.69695,0.30,26.70
2007.11.09 09:02:16.021,0.6968,0.69695,0.30,26.70
2007.11.09 09:02:16.403,0.6968,0.6969,0.30,0.30
2007.11.09 09:02:16.643,0.6968,0.6969,0.30,0.30
2007.11.09 09:02:17.020,0.6968,0.69695,0.30,26.70
2007.11.09 09:02:17.258,0.6968,0.6969,0.30,0.30
2007.11.09 09:02:17.771,0.6968,0.69695,0.30,26.70
2007.11.09 09:02:18.105,0.6968,0.6969,0.30,0.30
2007.11.09 09:02:18.438,0.6968,0.6969,0.30,0.30
2007.11.09 09:02:19.142,0.6968,0.69695,0.30,31.50
2007.11.09 09:02:19.305,0.6968,0.69695,0.30,31.50
2007.11.09 09:02:19.464,0.6968,0.69695,0.30,31.50
2007.11.09 09:02:20.363,0.6968,0.69695,0.30,31.50
2007.11.09 09:02:21.828,0.6968,0.6969,0.30,0.30
2007.11.09 09:02:24.201,0.6968,0.69695,0.30,31.50
2007.11.09 09:02:25.118,0.6968,0.6969,0.30,0.30
2007.11.09 09:02:26.324,0.6968,0.69695,0.30,31.50
2007.11.09 09:02:26.478,0.6968,0.69695,0.30,31.50
2007.11.09 09:02:26.795,0.6968,0.6969,0.30,0.30
2007.11.09 09:02:28.205,0.6968,0.6969,0.30,0.30
2007.11.09 09:02:30.177,0.6968,0.69695,0.30,31.50
2007.11.09 09:02:30.439,0.6968,0.69695,0.30,28.30
2007.11.09 09:02:30.686,0.6968,0.69695,0.30,20.30
2007.11.09 09:02:30.910,0.6968,0.6969,0.30,0.30
2007.11.09 09:02:31.133,0.6968,0.69695,0.30,9.90
2007.11.09 09:02:31.287,0.6968,0.69695,0.30,9.90
2007.11.09 09:02:31.443,0.6968,0.6969,0.30,0.30
2007.11.09 09:02:31.699,0.6968,0.6969,0.30,0.30
2007.11.09 09:02:31.853,0.6968,0.69695,0.30,28.30
2007.11.09 09:02:32.006,0.6968,0.6969,0.30,0.30
2007.11.09 09:02:32.340,0.6968,0.6969,0.30,0.30
2007.11.09 09:02:32.673,0.6968,0.6969,0.30,0.30
2007.11.09 09:02:33.005,0.6968,0.6969,0.30,0.30
2007.11.09 09:02:33.369,0.6968,0.6969,0.30,0.30
2007.11.09 09:02:33.781,0.6968,0.69695,0.30,30.70
2007.11.09 09:02:33.950,0.6968,0.69695,0.30,30.70
2007.11.09 09:02:34.147,0.69675,0.69695,49.80,30.70
2007.11.09 09:02:34.352,0.69675,0.6969,15.40,0.30
2007.11.09 09:02:34.555,0.69675,0.6969,15.40,0.70
2007.11.09 09:02:35.532,0.69675,0.6969,15.40,0.50
2007.11.09 09:02:36.436,0.69675,0.6969,15.40,0.50
2007.11.09 09:02:36.812,0.69675,0.6969,15.40,4.20
2007.11.09 09:02:39.928,0.69675,0.6969,15.40,4.20
2007.11.09 09:02:40.187,0.69675,0.6969,15.40,4.20
2007.11.09 09:02:40.371,0.69675,0.6969,19.40,4.20
2007.11.09 09:02:40.556,0.69675,0.6969,23.40,4.20
2007.11.09 09:02:40.738,0.69675,0.6969,24.20,4.20
2007.11.09 09:02:40.922,0.69675,0.6969,23.40,4.20
2007.11.09 09:02:41.201,0.69675,0.6969,23.40,4.20
2007.11.09 09:02:41.517,0.69675,0.6969,27.40,0.30
2007.11.09 09:02:41.832,0.69675,0.6969,27.40,0.30
2007.11.09 09:02:42.145,0.69675,0.6969,27.40,0.30
2007.11.09 09:02:42.479,0.69675,0.6969,19.40,0.30
2007.11.09 09:02:43.376,0.69675,0.6969,19.40,0.30
2007.11.09 09:02:44.110,0.69675,0.6969,19.40,0.30
2007.11.09 09:02:44.653,0.69675,0.6969,27.40,0.30
2007.11.09 09:02:44.872,0.6968,0.6969,0.30,0.30
2007.11.09 09:02:45.089,0.6968,0.6969,0.30,0.30
2007.11.09 09:02:45.308,0.6968,0.6969,0.30,0.30
2007.11.09 09:02:45.879,0.6968,0.6969,0.30,0.30
2007.11.09 09:02:46.189,0.6968,0.6969,0.30,0.30
2007.11.09 09:02:46.408,0.6968,0.6969,0.30,0.30
2007.11.09 09:02:46.617,0.6968,0.6969,0.30,0.30
2007.11.09 09:02:47.461,0.6968,0.6969,0.30,0.30
2007.11.09 09:02:47.881,0.6968,0.6969,0.30,0.30
2007.11.09 09:02:48.254,0.6968,0.6969,0.30,0.30
2007.11.09 09:02:48.473,0.6968,0.6969,0.30,0.30
2007.11.09 09:02:48.692,0.6968,0.6969,0.30,0.30
2007.11.09 09:02:48.910,0.6968,0.6969,0.30,0.30
2007.11.09 09:02:49.129,0.6968,0.6969,0.30,0.30
2007.11.09 09:02:49.348,0.6968,0.69695,0.30,28.20
2007.11.09 09:02:49.597,0.6968,0.69695,0.30,22.60
2007.11.09 09:02:49.846,0.6968,0.69695,0.30,18.60
2007.11.09 09:02:50.137,0.6968,0.69695,0.30,18.60
2007.11.09 09:02:51.394,0.6968,0.69695,0.30,18.60
2007.11.09 09:02:51.703,0.6968,0.69695,0.30,18.60
2007.11.09 09:02:51.952,0.6968,0.69695,0.30,20.20
2007.11.09 09:02:52.201,0.6968,0.69695,0.30,21.80
2007.11.09 09:02:52.449,0.6968,0.69695,0.30,20.20
2007.11.09 09:02:52.786,0.69675,0.6969,41.00,0.30
2007.11.09 09:02:53.121,0.69675,0.6969,20.20,0.30
2007.11.09 09:02:53.455,0.69675,0.6969,4.20,0.30
2007.11.09 09:02:54.062,0.69675,0.6969,4.20,0.30
2007.11.09 09:02:54.303,0.69675,0.6969,4.20,0.30
2007.11.09 09:02:54.549,0.69675,0.6969,0.30,0.30
2007.11.09 09:02:54.844,0.69675,0.6969,0.30,0.30
2007.11.09 09:02:55.138,0.69675,0.6969,0.30,1.00
2007.11.09 09:02:55.431,0.69675,0.6969,0.30,1.80
2007.11.09 09:02:55.662,0.69675,0.6969,0.30,1.80
2007.11.09 09:02:55.899,0.6968,0.6969,0.30,1.00
2007.11.09 09:02:56.126,0.6968,0.6969,0.30,0.30
2007.11.09 09:02:56.354,0.6968,0.6969,0.30,0.30
2007.11.09 09:02:56.582,0.6968,0.6969,0.30,4.20
2007.11.09 09:02:56.916,0.6968,0.6969,0.30,0.30
2007.11.09 09:02:57.249,0.6968,0.6969,0.30,0.30
2007.11.09 09:02:57.583,0.6968,0.6969,0.30,0.30
2007.11.09 09:02:57.916,0.6968,0.6969,0.30,0.30
2007.11.09 09:02:58.250,0.6968,0.6969,0.30,0.30
2007.11.09 09:02:58.583,0.6968,0.6969,0.30,0.30
2007.11.09 09:02:59.120,0.6968,0.6969,0.30,0.30
2007.11.09 09:02:59.360,0.6968,0.6969,0.30,0.30
2007.11.09 09:02:59.599,0.6968,0.6969,0.30,0.30
2007.11.09 09:02:59.892,0.6968,0.6969,0.30,0.30
2007.11.09 09:03:00.269,0.6968,0.6969,0.30,0.30
2007.11.09 09:03:00.565,0.6968,0.6969,0.30,0.30
2007.11.09 09:03:00.859,0.6968,0.69695,8.20,13.80
2007.11.09 09:03:01.079,0.6968,0.69695,8.20,4.20
2007.11.09 09:03:01.298,0.69685,0.697,4.20,4.20
2007.11.09 09:03:01.517,0.69685,0.697,6.60,4.20
2007.11.09 09:03:01.736,0.69685,0.69695,6.60,0.30
2007.11.09 09:03:02.000,0.69685,0.69695,0.30,0.30
2007.11.09 09:03:02.267,0.69685,0.69695,0.30,0.30
2007.11.09 09:03:02.531,0.69685,0.69695,0.30,0.30
2007.11.09 09:03:02.795,0.69685,0.69695,1.00,0.30
2007.11.09 09:03:03.130,0.69685,0.69695,25.00,0.30
2007.11.09 09:03:03.463,0.69685,0.69695,1.00,0.30
2007.11.09 09:03:03.796,0.69685,0.69695,1.00,0.30
2007.11.09 09:03:04.004,0.69685,0.69695,0.30,0.30
2007.11.09 09:03:04.213,0.69685,0.69695,0.30,0.30
2007.11.09 09:03:04.422,0.69685,0.69695,0.30,0.30
2007.11.09 09:03:04.629,0.69685,0.69695,0.30,0.30
2007.11.09 09:03:04.838,0.69685,0.69695,0.30,0.30
2007.11.09 09:03:05.066,0.69685,0.69695,0.30,0.30
2007.11.09 09:03:05.294,0.6968,0.69695,0.30,0.30
2007.11.09 09:03:05.522,0.6968,0.69695,0.30,0.30
2007.11.09 09:03:05.751,0.6968,0.69695,0.30,0.30
2007.11.09 09:03:05.979,0.6968,0.69695,0.30,0.30
2007.11.09 09:03:06.426,0.6968,0.69695,0.30,0.30
2007.11.09 09:03:06.718,0.6968,0.69695,0.30,0.30
2007.11.09 09:03:07.014,0.6968,0.69695,0.30,0.30
2007.11.09 09:03:07.307,0.6968,0.69695,0.30,0.30
2007.11.09 09:03:07.566,0.6968,0.69695,0.30,0.30
2007.11.09 09:03:07.824,0.6968,0.69695,0.30,0.30
2007.11.09 09:03:08.157,0.6968,0.69695,0.30,4.20
2007.11.09 09:03:08.490,0.6968,0.69695,0.30,4.20
2007.11.09 09:03:08.823,0.6968,0.69695,0.30,4.20
2007.11.09 09:03:09.156,0.6968,0.69695,0.30,4.20
2007.11.09 09:03:09.352,0.6968,0.6969,0.30,0.30
2007.11.09 09:03:09.429,0.6968,0.69695,0.30,23.50
2007.11.09 09:03:09.540,0.6968,0.69695,0.30,23.50
2007.11.09 09:03:09.728,0.6968,0.69695,0.30,25.10
2007.11.09 09:03:09.917,0.6968,0.6969,0.30,0.30
2007.11.09 09:03:10.276,0.6968,0.69695,0.30,25.80
2007.11.09 09:03:10.564,0.6968,0.6969,0.30,0.30
2007.11.09 09:03:10.852,0.6968,0.69695,0.30,29.80
2007.11.09 09:03:11.415,0.6968,0.69695,0.30,29.80
2007.11.09 09:03:11.717,0.6968,0.69695,0.30,29.80
2007.11.09 09:03:11.869,0.6968,0.69695,0.30,30.60
2007.11.09 09:03:12.211,0.6968,0.69695,0.30,29.80
2007.11.09 09:03:12.600,0.6968,0.69695,0.30,29.80
2007.11.09 09:03:13.157,0.6968,0.69695,0.30,29.80
2007.11.09 09:03:13.376,0.6968,0.6969,0.30,0.30
2007.11.09 09:03:13.594,0.6968,0.69695,0.30,29.20
2007.11.09 09:03:13.896,0.6968,0.69695,0.30,29.20
2007.11.09 09:03:14.183,0.6968,0.69695,0.30,29.20
2007.11.09 09:03:14.442,0.6968,0.6969,0.30,0.30
2007.11.09 09:03:14.830,0.6968,0.69695,0.30,29.20
2007.11.09 09:03:16.763,0.6968,0.69695,0.30,29.20
2007.11.09 09:03:16.957,0.6968,0.69695,0.30,29.20
2007.11.09 09:03:17.150,0.6968,0.6969,0.30,0.30
2007.11.09 09:03:17.492,0.6968,0.6969,0.30,0.30
2007.11.09 09:03:18.206,0.6968,0.69695,0.30,29.20
2007.11.09 09:03:18.369,0.6968,0.6969,0.30,0.30
2007.11.09 09:03:20.782,0.6968,0.6969,0.30,0.30
2007.11.09 09:03:20.965,0.6968,0.69695,0.30,28.50
2007.11.09 09:03:21.150,0.6968,0.69695,0.30,28.70
2007.11.09 09:03:21.333,0.6968,0.69695,0.30,29.10
2007.11.09 09:03:21.812,0.6968,0.69695,0.30,29.10
2007.11.09 09:03:22.181,0.6968,0.69695,0.30,29.10
2007.11.09 09:03:22.652,0.6968,0.69695,0.30,29.10
2007.11.09 09:03:22.986,0.6968,0.69695,0.30,29.60
2007.11.09 09:03:23.320,0.6968,0.6969,0.30,0.30
2007.11.09 09:03:23.509,0.6968,0.6969,0.30,0.30
2007.11.09 09:03:23.698,0.6968,0.6969,0.30,0.30
2007.11.09 09:03:23.885,0.6968,0.69695,0.30,28.70
2007.11.09 09:03:24.074,0.6968,0.69695,0.30,29.10
2007.11.09 09:03:24.954,0.6968,0.6969,0.30,0.30
2007.11.09 09:03:25.346,0.6968,0.6969,0.30,0.30
2007.11.09 09:03:25.570,0.6968,0.6969,0.30,0.30
2007.11.09 09:03:25.875,0.6968,0.6969,0.30,0.30
2007.11.09 09:03:26.098,0.6968,0.69695,0.30,30.30
2007.11.09 09:03:26.322,0.6968,0.6969,0.30,0.30
2007.11.09 09:03:26.805,0.6968,0.6969,0.30,0.30
2007.11.09 09:03:27.393,0.6968,0.69695,0.30,30.50
2007.11.09 09:03:27.910,0.6968,0.69695,0.30,30.50
2007.11.09 09:03:29.390,0.6968,0.69695,0.30,30.50
2007.11.09 09:03:29.890,0.6968,0.69695,0.30,30.50
2007.11.09 09:03:30.230,0.69675,0.6969,45.00,0.30
2007.11.09 09:03:30.499,0.69675,0.69695,37.00,33.00
2007.11.09 09:03:30.697,0.69675,0.6969,14.60,0.80
2007.11.09 09:03:31.351,0.69675,0.6969,14.60,0.50
2007.11.09 09:03:31.983,0.69675,0.69695,14.60,59.30
2007.11.09 09:03:34.478,0.6967,0.69695,27.40,67.50
2007.11.09 09:03:37.005,0.6967,0.6969,27.40,8.20
2007.11.09 09:03:40.156,0.6967,0.6969,27.40,8.20
2007.11.09 09:03:40.787,0.6967,0.6969,27.40,8.20
2007.11.09 09:03:41.981,0.6967,0.6969,27.40,8.20
2007.11.09 09:03:43.083,0.6967,0.6969,27.40,8.20
2007.11.09 09:03:43.765,0.69675,0.6969,2.40,8.20
2007.11.09 09:03:44.097,0.6967,0.6969,23.40,8.20
2007.11.09 09:03:44.301,0.6967,0.6969,27.40,8.20
2007.11.09 09:03:44.505,0.69675,0.6969,2.30,8.20
2007.11.09 09:03:45.365,0.6967,0.6969,27.40,8.20
2007.11.09 09:03:45.638,0.6967,0.6969,27.40,8.20
2007.11.09 09:03:46.957,0.6967,0.6969,27.40,8.20
2007.11.09 09:03:47.258,0.6967,0.6969,27.40,8.20
2007.11.09 09:03:47.866,0.6967,0.6969,27.40,8.20
2007.11.09 09:03:48.199,0.6967,0.6969,27.40,8.20
2007.11.09 09:03:48.892,0.69675,0.6969,6.90,8.20
2007.11.09 09:03:49.225,0.69675,0.6969,4.50,8.20
2007.11.09 09:03:49.393,0.6967,0.6969,27.40,8.20
2007.11.09 09:03:49.669,0.6967,0.6969,27.40,8.20
2007.11.09 09:03:49.844,0.6967,0.6969,23.40,8.20
2007.11.09 09:03:50.014,0.69675,0.6969,3.80,8.20
2007.11.09 09:03:50.356,0.69675,0.6969,1.50,8.20
2007.11.09 09:03:51.060,0.69675,0.6969,3.70,8.20
2007.11.09 09:03:51.372,0.6967,0.6969,27.40,8.20
2007.11.09 09:03:51.602,0.69675,0.6969,4.30,8.20
2007.11.09 09:03:51.831,0.6967,0.6969,23.40,8.20
2007.11.09 09:03:52.312,0.69675,0.6969,5.10,8.20
2007.11.09 09:03:52.646,0.69675,0.6969,7.50,8.20
2007.11.09 09:03:54.778,0.69675,0.6969,5.10,8.20
2007.11.09 09:03:55.002,0.6967,0.69685,12.30,4.20
2007.11.09 09:03:55.225,0.6967,0.69685,8.30,4.20
2007.11.09 09:03:55.448,0.69675,0.69685,0.30,4.20
2007.11.09 09:03:56.098,0.69675,0.69685,0.30,4.20
2007.11.09 09:03:56.668,0.6967,0.69685,8.30,4.20
2007.11.09 09:03:56.970,0.69675,0.69685,0.30,4.20
2007.11.09 09:03:57.822,0.6967,0.69685,8.30,4.20
2007.11.09 09:03:58.265,0.69675,0.69685,0.30,4.20
2007.11.09 09:03:58.468,0.69675,0.69685,0.30,4.20
2007.11.09 09:03:58.672,0.6967,0.69685,9.10,4.20
2007.11.09 09:03:58.874,0.6967,0.69685,9.10,4.20
2007.11.09 09:04:01.362,0.6967,0.69685,8.30,4.20
2007.11.09 09:04:01.580,0.6967,0.69685,8.30,4.20
2007.11.09 09:04:01.994,0.69675,0.69685,0.30,4.20
2007.11.09 09:04:02.217,0.69675,0.69685,0.30,4.20
2007.11.09 09:04:02.442,0.69675,0.69685,0.30,4.20
2007.11.09 09:04:02.663,0.69675,0.69685,0.30,4.20
2007.11.09 09:04:04.024,0.69675,0.69685,0.30,4.20
2007.11.09 09:04:04.839,0.69675,0.69685,0.30,4.20
2007.11.09 09:04:05.134,0.69675,0.69685,0.30,4.20
2007.11.09 09:04:05.427,0.69675,0.69685,0.30,4.20
2007.11.09 09:04:05.720,0.69675,0.69685,0.30,4.20
2007.11.09 09:04:05.966,0.69675,0.69685,0.30,4.20
2007.11.09 09:04:06.208,0.69675,0.69685,0.30,4.20
2007.11.09 09:04:06.451,0.69675,0.69685,0.30,4.20
2007.11.09 09:04:06.845,0.69675,0.69685,0.30,4.20
2007.11.09 09:04:07.113,0.69675,0.69685,0.30,4.20
2007.11.09 09:04:07.440,0.69675,0.69685,0.30,4.20
2007.11.09 09:04:07.708,0.69675,0.69685,0.30,4.20
2007.11.09 09:04:08.224,0.69675,0.69685,0.30,4.20
2007.11.09 09:04:08.558,0.69675,0.69685,0.30,4.20
2007.11.09 09:04:08.734,0.69675,0.69685,0.30,4.20
2007.11.09 09:04:08.913,0.69675,0.69685,0.30,4.20
2007.11.09 09:04:09.120,0.69675,0.69685,0.30,4.20
2007.11.09 09:04:09.549,0.69675,0.69685,0.30,4.20
2007.11.09 09:04:09.857,0.69675,0.69685,0.30,4.20
2007.11.09 09:04:12.002,0.69675,0.69685,0.30,4.20
2007.11.09 09:04:12.568,0.69675,0.69685,0.30,4.20
2007.11.09 09:04:13.087,0.69675,0.69685,0.30,4.20
2007.11.09 09:04:13.627,0.69675,0.69685,0.30,4.20
2007.11.09 09:04:13.960,0.69675,0.69685,0.30,4.20
2007.11.09 09:04:15.118,0.69675,0.69685,0.30,4.20
2007.11.09 09:04:16.951,0.69675,0.69685,0.30,4.20
2007.11.09 09:04:17.306,0.69675,0.69685,0.30,4.20
2007.11.09 09:04:19.597,0.69675,0.69685,0.30,4.20
2007.11.09 09:04:19.803,0.69675,0.69685,0.30,4.20
2007.11.09 09:04:21.144,0.69675,0.69685,0.30,4.20
2007.11.09 09:04:21.358,0.69675,0.69685,0.30,4.20
2007.11.09 09:04:21.521,0.6967,0.69685,0.30,8.20
2007.11.09 09:04:21.685,0.6967,0.69685,0.30,13.00
2007.11.09 09:04:21.850,0.6967,0.69685,0.30,19.40
2007.11.09 09:04:22.014,0.6967,0.69685,0.30,15.40
2007.11.09 09:04:22.177,0.6967,0.69685,0.30,9.80
2007.11.09 09:04:22.510,0.6967,0.69685,0.30,1.80
2007.11.09 09:04:22.843,0.6967,0.69685,0.30,10.60
2007.11.09 09:04:23.177,0.6967,0.69685,0.30,9.80
2007.11.09 09:04:23.547,0.6967,0.69685,0.30,9.00
2007.11.09 09:04:23.725,0.6967,0.69685,0.30,5.00
2007.11.09 09:04:23.902,0.6967,0.69685,0.30,5.00
2007.11.09 09:04:24.081,0.6967,0.69685,0.30,1.00
2007.11.09 09:04:24.579,0.6967,0.69685,0.30,1.00
2007.11.09 09:04:25.357,0.69665,0.69685,61.80,1.00
2007.11.09 09:04:25.889,0.69665,0.69685,65.80,1.00
2007.11.09 09:04:26.562,0.69665,0.69685,65.80,1.00
2007.11.09 09:04:26.992,0.69665,0.69685,65.80,1.00
2007.11.09 09:04:27.255,0.69665,0.69685,65.80,1.00
2007.11.09 09:04:27.962,0.6967,0.69685,0.30,0.30
2007.11.09 09:04:28.296,0.69665,0.69685,66.60,0.30
2007.11.09 09:04:30.349,0.6967,0.69685,3.80,0.30
2007.11.09 09:04:30.522,0.69665,0.69685,66.50,0.30
2007.11.09 09:04:30.695,0.69665,0.69685,70.50,0.30
2007.11.09 09:04:30.869,0.69665,0.69685,70.50,0.30
2007.11.09 09:04:31.308,0.6967,0.69685,4.00,0.30
2007.11.09 09:04:31.582,0.6967,0.69685,0.70,0.30
2007.11.09 09:04:31.855,0.69665,0.69685,70.50,0.30
2007.11.09 09:04:32.129,0.6967,0.69685,4.20,0.30
2007.11.09 09:04:32.403,0.69665,0.69685,66.50,4.20
2007.11.09 09:04:32.738,0.69665,0.69685,66.60,0.30
2007.11.09 09:04:33.071,0.6967,0.69685,0.30,0.30
2007.11.09 09:04:33.404,0.6967,0.69685,0.30,0.30
2007.11.09 09:04:33.629,0.69665,0.69685,66.60,0.30
2007.11.09 09:04:33.847,0.69665,0.69685,66.60,0.30
2007.11.09 09:04:34.339,0.6967,0.69685,0.30,0.30
2007.11.09 09:04:34.558,0.69665,0.69685,66.60,0.30
2007.11.09 09:04:34.848,0.6967,0.69685,0.30,0.30
2007.11.09 09:04:35.136,0.69665,0.69685,66.60,0.30
2007.11.09 09:04:35.425,0.69665,0.69685,66.60,0.30
2007.11.09 09:04:35.628,0.69665,0.69685,66.60,0.30
2007.11.09 09:04:35.831,0.69665,0.69685,66.60,0.30
2007.11.09 09:04:36.427,0.69665,0.69685,65.80,1.00
2007.11.09 09:04:36.750,0.6967,0.69685,0.30,5.00
2007.11.09 09:04:37.073,0.69665,0.69685,65.80,5.00
2007.11.09 09:04:37.395,0.69665,0.69685,65.80,5.00
2007.11.09 09:04:37.728,0.69665,0.69685,65.80,9.00
2007.11.09 09:04:39.234,0.6967,0.69685,0.30,4.20
2007.11.09 09:04:39.396,0.6967,0.69685,2.90,0.30
2007.11.09 09:04:39.659,0.6967,0.69685,0.30,6.60
2007.11.09 09:04:39.924,0.6967,0.69685,0.30,10.60
2007.11.09 09:04:40.187,0.6967,0.69685,0.30,20.20
2007.11.09 09:04:40.450,0.6967,0.69685,0.30,15.40
2007.11.09 09:04:40.722,0.6967,0.69685,0.30,11.40
2007.11.09 09:04:40.996,0.69665,0.69685,65.80,15.40
2007.11.09 09:04:41.269,0.69665,0.69685,65.80,11.40
2007.11.09 09:04:41.543,0.69665,0.69685,61.80,15.40
2007.11.09 09:04:41.950,0.6967,0.69685,0.30,15.40
2007.11.09 09:04:42.158,0.6967,0.69685,0.30,15.40
2007.11.09 09:04:42.365,0.6967,0.69685,0.30,15.40
2007.11.09 09:04:42.573,0.6967,0.69685,0.30,15.40
2007.11.09 09:04:43.232,0.6967,0.69685,0.30,19.40
2007.11.09 09:04:43.567,0.69665,0.69685,45.90,19.40
2007.11.09 09:04:43.770,0.6967,0.69685,0.30,19.40
2007.11.09 09:04:43.972,0.6967,0.69685,0.30,21.80
2007.11.09 09:04:44.176,0.69665,0.69685,37.10,21.00
2007.11.09 09:04:44.394,0.6967,0.6968,0.30,0.30
2007.11.09 09:04:44.596,0.6967,0.6968,0.30,0.30
2007.11.09 09:04:45.042,0.6967,0.6968,0.30,0.30
2007.11.09 09:04:45.305,0.69665,0.6968,37.10,0.30
2007.11.09 09:04:45.568,0.69665,0.6968,41.10,0.30
2007.11.09 09:04:45.839,0.69665,0.6968,41.10,0.30
2007.11.09 09:04:47.015,0.69665,0.6968,41.10,0.30
2007.11.09 09:04:47.287,0.6967,0.6968,0.30,0.30
2007.11.09 09:04:47.605,0.69665,0.6968,41.10,0.30
2007.11.09 09:04:47.762,0.69665,0.6968,45.10,0.30
2007.11.09 09:04:48.096,0.6967,0.6968,0.30,0.30
2007.11.09 09:04:48.471,0.69665,0.6968,45.10,0.30
2007.11.09 09:04:48.804,0.69665,0.6968,45.10,0.30
2007.11.09 09:04:48.998,0.69665,0.6968,49.10,0.30
2007.11.09 09:04:49.190,0.6967,0.6968,0.30,0.30
2007.11.09 09:04:49.584,0.6967,0.6968,0.30,0.30
2007.11.09 09:04:50.126,0.6967,0.6968,0.30,0.30
2007.11.09 09:04:50.410,0.6967,0.6968,0.30,0.30
2007.11.09 09:04:51.057,0.6967,0.6968,0.30,0.30
2007.11.09 09:04:51.461,0.69665,0.6968,41.10,0.30
2007.11.09 09:04:51.659,0.69665,0.6968,41.10,0.30
2007.11.09 09:04:51.863,0.69665,0.6968,41.10,0.30
2007.11.09 09:04:52.082,0.6967,0.6968,0.30,0.30
2007.11.09 09:04:52.300,0.69665,0.6968,45.10,0.30
2007.11.09 09:04:52.518,0.69665,0.6968,49.10,0.30
2007.11.09 09:04:52.737,0.69665,0.6968,49.10,0.30
2007.11.09 09:04:52.955,0.69665,0.6968,49.10,0.30
2007.11.09 09:04:53.288,0.6967,0.6968,0.30,0.30
2007.11.09 09:04:53.620,0.6967,0.6968,0.30,0.30
2007.11.09 09:04:53.954,0.6967,0.6968,0.30,0.30
2007.11.09 09:04:54.142,0.6967,0.6968,0.30,0.30
2007.11.09 09:04:54.576,0.6967,0.6968,0.30,0.30
2007.11.09 09:04:54.784,0.6967,0.6968,0.30,0.30
2007.11.09 09:04:55.146,0.6967,0.6968,0.30,0.30
2007.11.09 09:04:55.479,0.6967,0.6968,0.30,0.30
2007.11.09 09:04:56.045,0.6967,0.6968,0.30,0.30
2007.11.09 09:04:56.785,0.6967,0.6968,0.30,0.30
2007.11.09 09:04:59.555,0.6967,0.6968,0.30,0.30
2007.11.09 09:04:59.771,0.6967,0.6968,0.30,0.30
2007.11.09 09:05:00.717,0.6967,0.6968,0.30,0.30
2007.11.09 09:05:01.026,0.6967,0.6968,0.30,0.30
2007.11.09 09:05:01.340,0.6967,0.6968,0.30,0.30
2007.11.09 09:05:01.963,0.6967,0.6968,0.30,0.30
2007.11.09 09:05:02.206,0.6967,0.6968,0.30,0.30
2007.11.09 09:05:02.548,0.6967,0.6968,0.30,0.30
2007.11.09 09:05:02.882,0.6967,0.6968,0.30,0.30
2007.11.09 09:05:03.289,0.6967,0.6968,0.30,0.30
2007.11.09 09:05:03.487,0.6967,0.6968,0.30,0.30
2007.11.09 09:05:03.802,0.6967,0.6968,0.30,0.30
2007.11.09 09:05:04.107,0.6967,0.6968,0.30,0.30
2007.11.09 09:05:04.360,0.6967,0.6968,0.30,0.30
2007.11.09 09:05:04.613,0.6967,0.6968,0.30,0.30
2007.11.09 09:05:05.764,0.6967,0.6968,0.30,0.30
2007.11.09 09:05:06.012,0.6967,0.6968,0.30,0.30
2007.11.09 09:05:06.316,0.6967,0.6968,0.30,0.30
2007.11.09 09:05:06.615,0.6967,0.69685,0.30,39.50
2007.11.09 09:05:06.898,0.6967,0.6968,0.30,0.30
2007.11.09 09:05:07.181,0.6967,0.6968,0.30,0.30
2007.11.09 09:05:07.570,0.6967,0.6968,0.30,0.30
2007.11.09 09:05:07.903,0.6967,0.6968,0.30,0.30
2007.11.09 09:05:10.224,0.6967,0.6968,0.30,0.30
2007.11.09 09:05:10.547,0.6967,0.6968,0.30,0.30
2007.11.09 09:05:10.857,0.6967,0.6968,0.30,0.30
2007.11.09 09:05:11.784,0.6967,0.6968,0.30,0.30
2007.11.09 09:05:12.029,0.6967,0.6968,0.30,0.30
2007.11.09 09:05:12.243,0.6967,0.6968,0.30,0.30
2007.11.09 09:05:12.457,0.6967,0.6968,0.30,0.30
2007.11.09 09:05:12.789,0.6967,0.6968,0.30,0.30
2007.11.09 09:05:13.122,0.6967,0.6968,0.30,0.30
2007.11.09 09:05:13.461,0.6967,0.6968,0.30,0.30
2007.11.09 09:05:13.622,0.6967,0.6968,0.30,0.30
2007.11.09 09:05:14.250,0.6967,0.6968,0.30,0.30
2007.11.09 09:05:15.112,0.69665,0.69685,32.80,37.60
2007.11.09 09:05:16.170,0.69665,0.69685,32.80,37.60
2007.11.09 09:05:16.779,0.69665,0.69685,32.80,37.60
2007.11.09 09:05:17.090,0.69665,0.69685,32.80,37.60
2007.11.09 09:05:17.308,0.69665,0.69685,32.80,37.60
2007.11.09 09:05:17.817,0.69665,0.69685,32.80,37.60
2007.11.09 09:05:18.150,0.69665,0.69685,32.80,37.60
2007.11.09 09:05:19.287,0.69665,0.69685,32.80,37.60
2007.11.09 09:05:19.588,0.69665,0.69685,36.80,37.60
2007.11.09 09:05:19.979,0.69665,0.6968,37.00,0.30
2007.11.09 09:05:20.287,0.69665,0.6968,14.60,0.30
2007.11.09 09:05:21.781,0.69665,0.6968,14.60,0.30
2007.11.09 09:05:22.985,0.6967,0.6968,0.30,0.30
2007.11.09 09:05:23.319,0.6967,0.6968,0.30,0.30
2007.11.09 09:05:24.047,0.6967,0.6968,0.30,0.30
2007.11.09 09:05:25.798,0.6967,0.6968,0.30,0.30
2007.11.09 09:05:26.413,0.6967,0.6968,0.30,0.30
2007.11.09 09:05:26.581,0.6967,0.6968,0.30,1.80
2007.11.09 09:05:26.749,0.6967,0.6968,0.30,1.80
2007.11.09 09:05:26.918,0.6967,0.6968,0.30,1.80
2007.11.09 09:05:27.231,0.6967,0.6968,0.30,1.80
2007.11.09 09:05:27.544,0.6967,0.6968,0.30,0.30
2007.11.09 09:05:27.857,0.6967,0.6968,0.30,0.30
2007.11.09 09:05:28.596,0.6967,0.6968,0.30,0.30
2007.11.09 09:05:28.928,0.6967,0.6968,0.30,0.30
2007.11.09 09:05:29.808,0.6967,0.6968,0.30,0.30
2007.11.09 09:05:29.965,0.6967,0.6968,0.30,0.30
2007.11.09 09:05:30.299,0.6967,0.6968,0.30,0.30
2007.11.09 09:05:32.049,0.6967,0.6968,0.30,0.30
2007.11.09 09:05:33.111,0.6967,0.6968,0.30,0.30
2007.11.09 09:05:33.444,0.6967,0.6968,0.30,1.80
2007.11.09 09:05:33.979,0.6967,0.6968,0.30,1.80
2007.11.09 09:05:34.312,0.6967,0.6968,0.30,0.30
2007.11.09 09:05:34.715,0.6967,0.6968,0.30,0.30
2007.11.09 09:05:34.836,0.6967,0.6968,0.30,0.30
2007.11.09 09:05:35.565,0.6967,0.6968,0.30,0.30
2007.11.09 09:05:36.984,0.6967,0.6968,0.30,0.30
2007.11.09 09:05:37.844,0.6967,0.6968,0.30,0.30
2007.11.09 09:05:38.276,0.6967,0.6968,0.30,0.30
2007.11.09 09:05:39.111,0.6967,0.6968,0.30,0.30
2007.11.09 09:05:40.344,0.6967,0.6968,0.30,0.30
2007.11.09 09:05:41.057,0.6967,0.6968,0.30,0.30
2007.11.09 09:05:41.375,0.6967,0.6968,0.30,0.30
2007.11.09 09:05:41.592,0.6967,0.6968,0.30,0.30
2007.11.09 09:05:42.003,0.6967,0.6968,0.30,0.30
2007.11.09 09:05:42.331,0.6967,0.6968,0.30,0.30
2007.11.09 09:05:42.656,0.6967,0.6968,0.30,0.30
2007.11.09 09:05:42.988,0.6967,0.6968,0.30,0.30
2007.11.09 09:05:43.322,0.6967,0.6968,0.30,0.30
2007.11.09 09:05:43.616,0.6967,0.6968,0.30,0.30
2007.11.09 09:05:43.824,0.6967,0.6968,0.30,0.30
2007.11.09 09:05:44.129,0.6967,0.6968,0.30,0.30
2007.11.09 09:05:44.337,0.6967,0.6968,0.30,0.30
2007.11.09 09:05:45.671,0.6967,0.6968,0.30,0.30
2007.11.09 09:05:45.848,0.6967,0.6968,0.30,0.30
2007.11.09 09:05:46.692,0.6967,0.6968,0.30,0.30
2007.11.09 09:05:47.073,0.6967,0.6968,0.30,0.30
2007.11.09 09:05:51.104,0.6967,0.6968,0.30,0.30
2007.11.09 09:05:51.952,0.6967,0.6968,0.30,0.30
2007.11.09 09:05:54.374,0.69665,0.69685,41.60,39.20
2007.11.09 09:05:54.537,0.69665,0.69685,40.80,39.20
2007.11.09 09:05:54.700,0.69665,0.69685,40.80,39.20
2007.11.09 09:05:54.988,0.69665,0.69685,36.80,39.20
2007.11.09 09:05:55.276,0.69665,0.69685,36.80,44.00
2007.11.09 09:05:55.565,0.69665,0.69685,32.80,44.00
2007.11.09 09:05:55.853,0.69665,0.69685,32.80,55.20
2007.11.09 09:05:56.333,0.69665,0.69685,32.80,43.20
2007.11.09 09:05:56.598,0.69665,0.69685,32.80,43.20
2007.11.09 09:05:56.862,0.69665,0.69685,32.80,43.20
2007.11.09 09:05:57.074,0.69665,0.69685,32.80,43.20
2007.11.09 09:05:57.377,0.69665,0.69685,32.80,43.20
2007.11.09 09:05:57.581,0.69665,0.69685,32.80,43.20
2007.11.09 09:05:58.926,0.69665,0.69685,32.80,0.50
2007.11.09 09:05:59.526,0.69665,0.6969,32.80,64.80
2007.11.09 09:05:59.646,0.69665,0.6969,22.40,70.30
2007.11.09 09:05:59.764,0.69665,0.69685,18.60,52.20
2007.11.09 09:05:59.882,0.69665,0.69675,0.30,0.30
2007.11.09 09:06:00.195,0.69665,0.69675,0.30,0.30
2007.11.09 09:06:00.383,0.69665,0.69675,0.30,0.30
2007.11.09 09:06:00.571,0.69665,0.69675,0.30,0.30
2007.11.09 09:06:00.772,0.69665,0.69675,0.30,0.30
2007.11.09 09:06:01.580,0.69665,0.69675,0.30,0.30
2007.11.09 09:06:01.969,0.69665,0.69675,0.30,0.30
2007.11.09 09:06:03.037,0.69665,0.69675,0.30,0.30
2007.11.09 09:06:05.328,0.69665,0.69675,0.30,0.30
2007.11.09 09:06:06.985,0.69665,0.69675,0.30,0.30
2007.11.09 09:06:07.225,0.69665,0.69675,0.30,4.20
2007.11.09 09:06:07.394,0.69665,0.69675,0.30,4.20
2007.11.09 09:06:07.562,0.69665,0.69675,0.30,4.20
2007.11.09 09:06:07.730,0.69665,0.69675,0.30,4.20
2007.11.09 09:06:07.898,0.69665,0.69675,0.30,4.20
2007.11.09 09:06:09.063,0.69665,0.69675,0.30,4.20
2007.11.09 09:06:09.252,0.69665,0.69675,0.30,4.20
2007.11.09 09:06:09.440,0.69665,0.69675,0.30,4.20
2007.11.09 09:06:09.628,0.69665,0.69675,0.30,4.20
2007.11.09 09:06:11.095,0.69665,0.69675,0.30,4.20
2007.11.09 09:06:11.288,0.69665,0.69675,0.30,4.20
2007.11.09 09:06:11.482,0.69665,0.69675,0.30,4.20
2007.11.09 09:06:11.762,0.69665,0.69675,0.30,4.20
2007.11.09 09:06:12.012,0.69665,0.69675,0.30,4.20
2007.11.09 09:06:16.309,0.69665,0.69675,0.30,4.20
2007.11.09 09:06:16.999,0.69665,0.69675,0.30,4.20
2007.11.09 09:06:19.093,0.69665,0.69675,0.30,4.20
2007.11.09 09:06:19.216,0.69665,0.69675,0.30,0.30
2007.11.09 09:06:19.446,0.69665,0.69675,0.30,0.30
2007.11.09 09:06:20.046,0.69665,0.69675,0.30,0.30
2007.11.09 09:06:20.558,0.69665,0.69675,0.30,0.30
2007.11.09 09:06:20.746,0.69665,0.69675,0.30,4.20
2007.11.09 09:06:20.934,0.69665,0.69675,0.30,4.20
2007.11.09 09:06:21.802,0.69665,0.69675,0.30,4.20
2007.11.09 09:06:22.318,0.69665,0.69675,0.30,4.20
2007.11.09 09:06:22.650,0.69665,0.69675,0.30,4.20
2007.11.09 09:06:22.984,0.69665,0.69675,0.30,4.20
2007.11.09 09:06:23.319,0.69665,0.69675,0.30,4.20
2007.11.09 09:06:23.508,0.69665,0.69675,0.30,4.20
2007.11.09 09:06:23.699,0.69665,0.69675,0.30,4.20
2007.11.09 09:06:23.888,0.69665,0.69675,0.30,0.30
2007.11.09 09:06:24.123,0.69665,0.69675,0.30,0.30
2007.11.09 09:06:24.312,0.69665,0.69675,0.30,0.30
2007.11.09 09:06:24.555,0.69665,0.69675,0.30,0.30
2007.11.09 09:06:24.894,0.69665,0.6968,0.30,0.30
2007.11.09 09:06:25.228,0.69665,0.69675,0.30,4.00
2007.11.09 09:06:25.562,0.69665,0.69675,0.30,4.00
2007.11.09 09:06:25.755,0.69665,0.69675,0.30,4.00
2007.11.09 09:06:25.948,0.69665,0.69675,0.30,4.00
2007.11.09 09:06:26.141,0.69665,0.69675,0.30,4.00
2007.11.09 09:06:26.334,0.69665,0.69675,0.30,4.00
2007.11.09 09:06:26.527,0.69665,0.69675,0.30,4.00
2007.11.09 09:06:26.810,0.69665,0.69675,0.30,4.00
2007.11.09 09:06:27.095,0.69665,0.69675,0.30,4.00
2007.11.09 09:06:27.385,0.69665,0.69675,0.30,4.00
2007.11.09 09:06:27.781,0.69665,0.69675,0.30,4.00
2007.11.09 09:06:29.053,0.69665,0.69675,0.30,4.20
2007.11.09 09:06:29.171,0.69665,0.69675,0.30,4.20
2007.11.09 09:06:29.288,0.69665,0.69675,0.30,4.20
2007.11.09 09:06:29.407,0.69665,0.69675,0.30,4.20
2007.11.09 09:06:29.549,0.69665,0.69675,0.30,4.20
2007.11.09 09:06:29.826,0.69665,0.69675,0.30,4.20
2007.11.09 09:06:30.348,0.69665,0.69675,0.30,4.20
2007.11.09 09:06:31.613,0.69665,0.69675,0.30,4.20
2007.11.09 09:06:31.777,0.69665,0.69675,0.30,9.80
2007.11.09 09:06:31.940,0.69665,0.69675,0.30,10.60
2007.11.09 09:06:32.818,0.69665,0.69675,0.30,14.60
2007.11.09 09:06:33.031,0.69665,0.69675,0.30,14.90
2007.11.09 09:06:33.364,0.69665,0.69675,0.30,8.50
2007.11.09 09:06:33.723,0.6966,0.69675,0.30,8.50
2007.11.09 09:06:34.056,0.6966,0.69675,0.30,8.20
2007.11.09 09:06:34.244,0.6966,0.69675,0.30,4.20
2007.11.09 09:06:34.432,0.6966,0.69675,0.30,4.20
2007.11.09 09:06:34.676,0.6966,0.69675,0.30,8.20
2007.11.09 09:06:34.864,0.6966,0.69675,0.30,10.60
2007.11.09 09:06:35.052,0.6966,0.69675,0.30,14.60
2007.11.09 09:06:35.326,0.6966,0.69675,0.30,23.40
2007.11.09 09:06:35.598,0.6966,0.69675,0.30,23.40
2007.11.09 09:06:35.938,0.6966,0.69675,0.30,27.40
2007.11.09 09:06:36.162,0.6966,0.6967,0.30,0.30
2007.11.09 09:06:36.475,0.6966,0.6967,0.30,0.30
2007.11.09 09:06:36.696,0.6966,0.6967,0.30,0.30
2007.11.09 09:06:36.922,0.6966,0.6967,0.30,0.30
2007.11.09 09:06:37.149,0.6966,0.6967,0.30,0.30
2007.11.09 09:06:37.419,0.6966,0.6967,0.30,0.30
2007.11.09 09:06:37.792,0.6966,0.6967,0.30,0.30
2007.11.09 09:06:38.221,0.6966,0.6967,0.30,0.30
2007.11.09 09:06:39.088,0.6966,0.6967,0.30,0.30
2007.11.09 09:06:39.814,0.6966,0.6967,0.30,0.30
2007.11.09 09:06:40.642,0.6966,0.6967,0.30,0.30
2007.11.09 09:06:40.795,0.6966,0.6967,0.30,0.30
2007.11.09 09:06:40.948,0.6966,0.6967,0.30,0.30
2007.11.09 09:06:41.101,0.6966,0.6967,0.30,0.30
2007.11.09 09:06:41.255,0.6966,0.6967,0.30,0.30
2007.11.09 09:06:41.558,0.6966,0.6967,0.30,0.30
2007.11.09 09:06:41.862,0.6966,0.6967,0.30,0.30
2007.11.09 09:06:42.701,0.6966,0.6967,0.30,0.30
2007.11.09 09:06:43.115,0.6966,0.6967,0.30,0.30
2007.11.09 09:06:43.297,0.6966,0.69675,0.30,45.00
2007.11.09 09:06:43.480,0.6966,0.69675,0.30,31.40
2007.11.09 09:06:43.665,0.6966,0.6967,0.30,0.30
2007.11.09 09:06:43.849,0.6966,0.6967,0.30,0.30
2007.11.09 09:06:44.033,0.6966,0.6967,0.30,0.30
2007.11.09 09:06:44.216,0.6966,0.69675,0.30,35.40
2007.11.09 09:06:44.494,0.6966,0.69675,0.30,27.40
2007.11.09 09:06:44.771,0.6966,0.69675,0.30,27.40
2007.11.09 09:06:45.090,0.6966,0.69675,0.30,27.40
2007.11.09 09:06:45.367,0.6966,0.69675,0.30,27.40
2007.11.09 09:06:45.694,0.6966,0.69675,0.30,27.40
2007.11.09 09:06:45.922,0.6966,0.69675,0.30,31.40
2007.11.09 09:06:46.225,0.6966,0.69675,0.30,31.40
2007.11.09 09:06:46.454,0.6966,0.69675,0.30,43.40
2007.11.09 09:06:46.691,0.6966,0.69675,0.30,43.40
2007.11.09 09:06:46.929,0.6966,0.69675,0.30,43.40
2007.11.09 09:06:47.800,0.6966,0.69675,0.30,43.40
2007.11.09 09:06:49.193,0.69655,0.6967,26.60,0.30
2007.11.09 09:06:49.352,0.69655,0.6967,26.60,0.30
2007.11.09 09:06:49.521,0.69655,0.6967,8.20,0.30
2007.11.09 09:06:50.208,0.69655,0.6967,10.60,0.30
2007.11.09 09:06:50.376,0.69655,0.6967,10.60,0.30
2007.11.09 09:06:50.749,0.69655,0.6967,14.60,0.30
2007.11.09 09:06:51.306,0.69655,0.6967,14.60,0.30
2007.11.09 09:06:51.817,0.69655,0.6967,14.60,0.30
2007.11.09 09:06:52.046,0.69655,0.6967,14.60,0.30
2007.11.09 09:06:52.350,0.69655,0.6967,14.60,0.30
2007.11.09 09:06:53.607,0.69655,0.6967,10.60,0.30
2007.11.09 09:06:54.517,0.69655,0.6967,10.60,0.30
2007.11.09 09:06:54.680,0.69655,0.6967,10.60,0.30
2007.11.09 09:06:55.662,0.69655,0.6967,10.60,0.30
2007.11.09 09:06:56.621,0.69655,0.6967,2.60,0.30
2007.11.09 09:06:56.750,0.6965,0.6966,8.20,0.30
2007.11.09 09:06:56.877,0.6965,0.6966,0.30,0.30
2007.11.09 09:06:57.061,0.6965,0.6966,0.30,0.30
2007.11.09 09:06:57.306,0.6965,0.6966,0.30,0.30
2007.11.09 09:06:57.471,0.6965,0.6966,0.30,0.30
2007.11.09 09:06:57.813,0.6965,0.6966,0.30,0.30
2007.11.09 09:06:58.146,0.6965,0.6966,0.30,0.30
2007.11.09 09:06:58.480,0.6965,0.6966,0.30,0.30
2007.11.09 09:06:58.851,0.6965,0.6966,0.30,0.30
2007.11.09 09:06:59.581,0.6965,0.6966,0.30,0.30
2007.11.09 09:06:59.989,0.69645,0.6966,37.90,0.30
2007.11.09 09:07:00.437,0.69645,0.6966,37.90,0.30
2007.11.09 09:07:00.681,0.6965,0.6966,0.30,0.30
2007.11.09 09:07:01.570,0.69645,0.6966,37.90,0.30
2007.11.09 09:07:01.823,0.69645,0.6966,37.90,0.30
2007.11.09 09:07:04.637,0.69645,0.69665,37.90,0.30
2007.11.09 09:07:04.720,0.6965,0.69665,0.30,0.30
2007.11.09 09:07:04.830,0.69645,0.69665,38.70,0.30
2007.11.09 09:07:05.103,0.69645,0.69665,38.70,0.30
2007.11.09 09:07:05.641,0.69645,0.69665,37.90,0.30
2007.11.09 09:07:05.915,0.69645,0.6966,37.90,0.30
2007.11.09 09:07:06.606,0.6964,0.6966,48.20,0.30
2007.11.09 09:07:06.786,0.6964,0.6966,44.20,0.30
2007.11.09 09:07:06.964,0.69645,0.6966,3.50,0.30
2007.11.09 09:07:07.087,0.69645,0.6966,4.80,0.30
2007.11.09 09:07:07.588,0.69645,0.6966,0.50,0.30
2007.11.09 09:07:08.599,0.6964,0.6966,21.80,0.30
2007.11.09 09:07:08.932,0.6964,0.6966,21.80,0.30
2007.11.09 09:07:12.005,0.69645,0.6966,1.90,0.30
2007.11.09 09:07:12.302,0.6964,0.6966,21.00,0.30
2007.11.09 09:07:12.688,0.69645,0.6966,5.90,0.30
2007.11.09 09:07:13.658,0.6964,0.6966,20.20,0.30
2007.11.09 09:07:13.991,0.6964,0.6966,33.80,0.30
2007.11.09 09:07:14.325,0.6964,0.6966,25.80,0.30
2007.11.09 09:07:14.459,0.6964,0.6966,25.80,0.30
2007.11.09 09:07:14.593,0.69645,0.6966,1.70,0.30
2007.11.09 09:07:14.727,0.69645,0.6966,19.50,0.30
2007.11.09 09:07:14.866,0.6965,0.6966,0.30,0.30
2007.11.09 09:07:14.999,0.6965,0.6966,0.30,0.30
2007.11.09 09:07:15.132,0.69645,0.6966,37.90,0.30
2007.11.09 09:07:15.385,0.6965,0.6966,0.30,0.30
2007.11.09 09:07:15.797,0.6965,0.6966,0.30,0.30
2007.11.09 09:07:16.117,0.6965,0.6966,0.30,0.30
2007.11.09 09:07:16.444,0.6965,0.6966,0.30,0.30
2007.11.09 09:07:16.648,0.6965,0.6966,0.30,0.30
2007.11.09 09:07:16.828,0.69655,0.69665,0.30,0.30
2007.11.09 09:07:18.371,0.69645,0.69665,58.60,0.30
2007.11.09 09:07:22.040,0.69645,0.69665,58.60,0.30
2007.11.09 09:07:24.079,0.69645,0.69665,58.60,0.30
2007.11.09 09:07:25.186,0.69655,0.69665,0.30,0.30
2007.11.09 09:07:25.519,0.69655,0.69665,0.30,0.30
2007.11.09 09:07:26.374,0.6965,0.69665,5.10,0.30
2007.11.09 09:07:26.541,0.69655,0.69665,0.30,0.30
2007.11.09 09:07:26.774,0.6965,0.69665,5.10,0.30
2007.11.09 09:07:27.008,0.69655,0.69665,0.30,0.30
2007.11.09 09:07:27.241,0.69655,0.69665,0.30,0.30
2007.11.09 09:07:27.477,0.69655,0.69665,0.30,0.30
2007.11.09 09:07:27.710,0.69655,0.69665,0.30,0.30
2007.11.09 09:07:28.044,0.69655,0.69665,0.30,0.30
2007.11.09 09:07:28.375,0.69655,0.69665,0.30,0.30
2007.11.09 09:07:29.104,0.69655,0.69665,0.30,0.30
2007.11.09 09:07:29.620,0.69655,0.69665,0.30,0.30
2007.11.09 09:07:31.668,0.69655,0.69665,0.30,0.30
2007.11.09 09:07:32.004,0.69655,0.69665,0.30,4.20
2007.11.09 09:07:32.200,0.69655,0.69665,0.30,8.20
2007.11.09 09:07:32.398,0.69655,0.69665,0.30,0.30
2007.11.09 09:07:32.596,0.69655,0.69665,0.30,0.30
2007.11.09 09:07:32.801,0.69655,0.69665,0.30,0.30
2007.11.09 09:07:33.135,0.69655,0.69665,0.30,0.30
2007.11.09 09:07:33.467,0.69655,0.69665,0.30,0.30
2007.11.09 09:07:33.799,0.69655,0.69665,0.30,0.30
2007.11.09 09:07:33.963,0.69655,0.69665,0.30,0.30
2007.11.09 09:07:34.127,0.69655,0.69665,0.30,0.30
2007.11.09 09:07:34.290,0.69655,0.6967,10.60,4.20
2007.11.09 09:07:34.453,0.69655,0.6967,10.60,0.30
2007.11.09 09:07:34.615,0.69655,0.6967,10.60,0.30
2007.11.09 09:07:34.781,0.69655,0.6967,10.60,8.20
2007.11.09 09:07:35.114,0.69655,0.69665,0.30,0.30
2007.11.09 09:07:35.448,0.69655,0.69665,0.30,4.20
2007.11.09 09:07:35.782,0.69655,0.69665,0.30,4.20
2007.11.09 09:07:36.115,0.69655,0.69665,0.30,4.20
2007.11.09 09:07:36.298,0.6965,0.6966,4.00,0.30
2007.11.09 09:07:36.482,0.69645,0.6966,21.00,0.30
2007.11.09 09:07:36.665,0.69645,0.6966,13.00,0.30
2007.11.09 09:07:36.848,0.69645,0.6966,13.00,0.30
2007.11.09 09:07:37.148,0.69645,0.6966,12.20,0.30
2007.11.09 09:07:37.415,0.69645,0.6966,0.30,0.30
2007.11.09 09:07:37.685,0.69645,0.6966,0.30,0.30
2007.11.09 09:07:37.955,0.69645,0.6966,4.20,0.30
2007.11.09 09:07:38.475,0.69645,0.6966,4.20,0.30
2007.11.09 09:07:38.808,0.6965,0.6966,0.30,0.30
2007.11.09 09:07:39.141,0.6965,0.6966,0.30,0.30
2007.11.09 09:07:39.299,0.69645,0.6966,18.60,0.30
2007.11.09 09:07:39.464,0.69645,0.6966,18.60,0.30
2007.11.09 09:07:39.623,0.69645,0.6966,0.30,0.30
2007.11.09 09:07:40.228,0.6965,0.6966,0.30,0.30
2007.11.09 09:07:40.524,0.6965,0.6966,0.30,0.30
2007.11.09 09:07:40.822,0.6965,0.6966,0.30,0.30
2007.11.09 09:07:41.120,0.6965,0.6966,0.30,0.30
2007.11.09 09:07:41.305,0.69645,0.6966,22.60,0.30
2007.11.09 09:07:41.487,0.69645,0.6966,4.20,0.30
2007.11.09 09:07:41.670,0.69645,0.69655,4.20,0.30
2007.11.09 09:07:41.854,0.69645,0.69655,0.30,0.30
2007.11.09 09:07:42.090,0.69645,0.69655,0.30,0.30
2007.11.09 09:07:42.388,0.69645,0.6966,4.20,0.30
2007.11.09 09:07:42.686,0.69645,0.6966,4.20,0.30
2007.11.09 09:07:42.984,0.6965,0.6966,0.30,0.30
2007.11.09 09:07:43.282,0.6965,0.6966,0.30,0.30
2007.11.09 09:07:43.616,0.6965,0.6966,0.30,0.30
2007.11.09 09:07:43.950,0.6965,0.6966,0.30,0.30
2007.11.09 09:07:44.398,0.6965,0.6966,0.30,0.30
2007.11.09 09:07:44.550,0.6965,0.6966,0.30,0.30
2007.11.09 09:07:44.860,0.6965,0.6966,0.30,0.30
2007.11.09 09:07:45.074,0.6965,0.6966,0.30,0.30
2007.11.09 09:07:45.326,0.6965,0.6966,0.30,0.30
2007.11.09 09:07:45.578,0.6965,0.6966,0.30,0.30
2007.11.09 09:07:45.832,0.6965,0.6966,0.30,0.30
2007.11.09 09:07:46.109,0.6965,0.6966,0.30,0.30
2007.11.09 09:07:46.302,0.6965,0.6966,0.30,0.30
2007.11.09 09:07:46.496,0.6965,0.6966,0.30,0.30
2007.11.09 09:07:47.000,0.6965,0.6966,0.30,0.30
2007.11.09 09:07:47.233,0.6965,0.6966,0.30,0.30
2007.11.09 09:07:47.568,0.6965,0.6966,0.30,0.30
2007.11.09 09:07:47.901,0.6965,0.6966,0.30,0.30
2007.11.09 09:07:48.233,0.6965,0.6966,0.30,0.30
2007.11.09 09:07:48.614,0.6965,0.6966,0.30,0.30
2007.11.09 09:07:48.954,0.6965,0.69665,0.30,0.30
2007.11.09 09:07:49.431,0.6965,0.69665,0.30,0.30
2007.11.09 09:07:49.847,0.6965,0.69665,0.30,0.30
2007.11.09 09:07:50.066,0.6965,0.69665,0.30,0.30
2007.11.09 09:07:50.368,0.6965,0.69665,0.30,0.30
2007.11.09 09:07:51.090,0.6965,0.69665,0.30,0.30
2007.11.09 09:07:51.999,0.6965,0.69665,0.30,0.30
2007.11.09 09:07:52.783,0.6965,0.69665,0.30,12.20
2007.11.09 09:07:53.116,0.6965,0.69665,0.30,22.60
2007.11.09 09:07:53.450,0.6965,0.6966,0.30,0.30
2007.11.09 09:07:53.607,0.6965,0.6966,0.30,0.30
2007.11.09 09:07:54.095,0.6965,0.6966,0.30,0.30
2007.11.09 09:07:55.247,0.6965,0.6966,0.30,0.30
2007.11.09 09:07:55.395,0.6965,0.6966,0.30,0.30
2007.11.09 09:07:55.638,0.6965,0.6966,0.30,0.30
2007.11.09 09:07:55.882,0.6965,0.6966,0.30,0.30
2007.11.09 09:07:56.124,0.6965,0.6966,0.30,0.30
2007.11.09 09:07:56.731,0.6965,0.6966,0.30,0.30
2007.11.09 09:07:57.056,0.6965,0.6966,0.30,0.30
2007.11.09 09:07:58.038,0.6965,0.6966,0.30,0.30
2007.11.09 09:07:58.858,0.6965,0.6966,0.30,0.30
2007.11.09 09:07:59.051,0.6965,0.6966,0.30,0.30
2007.11.09 09:07:59.372,0.6965,0.6966,0.30,0.30
2007.11.09 09:07:59.589,0.6965,0.6966,0.30,0.30
2007.11.09 09:07:59.792,0.6965,0.6966,0.30,0.30
2007.11.09 09:07:59.996,0.6965,0.6966,0.30,0.30
2007.11.09 09:08:00.199,0.6965,0.6966,0.30,0.30
2007.11.09 09:08:00.910,0.6965,0.6966,0.30,0.30
2007.11.09 09:08:01.099,0.6965,0.6966,0.30,0.30
2007.11.09 09:08:01.830,0.6965,0.6966,0.30,8.20
2007.11.09 09:08:02.044,0.6965,0.6966,0.30,8.20
2007.11.09 09:08:02.257,0.6965,0.6966,0.30,8.20
2007.11.09 09:08:02.470,0.69645,0.6966,18.60,8.20
2007.11.09 09:08:02.911,0.69645,0.6966,0.30,8.20
2007.11.09 09:08:03.257,0.69645,0.6966,0.30,8.20
2007.11.09 09:08:03.590,0.69645,0.6966,0.30,0.30
2007.11.09 09:08:03.798,0.6965,0.6966,0.30,0.30
2007.11.09 09:08:04.006,0.6965,0.6966,0.30,0.30
2007.11.09 09:08:04.214,0.6965,0.6966,0.30,0.30
2007.11.09 09:08:04.426,0.6965,0.6966,0.30,0.30
2007.11.09 09:08:04.689,0.6965,0.6966,0.30,0.30
2007.11.09 09:08:05.555,0.6965,0.6966,0.30,0.30
2007.11.09 09:08:05.778,0.6965,0.6966,0.30,0.30
2007.11.09 09:08:06.003,0.6965,0.6966,0.30,0.30
2007.11.09 09:08:06.226,0.6965,0.6966,0.30,0.30
2007.11.09 09:08:06.471,0.6965,0.6966,0.30,0.30
2007.11.09 09:08:06.675,0.6965,0.6966,0.30,0.30
2007.11.09 09:08:06.886,0.69645,0.6966,18.60,0.30
2007.11.09 09:08:07.091,0.69645,0.6966,0.30,0.30
2007.11.09 09:08:07.293,0.6965,0.6966,0.30,0.30
2007.11.09 09:08:07.496,0.6965,0.6966,0.30,0.30
2007.11.09 09:08:07.705,0.6965,0.6966,0.30,0.30
2007.11.09 09:08:08.032,0.6965,0.6966,0.30,1.80
2007.11.09 09:08:08.365,0.69645,0.6966,18.60,1.80
2007.11.09 09:08:08.698,0.69645,0.6966,0.30,1.80
2007.11.09 09:08:08.821,0.69645,0.6966,0.30,1.80
2007.11.09 09:08:09.263,0.6965,0.6966,0.30,1.80
2007.11.09 09:08:09.357,0.6965,0.6966,0.30,1.80
2007.11.09 09:08:09.548,0.6965,0.6966,0.30,1.80
2007.11.09 09:08:09.641,0.6965,0.6966,0.30,1.80
2007.11.09 09:08:10.059,0.6965,0.6966,0.30,1.80
2007.11.09 09:08:10.282,0.6965,0.6966,0.30,1.80
2007.11.09 09:08:10.506,0.6965,0.69655,0.30,4.00
2007.11.09 09:08:10.733,0.6965,0.69655,0.30,4.00
2007.11.09 09:08:10.956,0.69645,0.69655,18.60,4.00
2007.11.09 09:08:11.109,0.69645,0.69655,0.30,4.00
2007.11.09 09:08:11.827,0.69645,0.69655,0.30,4.00
2007.11.09 09:08:12.053,0.69645,0.6966,0.30,1.80
2007.11.09 09:08:12.339,0.69645,0.6966,0.30,1.80
2007.11.09 09:08:12.543,0.69645,0.6966,0.30,1.80
2007.11.09 09:08:13.058,0.69645,0.6966,0.30,1.80
2007.11.09 09:08:13.447,0.69645,0.6966,0.30,1.80
2007.11.09 09:08:13.780,0.69645,0.6966,0.30,1.80
2007.11.09 09:08:14.721,0.69645,0.6966,0.30,1.80
2007.11.09 09:08:14.857,0.69645,0.6966,0.30,1.80
2007.11.09 09:08:15.254,0.69645,0.6966,0.30,1.80
2007.11.09 09:08:15.587,0.69645,0.6966,0.30,1.80
2007.11.09 09:08:15.922,0.6965,0.6966,0.30,1.80
2007.11.09 09:08:16.091,0.6965,0.6966,0.30,1.80
2007.11.09 09:08:16.260,0.6965,0.6966,0.30,1.00
2007.11.09 09:08:16.436,0.69645,0.6966,29.00,1.00
2007.11.09 09:08:16.604,0.69645,0.6966,0.30,0.30
2007.11.09 09:08:16.773,0.69645,0.6966,0.30,1.00
2007.11.09 09:08:17.036,0.69645,0.6966,0.30,1.00
2007.11.09 09:08:17.370,0.69645,0.6966,0.30,1.00
2007.11.09 09:08:17.704,0.69645,0.6966,0.30,1.00
2007.11.09 09:08:18.037,0.69645,0.6966,0.30,0.30
2007.11.09 09:08:18.371,0.69645,0.6966,0.30,0.30
2007.11.09 09:08:19.049,0.69645,0.6966,0.30,0.30
2007.11.09 09:08:19.353,0.69645,0.6966,0.30,0.30
2007.11.09 09:08:19.526,0.69645,0.6966,0.30,0.30
2007.11.09 09:08:19.699,0.69645,0.6966,0.30,0.30
2007.11.09 09:08:19.872,0.69645,0.6966,0.30,1.00
2007.11.09 09:08:20.045,0.69645,0.6966,0.30,1.00
2007.11.09 09:08:20.379,0.69645,0.6966,0.30,1.80
2007.11.09 09:08:21.108,0.69645,0.6966,0.30,1.80
2007.11.09 09:08:21.435,0.69645,0.69655,0.30,4.00
2007.11.09 09:08:21.628,0.69645,0.6966,0.30,0.30
2007.11.09 09:08:21.822,0.69645,0.6966,0.30,0.30
2007.11.09 09:08:21.941,0.69645,0.6966,0.30,0.30
2007.11.09 09:08:22.015,0.69645,0.69665,0.30,76.20
2007.11.09 09:08:22.769,0.69645,0.6966,0.30,0.30
2007.11.09 09:08:23.055,0.69645,0.6966,0.30,0.30
2007.11.09 09:08:23.388,0.69645,0.6966,0.30,5.80
2007.11.09 09:08:23.721,0.69645,0.6966,0.30,5.80
2007.11.09 09:08:24.054,0.69645,0.69655,0.30,0.70
2007.11.09 09:08:24.387,0.69645,0.6966,0.30,9.80
2007.11.09 09:08:24.565,0.69645,0.69655,0.30,0.60
2007.11.09 09:08:24.743,0.69645,0.6966,0.30,9.00
2007.11.09 09:08:24.921,0.69645,0.69655,0.30,0.60
2007.11.09 09:08:25.100,0.69645,0.6966,0.30,8.20
2007.11.09 09:08:25.318,0.69645,0.69655,0.30,0.70
2007.11.09 09:08:25.536,0.69645,0.6966,0.30,8.20
2007.11.09 09:08:25.755,0.69645,0.69655,0.30,0.80
2007.11.09 09:08:25.974,0.69645,0.6966,0.30,9.80
2007.11.09 09:08:26.485,0.69645,0.69665,0.30,83.30
2007.11.09 09:08:26.684,0.69645,0.6966,0.30,0.60
2007.11.09 09:08:26.882,0.69645,0.69665,0.30,82.50
2007.11.09 09:08:27.103,0.69645,0.6966,0.30,0.70
2007.11.09 09:08:27.615,0.69645,0.69665,0.30,82.50
2007.11.09 09:08:27.827,0.69645,0.69665,0.30,81.70
2007.11.09 09:08:28.015,0.69645,0.6966,0.30,9.80
2007.11.09 09:08:28.204,0.69645,0.6966,0.30,9.70
2007.11.09 09:08:28.537,0.69645,0.69655,0.30,0.70
2007.11.09 09:08:28.870,0.69645,0.6966,0.30,6.40
2007.11.09 09:08:29.203,0.69645,0.6966,0.30,35.00
2007.11.09 09:08:29.367,0.69645,0.6966,0.30,34.20
2007.11.09 09:08:29.529,0.69645,0.6966,2.60,21.50
2007.11.09 09:08:29.692,0.69645,0.69665,2.60,81.30
2007.11.09 09:08:29.856,0.69645,0.69665,0.30,78.20
2007.11.09 09:08:30.019,0.69645,0.6966,0.30,0.90
2007.11.09 09:08:30.181,0.69645,0.6966,0.30,9.60
2007.11.09 09:08:30.511,0.69645,0.69655,0.30,0.90
2007.11.09 09:08:30.839,0.69645,0.69655,0.30,0.30
2007.11.09 09:08:31.167,0.69645,0.69655,0.30,0.30
2007.11.09 09:08:31.496,0.69645,0.6966,0.30,4.30
2007.11.09 09:08:31.800,0.69645,0.6966,0.30,4.30
2007.11.09 09:08:32.133,0.69645,0.6966,0.30,4.30
2007.11.09 09:08:32.341,0.69645,0.6966,0.30,8.20
2007.11.09 09:08:32.675,0.69645,0.69655,0.30,0.50
2007.11.09 09:08:33.008,0.69645,0.6966,0.30,11.80
2007.11.09 09:08:33.341,0.69645,0.6966,0.30,15.70
2007.11.09 09:08:33.791,0.69645,0.69655,0.30,0.70
2007.11.09 09:08:34.122,0.69645,0.6966,0.30,19.70
2007.11.09 09:08:35.557,0.69645,0.69655,0.30,0.80
2007.11.09 09:08:35.633,0.69645,0.6966,0.30,19.70
2007.11.09 09:08:35.851,0.69645,0.69655,0.30,0.90
2007.11.09 09:08:36.294,0.69645,0.69655,0.30,0.90
2007.11.09 09:08:37.164,0.69645,0.69655,0.30,0.70
2007.11.09 09:08:37.482,0.69645,0.6966,0.30,19.70
2007.11.09 09:08:38.066,0.69645,0.69655,0.30,0.80
2007.11.09 09:08:38.438,0.69645,0.69655,0.30,0.90
2007.11.09 09:08:38.819,0.69645,0.69655,0.30,0.50
2007.11.09 09:08:38.993,0.69645,0.69665,2.60,89.10
2007.11.09 09:08:39.165,0.69645,0.69665,2.60,72.40
2007.11.09 09:08:39.343,0.69645,0.69665,2.60,72.40
2007.11.09 09:08:39.517,0.69645,0.6966,0.30,4.70
2007.11.09 09:08:39.690,0.69645,0.69655,0.30,0.60
2007.11.09 09:08:40.103,0.69645,0.6966,0.30,9.30
2007.11.09 09:08:40.371,0.69645,0.6966,0.30,8.70
2007.11.09 09:08:41.178,0.69645,0.69655,0.30,0.80
2007.11.09 09:08:41.356,0.69645,0.6966,0.30,8.70
2007.11.09 09:08:41.539,0.69645,0.6966,0.30,12.70
2007.11.09 09:08:41.858,0.69645,0.69655,0.30,0.80
2007.11.09 09:08:42.157,0.69645,0.6966,0.30,13.30
2007.11.09 09:08:42.359,0.69645,0.6966,0.30,13.30
2007.11.09 09:08:42.597,0.69645,0.69655,0.30,0.70
2007.11.09 09:08:42.805,0.69645,0.69655,0.30,0.90
2007.11.09 09:08:43.138,0.69645,0.6966,0.30,13.30
2007.11.09 09:08:43.528,0.69645,0.6966,0.30,13.30
2007.11.09 09:08:44.281,0.69645,0.6966,0.30,12.70
2007.11.09 09:08:44.453,0.69645,0.69655,0.30,0.50
2007.11.09 09:08:45.086,0.69645,0.69655,0.30,0.90
2007.11.09 09:08:45.590,0.69645,0.6966,0.30,8.20
2007.11.09 09:08:46.512,0.69645,0.6966,0.30,12.20
2007.11.09 09:08:47.132,0.69645,0.6966,0.30,12.20
2007.11.09 09:08:48.712,0.69645,0.69655,0.30,0.60
2007.11.09 09:08:49.046,0.69645,0.69655,0.30,0.90
2007.11.09 09:08:49.992,0.69645,0.6966,0.30,13.30
2007.11.09 09:08:50.260,0.69645,0.69655,0.30,0.70
2007.11.09 09:08:50.528,0.69645,0.6966,0.30,5.30
2007.11.09 09:08:50.800,0.69645,0.6966,0.30,5.30
2007.11.09 09:08:51.104,0.69645,0.6966,0.30,5.30
2007.11.09 09:08:51.378,0.6964,0.69655,9.00,0.60
2007.11.09 09:08:51.637,0.6964,0.69655,0.30,0.60
2007.11.09 09:08:52.111,0.6964,0.6966,0.30,18.10
2007.11.09 09:08:52.357,0.6964,0.6966,0.30,18.10
2007.11.09 09:08:52.589,0.6964,0.6966,0.30,22.10
2007.11.09 09:08:53.291,0.6964,0.6966,0.30,22.10
2007.11.09 09:08:55.047,0.6964,0.69655,0.30,0.60
2007.11.09 09:08:55.205,0.6964,0.69655,0.30,0.50
2007.11.09 09:08:56.327,0.6964,0.69655,0.30,0.90
2007.11.09 09:08:56.699,0.6964,0.6966,0.30,22.60
2007.11.09 09:08:56.846,0.6964,0.6966,0.30,22.60
2007.11.09 09:08:57.160,0.6964,0.6966,0.30,22.60
2007.11.09 09:08:58.433,0.69645,0.69655,0.30,0.70
2007.11.09 09:08:58.768,0.69645,0.6966,4.20,20.20
2007.11.09 09:08:59.802,0.69645,0.6966,4.20,20.20
2007.11.09 09:08:59.937,0.69645,0.6966,6.60,13.00
2007.11.09 09:09:00.070,0.69645,0.6966,6.60,0.90
2007.11.09 09:09:00.202,0.69645,0.69665,6.60,79.30
2007.11.09 09:09:00.539,0.69645,0.69665,6.60,79.30
2007.11.09 09:09:01.047,0.69645,0.6966,6.60,0.30
2007.11.09 09:09:01.311,0.69645,0.69665,2.60,80.90
2007.11.09 09:09:01.469,0.69645,0.69665,2.60,80.10
2007.11.09 09:09:02.174,0.69645,0.69665,2.60,80.10
2007.11.09 09:09:03.227,0.69645,0.69665,6.60,80.10
2007.11.09 09:09:03.561,0.69645,0.69665,6.70,80.20
2007.11.09 09:09:03.984,0.69645,0.69665,4.30,81.00
2007.11.09 09:09:04.107,0.69645,0.69665,4.30,81.00
2007.11.09 09:09:04.253,0.69645,0.6966,0.40,0.30
2007.11.09 09:09:04.655,0.69645,0.69665,4.30,81.00
2007.11.09 09:09:04.937,0.69645,0.69665,4.30,81.00
2007.11.09 09:09:05.220,0.69645,0.69665,4.30,80.90
2007.11.09 09:09:05.503,0.69645,0.6966,6.70,0.60
2007.11.09 09:09:05.671,0.69645,0.6966,6.70,0.30
2007.11.09 09:09:05.840,0.69645,0.69665,6.70,79.40
2007.11.09 09:09:06.008,0.69645,0.69665,6.70,78.60
2007.11.09 09:09:06.177,0.69645,0.69665,6.70,78.60
2007.11.09 09:09:06.365,0.69645,0.69665,6.70,78.60
2007.11.09 09:09:06.591,0.69645,0.6966,6.70,0.30
2007.11.09 09:09:06.954,0.69645,0.69665,6.70,79.40
2007.11.09 09:09:07.288,0.69645,0.69665,6.70,80.20
2007.11.09 09:09:07.739,0.69645,0.69665,6.70,79.40
2007.11.09 09:09:08.073,0.69645,0.6966,6.70,0.30
2007.11.09 09:09:08.405,0.69645,0.69665,6.70,73.00
2007.11.09 09:09:08.738,0.69645,0.6966,6.70,0.30
2007.11.09 09:09:11.281,0.69645,0.69665,6.70,73.80
2007.11.09 09:09:11.599,0.69645,0.69665,6.70,74.60
2007.11.09 09:09:12.112,0.69645,0.6966,6.70,0.30
2007.11.09 09:09:12.583,0.69645,0.6966,6.70,0.30
2007.11.09 09:09:13.943,0.69645,0.6966,2.70,0.30
2007.11.09 09:09:14.250,0.69645,0.6966,2.70,1.00
2007.11.09 09:09:14.418,0.69645,0.6966,2.70,1.80
2007.11.09 09:09:14.762,0.69645,0.6966,2.70,1.00
2007.11.09 09:09:15.075,0.69645,0.6966,2.70,0.30
2007.11.09 09:09:15.390,0.69645,0.6966,2.70,4.20
2007.11.09 09:09:15.704,0.69645,0.6966,2.70,4.20
2007.11.09 09:09:16.128,0.69645,0.6966,2.70,4.20
2007.11.09 09:09:16.339,0.69645,0.6966,2.70,4.20
2007.11.09 09:09:16.558,0.69645,0.6966,2.70,8.20
2007.11.09 09:09:16.776,0.69645,0.6966,2.70,8.20
2007.11.09 09:09:16.980,0.69645,0.6966,2.70,4.20
2007.11.09 09:09:17.185,0.69645,0.6966,2.70,0.30
2007.11.09 09:09:17.387,0.69645,0.6966,6.70,0.30
2007.11.09 09:09:17.590,0.69645,0.6966,6.70,0.30
2007.11.09 09:09:17.793,0.69645,0.6966,6.70,0.30
2007.11.09 09:09:18.126,0.69645,0.6966,6.70,0.30
2007.11.09 09:09:18.460,0.69645,0.6966,2.70,0.30
2007.11.09 09:09:18.792,0.69645,0.6966,2.70,0.30
2007.11.09 09:09:19.040,0.69645,0.6966,2.70,0.30
2007.11.09 09:09:19.721,0.69645,0.6966,2.70,0.30
2007.11.09 09:09:20.076,0.69645,0.6966,2.70,0.30
2007.11.09 09:09:20.734,0.69645,0.6966,2.70,0.30
2007.11.09 09:09:22.156,0.69645,0.6966,2.70,0.30
2007.11.09 09:09:22.375,0.69645,0.6966,2.70,0.30
2007.11.09 09:09:22.593,0.69645,0.6966,0.40,5.80
2007.11.09 09:09:22.862,0.69645,0.6966,0.40,5.80
2007.11.09 09:09:23.201,0.69645,0.6966,0.40,5.80
2007.11.09 09:09:23.589,0.69645,0.6966,0.40,5.80
2007.11.09 09:09:23.944,0.69645,0.6966,0.40,5.80
2007.11.09 09:09:24.824,0.69645,0.6966,0.40,5.80
2007.11.09 09:09:25.384,0.69645,0.6966,0.40,13.80
2007.11.09 09:09:25.683,0.6964,0.69655,0.30,0.30
2007.11.09 09:09:25.982,0.6964,0.69655,0.30,4.20
2007.11.09 09:09:26.170,0.6964,0.69655,0.30,4.20
2007.11.09 09:09:26.359,0.6964,0.69655,0.30,4.20
2007.11.09 09:09:26.613,0.6964,0.69655,0.30,4.20
2007.11.09 09:09:26.809,0.6964,0.69655,0.30,4.20
2007.11.09 09:09:27.034,0.6964,0.69655,0.30,4.20
2007.11.09 09:09:27.827,0.6964,0.69655,0.30,4.20
2007.11.09 09:09:28.097,0.6964,0.69655,0.30,4.20
2007.11.09 09:09:28.431,0.6964,0.69655,0.30,4.20
2007.11.09 09:09:28.763,0.6964,0.69655,0.30,4.20
2007.11.09 09:09:29.097,0.6964,0.69655,0.30,4.20
2007.11.09 09:09:29.279,0.6964,0.69655,0.30,4.20
2007.11.09 09:09:29.518,0.6964,0.69655,0.30,4.20
2007.11.09 09:09:29.696,0.6964,0.69655,0.30,5.00
2007.11.09 09:09:29.875,0.6964,0.69655,0.30,5.00
2007.11.09 09:09:30.122,0.6964,0.69655,0.30,10.60
2007.11.09 09:09:30.369,0.6964,0.69655,0.30,11.40
2007.11.09 09:09:30.617,0.6964,0.69655,0.30,15.40
2007.11.09 09:09:31.059,0.6964,0.69655,0.30,20.20
2007.11.09 09:09:31.305,0.6964,0.69655,0.30,21.00
2007.11.09 09:09:31.534,0.6964,0.6965,0.30,0.30
2007.11.09 09:09:31.963,0.6964,0.6965,0.30,0.30
2007.11.09 09:09:32.192,0.6964,0.6965,0.30,0.30
2007.11.09 09:09:32.411,0.6964,0.6965,0.30,0.30
2007.11.09 09:09:32.628,0.6964,0.6965,0.30,0.30
2007.11.09 09:09:32.847,0.6964,0.6965,0.30,0.30
2007.11.09 09:09:33.067,0.6964,0.6965,0.30,0.30
2007.11.09 09:09:33.284,0.6964,0.6965,0.30,0.30
2007.11.09 09:09:33.618,0.6964,0.6965,0.30,0.30
2007.11.09 09:09:33.951,0.6964,0.6965,0.30,0.30
2007.11.09 09:09:33.960,0.69635,0.6965,33.90,0.30
2007.11.09 09:09:34.285,0.69635,0.6965,29.90,1.80
2007.11.09 09:09:34.499,0.69635,0.6965,5.90,1.80
2007.11.09 09:09:34.712,0.6963,0.6965,18.60,1.80
2007.11.09 09:09:34.926,0.69635,0.6965,1.30,1.80
2007.11.09 09:09:35.139,0.6963,0.6965,18.60,1.80
2007.11.09 09:09:35.352,0.69635,0.6965,0.80,0.30
2007.11.09 09:09:35.616,0.6964,0.6965,0.30,1.80
2007.11.09 09:09:35.878,0.69635,0.6965,18.70,1.80
2007.11.09 09:09:36.365,0.6964,0.6965,0.30,1.80
2007.11.09 09:09:37.159,0.6964,0.6965,0.30,1.80
2007.11.09 09:09:37.371,0.6964,0.6965,0.30,1.80
2007.11.09 09:09:37.704,0.69635,0.6965,29.90,0.30
2007.11.09 09:09:38.039,0.69635,0.69645,7.40,0.30
2007.11.09 09:09:38.372,0.69635,0.69645,0.30,0.30
2007.11.09 09:09:38.576,0.69625,0.69645,56.10,0.30
2007.11.09 09:09:38.780,0.6963,0.69645,0.30,0.30
2007.11.09 09:09:38.982,0.69625,0.69645,50.60,0.30
2007.11.09 09:09:39.187,0.69625,0.69645,50.60,0.30
2007.11.09 09:09:39.677,0.69625,0.69645,50.60,0.30
2007.11.09 09:09:39.921,0.6963,0.69645,0.30,0.30
2007.11.09 09:09:40.166,0.6963,0.69645,0.30,0.30
2007.11.09 09:09:40.408,0.6963,0.69645,0.30,0.30
2007.11.09 09:09:40.696,0.69625,0.69645,53.80,1.00
2007.11.09 09:09:41.020,0.69625,0.69645,53.80,1.00
2007.11.09 09:09:41.308,0.69625,0.69645,45.80,5.00
2007.11.09 09:09:41.597,0.69625,0.6964,20.20,0.30
2007.11.09 09:09:41.795,0.69625,0.6964,4.00,0.30
2007.11.09 09:09:41.993,0.6962,0.6964,31.40,0.30
2007.11.09 09:09:42.192,0.6962,0.6964,32.20,0.30
2007.11.09 09:09:42.473,0.69625,0.6964,0.90,0.30
2007.11.09 09:09:42.815,0.69625,0.6964,14.00,0.30
2007.11.09 09:09:43.150,0.6963,0.6964,0.30,0.30
2007.11.09 09:09:43.485,0.69625,0.6964,54.60,0.30
2007.11.09 09:09:43.698,0.6963,0.69645,0.30,0.30
2007.11.09 09:09:43.912,0.6963,0.69645,2.00,0.30
2007.11.09 09:09:44.133,0.6963,0.69645,2.70,0.30
2007.11.09 09:09:44.346,0.69625,0.69645,59.30,0.30
2007.11.09 09:09:44.560,0.6963,0.69645,1.50,0.30
2007.11.09 09:09:44.878,0.69625,0.69645,58.50,0.30
2007.11.09 09:09:45.198,0.6963,0.6965,2.20,4.20
2007.11.09 09:09:45.516,0.6963,0.69645,3.50,0.30
2007.11.09 09:09:45.835,0.6963,0.69645,1.00,0.30
2007.11.09 09:09:46.084,0.6963,0.6965,2.90,0.30
2007.11.09 09:09:46.334,0.69635,0.6965,5.00,0.30
2007.11.09 09:09:46.583,0.69635,0.69645,1.20,0.30
2007.11.09 09:09:46.857,0.69635,0.69645,3.20,0.30
2007.11.09 09:09:47.134,0.6963,0.6965,3.30,0.30
2007.11.09 09:09:47.404,0.69625,0.6965,67.10,4.20
2007.11.09 09:09:47.678,0.69625,0.69645,58.50,0.30
2007.11.09 09:09:48.012,0.6963,0.69645,1.80,0.30
2007.11.09 09:09:48.345,0.69625,0.69645,58.50,0.30
2007.11.09 09:09:48.677,0.6963,0.6965,3.80,0.30
2007.11.09 09:09:48.861,0.69625,0.6965,67.10,0.30
2007.11.09 09:09:49.054,0.6963,0.6965,3.60,4.20
2007.11.09 09:09:49.571,0.69625,0.6965,63.10,4.20
2007.11.09 09:09:49.754,0.69625,0.6965,63.10,4.20
2007.11.09 09:09:50.013,0.69625,0.6964,63.40,0.30
2007.11.09 09:09:50.270,0.69625,0.6964,61.80,0.30
2007.11.09 09:09:50.528,0.69625,0.6964,61.80,0.30
2007.11.09 09:09:50.997,0.6963,0.6964,0.30,0.30
2007.11.09 09:09:51.349,0.69625,0.69645,61.80,24.30
2007.11.09 09:09:51.577,0.69625,0.69645,61.80,24.30
2007.11.09 09:09:51.835,0.6963,0.6964,0.30,0.30
2007.11.09 09:09:52.091,0.69625,0.6964,61.80,0.30
2007.11.09 09:09:52.452,0.69625,0.6964,61.80,0.30
2007.11.09 09:09:52.708,0.69625,0.6964,61.80,0.30
2007.11.09 09:09:52.955,0.69625,0.6964,61.80,0.30
2007.11.09 09:09:53.289,0.6963,0.6964,0.30,0.30
2007.11.09 09:09:53.623,0.6963,0.69645,0.30,1.80
2007.11.09 09:09:53.955,0.69625,0.69645,66.60,0.30
2007.11.09 09:09:54.176,0.6963,0.69645,0.30,0.30
2007.11.09 09:09:54.374,0.6963,0.69645,0.30,0.30
2007.11.09 09:09:54.581,0.69635,0.6965,12.30,9.80
2007.11.09 09:09:54.829,0.69635,0.6965,37.90,9.00
2007.11.09 09:09:55.033,0.69635,0.6965,41.90,1.00
2007.11.09 09:09:55.235,0.69635,0.6965,41.90,0.30
2007.11.09 09:09:55.439,0.6964,0.6965,0.30,0.30
2007.11.09 09:09:55.774,0.69635,0.6965,41.90,0.30
2007.11.09 09:09:55.977,0.69635,0.6965,45.90,0.30
2007.11.09 09:09:56.240,0.69635,0.6965,45.90,0.30
2007.11.09 09:09:56.961,0.69635,0.6965,37.90,0.30
2007.11.09 09:09:57.195,0.6963,0.6965,38.60,0.30
2007.11.09 09:09:57.373,0.69635,0.6965,5.70,0.30
2007.11.09 09:09:57.551,0.69635,0.6965,1.40,0.30
2007.11.09 09:09:57.728,0.6963,0.6965,45.80,0.30
2007.11.09 09:09:57.921,0.69635,0.6965,2.40,0.30
2007.11.09 09:09:58.099,0.69635,0.6965,19.50,0.30
2007.11.09 09:09:58.432,0.69635,0.6965,45.90,0.30
2007.11.09 09:09:58.765,0.6964,0.6965,0.30,0.30
2007.11.09 09:09:59.098,0.69635,0.6965,45.90,0.30
2007.11.09 09:09:59.371,0.6964,0.6965,0.30,0.30
2007.11.09 09:09:59.586,0.69635,0.6965,41.90,0.30
2007.11.09 09:10:00.460,0.6963,0.6965,55.40,0.30
2007.11.09 09:10:00.759,0.6963,0.6965,49.80,0.30
2007.11.09 09:10:01.058,0.6963,0.6965,27.40,0.30
2007.11.09 09:10:01.568,0.6963,0.6965,27.40,0.30
2007.11.09 09:10:02.143,0.69635,0.6965,3.90,0.30
2007.11.09 09:10:02.580,0.69635,0.6965,5.10,0.30
2007.11.09 09:10:02.888,0.6963,0.6965,32.20,0.30
2007.11.09 09:10:03.427,0.69635,0.6965,19.40,0.30
2007.11.09 09:10:03.761,0.69635,0.6965,11.40,0.30
2007.11.09 09:10:04.140,0.69635,0.6965,11.40,0.30
2007.11.09 09:10:04.367,0.69635,0.6965,11.40,0.30
2007.11.09 09:10:04.559,0.6964,0.6965,0.30,0.30
2007.11.09 09:10:04.752,0.6964,0.6965,0.30,0.30
2007.11.09 09:10:04.945,0.6964,0.6965,0.30,0.30
2007.11.09 09:10:05.139,0.6964,0.6965,0.30,0.30
2007.11.09 09:10:05.332,0.6964,0.6965,0.30,0.30
2007.11.09 09:10:05.819,0.6964,0.6965,0.30,0.30
2007.11.09 09:10:06.102,0.6964,0.6965,0.30,0.30
2007.11.09 09:10:06.385,0.6964,0.6965,0.30,0.30
2007.11.09 09:10:06.624,0.6964,0.69655,0.30,20.20
2007.11.09 09:10:06.862,0.6964,0.69655,0.30,18.60
2007.11.09 09:10:07.228,0.6964,0.69655,4.20,0.30
2007.11.09 09:10:07.441,0.69645,0.6966,0.30,9.00
2007.11.09 09:10:07.641,0.69645,0.69655,0.30,0.30
2007.11.09 09:10:07.831,0.69645,0.69655,4.20,0.30
2007.11.09 09:10:08.023,0.69645,0.69655,4.20,0.30
2007.11.09 09:10:08.211,0.69645,0.69655,4.20,0.30
2007.11.09 09:10:08.546,0.69645,0.6966,0.30,0.30
2007.11.09 09:10:08.878,0.69645,0.6966,0.30,1.00
2007.11.09 09:10:09.213,0.69645,0.69655,0.30,0.30
2007.11.09 09:10:09.545,0.69645,0.69655,0.30,0.30
2007.11.09 09:10:09.748,0.69645,0.69655,0.30,0.30
2007.11.09 09:10:09.951,0.69645,0.69655,0.30,0.30
2007.11.09 09:10:10.041,0.69645,0.69655,0.30,0.30
2007.11.09 09:10:10.712,0.69645,0.69655,0.30,0.30
2007.11.09 09:10:10.980,0.69645,0.69655,0.30,0.30
2007.11.09 09:10:11.248,0.69645,0.69655,0.30,0.30
2007.11.09 09:10:11.744,0.69645,0.69655,0.30,4.20
2007.11.09 09:10:11.972,0.69645,0.69655,0.30,8.20
2007.11.09 09:10:12.264,0.69645,0.69655,0.30,4.20
2007.11.09 09:10:12.491,0.69645,0.69655,0.30,0.30
2007.11.09 09:10:12.825,0.69645,0.69655,0.30,0.30
2007.11.09 09:10:13.158,0.69645,0.69655,0.30,0.30
2007.11.09 09:10:13.491,0.69645,0.69655,0.30,0.30
2007.11.09 09:10:13.680,0.69645,0.69655,0.30,4.20
2007.11.09 09:10:13.869,0.69645,0.69655,0.30,8.20
2007.11.09 09:10:14.306,0.69645,0.69655,0.30,8.20
2007.11.09 09:10:14.495,0.69645,0.69655,0.30,8.20
2007.11.09 09:10:14.803,0.69645,0.69655,0.30,0.30
2007.11.09 09:10:15.111,0.69645,0.69655,0.30,0.30
2007.11.09 09:10:15.420,0.69645,0.69655,0.30,0.30
2007.11.09 09:10:15.813,0.69645,0.69655,0.30,0.30
2007.11.09 09:10:16.401,0.69645,0.69655,0.30,0.30
2007.11.09 09:10:16.818,0.69645,0.69655,0.30,0.30
2007.11.09 09:10:17.077,0.69645,0.69655,0.30,0.30
2007.11.09 09:10:17.555,0.69645,0.69655,0.30,0.30
2007.11.09 09:10:17.890,0.69645,0.69655,0.30,0.30
2007.11.09 09:10:18.224,0.69645,0.69655,0.30,0.30
2007.11.09 09:10:18.558,0.69645,0.69655,0.30,0.30
2007.11.09 09:10:18.796,0.69645,0.69655,0.30,0.30
2007.11.09 09:10:19.350,0.69645,0.69655,1.00,0.30
2007.11.09 09:10:19.545,0.69645,0.69655,0.30,0.30
2007.11.09 09:10:19.699,0.69645,0.6966,6.60,0.30
2007.11.09 09:10:19.853,0.69645,0.6966,6.60,0.30
2007.11.09 09:10:20.035,0.69645,0.6966,7.40,0.30
2007.11.09 09:10:20.188,0.69645,0.69655,1.00,0.30
2007.11.09 09:10:20.347,0.69645,0.69655,1.00,0.30
2007.11.09 09:10:20.500,0.69645,0.69655,1.00,0.30
2007.11.09 09:10:20.660,0.69645,0.69655,0.30,0.30
2007.11.09 09:10:20.956,0.69645,0.69655,0.30,0.30
2007.11.09 09:10:21.423,0.69645,0.69655,0.30,0.30
2007.11.09 09:10:21.727,0.69645,0.69655,0.30,0.30
2007.11.09 09:10:22.150,0.69645,0.69655,0.30,0.30
2007.11.09 09:10:23.183,0.69645,0.69655,0.30,0.30
2007.11.09 09:10:23.516,0.69645,0.69655,0.30,0.30
2007.11.09 09:10:23.849,0.69645,0.69655,0.30,0.30
2007.11.09 09:10:24.354,0.69645,0.69655,0.30,0.30
2007.11.09 09:10:25.321,0.69645,0.69655,0.30,0.30
2007.11.09 09:10:25.722,0.69645,0.69655,1.00,0.30
2007.11.09 09:10:25.962,0.69645,0.69655,1.00,0.30
2007.11.09 09:10:26.199,0.69645,0.69655,5.00,0.30
2007.11.09 09:10:26.446,0.69645,0.69655,9.00,0.30
2007.11.09 09:10:26.683,0.69645,0.69655,9.00,0.30
2007.11.09 09:10:26.924,0.69645,0.69655,8.20,0.30
2007.11.09 09:10:27.256,0.69645,0.69655,4.20,0.30
2007.11.09 09:10:27.589,0.69645,0.69655,0.30,0.30
2007.11.09 09:10:27.925,0.69645,0.69655,8.20,0.30
2007.11.09 09:10:28.262,0.69645,0.69655,0.30,0.30
2007.11.09 09:10:28.595,0.69645,0.69655,0.30,0.30
2007.11.09 09:10:28.937,0.69645,0.69655,0.30,0.30
2007.11.09 09:10:29.144,0.69645,0.69655,0.30,0.30
2007.11.09 09:10:29.357,0.69645,0.69655,9.00,0.30
2007.11.09 09:10:29.571,0.69645,0.69655,9.00,0.30
2007.11.09 09:10:29.786,0.69645,0.69655,9.00,0.30
2007.11.09 09:10:30.334,0.69645,0.69655,9.00,0.30
2007.11.09 09:10:30.622,0.69645,0.69655,9.00,0.30
2007.11.09 09:10:30.911,0.69645,0.69655,1.00,0.30
2007.11.09 09:10:31.175,0.69645,0.69655,0.30,0.30
2007.11.09 09:10:31.439,0.69645,0.69655,0.30,0.30
2007.11.09 09:10:31.702,0.69645,0.69655,0.30,0.30
2007.11.09 09:10:31.965,0.69645,0.69655,8.20,0.30
2007.11.09 09:10:32.217,0.69645,0.69655,4.20,0.30
2007.11.09 09:10:32.430,0.69645,0.69655,0.30,0.30
2007.11.09 09:10:32.666,0.69645,0.69655,0.30,0.30
2007.11.09 09:10:33.288,0.69645,0.69655,0.30,0.30
2007.11.09 09:10:34.213,0.69645,0.69655,0.30,0.30
2007.11.09 09:10:35.030,0.69645,0.69655,0.30,0.30
2007.11.09 09:10:35.273,0.69645,0.69655,9.00,0.30
2007.11.09 09:10:35.515,0.69645,0.69655,9.00,0.30
2007.11.09 09:10:35.760,0.69645,0.69655,9.00,0.30
2007.11.09 09:10:36.030,0.69645,0.69655,9.00,0.30
2007.11.09 09:10:36.350,0.69645,0.69655,9.00,0.30
2007.11.09 09:10:36.623,0.69645,0.69655,9.00,0.30
2007.11.09 09:10:36.896,0.69645,0.69655,1.00,0.30
2007.11.09 09:10:37.184,0.69645,0.69655,1.00,0.30
2007.11.09 09:10:37.427,0.69645,0.69655,1.00,0.30
2007.11.09 09:10:37.821,0.69645,0.69655,1.00,0.30
2007.11.09 09:10:38.552,0.69645,0.69655,1.00,0.30
2007.11.09 09:10:39.071,0.69645,0.69655,1.00,0.30
2007.11.09 09:10:39.294,0.69645,0.69655,5.00,0.30
2007.11.09 09:10:39.517,0.69645,0.69655,9.00,0.30
2007.11.09 09:10:39.740,0.69645,0.69655,5.00,0.30
2007.11.09 09:10:39.963,0.69645,0.69655,0.30,0.30
2007.11.09 09:10:40.185,0.69645,0.69655,0.30,0.30
2007.11.09 09:10:40.518,0.69645,0.69655,0.30,0.30
2007.11.09 09:10:40.852,0.69645,0.69655,4.20,0.30
2007.11.09 09:10:41.185,0.69645,0.69655,8.20,0.30
2007.11.09 09:10:41.424,0.69645,0.69655,8.20,0.30
2007.11.09 09:10:41.663,0.69645,0.69655,8.20,0.30
2007.11.09 09:10:42.176,0.69645,0.69655,8.20,0.30
2007.11.09 09:10:42.794,0.69645,0.69655,8.20,0.30
2007.11.09 09:10:43.162,0.69645,0.69655,9.00,0.30
2007.11.09 09:10:43.486,0.69645,0.69655,9.00,0.30
2007.11.09 09:10:44.345,0.69645,0.69655,9.00,0.30
2007.11.09 09:10:45.355,0.69645,0.69655,9.00,0.30
2007.11.09 09:10:46.308,0.69645,0.69655,9.00,0.30
2007.11.09 09:10:47.128,0.69645,0.69655,9.00,0.30
2007.11.09 09:10:48.214,0.69645,0.69655,9.00,0.30
2007.11.09 09:10:48.547,0.69645,0.69655,1.00,0.30
2007.11.09 09:10:48.801,0.69645,0.69655,1.00,0.30
2007.11.09 09:10:49.003,0.69645,0.69655,0.80,0.30
2007.11.09 09:10:49.182,0.69645,0.69655,4.80,0.30
2007.11.09 09:10:49.361,0.69645,0.69655,4.00,0.30
2007.11.09 09:10:49.540,0.69645,0.69655,4.00,0.30
2007.11.09 09:10:49.873,0.69645,0.69655,8.20,0.30
2007.11.09 09:10:50.206,0.69645,0.6966,10.60,0.30
2007.11.09 09:10:50.548,0.69645,0.6966,10.60,0.30
2007.11.09 09:10:50.741,0.69645,0.6966,10.60,0.30
2007.11.09 09:10:51.108,0.69645,0.6966,10.60,0.30
2007.11.09 09:10:51.258,0.69645,0.6966,10.60,0.30
2007.11.09 09:10:51.307,0.69645,0.6966,10.60,0.30
2007.11.09 09:10:52.038,0.69645,0.69665,10.60,74.30
2007.11.09 09:10:52.306,0.69645,0.69665,11.40,73.50
2007.11.09 09:10:52.576,0.69645,0.6966,11.40,0.30
2007.11.09 09:10:52.910,0.69645,0.69665,11.40,69.50
2007.11.09 09:10:53.243,0.6965,0.69665,0.30,0.70
2007.11.09 09:10:53.585,0.6965,0.69665,0.30,0.60
2007.11.09 09:10:53.763,0.69645,0.69665,33.80,20.10
2007.11.09 09:10:53.941,0.69645,0.69665,13.00,33.90
2007.11.09 09:10:54.119,0.69645,0.69665,13.00,37.90
2007.11.09 09:10:54.296,0.69645,0.69665,13.00,33.90
2007.11.09 09:10:54.475,0.69645,0.6966,11.40,0.30
2007.11.09 09:10:54.810,0.69645,0.69665,11.40,31.50
2007.11.09 09:10:55.144,0.69645,0.69665,11.40,31.50
2007.11.09 09:10:55.477,0.69645,0.6966,8.20,0.30
2007.11.09 09:10:55.811,0.69645,0.69655,8.20,0.30
2007.11.09 09:10:56.033,0.69645,0.69655,8.20,0.30
2007.11.09 09:10:56.601,0.69645,0.69655,8.20,0.30
2007.11.09 09:10:57.146,0.69645,0.69655,8.20,0.30
2007.11.09 09:10:57.703,0.69645,0.69655,4.20,0.30
2007.11.09 09:10:58.044,0.69645,0.69655,0.30,0.30
2007.11.09 09:10:58.369,0.69645,0.6966,0.30,4.30
2007.11.09 09:10:58.742,0.69645,0.69655,0.30,0.30
2007.11.09 09:10:58.971,0.69645,0.6966,4.20,4.30
2007.11.09 09:10:59.199,0.69645,0.6966,4.20,4.30
2007.11.09 09:10:59.427,0.69645,0.69655,4.20,0.30
2007.11.09 09:10:59.655,0.69645,0.6966,4.20,4.30
2007.11.09 09:10:59.911,0.69645,0.6966,4.20,4.30
2007.11.09 09:11:00.320,0.69645,0.69655,4.20,0.30
2007.11.09 09:11:00.573,0.69645,0.69665,4.20,69.30
2007.11.09 09:11:01.353,0.69645,0.69665,4.20,69.30
2007.11.09 09:11:01.555,0.69645,0.69665,4.20,69.30
2007.11.09 09:11:02.122,0.69645,0.69655,4.20,0.30
2007.11.09 09:11:03.208,0.69645,0.6966,4.20,0.30
2007.11.09 09:11:03.541,0.69645,0.69665,4.20,69.30
2007.11.09 09:11:03.882,0.69645,0.69665,4.20,68.50
2007.11.09 09:11:04.186,0.69645,0.69665,0.30,68.50
2007.11.09 09:11:04.359,0.69645,0.69665,0.30,68.50
2007.11.09 09:11:04.563,0.69645,0.69665,0.30,68.50
2007.11.09 09:11:04.773,0.69645,0.6966,0.30,0.30
2007.11.09 09:11:05.024,0.69645,0.69665,0.30,68.50
2007.11.09 09:11:05.302,0.69645,0.69665,0.30,67.90
2007.11.09 09:11:05.581,0.69645,0.69665,0.30,67.20
2007.11.09 09:11:05.860,0.69645,0.69665,0.30,70.50
2007.11.09 09:11:06.083,0.69645,0.6966,0.30,0.70
2007.11.09 09:11:06.306,0.69645,0.69665,0.30,71.30
2007.11.09 09:11:06.531,0.69645,0.6966,0.30,0.90
2007.11.09 09:11:06.753,0.69645,0.6966,0.30,0.30
2007.11.09 09:11:06.976,0.69645,0.6966,0.30,0.30
2007.11.09 09:11:07.228,0.69645,0.6966,0.30,0.30
2007.11.09 09:11:07.481,0.69645,0.6966,0.30,0.30
2007.11.09 09:11:09.782,0.69645,0.69665,0.30,69.30
2007.11.09 09:11:10.244,0.69645,0.6966,0.30,0.30
2007.11.09 09:11:10.547,0.69645,0.6966,0.30,0.30
2007.11.09 09:11:10.850,0.69645,0.69665,0.30,68.50
2007.11.09 09:11:11.153,0.69645,0.69655,0.30,0.30
2007.11.09 09:11:11.411,0.69645,0.69665,0.30,69.30
2007.11.09 09:11:11.670,0.69645,0.69655,0.30,0.30
2007.11.09 09:11:12.157,0.69645,0.69655,0.30,0.30
2007.11.09 09:11:12.766,0.69645,0.69655,0.30,0.30
2007.11.09 09:11:13.280,0.69645,0.6966,0.30,4.30
2007.11.09 09:11:13.612,0.69645,0.69665,0.30,73.20
2007.11.09 09:11:13.945,0.69645,0.6966,0.30,0.30
2007.11.09 09:11:14.352,0.69645,0.69665,0.30,68.40
2007.11.09 09:11:14.842,0.69645,0.6966,0.30,0.30
2007.11.09 09:11:15.137,0.69645,0.6966,0.30,0.30
2007.11.09 09:11:15.330,0.69645,0.6966,0.30,0.30
2007.11.09 09:11:15.523,0.69645,0.6966,0.30,0.30
2007.11.09 09:11:15.719,0.69645,0.6966,0.30,0.30
2007.11.09 09:11:16.257,0.69645,0.69665,0.30,68.40
2007.11.09 09:11:16.786,0.69645,0.69665,0.30,68.40
2007.11.09 09:11:17.004,0.69645,0.69665,0.30,68.40
2007.11.09 09:11:17.320,0.69645,0.6966,4.20,0.30
2007.11.09 09:11:17.599,0.69645,0.69665,4.20,69.20
2007.11.09 09:11:17.847,0.69645,0.6966,4.20,0.30
2007.11.09 09:11:18.096,0.69645,0.69665,4.20,67.40
2007.11.09 09:11:18.351,0.69645,0.69665,4.20,66.60
2007.11.09 09:11:19.095,0.69645,0.69665,4.20,66.60
2007.11.09 09:11:19.648,0.69645,0.6966,8.20,0.30
2007.11.09 09:11:19.822,0.69645,0.6966,9.00,0.30
2007.11.09 09:11:19.990,0.69645,0.6966,9.00,0.30
2007.11.09 09:11:20.158,0.69645,0.6966,9.00,0.30
2007.11.09 09:11:20.426,0.69645,0.6966,9.00,0.30
2007.11.09 09:11:20.693,0.69645,0.6966,9.00,0.30
2007.11.09 09:11:20.961,0.69645,0.6966,5.00,0.30
2007.11.09 09:11:21.317,0.69645,0.6966,5.00,0.30
2007.11.09 09:11:21.816,0.69645,0.6966,5.00,0.30
2007.11.09 09:11:22.144,0.69645,0.6966,5.00,0.30
2007.11.09 09:11:22.388,0.69645,0.6966,4.20,0.30
2007.11.09 09:11:22.722,0.69645,0.6966,0.30,0.30
2007.11.09 09:11:23.083,0.69645,0.6966,0.30,0.30
2007.11.09 09:11:23.416,0.69645,0.6966,0.30,0.30
2007.11.09 09:11:23.603,0.69645,0.6966,0.30,0.30
2007.11.09 09:11:23.793,0.69645,0.6966,0.30,0.30
2007.11.09 09:11:24.288,0.69645,0.6966,0.30,0.30
2007.11.09 09:11:24.327,0.6964,0.6966,11.50,0.30
2007.11.09 09:11:24.476,0.6964,0.6966,11.50,0.30
2007.11.09 09:11:24.724,0.69645,0.6966,0.30,0.30
2007.11.09 09:11:24.972,0.6964,0.6966,11.50,0.30
2007.11.09 09:11:25.225,0.6964,0.6966,11.50,0.30
2007.11.09 09:11:25.473,0.6964,0.6966,9.10,8.20
2007.11.09 09:11:25.860,0.6964,0.6966,9.10,12.20
2007.11.09 09:11:26.117,0.69645,0.6966,0.30,12.20
2007.11.09 09:11:26.375,0.6964,0.6966,9.10,12.70
2007.11.09 09:11:26.633,0.69645,0.6966,0.30,9.10
2007.11.09 09:11:27.301,0.69645,0.6966,0.30,9.10
2007.11.09 09:11:27.550,0.69645,0.6966,0.30,9.10
2007.11.09 09:11:27.882,0.6964,0.69655,9.10,0.30
2007.11.09 09:11:28.219,0.6964,0.69655,9.10,0.30
2007.11.09 09:11:28.552,0.69645,0.69655,0.30,0.30
2007.11.09 09:11:29.101,0.6964,0.69655,9.10,0.30
2007.11.09 09:11:29.434,0.69645,0.69655,0.30,0.30
2007.11.09 09:11:29.768,0.6964,0.69655,9.10,0.30
2007.11.09 09:11:30.104,0.6964,0.69655,9.10,0.30
2007.11.09 09:11:30.512,0.69645,0.69655,0.30,0.30
2007.11.09 09:11:30.832,0.6964,0.69655,19.40,0.30
2007.11.09 09:11:31.148,0.6964,0.69655,19.40,0.30
2007.11.09 09:11:31.465,0.6964,0.69655,19.40,0.30
2007.11.09 09:11:31.784,0.6964,0.69655,19.40,0.30
2007.11.09 09:11:32.171,0.6964,0.69655,19.40,0.30
2007.11.09 09:11:33.768,0.6964,0.69655,18.60,0.30
2007.11.09 09:11:33.913,0.6964,0.69655,18.60,0.30
2007.11.09 09:11:34.276,0.6964,0.69655,18.60,0.30
2007.11.09 09:11:35.119,0.6964,0.69655,17.00,0.30
2007.11.09 09:11:35.456,0.69645,0.69655,0.30,0.30
2007.11.09 09:11:35.790,0.6964,0.6966,9.10,4.20
2007.11.09 09:11:35.993,0.69645,0.6966,0.30,0.30
2007.11.09 09:11:36.196,0.6964,0.6966,12.20,0.30
2007.11.09 09:11:36.399,0.6964,0.6966,16.20,0.30
2007.11.09 09:11:36.602,0.6964,0.6966,16.20,0.30
2007.11.09 09:11:36.806,0.6964,0.6966,16.20,0.30
2007.11.09 09:11:37.104,0.6964,0.6966,16.20,0.30
2007.11.09 09:11:37.401,0.69645,0.6966,2.20,0.30
2007.11.09 09:11:37.709,0.69645,0.6966,3.00,0.30
2007.11.09 09:11:38.008,0.69645,0.6966,1.30,0.30
2007.11.09 09:11:38.341,0.69645,0.6966,21.90,0.30
2007.11.09 09:11:38.675,0.69645,0.6966,57.80,0.30
2007.11.09 09:11:39.008,0.6965,0.6966,0.30,0.30
2007.11.09 09:11:39.233,0.6965,0.6966,0.30,0.30
2007.11.09 09:11:39.457,0.69645,0.6966,46.70,0.30
2007.11.09 09:11:39.680,0.69645,0.6966,46.70,0.30
2007.11.09 09:11:39.903,0.69645,0.6966,46.70,0.30
2007.11.09 09:11:40.157,0.69645,0.6966,47.50,0.30
2007.11.09 09:11:40.409,0.6965,0.6966,0.30,0.30
2007.11.09 09:11:40.662,0.6965,0.6966,0.30,0.30
2007.11.09 09:11:40.915,0.69645,0.6966,61.80,0.30
2007.11.09 09:11:41.185,0.6965,0.6966,0.30,0.30
2007.11.09 09:11:41.453,0.69645,0.6966,45.90,0.30
2007.11.09 09:11:41.720,0.69645,0.6966,45.90,0.30
2007.11.09 09:11:41.989,0.69645,0.6966,37.90,0.30
2007.11.09 09:11:42.228,0.69645,0.6966,8.80,0.30
2007.11.09 09:11:42.465,0.6964,0.6966,14.60,0.30
2007.11.09 09:11:42.704,0.6964,0.6966,15.40,0.30
2007.11.09 09:11:42.941,0.6964,0.6966,13.80,0.30
2007.11.09 09:11:43.276,0.6964,0.6966,13.80,0.30
2007.11.09 09:11:43.616,0.6964,0.6966,13.80,0.30
2007.11.09 09:11:46.192,0.6964,0.6966,14.60,0.30
2007.11.09 09:11:46.410,0.69645,0.6966,3.60,0.30
2007.11.09 09:11:46.694,0.6964,0.6966,18.60,0.30
2007.11.09 09:11:46.913,0.6964,0.6966,18.60,0.30
2007.11.09 09:11:47.135,0.6964,0.6966,18.60,0.30
2007.11.09 09:11:47.454,0.69645,0.6966,2.90,0.30
2007.11.09 09:11:47.772,0.69645,0.6966,1.50,0.30
2007.11.09 09:11:48.091,0.69645,0.6966,2.20,0.30
2007.11.09 09:11:48.425,0.69645,0.6966,1.50,0.30
2007.11.09 09:11:49.160,0.69645,0.6966,3.90,0.30
2007.11.09 09:11:49.362,0.6964,0.6966,18.60,0.30
2007.11.09 09:11:49.569,0.6964,0.6966,18.60,0.30
2007.11.09 09:11:49.780,0.6964,0.6966,17.80,0.30
2007.11.09 09:11:50.273,0.6964,0.6966,18.60,0.30
2007.11.09 09:11:50.570,0.69645,0.6966,2.90,0.30
2007.11.09 09:11:50.869,0.69645,0.6966,3.00,0.30
2007.11.09 09:11:51.166,0.69645,0.6966,1.00,0.30
2007.11.09 09:11:51.385,0.69645,0.6966,2.40,0.30
2007.11.09 09:11:51.604,0.69645,0.6966,5.00,0.30
2007.11.09 09:11:51.840,0.69645,0.6966,5.00,0.30
2007.11.09 09:11:52.209,0.69645,0.6966,5.00,0.30
2007.11.09 09:11:52.440,0.69645,0.6966,9.00,0.30
2007.11.09 09:11:52.664,0.69645,0.6966,9.00,0.30
2007.11.09 09:11:52.887,0.69645,0.6966,9.00,0.30
2007.11.09 09:11:53.112,0.69645,0.6966,9.00,0.30
2007.11.09 09:11:53.335,0.69645,0.6966,9.00,0.30
2007.11.09 09:11:53.667,0.69645,0.6966,9.00,0.30
2007.11.09 09:11:54.001,0.69645,0.6966,9.00,0.30
2007.11.09 09:11:54.333,0.69645,0.6966,9.00,0.30
2007.11.09 09:11:54.578,0.69645,0.6966,9.00,0.30
2007.11.09 09:11:54.781,0.6965,0.6966,0.30,0.30
2007.11.09 09:11:54.984,0.6965,0.6966,0.30,0.30
2007.11.09 09:11:55.186,0.6965,0.6966,0.30,0.30
2007.11.09 09:11:55.389,0.6965,0.6966,0.30,0.30
2007.11.09 09:11:55.658,0.6965,0.6966,0.30,0.30
2007.11.09 09:11:56.042,0.6965,0.6966,0.30,0.30
2007.11.09 09:11:56.312,0.6965,0.6966,0.30,0.30
2007.11.09 09:11:56.581,0.6965,0.6966,0.30,0.30
2007.11.09 09:11:56.810,0.6965,0.6966,0.30,0.30
2007.11.09 09:11:57.150,0.6965,0.6966,0.30,0.30
2007.11.09 09:11:57.531,0.6965,0.6966,0.30,0.30
2007.11.09 09:11:57.866,0.6965,0.6966,0.30,0.30
2007.11.09 09:11:58.200,0.6965,0.6966,0.30,0.30
2007.11.09 09:11:58.533,0.6965,0.6966,0.30,0.30
2007.11.09 09:11:58.726,0.6965,0.6966,0.30,0.30
2007.11.09 09:11:58.922,0.6965,0.6966,0.30,0.30
2007.11.09 09:11:59.114,0.6965,0.6966,0.30,0.30
2007.11.09 09:11:59.308,0.6965,0.6966,0.30,0.30
2007.11.09 09:11:59.520,0.6965,0.6966,0.30,0.30
2007.11.09 09:11:59.810,0.6965,0.6966,0.30,0.30
2007.11.09 09:12:00.112,0.6965,0.6966,0.30,0.30
2007.11.09 09:12:00.424,0.6965,0.6966,0.30,0.30
2007.11.09 09:12:00.618,0.6965,0.6966,0.30,0.30
2007.11.09 09:12:00.849,0.6965,0.6966,0.30,0.30
2007.11.09 09:12:01.184,0.6965,0.6966,0.30,0.30
2007.11.09 09:12:01.377,0.6965,0.6966,0.30,0.30
2007.11.09 09:12:01.572,0.6965,0.6966,0.30,0.30
2007.11.09 09:12:01.871,0.6965,0.6966,0.30,0.30
2007.11.09 09:12:02.175,0.6965,0.6966,0.30,0.30
2007.11.09 09:12:02.474,0.6965,0.6966,0.30,0.30
2007.11.09 09:12:02.807,0.6965,0.6966,0.30,0.30
2007.11.09 09:12:03.141,0.6965,0.6966,0.30,0.30
2007.11.09 09:12:03.571,0.6965,0.6966,0.30,0.30
2007.11.09 09:12:03.738,0.6965,0.6966,0.30,0.30
2007.11.09 09:12:03.907,0.6965,0.6966,0.30,0.30
2007.11.09 09:12:04.096,0.6965,0.6966,0.30,0.30
2007.11.09 09:12:04.829,0.6965,0.6966,0.30,0.30
2007.11.09 09:12:05.486,0.6965,0.6966,0.30,0.30
2007.11.09 09:12:05.743,0.6965,0.6966,0.30,0.30
2007.11.09 09:12:05.947,0.6965,0.6966,0.30,0.30
2007.11.09 09:12:06.644,0.6965,0.6966,0.30,0.30
2007.11.09 09:12:06.857,0.6965,0.6966,0.30,0.30
2007.11.09 09:12:07.070,0.6965,0.6966,0.30,0.30
2007.11.09 09:12:07.283,0.6965,0.6966,0.30,0.30
2007.11.09 09:12:07.497,0.6965,0.6966,0.30,0.30
2007.11.09 09:12:07.710,0.6965,0.6966,0.30,0.30
2007.11.09 09:12:08.044,0.6965,0.6966,0.30,0.30
2007.11.09 09:12:08.681,0.69645,0.6966,42.10,0.30
2007.11.09 09:12:08.839,0.69645,0.6966,27.70,0.30
2007.11.09 09:12:08.998,0.69645,0.6966,9.00,0.30
2007.11.09 09:12:09.156,0.69645,0.6966,9.00,0.30
2007.11.09 09:12:09.315,0.69645,0.6966,9.00,0.30
2007.11.09 09:12:09.473,0.69645,0.6966,9.00,0.30
2007.11.09 09:12:09.632,0.69645,0.6966,9.00,0.30
2007.11.09 09:12:09.790,0.69645,0.6966,9.00,0.30
2007.11.09 09:12:10.124,0.69645,0.6966,9.00,0.30
2007.11.09 09:12:10.460,0.69645,0.6966,9.00,0.30
2007.11.09 09:12:11.062,0.69645,0.6966,9.00,0.30
2007.11.09 09:12:11.286,0.69645,0.6966,9.00,0.30
2007.11.09 09:12:11.616,0.69645,0.6966,9.40,0.30
2007.11.09 09:12:12.003,0.69645,0.6966,13.40,0.30
2007.11.09 09:12:12.308,0.69645,0.6966,13.40,0.30
2007.11.09 09:12:13.259,0.69645,0.6966,13.40,0.30
2007.11.09 09:12:13.769,0.69645,0.6966,9.40,0.30
2007.11.09 09:12:14.104,0.69645,0.6966,9.40,0.30
2007.11.09 09:12:14.276,0.69645,0.6966,9.40,0.30
2007.11.09 09:12:14.449,0.69645,0.6966,9.40,0.30
2007.11.09 09:12:14.674,0.69645,0.6966,9.40,0.30
2007.11.09 09:12:16.035,0.69645,0.6966,9.40,0.30
2007.11.09 09:12:16.537,0.69645,0.6966,9.40,0.30
2007.11.09 09:12:16.717,0.69645,0.6966,9.40,0.30
2007.11.09 09:12:16.944,0.69645,0.6966,9.40,0.30
2007.11.09 09:12:17.203,0.69645,0.6966,9.40,0.30
2007.11.09 09:12:17.716,0.69645,0.6966,9.40,0.30
2007.11.09 09:12:17.914,0.69645,0.6966,9.40,0.30
2007.11.09 09:12:18.112,0.69645,0.6966,9.40,0.30
2007.11.09 09:12:18.445,0.69645,0.6966,9.40,0.30
2007.11.09 09:12:18.778,0.69645,0.6966,9.50,0.30
2007.11.09 09:12:19.111,0.69645,0.6966,9.50,0.30
2007.11.09 09:12:20.241,0.69645,0.6966,9.50,0.30
2007.11.09 09:12:20.425,0.69645,0.6966,13.50,0.30
2007.11.09 09:12:20.942,0.6964,0.6966,23.90,0.30
2007.11.09 09:12:21.527,0.69645,0.6966,3.30,0.30
2007.11.09 09:12:21.845,0.6964,0.6966,23.10,0.30
2007.11.09 09:12:22.266,0.69645,0.6966,0.80,0.30
2007.11.09 09:12:22.585,0.6964,0.6966,23.10,0.30
2007.11.09 09:12:23.408,0.69645,0.6966,8.00,0.30
2007.11.09 09:12:23.741,0.6964,0.6966,27.90,0.30
2007.11.09 09:12:24.074,0.69645,0.6966,7.00,0.30
2007.11.09 09:12:24.409,0.6964,0.6966,27.10,0.30
2007.11.09 09:12:24.639,0.6964,0.6966,27.90,0.30
2007.11.09 09:12:24.801,0.6964,0.6966,27.90,0.30
2007.11.09 09:12:25.974,0.6964,0.6966,23.90,0.30
2007.11.09 09:12:26.712,0.6964,0.6966,23.90,0.30
2007.11.09 09:12:26.875,0.6964,0.6966,23.10,0.30
2007.11.09 09:12:27.040,0.6964,0.6966,13.50,0.30
2007.11.09 09:12:27.236,0.69645,0.6966,3.10,0.30
2007.11.09 09:12:28.069,0.6964,0.6966,13.50,0.30
2007.11.09 09:12:29.281,0.6964,0.6966,18.30,0.30
2007.11.09 09:12:29.404,0.6964,0.6966,20.00,0.30
2007.11.09 09:12:29.612,0.69645,0.6966,2.00,0.30
2007.11.09 09:12:29.821,0.69645,0.6966,4.50,0.30
2007.11.09 09:12:30.058,0.69645,0.6966,3.50,0.30
2007.11.09 09:12:30.268,0.6965,0.6966,0.30,0.30
2007.11.09 09:12:30.475,0.69645,0.6966,13.60,0.30
2007.11.09 09:12:30.793,0.69645,0.6966,46.40,0.30
2007.11.09 09:12:31.113,0.69645,0.6966,46.40,0.30
2007.11.09 09:12:31.431,0.69645,0.6966,46.40,0.30
2007.11.09 09:12:31.749,0.69645,0.6966,50.40,0.30
2007.11.09 09:12:31.982,0.69645,0.6966,50.40,0.30
2007.11.09 09:12:32.215,0.69645,0.6966,50.40,0.30
2007.11.09 09:12:32.547,0.69645,0.6966,50.40,0.30
2007.11.09 09:12:32.879,0.69645,0.6966,51.20,0.30
2007.11.09 09:12:33.211,0.69645,0.6966,50.40,0.30
2007.11.09 09:12:33.577,0.6965,0.6966,0.30,0.30
2007.11.09 09:12:33.794,0.69645,0.6966,50.40,0.30
2007.11.09 09:12:34.012,0.6965,0.6966,0.30,0.30
2007.11.09 09:12:34.262,0.69645,0.6966,47.20,0.30
2007.11.09 09:12:34.479,0.6964,0.6966,58.40,0.30
2007.11.09 09:12:34.700,0.69645,0.6966,5.10,0.30
2007.11.09 09:12:35.033,0.69645,0.6966,50.40,0.30
2007.11.09 09:12:35.459,0.69645,0.69665,52.00,1.60
2007.11.09 09:12:35.802,0.69655,0.6967,1.00,4.60
2007.11.09 09:12:36.013,0.69645,0.6967,61.60,12.40
2007.11.09 09:12:36.221,0.69645,0.6967,65.60,12.20
2007.11.09 09:12:36.432,0.69655,0.6967,2.30,8.40
2007.11.09 09:12:36.649,0.6965,0.6967,8.20,0.60
2007.11.09 09:12:36.984,0.69655,0.6967,2.40,0.20
2007.11.09 09:12:37.317,0.6965,0.69675,30.60,1.70
2007.11.09 09:12:37.650,0.6965,0.69675,30.60,0.80
2007.11.09 09:12:37.984,0.6965,0.6968,31.40,12.90
2007.11.09 09:12:38.318,0.6965,0.6968,31.40,12.90
2007.11.09 09:12:38.651,0.6965,0.6968,35.40,4.90
2007.11.09 09:12:38.893,0.6965,0.6968,35.40,4.90
2007.11.09 09:12:39.490,0.6965,0.6968,35.40,4.90
2007.11.09 09:12:40.013,0.6965,0.6968,35.40,4.90
2007.11.09 09:12:40.271,0.69655,0.6968,2.30,4.90
2007.11.09 09:12:40.529,0.69655,0.6968,8.60,4.90
2007.11.09 09:12:40.789,0.6965,0.6968,37.00,4.90
2007.11.09 09:12:40.999,0.6965,0.6968,37.00,12.90
2007.11.09 09:12:41.202,0.6965,0.6968,37.00,12.90
2007.11.09 09:12:41.414,0.6966,0.69675,0.30,0.30
2007.11.09 09:12:41.629,0.6966,0.69675,0.30,0.30
2007.11.09 09:12:41.832,0.6966,0.69675,0.30,0.30
2007.11.09 09:12:42.143,0.6966,0.69675,0.30,0.30
2007.11.09 09:12:42.366,0.69655,0.69675,27.50,1.20
2007.11.09 09:12:42.590,0.69655,0.69675,4.10,0.90
2007.11.09 09:12:42.814,0.6965,0.69675,35.40,0.90
2007.11.09 09:12:43.038,0.6965,0.69675,35.40,0.60
2007.11.09 09:12:43.371,0.69655,0.6968,9.20,12.90
2007.11.09 09:12:43.704,0.69655,0.69675,12.50,0.60
2007.11.09 09:12:44.038,0.6965,0.69675,36.20,0.60
2007.11.09 09:12:44.227,0.69655,0.69675,9.90,0.40
2007.11.09 09:12:44.408,0.69655,0.69675,27.50,0.30
2007.11.09 09:12:44.585,0.69655,0.69675,27.50,0.30
2007.11.09 09:12:44.805,0.69655,0.69675,27.50,0.30
2007.11.09 09:12:45.272,0.69655,0.69675,27.50,0.30
2007.11.09 09:12:45.506,0.69655,0.69675,27.50,0.30
2007.11.09 09:12:45.810,0.6966,0.69675,2.10,0.30
2007.11.09 09:12:46.320,0.69655,0.69675,27.50,0.30
2007.11.09 09:12:46.812,0.69655,0.69675,27.50,0.30
2007.11.09 09:12:47.005,0.69655,0.69675,27.50,0.30
2007.11.09 09:12:47.202,0.69655,0.69675,27.50,0.30
2007.11.09 09:12:47.360,0.69655,0.69675,27.50,12.40
2007.11.09 09:12:47.525,0.69655,0.69675,27.50,28.50
2007.11.09 09:12:47.799,0.6966,0.69675,0.30,28.50
2007.11.09 09:12:47.957,0.69655,0.6967,27.50,0.30
2007.11.09 09:12:48.123,0.6966,0.6967,0.30,0.30
2007.11.09 09:12:48.448,0.6966,0.6967,0.30,0.30
2007.11.09 09:12:48.782,0.6966,0.6967,0.30,0.30
2007.11.09 09:12:49.117,0.6966,0.6967,0.30,0.30
2007.11.09 09:12:49.450,0.6966,0.6967,0.30,0.30
2007.11.09 09:12:49.664,0.6966,0.6967,0.30,0.30
2007.11.09 09:12:50.311,0.6966,0.6967,0.30,0.30
2007.11.09 09:12:50.624,0.6966,0.6967,0.30,0.30
2007.11.09 09:12:51.412,0.6966,0.6967,0.30,0.30
2007.11.09 09:12:51.819,0.6966,0.6967,0.30,0.30
2007.11.09 09:12:52.106,0.6966,0.6967,0.30,0.30
2007.11.09 09:12:53.291,0.6966,0.6967,0.30,0.30
2007.11.09 09:12:53.625,0.6966,0.6967,0.30,0.30
2007.11.09 09:12:53.981,0.69655,0.6967,31.40,0.30
2007.11.09 09:12:54.317,0.69655,0.6967,8.20,0.30
2007.11.09 09:12:54.510,0.69655,0.6967,8.20,0.30
2007.11.09 09:12:54.707,0.69655,0.6967,8.20,0.30
2007.11.09 09:12:54.900,0.6966,0.6967,0.30,0.30
2007.11.09 09:12:55.093,0.6966,0.6967,0.30,0.30
2007.11.09 09:12:55.287,0.6966,0.6967,0.30,0.30
2007.11.09 09:12:55.502,0.6966,0.6967,0.30,0.30
2007.11.09 09:12:55.854,0.69655,0.6967,26.60,0.30
2007.11.09 09:12:56.163,0.69655,0.6967,4.20,0.30
2007.11.09 09:12:56.472,0.6966,0.6967,0.30,0.30
2007.11.09 09:12:56.699,0.6966,0.6967,0.30,0.30
2007.11.09 09:12:57.172,0.6966,0.6967,0.30,0.30
2007.11.09 09:12:57.424,0.6966,0.6967,0.30,0.30
2007.11.09 09:12:57.652,0.6966,0.6967,0.30,0.30
2007.11.09 09:12:57.986,0.6966,0.69675,0.30,21.20
2007.11.09 09:12:58.319,0.6966,0.69675,0.30,17.20
2007.11.09 09:12:59.001,0.6966,0.69675,0.30,17.20
2007.11.09 09:12:59.324,0.6966,0.69675,0.30,17.20
2007.11.09 09:12:59.529,0.6966,0.69675,0.30,17.20
2007.11.09 09:12:59.836,0.6966,0.69675,0.30,17.20
2007.11.09 09:13:00.784,0.6966,0.69675,0.30,17.20
2007.11.09 09:13:00.992,0.6966,0.6967,0.30,8.20
2007.11.09 09:13:01.199,0.6966,0.6967,0.30,8.30
2007.11.09 09:13:01.408,0.69655,0.69665,22.60,0.30
2007.11.09 09:13:01.616,0.69655,0.69665,18.60,0.30
2007.11.09 09:13:01.909,0.69655,0.69665,4.20,0.30
2007.11.09 09:13:02.203,0.69655,0.69665,4.20,0.30
2007.11.09 09:13:02.503,0.69655,0.6967,4.20,0.30
2007.11.09 09:13:02.796,0.69655,0.6967,4.20,0.30
2007.11.09 09:13:03.129,0.69655,0.6967,4.20,0.30
2007.11.09 09:13:03.462,0.69655,0.6967,8.20,0.30
2007.11.09 09:13:03.795,0.69655,0.6967,8.20,0.30
2007.11.09 09:13:03.958,0.6966,0.6967,0.30,0.30
2007.11.09 09:13:04.121,0.6966,0.6967,0.30,0.30
2007.11.09 09:13:04.284,0.6966,0.6967,0.30,0.30
2007.11.09 09:13:04.507,0.6966,0.6967,0.30,0.30
2007.11.09 09:13:05.488,0.6966,0.6967,0.30,0.30
2007.11.09 09:13:05.726,0.6966,0.6967,0.30,0.30
2007.11.09 09:13:05.920,0.6966,0.6967,0.30,0.30
2007.11.09 09:13:06.112,0.6966,0.6967,0.30,0.30
2007.11.09 09:13:06.338,0.6966,0.6967,0.30,0.30
2007.11.09 09:13:06.531,0.69655,0.6967,27.40,0.30
2007.11.09 09:13:06.725,0.69655,0.6967,9.00,0.30
2007.11.09 09:13:07.007,0.69655,0.6967,9.00,0.30
2007.11.09 09:13:07.280,0.69655,0.6967,9.00,0.30
2007.11.09 09:13:07.552,0.6966,0.6967,0.30,0.30
2007.11.09 09:13:07.826,0.6966,0.6967,0.30,0.30
2007.11.09 09:13:08.159,0.6966,0.6967,0.30,0.30
2007.11.09 09:13:08.493,0.6966,0.6967,0.30,0.30
2007.11.09 09:13:08.827,0.6966,0.6967,0.30,0.30
2007.11.09 09:13:09.020,0.6966,0.6967,0.30,0.30
2007.11.09 09:13:09.842,0.6966,0.6967,0.30,0.30
2007.11.09 09:13:10.080,0.69665,0.69675,4.00,1.80
2007.11.09 09:13:10.319,0.69665,0.69675,4.00,0.30
2007.11.09 09:13:10.557,0.69665,0.69675,4.00,0.30
2007.11.09 09:13:10.796,0.6966,0.69675,4.20,0.30
2007.11.09 09:13:11.035,0.6966,0.69675,4.20,0.30
2007.11.09 09:13:11.214,0.6966,0.69675,4.20,0.30
2007.11.09 09:13:11.392,0.69665,0.69675,4.00,0.30
2007.11.09 09:13:11.572,0.69665,0.69675,4.00,0.30
2007.11.09 09:13:11.749,0.6966,0.69675,4.20,0.30
2007.11.09 09:13:11.929,0.6966,0.6967,4.20,0.30
2007.11.09 09:13:12.222,0.6966,0.6967,0.30,0.30
2007.11.09 09:13:12.527,0.6966,0.6967,0.30,0.30
2007.11.09 09:13:12.829,0.6966,0.6967,0.30,0.30
2007.11.09 09:13:13.114,0.6966,0.6967,0.30,0.30
2007.11.09 09:13:13.448,0.69665,0.6967,4.00,0.30
2007.11.09 09:13:13.782,0.69665,0.6967,4.00,0.30
2007.11.09 09:13:14.115,0.69665,0.6967,4.00,0.30
2007.11.09 09:13:14.300,0.69665,0.6967,4.00,0.30
2007.11.09 09:13:14.483,0.69665,0.6967,4.00,0.30
2007.11.09 09:13:15.525,0.69665,0.6967,4.00,0.30
2007.11.09 09:13:17.294,0.69665,0.6967,4.00,0.30
2007.11.09 09:13:18.513,0.69665,0.69675,4.00,1.90
2007.11.09 09:13:18.687,0.69665,0.69675,4.00,1.90
2007.11.09 09:13:19.020,0.69665,0.6967,4.00,0.30
2007.11.09 09:13:19.354,0.69665,0.69675,4.00,1.90
2007.11.09 09:13:19.492,0.69665,0.6967,4.00,0.30
2007.11.09 09:13:19.632,0.69665,0.6967,4.00,0.30
2007.11.09 09:13:19.831,0.69665,0.6967,4.00,0.30
2007.11.09 09:13:19.969,0.69665,0.6967,4.00,0.30
2007.11.09 09:13:20.107,0.6966,0.6967,0.30,0.30
2007.11.09 09:13:20.247,0.6966,0.6967,0.30,0.30
2007.11.09 09:13:20.385,0.6966,0.6967,0.30,0.30
2007.11.09 09:13:20.761,0.6966,0.6967,0.30,0.30
2007.11.09 09:13:20.979,0.6966,0.6967,0.30,0.30
2007.11.09 09:13:21.198,0.6966,0.6967,0.30,0.30
2007.11.09 09:13:22.231,0.6966,0.6967,0.30,0.30
2007.11.09 09:13:22.499,0.6966,0.6967,0.30,0.30
2007.11.09 09:13:22.832,0.6966,0.6967,0.30,0.30
2007.11.09 09:13:23.166,0.6966,0.6967,0.30,0.30
2007.11.09 09:13:23.499,0.6966,0.6967,0.30,0.30
2007.11.09 09:13:23.832,0.6966,0.6967,0.30,0.30
2007.11.09 09:13:24.307,0.6966,0.6967,0.30,0.30
2007.11.09 09:13:25.724,0.6966,0.6967,0.30,0.30
2007.11.09 09:13:25.988,0.6966,0.6967,0.30,0.30
2007.11.09 09:13:26.500,0.6966,0.6967,0.30,0.30
2007.11.09 09:13:27.031,0.6966,0.6967,0.30,0.30
2007.11.09 09:13:27.339,0.6966,0.6967,0.30,0.30
2007.11.09 09:13:27.632,0.6966,0.6967,0.30,0.30
2007.11.09 09:13:27.965,0.6966,0.6967,0.30,0.30
2007.11.09 09:13:29.449,0.6966,0.6967,0.30,0.30
2007.11.09 09:13:29.700,0.6966,0.6967,0.30,0.30
2007.11.09 09:13:31.076,0.6966,0.6967,0.30,0.30
2007.11.09 09:13:31.315,0.6966,0.6967,0.30,0.30
2007.11.09 09:13:31.898,0.6966,0.6967,0.30,0.30
2007.11.09 09:13:32.110,0.6966,0.6967,0.30,0.30
2007.11.09 09:13:32.739,0.6966,0.6967,0.30,0.30
2007.11.09 09:13:33.072,0.6966,0.6967,0.30,0.30
2007.11.09 09:13:33.405,0.6966,0.6967,0.30,0.30
2007.11.09 09:13:33.737,0.6966,0.6967,0.30,0.30
2007.11.09 09:13:33.881,0.6966,0.6967,0.30,0.30
2007.11.09 09:13:34.024,0.6966,0.6967,0.30,0.30
2007.11.09 09:13:34.294,0.6966,0.6967,0.30,0.30
2007.11.09 09:13:34.602,0.6966,0.6967,0.30,0.30
2007.11.09 09:13:34.817,0.6966,0.6967,0.30,0.30
2007.11.09 09:13:35.147,0.6966,0.6967,0.30,0.30
2007.11.09 09:13:35.756,0.6966,0.6967,0.30,0.30
2007.11.09 09:13:36.068,0.6966,0.6967,0.30,0.30
2007.11.09 09:13:36.265,0.6966,0.6967,0.30,0.30
2007.11.09 09:13:36.463,0.6966,0.6967,0.30,0.30
2007.11.09 09:13:37.005,0.6966,0.6967,0.30,0.30
2007.11.09 09:13:37.314,0.6966,0.6967,0.30,0.30
2007.11.09 09:13:39.383,0.6966,0.6967,0.30,0.30
2007.11.09 09:13:39.541,0.6966,0.69675,0.30,8.20
2007.11.09 09:13:39.700,0.6966,0.69675,0.30,8.20
2007.11.09 09:13:39.858,0.6966,0.69675,0.30,6.60
2007.11.09 09:13:40.183,0.6966,0.69675,0.30,6.60
2007.11.09 09:13:42.308,0.6966,0.69675,0.30,6.60
2007.11.09 09:13:42.582,0.6966,0.69675,0.30,6.60
2007.11.09 09:13:44.557,0.6966,0.69675,0.30,14.60
2007.11.09 09:13:44.889,0.69665,0.6968,4.20,8.20
2007.11.09 09:13:45.095,0.69665,0.6968,4.20,8.20
2007.11.09 09:13:45.107,0.69665,0.6968,4.20,8.20
2007.11.09 09:13:45.285,0.69665,0.6968,4.20,8.20
2007.11.09 09:13:45.330,0.69665,0.6968,4.20,0.30
2007.11.09 09:13:45.441,0.69665,0.6968,4.20,0.30
2007.11.09 09:13:45.506,0.69665,0.6968,4.20,0.30
2007.11.09 09:13:45.523,0.69665,0.6968,0.30,0.30
2007.11.09 09:13:45.834,0.69665,0.6968,0.30,0.30
2007.11.09 09:13:46.242,0.69665,0.6968,0.30,0.30
2007.11.09 09:13:46.581,0.69665,0.6968,0.30,8.20
2007.11.09 09:13:46.793,0.69665,0.6968,0.30,8.20
2007.11.09 09:13:47.007,0.69665,0.6968,0.30,8.20
2007.11.09 09:13:47.273,0.69665,0.6968,0.30,8.20
2007.11.09 09:13:47.485,0.69665,0.6968,0.30,0.30
2007.11.09 09:13:47.698,0.69665,0.6968,0.30,0.30
2007.11.09 09:13:48.031,0.69665,0.6968,0.30,0.30
2007.11.09 09:13:48.365,0.69665,0.6968,0.30,0.30
2007.11.09 09:13:48.698,0.69665,0.6968,0.30,0.30
2007.11.09 09:13:48.915,0.69665,0.6968,4.20,0.30
2007.11.09 09:13:49.265,0.69665,0.6968,4.20,0.30
2007.11.09 09:13:50.775,0.69665,0.6968,4.20,0.30
2007.11.09 09:13:50.982,0.69665,0.6968,0.30,0.30
2007.11.09 09:13:51.193,0.69665,0.6968,0.30,0.30
2007.11.09 09:13:51.403,0.69665,0.6968,0.30,0.30
2007.11.09 09:13:51.641,0.69665,0.6968,0.30,0.30
2007.11.09 09:13:51.850,0.69665,0.6968,4.20,0.30
2007.11.09 09:13:52.172,0.69665,0.6968,4.20,0.30
2007.11.09 09:13:53.155,0.69665,0.6968,4.20,0.30
2007.11.09 09:13:53.489,0.69665,0.6968,4.20,0.30
2007.11.09 09:13:54.224,0.69665,0.6968,0.30,0.30
2007.11.09 09:13:54.431,0.69665,0.6968,0.30,0.30
2007.11.09 09:13:54.640,0.69665,0.6968,0.30,0.30
2007.11.09 09:13:55.659,0.69665,0.6968,0.30,0.30
2007.11.09 09:13:55.957,0.69665,0.6968,0.30,0.30
2007.11.09 09:13:56.172,0.69665,0.6968,0.30,0.30
2007.11.09 09:13:57.089,0.69665,0.6968,0.30,0.30
2007.11.09 09:13:57.326,0.69665,0.6968,0.30,0.30
2007.11.09 09:13:57.535,0.69665,0.6968,0.30,0.30
2007.11.09 09:13:57.918,0.69665,0.6968,0.30,0.30
2007.11.09 09:13:58.096,0.69665,0.6968,0.30,0.30
2007.11.09 09:13:58.429,0.69665,0.6968,0.30,0.30
2007.11.09 09:13:58.763,0.69665,0.6968,0.30,0.30
2007.11.09 09:13:59.097,0.69665,0.6968,0.30,0.30
2007.11.09 09:13:59.782,0.69665,0.6968,0.30,0.30
2007.11.09 09:13:59.968,0.69665,0.6968,0.30,0.30
2007.11.09 09:14:00.158,0.69665,0.6968,4.20,0.30
2007.11.09 09:14:00.411,0.69665,0.6968,4.20,0.30
2007.11.09 09:14:00.829,0.69665,0.6968,4.20,0.30
2007.11.09 09:14:01.084,0.69665,0.6968,4.20,0.30
2007.11.09 09:14:01.321,0.69665,0.6968,4.20,0.30
2007.11.09 09:14:01.560,0.69665,0.6968,8.20,0.30
2007.11.09 09:14:02.328,0.69665,0.6968,8.20,0.30
2007.11.09 09:14:02.580,0.69665,0.6968,8.20,0.30
2007.11.09 09:14:03.528,0.69665,0.6968,8.20,0.30
2007.11.09 09:14:03.862,0.69665,0.6968,0.30,0.30
2007.11.09 09:14:04.196,0.69665,0.6968,0.30,0.30
2007.11.09 09:14:04.377,0.69665,0.6968,0.30,0.30
2007.11.09 09:14:04.552,0.69665,0.6968,4.20,0.30
2007.11.09 09:14:04.731,0.69665,0.6968,13.00,0.30
2007.11.09 09:14:05.458,0.69665,0.6968,13.20,0.30
2007.11.09 09:14:05.793,0.69665,0.6968,13.40,0.30
2007.11.09 09:14:06.139,0.6966,0.69675,5.40,0.30
2007.11.09 09:14:06.379,0.6966,0.69675,4.60,0.30
2007.11.09 09:14:06.618,0.6967,0.6968,0.30,0.30
2007.11.09 09:14:06.857,0.6967,0.6968,0.30,0.30
2007.11.09 09:14:07.095,0.6967,0.6968,0.30,0.30
2007.11.09 09:14:07.333,0.6967,0.6968,0.30,0.30
2007.11.09 09:14:07.791,0.6967,0.6968,0.30,0.30
2007.11.09 09:14:08.013,0.6967,0.6968,0.30,0.30
2007.11.09 09:14:08.317,0.6967,0.6968,0.30,0.30
2007.11.09 09:14:09.272,0.6967,0.6968,0.30,0.30
2007.11.09 09:14:10.003,0.6967,0.6968,0.30,0.30
2007.11.09 09:14:10.308,0.6967,0.6968,0.30,0.30
2007.11.09 09:14:10.628,0.6967,0.6968,0.30,0.30
2007.11.09 09:14:12.051,0.6967,0.6968,0.30,0.30
2007.11.09 09:14:12.270,0.6967,0.6968,0.30,0.30
2007.11.09 09:14:12.487,0.6967,0.69685,0.30,25.00
2007.11.09 09:14:12.822,0.6967,0.69685,0.30,0.30
2007.11.09 09:14:13.300,0.6967,0.69685,0.30,0.30
2007.11.09 09:14:13.636,0.6967,0.69685,0.30,0.30
2007.11.09 09:14:13.970,0.6967,0.69685,0.30,0.30
2007.11.09 09:14:14.305,0.6967,0.69685,0.30,0.30
2007.11.09 09:14:14.788,0.6967,0.69685,0.30,0.30
2007.11.09 09:14:16.193,0.6967,0.69685,0.30,0.30
2007.11.09 09:14:16.396,0.6967,0.69685,0.30,0.30
2007.11.09 09:14:16.599,0.6967,0.69685,0.30,0.30
2007.11.09 09:14:16.832,0.6967,0.69685,0.30,0.30
2007.11.09 09:14:17.109,0.6967,0.69685,0.30,0.30
2007.11.09 09:14:18.034,0.6967,0.69685,0.30,0.30
2007.11.09 09:14:18.554,0.6967,0.69685,0.30,0.30
2007.11.09 09:14:18.696,0.69675,0.69685,4.00,0.30
2007.11.09 09:14:18.821,0.69675,0.69685,4.00,0.30
2007.11.09 09:14:19.286,0.69675,0.69685,4.00,0.30
2007.11.09 09:14:20.215,0.69675,0.69685,4.00,0.30
2007.11.09 09:14:20.574,0.6967,0.69685,4.20,0.30
2007.11.09 09:14:20.725,0.6967,0.69685,4.20,0.30
2007.11.09 09:14:20.870,0.6967,0.69685,4.20,0.30
2007.11.09 09:14:21.085,0.69665,0.69685,58.00,0.30
2007.11.09 09:14:21.191,0.69665,0.69685,54.00,0.30
2007.11.09 09:14:21.339,0.69665,0.69685,50.10,0.30
2007.11.09 09:14:21.571,0.69665,0.69685,50.10,0.30
2007.11.09 09:14:22.267,0.6967,0.69685,0.30,0.30
2007.11.09 09:14:23.019,0.6967,0.69685,0.30,0.30
2007.11.09 09:14:23.353,0.6967,0.69685,0.60,0.30
2007.11.09 09:14:23.686,0.69665,0.69685,54.00,0.30
2007.11.09 09:14:24.078,0.69665,0.69685,58.00,0.30
2007.11.09 09:14:24.247,0.6967,0.69685,2.10,0.30
2007.11.09 09:14:24.416,0.69665,0.69685,58.00,0.30
2007.11.09 09:14:24.586,0.69665,0.69685,54.10,0.30
2007.11.09 09:14:24.753,0.69665,0.69685,50.10,0.30
2007.11.09 09:14:25.077,0.69665,0.69685,46.10,0.30
2007.11.09 09:14:25.400,0.69665,0.69685,46.10,0.30
2007.11.09 09:14:25.725,0.69665,0.69685,46.10,0.30
2007.11.09 09:14:25.933,0.69665,0.69685,56.50,0.30
2007.11.09 09:14:26.141,0.69665,0.69685,69.20,0.30
2007.11.09 09:14:26.350,0.6967,0.69685,4.30,0.30
2007.11.09 09:14:26.559,0.6967,0.69685,4.30,4.20
2007.11.09 09:14:27.271,0.69675,0.69685,0.30,4.20
2007.11.09 09:14:28.041,0.69675,0.69685,0.30,4.20
2007.11.09 09:14:28.372,0.69675,0.69685,0.30,4.20
2007.11.09 09:14:28.705,0.6967,0.69685,4.30,4.20
2007.11.09 09:14:29.039,0.6967,0.69685,4.30,0.30
2007.11.09 09:14:29.355,0.69675,0.69685,0.30,0.30
2007.11.09 09:14:29.791,0.6967,0.69685,4.30,0.30
2007.11.09 09:14:30.123,0.6967,0.69685,9.00,0.30
2007.11.09 09:14:30.457,0.6967,0.69685,9.80,0.30
2007.11.09 09:14:31.035,0.6967,0.6969,9.80,9.00
2007.11.09 09:14:31.248,0.6967,0.6969,12.20,9.00
2007.11.09 09:14:31.461,0.6967,0.6969,12.20,9.00
2007.11.09 09:14:32.274,0.69675,0.6969,2.30,9.00
2007.11.09 09:14:34.051,0.6967,0.6969,16.20,9.00
2007.11.09 09:14:34.200,0.69675,0.6969,2.50,0.30
2007.11.09 09:14:34.348,0.6967,0.6969,8.30,0.30
2007.11.09 09:14:34.496,0.69675,0.6969,0.30,8.20
2007.11.09 09:14:34.791,0.6967,0.6969,8.30,8.20
2007.11.09 09:14:34.994,0.69675,0.6969,0.30,8.20
2007.11.09 09:14:35.327,0.69665,0.69685,59.00,14.60
2007.11.09 09:14:35.660,0.6967,0.69685,0.30,14.60
2007.11.09 09:14:36.000,0.6967,0.69685,0.30,14.60
2007.11.09 09:14:36.237,0.69675,0.69685,0.30,0.30
2007.11.09 09:14:36.476,0.6967,0.69685,5.00,0.30
2007.11.09 09:14:36.782,0.6967,0.69685,5.70,0.30
2007.11.09 09:14:37.021,0.6967,0.69685,5.70,0.30
2007.11.09 09:14:37.332,0.6967,0.69685,9.60,0.30
2007.11.09 09:14:37.610,0.69675,0.69685,1.10,0.30
2007.11.09 09:14:38.305,0.6967,0.69685,8.90,0.30
2007.11.09 09:14:38.638,0.6967,0.69685,4.30,0.30
2007.11.09 09:14:38.971,0.6967,0.69685,4.30,0.30
2007.11.09 09:14:39.549,0.6967,0.69685,4.30,0.30
2007.11.09 09:14:39.783,0.6967,0.69685,8.30,0.30
2007.11.09 09:14:42.300,0.6967,0.69685,8.30,0.30
2007.11.09 09:14:42.785,0.69675,0.69685,0.30,0.30
2007.11.09 09:14:43.305,0.6967,0.69685,8.30,0.30
2007.11.09 09:14:44.204,0.69675,0.69685,0.30,0.30
2007.11.09 09:14:44.384,0.69675,0.69685,0.30,0.30
2007.11.09 09:14:44.562,0.69675,0.69685,0.30,0.30
2007.11.09 09:14:44.742,0.6967,0.69685,9.90,0.30
2007.11.09 09:14:44.998,0.69675,0.69685,0.30,0.30
2007.11.09 09:14:45.177,0.69675,0.69685,0.30,0.30
2007.11.09 09:14:45.507,0.6967,0.69685,17.80,0.30
2007.11.09 09:14:45.830,0.69675,0.69695,25.70,36.20
2007.11.09 09:14:46.321,0.6968,0.69695,0.30,14.60
2007.11.09 09:14:46.644,0.69675,0.69695,49.90,18.60
2007.11.09 09:14:46.831,0.6968,0.69695,0.30,18.60
2007.11.09 09:14:47.010,0.69675,0.69695,50.60,18.60
2007.11.09 09:14:47.188,0.6968,0.69695,0.30,18.60
2007.11.09 09:14:47.368,0.69675,0.69695,55.40,18.60
2007.11.09 09:14:47.701,0.6967,0.69685,34.50,0.30
2007.11.09 09:14:48.034,0.69675,0.69685,3.50,0.30
2007.11.09 09:14:48.368,0.6967,0.6969,21.50,0.30
2007.11.09 09:14:48.714,0.69675,0.6969,2.60,0.30
2007.11.09 09:14:49.048,0.6967,0.6969,15.10,0.30
2007.11.09 09:14:49.380,0.69675,0.6969,5.00,0.30
2007.11.09 09:14:49.714,0.69675,0.69685,1.00,0.30
2007.11.09 09:14:49.928,0.69675,0.69685,1.00,0.30
2007.11.09 09:14:50.141,0.69675,0.69685,5.00,0.30
2007.11.09 09:14:50.355,0.69675,0.69685,9.00,0.30
2007.11.09 09:14:50.654,0.69675,0.69685,5.00,0.30
2007.11.09 09:14:50.983,0.69675,0.69685,1.00,0.30
2007.11.09 09:14:51.312,0.69675,0.69685,1.00,0.30
2007.11.09 09:14:51.640,0.69675,0.69685,1.00,0.30
2007.11.09 09:14:51.873,0.69675,0.69685,1.00,0.30
2007.11.09 09:14:52.106,0.69675,0.69685,1.00,0.30
2007.11.09 09:14:52.495,0.6967,0.69685,11.00,0.30
2007.11.09 09:14:52.804,0.6967,0.69685,11.00,0.30
2007.11.09 09:14:53.136,0.6967,0.69685,10.30,0.30
2007.11.09 09:14:53.797,0.69675,0.69685,0.30,0.30
2007.11.09 09:14:54.899,0.69675,0.69685,0.30,0.30
2007.11.09 09:14:55.080,0.6967,0.69685,11.10,0.30
2007.11.09 09:14:55.164,0.69675,0.69685,0.30,0.30
2007.11.09 09:14:55.246,0.6967,0.69685,11.10,0.30
2007.11.09 09:14:55.330,0.69675,0.69685,0.30,0.30
2007.11.09 09:14:55.413,0.6967,0.69685,11.10,0.30
2007.11.09 09:14:55.495,0.69675,0.69685,0.30,0.30
2007.11.09 09:14:55.779,0.69675,0.69685,0.30,0.30
2007.11.09 09:14:56.064,0.6967,0.69685,11.00,0.30
2007.11.09 09:14:56.398,0.6967,0.69685,9.60,0.30
2007.11.09 09:14:56.731,0.69675,0.69685,0.30,0.30
2007.11.09 09:14:57.066,0.6967,0.69685,9.10,0.30
2007.11.09 09:14:57.274,0.69675,0.69685,0.30,0.30
2007.11.09 09:14:57.442,0.6967,0.69685,9.10,0.30
2007.11.09 09:14:57.610,0.69675,0.69685,0.30,0.30
2007.11.09 09:14:57.779,0.6967,0.69685,10.20,0.30
2007.11.09 09:14:58.050,0.6967,0.69685,10.20,0.30
2007.11.09 09:14:58.384,0.6967,0.6969,10.20,0.30
2007.11.09 09:14:58.717,0.6967,0.6969,24.30,0.30
2007.11.09 09:14:59.051,0.6968,0.6969,0.30,0.30
2007.11.09 09:14:59.234,0.6968,0.6969,0.30,0.30
2007.11.09 09:14:59.417,0.69675,0.6969,42.40,0.30
2007.11.09 09:14:59.600,0.69675,0.6969,11.40,0.30
2007.11.09 09:14:59.786,0.6967,0.6969,14.90,0.30
2007.11.09 09:14:59.968,0.6967,0.6969,10.90,0.30
2007.11.09 09:15:00.151,0.69675,0.6969,0.90,0.30
2007.11.09 09:15:00.485,0.69675,0.6969,0.30,0.30
2007.11.09 09:15:00.818,0.6967,0.6969,18.10,0.30
2007.11.09 09:15:01.296,0.69675,0.6969,2.10,0.30
2007.11.09 09:15:01.771,0.69675,0.6969,0.60,0.30
2007.11.09 09:15:02.003,0.6967,0.6969,10.20,0.30
2007.11.09 09:15:02.236,0.6967,0.6969,9.10,0.30
2007.11.09 09:15:02.526,0.69675,0.6969,0.30,8.20
2007.11.09 09:15:02.814,0.69675,0.6969,0.50,0.30
2007.11.09 09:15:03.102,0.69675,0.69695,7.50,47.40
2007.11.09 09:15:03.436,0.69675,0.69695,47.60,24.20
2007.11.09 09:15:03.769,0.69675,0.69695,51.60,18.60
2007.11.09 09:15:04.246,0.6968,0.69695,0.30,18.60
2007.11.09 09:15:04.444,0.6968,0.69695,0.60,18.60
2007.11.09 09:15:04.652,0.69675,0.69695,53.90,18.60
2007.11.09 09:15:04.851,0.69675,0.69695,57.10,14.60
2007.11.09 09:15:05.208,0.69675,0.69695,57.10,14.60
2007.11.09 09:15:05.471,0.6968,0.69695,0.30,14.60
2007.11.09 09:15:05.733,0.6968,0.69695,0.30,14.60
2007.11.09 09:15:06.101,0.6968,0.69695,0.30,14.60
2007.11.09 09:15:06.364,0.6968,0.69695,0.30,10.60
2007.11.09 09:15:06.643,0.6968,0.69695,0.30,10.60
2007.11.09 09:15:06.921,0.69675,0.69695,58.30,14.60
2007.11.09 09:15:07.199,0.6968,0.69695,0.30,14.60
2007.11.09 09:15:07.477,0.69675,0.69695,58.30,14.60
2007.11.09 09:15:08.525,0.69675,0.69695,58.30,14.60
2007.11.09 09:15:08.858,0.6968,0.69695,0.30,6.60
2007.11.09 09:15:09.191,0.69675,0.6969,11.50,0.30
2007.11.09 09:15:09.525,0.6967,0.6969,18.90,0.30
2007.11.09 09:15:09.717,0.6967,0.6969,18.90,0.30
2007.11.09 09:15:09.911,0.6967,0.6969,18.90,0.30
2007.11.09 09:15:10.120,0.69675,0.6969,2.40,0.30
2007.11.09 09:15:10.313,0.6967,0.6969,28.30,0.30
2007.11.09 09:15:10.654,0.6968,0.6969,0.30,0.30
2007.11.09 09:15:10.913,0.6968,0.6969,0.30,0.30
2007.11.09 09:15:11.374,0.6968,0.6969,0.30,0.30
2007.11.09 09:15:11.632,0.69675,0.6969,55.50,0.30
2007.11.09 09:15:11.804,0.6968,0.6969,0.30,0.30
2007.11.09 09:15:12.279,0.69675,0.6969,55.00,0.30
2007.11.09 09:15:12.374,0.6968,0.6969,0.30,0.30
2007.11.09 09:15:12.451,0.69675,0.69695,55.00,28.30
2007.11.09 09:15:12.785,0.69675,0.697,76.20,25.80
2007.11.09 09:15:13.118,0.6968,0.69705,4.30,68.20
2007.11.09 09:15:13.453,0.69675,0.697,45.00,13.10
2007.11.09 09:15:13.652,0.69675,0.697,55.30,4.30
2007.11.09 09:15:13.851,0.6968,0.69695,0.90,0.30
2007.11.09 09:15:14.049,0.69675,0.69705,57.00,76.20
2007.11.09 09:15:14.246,0.69675,0.69705,57.00,76.20
2007.11.09 09:15:14.445,0.69675,0.69705,57.00,76.20
2007.11.09 09:15:14.735,0.6968,0.69705,5.40,76.20
2007.11.09 09:15:15.024,0.6968,0.69705,4.80,72.20
2007.11.09 09:15:15.311,0.69685,0.69695,0.30,0.30
2007.11.09 09:15:15.599,0.6968,0.697,4.30,4.30
2007.11.09 09:15:15.827,0.6968,0.697,4.30,4.30
2007.11.09 09:15:16.932,0.69685,0.69695,0.30,0.30
2007.11.09 09:15:17.155,0.6969,0.697,0.30,0.60
2007.11.09 09:15:17.378,0.6969,0.697,0.30,0.30
2007.11.09 09:15:17.600,0.69685,0.69705,41.10,37.90
2007.11.09 09:15:18.291,0.69685,0.69705,41.10,37.90
2007.11.09 09:15:19.671,0.6969,0.697,0.30,0.30
2007.11.09 09:15:19.855,0.69685,0.69705,37.10,37.90
2007.11.09 09:15:20.121,0.69685,0.69705,37.10,49.80
2007.11.09 09:15:20.305,0.6969,0.697,0.30,0.30
2007.11.09 09:15:20.699,0.69685,0.69705,33.10,49.80
2007.11.09 09:15:21.033,0.69685,0.69705,33.10,49.80
2007.11.09 09:15:22.322,0.6969,0.69705,0.30,49.80
2007.11.09 09:15:22.560,0.6969,0.69705,0.30,49.80
2007.11.09 09:15:23.039,0.6969,0.697,0.30,0.30
2007.11.09 09:15:23.373,0.6969,0.697,0.30,0.30
2007.11.09 09:15:23.730,0.6969,0.69705,0.30,49.80
2007.11.09 09:15:23.902,0.6969,0.69705,0.30,49.80
2007.11.09 09:15:24.076,0.6969,0.697,0.30,0.30
2007.11.09 09:15:24.251,0.6969,0.69705,0.30,49.80
2007.11.09 09:15:24.423,0.6969,0.69705,0.30,49.00
2007.11.09 09:15:24.603,0.6969,0.69705,0.30,49.00
2007.11.09 09:15:24.836,0.6969,0.69705,0.30,49.00
2007.11.09 09:15:25.170,0.6969,0.697,0.30,0.30
2007.11.09 09:15:25.705,0.6969,0.69705,0.30,49.00
2007.11.09 09:15:26.040,0.6969,0.69705,0.30,49.00
2007.11.09 09:15:26.269,0.6969,0.69705,0.30,53.00
2007.11.09 09:15:26.498,0.6969,0.697,0.30,0.30
2007.11.09 09:15:26.726,0.6969,0.69705,0.30,53.00
2007.11.09 09:15:26.997,0.6969,0.69705,0.30,53.00
2007.11.09 09:15:27.317,0.6969,0.69705,0.30,53.00
2007.11.09 09:15:27.635,0.6969,0.697,0.30,0.30
2007.11.09 09:15:28.065,0.69685,0.69695,33.00,0.30
2007.11.09 09:15:28.399,0.69685,0.697,0.30,8.30
2007.11.09 09:15:28.732,0.6968,0.697,4.60,8.30
2007.11.09 09:15:29.064,0.6968,0.697,4.20,12.30
2007.11.09 09:15:29.306,0.6968,0.697,4.20,12.30
2007.11.09 09:15:29.505,0.6968,0.69695,4.20,0.30
2007.11.09 09:15:29.691,0.69685,0.69695,4.00,0.30
2007.11.09 09:15:29.904,0.69685,0.697,4.00,4.30
2007.11.09 09:15:30.138,0.69685,0.69705,4.00,55.50
2007.11.09 09:15:30.369,0.69685,0.69705,4.00,55.50
2007.11.09 09:15:30.959,0.69685,0.69695,4.00,0.30
2007.11.09 09:15:31.191,0.69685,0.69695,4.20,0.30
2007.11.09 09:15:31.399,0.69685,0.69705,8.20,56.30
2007.11.09 09:15:32.315,0.69685,0.69705,8.20,56.30
2007.11.09 09:15:32.557,0.69685,0.69695,8.20,0.30
2007.11.09 09:15:32.801,0.69685,0.69705,0.30,68.20
2007.11.09 09:15:33.044,0.69685,0.69695,0.30,0.30
2007.11.09 09:15:33.377,0.69685,0.69695,0.30,0.30
2007.11.09 09:15:34.744,0.69685,0.69705,4.20,72.20
2007.11.09 09:15:34.898,0.69685,0.69705,4.20,72.20
2007.11.09 09:15:35.052,0.69685,0.69705,4.20,68.20
2007.11.09 09:15:35.319,0.69685,0.69705,4.20,68.20
2007.11.09 09:15:35.621,0.69685,0.69705,4.20,68.20
2007.11.09 09:15:36.080,0.69685,0.69695,4.20,0.30
2007.11.09 09:15:36.283,0.69685,0.69695,4.20,0.30
2007.11.09 09:15:37.165,0.69685,0.69705,4.50,56.30
2007.11.09 09:15:37.452,0.69685,0.69705,9.00,56.30
2007.11.09 09:15:37.740,0.69685,0.69705,9.00,56.30
2007.11.09 09:15:38.241,0.69685,0.69705,8.80,56.30
2007.11.09 09:15:38.574,0.69685,0.69695,8.20,0.30
2007.11.09 09:15:39.100,0.69685,0.69695,8.50,0.30
2007.11.09 09:15:39.433,0.69685,0.69705,9.00,56.30
2007.11.09 09:15:40.134,0.69685,0.69705,17.80,55.50
2007.11.09 09:15:40.283,0.69685,0.69695,17.30,0.30
2007.11.09 09:15:40.536,0.69685,0.69695,21.30,0.30
2007.11.09 09:15:40.789,0.69685,0.69695,4.50,0.30
2007.11.09 09:15:41.043,0.69685,0.69695,0.30,0.30
2007.11.09 09:15:41.295,0.69685,0.69695,0.30,0.30
2007.11.09 09:15:41.558,0.69685,0.69695,0.30,0.30
2007.11.09 09:15:41.825,0.69685,0.69695,0.30,0.30
2007.11.09 09:15:42.325,0.69685,0.69695,0.30,0.30
2007.11.09 09:15:45.246,0.69685,0.69695,0.30,0.30
2007.11.09 09:15:47.158,0.69685,0.69695,4.20,0.30
2007.11.09 09:15:47.289,0.69685,0.69695,4.20,0.30
2007.11.09 09:15:47.414,0.69685,0.69695,8.20,0.30
2007.11.09 09:15:47.532,0.69685,0.69695,8.20,0.30
2007.11.09 09:15:47.865,0.69685,0.69695,8.20,0.30
2007.11.09 09:15:49.788,0.69685,0.69695,8.20,0.30
2007.11.09 09:15:50.118,0.69685,0.69695,4.20,0.30
2007.11.09 09:15:50.257,0.69685,0.697,4.20,0.30
2007.11.09 09:15:50.396,0.69685,0.697,0.30,0.30
2007.11.09 09:15:50.534,0.69685,0.697,0.30,0.30
2007.11.09 09:15:50.860,0.69685,0.697,0.30,0.30
2007.11.09 09:15:51.283,0.69685,0.697,0.30,0.30
2007.11.09 09:15:51.795,0.69685,0.697,0.30,0.30
2007.11.09 09:15:52.000,0.69685,0.697,0.30,0.30
2007.11.09 09:15:52.299,0.69685,0.697,0.30,0.30
2007.11.09 09:15:52.502,0.69685,0.697,0.30,0.30
2007.11.09 09:15:53.523,0.69685,0.697,0.30,0.30
2007.11.09 09:15:53.858,0.69685,0.69695,9.00,0.30
2007.11.09 09:15:54.050,0.69685,0.69695,9.00,0.30
2007.11.09 09:15:54.188,0.69685,0.69695,13.00,0.30
2007.11.09 09:15:54.325,0.69685,0.69695,17.00,0.30
2007.11.09 09:15:54.641,0.69685,0.69695,17.00,0.30
2007.11.09 09:15:54.778,0.69685,0.69695,13.00,0.30
2007.11.09 09:15:55.410,0.69685,0.69695,9.00,0.30
2007.11.09 09:15:55.744,0.69685,0.697,9.00,0.30
2007.11.09 09:15:55.968,0.69685,0.697,9.00,0.30
2007.11.09 09:15:56.190,0.69685,0.697,9.00,0.30
2007.11.09 09:15:56.414,0.69685,0.697,9.00,0.30
2007.11.09 09:15:56.637,0.69685,0.697,9.00,0.30
2007.11.09 09:15:57.339,0.69685,0.697,9.00,0.30
2007.11.09 09:15:57.606,0.69685,0.697,13.00,0.30
2007.11.09 09:15:57.882,0.69685,0.697,17.80,0.30
2007.11.09 09:15:58.208,0.6969,0.697,0.30,0.30
2007.11.09 09:15:58.541,0.6969,0.697,0.30,0.30
2007.11.09 09:15:58.874,0.6969,0.697,0.30,0.30
2007.11.09 09:15:59.158,0.69685,0.697,45.80,0.30
2007.11.09 09:15:59.402,0.69685,0.697,35.40,0.30
2007.11.09 09:15:59.644,0.69685,0.697,17.00,0.30
2007.11.09 09:15:59.887,0.69685,0.697,1.00,0.30
2007.11.09 09:16:00.191,0.69685,0.697,1.00,0.30
2007.11.09 09:16:00.494,0.69685,0.697,9.00,0.30
2007.11.09 09:16:00.816,0.69685,0.697,5.00,0.30
2007.11.09 09:16:00.999,0.69685,0.697,1.00,0.30
2007.11.09 09:16:01.189,0.69685,0.697,1.00,0.30
2007.11.09 09:16:01.364,0.69685,0.697,1.00,0.30
2007.11.09 09:16:01.485,0.6968,0.697,5.80,0.30
2007.11.09 09:16:01.548,0.6968,0.697,5.80,0.30
2007.11.09 09:16:01.731,0.6968,0.69695,7.40,0.30
2007.11.09 09:16:01.916,0.69685,0.69695,0.80,0.30
2007.11.09 09:16:02.251,0.69685,0.697,0.50,0.30
2007.11.09 09:16:02.585,0.69685,0.697,0.60,0.30
2007.11.09 09:16:02.918,0.6968,0.697,15.40,0.30
2007.11.09 09:16:03.252,0.6968,0.697,15.40,0.30
2007.11.09 09:16:03.584,0.6968,0.697,15.40,0.30
2007.11.09 09:16:03.918,0.6968,0.697,7.40,0.30
2007.11.09 09:16:04.137,0.6968,0.697,7.40,0.30
2007.11.09 09:16:04.356,0.69685,0.697,0.50,0.30
2007.11.09 09:16:04.574,0.6968,0.697,7.40,0.30
2007.11.09 09:16:04.795,0.6968,0.697,7.40,0.30
2007.11.09 09:16:06.040,0.6968,0.697,7.40,0.30
2007.11.09 09:16:06.279,0.69685,0.697,2.80,0.30
2007.11.09 09:16:06.516,0.69685,0.697,0.50,0.30
2007.11.09 09:16:06.763,0.6968,0.697,17.90,0.30
2007.11.09 09:16:07.002,0.6968,0.697,24.30,0.30
2007.11.09 09:16:07.266,0.69685,0.697,26.70,0.30
2007.11.09 09:16:07.540,0.69685,0.697,48.30,0.30
2007.11.09 09:16:08.051,0.6969,0.697,0.30,0.30
2007.11.09 09:16:08.375,0.69685,0.697,50.70,0.30
2007.11.09 09:16:08.708,0.6969,0.697,0.30,0.30
2007.11.09 09:16:09.373,0.6969,0.697,0.30,0.30
2007.11.09 09:16:09.551,0.69685,0.697,48.30,0.30
2007.11.09 09:16:09.729,0.6969,0.697,0.30,0.30
2007.11.09 09:16:09.908,0.69685,0.697,45.90,0.30
2007.11.09 09:16:10.217,0.69685,0.697,45.90,0.30
2007.11.09 09:16:10.506,0.6969,0.697,0.30,0.30
2007.11.09 09:16:10.793,0.69685,0.697,50.70,0.30
2007.11.09 09:16:11.082,0.6969,0.697,0.30,0.30
2007.11.09 09:16:11.369,0.6969,0.697,0.30,0.30
2007.11.09 09:16:11.603,0.69685,0.697,46.70,0.30
2007.11.09 09:16:11.837,0.6969,0.69705,0.30,12.20
2007.11.09 09:16:12.070,0.6969,0.69705,0.30,8.20
2007.11.09 09:16:12.463,0.6969,0.69705,0.30,8.20
2007.11.09 09:16:12.791,0.6969,0.69705,0.30,8.20
2007.11.09 09:16:13.162,0.69685,0.69705,50.70,8.20
2007.11.09 09:16:13.706,0.6969,0.69705,0.30,12.20
2007.11.09 09:16:14.039,0.69685,0.69705,53.10,10.60
2007.11.09 09:16:14.373,0.69685,0.69705,52.30,18.60
2007.11.09 09:16:14.552,0.6969,0.69705,0.30,18.60
2007.11.09 09:16:14.724,0.6969,0.69705,0.30,18.60
2007.11.09 09:16:14.898,0.69685,0.69705,51.50,18.60
2007.11.09 09:16:15.071,0.69685,0.69705,47.50,18.60
2007.11.09 09:16:15.244,0.6969,0.697,0.30,0.30
2007.11.09 09:16:15.418,0.6969,0.697,0.30,0.30
2007.11.09 09:16:15.744,0.6969,0.697,0.30,0.30
2007.11.09 09:16:16.062,0.69685,0.697,45.90,0.30
2007.11.09 09:16:16.380,0.6969,0.697,0.30,0.30
2007.11.09 09:16:16.699,0.69685,0.697,45.90,0.30
2007.11.09 09:16:17.481,0.69685,0.697,45.90,0.30
2007.11.09 09:16:18.294,0.6969,0.697,0.30,0.30
2007.11.09 09:16:18.527,0.6969,0.697,0.30,0.30
2007.11.09 09:16:19.323,0.69685,0.697,45.10,0.30
2007.11.09 09:16:19.499,0.6969,0.697,0.30,0.30
2007.11.09 09:16:19.760,0.6969,0.697,0.30,0.30
2007.11.09 09:16:19.968,0.69685,0.697,41.10,0.30
2007.11.09 09:16:20.285,0.69685,0.697,45.10,0.30
2007.11.09 09:16:20.494,0.69685,0.697,45.10,0.30
2007.11.09 09:16:20.802,0.6969,0.697,0.30,0.30
2007.11.09 09:16:21.111,0.6969,0.697,0.30,0.30
2007.11.09 09:16:21.419,0.6969,0.697,0.30,0.30
2007.11.09 09:16:21.727,0.6969,0.697,0.30,0.30
2007.11.09 09:16:21.955,0.6969,0.697,0.30,0.30
2007.11.09 09:16:22.194,0.69685,0.697,41.90,0.30
2007.11.09 09:16:22.432,0.69685,0.697,41.90,0.30
2007.11.09 09:16:23.055,0.6969,0.697,0.30,0.30
2007.11.09 09:16:23.389,0.69685,0.697,41.10,0.30
2007.11.09 09:16:23.722,0.69685,0.697,41.90,0.30
2007.11.09 09:16:23.850,0.6969,0.697,0.30,0.30
2007.11.09 09:16:24.709,0.6969,0.697,0.30,0.30
2007.11.09 09:16:26.149,0.6969,0.697,0.30,0.30
2007.11.09 09:16:26.269,0.69685,0.697,41.10,0.30
2007.11.09 09:16:26.759,0.6969,0.697,0.30,0.30
2007.11.09 09:16:27.032,0.6969,0.697,0.30,0.30
2007.11.09 09:16:27.305,0.69685,0.697,33.10,0.30
2007.11.09 09:16:27.578,0.6969,0.697,0.30,0.30
2007.11.09 09:16:27.861,0.69685,0.697,6.30,8.20
2007.11.09 09:16:28.193,0.69685,0.697,0.30,8.20
2007.11.09 09:16:28.526,0.6968,0.697,4.30,8.20
2007.11.09 09:16:28.860,0.6968,0.69695,4.30,0.30
2007.11.09 09:16:29.192,0.69685,0.69695,0.30,0.30
2007.11.09 09:16:29.410,0.69675,0.69695,57.00,0.30
2007.11.09 09:16:29.629,0.6968,0.69695,0.30,0.30
2007.11.09 09:16:29.848,0.6968,0.69695,0.30,0.30
2007.11.09 09:16:30.066,0.6968,0.69695,0.30,0.30
2007.11.09 09:16:30.355,0.6968,0.69695,0.30,0.30
2007.11.09 09:16:30.642,0.6968,0.69695,0.30,0.30
2007.11.09 09:16:30.960,0.6968,0.69695,0.30,0.30
2007.11.09 09:16:31.177,0.6968,0.69695,0.30,0.30
2007.11.09 09:16:31.471,0.6968,0.69695,0.30,0.30
2007.11.09 09:16:31.795,0.6968,0.69695,0.30,0.30
2007.11.09 09:16:32.014,0.6968,0.69695,0.30,0.30
2007.11.09 09:16:32.310,0.6968,0.69695,0.30,0.30
2007.11.09 09:16:32.557,0.6968,0.69695,0.30,0.30
2007.11.09 09:16:32.805,0.6968,0.69695,0.30,0.30
2007.11.09 09:16:33.055,0.6968,0.69695,0.30,0.30
2007.11.09 09:16:33.389,0.6968,0.69695,2.60,0.30
2007.11.09 09:16:33.722,0.69685,0.69695,0.30,0.30
2007.11.09 09:16:34.054,0.69685,0.69695,0.30,0.30
2007.11.09 09:16:34.388,0.69685,0.69695,0.30,0.30
2007.11.09 09:16:34.789,0.69685,0.69695,0.30,0.30
2007.11.09 09:16:34.998,0.69685,0.69695,0.30,0.30
2007.11.09 09:16:35.229,0.69685,0.697,0.30,12.20
2007.11.09 09:16:35.507,0.69685,0.697,14.60,4.20
2007.11.09 09:16:35.785,0.69685,0.697,14.60,0.30
2007.11.09 09:16:36.063,0.69685,0.697,14.60,0.30
2007.11.09 09:16:36.340,0.69685,0.69695,16.00,0.30
2007.11.09 09:16:36.569,0.69685,0.69695,12.00,0.30
2007.11.09 09:16:36.799,0.69685,0.69695,4.00,0.30
2007.11.09 09:16:37.027,0.69685,0.697,0.30,0.30
2007.11.09 09:16:37.258,0.69685,0.697,0.30,0.30
2007.11.09 09:16:37.515,0.69685,0.697,4.20,0.30
2007.11.09 09:16:37.850,0.69685,0.697,4.20,0.30
2007.11.09 09:16:38.109,0.69685,0.697,4.20,0.30
2007.11.09 09:16:38.368,0.69685,0.697,5.00,0.30
2007.11.09 09:16:38.707,0.69685,0.697,9.00,0.30
2007.11.09 09:16:39.041,0.69685,0.697,4.20,0.30
2007.11.09 09:16:39.376,0.6969,0.697,0.30,0.30
2007.11.09 09:16:39.563,0.6969,0.697,0.30,0.30
2007.11.09 09:16:39.751,0.69685,0.697,37.00,0.30
2007.11.09 09:16:39.946,0.69685,0.697,19.50,0.30
2007.11.09 09:16:40.127,0.69685,0.697,19.50,0.30
2007.11.09 09:16:40.314,0.69685,0.697,23.50,0.30
2007.11.09 09:16:40.593,0.69685,0.697,23.50,0.30
2007.11.09 09:16:40.871,0.6969,0.697,0.30,0.30
2007.11.09 09:16:41.149,0.6969,0.697,0.30,0.30
2007.11.09 09:16:41.427,0.6969,0.697,0.30,0.30
2007.11.09 09:16:42.024,0.6969,0.697,0.30,0.30
2007.11.09 09:16:42.201,0.6969,0.697,0.30,0.30
2007.11.09 09:16:42.381,0.6969,0.69705,0.30,28.20
2007.11.09 09:16:42.544,0.6969,0.69705,0.30,20.20
2007.11.09 09:16:43.028,0.6969,0.69705,0.30,20.20
2007.11.09 09:16:43.181,0.6969,0.69705,0.30,20.20
2007.11.09 09:16:43.333,0.6969,0.69705,0.30,20.20
2007.11.09 09:16:43.667,0.6969,0.69705,0.30,18.60
2007.11.09 09:16:44.024,0.6969,0.69705,0.30,4.20
2007.11.09 09:16:44.358,0.6969,0.69705,0.30,0.30
2007.11.09 09:16:44.521,0.6969,0.69705,0.30,0.30
2007.11.09 09:16:44.685,0.6969,0.69705,0.30,0.30
2007.11.09 09:16:44.849,0.6969,0.69705,0.30,0.30
2007.11.09 09:16:45.013,0.6969,0.69705,0.60,0.30
2007.11.09 09:16:45.177,0.6969,0.69705,1.00,0.30
2007.11.09 09:16:45.340,0.6969,0.697,1.00,0.30
2007.11.09 09:16:45.669,0.6969,0.697,1.30,0.30
2007.11.09 09:16:46.007,0.6969,0.697,0.90,0.30
2007.11.09 09:16:46.335,0.6969,0.697,0.40,0.30
2007.11.09 09:16:46.533,0.69685,0.697,18.00,0.30
2007.11.09 09:16:46.731,0.69685,0.697,18.80,0.30
2007.11.09 09:16:46.931,0.6969,0.697,0.40,0.30
2007.11.09 09:16:47.129,0.69685,0.697,39.40,0.30
2007.11.09 09:16:47.329,0.69685,0.697,41.80,0.30
2007.11.09 09:16:47.529,0.69685,0.697,69.00,0.30
2007.11.09 09:16:47.841,0.69695,0.6971,0.30,4.20
2007.11.09 09:16:48.156,0.69695,0.6971,1.00,4.20
2007.11.09 09:16:48.472,0.69695,0.6971,1.10,0.30
2007.11.09 09:16:48.804,0.69695,0.6971,1.10,0.30
2007.11.09 09:16:49.231,0.69695,0.6971,1.10,0.30
2007.11.09 09:16:49.564,0.69695,0.6971,5.10,0.30
2007.11.09 09:16:49.777,0.69695,0.69715,8.80,22.60
2007.11.09 09:16:49.990,0.69695,0.69715,0.80,26.70
2007.11.09 09:16:50.220,0.69695,0.69715,0.80,26.70
2007.11.09 09:16:50.433,0.69695,0.6971,1.00,0.30
2007.11.09 09:16:50.672,0.69695,0.6971,1.00,0.30
2007.11.09 09:16:51.536,0.69695,0.6971,1.00,0.30
2007.11.09 09:16:51.810,0.69695,0.6971,1.00,0.30
2007.11.09 09:16:52.083,0.69695,0.6971,1.00,0.30
2007.11.09 09:16:52.357,0.69695,0.6971,1.00,0.30
2007.11.09 09:16:52.631,0.69695,0.6971,1.00,0.30
2007.11.09 09:16:53.039,0.69695,0.6971,1.00,0.30
2007.11.09 09:16:53.236,0.69695,0.6971,0.30,0.30
2007.11.09 09:16:53.435,0.69695,0.6971,9.00,0.30
2007.11.09 09:16:53.633,0.69695,0.6971,13.00,0.30
2007.11.09 09:16:53.967,0.69695,0.6971,9.00,0.30
2007.11.09 09:16:54.308,0.69695,0.6971,5.00,0.30
2007.11.09 09:16:54.635,0.69695,0.6971,5.00,0.30
2007.11.09 09:16:55.006,0.69695,0.6971,5.00,0.30
2007.11.09 09:16:55.201,0.69695,0.6971,1.00,0.30
2007.11.09 09:16:55.340,0.69695,0.6971,1.00,0.30
2007.11.09 09:16:55.537,0.69695,0.6971,1.00,0.30
2007.11.09 09:16:55.851,0.69695,0.6971,5.00,0.30
2007.11.09 09:16:56.165,0.69695,0.6971,5.00,0.30
2007.11.09 09:16:56.480,0.69695,0.6971,5.00,0.30
2007.11.09 09:16:56.794,0.69695,0.6971,5.00,0.30
2007.11.09 09:16:57.012,0.69695,0.6971,9.00,0.30
2007.11.09 09:16:57.434,0.69695,0.6971,9.00,0.30
2007.11.09 09:16:58.751,0.69695,0.6971,9.00,0.30
2007.11.09 09:16:58.963,0.69705,0.69715,0.30,9.60
2007.11.09 09:16:59.177,0.69705,0.69715,0.30,5.60
2007.11.09 09:16:59.381,0.69705,0.6972,0.30,17.80
2007.11.09 09:16:59.390,0.69705,0.69715,2.60,0.90
2007.11.09 09:16:59.603,0.69705,0.6972,2.60,1.90
2007.11.09 09:16:59.831,0.69705,0.6972,6.60,1.90
2007.11.09 09:17:00.060,0.69705,0.6972,6.60,1.90
2007.11.09 09:17:00.319,0.69705,0.6972,2.60,1.90
2007.11.09 09:17:00.547,0.69705,0.69715,2.60,0.80
2007.11.09 09:17:00.806,0.69705,0.69725,2.60,72.20
2007.11.09 09:17:01.258,0.69705,0.69725,2.60,72.20
2007.11.09 09:17:01.643,0.69705,0.69725,6.60,72.20
2007.11.09 09:17:01.973,0.69705,0.6972,6.60,0.30
2007.11.09 09:17:02.262,0.69705,0.69725,6.60,72.20
2007.11.09 09:17:02.581,0.69705,0.69725,0.30,68.20
2007.11.09 09:17:02.793,0.69705,0.6972,0.30,8.30
2007.11.09 09:17:03.231,0.69705,0.6972,0.30,8.30
2007.11.09 09:17:03.446,0.69705,0.69715,0.30,0.30
2007.11.09 09:17:03.660,0.69705,0.6972,0.30,16.30
2007.11.09 09:17:03.992,0.69705,0.6972,0.30,16.30
2007.11.09 09:17:04.326,0.69705,0.69715,0.30,0.30
2007.11.09 09:17:04.659,0.697,0.6972,4.20,16.30
2007.11.09 09:17:04.945,0.697,0.69715,4.30,0.30
2007.11.09 09:17:05.126,0.697,0.6972,4.40,16.30
2007.11.09 09:17:05.306,0.69705,0.6972,13.60,12.30
2007.11.09 09:17:05.483,0.69705,0.69725,23.40,76.10
2007.11.09 09:17:05.662,0.69705,0.69725,23.40,64.10
2007.11.09 09:17:05.839,0.69705,0.6972,15.40,0.90
2007.11.09 09:17:06.172,0.69705,0.69715,4.20,0.30
2007.11.09 09:17:06.506,0.69705,0.69725,4.20,72.10
2007.11.09 09:17:06.840,0.69705,0.69715,0.30,0.80
2007.11.09 09:17:07.083,0.69705,0.6972,0.30,16.20
2007.11.09 09:17:07.326,0.697,0.6972,4.80,12.30
2007.11.09 09:17:07.570,0.697,0.69715,5.50,0.30
2007.11.09 09:17:07.813,0.697,0.6972,4.70,4.30
2007.11.09 09:17:08.251,0.697,0.69715,4.70,0.30
2007.11.09 09:17:08.740,0.697,0.6972,6.30,8.30
2007.11.09 09:17:08.912,0.697,0.69715,7.10,0.30
2007.11.09 09:17:09.235,0.69705,0.6972,0.30,8.30
2007.11.09 09:17:09.409,0.69705,0.6972,4.20,8.30
2007.11.09 09:17:09.582,0.69705,0.6972,4.20,8.30
2007.11.09 09:17:09.816,0.69705,0.69715,4.20,0.30
2007.11.09 09:17:10.151,0.69705,0.69715,4.20,0.30
2007.11.09 09:17:10.722,0.69705,0.6972,0.30,8.30
2007.11.09 09:17:11.056,0.69705,0.6972,0.30,12.20
2007.11.09 09:17:11.284,0.69705,0.6972,0.30,12.20
2007.11.09 09:17:11.513,0.69705,0.6972,14.60,0.70
2007.11.09 09:17:11.750,0.69705,0.69725,14.60,72.10
2007.11.09 09:17:11.968,0.69705,0.69725,6.60,72.10
2007.11.09 09:17:12.274,0.69705,0.69725,6.60,68.10
2007.11.09 09:17:12.577,0.69705,0.69725,6.60,68.10
2007.11.09 09:17:12.880,0.69705,0.6972,14.60,0.60
2007.11.09 09:17:13.214,0.69705,0.6972,14.60,0.90
2007.11.09 09:17:13.559,0.69705,0.69725,14.60,67.30
2007.11.09 09:17:14.133,0.69705,0.6972,14.60,0.80
2007.11.09 09:17:14.286,0.69705,0.69725,8.20,56.20
2007.11.09 09:17:14.439,0.6971,0.6972,0.30,0.70
2007.11.09 09:17:14.593,0.6971,0.69725,0.30,0.80
2007.11.09 09:17:14.907,0.6971,0.69725,0.30,0.70
2007.11.09 09:17:15.060,0.6971,0.69725,0.30,0.70
2007.11.09 09:17:15.345,0.6971,0.6973,0.30,35.40
2007.11.09 09:17:15.626,0.6971,0.69725,0.30,0.80
2007.11.09 09:17:15.909,0.6971,0.6973,0.30,35.40
2007.11.09 09:17:16.193,0.6971,0.6973,0.30,35.40
2007.11.09 09:17:16.430,0.6971,0.69725,0.30,0.70
2007.11.09 09:17:16.663,0.6971,0.6973,0.30,35.40
2007.11.09 09:17:17.009,0.6971,0.6973,0.30,35.40
2007.11.09 09:17:17.242,0.6971,0.69725,0.30,0.70
2007.11.09 09:17:17.526,0.6971,0.69725,0.30,0.60
2007.11.09 09:17:17.767,0.6971,0.6973,0.30,35.40
2007.11.09 09:17:18.025,0.69715,0.6973,0.30,20.20
2007.11.09 09:17:18.283,0.6971,0.69735,4.30,96.90
2007.11.09 09:17:18.616,0.6971,0.69725,0.30,0.50
2007.11.09 09:17:18.949,0.6971,0.6973,0.30,22.60
2007.11.09 09:17:19.282,0.6971,0.6973,0.30,22.60
2007.11.09 09:17:19.460,0.6971,0.6973,0.30,22.60
2007.11.09 09:17:19.637,0.6971,0.6973,0.30,26.60
2007.11.09 09:17:19.816,0.6971,0.6973,0.30,26.60
2007.11.09 09:17:20.020,0.6971,0.6973,0.30,26.60
2007.11.09 09:17:20.199,0.6971,0.6973,0.30,26.60
2007.11.09 09:17:20.377,0.6971,0.6973,0.30,26.60
2007.11.09 09:17:21.072,0.6971,0.6973,0.30,26.60
2007.11.09 09:17:21.361,0.6971,0.69725,0.30,30.70
2007.11.09 09:17:21.628,0.6971,0.69725,0.30,34.70
2007.11.09 09:17:22.322,0.69705,0.6972,37.80,0.30
2007.11.09 09:17:22.525,0.69705,0.6972,27.40,0.30
2007.11.09 09:17:22.728,0.69705,0.6972,9.00,0.30
2007.11.09 09:17:23.128,0.69705,0.69725,9.00,54.70
2007.11.09 09:17:23.564,0.69705,0.6972,9.00,0.30
2007.11.09 09:17:23.897,0.69705,0.6972,9.00,0.30
2007.11.09 09:17:24.433,0.69705,0.69725,5.00,54.70
2007.11.09 09:17:24.635,0.69705,0.6972,5.00,0.30
2007.11.09 09:17:24.815,0.69705,0.6972,5.00,0.30
2007.11.09 09:17:24.993,0.69705,0.69725,5.00,54.70
2007.11.09 09:17:25.171,0.69705,0.69725,5.00,54.70
2007.11.09 09:17:25.351,0.69705,0.6972,5.00,0.30
2007.11.09 09:17:25.755,0.69705,0.6972,5.00,0.30
2007.11.09 09:17:26.018,0.69705,0.6972,5.00,0.30
2007.11.09 09:17:26.281,0.69705,0.6972,9.00,0.30
2007.11.09 09:17:26.544,0.69705,0.69725,5.00,54.70
2007.11.09 09:17:26.742,0.69705,0.6972,5.00,0.30
2007.11.09 09:17:26.940,0.69705,0.69725,5.00,55.50
2007.11.09 09:17:27.246,0.69705,0.69725,5.00,55.50
2007.11.09 09:17:27.488,0.69705,0.69725,0.30,67.30
2007.11.09 09:17:27.682,0.69705,0.69715,0.30,4.00
2007.11.09 09:17:27.874,0.69705,0.69715,0.30,4.20
2007.11.09 09:17:28.069,0.69705,0.69715,0.30,4.20
2007.11.09 09:17:28.262,0.69705,0.69715,0.30,4.20
2007.11.09 09:17:28.456,0.697,0.69715,0.30,0.30
2007.11.09 09:17:28.790,0.697,0.69715,4.20,0.30
2007.11.09 09:17:29.124,0.697,0.69715,4.20,0.30
2007.11.09 09:17:29.458,0.697,0.69715,4.20,0.30
2007.11.09 09:17:29.640,0.697,0.69715,0.30,0.30
2007.11.09 09:17:29.823,0.697,0.69715,0.30,0.30
2007.11.09 09:17:30.007,0.697,0.69715,4.20,0.30
2007.11.09 09:17:30.316,0.697,0.69715,4.20,0.30
2007.11.09 09:17:31.250,0.697,0.69715,0.30,0.30
2007.11.09 09:17:31.488,0.697,0.69715,0.30,0.30
2007.11.09 09:17:31.726,0.697,0.69715,0.30,0.30
2007.11.09 09:17:31.959,0.697,0.69715,0.30,0.30
2007.11.09 09:17:32.193,0.697,0.69715,0.30,0.30
2007.11.09 09:17:32.468,0.697,0.69715,0.30,0.30
2007.11.09 09:17:33.416,0.69705,0.69715,0.30,0.30
2007.11.09 09:17:33.749,0.69705,0.69715,0.30,0.30
2007.11.09 09:17:33.976,0.69705,0.69715,0.30,0.30
2007.11.09 09:17:34.204,0.69705,0.69715,0.30,0.30
2007.11.09 09:17:34.566,0.69705,0.69715,0.30,0.30
2007.11.09 09:17:34.799,0.69705,0.69715,0.30,0.30
2007.11.09 09:17:35.032,0.69705,0.69715,0.30,0.30
2007.11.09 09:17:35.484,0.69705,0.69715,0.30,0.30
2007.11.09 09:17:36.836,0.69705,0.69715,0.30,0.30
2007.11.09 09:17:37.055,0.69705,0.69715,0.30,0.30
2007.11.09 09:17:37.274,0.69705,0.69715,0.30,0.30
2007.11.09 09:17:37.581,0.69705,0.69715,0.30,0.30
2007.11.09 09:17:37.799,0.69705,0.69715,0.30,4.20
2007.11.09 09:17:38.134,0.69705,0.69715,0.30,4.20
2007.11.09 09:17:38.470,0.69705,0.69715,0.30,4.20
2007.11.09 09:17:39.587,0.69705,0.69715,0.30,4.20
2007.11.09 09:17:40.081,0.69705,0.69715,0.30,4.20
2007.11.09 09:17:40.372,0.69705,0.69715,0.30,4.20
2007.11.09 09:17:40.593,0.69705,0.69715,0.30,4.20
2007.11.09 09:17:40.787,0.69705,0.69715,0.30,4.20
2007.11.09 09:17:41.409,0.69705,0.69715,0.30,4.20
2007.11.09 09:17:41.624,0.69705,0.69715,0.30,4.20
2007.11.09 09:17:42.025,0.69705,0.69715,0.30,4.20
2007.11.09 09:17:42.453,0.69705,0.69715,0.30,4.20
2007.11.09 09:17:43.071,0.69705,0.69715,0.30,4.20
2007.11.09 09:17:47.314,0.69705,0.69715,0.30,4.20
2007.11.09 09:17:52.463,0.69705,0.69715,0.30,4.20
2007.11.09 09:17:52.765,0.69695,0.69715,43.50,4.20
2007.11.09 09:17:52.922,0.69695,0.69715,43.50,4.20
2007.11.09 09:17:53.095,0.69695,0.69715,43.50,4.20
2007.11.09 09:17:53.797,0.697,0.69715,0.30,4.20
2007.11.09 09:17:54.129,0.697,0.69715,0.30,4.20
2007.11.09 09:17:54.462,0.69705,0.69715,0.30,4.20
2007.11.09 09:17:54.625,0.69705,0.69715,0.30,4.20
2007.11.09 09:17:56.477,0.697,0.69715,0.30,4.20
2007.11.09 09:17:56.615,0.697,0.69715,0.30,4.20
2007.11.09 09:17:57.087,0.697,0.69715,0.30,4.20
2007.11.09 09:17:57.455,0.697,0.69715,0.30,4.20
2007.11.09 09:17:57.822,0.697,0.69715,0.30,4.20
2007.11.09 09:17:58.107,0.697,0.6971,0.30,0.30
2007.11.09 09:17:58.350,0.697,0.6971,0.30,0.30
2007.11.09 09:17:58.522,0.69695,0.6971,38.60,0.30
2007.11.09 09:17:58.857,0.69695,0.6971,16.20,0.30
2007.11.09 09:17:59.191,0.697,0.6971,0.30,0.30
2007.11.09 09:17:59.528,0.697,0.6971,0.30,0.30
2007.11.09 09:18:00.007,0.697,0.6971,0.30,0.30
2007.11.09 09:18:00.520,0.697,0.6971,0.30,0.30
2007.11.09 09:18:02.455,0.697,0.6971,0.30,0.30
2007.11.09 09:18:02.668,0.697,0.6971,0.30,0.30
2007.11.09 09:18:03.001,0.697,0.6971,0.30,0.30
2007.11.09 09:18:03.335,0.697,0.6971,0.30,0.30
2007.11.09 09:18:03.669,0.697,0.6971,0.30,0.30
2007.11.09 09:18:03.840,0.697,0.6971,0.30,0.30
2007.11.09 09:18:04.019,0.697,0.6971,0.30,0.30
2007.11.09 09:18:04.426,0.697,0.6971,0.30,0.30
2007.11.09 09:18:04.579,0.697,0.6971,0.30,0.30
2007.11.09 09:18:05.358,0.697,0.6971,0.30,0.30
2007.11.09 09:18:05.636,0.697,0.6971,0.30,0.30
2007.11.09 09:18:06.036,0.697,0.6971,0.30,0.30
2007.11.09 09:18:07.443,0.697,0.6971,0.30,0.30
2007.11.09 09:18:08.301,0.697,0.6971,0.30,0.30
2007.11.09 09:18:08.634,0.697,0.6971,0.30,0.30
2007.11.09 09:18:09.257,0.697,0.6971,0.30,0.30
2007.11.09 09:18:09.410,0.697,0.6971,0.30,0.30
2007.11.09 09:18:09.563,0.697,0.6971,0.30,0.30
2007.11.09 09:18:12.465,0.697,0.6971,0.30,0.30
2007.11.09 09:18:13.593,0.697,0.6971,0.30,0.30
2007.11.09 09:18:13.927,0.697,0.6971,0.30,0.30
2007.11.09 09:18:14.324,0.697,0.6971,0.30,0.30
2007.11.09 09:18:15.354,0.697,0.6971,0.30,0.30
2007.11.09 09:18:17.464,0.697,0.6971,0.30,0.30
2007.11.09 09:18:17.663,0.697,0.6971,0.30,0.30
2007.11.09 09:18:18.575,0.697,0.6971,0.30,0.30
2007.11.09 09:18:18.909,0.697,0.6971,0.30,0.30
2007.11.09 09:18:20.027,0.697,0.6971,0.30,0.30
2007.11.09 09:18:20.334,0.697,0.6971,0.30,0.30
2007.11.09 09:18:20.945,0.697,0.6971,0.30,0.30
2007.11.09 09:18:22.097,0.697,0.6971,0.30,0.30
2007.11.09 09:18:22.435,0.697,0.6971,0.30,0.30
2007.11.09 09:18:23.564,0.697,0.6971,0.30,0.30
2007.11.09 09:18:25.682,0.697,0.69705,0.30,4.00
2007.11.09 09:18:26.343,0.697,0.69705,0.30,4.00
2007.11.09 09:18:26.733,0.697,0.6971,0.30,0.30
2007.11.09 09:18:26.976,0.697,0.6971,0.30,0.30
2007.11.09 09:18:27.287,0.697,0.6971,0.30,0.30
2007.11.09 09:18:28.013,0.697,0.6971,0.30,0.30
2007.11.09 09:18:29.209,0.69695,0.69705,20.80,4.00
2007.11.09 09:18:30.078,0.69695,0.69705,20.80,4.00
2007.11.09 09:18:30.214,0.69695,0.69705,28.80,4.00
2007.11.09 09:18:30.351,0.69695,0.69715,28.80,33.60
2007.11.09 09:18:31.319,0.69695,0.69715,28.80,33.60
2007.11.09 09:18:31.552,0.69695,0.69715,28.80,33.60
2007.11.09 09:18:32.045,0.69695,0.69715,28.80,33.60
2007.11.09 09:18:32.429,0.69695,0.69715,28.80,33.60
2007.11.09 09:18:37.487,0.69695,0.69715,28.80,33.60
2007.11.09 09:18:39.837,0.69695,0.69715,28.80,33.60
2007.11.09 09:18:42.454,0.69695,0.69715,28.80,33.60
2007.11.09 09:18:43.069,0.69695,0.69715,32.80,29.60
2007.11.09 09:18:44.491,0.69695,0.6971,33.00,0.30
2007.11.09 09:18:44.615,0.69695,0.6971,25.00,0.30
2007.11.09 09:18:44.737,0.69695,0.6971,21.00,0.30
2007.11.09 09:18:44.861,0.69695,0.6971,2.60,4.20
2007.11.09 09:18:46.276,0.69695,0.6971,2.60,4.20
2007.11.09 09:18:47.524,0.69695,0.6971,2.60,4.20
2007.11.09 09:18:48.158,0.69695,0.6971,1.50,4.20
2007.11.09 09:18:52.463,0.6969,0.6971,6.60,4.20
2007.11.09 09:18:57.454,0.6969,0.6971,6.60,4.20
2007.11.09 09:19:02.435,0.69695,0.6971,1.30,4.20
2007.11.09 09:19:04.552,0.6969,0.6971,6.60,4.20
2007.11.09 09:19:07.470,0.6969,0.6971,6.60,4.20
2007.11.09 09:19:07.992,0.69695,0.69705,0.30,2.40
2007.11.09 09:19:08.326,0.6969,0.69705,0.30,6.60
2007.11.09 09:19:08.660,0.69685,0.697,50.70,0.30
2007.11.09 09:19:08.833,0.69685,0.697,50.70,0.30
2007.11.09 09:19:09.114,0.69685,0.697,50.70,0.30
2007.11.09 09:19:09.286,0.69685,0.697,50.70,0.30
2007.11.09 09:19:09.459,0.69685,0.697,50.70,0.30
2007.11.09 09:19:09.633,0.6969,0.697,0.30,0.30
2007.11.09 09:19:10.056,0.69685,0.697,50.70,0.30
2007.11.09 09:19:12.478,0.69685,0.697,50.70,0.30
2007.11.09 09:19:12.701,0.6969,0.697,0.30,0.30
2007.11.09 09:19:13.353,0.69685,0.697,50.70,0.30
2007.11.09 09:19:13.688,0.6969,0.69705,0.30,8.20
2007.11.09 09:19:13.816,0.69685,0.69705,51.50,8.20
2007.11.09 09:19:13.945,0.69685,0.69705,51.50,6.60
2007.11.09 09:19:14.111,0.69685,0.69705,51.50,6.60
2007.11.09 09:19:14.289,0.69685,0.69705,51.50,6.60
2007.11.09 09:19:14.598,0.69685,0.69705,51.50,6.60
2007.11.09 09:19:14.802,0.69685,0.69705,51.50,6.60
2007.11.09 09:19:15.055,0.6969,0.69705,0.30,6.60
2007.11.09 09:19:15.308,0.6969,0.69705,0.30,6.60
2007.11.09 09:19:15.562,0.6969,0.69705,0.90,4.20
2007.11.09 09:19:15.814,0.69695,0.69705,0.30,4.20
2007.11.09 09:19:15.998,0.6969,0.69705,4.30,4.20
2007.11.09 09:19:16.283,0.69695,0.69705,0.30,4.20
2007.11.09 09:19:16.573,0.69695,0.69705,0.30,4.20
2007.11.09 09:19:17.463,0.69695,0.69705,0.30,4.20
2007.11.09 09:19:18.760,0.69695,0.69705,0.30,4.20
2007.11.09 09:19:19.100,0.69695,0.69705,0.30,4.20
2007.11.09 09:19:19.615,0.69695,0.69705,0.30,4.20
2007.11.09 09:19:19.982,0.69695,0.69705,0.30,4.20
2007.11.09 09:19:20.296,0.69695,0.69705,0.30,4.20
2007.11.09 09:19:20.609,0.69695,0.69705,0.30,4.20
2007.11.09 09:19:20.922,0.69695,0.69705,0.30,4.20
2007.11.09 09:19:21.235,0.6969,0.69705,0.30,6.60
2007.11.09 09:19:21.408,0.6969,0.69705,0.30,6.60
2007.11.09 09:19:21.820,0.6969,0.69705,0.30,6.60
2007.11.09 09:19:22.131,0.6969,0.69705,0.30,6.60
2007.11.09 09:19:22.485,0.6969,0.69705,0.30,6.60
2007.11.09 09:19:22.856,0.6969,0.69705,0.30,6.60
2007.11.09 09:19:23.155,0.6969,0.69705,0.30,6.60
2007.11.09 09:19:24.101,0.6969,0.69705,0.30,6.60
2007.11.09 09:19:25.064,0.6969,0.69705,0.30,10.60
2007.11.09 09:19:26.884,0.6969,0.69705,0.30,10.60
2007.11.09 09:19:27.470,0.6969,0.69705,0.30,10.60
2007.11.09 09:19:29.784,0.6969,0.69705,0.30,10.60
2007.11.09 09:19:30.109,0.6969,0.69705,0.30,6.60
2007.11.09 09:19:32.471,0.6969,0.69705,0.30,6.60
2007.11.09 09:19:37.433,0.6969,0.69705,0.30,6.60
2007.11.09 09:19:40.575,0.6969,0.69705,0.30,10.60
2007.11.09 09:19:42.460,0.6969,0.69705,0.30,10.60
2007.11.09 09:19:43.061,0.6969,0.69705,0.30,10.60
2007.11.09 09:19:43.365,0.6969,0.69705,0.30,10.60
2007.11.09 09:19:43.688,0.6969,0.69705,0.30,10.60
2007.11.09 09:19:44.023,0.6969,0.69705,0.30,10.60
2007.11.09 09:19:44.872,0.6969,0.6971,0.30,28.20
2007.11.09 09:19:47.485,0.6969,0.69705,0.30,10.60
2007.11.09 09:19:48.057,0.6969,0.69705,0.30,10.60
2007.11.09 09:19:48.569,0.6969,0.69705,0.30,10.60
2007.11.09 09:19:49.108,0.6969,0.69705,0.30,10.60
2007.11.09 09:19:50.567,0.6969,0.69705,0.30,10.60
2007.11.09 09:19:50.829,0.6969,0.69705,0.30,10.60
2007.11.09 09:19:51.072,0.6969,0.69705,0.30,10.60
2007.11.09 09:19:51.590,0.69685,0.69705,45.60,10.40
2007.11.09 09:19:51.833,0.69685,0.69705,45.60,10.40
2007.11.09 09:19:52.108,0.69685,0.69705,45.60,10.40
2007.11.09 09:19:52.346,0.69685,0.69705,45.60,10.40
2007.11.09 09:19:52.585,0.69685,0.69705,41.60,10.40
2007.11.09 09:19:53.372,0.69685,0.69705,41.60,10.40
2007.11.09 09:19:53.779,0.69685,0.69705,41.60,10.40
2007.11.09 09:19:54.113,0.69685,0.69705,45.60,10.40
2007.11.09 09:19:54.313,0.69685,0.69705,49.80,10.40
2007.11.09 09:19:54.623,0.69685,0.69705,49.80,10.40
2007.11.09 09:19:54.831,0.69685,0.69705,49.80,10.40
2007.11.09 09:19:55.354,0.69685,0.69705,49.80,10.40
2007.11.09 09:19:55.707,0.69685,0.69705,49.80,10.40
2007.11.09 09:19:56.290,0.69685,0.69705,49.80,10.40
2007.11.09 09:19:57.329,0.69685,0.69705,49.80,10.40
2007.11.09 09:19:57.824,0.69685,0.69705,49.80,10.40
2007.11.09 09:19:58.144,0.69685,0.69705,45.00,11.20
2007.11.09 09:19:58.485,0.69685,0.69705,37.00,11.20
2007.11.09 09:19:58.820,0.69685,0.69705,37.00,11.20
2007.11.09 09:19:59.152,0.69685,0.69705,35.40,11.20
2007.11.09 09:19:59.366,0.69685,0.69705,34.40,23.20
2007.11.09 09:19:59.583,0.6969,0.697,0.30,0.30
2007.11.09 09:19:59.797,0.6969,0.697,0.30,0.30
2007.11.09 09:20:00.011,0.6969,0.697,0.30,0.30
2007.11.09 09:20:00.223,0.6969,0.697,0.30,0.30
2007.11.09 09:20:00.506,0.6969,0.697,0.30,0.30
2007.11.09 09:20:00.790,0.6969,0.697,0.30,0.30
2007.11.09 09:20:01.074,0.6969,0.697,0.30,0.30
2007.11.09 09:20:01.388,0.6969,0.697,0.30,0.30
2007.11.09 09:20:01.616,0.6969,0.697,0.30,0.30
2007.11.09 09:20:02.329,0.6969,0.697,0.30,0.30
2007.11.09 09:20:02.553,0.6969,0.697,0.30,0.30
2007.11.09 09:20:02.776,0.69685,0.69695,21.10,4.20
2007.11.09 09:20:03.000,0.69685,0.69695,0.40,4.20
2007.11.09 09:20:03.858,0.69685,0.69695,0.40,4.20
2007.11.09 09:20:04.192,0.69685,0.69695,0.40,4.20
2007.11.09 09:20:04.527,0.69685,0.69695,0.30,4.20
2007.11.09 09:20:04.722,0.6968,0.69695,0.30,18.60
2007.11.09 09:20:04.914,0.6968,0.69695,0.30,18.60
2007.11.09 09:20:05.123,0.6968,0.69695,0.30,18.60
2007.11.09 09:20:05.600,0.69685,0.69695,0.30,18.40
2007.11.09 09:20:05.910,0.69685,0.697,2.60,4.20
2007.11.09 09:20:06.219,0.6969,0.697,0.30,4.20
2007.11.09 09:20:06.528,0.6969,0.697,0.30,4.20
2007.11.09 09:20:06.772,0.6969,0.697,0.30,0.30
2007.11.09 09:20:07.014,0.6969,0.697,0.30,0.30
2007.11.09 09:20:07.335,0.6969,0.697,0.30,0.30
2007.11.09 09:20:07.579,0.69685,0.697,37.00,0.30
2007.11.09 09:20:07.862,0.69685,0.697,0.30,4.20
2007.11.09 09:20:08.146,0.69685,0.697,0.30,4.20
2007.11.09 09:20:08.429,0.69685,0.69695,0.30,4.00
2007.11.09 09:20:08.712,0.69685,0.69695,0.30,4.00
2007.11.09 09:20:09.045,0.69685,0.69695,0.30,4.00
2007.11.09 09:20:09.061,0.69685,0.69695,0.30,4.00
2007.11.09 09:20:09.378,0.69685,0.69695,0.30,4.00
2007.11.09 09:20:09.712,0.6968,0.69695,4.30,4.00
2007.11.09 09:20:09.894,0.6968,0.69695,4.30,4.00
2007.11.09 09:20:10.145,0.69685,0.69695,0.30,4.00
2007.11.09 09:20:10.323,0.69685,0.69695,0.30,4.00
2007.11.09 09:20:10.714,0.69685,0.69695,0.30,4.00
2007.11.09 09:20:10.978,0.69685,0.69695,0.30,4.00
2007.11.09 09:20:11.241,0.69685,0.69695,0.30,4.00
2007.11.09 09:20:11.504,0.69685,0.69695,0.30,4.00
2007.11.09 09:20:11.767,0.69685,0.69695,0.30,4.20
2007.11.09 09:20:11.966,0.69685,0.69695,0.30,4.20
2007.11.09 09:20:12.183,0.69685,0.69695,0.30,4.20
2007.11.09 09:20:12.380,0.69685,0.69695,0.30,4.20
2007.11.09 09:20:12.578,0.6968,0.69695,0.30,4.20
2007.11.09 09:20:12.913,0.6968,0.69695,0.30,10.60
2007.11.09 09:20:13.247,0.6968,0.69695,0.30,10.60
2007.11.09 09:20:13.581,0.6968,0.69695,0.30,10.60
2007.11.09 09:20:13.799,0.6968,0.69695,0.30,18.60
2007.11.09 09:20:14.017,0.6968,0.69695,0.30,22.60
2007.11.09 09:20:14.263,0.6968,0.69695,0.30,22.60
2007.11.09 09:20:14.489,0.6968,0.69695,0.30,14.60
2007.11.09 09:20:14.708,0.6968,0.69695,0.30,14.60
2007.11.09 09:20:14.976,0.6968,0.69695,0.30,14.60
2007.11.09 09:20:15.244,0.6968,0.69695,0.30,14.60
2007.11.09 09:20:15.513,0.6968,0.69695,0.30,14.60
2007.11.09 09:20:15.781,0.6968,0.69695,0.30,14.60
2007.11.09 09:20:16.033,0.6968,0.69695,0.30,14.60
2007.11.09 09:20:16.329,0.6968,0.69695,0.30,14.60
2007.11.09 09:20:17.255,0.6968,0.69695,0.30,14.60
2007.11.09 09:20:17.492,0.6968,0.69695,0.30,14.60
2007.11.09 09:20:17.715,0.6968,0.69695,0.30,14.60
2007.11.09 09:20:17.939,0.6968,0.69695,0.30,14.60
2007.11.09 09:20:18.283,0.6968,0.69695,0.30,14.60
2007.11.09 09:20:18.609,0.6968,0.69695,0.30,14.60
2007.11.09 09:20:19.485,0.6968,0.69695,0.30,14.60
2007.11.09 09:20:19.764,0.6968,0.69695,0.30,14.60
2007.11.09 09:20:20.112,0.6968,0.69695,0.30,22.60
2007.11.09 09:20:20.425,0.6968,0.69695,0.30,14.60
2007.11.09 09:20:21.337,0.6968,0.69695,0.30,14.60
2007.11.09 09:20:21.534,0.6968,0.69695,0.30,14.60
2007.11.09 09:20:22.333,0.6968,0.69695,0.30,14.60
2007.11.09 09:20:22.585,0.6968,0.69695,0.30,14.60
2007.11.09 09:20:23.058,0.6968,0.69695,0.30,14.60
2007.11.09 09:20:23.782,0.6968,0.69695,0.30,14.60
2007.11.09 09:20:25.039,0.6968,0.69695,0.30,14.60
2007.11.09 09:20:25.560,0.6968,0.69695,0.30,14.60
2007.11.09 09:20:26.265,0.6968,0.69695,0.30,14.60
2007.11.09 09:20:26.615,0.6968,0.69695,0.30,14.60
2007.11.09 09:20:27.436,0.6968,0.69695,0.30,14.60
2007.11.09 09:20:28.552,0.6968,0.69695,0.30,14.60
2007.11.09 09:20:30.106,0.6968,0.69695,0.30,14.60
2007.11.09 09:20:30.323,0.6968,0.69695,0.30,14.60
2007.11.09 09:20:31.040,0.6968,0.69695,0.30,14.60
2007.11.09 09:20:31.349,0.6968,0.69695,0.30,14.60
2007.11.09 09:20:32.435,0.6968,0.69695,0.30,14.60
2007.11.09 09:20:34.377,0.6968,0.69695,0.30,14.60
2007.11.09 09:20:34.582,0.6968,0.69695,0.30,14.60
2007.11.09 09:20:35.319,0.6968,0.69695,0.30,14.60
2007.11.09 09:20:35.524,0.6968,0.69695,0.30,14.60
2007.11.09 09:20:35.828,0.6968,0.69695,0.30,14.60
2007.11.09 09:20:36.348,0.6968,0.69695,0.30,14.60
2007.11.09 09:20:37.077,0.6968,0.69695,0.30,14.60
2007.11.09 09:20:37.474,0.6968,0.69695,0.30,14.60
2007.11.09 09:20:37.808,0.6968,0.6969,0.30,0.30
2007.11.09 09:20:38.141,0.6968,0.6969,0.30,0.30
2007.11.09 09:20:38.475,0.6968,0.6969,0.30,0.30
2007.11.09 09:20:42.125,0.6968,0.6969,0.30,0.30
2007.11.09 09:20:42.344,0.6968,0.6969,0.30,0.30
2007.11.09 09:20:47.486,0.6968,0.6969,0.30,0.30
2007.11.09 09:20:51.330,0.6968,0.6969,0.30,0.30
2007.11.09 09:20:51.463,0.6968,0.6969,0.30,0.30
2007.11.09 09:20:51.747,0.6968,0.6969,0.30,0.30
2007.11.09 09:20:51.879,0.6968,0.6969,0.30,0.30
2007.11.09 09:20:52.078,0.6968,0.6969,0.30,0.30
2007.11.09 09:20:52.428,0.6968,0.6969,0.30,0.30
2007.11.09 09:20:52.842,0.6968,0.6969,0.30,0.30
2007.11.09 09:20:53.367,0.6968,0.6969,0.30,0.30
2007.11.09 09:20:53.710,0.6968,0.6969,0.30,0.30
2007.11.09 09:20:54.032,0.6968,0.6969,0.30,0.30
2007.11.09 09:20:54.374,0.6968,0.6969,0.30,0.30
2007.11.09 09:20:56.059,0.6968,0.6969,0.30,0.30
2007.11.09 09:20:56.367,0.6968,0.6969,0.30,0.30
2007.11.09 09:20:56.606,0.6968,0.6969,0.30,0.30
2007.11.09 09:20:56.882,0.6968,0.6969,0.30,0.30
2007.11.09 09:20:57.119,0.6968,0.6969,0.30,0.30
2007.11.09 09:20:57.628,0.6968,0.6969,0.30,0.30
2007.11.09 09:20:57.866,0.69675,0.69685,18.40,2.60
2007.11.09 09:20:58.105,0.6967,0.69685,0.30,6.60
2007.11.09 09:20:58.358,0.6967,0.69685,0.30,6.60
2007.11.09 09:20:58.692,0.6967,0.69685,0.30,6.60
2007.11.09 09:20:59.025,0.6967,0.69685,0.30,6.60
2007.11.09 09:20:59.357,0.69675,0.6969,6.60,9.00
2007.11.09 09:20:59.527,0.69675,0.6969,6.60,0.30
2007.11.09 09:20:59.694,0.69675,0.6969,6.60,0.30
2007.11.09 09:20:59.864,0.69675,0.6969,0.30,0.30
2007.11.09 09:21:00.272,0.69675,0.6969,0.30,0.30
2007.11.09 09:21:00.847,0.69675,0.6969,0.30,0.30
2007.11.09 09:21:01.124,0.69675,0.6969,0.30,0.30
2007.11.09 09:21:01.403,0.69675,0.6969,4.20,0.30
2007.11.09 09:21:01.473,0.6967,0.6969,8.20,0.30
2007.11.09 09:21:01.892,0.69675,0.6969,1.60,0.30
2007.11.09 09:21:02.087,0.69675,0.6969,1.20,0.30
2007.11.09 09:21:02.280,0.6967,0.6969,8.20,0.30
2007.11.09 09:21:02.826,0.69675,0.6969,4.20,0.30
2007.11.09 09:21:03.110,0.69675,0.6969,4.20,0.30
2007.11.09 09:21:03.888,0.69675,0.6969,4.20,0.30
2007.11.09 09:21:05.822,0.69675,0.6969,4.20,0.30
2007.11.09 09:21:06.283,0.69675,0.6969,4.20,0.30
2007.11.09 09:21:07.214,0.69675,0.6969,4.20,0.30
2007.11.09 09:21:07.590,0.69675,0.6969,4.20,0.30
2007.11.09 09:21:11.142,0.69675,0.69685,4.00,0.30
2007.11.09 09:21:11.399,0.6967,0.69685,0.30,4.20
2007.11.09 09:21:11.658,0.6967,0.69685,0.30,4.20
2007.11.09 09:21:11.847,0.6967,0.69685,0.30,6.60
2007.11.09 09:21:12.035,0.6967,0.69685,0.30,6.60
2007.11.09 09:21:12.225,0.6967,0.69685,0.30,6.60
2007.11.09 09:21:12.414,0.6967,0.69685,0.30,14.60
2007.11.09 09:21:12.602,0.6967,0.69685,0.30,14.60
2007.11.09 09:21:12.935,0.6967,0.69685,0.30,14.60
2007.11.09 09:21:13.324,0.6967,0.69685,0.30,14.60
2007.11.09 09:21:13.840,0.6967,0.69685,0.30,14.60
2007.11.09 09:21:14.173,0.6967,0.69685,0.30,14.60
2007.11.09 09:21:14.506,0.6967,0.69685,0.30,14.60
2007.11.09 09:21:16.351,0.6967,0.69685,0.30,14.60
2007.11.09 09:21:17.588,0.6967,0.69685,0.30,14.60
2007.11.09 09:21:22.581,0.6967,0.69685,0.30,14.60
2007.11.09 09:21:26.797,0.6967,0.69685,0.30,14.60
2007.11.09 09:21:27.574,0.6967,0.69685,0.30,14.60
2007.11.09 09:21:28.158,0.6967,0.69685,0.30,14.60
2007.11.09 09:21:29.209,0.6967,0.69685,0.30,14.60
2007.11.09 09:21:29.356,0.6967,0.69685,0.30,22.60
2007.11.09 09:21:29.519,0.6967,0.69685,0.30,22.60
2007.11.09 09:21:30.844,0.6967,0.69685,0.30,22.60
2007.11.09 09:21:30.848,0.69665,0.69685,44.30,22.60
2007.11.09 09:21:31.938,0.6967,0.69685,0.30,22.60
2007.11.09 09:21:32.562,0.6967,0.69685,0.30,22.60
2007.11.09 09:21:34.509,0.6967,0.69685,0.30,22.60
2007.11.09 09:21:34.674,0.6967,0.69685,0.30,18.60
2007.11.09 09:21:34.906,0.6967,0.69685,0.30,18.60
2007.11.09 09:21:35.096,0.6967,0.69685,0.30,18.60
2007.11.09 09:21:35.216,0.6967,0.69685,0.30,18.60
2007.11.09 09:21:35.334,0.69665,0.6968,54.60,0.30
2007.11.09 09:21:35.667,0.69665,0.6968,21.80,0.30
2007.11.09 09:21:36.001,0.6967,0.69685,0.30,46.60
2007.11.09 09:21:36.335,0.6967,0.6968,0.30,0.30
2007.11.09 09:21:36.550,0.6967,0.6968,0.30,0.30
2007.11.09 09:21:36.763,0.6967,0.6968,0.30,0.30
2007.11.09 09:21:36.976,0.6967,0.6968,0.30,0.30
2007.11.09 09:21:37.314,0.6967,0.6968,0.30,0.30
2007.11.09 09:21:37.594,0.6967,0.6968,0.30,0.30
2007.11.09 09:21:37.840,0.6967,0.6968,0.30,0.30
2007.11.09 09:21:38.371,0.6967,0.6968,0.30,0.30
2007.11.09 09:21:38.878,0.6967,0.6968,0.30,0.30
2007.11.09 09:21:40.126,0.6967,0.6968,0.30,0.30
2007.11.09 09:21:40.331,0.6967,0.6968,0.30,0.30
2007.11.09 09:21:40.745,0.6967,0.6968,0.30,0.30
2007.11.09 09:21:40.979,0.6967,0.6968,0.30,0.30
2007.11.09 09:21:41.213,0.6967,0.6968,0.30,0.30
2007.11.09 09:21:41.567,0.6967,0.6968,0.30,0.30
2007.11.09 09:21:41.821,0.6967,0.6968,0.30,0.30
2007.11.09 09:21:42.073,0.6967,0.6968,0.30,0.30
2007.11.09 09:21:42.327,0.6967,0.6968,0.30,0.30
2007.11.09 09:21:42.618,0.6967,0.6968,0.30,0.30
2007.11.09 09:21:42.895,0.6967,0.6968,0.30,0.30
2007.11.09 09:21:43.154,0.6967,0.6968,0.30,0.30
2007.11.09 09:21:43.423,0.6967,0.6968,0.30,0.30
2007.11.09 09:21:44.404,0.6967,0.6968,0.30,0.30
2007.11.09 09:21:44.741,0.6967,0.6968,0.30,0.30
2007.11.09 09:21:44.919,0.6967,0.6968,0.30,0.30
2007.11.09 09:21:45.350,0.6967,0.6968,0.30,0.30
2007.11.09 09:21:46.603,0.6967,0.6968,0.30,0.30
2007.11.09 09:21:46.860,0.6967,0.6968,0.30,0.30
2007.11.09 09:21:47.024,0.6967,0.6968,0.30,0.30
2007.11.09 09:21:47.553,0.6967,0.6968,0.30,0.30
2007.11.09 09:21:48.101,0.6967,0.6968,0.30,0.30
2007.11.09 09:21:50.453,0.6967,0.6968,0.30,0.30
2007.11.09 09:21:50.584,0.6967,0.6968,0.30,0.30
2007.11.09 09:21:50.823,0.69665,0.6968,41.00,0.30
2007.11.09 09:21:51.061,0.69665,0.6968,14.60,0.30
2007.11.09 09:21:51.299,0.69665,0.6968,14.60,0.30
2007.11.09 09:21:51.538,0.69665,0.6968,14.60,0.30
2007.11.09 09:21:52.156,0.69665,0.6968,14.60,0.30
2007.11.09 09:21:52.430,0.69665,0.6968,14.60,0.30
2007.11.09 09:21:53.104,0.69665,0.6968,14.60,0.30
2007.11.09 09:21:53.445,0.69665,0.6968,14.60,0.30
2007.11.09 09:21:53.915,0.69665,0.6968,14.60,0.30
2007.11.09 09:21:54.249,0.69665,0.6968,14.60,0.30
2007.11.09 09:21:54.583,0.6967,0.6968,0.30,0.30
2007.11.09 09:21:55.291,0.6967,0.6968,0.30,0.30
2007.11.09 09:21:56.846,0.6967,0.6968,0.30,0.30
2007.11.09 09:21:57.003,0.6967,0.6968,0.30,0.30
2007.11.09 09:21:57.161,0.6967,0.6968,0.30,0.30
2007.11.09 09:21:57.569,0.6967,0.6968,0.30,0.30
2007.11.09 09:21:58.307,0.6967,0.6968,0.30,0.30
2007.11.09 09:21:59.872,0.6967,0.6968,0.30,0.30
2007.11.09 09:22:00.352,0.6967,0.6968,0.30,0.30
2007.11.09 09:22:00.575,0.6967,0.6968,0.30,0.30
2007.11.09 09:22:02.144,0.6967,0.6968,0.30,0.30
2007.11.09 09:22:02.322,0.6967,0.6968,0.30,0.30
2007.11.09 09:22:02.500,0.6967,0.6968,0.30,0.30
2007.11.09 09:22:02.690,0.6967,0.6968,0.30,0.30
2007.11.09 09:22:03.242,0.6967,0.6968,0.30,0.30
2007.11.09 09:22:04.814,0.6967,0.6968,0.30,0.30
2007.11.09 09:22:05.364,0.6967,0.6968,0.30,0.30
2007.11.09 09:22:06.200,0.69665,0.6968,41.90,0.30
2007.11.09 09:22:06.272,0.6967,0.6968,0.30,0.30
2007.11.09 09:22:06.450,0.69665,0.6968,41.90,0.30
2007.11.09 09:22:06.677,0.69665,0.6968,41.90,0.30
2007.11.09 09:22:07.183,0.6967,0.6968,0.30,0.30
2007.11.09 09:22:07.580,0.69665,0.6968,41.90,0.30
2007.11.09 09:22:12.599,0.69665,0.6968,41.90,0.30
2007.11.09 09:22:14.381,0.69665,0.6968,44.30,0.30
2007.11.09 09:22:14.555,0.69665,0.6968,44.30,0.30
2007.11.09 09:22:15.508,0.6967,0.6968,0.30,0.30
2007.11.09 09:22:15.702,0.69665,0.6968,41.90,0.30
2007.11.09 09:22:17.731,0.6967,0.6968,0.30,0.30
2007.11.09 09:22:18.605,0.6967,0.6968,0.30,0.30
2007.11.09 09:22:19.118,0.69665,0.6968,41.90,0.30
2007.11.09 09:22:21.618,0.6967,0.6968,0.30,0.30
2007.11.09 09:22:21.832,0.6967,0.6968,0.30,0.30
2007.11.09 09:22:22.111,0.69665,0.6968,41.90,0.30
2007.11.09 09:22:22.573,0.6967,0.6968,0.30,0.30
2007.11.09 09:22:23.151,0.6967,0.6968,0.30,0.30
2007.11.09 09:22:23.374,0.69665,0.6968,41.90,0.30
2007.11.09 09:22:23.892,0.69665,0.6968,41.90,0.30
2007.11.09 09:22:24.830,0.6966,0.69685,54.40,36.00
2007.11.09 09:22:25.844,0.6967,0.69685,0.30,36.20
2007.11.09 09:22:26.132,0.6967,0.69685,0.30,9.80
2007.11.09 09:22:26.420,0.69665,0.69685,48.30,8.20
2007.11.09 09:22:27.107,0.6967,0.69685,0.30,8.20
2007.11.09 09:22:27.569,0.69665,0.69685,48.30,8.20
2007.11.09 09:22:28.677,0.69665,0.69685,49.10,8.20
2007.11.09 09:22:29.010,0.6967,0.69685,0.30,4.20
2007.11.09 09:22:29.343,0.6967,0.69685,0.30,0.30
2007.11.09 09:22:29.676,0.6967,0.69685,4.30,0.30
2007.11.09 09:22:29.835,0.69675,0.69685,0.30,0.30
2007.11.09 09:22:30.074,0.69675,0.6969,0.30,1.50
2007.11.09 09:22:30.218,0.6967,0.6969,6.70,1.50
2007.11.09 09:22:30.361,0.69675,0.6969,0.30,0.30
2007.11.09 09:22:30.532,0.6967,0.6969,6.70,0.30
2007.11.09 09:22:30.937,0.6967,0.6969,6.70,0.30
2007.11.09 09:22:31.211,0.6967,0.6969,6.70,0.30
2007.11.09 09:22:31.600,0.69675,0.6969,0.30,0.30
2007.11.09 09:22:31.873,0.6967,0.69695,6.70,62.00
2007.11.09 09:22:32.077,0.69675,0.69695,9.10,41.50
2007.11.09 09:22:32.281,0.69675,0.69695,35.50,14.60
2007.11.09 09:22:32.485,0.6968,0.69695,0.30,13.00
2007.11.09 09:22:32.699,0.6968,0.69695,0.30,49.70
2007.11.09 09:22:33.027,0.69675,0.6969,33.10,0.30
2007.11.09 09:22:33.360,0.69675,0.6969,33.10,0.30
2007.11.09 09:22:33.693,0.6968,0.6969,0.30,0.30
2007.11.09 09:22:34.026,0.69675,0.6969,41.10,0.30
2007.11.09 09:22:34.625,0.6968,0.6969,0.30,0.30
2007.11.09 09:22:34.830,0.6968,0.6969,0.30,0.30
2007.11.09 09:22:35.391,0.6968,0.69695,0.30,29.80
2007.11.09 09:22:35.576,0.6968,0.69695,0.30,10.60
2007.11.09 09:22:35.758,0.6968,0.69695,0.30,1.00
2007.11.09 09:22:36.580,0.6968,0.69695,0.30,1.00
2007.11.09 09:22:37.089,0.6968,0.69695,0.30,1.00
2007.11.09 09:22:37.284,0.6968,0.69695,0.30,1.00
2007.11.09 09:22:37.573,0.6968,0.69695,0.30,1.00
2007.11.09 09:22:37.716,0.6968,0.69695,0.30,1.00
2007.11.09 09:22:37.860,0.6968,0.69695,0.30,1.00
2007.11.09 09:22:40.270,0.69675,0.69695,43.50,1.00
2007.11.09 09:22:42.632,0.6968,0.69695,0.30,1.00
2007.11.09 09:22:45.939,0.6968,0.69695,0.30,5.00
2007.11.09 09:22:46.119,0.6968,0.69695,0.30,5.00
2007.11.09 09:22:46.390,0.6968,0.69695,0.30,5.00
2007.11.09 09:22:47.580,0.6968,0.69695,0.30,5.00
2007.11.09 09:22:48.816,0.6968,0.69695,0.30,5.00
2007.11.09 09:22:49.332,0.6968,0.69695,0.30,5.00
2007.11.09 09:22:49.549,0.6968,0.69695,0.30,5.00
2007.11.09 09:22:49.737,0.6968,0.69695,0.30,9.60
2007.11.09 09:22:49.925,0.6968,0.69695,0.30,10.60
2007.11.09 09:22:50.114,0.6968,0.69695,0.30,10.60
2007.11.09 09:22:50.389,0.6968,0.69695,0.30,5.50
2007.11.09 09:22:50.665,0.6968,0.69695,0.30,4.20
2007.11.09 09:22:50.938,0.6968,0.69695,0.30,4.20
2007.11.09 09:22:51.210,0.6968,0.69695,0.30,4.20
2007.11.09 09:22:51.449,0.6968,0.69695,0.30,4.20
2007.11.09 09:22:51.686,0.6968,0.69695,0.30,4.20
2007.11.09 09:22:52.585,0.6968,0.69695,0.30,4.20
2007.11.09 09:22:54.776,0.6968,0.69695,0.30,4.20
2007.11.09 09:22:54.904,0.6968,0.69695,0.30,4.20
2007.11.09 09:22:55.362,0.6968,0.69695,0.30,4.20
2007.11.09 09:22:55.621,0.6968,0.69695,0.30,12.20
2007.11.09 09:22:55.879,0.6968,0.69695,0.30,16.20
2007.11.09 09:22:56.137,0.6968,0.69695,0.30,17.00
2007.11.09 09:22:57.111,0.6968,0.69695,0.30,17.00
2007.11.09 09:22:57.552,0.6968,0.69695,0.30,17.00
2007.11.09 09:22:58.043,0.6968,0.69695,0.30,17.00
2007.11.09 09:22:59.078,0.6968,0.69695,0.30,17.00
2007.11.09 09:22:59.412,0.6968,0.69695,0.30,5.00
2007.11.09 09:22:59.518,0.6968,0.69695,0.30,5.00
2007.11.09 09:22:59.619,0.6968,0.69695,0.30,5.00
2007.11.09 09:22:59.808,0.6968,0.69695,0.30,5.00
2007.11.09 09:23:00.423,0.6968,0.69695,0.30,5.00
2007.11.09 09:23:00.755,0.6968,0.69695,0.30,5.00
2007.11.09 09:23:01.088,0.6968,0.69695,0.30,5.00
2007.11.09 09:23:01.421,0.6968,0.69695,0.30,4.20
2007.11.09 09:23:01.575,0.6968,0.69695,0.30,4.20
2007.11.09 09:23:02.309,0.6968,0.69695,0.30,4.20
2007.11.09 09:23:02.462,0.6968,0.6969,0.30,0.30
2007.11.09 09:23:02.736,0.6968,0.6969,0.30,0.30
2007.11.09 09:23:03.009,0.6968,0.6969,0.30,0.30
2007.11.09 09:23:03.347,0.6968,0.6969,0.30,0.30
2007.11.09 09:23:03.620,0.6968,0.6969,0.30,0.30
2007.11.09 09:23:03.954,0.6968,0.6969,0.30,0.30
2007.11.09 09:23:04.816,0.6968,0.6969,0.30,0.30
2007.11.09 09:23:05.137,0.6968,0.6969,0.30,0.30
2007.11.09 09:23:06.077,0.6968,0.6969,0.30,0.30
2007.11.09 09:23:07.570,0.6968,0.6969,0.30,0.30
2007.11.09 09:23:09.145,0.6968,0.6969,0.30,0.30
2007.11.09 09:23:09.921,0.6968,0.6969,0.30,0.30
2007.11.09 09:23:10.079,0.6968,0.69695,0.30,28.20
2007.11.09 09:23:10.236,0.6968,0.69695,0.30,20.20
2007.11.09 09:23:10.395,0.6968,0.69695,0.30,18.60
2007.11.09 09:23:11.050,0.6968,0.69695,0.30,18.60
2007.11.09 09:23:11.313,0.6968,0.69695,0.30,18.60
2007.11.09 09:23:11.576,0.6968,0.69695,0.30,18.60
2007.11.09 09:23:11.630,0.6968,0.69695,0.30,0.70
2007.11.09 09:23:12.379,0.6968,0.69695,0.30,18.60
2007.11.09 09:23:12.662,0.69685,0.69695,0.30,4.20
2007.11.09 09:23:12.996,0.69685,0.69695,0.30,0.30
2007.11.09 09:23:13.328,0.69685,0.69695,0.30,0.30
2007.11.09 09:23:13.662,0.69685,0.69695,0.30,0.30
2007.11.09 09:23:13.995,0.69685,0.69695,0.30,0.30
2007.11.09 09:23:14.200,0.69685,0.69695,0.30,0.30
2007.11.09 09:23:14.397,0.69685,0.69695,0.30,0.30
2007.11.09 09:23:14.854,0.69685,0.69695,0.30,0.30
2007.11.09 09:23:15.068,0.6968,0.69695,0.30,18.60
2007.11.09 09:23:15.281,0.6968,0.69695,0.30,18.60
2007.11.09 09:23:15.494,0.6968,0.69695,0.30,18.60
2007.11.09 09:23:16.111,0.6968,0.69695,0.30,22.60
2007.11.09 09:23:16.313,0.6968,0.69695,0.30,18.60
2007.11.09 09:23:17.349,0.6968,0.69695,0.30,18.60
2007.11.09 09:23:19.446,0.6968,0.69695,0.30,18.60
2007.11.09 09:23:19.568,0.6968,0.69695,0.30,18.60
2007.11.09 09:23:19.729,0.6968,0.69695,0.30,18.60
2007.11.09 09:23:19.847,0.6968,0.69695,0.30,18.60
2007.11.09 09:23:20.548,0.6968,0.69695,0.30,18.60
2007.11.09 09:23:22.110,0.6968,0.69695,0.30,18.60
2007.11.09 09:23:22.572,0.6968,0.69695,0.30,18.60
2007.11.09 09:23:23.436,0.6968,0.69695,0.30,19.40
2007.11.09 09:23:23.769,0.6968,0.69695,0.30,18.60
2007.11.09 09:23:24.108,0.6968,0.69695,0.30,18.60
2007.11.09 09:23:24.586,0.6968,0.69695,0.30,18.60
2007.11.09 09:23:27.096,0.6968,0.69695,0.30,18.60
2007.11.09 09:23:27.487,0.6968,0.69695,0.30,18.60
2007.11.09 09:23:27.760,0.6968,0.6969,0.30,0.30
2007.11.09 09:23:28.033,0.6968,0.6969,0.30,0.30
2007.11.09 09:23:28.306,0.6968,0.6969,0.30,0.30
2007.11.09 09:23:28.641,0.6968,0.6969,0.30,0.30
2007.11.09 09:23:29.059,0.6968,0.6969,0.30,0.30
2007.11.09 09:23:30.094,0.6968,0.6969,0.30,0.30
2007.11.09 09:23:31.974,0.6968,0.6969,0.30,0.30
2007.11.09 09:23:32.598,0.6968,0.6969,0.30,0.30
2007.11.09 09:23:32.978,0.6968,0.6969,0.30,0.30
2007.11.09 09:23:33.205,0.6968,0.6969,0.30,0.30
2007.11.09 09:23:34.341,0.6968,0.6969,0.30,0.30
2007.11.09 09:23:34.555,0.6968,0.6969,0.30,0.30
2007.11.09 09:23:35.386,0.6968,0.6969,0.30,0.30
2007.11.09 09:23:35.609,0.69675,0.6969,33.80,0.30
2007.11.09 09:23:35.833,0.69675,0.6969,5.00,0.30
2007.11.09 09:23:36.057,0.69675,0.69685,5.00,0.30
2007.11.09 09:23:36.279,0.69675,0.69685,5.00,0.30
2007.11.09 09:23:36.503,0.69675,0.69685,5.00,0.30
2007.11.09 09:23:36.834,0.69675,0.69685,5.00,0.30
2007.11.09 09:23:37.570,0.69675,0.69685,5.00,0.30
2007.11.09 09:23:38.020,0.69675,0.69685,13.00,0.30
2007.11.09 09:23:38.128,0.6968,0.6969,0.30,0.30
2007.11.09 09:23:38.253,0.6968,0.6969,0.30,0.30
2007.11.09 09:23:38.363,0.6968,0.6969,0.30,0.30
2007.11.09 09:23:38.695,0.6968,0.6969,0.30,0.30
2007.11.09 09:23:39.030,0.6968,0.6969,0.30,0.30
2007.11.09 09:23:39.363,0.6968,0.6969,0.30,0.30
2007.11.09 09:23:40.067,0.6968,0.6969,0.30,0.30
2007.11.09 09:23:42.595,0.6968,0.6969,0.30,0.30
2007.11.09 09:23:42.880,0.6968,0.6969,0.30,0.30
2007.11.09 09:23:43.098,0.6968,0.6969,0.30,0.30
2007.11.09 09:23:47.607,0.6968,0.6969,0.30,0.30
2007.11.09 09:23:50.546,0.6968,0.6969,0.30,0.30
2007.11.09 09:23:50.661,0.6968,0.6969,0.30,0.30
2007.11.09 09:23:50.865,0.6968,0.6969,0.30,0.30
2007.11.09 09:23:51.252,0.6968,0.6969,0.30,0.30
2007.11.09 09:23:51.540,0.6968,0.6969,0.30,0.30
2007.11.09 09:23:51.827,0.6968,0.6969,0.30,0.30
2007.11.09 09:23:52.319,0.6968,0.6969,0.30,0.30
2007.11.09 09:23:52.578,0.6968,0.6969,0.30,0.30
2007.11.09 09:23:53.878,0.6968,0.6969,0.30,0.30
2007.11.09 09:23:55.333,0.6968,0.6969,0.30,0.30
2007.11.09 09:23:55.869,0.6968,0.6969,0.30,0.30
2007.11.09 09:23:56.208,0.6968,0.69695,0.30,29.90
2007.11.09 09:23:57.594,0.6968,0.69695,0.30,29.90
2007.11.09 09:24:00.395,0.6968,0.69695,0.30,29.90
2007.11.09 09:24:01.849,0.6968,0.69695,0.30,29.90
2007.11.09 09:24:02.750,0.6968,0.69695,0.30,29.90
2007.11.09 09:24:06.104,0.6968,0.69695,0.30,29.90
2007.11.09 09:24:06.873,0.6968,0.69695,0.30,30.50
2007.11.09 09:24:07.143,0.6968,0.6969,0.30,0.30
2007.11.09 09:24:07.574,0.6968,0.69695,0.30,31.10
2007.11.09 09:24:07.772,0.6968,0.69695,0.30,29.40
2007.11.09 09:24:07.971,0.6968,0.6969,0.30,0.30
2007.11.09 09:24:08.169,0.69675,0.697,48.80,37.80
2007.11.09 09:24:08.368,0.69675,0.697,48.00,39.40
2007.11.09 09:24:09.871,0.69675,0.697,48.00,38.60
2007.11.09 09:24:10.082,0.69675,0.697,48.00,39.40
2007.11.09 09:24:10.310,0.69675,0.697,48.00,39.40
2007.11.09 09:24:10.588,0.69675,0.69695,48.00,0.80
2007.11.09 09:24:10.866,0.69675,0.697,48.00,38.60
2007.11.09 09:24:12.586,0.69675,0.697,48.00,38.60
2007.11.09 09:24:15.056,0.69675,0.697,48.00,39.40
2007.11.09 09:24:15.219,0.69675,0.69695,48.80,0.60
2007.11.09 09:24:15.382,0.69675,0.697,48.80,37.80
2007.11.09 09:24:15.573,0.69675,0.69695,48.80,0.50
2007.11.09 09:24:15.830,0.69675,0.69695,48.00,0.50
2007.11.09 09:24:16.083,0.69675,0.697,48.00,39.40
2007.11.09 09:24:16.336,0.69675,0.69695,48.00,0.80
2007.11.09 09:24:16.623,0.69675,0.697,48.00,38.00
2007.11.09 09:24:16.836,0.69675,0.697,48.80,35.80
2007.11.09 09:24:17.049,0.69675,0.697,48.80,35.80
2007.11.09 09:24:17.262,0.69675,0.697,48.00,38.20
2007.11.09 09:24:17.479,0.69675,0.69695,48.00,0.60
2007.11.09 09:24:17.888,0.69675,0.69695,48.00,0.70
2007.11.09 09:24:18.833,0.69675,0.69695,48.00,0.70
2007.11.09 09:24:19.359,0.69675,0.697,48.00,39.00
2007.11.09 09:24:21.026,0.69675,0.69695,45.60,0.90
2007.11.09 09:24:21.393,0.69675,0.697,45.60,39.00
2007.11.09 09:24:22.569,0.69675,0.697,45.60,39.00
2007.11.09 09:24:23.049,0.69675,0.697,45.60,38.20
2007.11.09 09:24:24.393,0.69675,0.69695,45.60,23.80
2007.11.09 09:24:25.326,0.69675,0.69695,45.60,23.80
2007.11.09 09:24:26.758,0.69675,0.69695,45.60,27.80
2007.11.09 09:24:27.565,0.69675,0.69695,45.60,27.80
2007.11.09 09:24:30.301,0.69675,0.69695,45.60,27.80
2007.11.09 09:24:32.583,0.69675,0.69695,45.60,27.80
2007.11.09 09:24:35.886,0.69675,0.69695,45.60,23.80
2007.11.09 09:24:36.816,0.69675,0.69695,45.60,23.80
2007.11.09 09:24:37.566,0.69675,0.69695,45.60,23.80
2007.11.09 09:24:42.596,0.69675,0.69695,12.00,8.00
2007.11.09 09:24:47.564,0.69675,0.69695,12.00,8.00
2007.11.09 09:24:51.337,0.69675,0.69695,4.00,4.00
2007.11.09 09:24:51.891,0.69675,0.69695,4.00,4.00
2007.11.09 09:24:52.129,0.69675,0.69695,41.60,20.80
2007.11.09 09:24:52.370,0.69675,0.69695,50.40,16.80
2007.11.09 09:24:53.155,0.69675,0.69695,50.40,16.80
2007.11.09 09:24:53.387,0.69675,0.69695,50.40,16.80
2007.11.09 09:24:53.625,0.69675,0.69695,66.30,13.60
2007.11.09 09:24:53.958,0.69675,0.69695,67.10,1.60
2007.11.09 09:24:54.291,0.69675,0.69695,67.10,16.00
2007.11.09 09:24:54.624,0.69675,0.69695,61.50,16.00
2007.11.09 09:24:54.823,0.69675,0.69695,62.30,20.00
2007.11.09 09:24:55.096,0.6967,0.69695,83.90,20.00
2007.11.09 09:24:55.139,0.69675,0.69695,62.30,20.00
2007.11.09 09:24:55.341,0.69675,0.69695,62.30,20.00
2007.11.09 09:24:55.851,0.69675,0.69695,62.30,20.00
2007.11.09 09:24:56.124,0.69675,0.69695,62.30,16.00
2007.11.09 09:24:56.584,0.69675,0.69695,62.30,20.00
2007.11.09 09:24:57.096,0.69675,0.69695,66.30,20.00
2007.11.09 09:24:57.404,0.69675,0.69695,66.30,24.00
2007.11.09 09:24:57.692,0.69675,0.69695,62.30,24.00
2007.11.09 09:24:58.024,0.69675,0.69695,62.30,28.00
2007.11.09 09:24:58.358,0.69675,0.69695,61.50,28.00
2007.11.09 09:24:58.690,0.69675,0.69695,49.60,28.00
2007.11.09 09:24:59.023,0.69675,0.69695,49.60,24.00
2007.11.09 09:24:59.356,0.69675,0.69695,50.40,24.00
2007.11.09 09:24:59.689,0.69675,0.69695,50.40,24.00
2007.11.09 09:25:00.619,0.69675,0.69695,50.40,24.00
2007.11.09 09:25:01.850,0.69675,0.69695,50.40,16.00
2007.11.09 09:25:02.567,0.69675,0.69695,50.40,16.00
2007.11.09 09:25:04.130,0.69675,0.69695,50.40,16.00
2007.11.09 09:25:05.066,0.69675,0.69695,50.40,16.00
2007.11.09 09:25:05.315,0.69675,0.69695,49.60,1.60
2007.11.09 09:25:05.563,0.69675,0.69695,49.60,1.60
2007.11.09 09:25:05.811,0.69675,0.69695,50.40,16.00
2007.11.09 09:25:06.059,0.69675,0.69695,50.40,16.00
2007.11.09 09:25:06.217,0.69675,0.69695,50.40,14.40
2007.11.09 09:25:06.375,0.69675,0.69695,50.40,14.40
2007.11.09 09:25:06.808,0.69675,0.69695,50.40,14.40
2007.11.09 09:25:07.136,0.69675,0.69695,50.40,14.40
2007.11.09 09:25:07.568,0.69675,0.69695,50.40,14.40
2007.11.09 09:25:08.069,0.69675,0.69695,50.40,14.40
2007.11.09 09:25:08.402,0.69675,0.69695,45.60,18.40
2007.11.09 09:25:08.737,0.69675,0.69695,49.60,20.00
2007.11.09 09:25:09.071,0.69675,0.69695,50.40,16.00
2007.11.09 09:25:10.644,0.69675,0.69695,49.60,16.00
2007.11.09 09:25:10.828,0.69675,0.69695,45.60,20.00
2007.11.09 09:25:11.011,0.69675,0.69695,41.60,20.00
2007.11.09 09:25:11.266,0.69675,0.69695,41.60,20.80
2007.11.09 09:25:11.535,0.69675,0.69695,41.60,21.60
2007.11.09 09:25:11.804,0.69675,0.69695,41.60,20.80
2007.11.09 09:25:12.073,0.69675,0.69695,45.60,24.00
2007.11.09 09:25:12.343,0.69675,0.69695,49.60,20.00
2007.11.09 09:25:12.651,0.69675,0.69695,49.60,20.00
2007.11.09 09:25:12.924,0.69675,0.69695,49.60,20.00
2007.11.09 09:25:13.198,0.69675,0.69695,49.60,20.00
2007.11.09 09:25:13.531,0.69675,0.69695,49.60,5.60
2007.11.09 09:25:13.864,0.69675,0.69695,49.60,17.60
2007.11.09 09:25:14.198,0.69675,0.69695,50.40,20.00
2007.11.09 09:25:14.387,0.69675,0.69695,50.40,20.00
2007.11.09 09:25:14.601,0.69675,0.69695,50.40,0.60
2007.11.09 09:25:14.652,0.69675,0.697,49.60,37.60
2007.11.09 09:25:14.853,0.69675,0.697,49.60,37.60
2007.11.09 09:25:15.055,0.69675,0.697,49.60,37.60
2007.11.09 09:25:15.247,0.69675,0.69695,49.60,0.70
2007.11.09 09:25:15.481,0.69675,0.697,49.60,23.20
2007.11.09 09:25:15.714,0.69675,0.69695,49.60,5.60
2007.11.09 09:25:16.385,0.69675,0.69695,49.60,5.60
2007.11.09 09:25:16.523,0.69675,0.69695,51.20,5.60
2007.11.09 09:25:16.779,0.69675,0.69695,52.00,5.60
2007.11.09 09:25:16.917,0.69675,0.69695,52.00,5.60
2007.11.09 09:25:17.325,0.69675,0.69695,52.00,5.60
2007.11.09 09:25:17.552,0.69675,0.69695,52.00,5.60
2007.11.09 09:25:17.760,0.69675,0.69695,52.00,5.60
2007.11.09 09:25:17.968,0.69675,0.69695,54.40,5.60
2007.11.09 09:25:18.176,0.6968,0.69695,5.60,5.60
2007.11.09 09:25:18.385,0.6968,0.69695,6.60,1.80
2007.11.09 09:25:18.719,0.69685,0.697,0.30,4.20
2007.11.09 09:25:19.058,0.69685,0.697,6.60,0.30
2007.11.09 09:25:19.384,0.69685,0.697,6.60,0.30
2007.11.09 09:25:19.523,0.69685,0.697,6.60,0.30
2007.11.09 09:25:19.674,0.69685,0.69695,6.60,0.30
2007.11.09 09:25:19.813,0.69685,0.69695,4.20,0.30
2007.11.09 09:25:20.015,0.69685,0.69695,4.20,0.30
2007.11.09 09:25:20.722,0.69685,0.697,4.20,1.00
2007.11.09 09:25:20.896,0.69685,0.697,5.00,0.30
2007.11.09 09:25:21.069,0.69685,0.697,9.00,0.30
2007.11.09 09:25:21.242,0.69695,0.69705,0.30,34.60
2007.11.09 09:25:21.415,0.69695,0.69705,0.30,24.20
2007.11.09 09:25:21.639,0.69695,0.69705,0.30,4.20
2007.11.09 09:25:22.332,0.69695,0.69705,0.30,4.20
2007.11.09 09:25:22.578,0.69695,0.69705,0.30,4.20
2007.11.09 09:25:22.775,0.69695,0.69705,0.30,4.20
2007.11.09 09:25:22.973,0.69695,0.69705,0.30,4.20
2007.11.09 09:25:23.171,0.69695,0.69705,0.30,4.20
2007.11.09 09:25:23.370,0.6969,0.69705,0.30,14.60
2007.11.09 09:25:23.703,0.6969,0.69705,0.30,14.60
2007.11.09 09:25:24.036,0.6969,0.69705,0.30,14.60
2007.11.09 09:25:24.370,0.697,0.6971,0.30,4.50
2007.11.09 09:25:24.702,0.697,0.69715,0.30,14.50
2007.11.09 09:25:24.954,0.697,0.69715,0.30,14.50
2007.11.09 09:25:25.132,0.697,0.69715,0.30,10.50
2007.11.09 09:25:25.257,0.697,0.6971,0.30,0.30
2007.11.09 09:25:25.381,0.697,0.6971,0.30,0.30
2007.11.09 09:25:25.689,0.697,0.6971,0.30,0.30
2007.11.09 09:25:26.003,0.69695,0.6971,0.30,0.30
2007.11.09 09:25:26.317,0.69695,0.69705,0.30,0.30
2007.11.09 09:25:26.630,0.69695,0.69705,0.30,0.30
2007.11.09 09:25:26.813,0.69695,0.69705,0.30,0.30
2007.11.09 09:25:26.995,0.69695,0.69705,0.30,0.30
2007.11.09 09:25:27.218,0.69695,0.69705,0.30,0.30
2007.11.09 09:25:27.401,0.69695,0.69705,4.20,0.30
2007.11.09 09:25:27.666,0.69695,0.6971,4.20,0.30
2007.11.09 09:25:27.926,0.69695,0.6971,0.30,0.30
2007.11.09 09:25:28.182,0.69695,0.6971,0.30,0.30
2007.11.09 09:25:28.441,0.69695,0.6971,0.30,0.30
2007.11.09 09:25:28.776,0.69695,0.6971,0.30,0.30
2007.11.09 09:25:29.118,0.69695,0.69705,0.30,0.30
2007.11.09 09:25:29.453,0.69695,0.69705,0.30,0.30
2007.11.09 09:25:29.749,0.69695,0.69705,0.30,0.30
2007.11.09 09:25:29.917,0.69695,0.69705,0.30,0.30
2007.11.09 09:25:30.150,0.69695,0.69705,0.30,0.30
2007.11.09 09:25:30.317,0.69695,0.69705,0.30,0.30
2007.11.09 09:25:30.487,0.69695,0.69705,0.30,0.30
2007.11.09 09:25:30.881,0.69695,0.69705,0.30,0.30
2007.11.09 09:25:31.153,0.69695,0.69705,0.30,0.30
2007.11.09 09:25:31.426,0.69695,0.69705,0.30,0.30
2007.11.09 09:25:31.699,0.69695,0.69705,0.30,0.30
2007.11.09 09:25:31.913,0.69695,0.69705,0.30,0.30
2007.11.09 09:25:32.122,0.69695,0.69705,0.30,0.30
2007.11.09 09:25:32.271,0.69695,0.69705,0.30,0.30
2007.11.09 09:25:32.428,0.69695,0.69705,0.30,0.30
2007.11.09 09:25:32.596,0.69695,0.69705,0.30,0.30
2007.11.09 09:25:32.870,0.6969,0.69705,0.30,0.30
2007.11.09 09:25:33.143,0.6969,0.69705,0.30,0.30
2007.11.09 09:25:33.416,0.6969,0.69705,0.30,0.30
2007.11.09 09:25:33.804,0.6969,0.69705,0.30,0.30
2007.11.09 09:25:33.883,0.6969,0.6971,0.30,17.10
2007.11.09 09:25:34.216,0.6969,0.6971,0.30,17.10
2007.11.09 09:25:34.670,0.6969,0.6971,0.30,17.10
2007.11.09 09:25:34.809,0.69695,0.69705,0.30,0.30
2007.11.09 09:25:34.947,0.69695,0.69705,0.30,0.30
2007.11.09 09:25:35.292,0.69695,0.69705,0.30,0.30
2007.11.09 09:25:35.431,0.69695,0.69705,0.30,0.30
2007.11.09 09:25:36.343,0.69695,0.69705,4.20,0.30
2007.11.09 09:25:36.598,0.69695,0.69705,8.20,0.30
2007.11.09 09:25:36.839,0.69695,0.69705,8.20,0.30
2007.11.09 09:25:37.295,0.69695,0.69705,8.20,0.30
2007.11.09 09:25:37.503,0.69695,0.69705,8.20,0.30
2007.11.09 09:25:37.836,0.69695,0.69705,8.20,0.30
2007.11.09 09:25:38.704,0.69695,0.69705,8.20,0.30
2007.11.09 09:25:39.038,0.69695,0.6971,9.00,0.30
2007.11.09 09:25:39.201,0.69695,0.6971,9.00,0.30
2007.11.09 09:25:39.365,0.69695,0.6971,11.40,0.30
2007.11.09 09:25:39.527,0.69695,0.6971,11.40,0.30
2007.11.09 09:25:39.691,0.69695,0.6971,11.40,0.30
2007.11.09 09:25:39.854,0.69695,0.69705,4.80,0.30
2007.11.09 09:25:40.118,0.69695,0.69705,0.80,0.30
2007.11.09 09:25:40.382,0.69695,0.69705,4.80,0.30
2007.11.09 09:25:40.645,0.69695,0.69705,4.80,0.30
2007.11.09 09:25:40.909,0.69695,0.69705,9.00,0.30
2007.11.09 09:25:41.055,0.69695,0.69705,9.00,0.30
2007.11.09 09:25:41.453,0.69695,0.69705,9.00,0.30
2007.11.09 09:25:41.586,0.69695,0.69705,9.00,0.30
2007.11.09 09:25:41.719,0.69695,0.69705,9.00,0.30
2007.11.09 09:25:41.851,0.69695,0.69705,9.00,0.30
2007.11.09 09:25:41.985,0.69695,0.69705,17.00,0.30
2007.11.09 09:25:42.123,0.69695,0.69705,17.00,0.30
2007.11.09 09:25:42.262,0.69695,0.69705,5.00,0.30
2007.11.09 09:25:42.418,0.69695,0.69705,5.00,0.30
2007.11.09 09:25:42.579,0.69695,0.69705,5.00,0.30
2007.11.09 09:25:42.725,0.69695,0.69705,5.00,0.30
2007.11.09 09:25:42.867,0.697,0.69715,0.30,24.20
2007.11.09 09:25:43.005,0.697,0.69715,0.30,1.80
2007.11.09 09:25:43.338,0.697,0.69715,0.30,0.30
2007.11.09 09:25:43.671,0.697,0.69715,0.30,0.30
2007.11.09 09:25:44.004,0.697,0.69715,0.30,0.30
2007.11.09 09:25:44.137,0.697,0.69715,0.30,0.30
2007.11.09 09:25:44.775,0.697,0.69715,0.30,0.30
2007.11.09 09:25:45.699,0.697,0.69715,0.30,0.30
2007.11.09 09:25:45.883,0.69705,0.6972,2.60,4.20
2007.11.09 09:25:46.066,0.69705,0.6972,2.60,4.20
2007.11.09 09:25:46.211,0.69705,0.6972,2.60,0.30
2007.11.09 09:25:46.354,0.697,0.6971,4.20,0.30
2007.11.09 09:25:46.498,0.697,0.6971,4.20,0.30
2007.11.09 09:25:46.640,0.697,0.6971,4.20,0.30
2007.11.09 09:25:46.783,0.697,0.6971,4.20,0.30
2007.11.09 09:25:46.926,0.697,0.6971,0.30,0.30
2007.11.09 09:25:47.070,0.697,0.6971,0.30,0.30
2007.11.09 09:25:47.287,0.697,0.6971,0.30,0.30
2007.11.09 09:25:47.674,0.697,0.6971,0.30,0.30
2007.11.09 09:25:47.893,0.697,0.6971,0.30,0.30
2007.11.09 09:25:48.329,0.697,0.6971,0.30,0.30
2007.11.09 09:25:48.664,0.697,0.6971,0.30,0.30
2007.11.09 09:25:48.998,0.697,0.6971,0.30,0.30
2007.11.09 09:25:49.332,0.697,0.6971,0.30,0.30
2007.11.09 09:25:49.514,0.697,0.6971,0.30,0.30
2007.11.09 09:25:49.698,0.697,0.6971,0.30,0.30
2007.11.09 09:25:50.100,0.697,0.6971,0.30,0.30
2007.11.09 09:25:50.282,0.697,0.69715,0.30,0.30
2007.11.09 09:25:50.525,0.697,0.69715,0.30,0.30
2007.11.09 09:25:50.768,0.697,0.69715,0.30,0.30
2007.11.09 09:25:51.011,0.697,0.69715,0.30,0.30
2007.11.09 09:25:51.254,0.697,0.69715,0.30,4.20
2007.11.09 09:25:51.467,0.6969,0.69705,4.20,0.30
2007.11.09 09:25:51.681,0.6969,0.69705,5.00,0.30
2007.11.09 09:25:51.895,0.697,0.6971,0.30,4.00
2007.11.09 09:25:52.110,0.697,0.6971,0.30,4.00
2007.11.09 09:25:52.323,0.697,0.6971,0.30,4.00
2007.11.09 09:25:52.501,0.697,0.69715,0.30,0.30
2007.11.09 09:25:52.679,0.697,0.69715,0.30,0.30
2007.11.09 09:25:53.109,0.697,0.69715,0.30,0.30
2007.11.09 09:25:53.803,0.697,0.69715,0.30,4.20
2007.11.09 09:25:54.136,0.697,0.69715,0.30,4.20
2007.11.09 09:25:54.469,0.697,0.69715,0.30,4.20
2007.11.09 09:25:54.895,0.697,0.69715,0.30,4.20
2007.11.09 09:25:55.096,0.697,0.69715,0.30,4.20
2007.11.09 09:25:55.300,0.697,0.69715,0.30,4.20
2007.11.09 09:25:55.848,0.697,0.69715,0.30,0.70
2007.11.09 09:25:55.996,0.697,0.69715,0.30,4.20
2007.11.09 09:25:56.259,0.697,0.69715,0.30,5.00
2007.11.09 09:25:56.522,0.697,0.69715,0.30,5.00
2007.11.09 09:25:56.671,0.697,0.69715,0.30,9.00
2007.11.09 09:25:56.818,0.697,0.69715,0.30,9.00
2007.11.09 09:25:56.966,0.697,0.69715,0.30,21.00
2007.11.09 09:25:57.115,0.697,0.69715,0.30,21.00
2007.11.09 09:25:57.736,0.697,0.69715,0.30,21.00
2007.11.09 09:25:57.925,0.697,0.69715,0.30,21.00
2007.11.09 09:25:58.114,0.697,0.69715,0.30,21.00
2007.11.09 09:25:58.301,0.697,0.69715,0.30,21.00
2007.11.09 09:26:00.046,0.697,0.69715,0.30,21.00
2007.11.09 09:26:00.355,0.697,0.69715,0.30,17.00
2007.11.09 09:26:00.577,0.697,0.69715,0.30,17.00
2007.11.09 09:26:00.895,0.697,0.69715,0.30,17.00
2007.11.09 09:26:01.166,0.697,0.69715,0.30,17.00
2007.11.09 09:26:01.423,0.697,0.6971,0.30,0.30
2007.11.09 09:26:01.923,0.697,0.6971,0.30,0.30
2007.11.09 09:26:02.554,0.697,0.6971,0.30,0.30
2007.11.09 09:26:02.757,0.697,0.6971,0.30,0.30
2007.11.09 09:26:02.899,0.697,0.6971,0.30,0.30
2007.11.09 09:26:03.068,0.697,0.6971,0.30,0.30
2007.11.09 09:26:03.212,0.697,0.6971,0.30,0.30
2007.11.09 09:26:03.355,0.697,0.6971,0.30,0.30
2007.11.09 09:26:03.498,0.697,0.6971,0.30,0.30
2007.11.09 09:26:03.894,0.697,0.6971,0.30,0.30
2007.11.09 09:26:04.605,0.697,0.6971,0.30,0.30
2007.11.09 09:26:04.938,0.697,0.6971,0.30,0.30
2007.11.09 09:26:05.140,0.697,0.6971,0.30,0.30
2007.11.09 09:26:05.862,0.697,0.6971,0.30,0.30
2007.11.09 09:26:06.170,0.697,0.6971,0.30,0.30
2007.11.09 09:26:06.395,0.697,0.6971,0.30,1.80
2007.11.09 09:26:06.619,0.697,0.6971,0.30,0.30
2007.11.09 09:26:06.852,0.697,0.6971,0.30,0.30
2007.11.09 09:26:06.960,0.697,0.6971,0.30,0.30
2007.11.09 09:26:07.094,0.697,0.6971,0.30,0.30
2007.11.09 09:26:07.213,0.697,0.6971,0.30,0.30
2007.11.09 09:26:07.331,0.697,0.6971,0.30,0.30
2007.11.09 09:26:07.623,0.697,0.6971,0.30,0.30
2007.11.09 09:26:07.825,0.697,0.6971,0.30,0.30
2007.11.09 09:26:08.503,0.697,0.6971,0.30,0.30
2007.11.09 09:26:08.844,0.697,0.6971,0.30,1.00
2007.11.09 09:26:09.177,0.69695,0.6971,2.60,0.30
2007.11.09 09:26:09.321,0.69695,0.6971,2.60,0.30
2007.11.09 09:26:09.464,0.69695,0.6971,2.60,0.30
2007.11.09 09:26:09.607,0.69695,0.6971,2.60,0.30
2007.11.09 09:26:09.798,0.69695,0.6971,2.60,0.30
2007.11.09 09:26:10.121,0.69695,0.6971,2.60,0.30
2007.11.09 09:26:10.731,0.69695,0.6971,0.30,0.30
2007.11.09 09:26:10.979,0.69695,0.6971,0.30,0.30
2007.11.09 09:26:11.220,0.69695,0.6971,0.30,0.30
2007.11.09 09:26:11.374,0.6969,0.697,0.30,0.30
2007.11.09 09:26:11.528,0.6969,0.697,0.30,0.30
2007.11.09 09:26:11.680,0.6969,0.697,0.30,0.30
2007.11.09 09:26:11.834,0.6969,0.697,0.30,0.30
2007.11.09 09:26:11.986,0.6969,0.697,0.30,0.30
2007.11.09 09:26:12.352,0.6969,0.697,0.30,0.30
2007.11.09 09:26:12.604,0.6969,0.697,0.30,0.30
2007.11.09 09:26:12.856,0.6969,0.697,0.30,0.30
2007.11.09 09:26:13.139,0.6969,0.697,0.30,0.30
2007.11.09 09:26:13.794,0.6969,0.697,0.30,0.30
2007.11.09 09:26:14.135,0.69695,0.6971,2.60,0.30
2007.11.09 09:26:14.299,0.69695,0.6971,0.30,1.00
2007.11.09 09:26:14.462,0.69695,0.6971,0.30,1.80
2007.11.09 09:26:14.742,0.69695,0.6971,0.30,1.80
2007.11.09 09:26:14.905,0.69695,0.6971,0.30,1.00
2007.11.09 09:26:15.068,0.69695,0.6971,0.30,0.30
2007.11.09 09:26:15.317,0.69695,0.6971,0.30,0.30
2007.11.09 09:26:15.565,0.69695,0.6971,0.30,0.30
2007.11.09 09:26:16.563,0.69695,0.6971,0.30,0.30
2007.11.09 09:26:16.877,0.69695,0.6971,0.30,1.00
2007.11.09 09:26:17.035,0.69695,0.6971,0.30,1.00
2007.11.09 09:26:17.194,0.69695,0.6971,0.30,1.80
2007.11.09 09:26:17.757,0.69695,0.6971,0.30,1.80
2007.11.09 09:26:18.022,0.69695,0.6971,2.60,4.20
2007.11.09 09:26:18.285,0.69695,0.6971,2.60,4.20
2007.11.09 09:26:18.619,0.69695,0.6971,2.60,4.20
2007.11.09 09:26:18.951,0.69695,0.6971,10.60,0.30
2007.11.09 09:26:19.291,0.697,0.6971,0.30,0.30
2007.11.09 09:26:19.495,0.697,0.6971,0.30,0.30
2007.11.09 09:26:19.707,0.697,0.6971,0.30,0.30
2007.11.09 09:26:19.900,0.69695,0.6971,30.60,0.30
2007.11.09 09:26:20.104,0.69695,0.6971,29.00,0.30
2007.11.09 09:26:20.307,0.69695,0.6971,10.60,0.30
2007.11.09 09:26:20.806,0.69695,0.6971,10.60,0.30
2007.11.09 09:26:21.094,0.697,0.6971,0.30,0.30
2007.11.09 09:26:21.382,0.697,0.6971,0.30,0.30
2007.11.09 09:26:21.615,0.697,0.6971,0.30,0.30
2007.11.09 09:26:21.923,0.697,0.6971,0.30,0.30
2007.11.09 09:26:22.156,0.697,0.6971,0.30,0.30
2007.11.09 09:26:22.715,0.697,0.6971,0.30,0.30
2007.11.09 09:26:23.513,0.697,0.6971,0.30,0.30
2007.11.09 09:26:24.518,0.697,0.6971,0.30,0.30
2007.11.09 09:26:25.388,0.697,0.6971,0.30,0.30
2007.11.09 09:26:25.632,0.697,0.6971,0.30,0.30
2007.11.09 09:26:26.632,0.697,0.6971,0.30,0.30
2007.11.09 09:26:27.720,0.697,0.6971,0.30,0.30
2007.11.09 09:26:28.602,0.697,0.6971,0.30,0.30
2007.11.09 09:26:30.267,0.697,0.6971,0.30,0.30
2007.11.09 09:26:30.376,0.697,0.69715,0.30,24.20
2007.11.09 09:26:30.479,0.697,0.69715,0.30,24.20
2007.11.09 09:26:30.677,0.697,0.69715,0.30,14.60
2007.11.09 09:26:30.876,0.697,0.6971,0.30,0.30
2007.11.09 09:26:31.073,0.697,0.6971,0.30,0.30
2007.11.09 09:26:31.278,0.697,0.6971,0.30,0.30
2007.11.09 09:26:31.476,0.697,0.6971,0.30,0.30
2007.11.09 09:26:32.113,0.697,0.6971,0.30,0.30
2007.11.09 09:26:32.744,0.697,0.6971,0.30,0.30
2007.11.09 09:26:34.393,0.697,0.6971,0.30,0.30
2007.11.09 09:26:35.120,0.697,0.6971,0.30,0.30
2007.11.09 09:26:37.633,0.697,0.6971,0.30,0.30
2007.11.09 09:26:38.893,0.697,0.6971,0.30,0.30
2007.11.09 09:26:39.303,0.697,0.6971,0.30,0.30
2007.11.09 09:26:39.636,0.697,0.6971,0.30,0.30
2007.11.09 09:26:42.082,0.697,0.6971,0.30,0.30
2007.11.09 09:26:42.745,0.697,0.6971,0.30,0.30
2007.11.09 09:26:43.198,0.697,0.6971,0.30,0.30
2007.11.09 09:26:44.148,0.697,0.6971,0.30,0.30
2007.11.09 09:26:44.488,0.697,0.6971,0.30,0.30
2007.11.09 09:26:45.087,0.697,0.6971,0.30,0.30
2007.11.09 09:26:45.606,0.697,0.6971,0.30,0.30
2007.11.09 09:26:46.636,0.697,0.6971,0.30,0.30
2007.11.09 09:26:47.196,0.697,0.6971,0.30,0.30
2007.11.09 09:26:47.360,0.697,0.6971,0.30,0.30
2007.11.09 09:26:47.565,0.697,0.6971,0.30,0.30
2007.11.09 09:26:47.704,0.697,0.6971,0.30,0.30
2007.11.09 09:26:48.008,0.697,0.6971,0.30,0.30
2007.11.09 09:26:48.671,0.697,0.6971,0.30,0.30
2007.11.09 09:26:49.004,0.697,0.6971,0.30,0.30
2007.11.09 09:26:51.431,0.697,0.6971,0.30,0.30
2007.11.09 09:26:51.585,0.697,0.6971,0.30,0.30
2007.11.09 09:26:51.739,0.697,0.6971,0.30,0.30
2007.11.09 09:26:52.157,0.697,0.6971,0.30,0.30
2007.11.09 09:26:52.690,0.697,0.6971,0.30,0.30
2007.11.09 09:26:52.859,0.697,0.6971,0.30,0.30
2007.11.09 09:26:53.028,0.697,0.6971,0.30,0.30
2007.11.09 09:26:53.361,0.697,0.6971,0.30,0.30
2007.11.09 09:26:53.748,0.697,0.69715,0.30,53.00
2007.11.09 09:26:53.815,0.697,0.6971,0.30,0.30
2007.11.09 09:26:54.159,0.69695,0.6971,18.60,0.30
2007.11.09 09:26:54.308,0.69695,0.6971,0.30,4.30
2007.11.09 09:26:54.455,0.69695,0.69705,0.30,0.80
2007.11.09 09:26:54.604,0.69695,0.6971,0.30,21.80
2007.11.09 09:26:54.845,0.69695,0.6971,0.30,21.80
2007.11.09 09:26:54.994,0.69695,0.69705,0.30,0.90
2007.11.09 09:26:55.143,0.69695,0.6971,0.30,20.20
2007.11.09 09:26:55.540,0.69695,0.6971,0.30,0.80
2007.11.09 09:26:55.839,0.69695,0.69715,0.30,89.70
2007.11.09 09:26:56.140,0.697,0.69715,0.30,48.20
2007.11.09 09:26:56.293,0.697,0.69715,0.30,32.20
2007.11.09 09:26:56.447,0.69695,0.69715,22.60,27.40
2007.11.09 09:26:56.609,0.69695,0.69715,18.60,45.00
2007.11.09 09:26:56.756,0.69695,0.69715,4.20,71.40
2007.11.09 09:26:56.909,0.69695,0.6971,0.30,0.90
2007.11.09 09:26:57.063,0.69695,0.6971,0.30,16.20
2007.11.09 09:26:57.372,0.69695,0.6971,0.30,16.20
2007.11.09 09:26:57.601,0.69695,0.6971,0.30,16.20
2007.11.09 09:26:58.086,0.69695,0.6971,0.30,16.20
2007.11.09 09:26:58.329,0.69695,0.69705,0.30,0.60
2007.11.09 09:26:58.662,0.6969,0.6971,0.30,24.20
2007.11.09 09:26:58.996,0.6969,0.69705,0.30,8.30
2007.11.09 09:26:59.330,0.6969,0.69705,0.30,8.30
2007.11.09 09:26:59.463,0.6969,0.69705,0.30,8.30
2007.11.09 09:27:00.178,0.6969,0.69705,0.30,8.30
2007.11.09 09:27:00.312,0.6969,0.697,0.30,0.30
2007.11.09 09:27:00.540,0.6969,0.697,0.30,0.30
2007.11.09 09:27:00.769,0.6969,0.69705,0.30,8.30
2007.11.09 09:27:01.100,0.6969,0.69705,0.30,8.30
2007.11.09 09:27:01.328,0.6969,0.697,0.30,0.30
2007.11.09 09:27:01.536,0.69695,0.69705,0.30,0.50
2007.11.09 09:27:01.746,0.69695,0.6971,0.30,17.10
2007.11.09 09:27:01.953,0.69695,0.69705,0.30,0.30
2007.11.09 09:27:02.161,0.69695,0.69705,0.30,0.30
2007.11.09 09:27:02.369,0.69695,0.6971,0.30,17.10
2007.11.09 09:27:02.563,0.6969,0.69705,0.30,4.30
2007.11.09 09:27:02.852,0.6969,0.697,0.30,0.30
2007.11.09 09:27:03.046,0.6969,0.69705,0.30,0.90
2007.11.09 09:27:03.239,0.6969,0.6971,0.30,21.00
2007.11.09 09:27:03.452,0.6969,0.6971,0.30,21.00
2007.11.09 09:27:03.786,0.6969,0.6971,0.30,17.10
2007.11.09 09:27:04.119,0.6969,0.69705,0.30,0.30
2007.11.09 09:27:04.453,0.6969,0.69705,0.30,0.30
2007.11.09 09:27:04.611,0.6969,0.69705,0.30,0.50
2007.11.09 09:27:04.770,0.6969,0.69705,0.30,0.50
2007.11.09 09:27:04.927,0.6969,0.6971,0.30,20.20
2007.11.09 09:27:05.151,0.6969,0.6971,0.30,20.20
2007.11.09 09:27:05.310,0.6969,0.69705,0.30,0.70
2007.11.09 09:27:05.468,0.6969,0.6971,0.30,25.80
2007.11.09 09:27:05.796,0.6969,0.6971,0.30,25.80
2007.11.09 09:27:06.124,0.6969,0.69705,0.30,0.80
2007.11.09 09:27:06.452,0.6969,0.6971,0.30,25.80
2007.11.09 09:27:07.624,0.6969,0.69705,0.30,0.70
2007.11.09 09:27:08.023,0.6969,0.69705,0.30,0.60
2007.11.09 09:27:08.191,0.6969,0.69705,0.30,0.80
2007.11.09 09:27:08.412,0.6969,0.697,0.30,0.30
2007.11.09 09:27:08.582,0.6969,0.69705,0.30,30.70
2007.11.09 09:27:08.916,0.6969,0.697,0.30,0.30
2007.11.09 09:27:09.249,0.6969,0.69705,0.30,32.30
2007.11.09 09:27:09.588,0.6969,0.697,0.30,0.30
2007.11.09 09:27:09.899,0.6969,0.697,0.30,0.30
2007.11.09 09:27:11.132,0.6969,0.69705,0.30,36.30
2007.11.09 09:27:12.397,0.6969,0.697,0.30,0.30
2007.11.09 09:27:12.571,0.69685,0.69705,27.40,36.30
2007.11.09 09:27:12.740,0.69685,0.69705,9.00,54.70
2007.11.09 09:27:13.141,0.69685,0.69705,9.00,54.70
2007.11.09 09:27:13.482,0.69685,0.69705,9.00,42.70
2007.11.09 09:27:13.650,0.69685,0.69705,9.00,42.70
2007.11.09 09:27:14.194,0.69685,0.697,9.00,0.30
2007.11.09 09:27:14.528,0.69685,0.697,9.00,0.30
2007.11.09 09:27:14.861,0.69685,0.69705,9.00,54.70
2007.11.09 09:27:15.561,0.69685,0.697,9.00,0.30
2007.11.09 09:27:16.070,0.69685,0.69705,9.00,58.60
2007.11.09 09:27:16.371,0.69685,0.69695,9.00,0.30
2007.11.09 09:27:16.614,0.69685,0.69695,9.00,0.30
2007.11.09 09:27:17.728,0.69685,0.697,9.00,4.30
2007.11.09 09:27:18.901,0.69685,0.697,9.80,4.30
2007.11.09 09:27:19.234,0.6969,0.69705,0.30,36.30
2007.11.09 09:27:19.567,0.6969,0.697,0.30,0.30
2007.11.09 09:27:20.079,0.6969,0.69705,0.30,36.30
2007.11.09 09:27:21.636,0.6969,0.697,0.30,0.30
2007.11.09 09:27:22.745,0.6969,0.697,0.30,0.30
2007.11.09 09:27:23.168,0.6969,0.697,0.30,0.30
2007.11.09 09:27:23.503,0.6969,0.697,0.30,0.30
2007.11.09 09:27:24.736,0.6969,0.697,0.30,0.30
2007.11.09 09:27:25.068,0.6969,0.697,0.30,0.30
2007.11.09 09:27:26.474,0.6969,0.697,0.30,0.30
2007.11.09 09:27:26.709,0.69685,0.697,33.00,8.20
2007.11.09 09:27:26.943,0.69685,0.697,14.60,8.20
2007.11.09 09:27:27.740,0.69685,0.697,14.60,8.20
2007.11.09 09:27:29.107,0.69685,0.697,14.60,8.20
2007.11.09 09:27:29.317,0.69685,0.697,14.60,8.20
2007.11.09 09:27:30.015,0.69685,0.697,14.60,8.20
2007.11.09 09:27:30.214,0.69685,0.697,14.60,8.20
2007.11.09 09:27:30.418,0.69685,0.697,0.30,8.20
2007.11.09 09:27:30.610,0.69685,0.697,0.30,16.20
2007.11.09 09:27:30.894,0.69685,0.697,0.30,16.20
2007.11.09 09:27:31.182,0.69685,0.697,0.30,16.20
2007.11.09 09:27:31.471,0.69685,0.69695,2.40,0.30
2007.11.09 09:27:31.759,0.6968,0.69695,0.30,0.30
2007.11.09 09:27:32.048,0.6968,0.69695,0.30,0.30
2007.11.09 09:27:32.271,0.6968,0.69695,0.30,8.20
2007.11.09 09:27:32.652,0.6968,0.69695,0.30,0.30
2007.11.09 09:27:32.875,0.6968,0.69695,0.30,0.30
2007.11.09 09:27:33.301,0.6968,0.69695,0.30,0.30
2007.11.09 09:27:33.642,0.6968,0.69695,0.30,0.30
2007.11.09 09:27:34.345,0.6968,0.69695,0.30,0.30
2007.11.09 09:27:35.692,0.6968,0.69695,0.30,0.30
2007.11.09 09:27:35.888,0.6968,0.69695,0.30,0.30
2007.11.09 09:27:36.069,0.6968,0.6969,0.30,0.30
2007.11.09 09:27:36.258,0.6968,0.6969,0.30,0.30
2007.11.09 09:27:36.506,0.6968,0.6969,0.30,0.30
2007.11.09 09:27:37.117,0.6968,0.6969,0.30,0.30
2007.11.09 09:27:37.365,0.6968,0.6969,0.30,0.30
2007.11.09 09:27:37.573,0.6968,0.6969,0.30,0.30
2007.11.09 09:27:38.063,0.6968,0.6969,0.30,0.30
2007.11.09 09:27:38.577,0.6968,0.6969,0.30,0.30
2007.11.09 09:27:39.006,0.6968,0.6969,0.30,0.30
2007.11.09 09:27:39.809,0.6968,0.6969,0.30,0.30
2007.11.09 09:27:40.039,0.6968,0.6969,0.30,0.30
2007.11.09 09:27:40.183,0.6968,0.6969,0.30,0.30
2007.11.09 09:27:40.326,0.6968,0.6969,0.30,0.30
2007.11.09 09:27:40.470,0.6968,0.6969,0.30,0.30
2007.11.09 09:27:41.376,0.6968,0.6969,0.30,0.30
2007.11.09 09:27:41.580,0.6968,0.6969,0.30,0.30
2007.11.09 09:27:41.783,0.6968,0.6969,0.30,0.30
2007.11.09 09:27:41.986,0.6968,0.6969,0.30,0.30
2007.11.09 09:27:42.190,0.6968,0.6969,0.30,0.30
2007.11.09 09:27:42.511,0.6968,0.6969,0.30,0.30
2007.11.09 09:27:42.777,0.6968,0.6969,0.30,0.30
2007.11.09 09:27:43.006,0.6968,0.6969,0.30,0.30
2007.11.09 09:27:43.235,0.6968,0.6969,0.30,0.30
2007.11.09 09:27:44.519,0.6968,0.6969,0.30,0.30
2007.11.09 09:27:44.687,0.6968,0.6969,0.30,0.30
2007.11.09 09:27:44.991,0.6968,0.6969,0.30,0.30
2007.11.09 09:27:45.158,0.6968,0.6969,0.30,0.30
2007.11.09 09:27:45.349,0.69675,0.6969,37.90,0.30
2007.11.09 09:27:45.829,0.69675,0.6969,37.90,0.30
2007.11.09 09:27:46.293,0.69675,0.6969,37.90,0.30
2007.11.09 09:27:46.551,0.6968,0.6969,0.30,0.30
2007.11.09 09:27:46.713,0.69675,0.6969,37.90,0.30
2007.11.09 09:27:47.337,0.69675,0.6969,33.90,0.30
2007.11.09 09:27:47.501,0.69675,0.6969,33.90,0.30
2007.11.09 09:27:47.723,0.69675,0.6969,33.90,0.30
2007.11.09 09:27:48.323,0.69675,0.6969,33.90,0.30
2007.11.09 09:27:49.353,0.69675,0.6969,33.90,0.30
2007.11.09 09:27:50.888,0.69675,0.6969,33.90,0.30
2007.11.09 09:27:51.303,0.6968,0.6969,0.30,0.30
2007.11.09 09:27:52.353,0.6968,0.6969,0.30,0.30
2007.11.09 09:27:52.724,0.69675,0.6969,33.90,0.30
2007.11.09 09:27:53.025,0.6968,0.6969,0.30,0.30
2007.11.09 09:27:53.358,0.69675,0.6969,34.70,0.30
2007.11.09 09:27:53.998,0.6968,0.6969,0.30,0.30
2007.11.09 09:27:54.217,0.69675,0.69695,44.30,14.60
2007.11.09 09:27:54.436,0.69675,0.69695,44.30,18.60
2007.11.09 09:27:54.654,0.69675,0.69695,44.30,18.60
2007.11.09 09:27:55.274,0.69675,0.69695,44.30,18.60
2007.11.09 09:27:56.614,0.69675,0.69695,44.30,18.60
2007.11.09 09:27:56.836,0.69675,0.69695,44.30,18.60
2007.11.09 09:27:57.059,0.69675,0.6969,41.90,0.30
2007.11.09 09:27:57.334,0.6968,0.6969,0.30,0.30
2007.11.09 09:27:57.477,0.6968,0.6969,0.30,0.30
2007.11.09 09:27:57.732,0.69675,0.6969,37.90,0.30
2007.11.09 09:27:57.880,0.69675,0.6969,37.90,0.30
2007.11.09 09:27:58.072,0.69675,0.6969,37.90,0.30
2007.11.09 09:27:58.591,0.69675,0.6969,37.90,0.30
2007.11.09 09:27:59.092,0.69675,0.6969,37.90,0.30
2007.11.09 09:27:59.485,0.69675,0.6969,38.70,0.30
2007.11.09 09:27:59.628,0.6968,0.6969,0.30,0.30
2007.11.09 09:28:00.300,0.69675,0.6969,38.70,0.30
2007.11.09 09:28:00.472,0.6968,0.6969,0.30,0.30
2007.11.09 09:28:00.649,0.6968,0.6969,0.30,0.30
2007.11.09 09:28:02.749,0.69675,0.6969,38.70,0.30
2007.11.09 09:28:03.525,0.69675,0.6969,40.30,0.30
2007.11.09 09:28:03.858,0.69675,0.69695,44.30,14.60
2007.11.09 09:28:04.191,0.69675,0.69695,44.30,18.60
2007.11.09 09:28:04.611,0.6968,0.69695,0.30,18.60
2007.11.09 09:28:05.140,0.69675,0.69695,44.30,18.60
2007.11.09 09:28:05.558,0.69675,0.69695,44.30,14.60
2007.11.09 09:28:05.975,0.6968,0.69695,0.30,14.60
2007.11.09 09:28:06.182,0.69675,0.69695,47.50,22.60
2007.11.09 09:28:06.482,0.6968,0.69695,0.30,22.60
2007.11.09 09:28:06.715,0.6968,0.69695,0.30,14.60
2007.11.09 09:28:07.744,0.6968,0.69695,0.30,14.60
2007.11.09 09:28:08.135,0.6968,0.69695,0.30,10.60
2007.11.09 09:28:09.075,0.69675,0.69695,49.10,10.60
2007.11.09 09:28:09.407,0.69675,0.69695,50.70,10.60
2007.11.09 09:28:09.663,0.6968,0.69695,0.30,10.60
2007.11.09 09:28:10.117,0.69675,0.69695,51.50,10.60
2007.11.09 09:28:11.044,0.69675,0.69695,51.50,10.60
2007.11.09 09:28:12.255,0.69675,0.69695,49.10,10.60
2007.11.09 09:28:12.429,0.6968,0.69695,0.30,10.60
2007.11.09 09:28:12.668,0.6968,0.69695,0.30,10.60
2007.11.09 09:28:12.901,0.6968,0.69695,0.30,22.60
2007.11.09 09:28:13.181,0.6968,0.69695,0.30,18.60
2007.11.09 09:28:13.415,0.6968,0.69695,0.30,10.60
2007.11.09 09:28:13.998,0.6968,0.69695,0.30,10.60
2007.11.09 09:28:14.332,0.6968,0.69695,0.30,18.60
2007.11.09 09:28:14.672,0.6968,0.69695,0.30,18.60
2007.11.09 09:28:14.845,0.6968,0.69695,0.30,18.60
2007.11.09 09:28:15.017,0.6968,0.69695,0.30,18.60
2007.11.09 09:28:15.191,0.6968,0.69695,0.30,18.60
2007.11.09 09:28:15.365,0.6968,0.69695,0.30,10.60
2007.11.09 09:28:15.539,0.6968,0.69695,0.30,10.60
2007.11.09 09:28:15.874,0.6968,0.69695,0.30,10.60
2007.11.09 09:28:16.215,0.6968,0.69695,0.30,10.60
2007.11.09 09:28:16.551,0.6968,0.69695,0.30,18.60
2007.11.09 09:28:16.765,0.6968,0.69695,0.30,18.60
2007.11.09 09:28:16.978,0.6968,0.69695,0.30,18.60
2007.11.09 09:28:17.191,0.6968,0.69695,0.30,18.60
2007.11.09 09:28:17.404,0.6968,0.69695,0.30,18.60
2007.11.09 09:28:17.743,0.6968,0.69695,0.30,18.60
2007.11.09 09:28:17.980,0.6968,0.69695,0.30,18.60
2007.11.09 09:28:18.218,0.6968,0.69695,0.30,8.20
2007.11.09 09:28:18.457,0.6968,0.69695,0.30,8.20
2007.11.09 09:28:18.695,0.6968,0.69695,0.30,8.20
2007.11.09 09:28:19.028,0.6968,0.69695,0.30,8.20
2007.11.09 09:28:19.362,0.6968,0.69695,4.20,4.20
2007.11.09 09:28:19.696,0.69685,0.69695,2.60,4.00
2007.11.09 09:28:19.884,0.69685,0.697,6.60,1.00
2007.11.09 09:28:20.072,0.69685,0.697,6.60,0.30
2007.11.09 09:28:20.400,0.69685,0.697,6.60,0.30
2007.11.09 09:28:20.825,0.69685,0.697,6.60,0.30
2007.11.09 09:28:21.102,0.69685,0.697,15.40,0.30
2007.11.09 09:28:21.380,0.69695,0.69705,0.30,13.00
2007.11.09 09:28:21.657,0.6969,0.69705,0.30,13.00
2007.11.09 09:28:22.033,0.6969,0.69705,0.30,13.00
2007.11.09 09:28:22.244,0.6969,0.69705,0.30,13.00
2007.11.09 09:28:22.569,0.6969,0.69705,0.30,13.00
2007.11.09 09:28:22.778,0.69695,0.69705,0.30,13.00
2007.11.09 09:28:22.996,0.69695,0.69705,0.30,13.00
2007.11.09 09:28:23.327,0.69695,0.69705,0.30,13.00
2007.11.09 09:28:23.604,0.69695,0.69705,0.30,9.00
2007.11.09 09:28:23.822,0.69695,0.69705,0.30,8.20
2007.11.09 09:28:24.155,0.69695,0.69705,0.30,4.00
2007.11.09 09:28:24.489,0.69695,0.6971,0.30,4.20
2007.11.09 09:28:24.694,0.69695,0.6971,0.30,4.20
2007.11.09 09:28:24.823,0.69695,0.6971,18.40,4.00
2007.11.09 09:28:25.016,0.69695,0.6971,18.40,4.00
2007.11.09 09:28:25.209,0.69695,0.6971,18.60,4.20
2007.11.09 09:28:25.402,0.69695,0.6971,0.30,4.20
2007.11.09 09:28:25.987,0.69695,0.6971,0.30,4.20
2007.11.09 09:28:26.291,0.69695,0.6971,0.30,4.20
2007.11.09 09:28:26.594,0.69695,0.6971,0.30,4.20
2007.11.09 09:28:26.900,0.69695,0.6971,0.30,4.20
2007.11.09 09:28:27.551,0.6969,0.6971,4.20,4.00
2007.11.09 09:28:27.752,0.6969,0.6971,4.20,4.00
2007.11.09 09:28:27.991,0.69695,0.69715,18.40,4.80
2007.11.09 09:28:28.230,0.69695,0.69715,18.40,4.80
2007.11.09 09:28:28.469,0.69695,0.69715,18.40,4.80
2007.11.09 09:28:28.706,0.69695,0.6971,18.60,0.30
2007.11.09 09:28:28.945,0.69695,0.6971,0.30,0.30
2007.11.09 09:28:29.277,0.69695,0.6971,4.20,4.20
2007.11.09 09:28:29.610,0.6969,0.6971,0.30,4.00
2007.11.09 09:28:29.945,0.69695,0.6971,18.40,4.00
2007.11.09 09:28:30.118,0.69695,0.6971,18.40,4.00
2007.11.09 09:28:30.292,0.69695,0.6971,18.60,4.20
2007.11.09 09:28:30.465,0.69695,0.6971,0.30,0.30
2007.11.09 09:28:30.638,0.69695,0.6971,0.30,4.20
2007.11.09 09:28:30.835,0.69695,0.6971,0.30,4.20
2007.11.09 09:28:31.167,0.69695,0.6971,0.30,4.20
2007.11.09 09:28:31.501,0.69695,0.6971,0.30,4.20
2007.11.09 09:28:31.834,0.69695,0.6971,0.30,4.20
2007.11.09 09:28:32.032,0.69695,0.6971,0.30,4.20
2007.11.09 09:28:32.231,0.69695,0.6971,0.30,4.20
2007.11.09 09:28:32.429,0.69695,0.6971,0.30,4.20
2007.11.09 09:28:32.626,0.69695,0.6971,0.30,4.20
2007.11.09 09:28:32.824,0.69695,0.69705,0.30,0.30
2007.11.09 09:28:33.157,0.69695,0.69705,0.30,4.20
2007.11.09 09:28:33.491,0.69695,0.69705,0.30,4.00
2007.11.09 09:28:33.825,0.69695,0.69705,0.30,0.30
2007.11.09 09:28:34.034,0.69695,0.69705,0.30,0.30
2007.11.09 09:28:34.373,0.69695,0.69705,0.30,0.30
2007.11.09 09:28:34.581,0.69695,0.69705,0.30,0.30
2007.11.09 09:28:34.789,0.69695,0.69705,0.30,0.30
2007.11.09 09:28:34.998,0.69695,0.69705,0.30,0.30
2007.11.09 09:28:35.246,0.6969,0.697,0.30,0.30
2007.11.09 09:28:35.494,0.6969,0.697,0.30,0.30
2007.11.09 09:28:35.744,0.6969,0.697,0.30,0.30
2007.11.09 09:28:35.993,0.6969,0.697,0.30,0.30
2007.11.09 09:28:36.246,0.6969,0.697,0.30,0.30
2007.11.09 09:28:36.499,0.6969,0.697,0.30,0.30
2007.11.09 09:28:36.752,0.6969,0.697,0.30,0.30
2007.11.09 09:28:37.005,0.6969,0.697,0.30,0.30
2007.11.09 09:28:37.274,0.6969,0.697,0.30,0.30
2007.11.09 09:28:37.543,0.6969,0.697,0.30,0.30
2007.11.09 09:28:38.570,0.6969,0.697,0.30,0.30
2007.11.09 09:28:38.913,0.6969,0.697,0.30,0.30
2007.11.09 09:28:39.121,0.6969,0.697,0.30,0.30
2007.11.09 09:28:39.326,0.6969,0.697,0.30,0.30
2007.11.09 09:28:39.619,0.6969,0.697,0.30,0.30
2007.11.09 09:28:39.825,0.6969,0.697,0.30,0.30
2007.11.09 09:28:40.027,0.6969,0.697,0.30,0.30
2007.11.09 09:28:40.349,0.6969,0.697,0.30,0.30
2007.11.09 09:28:40.720,0.6969,0.697,0.30,0.30
2007.11.09 09:28:41.018,0.6969,0.697,0.30,0.30
2007.11.09 09:28:41.252,0.6969,0.697,0.30,0.30
2007.11.09 09:28:41.486,0.6969,0.697,0.30,0.30
2007.11.09 09:28:41.719,0.6969,0.697,0.30,0.30
2007.11.09 09:28:41.730,0.69685,0.697,31.50,0.30
2007.11.09 09:28:41.953,0.6969,0.697,0.30,0.30
2007.11.09 09:28:42.185,0.6969,0.697,0.30,0.30
2007.11.09 09:28:42.544,0.6969,0.697,0.30,0.30
2007.11.09 09:28:42.867,0.6969,0.697,0.30,0.30
2007.11.09 09:28:43.387,0.6969,0.697,0.30,0.30
2007.11.09 09:28:43.720,0.6969,0.697,0.30,0.30
2007.11.09 09:28:44.118,0.69685,0.697,31.50,0.30
2007.11.09 09:28:44.269,0.6969,0.697,0.30,0.30
2007.11.09 09:28:44.423,0.69685,0.697,30.70,0.30
2007.11.09 09:28:44.585,0.69685,0.697,30.70,0.30
2007.11.09 09:28:45.226,0.69685,0.697,31.50,0.30
2007.11.09 09:28:45.459,0.69685,0.697,31.50,0.30
2007.11.09 09:28:45.694,0.69685,0.697,31.50,0.30
2007.11.09 09:28:45.927,0.69685,0.697,32.30,0.30
2007.11.09 09:28:46.161,0.69685,0.697,31.50,0.30
2007.11.09 09:28:46.375,0.6969,0.697,0.30,0.30
2007.11.09 09:28:46.727,0.6969,0.697,0.30,0.30
2007.11.09 09:28:47.088,0.6969,0.697,0.30,0.30
2007.11.09 09:28:47.721,0.69685,0.697,31.50,0.30
2007.11.09 09:28:48.333,0.6969,0.697,0.30,0.30
2007.11.09 09:28:48.713,0.6969,0.697,0.30,0.30
2007.11.09 09:28:49.046,0.6969,0.697,0.30,0.30
2007.11.09 09:28:49.569,0.69685,0.697,31.50,0.30
2007.11.09 09:28:49.880,0.69685,0.697,31.50,0.30
2007.11.09 09:28:50.100,0.69685,0.697,31.50,0.30
2007.11.09 09:28:50.243,0.69685,0.697,31.50,0.30
2007.11.09 09:28:50.387,0.6969,0.697,0.30,0.30
2007.11.09 09:28:50.662,0.6969,0.697,0.30,0.30
2007.11.09 09:28:50.942,0.6969,0.697,0.30,0.30
2007.11.09 09:28:51.219,0.6969,0.697,0.30,0.30
2007.11.09 09:28:51.501,0.69685,0.697,31.50,0.30
2007.11.09 09:28:51.697,0.69685,0.697,31.50,0.30
2007.11.09 09:28:52.159,0.69685,0.697,31.50,0.30
2007.11.09 09:28:52.586,0.69685,0.697,31.50,0.30
2007.11.09 09:28:52.918,0.69685,0.697,31.50,0.30
2007.11.09 09:28:53.088,0.69685,0.697,31.50,0.30
2007.11.09 09:28:53.252,0.69685,0.697,31.50,0.30
2007.11.09 09:28:53.415,0.69685,0.697,31.50,0.30
2007.11.09 09:28:53.748,0.69685,0.697,31.50,0.30
2007.11.09 09:28:54.082,0.69685,0.697,31.50,0.30
2007.11.09 09:28:54.422,0.69685,0.697,30.70,0.30
2007.11.09 09:28:54.657,0.69685,0.697,30.70,0.30
2007.11.09 09:28:54.865,0.69685,0.697,30.70,0.30
2007.11.09 09:28:55.080,0.69685,0.697,30.70,0.30
2007.11.09 09:28:55.281,0.6968,0.697,37.00,0.30
2007.11.09 09:28:55.491,0.69685,0.697,2.60,0.30
2007.11.09 09:28:55.824,0.69685,0.697,6.50,0.30
2007.11.09 09:28:56.159,0.69685,0.697,6.00,0.30
2007.11.09 09:28:56.492,0.69685,0.697,0.90,0.30
2007.11.09 09:28:56.735,0.69685,0.697,4.30,0.30
2007.11.09 09:28:56.978,0.6968,0.697,19.40,0.30
2007.11.09 09:28:57.316,0.6968,0.697,19.40,0.30
2007.11.09 09:28:57.558,0.6968,0.697,19.40,0.30
2007.11.09 09:28:57.832,0.6968,0.697,5.10,1.80
2007.11.09 09:28:58.105,0.69685,0.697,0.30,6.50
2007.11.09 09:28:58.380,0.6968,0.6969,0.30,0.30
2007.11.09 09:28:58.714,0.69675,0.69695,24.30,8.20
2007.11.09 09:28:59.073,0.6968,0.69695,0.30,4.20
2007.11.09 09:28:59.414,0.69675,0.69695,28.30,4.20
2007.11.09 09:28:59.865,0.69675,0.69695,28.30,4.20
2007.11.09 09:29:00.057,0.69675,0.69695,28.30,4.20
2007.11.09 09:29:00.252,0.69675,0.69695,36.30,0.30
2007.11.09 09:29:00.541,0.69675,0.69695,36.30,0.30
2007.11.09 09:29:00.764,0.69675,0.69695,36.30,0.30
2007.11.09 09:29:00.987,0.69675,0.69695,36.30,0.30
2007.11.09 09:29:01.592,0.69675,0.69695,37.90,0.30
2007.11.09 09:29:01.822,0.6968,0.69695,0.30,0.30
2007.11.09 09:29:02.051,0.6968,0.69695,0.30,0.30
2007.11.09 09:29:02.280,0.6968,0.69695,0.30,0.30
2007.11.09 09:29:02.506,0.69675,0.69695,48.30,0.30
2007.11.09 09:29:02.949,0.69675,0.69695,48.30,0.30
2007.11.09 09:29:03.217,0.6968,0.69695,0.30,0.30
2007.11.09 09:29:03.485,0.69675,0.69695,44.30,0.30
2007.11.09 09:29:03.757,0.69675,0.69695,44.30,0.30
2007.11.09 09:29:04.090,0.6968,0.69695,0.30,0.30
2007.11.09 09:29:04.429,0.6968,0.69695,0.30,4.20
2007.11.09 09:29:04.829,0.69675,0.69695,32.30,4.20
2007.11.09 09:29:04.974,0.69675,0.69695,32.30,4.20
2007.11.09 09:29:05.238,0.6968,0.69695,0.30,0.30
2007.11.09 09:29:06.766,0.6968,0.69695,0.30,0.30
2007.11.09 09:29:07.086,0.69675,0.69695,36.30,0.30
2007.11.09 09:29:07.259,0.69675,0.69695,36.30,0.30
2007.11.09 09:29:07.432,0.69675,0.69695,37.10,0.30
2007.11.09 09:29:07.704,0.69675,0.69695,41.90,0.30
2007.11.09 09:29:07.931,0.69685,0.69695,0.30,0.30
2007.11.09 09:29:12.896,0.69685,0.69695,0.30,0.30
2007.11.09 09:29:15.454,0.69685,0.69695,0.30,0.30
2007.11.09 09:29:17.159,0.69685,0.69695,0.30,0.30
2007.11.09 09:29:17.578,0.69685,0.69695,0.30,0.30
2007.11.09 09:29:17.787,0.69685,0.69695,0.30,0.30
2007.11.09 09:29:17.970,0.69685,0.69695,0.30,0.30
2007.11.09 09:29:18.833,0.69685,0.69695,0.30,0.30
2007.11.09 09:29:19.750,0.69685,0.69695,0.30,0.30
2007.11.09 09:29:22.363,0.69685,0.69695,0.30,0.30
2007.11.09 09:29:22.885,0.69685,0.69695,0.30,0.30
2007.11.09 09:29:23.091,0.69685,0.69695,0.30,0.30
2007.11.09 09:29:23.294,0.69685,0.69695,0.30,0.30
2007.11.09 09:29:24.946,0.69685,0.69695,0.30,0.30
2007.11.09 09:29:25.064,0.69685,0.69695,0.30,0.30
2007.11.09 09:29:25.365,0.69685,0.69695,0.30,0.30
2007.11.09 09:29:25.565,0.69685,0.69695,0.30,0.30
2007.11.09 09:29:26.076,0.69685,0.69695,0.30,0.30
2007.11.09 09:29:26.586,0.69685,0.69695,0.30,0.30
2007.11.09 09:29:27.923,0.69685,0.69695,0.30,0.30
2007.11.09 09:29:29.710,0.69685,0.69695,0.30,4.20
2007.11.09 09:29:29.972,0.69685,0.69695,0.30,12.20
2007.11.09 09:29:30.146,0.69685,0.69695,0.30,12.20
2007.11.09 09:29:30.320,0.69685,0.69695,0.30,12.20
2007.11.09 09:29:30.501,0.69685,0.69695,0.30,30.60
2007.11.09 09:29:30.675,0.69675,0.6969,12.20,0.30
2007.11.09 09:29:30.989,0.6968,0.69695,0.30,24.80
2007.11.09 09:29:31.303,0.6968,0.69695,0.30,1.00
2007.11.09 09:29:31.617,0.6968,0.69695,0.30,0.30
2007.11.09 09:29:32.302,0.6968,0.69695,0.30,0.30
2007.11.09 09:29:32.498,0.6968,0.69695,0.30,0.30
2007.11.09 09:29:32.879,0.6968,0.69695,0.30,0.30
2007.11.09 09:29:33.309,0.6968,0.69695,0.30,0.30
2007.11.09 09:29:33.508,0.6968,0.69695,0.30,0.30
2007.11.09 09:29:33.885,0.6968,0.69695,0.30,0.30
2007.11.09 09:29:34.289,0.6968,0.69695,0.30,0.30
2007.11.09 09:29:34.630,0.6968,0.69695,0.30,0.30
2007.11.09 09:29:34.956,0.6968,0.69695,0.30,0.30
2007.11.09 09:29:36.360,0.6968,0.69695,0.30,0.30
2007.11.09 09:29:37.885,0.6968,0.69695,0.30,0.30
2007.11.09 09:29:39.500,0.6968,0.69695,0.30,0.30
2007.11.09 09:29:39.835,0.6968,0.69705,4.20,28.70
2007.11.09 09:29:40.168,0.69685,0.69705,18.40,4.00
2007.11.09 09:29:40.346,0.69685,0.69705,18.40,4.00
2007.11.09 09:29:40.524,0.69685,0.69705,18.40,4.00
2007.11.09 09:29:40.702,0.69685,0.69705,18.40,4.00
2007.11.09 09:29:40.879,0.69685,0.69705,18.40,4.00
2007.11.09 09:29:41.058,0.69685,0.69705,18.40,4.00
2007.11.09 09:29:41.855,0.69685,0.69705,18.40,4.00
2007.11.09 09:29:42.044,0.69685,0.69705,18.40,4.00
2007.11.09 09:29:42.592,0.69685,0.69705,22.40,4.00
2007.11.09 09:29:42.807,0.69685,0.69705,22.40,4.00
2007.11.09 09:29:42.975,0.69685,0.69705,22.40,4.00
2007.11.09 09:29:43.284,0.69685,0.69705,22.40,4.00
2007.11.09 09:29:43.619,0.69685,0.69705,18.40,4.00
2007.11.09 09:29:44.301,0.69685,0.69705,5.80,4.00
2007.11.09 09:29:45.372,0.69685,0.69705,3.40,4.00
2007.11.09 09:29:45.639,0.6968,0.69705,22.60,4.00
2007.11.09 09:29:45.860,0.69675,0.69695,45.10,0.30
2007.11.09 09:29:46.149,0.6968,0.69695,0.30,0.30
2007.11.09 09:29:46.437,0.69675,0.69695,39.50,0.30
2007.11.09 09:29:46.728,0.69675,0.69695,38.70,0.30
2007.11.09 09:29:47.016,0.6968,0.69695,0.30,0.30
2007.11.09 09:29:47.304,0.6968,0.69695,0.30,0.30
2007.11.09 09:29:47.747,0.6968,0.69695,0.30,8.20
2007.11.09 09:29:48.139,0.69675,0.69695,38.70,8.20
2007.11.09 09:29:48.636,0.6968,0.69695,0.30,8.20
2007.11.09 09:29:48.977,0.6968,0.69695,0.30,8.20
2007.11.09 09:29:49.310,0.6968,0.69695,0.30,8.20
2007.11.09 09:29:49.463,0.69675,0.69695,39.50,8.20
2007.11.09 09:29:50.380,0.69675,0.69695,39.50,8.20
2007.11.09 09:29:51.307,0.69675,0.69695,39.50,8.20
2007.11.09 09:29:51.498,0.69675,0.69695,38.70,8.20
2007.11.09 09:29:51.685,0.69675,0.69695,30.70,8.20
2007.11.09 09:29:51.874,0.69675,0.69695,30.70,0.30
2007.11.09 09:29:52.914,0.69675,0.69695,30.70,0.30
2007.11.09 09:29:55.261,0.6968,0.69695,0.30,0.30
2007.11.09 09:29:55.399,0.6968,0.69695,0.30,0.30
2007.11.09 09:29:55.785,0.69675,0.69695,30.70,0.30
2007.11.09 09:29:56.363,0.6968,0.69695,0.30,0.30
2007.11.09 09:29:56.878,0.6968,0.69695,0.30,0.30
2007.11.09 09:29:57.230,0.69675,0.69695,30.70,0.30
2007.11.09 09:29:57.925,0.6968,0.69695,0.30,0.30
2007.11.09 09:29:58.194,0.69675,0.69695,30.70,0.30
2007.11.09 09:30:01.032,0.6971,0.69715,1.70,12.80
2007.11.09 09:30:01.276,0.6971,0.69715,1.70,12.00
2007.11.09 09:30:01.520,0.6971,0.69715,3.30,18.40
2007.11.09 09:30:01.668,0.6971,0.69715,4.50,18.40
2007.11.09 09:30:01.821,0.6971,0.69715,0.50,18.40
2007.11.09 09:30:01.970,0.69725,0.69735,2.20,1.80
2007.11.09 09:30:02.119,0.6971,0.69715,9.10,4.00
2007.11.09 09:30:02.268,0.6973,0.69735,0.30,1.80
2007.11.09 09:30:02.417,0.69715,0.6972,32.00,8.00
2007.11.09 09:30:02.599,0.6971,0.69715,9.10,4.00
2007.11.09 09:30:02.934,0.6973,0.6974,0.30,0.30
2007.11.09 09:30:03.266,0.69725,0.6974,8.30,0.30
2007.11.09 09:30:03.602,0.69725,0.6974,8.30,0.30
2007.11.09 09:30:03.937,0.6973,0.6974,23.50,0.30
2007.11.09 09:30:04.271,0.69735,0.6974,1.60,0.30
2007.11.09 09:30:04.604,0.6973,0.6974,0.30,0.30
2007.11.09 09:30:04.808,0.6973,0.6974,8.20,0.30
2007.11.09 09:30:05.012,0.69735,0.69745,1.10,0.30
2007.11.09 09:30:05.214,0.69725,0.69745,30.70,0.30
2007.11.09 09:30:05.704,0.69725,0.69745,32.30,0.30
2007.11.09 09:30:05.977,0.69735,0.69745,0.30,0.30
2007.11.09 09:30:06.341,0.69725,0.69745,31.50,0.30
2007.11.09 09:30:06.615,0.69735,0.69745,0.30,0.30
2007.11.09 09:30:06.976,0.69725,0.69745,31.50,0.30
2007.11.09 09:30:07.267,0.69735,0.69745,0.30,0.30
2007.11.09 09:30:07.711,0.69725,0.69745,32.30,0.30
2007.11.09 09:30:07.925,0.69725,0.69745,32.30,0.30
2007.11.09 09:30:08.146,0.69725,0.69745,32.30,0.30
2007.11.09 09:30:08.351,0.69735,0.69755,6.70,22.60
2007.11.09 09:30:08.494,0.6974,0.69755,0.30,0.90
2007.11.09 09:30:08.555,0.69735,0.6976,29.10,8.20
2007.11.09 09:30:08.758,0.6974,0.69755,0.30,0.30
2007.11.09 09:30:09.092,0.6974,0.69755,0.30,0.90
2007.11.09 09:30:10.114,0.6974,0.69755,0.30,0.50
2007.11.09 09:30:10.311,0.69735,0.6976,29.90,8.20
2007.11.09 09:30:10.578,0.6974,0.69755,0.30,0.60
2007.11.09 09:30:10.765,0.6973,0.69755,33.80,4.30
2007.11.09 09:30:10.954,0.6973,0.69755,30.60,7.50
2007.11.09 09:30:11.252,0.6973,0.69745,0.30,0.30
2007.11.09 09:30:11.549,0.69725,0.6975,34.70,4.30
2007.11.09 09:30:12.591,0.6973,0.6975,0.30,4.30
2007.11.09 09:30:12.804,0.6973,0.69745,0.30,0.30
2007.11.09 09:30:13.152,0.6973,0.6975,0.30,4.30
2007.11.09 09:30:13.396,0.6973,0.69745,0.30,0.30
2007.11.09 09:30:13.639,0.6973,0.69745,0.30,0.30
2007.11.09 09:30:13.883,0.69725,0.69745,30.60,4.30
2007.11.09 09:30:14.216,0.69725,0.6974,8.20,0.30
2007.11.09 09:30:14.549,0.6973,0.6974,0.30,0.30
2007.11.09 09:30:14.882,0.6973,0.6974,0.30,0.30
2007.11.09 09:30:15.095,0.6973,0.69745,0.30,8.30
2007.11.09 09:30:15.308,0.6973,0.69745,0.30,8.30
2007.11.09 09:30:15.521,0.6973,0.69745,0.30,8.30
2007.11.09 09:30:15.734,0.6973,0.69745,0.30,0.70
2007.11.09 09:30:15.948,0.6973,0.6975,0.30,14.60
2007.11.09 09:30:16.310,0.6973,0.6975,0.30,14.60
2007.11.09 09:30:16.802,0.6973,0.6975,0.30,14.60
2007.11.09 09:30:17.061,0.6973,0.69745,0.30,0.90
2007.11.09 09:30:17.278,0.6973,0.6974,0.30,0.30
2007.11.09 09:30:17.485,0.6973,0.6974,0.30,0.30
2007.11.09 09:30:17.693,0.6973,0.69745,0.30,12.30
2007.11.09 09:30:18.076,0.6973,0.69745,0.30,12.30
2007.11.09 09:30:18.410,0.6973,0.69745,0.30,14.70
2007.11.09 09:30:18.750,0.6973,0.6974,0.30,0.30
2007.11.09 09:30:19.084,0.6973,0.6974,0.30,0.30
2007.11.09 09:30:19.342,0.6973,0.69745,0.30,10.70
2007.11.09 09:30:19.547,0.6973,0.69745,0.30,10.70
2007.11.09 09:30:19.857,0.6973,0.6974,0.30,0.30
2007.11.09 09:30:20.062,0.6973,0.6974,0.30,0.30
2007.11.09 09:30:20.265,0.6973,0.6974,0.30,0.60
2007.11.09 09:30:20.533,0.6973,0.69745,0.30,11.40
2007.11.09 09:30:20.802,0.6973,0.69745,0.30,6.70
2007.11.09 09:30:21.070,0.6973,0.6974,1.00,0.30
2007.11.09 09:30:21.335,0.6973,0.69745,1.00,4.30
2007.11.09 09:30:21.598,0.6973,0.69745,0.30,4.30
2007.11.09 09:30:21.861,0.6973,0.69745,0.30,4.30
2007.11.09 09:30:22.124,0.6973,0.6974,0.30,0.30
2007.11.09 09:30:22.417,0.6973,0.6974,0.30,0.30
2007.11.09 09:30:22.710,0.6973,0.6974,0.30,0.30
2007.11.09 09:30:23.005,0.69725,0.69745,18.40,11.50
2007.11.09 09:30:23.299,0.69725,0.69745,0.30,30.70
2007.11.09 09:30:23.633,0.69725,0.6974,0.30,0.30
2007.11.09 09:30:23.967,0.69725,0.69735,0.30,0.30
2007.11.09 09:30:24.301,0.69725,0.69735,0.30,0.30
2007.11.09 09:30:24.490,0.69725,0.69745,0.30,34.70
2007.11.09 09:30:24.834,0.69725,0.69745,0.30,34.70
2007.11.09 09:30:25.166,0.69725,0.69745,0.30,34.70
2007.11.09 09:30:25.487,0.69725,0.69735,0.30,0.30
2007.11.09 09:30:25.800,0.6972,0.69745,4.20,34.70
2007.11.09 09:30:26.113,0.6972,0.69735,4.20,0.30
2007.11.09 09:30:26.426,0.6972,0.69735,4.20,0.30
2007.11.09 09:30:26.624,0.6972,0.69745,4.20,30.70
2007.11.09 09:30:26.822,0.69725,0.69745,0.30,30.70
2007.11.09 09:30:27.108,0.69725,0.69745,0.30,30.70
2007.11.09 09:30:27.327,0.69725,0.69745,0.30,30.70
2007.11.09 09:30:27.620,0.69725,0.69745,0.30,30.70
2007.11.09 09:30:27.916,0.69725,0.6974,0.30,4.30
2007.11.09 09:30:28.209,0.69725,0.6974,0.30,4.30
2007.11.09 09:30:28.542,0.6973,0.6974,0.30,0.30
2007.11.09 09:30:28.876,0.6973,0.6974,0.30,0.30
2007.11.09 09:30:29.209,0.6973,0.69745,0.30,10.70
2007.11.09 09:30:30.124,0.6973,0.69745,0.30,10.70
2007.11.09 09:30:30.348,0.6973,0.69745,0.30,10.70
2007.11.09 09:30:30.581,0.6973,0.69745,0.30,14.70
2007.11.09 09:30:30.855,0.6973,0.69745,0.30,14.70
2007.11.09 09:30:31.090,0.6973,0.6974,0.30,0.30
2007.11.09 09:30:31.372,0.6973,0.6974,0.30,0.30
2007.11.09 09:30:31.796,0.6973,0.69745,0.30,10.70
2007.11.09 09:30:32.328,0.6973,0.6974,0.30,0.30
2007.11.09 09:30:32.827,0.6973,0.6974,0.30,0.30
2007.11.09 09:30:33.312,0.6973,0.69745,0.30,4.30
2007.11.09 09:30:33.561,0.6973,0.69745,0.30,4.30
2007.11.09 09:30:33.896,0.6973,0.6974,0.30,0.30
2007.11.09 09:30:34.230,0.6973,0.69745,0.30,4.30
2007.11.09 09:30:34.563,0.6973,0.6975,0.30,8.20
2007.11.09 09:30:34.762,0.6973,0.69745,0.30,0.30
2007.11.09 09:30:34.959,0.6973,0.69745,0.30,0.30
2007.11.09 09:30:35.157,0.6973,0.6975,0.30,4.30
2007.11.09 09:30:35.527,0.6973,0.6975,0.30,4.30
2007.11.09 09:30:35.851,0.6973,0.69745,0.30,0.30
2007.11.09 09:30:36.175,0.6973,0.69745,0.30,0.30
2007.11.09 09:30:36.498,0.6973,0.69745,0.30,0.30
2007.11.09 09:30:36.758,0.6973,0.69745,0.30,0.30
2007.11.09 09:30:37.017,0.6973,0.69745,0.30,0.30
2007.11.09 09:30:37.280,0.6973,0.69745,0.30,0.30
2007.11.09 09:30:37.539,0.6973,0.6974,0.30,0.30
2007.11.09 09:30:37.894,0.6974,0.6975,0.30,4.20
2007.11.09 09:30:38.135,0.6974,0.6975,0.30,0.30
2007.11.09 09:30:38.379,0.6974,0.6975,0.30,0.30
2007.11.09 09:30:38.623,0.6974,0.6975,0.30,0.30
2007.11.09 09:30:38.955,0.6974,0.6975,0.30,0.30
2007.11.09 09:30:39.288,0.6974,0.6975,0.30,0.30
2007.11.09 09:30:39.622,0.6974,0.6975,0.30,0.30
2007.11.09 09:30:41.129,0.6974,0.6975,0.30,0.30
2007.11.09 09:30:41.655,0.6974,0.6975,0.30,0.30
2007.11.09 09:30:41.949,0.6974,0.6975,0.30,0.30
2007.11.09 09:30:42.192,0.6974,0.6975,0.30,0.30
2007.11.09 09:30:42.436,0.6974,0.6975,0.30,0.30
2007.11.09 09:30:42.679,0.6974,0.6975,0.30,0.30
2007.11.09 09:30:42.967,0.69735,0.6975,25.00,0.30
2007.11.09 09:30:43.257,0.69735,0.6975,6.60,0.30
2007.11.09 09:30:43.545,0.69735,0.6975,6.60,0.30
2007.11.09 09:30:43.832,0.69735,0.6975,6.60,0.30
2007.11.09 09:30:44.335,0.69735,0.6975,2.60,0.30
2007.11.09 09:30:44.669,0.69735,0.6975,2.60,0.30
2007.11.09 09:30:45.003,0.69735,0.6975,6.60,0.30
2007.11.09 09:30:45.341,0.69735,0.6975,6.60,0.30
2007.11.09 09:30:46.082,0.69735,0.6975,6.60,0.30
2007.11.09 09:30:47.151,0.69735,0.6975,6.60,0.30
2007.11.09 09:30:47.358,0.69735,0.6975,6.60,0.30
2007.11.09 09:30:47.809,0.69735,0.6975,6.60,0.30
2007.11.09 09:30:48.072,0.69735,0.6975,0.30,0.30
2007.11.09 09:30:48.335,0.69735,0.6975,0.30,0.30
2007.11.09 09:30:48.826,0.69735,0.6975,0.30,0.30
2007.11.09 09:30:49.160,0.69735,0.6975,0.30,0.30
2007.11.09 09:30:49.493,0.69735,0.6975,2.60,0.30
2007.11.09 09:30:49.827,0.69735,0.6975,4.20,0.30
2007.11.09 09:30:50.005,0.6973,0.69745,0.30,0.30
2007.11.09 09:30:50.249,0.6973,0.6975,0.30,4.30
2007.11.09 09:30:50.427,0.6973,0.6975,0.30,4.30
2007.11.09 09:30:51.119,0.6973,0.6975,0.30,4.30
2007.11.09 09:30:51.333,0.6973,0.69745,0.30,0.30
2007.11.09 09:30:51.996,0.6973,0.69745,0.30,0.30
2007.11.09 09:30:52.224,0.6973,0.69745,0.30,0.30
2007.11.09 09:30:52.463,0.6973,0.69745,0.30,4.20
2007.11.09 09:30:52.690,0.6973,0.69745,0.30,4.20
2007.11.09 09:30:52.942,0.6973,0.69745,0.30,4.20
2007.11.09 09:30:53.170,0.6973,0.69745,0.30,0.30
2007.11.09 09:30:53.503,0.6973,0.69745,0.30,0.30
2007.11.09 09:30:53.837,0.6973,0.69745,0.30,0.30
2007.11.09 09:30:54.177,0.6973,0.69745,0.30,0.30
2007.11.09 09:30:54.385,0.69735,0.69745,0.30,0.30
2007.11.09 09:30:54.594,0.69735,0.69745,0.30,0.30
2007.11.09 09:30:55.608,0.69735,0.69745,0.30,0.30
2007.11.09 09:30:55.891,0.69735,0.69745,0.30,4.20
2007.11.09 09:30:56.176,0.69735,0.69745,0.30,6.60
2007.11.09 09:30:56.416,0.69735,0.69745,0.30,6.60
2007.11.09 09:30:56.871,0.69735,0.69745,0.30,6.60
2007.11.09 09:30:57.109,0.6973,0.69745,0.30,6.60
2007.11.09 09:30:57.589,0.6973,0.69745,0.30,6.60
2007.11.09 09:30:57.916,0.6973,0.69745,0.30,6.60
2007.11.09 09:30:58.118,0.6973,0.69745,0.30,6.60
2007.11.09 09:30:58.451,0.6973,0.69745,0.30,6.60
2007.11.09 09:30:59.214,0.6973,0.69745,0.30,6.60
2007.11.09 09:30:59.449,0.69725,0.6974,21.00,0.30
2007.11.09 09:30:59.682,0.69725,0.6974,0.30,0.30
2007.11.09 09:30:59.916,0.69725,0.6974,0.30,0.30
2007.11.09 09:31:00.150,0.69725,0.6974,0.30,0.30
2007.11.09 09:31:00.384,0.69725,0.6974,0.30,0.30
2007.11.09 09:31:00.652,0.69725,0.6974,0.30,0.30
2007.11.09 09:31:00.920,0.69725,0.6974,0.30,0.30
2007.11.09 09:31:01.189,0.69725,0.6974,0.30,0.30
2007.11.09 09:31:01.458,0.6973,0.6974,0.30,0.30
2007.11.09 09:31:01.711,0.6973,0.6974,0.30,0.30
2007.11.09 09:31:01.965,0.6973,0.6974,0.30,0.30
2007.11.09 09:31:02.219,0.6973,0.6974,0.30,0.30
2007.11.09 09:31:02.579,0.6973,0.6974,0.30,0.30
2007.11.09 09:31:02.933,0.6973,0.6974,0.30,0.30
2007.11.09 09:31:03.172,0.6973,0.6974,0.30,0.30
2007.11.09 09:31:03.425,0.69725,0.6974,19.40,0.30
2007.11.09 09:31:03.766,0.69725,0.6974,0.30,0.30
2007.11.09 09:31:04.099,0.69725,0.6974,0.30,0.30
2007.11.09 09:31:04.432,0.6973,0.6974,0.30,0.30
2007.11.09 09:31:04.646,0.6973,0.6974,0.30,0.30
2007.11.09 09:31:04.859,0.6973,0.6974,0.30,0.30
2007.11.09 09:31:05.085,0.6973,0.6974,0.30,0.30
2007.11.09 09:31:05.287,0.6973,0.6974,0.30,0.30
2007.11.09 09:31:05.655,0.6973,0.6974,0.30,0.30
2007.11.09 09:31:06.060,0.6973,0.6974,0.30,0.30
2007.11.09 09:31:06.369,0.6973,0.6974,0.30,0.30
2007.11.09 09:31:06.593,0.6973,0.6974,0.30,0.30
2007.11.09 09:31:06.816,0.6973,0.6974,0.30,0.30
2007.11.09 09:31:07.133,0.6973,0.6974,0.30,0.30
2007.11.09 09:31:07.900,0.6973,0.6974,0.30,0.30
2007.11.09 09:31:08.194,0.6973,0.6974,0.30,0.30
2007.11.09 09:31:08.749,0.6973,0.6974,0.30,0.30
2007.11.09 09:31:09.328,0.6973,0.6974,0.30,0.30
2007.11.09 09:31:09.660,0.6973,0.6974,0.30,0.30
2007.11.09 09:31:09.864,0.6973,0.6974,0.30,0.30
2007.11.09 09:31:10.066,0.6973,0.6974,0.30,0.30
2007.11.09 09:31:10.321,0.6973,0.6974,0.30,0.30
2007.11.09 09:31:10.599,0.6973,0.6974,0.30,0.30
2007.11.09 09:31:10.931,0.6973,0.6974,0.30,0.30
2007.11.09 09:31:11.266,0.6973,0.6974,0.30,0.30
2007.11.09 09:31:11.601,0.6973,0.6974,0.30,0.30
2007.11.09 09:31:11.903,0.6973,0.6974,0.30,0.30
2007.11.09 09:31:12.121,0.6973,0.6974,0.30,0.30
2007.11.09 09:31:12.632,0.6973,0.6974,0.30,0.30
2007.11.09 09:31:13.006,0.6973,0.6974,0.30,0.30
2007.11.09 09:31:13.294,0.6973,0.6974,0.30,0.30
2007.11.09 09:31:13.584,0.6973,0.6974,0.30,0.30
2007.11.09 09:31:14.043,0.6973,0.6974,0.30,0.30
2007.11.09 09:31:14.377,0.6973,0.6974,0.30,4.20
2007.11.09 09:31:14.711,0.6973,0.6974,0.30,0.30
2007.11.09 09:31:14.916,0.6973,0.6974,0.30,1.00
2007.11.09 09:31:15.119,0.69725,0.6974,0.30,5.80
2007.11.09 09:31:15.322,0.69725,0.6974,0.30,5.80
2007.11.09 09:31:15.532,0.69725,0.69735,0.30,0.30
2007.11.09 09:31:15.728,0.69725,0.69735,0.30,0.30
2007.11.09 09:31:16.007,0.69725,0.69735,0.30,0.30
2007.11.09 09:31:16.285,0.69725,0.69735,0.30,0.30
2007.11.09 09:31:16.564,0.69725,0.69735,0.30,0.30
2007.11.09 09:31:16.843,0.69725,0.69735,0.30,0.30
2007.11.09 09:31:17.102,0.69725,0.69735,0.30,0.30
2007.11.09 09:31:17.359,0.69725,0.69735,0.30,0.30
2007.11.09 09:31:17.618,0.69725,0.69735,0.30,4.20
2007.11.09 09:31:17.926,0.69725,0.69735,0.30,4.20
2007.11.09 09:31:18.209,0.69725,0.69735,0.30,4.20
2007.11.09 09:31:18.490,0.69725,0.6974,0.30,4.20
2007.11.09 09:31:18.768,0.69725,0.6974,0.30,4.20
2007.11.09 09:31:19.101,0.69725,0.69735,0.30,3.20
2007.11.09 09:31:19.434,0.6972,0.6973,0.30,0.30
2007.11.09 09:31:19.767,0.6972,0.6973,4.20,0.30
2007.11.09 09:31:19.971,0.6972,0.6973,4.20,0.30
2007.11.09 09:31:20.175,0.6972,0.6973,0.30,0.30
2007.11.09 09:31:20.458,0.6972,0.6973,0.30,0.30
2007.11.09 09:31:20.568,0.6972,0.69735,0.30,11.50
2007.11.09 09:31:20.878,0.6972,0.69735,0.30,11.50
2007.11.09 09:31:21.397,0.6972,0.6973,0.30,0.30
2007.11.09 09:31:21.730,0.6972,0.6973,0.30,0.30
2007.11.09 09:31:21.940,0.6972,0.6973,0.30,0.30
2007.11.09 09:31:22.147,0.6972,0.6973,0.30,0.30
2007.11.09 09:31:22.356,0.6972,0.6973,0.30,0.30
2007.11.09 09:31:22.565,0.6972,0.6973,0.30,0.30
2007.11.09 09:31:22.880,0.6972,0.6973,0.30,0.30
2007.11.09 09:31:23.193,0.6972,0.6973,0.30,0.30
2007.11.09 09:31:23.506,0.6972,0.6973,0.30,0.30
2007.11.09 09:31:23.819,0.6972,0.6973,0.30,0.30
2007.11.09 09:31:24.152,0.6972,0.6973,0.30,0.30
2007.11.09 09:31:24.486,0.6972,0.6973,0.30,0.30
2007.11.09 09:31:25.094,0.6972,0.6973,0.30,0.30
2007.11.09 09:31:25.306,0.6972,0.6973,0.30,0.30
2007.11.09 09:31:25.622,0.6972,0.6973,0.30,0.30
2007.11.09 09:31:25.830,0.69715,0.6973,25.00,0.30
2007.11.09 09:31:26.118,0.69715,0.6973,6.60,0.30
2007.11.09 09:31:26.407,0.69715,0.69725,4.20,2.40
2007.11.09 09:31:26.696,0.6971,0.69725,4.20,6.60
2007.11.09 09:31:26.984,0.6971,0.6972,0.30,0.30
2007.11.09 09:31:27.272,0.6971,0.6972,0.30,0.30
2007.11.09 09:31:27.511,0.6971,0.69725,0.30,10.60
2007.11.09 09:31:27.748,0.6971,0.69725,0.30,10.60
2007.11.09 09:31:27.987,0.6971,0.6972,0.30,0.30
2007.11.09 09:31:28.245,0.6971,0.6972,0.30,0.30
2007.11.09 09:31:28.572,0.6971,0.6972,0.30,0.30
2007.11.09 09:31:29.098,0.6971,0.6972,0.30,0.30
2007.11.09 09:31:29.432,0.6971,0.6972,0.30,0.30
2007.11.09 09:31:29.765,0.6971,0.6972,0.30,0.30
2007.11.09 09:31:30.097,0.6971,0.6972,0.30,0.30
2007.11.09 09:31:30.305,0.6971,0.6972,0.30,0.30
2007.11.09 09:31:30.514,0.6971,0.6972,0.30,0.30
2007.11.09 09:31:30.722,0.6971,0.6972,0.30,0.30
2007.11.09 09:31:30.932,0.6971,0.6972,0.30,0.30
2007.11.09 09:31:31.265,0.6971,0.6972,0.30,0.30
2007.11.09 09:31:31.598,0.6971,0.6972,0.30,0.30
2007.11.09 09:31:32.064,0.6971,0.6972,0.30,4.20
2007.11.09 09:31:32.353,0.69705,0.69715,18.60,0.30
2007.11.09 09:31:32.581,0.69705,0.69715,0.30,0.30
2007.11.09 09:31:32.810,0.69705,0.69715,0.30,4.20
2007.11.09 09:31:33.038,0.69705,0.69715,0.30,4.20
2007.11.09 09:31:33.449,0.69705,0.69715,0.30,0.30
2007.11.09 09:31:33.782,0.69705,0.69715,0.30,0.30
2007.11.09 09:31:34.118,0.69705,0.69715,0.30,0.30
2007.11.09 09:31:34.451,0.69705,0.69715,0.30,0.30
2007.11.09 09:31:34.816,0.69705,0.69715,0.30,0.30
2007.11.09 09:31:35.175,0.69705,0.69715,0.30,0.30
2007.11.09 09:31:35.382,0.69705,0.69715,0.30,0.30
2007.11.09 09:31:35.596,0.69705,0.69715,0.30,0.30
2007.11.09 09:31:35.909,0.69705,0.69715,0.30,0.30
2007.11.09 09:31:36.121,0.69705,0.69715,0.30,0.30
2007.11.09 09:31:36.389,0.69705,0.69715,0.30,0.30
2007.11.09 09:31:36.659,0.6971,0.6972,0.30,0.30
2007.11.09 09:31:36.930,0.6971,0.6972,0.30,0.30
2007.11.09 09:31:37.198,0.6971,0.6972,0.30,0.30
2007.11.09 09:31:37.482,0.6971,0.6972,0.30,0.30
2007.11.09 09:31:37.766,0.6971,0.6972,0.30,0.30
2007.11.09 09:31:38.087,0.6971,0.6972,0.30,0.30
2007.11.09 09:31:38.420,0.6971,0.6972,4.20,0.30
2007.11.09 09:31:38.754,0.6971,0.69725,4.20,0.30
2007.11.09 09:31:39.088,0.69715,0.69725,0.30,0.30
2007.11.09 09:31:39.296,0.69715,0.69725,0.30,0.30
2007.11.09 09:31:39.617,0.69715,0.69725,0.30,0.30
2007.11.09 09:31:39.823,0.69715,0.69725,0.30,4.20
2007.11.09 09:31:40.032,0.69715,0.69725,0.30,9.00
2007.11.09 09:31:40.239,0.69715,0.69725,0.30,9.00
2007.11.09 09:31:40.533,0.6971,0.69725,0.30,9.00
2007.11.09 09:31:40.826,0.6971,0.69725,0.30,13.00
2007.11.09 09:31:41.120,0.6971,0.69725,0.30,13.00
2007.11.09 09:31:41.380,0.6971,0.69725,0.30,13.00
2007.11.09 09:31:41.638,0.6971,0.69725,0.30,1.00
2007.11.09 09:31:41.912,0.6971,0.69725,0.30,1.00
2007.11.09 09:31:42.171,0.6971,0.69725,0.30,1.00
2007.11.09 09:31:42.476,0.6971,0.69725,0.30,5.00
2007.11.09 09:31:42.909,0.6971,0.69725,0.30,5.00
2007.11.09 09:31:43.196,0.6971,0.69725,0.30,5.00
2007.11.09 09:31:43.529,0.6971,0.69725,0.30,0.30
2007.11.09 09:31:43.863,0.6971,0.69725,0.30,0.30
2007.11.09 09:31:44.196,0.69715,0.69725,0.30,0.30
2007.11.09 09:31:44.375,0.69715,0.69725,0.30,0.30
2007.11.09 09:31:44.619,0.69715,0.69725,0.30,0.30
2007.11.09 09:31:44.797,0.69715,0.69725,0.30,4.20
2007.11.09 09:31:44.975,0.69715,0.69725,0.30,4.20
2007.11.09 09:31:45.153,0.69715,0.69725,0.30,4.20
2007.11.09 09:31:45.471,0.69715,0.69725,0.30,0.30
2007.11.09 09:31:45.850,0.69715,0.69725,0.30,0.30
2007.11.09 09:31:46.157,0.69715,0.69725,0.30,0.30
2007.11.09 09:31:46.361,0.69715,0.69725,0.30,0.30
2007.11.09 09:31:46.827,0.69715,0.69725,0.30,0.30
2007.11.09 09:31:47.043,0.69715,0.69725,0.30,0.30
2007.11.09 09:31:47.246,0.69715,0.69725,0.30,0.30
2007.11.09 09:31:47.566,0.69715,0.69725,0.30,0.30
2007.11.09 09:31:47.875,0.69715,0.69725,0.30,0.30
2007.11.09 09:31:48.185,0.69715,0.69725,0.30,0.30
2007.11.09 09:31:48.492,0.69715,0.69725,0.30,0.30
2007.11.09 09:31:48.833,0.69715,0.69725,0.30,0.30
2007.11.09 09:31:49.167,0.69715,0.69725,0.30,0.30
2007.11.09 09:31:49.586,0.69715,0.69725,0.30,0.30
2007.11.09 09:31:49.980,0.69715,0.6973,0.30,4.20
2007.11.09 09:31:50.149,0.69715,0.6973,0.30,4.20
2007.11.09 09:31:50.322,0.69715,0.6973,0.30,4.20
2007.11.09 09:31:50.620,0.69715,0.69725,0.30,0.30
2007.11.09 09:31:50.920,0.69715,0.69725,0.30,0.30
2007.11.09 09:31:51.219,0.69715,0.69725,0.30,0.30
2007.11.09 09:31:51.525,0.69715,0.69725,4.20,0.30
2007.11.09 09:31:51.778,0.69715,0.69725,4.20,0.30
2007.11.09 09:31:52.035,0.69715,0.69725,4.20,0.30
2007.11.09 09:31:52.299,0.69715,0.69725,4.20,0.30
2007.11.09 09:31:52.540,0.69715,0.6973,0.30,0.30
2007.11.09 09:31:52.777,0.69715,0.6973,0.30,0.30
2007.11.09 09:31:53.019,0.69715,0.6973,0.30,0.30
2007.11.09 09:31:53.253,0.69715,0.6973,0.30,0.30
2007.11.09 09:31:53.493,0.69715,0.6973,0.30,0.30
2007.11.09 09:31:53.826,0.69715,0.6973,0.30,0.30
2007.11.09 09:31:54.160,0.69715,0.6973,0.30,0.30
2007.11.09 09:31:54.494,0.69715,0.6973,0.30,0.30
2007.11.09 09:31:54.699,0.69715,0.6973,0.30,0.30
2007.11.09 09:31:54.903,0.69715,0.6973,0.30,0.30
2007.11.09 09:31:55.106,0.69715,0.69725,0.30,0.30
2007.11.09 09:31:55.311,0.69715,0.69725,0.30,0.30
2007.11.09 09:31:55.516,0.69715,0.69725,0.30,0.30
2007.11.09 09:31:55.829,0.69715,0.69725,0.30,0.30
2007.11.09 09:31:56.143,0.69715,0.69725,0.30,0.30
2007.11.09 09:31:56.754,0.69715,0.69725,0.30,0.30
2007.11.09 09:31:56.943,0.69715,0.69725,0.30,0.30
2007.11.09 09:31:57.132,0.69715,0.69725,0.30,0.30
2007.11.09 09:31:57.320,0.69715,0.69725,0.30,0.30
2007.11.09 09:31:57.507,0.69715,0.69725,0.30,0.30
2007.11.09 09:31:57.703,0.69715,0.69725,0.30,0.30
2007.11.09 09:31:58.015,0.69715,0.69725,0.30,0.30
2007.11.09 09:31:58.330,0.69715,0.69725,0.30,0.30
2007.11.09 09:31:58.644,0.69715,0.69725,0.30,0.30
2007.11.09 09:31:58.977,0.69715,0.69725,0.30,0.30
2007.11.09 09:31:59.311,0.69715,0.69725,0.30,0.30
2007.11.09 09:31:59.717,0.69715,0.69725,0.30,0.30
2007.11.09 09:31:59.917,0.69715,0.69725,0.30,0.30
2007.11.09 09:32:00.122,0.69715,0.69725,0.30,0.30
2007.11.09 09:32:00.314,0.69715,0.69725,4.20,0.30
2007.11.09 09:32:00.514,0.69715,0.69725,4.20,0.30
2007.11.09 09:32:00.712,0.69715,0.69725,4.20,0.30
2007.11.09 09:32:01.020,0.69715,0.69725,4.20,0.30
2007.11.09 09:32:01.329,0.69715,0.69725,5.00,0.30
2007.11.09 09:32:01.636,0.69715,0.69725,5.00,0.30
2007.11.09 09:32:02.057,0.69715,0.69725,5.00,0.30
2007.11.09 09:32:02.572,0.69715,0.69725,5.00,0.30
2007.11.09 09:32:02.906,0.69715,0.69725,5.00,0.30
2007.11.09 09:32:03.094,0.69715,0.69725,5.00,0.30
2007.11.09 09:32:04.125,0.69715,0.69725,5.00,0.30
2007.11.09 09:32:04.544,0.69715,0.69725,5.00,0.30
2007.11.09 09:32:06.421,0.69715,0.69725,7.40,0.30
2007.11.09 09:32:06.730,0.69715,0.6973,7.40,0.30
2007.11.09 09:32:06.889,0.69715,0.6973,7.40,0.30
2007.11.09 09:32:07.254,0.69715,0.6973,6.60,0.30
2007.11.09 09:32:07.413,0.69715,0.6973,6.60,0.30
2007.11.09 09:32:07.576,0.69715,0.6973,6.60,0.30
2007.11.09 09:32:07.928,0.69715,0.6973,6.60,0.30
2007.11.09 09:32:08.280,0.69715,0.6973,6.60,0.30
2007.11.09 09:32:09.103,0.69715,0.6973,6.60,0.30
2007.11.09 09:32:09.465,0.69715,0.6973,2.60,8.20
2007.11.09 09:32:09.799,0.6971,0.69725,0.30,2.60
2007.11.09 09:32:10.046,0.6971,0.69725,0.30,2.60
2007.11.09 09:32:10.523,0.6971,0.69725,0.30,2.60
2007.11.09 09:32:10.563,0.6971,0.69725,0.30,2.60
2007.11.09 09:32:11.345,0.6971,0.69725,0.30,2.60
2007.11.09 09:32:11.514,0.6971,0.69725,0.30,2.60
2007.11.09 09:32:11.680,0.6971,0.69725,0.30,2.60
2007.11.09 09:32:12.914,0.6971,0.69725,0.30,2.60
2007.11.09 09:32:13.117,0.6971,0.69725,0.30,2.60
2007.11.09 09:32:13.420,0.69715,0.69725,0.30,2.60
2007.11.09 09:32:13.624,0.69715,0.69725,0.30,0.30
2007.11.09 09:32:13.864,0.69715,0.69725,0.30,0.30
2007.11.09 09:32:14.593,0.69715,0.69725,0.30,0.30
2007.11.09 09:32:14.929,0.69715,0.69725,0.30,0.30
2007.11.09 09:32:15.112,0.69715,0.6973,6.60,0.30
2007.11.09 09:32:15.296,0.69715,0.6973,6.60,0.30
2007.11.09 09:32:15.480,0.69715,0.6973,6.60,0.30
2007.11.09 09:32:16.066,0.69715,0.6973,6.60,0.30
2007.11.09 09:32:16.343,0.69715,0.6973,6.60,0.30
2007.11.09 09:32:16.703,0.69715,0.6973,6.60,0.30
2007.11.09 09:32:16.982,0.69715,0.6973,6.60,0.30
2007.11.09 09:32:17.309,0.69715,0.6973,6.60,0.30
2007.11.09 09:32:17.522,0.69715,0.6973,6.60,0.30
2007.11.09 09:32:17.710,0.69715,0.6973,2.60,0.30
2007.11.09 09:32:17.964,0.69715,0.6973,0.30,0.30
2007.11.09 09:32:18.298,0.69715,0.69725,0.30,0.30
2007.11.09 09:32:18.632,0.69715,0.69725,0.30,0.30
2007.11.09 09:32:18.965,0.69715,0.69725,0.30,0.30
2007.11.09 09:32:19.299,0.69715,0.69725,0.30,0.30
2007.11.09 09:32:19.632,0.69715,0.69725,0.30,0.30
2007.11.09 09:32:19.966,0.69715,0.69725,0.30,0.30
2007.11.09 09:32:20.204,0.69715,0.69725,0.30,0.30
2007.11.09 09:32:20.442,0.69715,0.69725,0.30,0.30
2007.11.09 09:32:20.916,0.69715,0.69725,0.30,0.30
2007.11.09 09:32:21.154,0.69715,0.69725,0.30,0.30
2007.11.09 09:32:21.463,0.69715,0.69725,0.30,0.30
2007.11.09 09:32:21.772,0.69715,0.69725,0.30,0.30
2007.11.09 09:32:22.081,0.69715,0.69725,0.30,0.30
2007.11.09 09:32:22.308,0.69715,0.69725,0.30,0.30
2007.11.09 09:32:22.536,0.69715,0.69725,0.30,0.30
2007.11.09 09:32:22.911,0.69715,0.69725,0.30,0.30
2007.11.09 09:32:23.140,0.69715,0.6973,0.30,12.20
2007.11.09 09:32:23.473,0.69715,0.6973,0.30,9.80
2007.11.09 09:32:23.807,0.69715,0.6973,0.30,8.20
2007.11.09 09:32:24.139,0.69715,0.6973,0.30,9.80
2007.11.09 09:32:24.516,0.6972,0.6973,0.30,9.80
2007.11.09 09:32:24.744,0.6972,0.6973,0.30,1.80
2007.11.09 09:32:24.994,0.6972,0.6973,0.30,0.30
2007.11.09 09:32:25.221,0.6972,0.6973,0.30,0.30
2007.11.09 09:32:25.508,0.6972,0.6973,0.30,0.30
2007.11.09 09:32:25.786,0.6972,0.6973,0.30,0.30
2007.11.09 09:32:26.067,0.6972,0.6973,0.30,0.30
2007.11.09 09:32:26.565,0.6972,0.6973,0.30,0.30
2007.11.09 09:32:26.833,0.6972,0.6973,0.30,0.30
2007.11.09 09:32:27.108,0.6972,0.6973,0.30,0.30
2007.11.09 09:32:27.365,0.6972,0.6973,0.30,0.30
2007.11.09 09:32:27.624,0.6972,0.6973,0.30,0.30
2007.11.09 09:32:27.929,0.6972,0.6973,0.30,0.30
2007.11.09 09:32:28.187,0.6972,0.6973,0.30,0.30
2007.11.09 09:32:28.521,0.6972,0.6973,0.30,0.30
2007.11.09 09:32:28.855,0.6972,0.6973,0.30,0.30
2007.11.09 09:32:29.187,0.6972,0.6973,0.30,0.30
2007.11.09 09:32:29.415,0.6972,0.6973,0.30,0.30
2007.11.09 09:32:29.644,0.6972,0.69735,0.30,26.60
2007.11.09 09:32:29.877,0.6972,0.69735,0.30,22.60
2007.11.09 09:32:30.105,0.69715,0.69725,18.60,0.30
2007.11.09 09:32:30.333,0.69715,0.69725,0.30,0.30
2007.11.09 09:32:30.611,0.69715,0.69725,0.30,0.30
2007.11.09 09:32:30.891,0.69715,0.69725,0.30,0.30
2007.11.09 09:32:31.168,0.6971,0.69725,0.30,6.60
2007.11.09 09:32:31.448,0.6971,0.69725,0.30,6.60
2007.11.09 09:32:31.696,0.6971,0.69725,0.30,6.60
2007.11.09 09:32:31.945,0.6971,0.69725,0.30,6.60
2007.11.09 09:32:32.192,0.6971,0.69725,0.30,6.60
2007.11.09 09:32:32.456,0.6971,0.69725,0.30,6.60
2007.11.09 09:32:32.738,0.6971,0.69725,0.30,6.60
2007.11.09 09:32:32.991,0.6971,0.69725,0.30,6.60
2007.11.09 09:32:33.254,0.6972,0.6973,0.30,3.40
2007.11.09 09:32:33.589,0.6972,0.6973,0.30,0.30
2007.11.09 09:32:34.046,0.6972,0.6973,0.30,0.30
2007.11.09 09:32:34.379,0.6972,0.6973,0.30,0.30
2007.11.09 09:32:34.600,0.6972,0.6973,0.30,0.30
2007.11.09 09:32:34.818,0.6972,0.6973,0.30,0.30
2007.11.09 09:32:35.037,0.6972,0.6973,0.30,0.30
2007.11.09 09:32:35.328,0.6972,0.6973,0.30,0.30
2007.11.09 09:32:35.601,0.6972,0.6973,0.30,0.30
2007.11.09 09:32:35.874,0.6972,0.6973,0.30,0.30
2007.11.09 09:32:36.147,0.6972,0.6973,0.30,0.30
2007.11.09 09:32:36.421,0.6972,0.6973,0.30,0.30
2007.11.09 09:32:36.704,0.6972,0.69735,0.30,11.40
2007.11.09 09:32:36.988,0.6972,0.69735,0.30,9.80
2007.11.09 09:32:37.271,0.6972,0.69735,0.30,9.80
2007.11.09 09:32:37.556,0.6972,0.69735,0.30,14.60
2007.11.09 09:32:37.844,0.6972,0.6973,0.30,0.30
2007.11.09 09:32:38.143,0.6972,0.6973,0.30,0.30
2007.11.09 09:32:38.421,0.6972,0.6973,0.30,0.30
2007.11.09 09:32:38.754,0.6972,0.6973,0.30,0.30
2007.11.09 09:32:39.087,0.6972,0.6973,0.30,0.30
2007.11.09 09:32:39.558,0.6972,0.6973,0.30,0.30
2007.11.09 09:32:39.798,0.6972,0.6973,0.30,0.30
2007.11.09 09:32:40.037,0.6972,0.6973,0.30,0.30
2007.11.09 09:32:40.275,0.6972,0.69735,0.30,8.20
2007.11.09 09:32:40.513,0.6972,0.69735,0.30,2.60
2007.11.09 09:32:40.811,0.6972,0.69735,0.30,2.60
2007.11.09 09:32:41.109,0.6972,0.69735,0.30,6.60
2007.11.09 09:32:41.408,0.6972,0.69735,0.30,6.60
2007.11.09 09:32:41.618,0.6972,0.69735,0.30,6.60
2007.11.09 09:32:41.821,0.6972,0.69735,0.30,6.60
2007.11.09 09:32:42.024,0.6972,0.69735,0.30,6.60
2007.11.09 09:32:42.228,0.6972,0.69735,0.30,6.60
2007.11.09 09:32:42.434,0.6972,0.69735,0.30,6.60
2007.11.09 09:32:42.768,0.6972,0.69735,0.30,6.60
2007.11.09 09:32:43.365,0.6972,0.69735,0.30,6.60
2007.11.09 09:32:43.791,0.6972,0.69735,0.30,6.60
2007.11.09 09:32:44.125,0.6972,0.69735,0.30,6.60
2007.11.09 09:32:44.462,0.6972,0.69735,0.30,6.60
2007.11.09 09:32:44.829,0.6972,0.69735,0.30,6.60
2007.11.09 09:32:45.052,0.6972,0.69735,0.30,6.60
2007.11.09 09:32:45.274,0.6972,0.69735,0.30,2.60
2007.11.09 09:32:45.500,0.6972,0.69735,0.30,0.30
2007.11.09 09:32:45.811,0.6972,0.69735,0.30,6.60
2007.11.09 09:32:46.119,0.6972,0.69735,0.30,6.60
2007.11.09 09:32:46.427,0.6972,0.69735,0.30,6.60
2007.11.09 09:32:46.735,0.6972,0.69735,0.30,6.60
2007.11.09 09:32:46.973,0.6972,0.69735,0.30,6.60
2007.11.09 09:32:47.211,0.6972,0.69735,0.30,6.60
2007.11.09 09:32:47.575,0.6972,0.69735,0.30,6.60
2007.11.09 09:32:47.839,0.6972,0.69735,0.30,6.60
2007.11.09 09:32:48.116,0.6972,0.69735,0.30,6.60
2007.11.09 09:32:48.369,0.6972,0.69735,0.30,2.60
2007.11.09 09:32:48.632,0.6972,0.69735,0.30,6.60
2007.11.09 09:32:48.969,0.6972,0.69735,0.30,6.60
2007.11.09 09:32:49.300,0.6972,0.69735,0.30,6.60
2007.11.09 09:32:49.633,0.6972,0.69735,0.30,2.60
2007.11.09 09:32:49.852,0.6972,0.69735,0.30,2.60
2007.11.09 09:32:50.343,0.6972,0.69735,0.30,2.60
2007.11.09 09:32:50.562,0.6972,0.69735,0.30,6.60
2007.11.09 09:32:50.780,0.6972,0.69735,0.30,2.60
2007.11.09 09:32:51.094,0.6972,0.69735,0.30,2.60
2007.11.09 09:32:51.408,0.6972,0.69735,0.30,2.60
2007.11.09 09:32:51.729,0.6972,0.69735,0.30,2.60
2007.11.09 09:32:51.939,0.6972,0.69735,0.30,2.60
2007.11.09 09:32:52.161,0.6972,0.69735,0.30,2.60
2007.11.09 09:32:52.378,0.6972,0.69735,0.30,6.60
2007.11.09 09:32:52.597,0.6973,0.6974,0.30,4.20
2007.11.09 09:32:52.814,0.6973,0.6974,0.30,4.20
2007.11.09 09:32:53.142,0.6973,0.6974,0.30,0.30
2007.11.09 09:32:53.415,0.6973,0.69745,0.30,25.90
2007.11.09 09:32:53.471,0.6973,0.6974,0.30,0.30
2007.11.09 09:32:53.803,0.6973,0.6974,0.30,0.30
2007.11.09 09:32:54.134,0.6973,0.6974,0.30,0.30
2007.11.09 09:32:54.470,0.6973,0.6974,0.30,0.30
2007.11.09 09:32:54.804,0.6973,0.6974,0.30,0.30
2007.11.09 09:32:55.012,0.69725,0.6974,25.00,0.30
2007.11.09 09:32:55.264,0.69725,0.6974,6.60,0.30
2007.11.09 09:32:55.599,0.69725,0.6974,6.60,0.30
2007.11.09 09:32:56.015,0.69725,0.6974,4.20,0.30
2007.11.09 09:32:56.162,0.69725,0.6974,4.20,0.30
2007.11.09 09:32:56.311,0.69725,0.6974,4.20,0.30
2007.11.09 09:32:56.458,0.69725,0.6974,4.20,0.30
2007.11.09 09:32:56.747,0.69725,0.6974,4.20,0.30
2007.11.09 09:32:57.165,0.69725,0.6974,4.20,0.30
2007.11.09 09:32:57.408,0.69725,0.6974,4.20,0.30
2007.11.09 09:32:57.830,0.69725,0.6974,4.20,0.30
2007.11.09 09:32:58.074,0.69725,0.6974,0.30,0.30
2007.11.09 09:32:58.323,0.69725,0.6974,6.60,0.30
2007.11.09 09:32:58.570,0.69725,0.6974,6.60,0.30
2007.11.09 09:32:58.819,0.69725,0.6974,6.60,0.30
2007.11.09 09:32:59.312,0.69725,0.6974,6.60,0.30
2007.11.09 09:32:59.645,0.6973,0.6974,0.30,0.30
2007.11.09 09:32:59.979,0.6973,0.6974,0.30,0.30
2007.11.09 09:33:00.755,0.6973,0.6974,0.30,0.30
2007.11.09 09:33:01.802,0.6973,0.6974,0.30,0.30
2007.11.09 09:33:02.054,0.69725,0.6974,29.00,0.30
2007.11.09 09:33:02.232,0.69725,0.6974,29.00,0.30
2007.11.09 09:33:02.445,0.69725,0.6974,6.60,0.30
2007.11.09 09:33:02.910,0.69725,0.6974,6.60,0.30
2007.11.09 09:33:03.122,0.6973,0.6974,0.30,0.30
2007.11.09 09:33:03.456,0.6973,0.6974,0.30,0.30
2007.11.09 09:33:03.790,0.6973,0.6974,0.30,0.30
2007.11.09 09:33:04.123,0.6973,0.6974,0.30,0.30
2007.11.09 09:33:04.457,0.6973,0.6974,0.30,0.30
2007.11.09 09:33:04.805,0.6973,0.6974,0.30,0.30
2007.11.09 09:33:05.313,0.6973,0.6974,0.30,0.30
2007.11.09 09:33:06.346,0.6973,0.6974,0.30,0.30
2007.11.09 09:33:06.567,0.6973,0.6974,0.30,0.30
2007.11.09 09:33:06.772,0.6973,0.6974,0.30,0.30
2007.11.09 09:33:07.297,0.6973,0.6974,0.30,0.30
2007.11.09 09:33:07.571,0.6973,0.69745,0.30,29.00
2007.11.09 09:33:07.844,0.6973,0.69745,0.30,26.60
2007.11.09 09:33:08.118,0.6973,0.69745,0.30,21.00
2007.11.09 09:33:08.390,0.6973,0.69745,0.30,25.00
2007.11.09 09:33:09.129,0.6973,0.69745,0.30,13.00
2007.11.09 09:33:09.462,0.6973,0.69745,0.30,13.00
2007.11.09 09:33:09.656,0.69735,0.69745,0.30,8.20
2007.11.09 09:33:09.850,0.69735,0.69745,0.30,4.20
2007.11.09 09:33:10.044,0.69735,0.69745,0.30,4.20
2007.11.09 09:33:10.236,0.69735,0.69745,0.30,4.20
2007.11.09 09:33:10.431,0.69735,0.69745,0.30,0.30
2007.11.09 09:33:10.685,0.69735,0.69745,0.30,0.30
2007.11.09 09:33:10.938,0.69735,0.69745,0.30,0.30
2007.11.09 09:33:11.353,0.69735,0.69745,0.30,0.30
2007.11.09 09:33:11.636,0.69735,0.6975,0.30,13.80
2007.11.09 09:33:11.920,0.69735,0.6975,0.30,1.80
2007.11.09 09:33:12.325,0.69735,0.69745,0.30,0.30
2007.11.09 09:33:12.543,0.69735,0.69745,0.30,0.30
2007.11.09 09:33:12.761,0.69735,0.6975,0.30,5.80
2007.11.09 09:33:12.980,0.69735,0.6975,2.60,1.80
2007.11.09 09:33:13.198,0.69735,0.69745,2.60,0.30
2007.11.09 09:33:13.418,0.69735,0.69745,0.30,0.30
2007.11.09 09:33:13.755,0.69735,0.69745,0.30,0.30
2007.11.09 09:33:14.281,0.69735,0.69745,0.30,0.30
2007.11.09 09:33:14.614,0.69735,0.69745,0.30,0.30
2007.11.09 09:33:15.224,0.69735,0.69745,0.30,0.30
2007.11.09 09:33:15.457,0.69735,0.69745,0.30,0.30
2007.11.09 09:33:15.776,0.69735,0.6975,0.30,5.80
2007.11.09 09:33:16.094,0.69735,0.6975,2.60,1.80
2007.11.09 09:33:16.537,0.69735,0.6975,2.60,1.80
2007.11.09 09:33:16.796,0.6973,0.69745,4.20,6.60
2007.11.09 09:33:17.055,0.6973,0.69745,4.20,6.60
2007.11.09 09:33:17.313,0.6973,0.69745,0.30,6.60
2007.11.09 09:33:17.792,0.6973,0.69745,0.30,6.60
2007.11.09 09:33:18.319,0.6973,0.69745,0.30,6.60
2007.11.09 09:33:18.586,0.6973,0.69745,0.30,6.60
2007.11.09 09:33:19.848,0.6973,0.69745,0.30,10.60
2007.11.09 09:33:20.258,0.6973,0.69745,0.30,6.60
2007.11.09 09:33:20.463,0.6973,0.69745,0.30,6.60
2007.11.09 09:33:20.666,0.6973,0.69745,0.30,6.60
2007.11.09 09:33:20.951,0.6973,0.69745,0.30,6.60
2007.11.09 09:33:21.566,0.6973,0.69745,0.30,6.60
2007.11.09 09:33:21.835,0.69735,0.69745,0.30,0.30
2007.11.09 09:33:22.104,0.69735,0.69745,0.30,0.30
2007.11.09 09:33:22.413,0.69735,0.69745,0.30,0.30
2007.11.09 09:33:22.682,0.69735,0.69745,0.30,0.30
2007.11.09 09:33:22.951,0.69735,0.69745,0.30,0.30
2007.11.09 09:33:23.203,0.69735,0.69745,0.30,0.30
2007.11.09 09:33:23.661,0.69735,0.69745,0.30,0.30
2007.11.09 09:33:23.995,0.69735,0.69745,0.30,0.30
2007.11.09 09:33:24.331,0.69735,0.69745,0.30,0.30
2007.11.09 09:33:24.675,0.69735,0.6975,0.30,16.30
2007.11.09 09:33:24.889,0.69735,0.6975,0.30,16.30
2007.11.09 09:33:25.212,0.69735,0.6975,0.30,16.30
2007.11.09 09:33:25.426,0.69735,0.69745,0.30,0.30
2007.11.09 09:33:25.800,0.69735,0.69745,0.30,0.30
2007.11.09 09:33:26.132,0.69735,0.69745,0.30,0.30
2007.11.09 09:33:26.472,0.69735,0.69745,4.20,0.30
2007.11.09 09:33:26.815,0.69735,0.6975,0.30,0.30
2007.11.09 09:33:27.043,0.69735,0.6975,0.30,0.30
2007.11.09 09:33:27.284,0.6973,0.69745,4.20,4.20
2007.11.09 09:33:27.523,0.6973,0.69745,0.30,10.60
2007.11.09 09:33:27.799,0.6973,0.69745,0.30,10.60
2007.11.09 09:33:28.112,0.6973,0.69745,0.30,10.60
2007.11.09 09:33:28.426,0.6973,0.69745,0.30,10.60
2007.11.09 09:33:28.738,0.69725,0.6974,33.80,0.30
2007.11.09 09:33:29.072,0.69725,0.6974,11.40,0.30
2007.11.09 09:33:29.405,0.69725,0.6974,11.40,0.30
2007.11.09 09:33:29.848,0.69725,0.6974,11.40,0.30
2007.11.09 09:33:30.065,0.69725,0.6974,11.40,0.30
2007.11.09 09:33:30.288,0.69725,0.6974,10.60,0.30
2007.11.09 09:33:30.596,0.69725,0.6974,10.60,0.30
2007.11.09 09:33:30.844,0.69725,0.6974,6.60,0.30
2007.11.09 09:33:31.118,0.6973,0.6974,0.30,0.30
2007.11.09 09:33:31.392,0.6973,0.69735,0.30,4.00
2007.11.09 09:33:31.666,0.69725,0.69735,18.40,4.20
2007.11.09 09:33:31.939,0.6972,0.69735,0.50,0.30
2007.11.09 09:33:32.203,0.6973,0.69735,0.30,4.00
2007.11.09 09:33:32.468,0.6973,0.69745,0.30,41.00
2007.11.09 09:33:32.759,0.69725,0.69735,26.60,0.30
2007.11.09 09:33:33.007,0.69725,0.69735,0.30,0.30
2007.11.09 09:33:33.292,0.69725,0.69735,0.30,4.20
2007.11.09 09:33:33.578,0.69725,0.69735,0.30,8.20
2007.11.09 09:33:33.861,0.69725,0.69735,0.30,0.30
2007.11.09 09:33:34.148,0.69725,0.69735,0.30,0.30
2007.11.09 09:33:34.481,0.69725,0.6974,0.30,8.20
2007.11.09 09:33:34.822,0.69725,0.6974,0.30,8.20
2007.11.09 09:33:35.146,0.69725,0.69735,0.30,4.00
2007.11.09 09:33:35.373,0.69725,0.6974,0.30,12.20
2007.11.09 09:33:35.597,0.69725,0.6974,0.30,12.20
2007.11.09 09:33:35.820,0.6973,0.6974,0.30,8.20
2007.11.09 09:33:36.043,0.6973,0.6974,0.30,8.20
2007.11.09 09:33:36.348,0.69725,0.6974,18.60,0.30
2007.11.09 09:33:36.652,0.69725,0.6974,0.30,0.30
2007.11.09 09:33:37.028,0.6973,0.69745,0.30,21.00
2007.11.09 09:33:37.226,0.6973,0.6974,0.30,0.30
2007.11.09 09:33:37.426,0.6973,0.6974,0.30,0.30
2007.11.09 09:33:37.625,0.6973,0.6974,0.30,0.30
2007.11.09 09:33:37.862,0.6973,0.6974,0.30,0.30
2007.11.09 09:33:38.076,0.6973,0.6974,0.30,0.30
2007.11.09 09:33:38.408,0.6973,0.6974,0.30,0.30
2007.11.09 09:33:38.741,0.6973,0.6974,0.30,0.30
2007.11.09 09:33:39.075,0.6973,0.6974,0.30,0.30
2007.11.09 09:33:39.407,0.6973,0.6974,0.30,0.30
2007.11.09 09:33:39.630,0.6973,0.6974,0.30,0.30
2007.11.09 09:33:39.855,0.6973,0.6974,0.30,0.30
2007.11.09 09:33:40.077,0.6973,0.6974,0.30,0.30
2007.11.09 09:33:40.300,0.6973,0.6974,0.30,0.30
2007.11.09 09:33:40.613,0.6973,0.6974,0.30,0.30
2007.11.09 09:33:40.926,0.6973,0.6974,0.30,0.30
2007.11.09 09:33:41.240,0.6973,0.6974,0.30,0.30
2007.11.09 09:33:41.494,0.6973,0.6974,0.30,0.30
2007.11.09 09:33:41.747,0.6973,0.69745,0.30,4.20
2007.11.09 09:33:42.000,0.6973,0.69745,0.30,0.30
2007.11.09 09:33:42.253,0.6973,0.69745,0.30,0.30
2007.11.09 09:33:42.562,0.6973,0.69745,0.30,0.30
2007.11.09 09:33:42.870,0.6973,0.69745,0.30,4.20
2007.11.09 09:33:43.218,0.6973,0.69745,0.30,4.20
2007.11.09 09:33:43.552,0.6973,0.69745,0.30,0.30
2007.11.09 09:33:43.886,0.6973,0.69745,0.30,0.30
2007.11.09 09:33:44.220,0.69735,0.69745,4.00,0.30
2007.11.09 09:33:44.448,0.69735,0.69745,4.00,0.30
2007.11.09 09:33:44.676,0.69735,0.69745,4.00,0.30
2007.11.09 09:33:44.904,0.69735,0.69745,4.00,0.30
2007.11.09 09:33:45.202,0.69735,0.69745,4.00,0.30
2007.11.09 09:33:45.430,0.69735,0.69745,4.00,0.30
2007.11.09 09:33:45.759,0.69735,0.6974,4.00,0.30
2007.11.09 09:33:46.087,0.6973,0.6974,0.30,0.30
2007.11.09 09:33:46.415,0.6973,0.6974,0.30,0.30
2007.11.09 09:33:46.632,0.69735,0.69745,0.30,16.00
2007.11.09 09:33:46.851,0.69735,0.69745,0.30,4.00
2007.11.09 09:33:47.071,0.69735,0.69745,0.30,1.60
2007.11.09 09:33:47.290,0.6973,0.69745,0.30,12.20
2007.11.09 09:33:47.558,0.6973,0.69745,0.30,16.20
2007.11.09 09:33:47.826,0.6973,0.69745,0.30,0.30
2007.11.09 09:33:48.094,0.6973,0.69745,0.30,0.30
2007.11.09 09:33:48.362,0.6973,0.69745,0.30,0.30
2007.11.09 09:33:48.696,0.6973,0.69745,0.30,0.30
2007.11.09 09:33:49.029,0.6973,0.69745,0.30,0.30
2007.11.09 09:33:49.398,0.6973,0.69745,0.30,0.30
2007.11.09 09:33:49.731,0.6973,0.69745,0.30,0.30
2007.11.09 09:33:49.934,0.6973,0.69745,0.30,0.30
2007.11.09 09:33:50.138,0.6973,0.69745,0.30,0.30
2007.11.09 09:33:50.341,0.69735,0.69745,0.30,4.20
2007.11.09 09:33:50.545,0.69735,0.69745,0.30,4.20
2007.11.09 09:33:50.902,0.69735,0.69745,0.30,0.30
2007.11.09 09:33:51.267,0.69735,0.69745,0.30,0.30
2007.11.09 09:33:51.602,0.69735,0.69745,0.30,0.30
2007.11.09 09:33:51.821,0.69735,0.69745,0.30,4.20
2007.11.09 09:33:52.203,0.69735,0.69745,0.30,6.60
2007.11.09 09:33:52.422,0.6973,0.69745,4.20,6.60
2007.11.09 09:33:52.702,0.69735,0.69745,0.30,6.40
2007.11.09 09:33:52.980,0.69735,0.6975,0.30,0.30
2007.11.09 09:33:53.260,0.69735,0.69745,0.30,0.30
2007.11.09 09:33:53.539,0.69735,0.69745,0.30,0.30
2007.11.09 09:33:53.873,0.69735,0.69745,4.20,0.30
2007.11.09 09:33:54.206,0.69735,0.69745,4.20,0.30
2007.11.09 09:33:54.548,0.69735,0.69745,4.20,0.30
2007.11.09 09:33:54.752,0.69735,0.69745,4.20,0.30
2007.11.09 09:33:54.957,0.69735,0.69745,4.20,0.30
2007.11.09 09:33:55.284,0.69735,0.69745,4.20,0.30
2007.11.09 09:33:55.570,0.69735,0.69745,4.20,0.30
2007.11.09 09:33:55.830,0.69735,0.6975,8.20,0.30
2007.11.09 09:33:56.091,0.69735,0.6975,10.60,0.30
2007.11.09 09:33:56.349,0.69735,0.6975,8.20,0.30
2007.11.09 09:33:56.752,0.69735,0.6975,8.20,0.30
2007.11.09 09:33:57.068,0.69735,0.6975,8.20,0.30
2007.11.09 09:33:57.336,0.69735,0.6975,8.20,0.30
2007.11.09 09:33:57.605,0.69735,0.6975,8.20,0.30
2007.11.09 09:33:57.873,0.69735,0.6975,8.20,0.30
2007.11.09 09:33:58.231,0.69735,0.6975,10.60,0.30
2007.11.09 09:33:58.494,0.69735,0.6975,10.60,0.30
2007.11.09 09:33:58.757,0.6974,0.6975,0.30,0.30
2007.11.09 09:33:59.091,0.6974,0.6975,0.30,0.30
2007.11.09 09:33:59.424,0.6974,0.6975,0.30,0.30
2007.11.09 09:33:59.757,0.6974,0.6975,0.30,0.30
2007.11.09 09:33:59.941,0.6974,0.6975,0.30,0.30
2007.11.09 09:34:00.125,0.6974,0.6975,0.30,0.30
2007.11.09 09:34:00.307,0.6974,0.6975,0.30,0.30
2007.11.09 09:34:00.490,0.6974,0.6975,0.30,0.30
2007.11.09 09:34:00.673,0.6974,0.6975,0.30,0.30
2007.11.09 09:34:00.855,0.6974,0.6975,0.30,0.30
2007.11.09 09:34:01.159,0.6974,0.6975,0.30,0.30
2007.11.09 09:34:01.462,0.6974,0.6975,0.30,0.30
2007.11.09 09:34:01.809,0.6974,0.6975,0.30,0.30
2007.11.09 09:34:02.042,0.6974,0.6975,0.30,0.30
2007.11.09 09:34:02.276,0.6974,0.6975,0.30,0.30
2007.11.09 09:34:02.564,0.6974,0.6975,0.30,0.30
2007.11.09 09:34:02.797,0.6974,0.69755,0.30,16.20
2007.11.09 09:34:03.106,0.6974,0.69755,0.30,2.60
2007.11.09 09:34:03.416,0.6974,0.69755,0.30,0.30
2007.11.09 09:34:03.718,0.6974,0.69755,0.30,0.30
2007.11.09 09:34:04.029,0.6974,0.69755,0.30,0.30
2007.11.09 09:34:04.362,0.6974,0.69755,0.30,6.60
2007.11.09 09:34:04.696,0.6974,0.69755,0.30,6.60
2007.11.09 09:34:05.434,0.6974,0.69755,0.30,6.60
2007.11.09 09:34:06.254,0.6974,0.69755,0.30,6.60
2007.11.09 09:34:06.998,0.6974,0.69755,0.30,6.60
2007.11.09 09:34:07.236,0.6974,0.69755,0.30,6.60
2007.11.09 09:34:07.474,0.6974,0.69755,0.30,2.60
2007.11.09 09:34:07.713,0.6974,0.69755,0.30,2.60
2007.11.09 09:34:07.950,0.6974,0.69755,1.00,1.00
2007.11.09 09:34:08.190,0.6974,0.69755,1.80,1.00
2007.11.09 09:34:08.483,0.6974,0.69755,1.80,1.00
2007.11.09 09:34:08.777,0.6974,0.69755,1.80,1.00
2007.11.09 09:34:09.071,0.6974,0.69755,5.80,1.00
2007.11.09 09:34:09.406,0.6975,0.6976,0.30,8.20
2007.11.09 09:34:09.739,0.6975,0.6976,0.30,0.30
2007.11.09 09:34:10.080,0.6975,0.6976,0.30,0.30
2007.11.09 09:34:10.314,0.6975,0.69765,0.30,12.20
2007.11.09 09:34:10.549,0.6975,0.69765,0.30,6.60
2007.11.09 09:34:11.027,0.6975,0.69765,0.30,6.60
2007.11.09 09:34:11.283,0.6975,0.69765,0.30,2.60
2007.11.09 09:34:11.582,0.6975,0.69765,0.30,0.30
2007.11.09 09:34:11.881,0.6975,0.69765,0.30,0.30
2007.11.09 09:34:12.179,0.6975,0.69765,1.80,0.30
2007.11.09 09:34:12.422,0.6975,0.69765,0.30,0.30
2007.11.09 09:34:12.665,0.6975,0.69765,0.30,0.30
2007.11.09 09:34:12.909,0.6975,0.69765,0.30,0.30
2007.11.09 09:34:13.153,0.6975,0.69765,0.30,0.30
2007.11.09 09:34:13.485,0.6975,0.69765,0.30,0.30
2007.11.09 09:34:13.819,0.6975,0.69765,0.30,0.30
2007.11.09 09:34:14.151,0.6975,0.69765,0.30,0.30
2007.11.09 09:34:14.405,0.69755,0.69765,4.00,0.30
2007.11.09 09:34:14.659,0.69755,0.69765,4.00,0.30
2007.11.09 09:34:14.914,0.69755,0.69765,4.00,0.30
2007.11.09 09:34:15.168,0.69755,0.69765,4.80,0.30
2007.11.09 09:34:15.436,0.69755,0.69765,5.60,0.30
2007.11.09 09:34:15.704,0.69755,0.69765,4.00,0.30
2007.11.09 09:34:15.972,0.69755,0.69765,4.00,0.30
2007.11.09 09:34:16.241,0.69755,0.69765,4.00,0.30
2007.11.09 09:34:16.522,0.69755,0.6977,10.60,4.20
2007.11.09 09:34:16.799,0.69755,0.6977,10.60,0.30
2007.11.09 09:34:17.078,0.69755,0.6977,10.60,0.30
2007.11.09 09:34:17.355,0.69755,0.6977,10.60,0.30
2007.11.09 09:34:17.639,0.69755,0.6977,10.60,0.30
2007.11.09 09:34:17.923,0.69755,0.6977,10.60,0.30
2007.11.09 09:34:18.207,0.69755,0.6977,10.60,0.30
2007.11.09 09:34:18.501,0.69755,0.69765,8.20,0.30
2007.11.09 09:34:18.834,0.69755,0.69765,4.20,0.30
2007.11.09 09:34:19.166,0.69755,0.69765,0.30,0.30
2007.11.09 09:34:19.500,0.69755,0.69765,0.30,0.30
2007.11.09 09:34:19.718,0.69755,0.69765,0.30,0.30
2007.11.09 09:34:19.936,0.69755,0.69765,0.30,0.30
2007.11.09 09:34:20.290,0.69755,0.69765,0.30,0.30
2007.11.09 09:34:20.520,0.69755,0.69765,0.30,0.30
2007.11.09 09:34:20.748,0.69755,0.69765,0.30,0.30
2007.11.09 09:34:20.951,0.69755,0.6977,0.30,12.30
2007.11.09 09:34:20.978,0.69755,0.69765,0.30,0.30
2007.11.09 09:34:21.207,0.69755,0.69765,0.30,0.30
2007.11.09 09:34:21.443,0.69755,0.69765,0.30,0.30
2007.11.09 09:34:21.804,0.69755,0.69765,0.30,0.30
2007.11.09 09:34:22.137,0.69755,0.69765,0.30,0.30
2007.11.09 09:34:22.470,0.69755,0.69765,0.30,0.30
2007.11.09 09:34:22.704,0.69755,0.69765,0.30,0.30
2007.11.09 09:34:22.943,0.69755,0.69765,0.30,0.30
2007.11.09 09:34:23.177,0.69755,0.69765,0.30,0.30
2007.11.09 09:34:23.410,0.69755,0.69765,0.30,0.30
2007.11.09 09:34:23.743,0.69755,0.69765,0.30,0.30
2007.11.09 09:34:24.077,0.69755,0.69765,0.30,0.30
2007.11.09 09:34:24.411,0.69755,0.69765,0.30,0.30
2007.11.09 09:34:24.655,0.69755,0.69765,0.30,0.30
2007.11.09 09:34:24.990,0.69755,0.69765,0.30,0.30
2007.11.09 09:34:25.232,0.69755,0.69765,0.30,0.30
2007.11.09 09:34:25.475,0.69755,0.69765,0.30,0.30
2007.11.09 09:34:25.799,0.69755,0.69765,0.30,0.30
2007.11.09 09:34:26.123,0.69755,0.69765,0.30,0.30
2007.11.09 09:34:26.459,0.6975,0.69765,0.30,10.60
2007.11.09 09:34:26.728,0.6975,0.69765,0.30,10.60
2007.11.09 09:34:26.951,0.6975,0.69765,0.30,10.60
2007.11.09 09:34:27.277,0.6975,0.69765,0.30,10.60
2007.11.09 09:34:27.500,0.6975,0.69765,0.30,10.60
2007.11.09 09:34:27.834,0.69755,0.69765,0.30,8.20
2007.11.09 09:34:28.176,0.69755,0.69765,0.30,8.20
2007.11.09 09:34:28.722,0.6975,0.69765,4.20,8.20
2007.11.09 09:34:29.055,0.6975,0.69765,0.30,10.60
2007.11.09 09:34:29.388,0.6975,0.69765,0.30,10.60
2007.11.09 09:34:29.722,0.6975,0.69765,0.30,10.60
2007.11.09 09:34:29.928,0.6975,0.69765,0.30,10.60
2007.11.09 09:34:30.131,0.6975,0.69765,0.30,10.60
2007.11.09 09:34:30.336,0.6975,0.69765,0.30,10.60
2007.11.09 09:34:30.545,0.6975,0.69765,0.30,10.60
2007.11.09 09:34:30.860,0.6975,0.69765,0.30,10.60
2007.11.09 09:34:31.183,0.6975,0.69765,0.30,10.60
2007.11.09 09:34:31.506,0.6975,0.69765,0.30,10.60
2007.11.09 09:34:31.829,0.6975,0.69765,0.30,10.60
2007.11.09 09:34:32.174,0.6975,0.69765,0.30,6.60
2007.11.09 09:34:32.413,0.6975,0.69765,0.30,6.60
2007.11.09 09:34:32.788,0.6975,0.69765,0.30,6.60
2007.11.09 09:34:33.032,0.6975,0.69765,0.30,2.60
2007.11.09 09:34:33.275,0.6975,0.69765,0.30,2.60
2007.11.09 09:34:33.518,0.6975,0.69765,0.30,6.60
2007.11.09 09:34:33.762,0.6975,0.69765,0.30,6.60
2007.11.09 09:34:34.188,0.6975,0.69765,0.30,4.20
2007.11.09 09:34:34.522,0.69755,0.69765,0.30,0.30
2007.11.09 09:34:34.856,0.69755,0.69765,0.30,0.30
2007.11.09 09:34:35.086,0.69755,0.69765,0.30,0.30
2007.11.09 09:34:35.519,0.69755,0.69765,0.30,0.30
2007.11.09 09:34:35.748,0.69755,0.69765,0.30,0.30
2007.11.09 09:34:35.979,0.69755,0.69765,0.30,8.20
2007.11.09 09:34:36.194,0.69755,0.69765,0.30,8.20
2007.11.09 09:34:36.419,0.69755,0.69765,0.30,8.20
2007.11.09 09:34:36.642,0.69755,0.69765,0.30,8.20
2007.11.09 09:34:36.867,0.69755,0.69765,0.30,4.20
2007.11.09 09:34:37.149,0.69755,0.69765,0.30,0.30
2007.11.09 09:34:37.429,0.69755,0.69765,0.30,0.30
2007.11.09 09:34:37.706,0.69755,0.69765,0.30,0.30
2007.11.09 09:34:37.930,0.69755,0.69765,0.30,0.30
2007.11.09 09:34:38.153,0.69755,0.69765,0.30,0.30
2007.11.09 09:34:38.377,0.69755,0.6977,0.30,4.20
2007.11.09 09:34:38.601,0.69755,0.6977,0.30,0.30
2007.11.09 09:34:38.824,0.69755,0.69765,0.30,0.30
2007.11.09 09:34:39.166,0.69755,0.69765,0.30,0.30
2007.11.09 09:34:39.499,0.69755,0.69765,0.30,8.20
2007.11.09 09:34:39.833,0.69755,0.69765,0.30,8.20
2007.11.09 09:34:39.988,0.69745,0.69765,34.70,8.20
2007.11.09 09:34:40.069,0.69755,0.69765,0.30,8.20
2007.11.09 09:34:40.289,0.6975,0.69765,0.30,10.60
2007.11.09 09:34:40.517,0.6975,0.69765,0.30,10.60
2007.11.09 09:34:40.774,0.6975,0.69765,0.30,10.60
2007.11.09 09:34:41.003,0.6975,0.69765,0.30,10.60
2007.11.09 09:34:41.305,0.6975,0.69765,0.30,6.60
2007.11.09 09:34:41.590,0.6975,0.69765,0.30,6.60
2007.11.09 09:34:42.199,0.6975,0.69765,0.30,6.60
2007.11.09 09:34:42.426,0.6975,0.69765,0.30,6.60
2007.11.09 09:34:42.653,0.6975,0.69765,0.30,6.60
2007.11.09 09:34:42.882,0.6975,0.69765,0.30,10.60
2007.11.09 09:34:43.169,0.6975,0.69765,0.30,10.60
2007.11.09 09:34:43.768,0.6975,0.69765,0.30,10.60
2007.11.09 09:34:44.058,0.6975,0.69765,0.30,10.60
2007.11.09 09:34:44.501,0.6975,0.69765,0.30,10.60
2007.11.09 09:34:44.991,0.69745,0.6976,15.40,0.30
2007.11.09 09:34:45.321,0.6975,0.6976,0.30,0.30
2007.11.09 09:34:45.500,0.6975,0.6976,0.30,0.30
2007.11.09 09:34:45.679,0.6975,0.6976,0.30,0.30
2007.11.09 09:34:45.984,0.6975,0.6976,0.30,0.30
2007.11.09 09:34:46.288,0.6975,0.6976,0.30,0.30
2007.11.09 09:34:46.622,0.69745,0.69755,5.00,0.30
2007.11.09 09:34:46.956,0.6974,0.69755,4.20,0.30
2007.11.09 09:34:47.291,0.6974,0.69755,4.20,0.30
2007.11.09 09:34:47.519,0.6974,0.69755,4.20,0.30
2007.11.09 09:34:47.717,0.6974,0.69755,4.20,0.30
2007.11.09 09:34:47.915,0.6974,0.6975,4.20,0.30
2007.11.09 09:34:48.118,0.6974,0.6975,4.20,0.30
2007.11.09 09:34:48.740,0.6974,0.6975,4.20,0.30
2007.11.09 09:34:49.014,0.69745,0.6975,14.40,0.30
2007.11.09 09:34:49.287,0.69745,0.6975,32.80,0.30
2007.11.09 09:34:49.621,0.69745,0.6975,32.80,0.30
2007.11.09 09:34:50.003,0.69745,0.6975,36.80,0.30
2007.11.09 09:34:50.525,0.69745,0.6975,36.80,0.30
2007.11.09 09:34:51.156,0.69745,0.6975,36.80,0.30
2007.11.09 09:34:51.553,0.69745,0.6975,32.80,0.30
2007.11.09 09:34:51.969,0.69745,0.6975,32.80,0.30
2007.11.09 09:34:52.494,0.69745,0.6975,32.80,0.30
2007.11.09 09:34:53.050,0.69745,0.6975,32.80,0.30
2007.11.09 09:34:53.261,0.69745,0.6975,33.60,0.30
2007.11.09 09:34:53.594,0.69745,0.6975,33.60,0.30
2007.11.09 09:34:54.232,0.69745,0.6975,33.60,0.30
2007.11.09 09:34:54.565,0.69745,0.6975,37.60,0.30
2007.11.09 09:34:54.784,0.69745,0.6975,37.60,0.30
2007.11.09 09:34:55.522,0.69745,0.6975,37.60,0.30
2007.11.09 09:34:56.770,0.69745,0.6975,37.60,0.30
2007.11.09 09:34:56.990,0.69745,0.6975,37.60,0.30
2007.11.09 09:34:57.333,0.69745,0.6976,37.80,0.30
2007.11.09 09:34:57.551,0.69745,0.6976,44.20,0.30
2007.11.09 09:34:57.770,0.6975,0.6976,0.30,0.30
2007.11.09 09:34:57.987,0.6975,0.6976,0.30,0.30
2007.11.09 09:34:58.205,0.6975,0.6976,0.30,0.30
2007.11.09 09:34:58.423,0.6975,0.69765,0.30,1.80
2007.11.09 09:34:58.755,0.6975,0.69765,1.80,1.80
2007.11.09 09:34:59.093,0.6975,0.69765,1.80,0.30
2007.11.09 09:34:59.427,0.6975,0.69765,1.00,0.30
2007.11.09 09:34:59.641,0.6975,0.69765,0.30,0.30
2007.11.09 09:34:59.854,0.69755,0.69765,0.30,4.00
2007.11.09 09:35:00.067,0.69755,0.6977,6.60,0.30
2007.11.09 09:35:00.281,0.69755,0.6977,6.60,0.30
2007.11.09 09:35:00.802,0.69755,0.6977,6.60,0.30
2007.11.09 09:35:01.135,0.69755,0.6977,6.60,0.30
2007.11.09 09:35:01.469,0.69755,0.6977,2.60,0.30
2007.11.09 09:35:01.663,0.69755,0.6977,2.60,0.30
2007.11.09 09:35:01.857,0.69755,0.6977,6.60,0.30
2007.11.09 09:35:03.065,0.69755,0.6977,6.60,0.30
2007.11.09 09:35:04.804,0.69755,0.69765,6.60,0.30
2007.11.09 09:35:04.967,0.69755,0.69765,4.20,0.30
2007.11.09 09:35:05.169,0.69755,0.69765,4.20,0.30
2007.11.09 09:35:05.332,0.69755,0.6976,4.00,0.30
2007.11.09 09:35:05.495,0.69755,0.6976,4.00,0.30
2007.11.09 09:35:05.660,0.69755,0.6976,4.00,0.30
2007.11.09 09:35:05.969,0.6975,0.6976,0.30,0.30
2007.11.09 09:35:06.277,0.6975,0.6976,0.30,0.30
2007.11.09 09:35:06.587,0.6975,0.6976,0.30,0.30
2007.11.09 09:35:06.846,0.6975,0.6976,0.30,0.30
2007.11.09 09:35:07.561,0.6975,0.6976,0.30,0.30
2007.11.09 09:35:07.799,0.6975,0.6976,0.30,0.30
2007.11.09 09:35:08.038,0.6975,0.6976,0.30,0.30
2007.11.09 09:35:08.445,0.6975,0.6976,0.30,0.30
2007.11.09 09:35:08.683,0.6975,0.6976,0.30,0.30
2007.11.09 09:35:09.016,0.6975,0.69765,0.30,0.30
2007.11.09 09:35:09.350,0.6975,0.69765,0.30,0.30
2007.11.09 09:35:09.712,0.6975,0.69765,0.30,0.30
2007.11.09 09:35:10.541,0.6975,0.69765,0.30,0.30
2007.11.09 09:35:10.762,0.6975,0.69765,0.30,0.30
2007.11.09 09:35:11.061,0.6975,0.69765,0.30,0.30
2007.11.09 09:35:11.362,0.69755,0.69765,0.30,0.30
2007.11.09 09:35:11.661,0.69755,0.69765,0.30,0.30
2007.11.09 09:35:13.055,0.69755,0.69765,0.30,0.30
2007.11.09 09:35:13.308,0.69755,0.69765,0.30,0.30
2007.11.09 09:35:13.561,0.69755,0.69765,0.30,0.30
2007.11.09 09:35:15.576,0.69755,0.69765,0.30,0.30
2007.11.09 09:35:15.653,0.69755,0.69765,0.30,0.30
2007.11.09 09:35:15.759,0.6975,0.6976,0.30,0.30
2007.11.09 09:35:15.868,0.6975,0.6976,0.30,0.30
2007.11.09 09:35:15.951,0.6975,0.6976,0.30,0.30
2007.11.09 09:35:16.036,0.6975,0.6976,0.30,0.30
2007.11.09 09:35:16.119,0.6975,0.6976,0.30,0.30
2007.11.09 09:35:16.276,0.6975,0.6976,0.30,0.30
2007.11.09 09:35:16.358,0.6975,0.6976,0.30,0.30
2007.11.09 09:35:16.442,0.69745,0.6976,31.40,0.30
2007.11.09 09:35:16.525,0.69745,0.6976,31.40,0.30
2007.11.09 09:35:16.777,0.69745,0.6976,13.00,0.30
2007.11.09 09:35:17.120,0.69745,0.6976,5.00,0.30
2007.11.09 09:35:17.452,0.69745,0.6976,5.00,0.30
2007.11.09 09:35:17.784,0.69745,0.6976,1.00,0.30
2007.11.09 09:35:18.028,0.69745,0.6976,1.00,0.30
2007.11.09 09:35:18.264,0.69745,0.6976,1.00,0.30
2007.11.09 09:35:18.503,0.69745,0.69755,0.30,0.30
2007.11.09 09:35:18.801,0.69745,0.69755,0.30,0.30
2007.11.09 09:35:19.136,0.69745,0.69755,0.30,0.30
2007.11.09 09:35:19.468,0.69745,0.69755,0.30,0.30
2007.11.09 09:35:19.801,0.69745,0.69755,0.30,0.30
2007.11.09 09:35:20.035,0.69745,0.69755,0.30,0.30
2007.11.09 09:35:20.268,0.69745,0.69755,0.30,0.30
2007.11.09 09:35:20.502,0.6974,0.69755,4.20,0.30
2007.11.09 09:35:20.814,0.6974,0.69755,4.20,0.30
2007.11.09 09:35:21.095,0.6974,0.6975,4.20,0.30
2007.11.09 09:35:21.384,0.6974,0.6975,0.30,0.30
2007.11.09 09:35:21.672,0.6974,0.6975,0.30,0.30
2007.11.09 09:35:21.961,0.6974,0.69755,4.20,0.30
2007.11.09 09:35:22.214,0.6974,0.69755,4.20,0.30
2007.11.09 09:35:22.467,0.6974,0.69755,4.20,0.30
2007.11.09 09:35:22.720,0.69745,0.69755,0.80,0.30
2007.11.09 09:35:22.975,0.69745,0.69755,1.00,0.30
2007.11.09 09:35:23.208,0.69745,0.69755,1.00,0.30
2007.11.09 09:35:23.443,0.69745,0.69755,0.30,0.30
2007.11.09 09:35:23.675,0.69745,0.69755,0.30,0.30
2007.11.09 09:35:23.967,0.69745,0.69755,0.30,0.30
2007.11.09 09:35:24.301,0.69745,0.69755,0.30,0.30
2007.11.09 09:35:24.633,0.69745,0.69755,0.30,0.30
2007.11.09 09:35:24.966,0.69745,0.6976,0.30,0.30
2007.11.09 09:35:25.190,0.69745,0.6976,0.30,0.30
2007.11.09 09:35:25.420,0.69745,0.6976,0.30,0.30
2007.11.09 09:35:25.566,0.69745,0.6976,0.30,0.30
2007.11.09 09:35:25.636,0.69745,0.69765,0.30,60.20
2007.11.09 09:35:25.859,0.69745,0.6976,0.30,0.30
2007.11.09 09:35:26.083,0.69745,0.69765,0.30,61.80
2007.11.09 09:35:26.376,0.69745,0.6976,0.30,4.30
2007.11.09 09:35:26.669,0.69745,0.69755,0.30,4.00
2007.11.09 09:35:26.969,0.69745,0.6976,0.30,8.20
2007.11.09 09:35:27.262,0.69745,0.6976,0.30,0.30
2007.11.09 09:35:27.530,0.69745,0.6976,0.30,0.30
2007.11.09 09:35:27.798,0.69745,0.6976,0.30,0.30
2007.11.09 09:35:28.096,0.69745,0.6976,1.00,0.30
2007.11.09 09:35:28.345,0.69745,0.6976,0.30,0.30
2007.11.09 09:35:28.593,0.69745,0.6976,4.20,0.30
2007.11.09 09:35:28.850,0.69745,0.6976,4.20,0.30
2007.11.09 09:35:29.109,0.69745,0.6976,4.20,0.30
2007.11.09 09:35:29.442,0.69745,0.6976,5.00,0.30
2007.11.09 09:35:29.776,0.69745,0.6976,1.00,0.30
2007.11.09 09:35:30.110,0.69745,0.6976,9.00,0.30
2007.11.09 09:35:30.330,0.69745,0.6976,9.00,0.30
2007.11.09 09:35:30.921,0.69745,0.6976,9.00,0.30
2007.11.09 09:35:31.134,0.69745,0.6976,9.00,0.30
2007.11.09 09:35:31.422,0.69745,0.6976,9.00,0.30
2007.11.09 09:35:31.712,0.69745,0.6976,9.00,0.30
2007.11.09 09:35:32.000,0.69745,0.6976,9.00,0.30
2007.11.09 09:35:32.289,0.69745,0.6976,9.00,0.30
2007.11.09 09:35:32.528,0.6975,0.6976,0.30,0.30
2007.11.09 09:35:32.902,0.6975,0.6976,0.30,0.30
2007.11.09 09:35:33.140,0.6975,0.6976,0.30,0.30
2007.11.09 09:35:34.191,0.6975,0.6976,0.30,0.30
2007.11.09 09:35:34.340,0.6975,0.6976,0.30,0.30
2007.11.09 09:35:34.516,0.6975,0.6976,0.30,0.30
2007.11.09 09:35:34.798,0.6975,0.6976,0.30,0.30
2007.11.09 09:35:34.947,0.6975,0.6976,0.30,0.30
2007.11.09 09:35:35.095,0.6975,0.6976,0.30,0.30
2007.11.09 09:35:35.294,0.6975,0.6976,0.30,0.30
2007.11.09 09:35:35.613,0.69745,0.6976,41.80,0.30
2007.11.09 09:35:35.921,0.6975,0.69765,0.30,54.60
2007.11.09 09:35:36.231,0.6975,0.69765,0.30,16.20
2007.11.09 09:35:36.540,0.6975,0.69765,0.30,8.20
2007.11.09 09:35:36.829,0.6975,0.69765,0.30,6.60
2007.11.09 09:35:37.118,0.6975,0.69765,0.30,6.60
2007.11.09 09:35:37.407,0.6975,0.69765,0.30,6.60
2007.11.09 09:35:38.068,0.6975,0.69765,0.30,6.60
2007.11.09 09:35:38.435,0.6975,0.69765,0.30,6.60
2007.11.09 09:35:38.769,0.69755,0.69765,0.30,0.30
2007.11.09 09:35:39.103,0.6975,0.69765,0.30,6.60
2007.11.09 09:35:39.436,0.6975,0.69765,0.30,6.60
2007.11.09 09:35:39.624,0.6975,0.69765,0.30,6.60
2007.11.09 09:35:40.013,0.6975,0.69765,0.30,6.60
2007.11.09 09:35:40.475,0.6975,0.69765,0.30,10.60
2007.11.09 09:35:40.808,0.6975,0.69765,0.30,10.60
2007.11.09 09:35:41.141,0.6975,0.69765,0.30,6.60
2007.11.09 09:35:41.474,0.6975,0.69765,0.30,6.60
2007.11.09 09:35:42.532,0.6975,0.69765,0.30,6.60
2007.11.09 09:35:43.037,0.6975,0.69765,0.30,6.60
2007.11.09 09:35:43.356,0.6975,0.69765,0.30,2.60
2007.11.09 09:35:43.674,0.6975,0.69765,0.30,2.60
2007.11.09 09:35:44.007,0.6975,0.6976,0.30,0.30
2007.11.09 09:35:44.340,0.6975,0.6976,0.30,0.30
2007.11.09 09:35:44.674,0.69745,0.6976,1.00,0.30
2007.11.09 09:35:44.862,0.69745,0.6976,1.00,0.30
2007.11.09 09:35:45.050,0.69745,0.6976,1.00,0.30
2007.11.09 09:35:45.241,0.69745,0.6976,1.00,0.30
2007.11.09 09:35:45.429,0.69745,0.69755,1.00,0.30
2007.11.09 09:35:45.629,0.69745,0.69755,1.00,0.30
2007.11.09 09:35:45.932,0.69745,0.69755,1.00,0.30
2007.11.09 09:35:46.216,0.69745,0.69755,5.00,0.30
2007.11.09 09:35:46.500,0.69745,0.6976,5.00,0.30
2007.11.09 09:35:46.782,0.69745,0.6976,5.00,0.30
2007.11.09 09:35:46.996,0.69745,0.69755,5.00,0.30
2007.11.09 09:35:47.208,0.69745,0.69755,5.00,0.30
2007.11.09 09:35:47.423,0.69745,0.6976,5.00,0.30
2007.11.09 09:35:47.637,0.69745,0.6976,5.00,0.30
2007.11.09 09:35:47.840,0.69745,0.6976,5.00,0.30
2007.11.09 09:35:48.045,0.69745,0.6976,5.00,0.30
2007.11.09 09:35:48.247,0.69745,0.6976,5.00,0.30
2007.11.09 09:35:48.527,0.69745,0.6976,5.00,0.30
2007.11.09 09:35:50.361,0.69745,0.6976,9.00,0.30
2007.11.09 09:35:50.489,0.6975,0.69765,0.30,34.60
2007.11.09 09:35:50.618,0.6975,0.69765,0.30,16.20
2007.11.09 09:35:50.639,0.6975,0.6977,0.30,33.80
2007.11.09 09:35:50.797,0.6975,0.6977,0.30,29.80
2007.11.09 09:35:51.114,0.6975,0.6977,0.30,28.20
2007.11.09 09:35:51.433,0.6975,0.69765,0.30,0.60
2007.11.09 09:35:51.750,0.6975,0.69765,0.30,0.50
2007.11.09 09:35:52.010,0.6975,0.6977,0.30,32.20
2007.11.09 09:35:52.276,0.6975,0.6977,0.30,32.20
2007.11.09 09:35:52.534,0.6975,0.69765,0.30,0.50
2007.11.09 09:35:52.806,0.6975,0.6977,0.30,31.50
2007.11.09 09:35:53.529,0.6975,0.6977,0.30,31.50
2007.11.09 09:35:53.803,0.6975,0.6977,0.30,31.50
2007.11.09 09:35:54.136,0.6975,0.69765,0.30,0.50
2007.11.09 09:35:54.468,0.6975,0.69765,0.30,0.60
2007.11.09 09:35:54.802,0.6975,0.6977,0.30,31.40
2007.11.09 09:35:55.015,0.6975,0.69765,0.30,0.80
2007.11.09 09:35:55.227,0.6975,0.6977,0.30,31.40
2007.11.09 09:35:57.210,0.6975,0.69765,0.30,0.70
2007.11.09 09:35:57.518,0.6975,0.69765,0.30,0.70
2007.11.09 09:35:57.970,0.6975,0.69765,0.30,0.70
2007.11.09 09:35:58.277,0.6975,0.6977,0.30,32.20
2007.11.09 09:35:59.012,0.6975,0.69765,0.30,0.60
2007.11.09 09:35:59.536,0.6975,0.6977,0.30,32.20
2007.11.09 09:35:59.971,0.69745,0.6976,38.40,8.30
2007.11.09 09:36:00.104,0.69745,0.6976,18.40,12.30
2007.11.09 09:36:00.236,0.6974,0.6976,0.30,12.30
2007.11.09 09:36:00.370,0.6974,0.69755,0.30,0.30
2007.11.09 09:36:00.503,0.6974,0.6976,0.30,12.30
2007.11.09 09:36:00.772,0.6974,0.6976,0.30,12.30
2007.11.09 09:36:00.977,0.6974,0.6976,0.30,12.30
2007.11.09 09:36:01.311,0.6974,0.69755,0.30,0.30
2007.11.09 09:36:01.643,0.6974,0.69755,0.30,0.30
2007.11.09 09:36:02.027,0.6974,0.6976,0.30,12.30
2007.11.09 09:36:02.229,0.6974,0.69755,0.30,0.30
2007.11.09 09:36:02.552,0.6974,0.6976,0.30,12.30
2007.11.09 09:36:03.079,0.6974,0.6976,0.30,12.30
2007.11.09 09:36:03.376,0.6974,0.6976,0.30,12.30
2007.11.09 09:36:03.674,0.6974,0.6976,0.30,12.30
2007.11.09 09:36:03.974,0.6974,0.6976,0.30,17.80
2007.11.09 09:36:04.272,0.6974,0.6976,0.30,17.80
2007.11.09 09:36:04.605,0.6974,0.6976,0.30,21.80
2007.11.09 09:36:04.967,0.6974,0.69755,0.30,0.50
2007.11.09 09:36:05.301,0.6974,0.69755,0.30,0.90
2007.11.09 09:36:05.493,0.6974,0.6976,0.30,26.60
2007.11.09 09:36:05.777,0.6974,0.6976,0.30,26.60
2007.11.09 09:36:06.145,0.6974,0.6976,0.30,22.60
2007.11.09 09:36:06.415,0.6974,0.6976,0.30,21.80
2007.11.09 09:36:06.668,0.69745,0.6976,0.30,17.90
2007.11.09 09:36:07.022,0.69745,0.69755,0.30,0.30
2007.11.09 09:36:07.752,0.69745,0.6976,0.30,17.90
2007.11.09 09:36:07.991,0.6974,0.6976,4.20,26.60
2007.11.09 09:36:09.081,0.6974,0.69755,0.30,0.80
2007.11.09 09:36:09.368,0.69745,0.69755,0.30,0.50
2007.11.09 09:36:09.656,0.69745,0.6976,0.30,12.30
2007.11.09 09:36:09.945,0.69745,0.6976,0.30,12.30
2007.11.09 09:36:10.233,0.69745,0.69755,0.30,0.30
2007.11.09 09:36:10.566,0.69745,0.69765,6.60,78.60
2007.11.09 09:36:10.899,0.69745,0.6976,6.60,0.30
2007.11.09 09:36:11.233,0.6975,0.6976,0.30,0.30
2007.11.09 09:36:11.422,0.6975,0.69765,0.30,35.60
2007.11.09 09:36:11.610,0.6975,0.6976,0.30,0.30
2007.11.09 09:36:11.797,0.6975,0.69765,0.30,35.60
2007.11.09 09:36:11.991,0.6975,0.6976,0.30,0.30
2007.11.09 09:36:12.225,0.6975,0.6976,0.30,0.30
2007.11.09 09:36:12.548,0.69745,0.6976,45.00,0.30
2007.11.09 09:36:12.820,0.69745,0.69765,18.60,73.90
2007.11.09 09:36:13.556,0.69745,0.6976,18.60,0.30
2007.11.09 09:36:13.936,0.69745,0.69765,18.60,73.10
2007.11.09 09:36:14.269,0.69745,0.6976,18.60,0.30
2007.11.09 09:36:14.442,0.69745,0.69765,18.60,68.30
2007.11.09 09:36:14.615,0.69745,0.69765,19.40,62.60
2007.11.09 09:36:14.787,0.69745,0.69765,19.40,62.60
2007.11.09 09:36:15.207,0.69745,0.69765,19.40,62.60
2007.11.09 09:36:15.382,0.6975,0.69765,0.30,62.60
2007.11.09 09:36:15.666,0.6975,0.6976,0.30,0.30
2007.11.09 09:36:15.949,0.6975,0.6976,0.30,0.30
2007.11.09 09:36:16.231,0.6975,0.69765,0.30,28.30
2007.11.09 09:36:16.515,0.6975,0.69765,0.30,28.30
2007.11.09 09:36:16.777,0.6975,0.69765,0.30,32.30
2007.11.09 09:36:17.005,0.6975,0.69765,0.30,32.30
2007.11.09 09:36:17.302,0.6975,0.6976,0.30,0.30
2007.11.09 09:36:17.932,0.6975,0.69765,0.30,33.10
2007.11.09 09:36:18.155,0.6975,0.6976,0.30,0.30
2007.11.09 09:36:18.380,0.6975,0.69765,0.30,33.10
2007.11.09 09:36:18.728,0.69745,0.6976,18.60,0.30
2007.11.09 09:36:19.059,0.69745,0.69765,18.60,67.40
2007.11.09 09:36:19.394,0.69745,0.69765,14.60,67.40
2007.11.09 09:36:22.480,0.69745,0.6976,14.60,0.30
2007.11.09 09:36:23.015,0.69745,0.6976,14.60,0.30
2007.11.09 09:36:24.273,0.69745,0.6976,14.60,0.30
2007.11.09 09:36:26.249,0.69745,0.6976,14.60,0.30
2007.11.09 09:36:26.453,0.69745,0.6976,14.60,0.30
2007.11.09 09:36:28.070,0.69745,0.6976,14.60,0.30
2007.11.09 09:36:28.292,0.69745,0.6976,18.60,0.30
2007.11.09 09:36:29.016,0.69745,0.6976,18.60,0.30
2007.11.09 09:36:29.349,0.69745,0.6976,14.60,0.30
2007.11.09 09:36:30.264,0.69745,0.6976,14.60,0.30
2007.11.09 09:36:30.442,0.69745,0.69755,14.40,0.30
2007.11.09 09:36:30.620,0.6974,0.69755,4.20,0.30
2007.11.09 09:36:30.864,0.6974,0.69755,0.30,0.30
2007.11.09 09:36:31.108,0.6974,0.6975,0.30,0.30
2007.11.09 09:36:31.351,0.6974,0.6975,0.30,0.30
2007.11.09 09:36:31.729,0.6974,0.6975,0.30,0.30
2007.11.09 09:36:32.019,0.6974,0.6975,0.30,0.30
2007.11.09 09:36:32.219,0.6974,0.6975,0.30,0.30
2007.11.09 09:36:32.417,0.6974,0.6975,0.30,0.30
2007.11.09 09:36:32.765,0.6974,0.6975,0.30,0.30
2007.11.09 09:36:33.004,0.6974,0.6975,0.30,0.30
2007.11.09 09:36:34.923,0.6974,0.6975,0.30,0.30
2007.11.09 09:36:35.030,0.6974,0.6975,0.30,0.30
2007.11.09 09:36:35.139,0.6974,0.6975,0.30,0.30
2007.11.09 09:36:35.256,0.6974,0.6975,0.30,0.30
2007.11.09 09:36:35.440,0.6974,0.6975,0.30,0.30
2007.11.09 09:36:35.547,0.6974,0.69755,0.30,8.20
2007.11.09 09:36:35.662,0.6974,0.69755,0.30,1.80
2007.11.09 09:36:35.996,0.6974,0.69755,0.30,0.30
2007.11.09 09:36:36.328,0.6974,0.69755,0.30,0.30
2007.11.09 09:36:36.661,0.6974,0.69755,0.30,0.30
2007.11.09 09:36:36.824,0.6974,0.69755,0.30,0.30
2007.11.09 09:36:37.005,0.6974,0.69755,0.30,0.30
2007.11.09 09:36:37.269,0.6974,0.69755,0.30,0.30
2007.11.09 09:36:37.432,0.6974,0.69755,0.30,0.30
2007.11.09 09:36:37.742,0.6974,0.69755,0.30,0.30
2007.11.09 09:36:37.904,0.6974,0.69755,0.30,0.30
2007.11.09 09:36:38.334,0.6974,0.69755,0.30,0.30
2007.11.09 09:36:38.557,0.6974,0.69755,0.30,0.30
2007.11.09 09:36:38.782,0.6974,0.69755,0.30,0.30
2007.11.09 09:36:39.115,0.6974,0.69755,0.30,0.30
2007.11.09 09:36:39.448,0.6974,0.69755,0.30,0.30
2007.11.09 09:36:39.781,0.6974,0.69755,0.30,0.30
2007.11.09 09:36:40.115,0.6974,0.69755,0.30,0.30
2007.11.09 09:36:41.267,0.6974,0.69755,0.30,0.30
2007.11.09 09:36:41.563,0.6974,0.69755,0.30,0.30
2007.11.09 09:36:41.792,0.6974,0.69755,0.30,0.30
2007.11.09 09:36:42.005,0.6974,0.69755,0.30,0.30
2007.11.09 09:36:42.470,0.6974,0.6975,0.30,0.30
2007.11.09 09:36:42.659,0.6974,0.6975,0.30,0.30
2007.11.09 09:36:42.847,0.6974,0.6975,0.30,0.30
2007.11.09 09:36:43.035,0.6974,0.6975,0.30,0.30
2007.11.09 09:36:43.775,0.6974,0.6975,0.30,0.30
2007.11.09 09:36:44.113,0.6974,0.6975,0.30,0.30
2007.11.09 09:36:44.192,0.6974,0.6975,0.30,0.30
2007.11.09 09:36:45.633,0.6974,0.6975,0.30,0.30
2007.11.09 09:36:45.827,0.6974,0.6975,0.30,0.30
2007.11.09 09:36:46.280,0.6974,0.6975,0.30,0.30
2007.11.09 09:36:48.080,0.6974,0.6975,0.30,0.30
2007.11.09 09:36:48.319,0.6974,0.6975,0.30,0.30
2007.11.09 09:36:48.559,0.6974,0.6975,0.30,0.30
2007.11.09 09:36:49.010,0.6974,0.6975,0.30,0.30
2007.11.09 09:36:49.248,0.6974,0.6975,0.30,0.30
2007.11.09 09:36:49.619,0.6974,0.6975,0.30,0.30
2007.11.09 09:36:49.953,0.6974,0.6975,0.30,0.30
2007.11.09 09:36:50.287,0.6974,0.6975,0.30,0.30
2007.11.09 09:36:52.721,0.6974,0.6975,0.30,0.30
2007.11.09 09:36:53.130,0.6974,0.6975,0.30,0.30
2007.11.09 09:36:53.463,0.6974,0.6975,0.30,0.30
2007.11.09 09:36:53.796,0.6974,0.6975,0.30,0.30
2007.11.09 09:36:54.466,0.6974,0.6975,0.30,0.30
2007.11.09 09:36:54.799,0.6974,0.6975,0.30,0.30
2007.11.09 09:36:55.146,0.6974,0.6975,0.30,0.30
2007.11.09 09:36:55.365,0.6974,0.6975,0.30,0.30
2007.11.09 09:36:55.584,0.6974,0.6975,0.30,0.30
2007.11.09 09:36:56.224,0.6974,0.6975,0.30,0.30
2007.11.09 09:36:56.503,0.6974,0.6975,0.30,0.30
2007.11.09 09:36:57.093,0.6974,0.6975,0.30,0.30
2007.11.09 09:36:57.370,0.6974,0.6975,0.30,0.30
2007.11.09 09:36:58.075,0.6974,0.6975,0.30,0.30
2007.11.09 09:36:59.284,0.6974,0.6975,0.30,0.30
2007.11.09 09:36:59.426,0.6974,0.6975,0.30,0.30
2007.11.09 09:36:59.570,0.6974,0.6975,0.30,0.30
2007.11.09 09:37:00.327,0.6974,0.6975,0.30,0.30
2007.11.09 09:37:00.634,0.6974,0.6975,0.30,0.30
2007.11.09 09:37:00.931,0.69735,0.6975,53.00,0.30
2007.11.09 09:37:01.229,0.69735,0.6975,48.20,0.30
2007.11.09 09:37:01.528,0.69735,0.6975,26.60,0.30
2007.11.09 09:37:01.756,0.6974,0.6975,0.30,0.30
2007.11.09 09:37:01.984,0.6974,0.6975,0.30,0.30
2007.11.09 09:37:02.211,0.6974,0.6975,0.30,0.30
2007.11.09 09:37:02.440,0.6974,0.6975,0.30,0.30
2007.11.09 09:37:02.658,0.6974,0.6975,0.30,0.30
2007.11.09 09:37:02.875,0.6974,0.6975,0.30,0.30
2007.11.09 09:37:03.152,0.69735,0.6975,41.90,0.30
2007.11.09 09:37:03.324,0.6974,0.6975,0.30,0.30
2007.11.09 09:37:03.540,0.6974,0.6975,0.30,0.30
2007.11.09 09:37:03.873,0.6974,0.6975,0.30,0.30
2007.11.09 09:37:04.207,0.6974,0.6975,0.30,0.30
2007.11.09 09:37:04.541,0.6974,0.6975,0.30,0.30
2007.11.09 09:37:04.963,0.6974,0.6975,0.30,0.30
2007.11.09 09:37:05.361,0.6974,0.6975,0.30,0.30
2007.11.09 09:37:05.760,0.6974,0.6975,0.30,0.30
2007.11.09 09:37:08.131,0.6974,0.6975,0.30,0.30
2007.11.09 09:37:08.473,0.6974,0.6975,0.30,0.30
2007.11.09 09:37:09.722,0.6974,0.6975,0.30,0.30
2007.11.09 09:37:10.755,0.6974,0.6975,0.30,0.30
2007.11.09 09:37:13.021,0.6974,0.6975,0.30,0.30
2007.11.09 09:37:13.224,0.6974,0.6975,0.30,0.30
2007.11.09 09:37:16.721,0.6974,0.6975,0.30,0.30
2007.11.09 09:37:16.954,0.6974,0.6975,0.30,0.30
2007.11.09 09:37:17.167,0.69735,0.6975,45.80,0.30
2007.11.09 09:37:17.380,0.69735,0.6975,19.40,0.30
2007.11.09 09:37:17.594,0.69735,0.6975,19.40,0.30
2007.11.09 09:37:18.037,0.6974,0.6975,0.30,0.30
2007.11.09 09:37:18.310,0.6974,0.6975,0.30,0.30
2007.11.09 09:37:18.579,0.6974,0.6975,0.30,0.30
2007.11.09 09:37:18.848,0.6974,0.6975,0.30,0.30
2007.11.09 09:37:19.183,0.6974,0.6975,0.30,0.30
2007.11.09 09:37:19.515,0.6974,0.6975,0.30,0.30
2007.11.09 09:37:19.849,0.6974,0.6975,0.30,0.30
2007.11.09 09:37:20.239,0.6974,0.6975,0.30,0.30
2007.11.09 09:37:23.079,0.6974,0.6975,0.30,0.30
2007.11.09 09:37:24.043,0.6974,0.6975,0.30,0.30
2007.11.09 09:37:24.371,0.6974,0.6975,0.30,0.30
2007.11.09 09:37:25.321,0.6974,0.6975,0.30,0.30
2007.11.09 09:37:25.503,0.6974,0.69755,0.30,34.30
2007.11.09 09:37:25.692,0.69735,0.69755,52.30,25.40
2007.11.09 09:37:25.880,0.6974,0.69755,0.30,17.00
2007.11.09 09:37:26.069,0.69735,0.69755,60.20,9.00
2007.11.09 09:37:26.358,0.69745,0.69755,0.30,0.30
2007.11.09 09:37:26.648,0.69745,0.6976,0.30,17.10
2007.11.09 09:37:26.936,0.69745,0.6976,6.60,0.30
2007.11.09 09:37:27.223,0.69745,0.6976,6.60,0.30
2007.11.09 09:37:27.782,0.69745,0.6976,6.60,0.30
2007.11.09 09:37:28.019,0.69745,0.6976,6.60,0.30
2007.11.09 09:37:28.198,0.69745,0.6976,10.60,0.30
2007.11.09 09:37:28.375,0.69745,0.6976,10.60,0.30
2007.11.09 09:37:29.941,0.69745,0.6976,10.60,0.30
2007.11.09 09:37:30.275,0.69745,0.6976,6.60,0.30
2007.11.09 09:37:30.419,0.69745,0.6976,6.60,0.30
2007.11.09 09:37:30.561,0.69745,0.6976,6.60,8.20
2007.11.09 09:37:30.706,0.69745,0.69755,0.30,0.30
2007.11.09 09:37:30.849,0.69745,0.69755,0.30,0.30
2007.11.09 09:37:31.001,0.69745,0.69755,0.30,0.30
2007.11.09 09:37:31.143,0.6974,0.69755,8.20,0.30
2007.11.09 09:37:31.476,0.6974,0.69755,0.30,2.60
2007.11.09 09:37:31.817,0.6974,0.69755,0.30,6.60
2007.11.09 09:37:32.257,0.6974,0.69755,0.30,6.60
2007.11.09 09:37:32.886,0.6974,0.69755,0.30,6.60
2007.11.09 09:37:33.110,0.6974,0.69755,0.30,6.60
2007.11.09 09:37:33.448,0.69745,0.69755,0.30,0.30
2007.11.09 09:37:33.782,0.69745,0.69755,0.30,0.30
2007.11.09 09:37:34.116,0.69745,0.69755,0.30,0.30
2007.11.09 09:37:34.451,0.69745,0.69755,0.30,0.30
2007.11.09 09:37:34.784,0.69745,0.69755,0.30,0.30
2007.11.09 09:37:35.552,0.6974,0.69755,8.20,0.30
2007.11.09 09:37:35.715,0.6974,0.69755,0.30,2.60
2007.11.09 09:37:36.500,0.6974,0.69755,0.30,2.60
2007.11.09 09:37:36.791,0.6974,0.69755,0.30,2.60
2007.11.09 09:37:37.305,0.6974,0.69755,0.30,2.60
2007.11.09 09:37:37.501,0.6974,0.69755,0.30,2.60
2007.11.09 09:37:37.699,0.6974,0.69755,0.30,2.60
2007.11.09 09:37:38.048,0.6974,0.69755,0.30,2.60
2007.11.09 09:37:38.245,0.69735,0.6975,49.80,0.30
2007.11.09 09:37:38.578,0.69735,0.6975,19.40,0.30
2007.11.09 09:37:39.032,0.69735,0.6975,19.40,0.30
2007.11.09 09:37:39.365,0.69735,0.6975,19.40,0.30
2007.11.09 09:37:39.683,0.69735,0.6975,19.40,0.30
2007.11.09 09:37:43.090,0.69735,0.6975,19.40,0.30
2007.11.09 09:37:46.427,0.69735,0.6975,19.40,0.30
2007.11.09 09:37:46.660,0.69735,0.6975,19.40,0.30
2007.11.09 09:37:46.837,0.69735,0.6975,19.40,0.30
2007.11.09 09:37:47.014,0.69735,0.6975,19.40,0.30
2007.11.09 09:37:48.124,0.69735,0.6975,19.40,0.30
2007.11.09 09:37:49.473,0.69735,0.6975,19.40,0.30
2007.11.09 09:37:49.807,0.69735,0.6975,19.40,0.30
2007.11.09 09:37:50.192,0.69735,0.6975,19.40,0.30
2007.11.09 09:37:50.516,0.69735,0.6975,19.40,0.30
2007.11.09 09:37:50.727,0.69735,0.6975,19.40,0.30
2007.11.09 09:37:51.454,0.69735,0.6975,19.40,0.30
2007.11.09 09:37:52.705,0.69735,0.6975,19.40,0.30
2007.11.09 09:37:52.913,0.69735,0.6975,19.70,0.30
2007.11.09 09:37:53.123,0.69735,0.6975,24.20,0.30
2007.11.09 09:37:53.332,0.69735,0.6975,24.20,0.30
2007.11.09 09:37:53.707,0.69735,0.6975,23.90,0.30
2007.11.09 09:37:53.915,0.69735,0.6975,23.70,0.30
2007.11.09 09:37:54.249,0.6974,0.6975,0.30,0.30
2007.11.09 09:37:54.581,0.6974,0.6975,0.30,0.30
2007.11.09 09:37:54.915,0.6974,0.6975,0.30,0.30
2007.11.09 09:37:55.249,0.6974,0.6975,0.30,0.30
2007.11.09 09:37:55.455,0.6974,0.6975,0.30,0.30
2007.11.09 09:37:55.664,0.6974,0.6975,0.30,0.30
2007.11.09 09:37:55.872,0.6974,0.6975,0.30,0.30
2007.11.09 09:37:56.756,0.6974,0.6975,0.30,0.30
2007.11.09 09:37:57.282,0.6974,0.6975,0.30,0.30
2007.11.09 09:37:58.054,0.6974,0.6975,0.30,0.30
2007.11.09 09:37:58.251,0.6974,0.6975,0.30,0.30
2007.11.09 09:37:58.673,0.6974,0.6975,0.30,0.30
2007.11.09 09:37:58.872,0.69735,0.6975,42.80,0.30
2007.11.09 09:37:59.070,0.69735,0.6975,23.40,0.30
2007.11.09 09:37:59.788,0.69735,0.6975,23.40,0.30
2007.11.09 09:38:00.216,0.69735,0.6975,23.40,0.30
2007.11.09 09:38:00.545,0.69735,0.6975,23.40,0.30
2007.11.09 09:38:00.791,0.69735,0.6975,23.40,0.30
2007.11.09 09:38:01.004,0.69735,0.6975,23.40,0.30
2007.11.09 09:38:01.226,0.69735,0.6975,23.40,0.30
2007.11.09 09:38:01.452,0.69735,0.6975,23.40,0.30
2007.11.09 09:38:01.757,0.69735,0.6975,23.40,0.30
2007.11.09 09:38:01.980,0.69735,0.6975,23.50,0.30
2007.11.09 09:38:02.287,0.69735,0.6975,23.50,0.30
2007.11.09 09:38:02.655,0.69735,0.6975,23.50,0.30
2007.11.09 09:38:02.963,0.69735,0.6975,23.40,0.30
2007.11.09 09:38:03.272,0.69735,0.6975,23.40,0.30
2007.11.09 09:38:03.444,0.69735,0.6975,23.40,0.30
2007.11.09 09:38:03.709,0.69735,0.6975,23.40,0.30
2007.11.09 09:38:04.472,0.69735,0.6975,22.60,0.30
2007.11.09 09:38:04.806,0.69735,0.6975,18.60,0.30
2007.11.09 09:38:05.139,0.69735,0.6975,18.60,0.30
2007.11.09 09:38:05.362,0.69735,0.6975,18.60,0.30
2007.11.09 09:38:05.585,0.69735,0.6975,18.60,0.30
2007.11.09 09:38:05.925,0.69735,0.6975,18.60,0.30
2007.11.09 09:38:06.234,0.69735,0.6975,18.60,0.30
2007.11.09 09:38:07.227,0.69735,0.6975,18.60,0.30
2007.11.09 09:38:07.450,0.69735,0.6975,18.60,0.30
2007.11.09 09:38:08.112,0.69735,0.6975,18.60,0.30
2007.11.09 09:38:08.445,0.69735,0.6975,18.60,0.30
2007.11.09 09:38:08.778,0.69735,0.6975,18.60,0.30
2007.11.09 09:38:09.110,0.69735,0.6975,18.60,0.30
2007.11.09 09:38:09.881,0.69735,0.6975,18.60,0.30
2007.11.09 09:38:10.213,0.69735,0.6975,18.60,0.30
2007.11.09 09:38:10.969,0.69735,0.6975,18.60,0.30
2007.11.09 09:38:11.103,0.69735,0.6975,18.60,0.30
2007.11.09 09:38:11.236,0.69735,0.6975,19.40,0.30
2007.11.09 09:38:11.569,0.69735,0.6975,23.40,0.30
2007.11.09 09:38:12.231,0.69735,0.6975,23.40,0.30
2007.11.09 09:38:13.116,0.69735,0.6975,23.40,0.30
2007.11.09 09:38:13.501,0.69735,0.6975,23.40,0.30
2007.11.09 09:38:13.834,0.69735,0.6975,23.40,0.30
2007.11.09 09:38:16.613,0.69735,0.6975,23.40,0.30
2007.11.09 09:38:16.798,0.69735,0.6975,23.40,0.30
2007.11.09 09:38:17.145,0.6974,0.6975,0.30,0.30
2007.11.09 09:38:17.323,0.6974,0.6975,0.30,0.30
2007.11.09 09:38:17.646,0.6974,0.6975,0.30,0.30
2007.11.09 09:38:17.970,0.6974,0.6975,0.30,0.30
2007.11.09 09:38:18.294,0.6974,0.6975,0.30,0.30
2007.11.09 09:38:18.618,0.6974,0.6975,0.30,0.30
2007.11.09 09:38:18.956,0.6974,0.6975,0.30,0.30
2007.11.09 09:38:19.289,0.6974,0.6975,0.30,0.30
2007.11.09 09:38:19.622,0.6974,0.6975,0.30,0.30
2007.11.09 09:38:19.840,0.6974,0.6975,0.30,0.30
2007.11.09 09:38:20.444,0.6974,0.6975,0.30,0.30
2007.11.09 09:38:20.580,0.69735,0.6975,42.20,0.30
2007.11.09 09:38:20.777,0.6974,0.6975,0.30,0.30
2007.11.09 09:38:22.010,0.6974,0.6975,0.30,0.30
2007.11.09 09:38:22.239,0.6974,0.6975,0.30,0.30
2007.11.09 09:38:22.445,0.6974,0.6975,0.30,0.30
2007.11.09 09:38:23.073,0.6974,0.6975,0.30,0.30
2007.11.09 09:38:23.361,0.6974,0.6975,0.30,0.30
2007.11.09 09:38:24.214,0.6974,0.6975,0.30,0.30
2007.11.09 09:38:25.485,0.6974,0.6975,0.30,0.30
2007.11.09 09:38:25.702,0.6974,0.6975,0.30,0.30
2007.11.09 09:38:26.005,0.6974,0.6975,0.30,0.30
2007.11.09 09:38:26.232,0.6974,0.6975,0.30,0.30
2007.11.09 09:38:26.745,0.6974,0.6975,0.30,0.30
2007.11.09 09:38:26.997,0.6974,0.6975,0.30,0.30
2007.11.09 09:38:28.115,0.6974,0.6975,0.30,0.30
2007.11.09 09:38:28.405,0.6974,0.6975,0.30,0.30
2007.11.09 09:38:28.714,0.6974,0.6975,0.30,0.30
2007.11.09 09:38:29.432,0.6974,0.6975,0.30,0.30
2007.11.09 09:38:29.929,0.6974,0.6975,0.30,0.30
2007.11.09 09:38:30.476,0.6974,0.6975,0.30,0.30
2007.11.09 09:38:30.687,0.6974,0.6975,0.30,0.30
2007.11.09 09:38:31.715,0.6974,0.6975,0.30,0.30
2007.11.09 09:38:32.031,0.6974,0.6975,0.30,0.30
2007.11.09 09:38:32.291,0.6974,0.6975,0.30,0.30
2007.11.09 09:38:32.507,0.6974,0.6975,0.30,0.30
2007.11.09 09:38:32.754,0.6974,0.6975,0.30,0.30
2007.11.09 09:38:32.977,0.6974,0.6975,0.30,0.30
2007.11.09 09:38:33.772,0.6974,0.6975,0.30,0.30
2007.11.09 09:38:34.096,0.6974,0.6975,0.30,0.30
2007.11.09 09:38:34.578,0.6974,0.6975,0.30,0.30
2007.11.09 09:38:36.213,0.6974,0.6975,0.30,0.30
2007.11.09 09:38:36.955,0.6974,0.6975,0.30,0.30
2007.11.09 09:38:38.103,0.6974,0.6975,0.30,0.30
2007.11.09 09:38:38.471,0.6974,0.6975,0.30,0.30
2007.11.09 09:38:39.109,0.6974,0.6975,0.30,0.30
2007.11.09 09:38:39.442,0.6974,0.6975,0.30,0.30
2007.11.09 09:38:40.192,0.69735,0.6975,42.80,0.30
2007.11.09 09:38:40.401,0.69735,0.6975,42.20,0.30
2007.11.09 09:38:40.821,0.69735,0.6975,23.40,0.30
2007.11.09 09:38:41.165,0.69735,0.6975,23.40,0.30
2007.11.09 09:38:41.439,0.69735,0.6975,25.80,0.30
2007.11.09 09:38:41.643,0.69735,0.6975,23.40,0.30
2007.11.09 09:38:41.846,0.69735,0.6975,25.80,0.30
2007.11.09 09:38:42.050,0.69735,0.6975,29.80,0.30
2007.11.09 09:38:42.302,0.69735,0.6975,29.00,0.30
2007.11.09 09:38:42.505,0.69735,0.6975,27.40,0.30
2007.11.09 09:38:42.813,0.69735,0.6975,27.40,0.30
2007.11.09 09:38:43.123,0.69735,0.6975,23.40,0.30
2007.11.09 09:38:43.654,0.69735,0.6975,23.40,0.30
2007.11.09 09:38:43.988,0.6974,0.69755,0.30,40.60
2007.11.09 09:38:44.679,0.6974,0.69755,0.30,40.60
2007.11.09 09:38:44.856,0.6974,0.69755,0.30,40.60
2007.11.09 09:38:45.035,0.6974,0.69755,0.30,40.60
2007.11.09 09:38:45.224,0.6974,0.69755,0.30,40.60
2007.11.09 09:38:45.739,0.6974,0.69755,0.30,40.60
2007.11.09 09:38:45.960,0.6974,0.69755,0.30,40.60
2007.11.09 09:38:46.200,0.6974,0.69755,0.30,48.60
2007.11.09 09:38:46.383,0.6974,0.6975,0.30,0.30
2007.11.09 09:38:46.571,0.6974,0.6975,0.30,0.30
2007.11.09 09:38:47.498,0.6974,0.6975,0.30,0.30
2007.11.09 09:38:48.085,0.6974,0.6975,0.30,0.30
2007.11.09 09:38:48.436,0.6974,0.6975,0.30,0.30
2007.11.09 09:38:51.049,0.6974,0.6975,0.30,0.30
2007.11.09 09:38:51.312,0.6974,0.6975,0.30,0.30
2007.11.09 09:38:51.766,0.6974,0.6975,0.30,0.30
2007.11.09 09:38:53.160,0.6974,0.6975,0.30,0.30
2007.11.09 09:38:53.501,0.6974,0.6975,0.30,0.30
2007.11.09 09:38:53.703,0.6974,0.6975,0.30,0.30
2007.11.09 09:38:53.906,0.6974,0.6975,0.30,0.30
2007.11.09 09:38:54.251,0.6974,0.6975,0.30,0.30
2007.11.09 09:38:54.584,0.6974,0.6975,0.30,0.30
2007.11.09 09:38:54.918,0.6974,0.6975,0.30,0.30
2007.11.09 09:38:55.222,0.6974,0.69755,0.30,28.20
2007.11.09 09:38:55.430,0.6974,0.69755,0.30,24.20
2007.11.09 09:38:55.638,0.6974,0.69755,0.30,12.20
2007.11.09 09:38:55.846,0.6974,0.69755,0.30,10.60
2007.11.09 09:38:56.125,0.6974,0.69755,0.30,10.60
2007.11.09 09:38:56.456,0.6974,0.69755,4.20,10.60
2007.11.09 09:38:56.992,0.6974,0.69755,4.20,10.60
2007.11.09 09:38:57.230,0.6974,0.69755,4.20,10.60
2007.11.09 09:38:57.517,0.6974,0.69755,4.20,10.60
2007.11.09 09:38:58.078,0.6974,0.69755,4.20,10.60
2007.11.09 09:38:58.335,0.6974,0.69755,4.20,10.60
2007.11.09 09:38:58.568,0.6974,0.69755,4.20,2.60
2007.11.09 09:38:58.800,0.6974,0.69755,4.20,2.60
2007.11.09 09:38:59.471,0.6974,0.69755,4.20,2.60
2007.11.09 09:38:59.804,0.6974,0.69755,4.20,6.60
2007.11.09 09:39:01.233,0.6974,0.69755,4.20,2.60
2007.11.09 09:39:01.565,0.6974,0.69755,4.20,10.60
2007.11.09 09:39:02.020,0.6974,0.69755,4.20,12.70
2007.11.09 09:39:03.062,0.6974,0.69755,4.20,12.70
2007.11.09 09:39:03.331,0.6974,0.69755,4.20,12.70
2007.11.09 09:39:03.554,0.6974,0.69755,4.20,12.70
2007.11.09 09:39:03.788,0.6974,0.69755,4.20,12.70
2007.11.09 09:39:04.911,0.6974,0.69755,4.20,12.70
2007.11.09 09:39:05.244,0.6974,0.69755,4.20,12.70
2007.11.09 09:39:05.506,0.6974,0.69755,4.20,16.70
2007.11.09 09:39:05.839,0.6974,0.69755,4.20,8.70
2007.11.09 09:39:06.004,0.6974,0.69755,4.20,8.70
2007.11.09 09:39:06.220,0.6974,0.69755,4.20,8.70
2007.11.09 09:39:06.447,0.6974,0.69755,4.20,4.70
2007.11.09 09:39:07.245,0.6974,0.69755,4.20,4.70
2007.11.09 09:39:07.851,0.6974,0.69755,4.20,8.70
2007.11.09 09:39:08.268,0.6974,0.69755,4.20,4.70
2007.11.09 09:39:09.390,0.6974,0.69755,4.20,4.70
2007.11.09 09:39:09.723,0.69745,0.69755,4.00,4.70
2007.11.09 09:39:10.058,0.69745,0.69755,4.00,2.30
2007.11.09 09:39:10.390,0.6974,0.69755,4.40,4.70
2007.11.09 09:39:10.569,0.6974,0.69755,4.20,4.70
2007.11.09 09:39:10.748,0.6974,0.69755,4.20,4.70
2007.11.09 09:39:11.025,0.6974,0.69755,4.20,4.70
2007.11.09 09:39:11.203,0.6974,0.69755,4.20,12.70
2007.11.09 09:39:11.491,0.69745,0.69755,4.00,2.30
2007.11.09 09:39:11.779,0.6974,0.69755,4.60,12.70
2007.11.09 09:39:12.068,0.6974,0.69755,4.20,12.70
2007.11.09 09:39:12.357,0.6974,0.69755,4.20,12.70
2007.11.09 09:39:13.104,0.6974,0.69755,4.20,12.70
2007.11.09 09:39:15.033,0.6974,0.6976,4.20,25.50
2007.11.09 09:39:15.246,0.6974,0.69755,4.20,12.70
2007.11.09 09:39:15.504,0.6974,0.69755,4.20,20.70
2007.11.09 09:39:15.763,0.69745,0.69755,4.00,14.30
2007.11.09 09:39:16.022,0.69745,0.69755,4.00,11.90
2007.11.09 09:39:16.280,0.69745,0.69755,4.00,11.90
2007.11.09 09:39:16.483,0.69745,0.6975,4.00,0.30
2007.11.09 09:39:16.821,0.69745,0.6975,4.00,0.30
2007.11.09 09:39:17.024,0.69745,0.69755,4.00,3.90
2007.11.09 09:39:17.247,0.69745,0.69755,4.00,11.90
2007.11.09 09:39:17.450,0.6974,0.6975,0.50,0.30
2007.11.09 09:39:17.684,0.6974,0.6975,0.30,0.30
2007.11.09 09:39:18.014,0.6974,0.69755,0.30,14.30
2007.11.09 09:39:18.257,0.6974,0.6975,0.30,0.30
2007.11.09 09:39:18.531,0.6974,0.69755,0.30,18.30
2007.11.09 09:39:18.858,0.6974,0.69755,0.30,18.30
2007.11.09 09:39:19.385,0.6974,0.6975,0.30,0.30
2007.11.09 09:39:19.798,0.6974,0.69755,0.30,14.30
2007.11.09 09:39:20.122,0.6974,0.6975,0.30,0.30
2007.11.09 09:39:20.306,0.6974,0.6975,0.30,0.30
2007.11.09 09:39:20.633,0.6974,0.69755,0.30,18.30
2007.11.09 09:39:20.973,0.6974,0.6975,0.30,0.30
2007.11.09 09:39:21.289,0.6974,0.69755,0.30,18.30
2007.11.09 09:39:23.035,0.6974,0.6975,0.30,0.30
2007.11.09 09:39:23.289,0.6974,0.69755,0.30,20.70
2007.11.09 09:39:23.543,0.6974,0.69755,0.30,26.30
2007.11.09 09:39:24.020,0.6974,0.6976,0.30,31.10
2007.11.09 09:39:24.353,0.6974,0.6976,0.30,37.50
2007.11.09 09:39:24.558,0.6974,0.6976,0.30,37.50
2007.11.09 09:39:24.764,0.6974,0.69755,0.30,26.30
2007.11.09 09:39:25.482,0.6974,0.6975,0.30,0.30
2007.11.09 09:39:25.818,0.6974,0.69755,0.30,30.30
2007.11.09 09:39:26.352,0.6974,0.69755,0.30,30.30
2007.11.09 09:39:28.088,0.6974,0.69755,0.30,30.30
2007.11.09 09:39:30.736,0.6974,0.69755,0.30,30.30
2007.11.09 09:39:30.984,0.6974,0.69755,0.30,30.30
2007.11.09 09:39:31.262,0.6974,0.6975,0.30,0.30
2007.11.09 09:39:31.511,0.6974,0.6975,0.30,0.30
2007.11.09 09:39:31.785,0.6974,0.69755,0.30,26.30
2007.11.09 09:39:32.194,0.6974,0.69755,0.30,26.30
2007.11.09 09:39:32.452,0.6974,0.6975,0.30,0.30
2007.11.09 09:39:32.711,0.6974,0.6975,0.30,0.30
2007.11.09 09:39:33.018,0.6974,0.69755,0.30,27.10
2007.11.09 09:39:33.246,0.6974,0.69755,0.30,27.10
2007.11.09 09:39:33.476,0.6974,0.6975,0.30,0.30
2007.11.09 09:39:33.952,0.6974,0.69755,0.30,31.10
2007.11.09 09:39:34.285,0.6974,0.6975,0.30,0.30
2007.11.09 09:39:34.805,0.6974,0.69755,0.30,29.10
2007.11.09 09:39:35.945,0.6974,0.6975,0.30,0.30
2007.11.09 09:39:36.373,0.6974,0.69755,0.30,29.10
2007.11.09 09:39:36.650,0.6974,0.69755,0.30,29.10
2007.11.09 09:39:36.849,0.6974,0.69755,0.30,28.30
2007.11.09 09:39:37.047,0.6974,0.69755,0.30,28.30
2007.11.09 09:39:37.245,0.6974,0.69755,0.30,28.30
2007.11.09 09:39:37.443,0.6974,0.6975,0.30,0.30
2007.11.09 09:39:37.647,0.6974,0.6975,0.30,0.30
2007.11.09 09:39:37.983,0.6974,0.69755,0.30,24.30
2007.11.09 09:39:38.326,0.6974,0.6975,0.30,0.30
2007.11.09 09:39:38.660,0.6974,0.69755,0.30,20.30
2007.11.09 09:39:38.995,0.6974,0.6975,0.30,0.30
2007.11.09 09:39:39.329,0.6974,0.69755,0.30,12.30
2007.11.09 09:39:39.662,0.69745,0.6976,4.00,14.90
2007.11.09 09:39:39.865,0.69745,0.69755,4.00,1.90
2007.11.09 09:39:40.069,0.69745,0.6975,4.00,0.30
2007.11.09 09:39:40.273,0.6974,0.6975,0.30,0.30
2007.11.09 09:39:41.020,0.6974,0.69755,0.30,20.30
2007.11.09 09:39:41.446,0.6974,0.6975,0.30,0.30
2007.11.09 09:39:41.776,0.6974,0.69755,0.30,20.30
2007.11.09 09:39:42.009,0.6974,0.6975,0.30,0.30
2007.11.09 09:39:42.273,0.6974,0.69755,0.30,25.90
2007.11.09 09:39:42.558,0.6974,0.6975,0.30,0.30
2007.11.09 09:39:43.034,0.6974,0.6975,0.30,0.30
2007.11.09 09:39:43.327,0.6974,0.6975,0.30,0.30
2007.11.09 09:39:43.621,0.6974,0.6975,0.30,0.30
2007.11.09 09:39:44.355,0.6974,0.6975,0.30,0.30
2007.11.09 09:39:44.688,0.6974,0.6975,0.30,0.30
2007.11.09 09:39:45.482,0.6974,0.6975,0.30,0.30
2007.11.09 09:39:45.686,0.6974,0.6975,0.30,0.30
2007.11.09 09:39:45.987,0.6974,0.6975,0.30,0.30
2007.11.09 09:39:46.312,0.6974,0.6975,0.30,0.30
2007.11.09 09:39:46.635,0.6974,0.6975,0.30,0.30
2007.11.09 09:39:46.958,0.6974,0.6975,0.30,0.30
2007.11.09 09:39:47.461,0.6974,0.6975,0.30,0.30
2007.11.09 09:39:47.649,0.6974,0.6975,0.30,0.30
2007.11.09 09:39:47.837,0.6974,0.6975,0.30,0.30
2007.11.09 09:39:48.075,0.6974,0.6975,0.30,0.30
2007.11.09 09:39:49.383,0.6974,0.6975,0.30,0.30
2007.11.09 09:39:49.716,0.6974,0.6975,0.30,0.30
2007.11.09 09:39:50.049,0.6974,0.6975,0.30,0.30
2007.11.09 09:39:50.837,0.6974,0.6975,0.30,0.30
2007.11.09 09:39:50.969,0.6974,0.6975,0.30,0.30
2007.11.09 09:39:51.202,0.6974,0.6975,0.30,0.30
2007.11.09 09:39:51.689,0.6974,0.6975,0.30,0.30
2007.11.09 09:39:52.402,0.6974,0.6975,0.30,0.30
2007.11.09 09:39:52.631,0.6974,0.6975,0.30,0.30
2007.11.09 09:39:52.859,0.6974,0.6975,0.30,0.30
2007.11.09 09:39:53.088,0.6974,0.6975,0.30,0.30
2007.11.09 09:39:53.325,0.6974,0.6975,0.30,0.30
2007.11.09 09:39:53.563,0.6974,0.6975,0.30,0.30
2007.11.09 09:39:53.844,0.6974,0.6975,0.30,0.30
2007.11.09 09:39:54.082,0.6974,0.6975,0.30,0.30
2007.11.09 09:39:54.503,0.6974,0.6975,0.30,0.30
2007.11.09 09:39:55.223,0.6974,0.6975,0.30,0.30
2007.11.09 09:39:55.927,0.6974,0.6975,0.30,0.30
2007.11.09 09:39:56.081,0.6974,0.6975,0.30,0.30
2007.11.09 09:39:56.329,0.6974,0.6975,0.30,0.30
2007.11.09 09:39:56.577,0.6974,0.6975,0.30,0.30
2007.11.09 09:39:56.825,0.6974,0.6975,0.30,0.30
2007.11.09 09:39:57.495,0.6974,0.6975,0.30,0.30
2007.11.09 09:39:57.734,0.6974,0.6975,0.30,0.30
2007.11.09 09:39:58.091,0.6974,0.6975,0.30,0.30
2007.11.09 09:39:59.470,0.6974,0.6975,0.30,0.30
2007.11.09 09:40:00.280,0.69735,0.6975,41.80,0.30
2007.11.09 09:40:00.442,0.69735,0.6975,41.80,0.30
2007.11.09 09:40:00.606,0.69735,0.6975,19.40,0.30
2007.11.09 09:40:00.770,0.69735,0.6975,19.40,0.30
2007.11.09 09:40:00.944,0.69735,0.6975,19.40,0.30
2007.11.09 09:40:01.295,0.6974,0.6975,0.30,0.30
2007.11.09 09:40:01.603,0.6974,0.6975,0.30,0.30
2007.11.09 09:40:01.912,0.6974,0.6975,0.30,0.30
2007.11.09 09:40:02.221,0.6974,0.6975,0.30,0.30
2007.11.09 09:40:02.491,0.6974,0.6975,0.30,0.30
2007.11.09 09:40:03.053,0.6974,0.6975,0.30,0.30
2007.11.09 09:40:03.256,0.6974,0.6975,0.30,0.30
2007.11.09 09:40:03.731,0.6974,0.6975,0.30,0.30
2007.11.09 09:40:04.065,0.6974,0.6975,0.30,0.30
2007.11.09 09:40:04.397,0.6974,0.6975,0.30,0.30
2007.11.09 09:40:05.165,0.6974,0.6975,0.30,0.30
2007.11.09 09:40:05.333,0.6974,0.6975,0.30,0.30
2007.11.09 09:40:05.567,0.69735,0.69745,22.40,0.30
2007.11.09 09:40:05.800,0.6973,0.69745,2.60,0.30
2007.11.09 09:40:06.035,0.6973,0.69745,1.00,2.60
2007.11.09 09:40:06.268,0.6973,0.69745,1.00,2.60
2007.11.09 09:40:06.517,0.69735,0.6975,0.30,5.70
2007.11.09 09:40:06.765,0.69735,0.6975,0.30,5.70
2007.11.09 09:40:07.015,0.69735,0.69745,0.30,0.30
2007.11.09 09:40:07.312,0.69735,0.69745,0.30,0.30
2007.11.09 09:40:08.004,0.69735,0.69745,0.30,0.30
2007.11.09 09:40:08.243,0.69735,0.69745,0.30,0.30
2007.11.09 09:40:08.481,0.69735,0.69745,0.30,0.30
2007.11.09 09:40:09.217,0.69735,0.69745,0.30,0.30
2007.11.09 09:40:09.551,0.6973,0.69745,4.20,0.30
2007.11.09 09:40:09.760,0.6973,0.69745,4.20,0.30
2007.11.09 09:40:09.898,0.69735,0.69745,4.00,0.30
2007.11.09 09:40:10.036,0.69735,0.69745,4.00,0.30
2007.11.09 09:40:10.703,0.69735,0.69745,4.00,0.30
2007.11.09 09:40:11.037,0.69735,0.69745,4.00,0.30
2007.11.09 09:40:11.430,0.69735,0.69745,4.00,0.30
2007.11.09 09:40:11.762,0.69735,0.69745,4.00,0.30
2007.11.09 09:40:11.956,0.6973,0.69745,0.30,0.30
2007.11.09 09:40:12.381,0.6973,0.69745,0.30,0.30
2007.11.09 09:40:12.575,0.69735,0.69745,0.30,0.30
2007.11.09 09:40:12.859,0.69735,0.69745,0.30,0.30
2007.11.09 09:40:13.735,0.69735,0.69745,0.30,0.30
2007.11.09 09:40:14.730,0.69735,0.69745,0.30,0.30
2007.11.09 09:40:14.973,0.69735,0.69745,0.30,0.30
2007.11.09 09:40:15.198,0.69735,0.69745,4.20,0.30
2007.11.09 09:40:15.444,0.69735,0.69745,4.20,0.30
2007.11.09 09:40:15.603,0.69735,0.69745,4.20,0.30
2007.11.09 09:40:15.906,0.69735,0.69745,4.20,0.30
2007.11.09 09:40:16.208,0.69735,0.69745,4.20,0.30
2007.11.09 09:40:16.511,0.69735,0.69745,4.20,0.30
2007.11.09 09:40:16.816,0.6973,0.69745,5.10,0.30
2007.11.09 09:40:17.021,0.6973,0.69745,5.10,0.30
2007.11.09 09:40:17.387,0.6973,0.6975,5.10,13.70
2007.11.09 09:40:17.570,0.69735,0.6975,0.30,1.00
2007.11.09 09:40:17.888,0.69735,0.6975,0.30,0.30
2007.11.09 09:40:18.206,0.69735,0.6975,0.30,0.30
2007.11.09 09:40:18.693,0.69735,0.6975,0.30,0.30
2007.11.09 09:40:19.067,0.69735,0.6975,0.30,0.30
2007.11.09 09:40:19.400,0.6973,0.69745,5.00,0.30
2007.11.09 09:40:19.733,0.6973,0.69745,1.00,2.60
2007.11.09 09:40:20.469,0.6973,0.69745,1.00,2.60
2007.11.09 09:40:20.781,0.6973,0.69745,1.00,2.60
2007.11.09 09:40:21.835,0.6973,0.69745,1.00,2.60
2007.11.09 09:40:21.989,0.6973,0.6974,1.00,0.30
2007.11.09 09:40:22.142,0.6973,0.6974,1.00,0.30
2007.11.09 09:40:22.354,0.6973,0.6974,0.80,0.30
2007.11.09 09:40:22.552,0.6973,0.6974,0.80,0.30
2007.11.09 09:40:22.706,0.6973,0.6974,0.80,0.30
2007.11.09 09:40:23.070,0.6973,0.6974,0.80,0.30
2007.11.09 09:40:23.730,0.6973,0.6974,0.80,0.30
2007.11.09 09:40:24.063,0.6973,0.6974,0.80,0.30
2007.11.09 09:40:24.478,0.6973,0.6974,0.80,0.30
2007.11.09 09:40:24.809,0.6973,0.6974,0.80,0.30
2007.11.09 09:40:24.972,0.6973,0.6974,1.00,0.30
2007.11.09 09:40:25.135,0.6973,0.6974,1.00,0.30
2007.11.09 09:40:25.298,0.6973,0.6974,1.00,0.30
2007.11.09 09:40:25.500,0.6973,0.6974,1.00,0.30
2007.11.09 09:40:25.923,0.6973,0.6974,1.00,0.30
2007.11.09 09:40:26.440,0.6973,0.6974,1.00,0.30
2007.11.09 09:40:26.959,0.6973,0.6974,0.30,0.30
2007.11.09 09:40:27.263,0.6973,0.6974,0.30,0.30
2007.11.09 09:40:28.066,0.6973,0.6974,0.30,0.30
2007.11.09 09:40:28.383,0.6973,0.6974,0.30,0.30
2007.11.09 09:40:29.476,0.6973,0.6974,0.30,0.30
2007.11.09 09:40:29.809,0.6973,0.6974,0.30,0.30
2007.11.09 09:40:30.211,0.6973,0.6974,0.30,0.30
2007.11.09 09:40:30.726,0.6973,0.6974,0.30,0.30
2007.11.09 09:40:30.925,0.6973,0.6974,0.30,0.30
2007.11.09 09:40:32.268,0.6973,0.6974,0.30,0.30
2007.11.09 09:40:32.386,0.6973,0.6974,0.30,0.30
2007.11.09 09:40:32.504,0.6973,0.6974,0.30,0.30
2007.11.09 09:40:33.006,0.6973,0.6974,0.30,0.30
2007.11.09 09:40:33.728,0.6973,0.6974,0.30,0.30
2007.11.09 09:40:34.016,0.6973,0.6974,0.30,0.30
2007.11.09 09:40:34.593,0.6973,0.6974,0.30,0.30
2007.11.09 09:40:34.926,0.6973,0.6974,0.30,0.30
2007.11.09 09:40:35.260,0.6973,0.6974,0.30,0.30
2007.11.09 09:40:35.428,0.6973,0.6974,0.30,0.30
2007.11.09 09:40:35.596,0.6973,0.69745,0.30,14.60
2007.11.09 09:40:35.764,0.6973,0.69745,0.30,5.80
2007.11.09 09:40:35.932,0.6973,0.69745,0.30,4.20
2007.11.09 09:40:36.100,0.6973,0.69745,0.30,4.20
2007.11.09 09:40:36.358,0.6973,0.69745,0.30,4.20
2007.11.09 09:40:36.773,0.6973,0.69745,0.30,4.20
2007.11.09 09:40:37.031,0.6973,0.69745,0.30,4.20
2007.11.09 09:40:37.290,0.6973,0.69745,0.30,4.20
2007.11.09 09:40:37.522,0.6973,0.69745,0.30,4.20
2007.11.09 09:40:37.755,0.6973,0.69745,0.30,4.20
2007.11.09 09:40:37.989,0.6973,0.69745,0.30,4.20
2007.11.09 09:40:38.252,0.6973,0.69745,0.30,4.20
2007.11.09 09:40:38.754,0.6973,0.69745,0.30,4.20
2007.11.09 09:40:39.115,0.6973,0.69745,0.30,4.20
2007.11.09 09:40:39.313,0.6973,0.69745,0.30,0.30
2007.11.09 09:40:39.964,0.6973,0.69745,0.30,0.30
2007.11.09 09:40:40.010,0.6973,0.69745,0.30,0.30
2007.11.09 09:40:40.297,0.69725,0.69745,54.70,2.60
2007.11.09 09:40:40.505,0.69725,0.69745,54.70,2.60
2007.11.09 09:40:41.318,0.69725,0.69745,54.70,0.30
2007.11.09 09:40:41.542,0.69725,0.69745,72.20,0.30
2007.11.09 09:40:41.765,0.6973,0.69745,0.30,0.30
2007.11.09 09:40:41.990,0.69725,0.69745,72.90,0.30
2007.11.09 09:40:42.213,0.69725,0.69745,72.10,0.30
2007.11.09 09:40:42.517,0.69725,0.69745,71.40,0.30
2007.11.09 09:40:42.821,0.6973,0.69745,0.30,0.30
2007.11.09 09:40:43.124,0.69725,0.69745,73.80,0.30
2007.11.09 09:40:43.427,0.69725,0.69745,73.80,0.30
2007.11.09 09:40:43.760,0.6973,0.69745,12.20,0.30
2007.11.09 09:40:44.344,0.6973,0.69745,16.20,0.30
2007.11.09 09:40:44.512,0.6973,0.69745,16.20,0.30
2007.11.09 09:40:45.465,0.69735,0.69745,1.00,0.30
2007.11.09 09:40:46.176,0.6973,0.69745,17.80,0.30
2007.11.09 09:40:46.412,0.69735,0.69745,4.30,0.30
2007.11.09 09:40:46.610,0.69735,0.69745,3.60,0.30
2007.11.09 09:40:46.809,0.69735,0.69745,2.40,0.30
2007.11.09 09:40:47.217,0.69735,0.69745,2.20,0.30
2007.11.09 09:40:47.742,0.6973,0.69745,18.60,0.30
2007.11.09 09:40:48.087,0.69735,0.69745,4.30,0.30
2007.11.09 09:40:48.309,0.6973,0.69745,18.60,0.30
2007.11.09 09:40:48.532,0.6973,0.69745,30.60,0.30
2007.11.09 09:40:48.982,0.6973,0.69745,30.60,0.30
2007.11.09 09:40:49.719,0.6973,0.69745,30.60,0.30
2007.11.09 09:40:52.356,0.69735,0.69745,2.60,0.30
2007.11.09 09:40:53.070,0.69735,0.69745,0.50,0.30
2007.11.09 09:40:53.335,0.69735,0.69745,1.60,0.30
2007.11.09 09:40:53.584,0.69735,0.6975,0.80,1.00
2007.11.09 09:40:53.917,0.69735,0.6975,1.70,1.80
2007.11.09 09:40:54.251,0.69735,0.6975,2.50,0.30
2007.11.09 09:40:54.584,0.69735,0.6975,2.90,0.30
2007.11.09 09:40:54.913,0.6973,0.6975,25.80,0.30
2007.11.09 09:40:55.102,0.69735,0.6975,19.50,0.30
2007.11.09 09:40:55.291,0.69735,0.6975,41.90,0.30
2007.11.09 09:40:56.274,0.6974,0.6975,0.30,0.30
2007.11.09 09:40:56.492,0.6973,0.6975,44.20,0.30
2007.11.09 09:40:56.713,0.69735,0.6975,2.90,0.30
2007.11.09 09:40:57.220,0.6973,0.6975,15.40,0.30
2007.11.09 09:40:57.421,0.6973,0.6975,15.40,0.30
2007.11.09 09:40:57.619,0.69735,0.6975,19.50,0.30
2007.11.09 09:40:57.818,0.6974,0.6975,0.30,0.30
2007.11.09 09:40:58.226,0.69735,0.6975,37.90,0.30
2007.11.09 09:40:58.742,0.6974,0.6975,0.30,0.30
2007.11.09 09:40:59.969,0.69735,0.6975,37.90,0.30
2007.11.09 09:41:00.307,0.6974,0.6975,0.30,0.30
2007.11.09 09:41:00.498,0.6974,0.6975,0.30,0.30
2007.11.09 09:41:00.632,0.6974,0.6975,0.30,0.30
2007.11.09 09:41:01.435,0.6974,0.6975,0.30,0.30
2007.11.09 09:41:01.753,0.69735,0.6975,37.90,0.30
2007.11.09 09:41:02.271,0.6974,0.6975,0.30,0.30
2007.11.09 09:41:02.681,0.69735,0.6975,37.90,0.30
2007.11.09 09:41:02.921,0.69735,0.6975,37.90,0.30
2007.11.09 09:41:03.133,0.69735,0.6975,37.90,0.30
2007.11.09 09:41:07.258,0.69735,0.6975,41.90,0.30
2007.11.09 09:41:07.770,0.6974,0.6975,0.30,0.30
2007.11.09 09:41:08.113,0.6974,0.6975,0.30,0.30
2007.11.09 09:41:09.066,0.6974,0.6975,0.30,0.30
2007.11.09 09:41:13.086,0.6974,0.6975,0.30,0.30
2007.11.09 09:41:16.225,0.6974,0.6975,0.30,0.30
2007.11.09 09:41:16.933,0.6974,0.69755,0.30,34.60
2007.11.09 09:41:17.182,0.6974,0.69755,0.30,10.60
2007.11.09 09:41:17.431,0.6974,0.69755,0.30,6.60
2007.11.09 09:41:17.604,0.69745,0.69755,0.30,6.60
2007.11.09 09:41:17.778,0.69745,0.69755,0.30,6.60
2007.11.09 09:41:18.064,0.69745,0.69755,0.30,6.60
2007.11.09 09:41:18.267,0.69745,0.69755,0.30,6.60
2007.11.09 09:41:19.182,0.69745,0.69755,0.30,6.60
2007.11.09 09:41:19.515,0.6974,0.6975,0.30,0.30
2007.11.09 09:41:19.718,0.6974,0.6975,0.30,0.30
2007.11.09 09:41:19.896,0.6974,0.6975,0.30,0.30
2007.11.09 09:41:20.075,0.6975,0.69755,0.30,8.00
2007.11.09 09:41:20.255,0.6975,0.69755,0.30,1.60
2007.11.09 09:41:20.433,0.6975,0.6976,0.30,1.60
2007.11.09 09:41:20.973,0.69745,0.6976,18.60,1.60
2007.11.09 09:41:21.419,0.69745,0.6976,0.30,1.60
2007.11.09 09:41:22.214,0.69745,0.6976,0.30,1.60
2007.11.09 09:41:22.532,0.69745,0.6976,4.20,1.60
2007.11.09 09:41:22.765,0.69745,0.6976,6.60,0.30
2007.11.09 09:41:23.058,0.69745,0.6976,6.60,0.30
2007.11.09 09:41:23.756,0.69745,0.6976,6.60,0.30
2007.11.09 09:41:24.498,0.69745,0.6975,6.40,0.30
2007.11.09 09:41:24.831,0.6974,0.6975,0.30,0.30
2007.11.09 09:41:24.965,0.6974,0.6975,0.30,0.30
2007.11.09 09:41:25.714,0.6974,0.6975,0.30,0.30
2007.11.09 09:41:26.742,0.6974,0.6975,0.30,0.30
2007.11.09 09:41:27.270,0.6974,0.6975,0.30,0.30
2007.11.09 09:41:27.582,0.6974,0.69755,0.30,33.80
2007.11.09 09:41:27.741,0.6974,0.69755,0.30,5.80
2007.11.09 09:41:27.998,0.6974,0.69755,0.30,1.80
2007.11.09 09:41:28.257,0.6974,0.69755,0.30,0.30
2007.11.09 09:41:28.855,0.6974,0.69755,0.30,0.30
2007.11.09 09:41:29.258,0.6974,0.69755,0.30,0.30
2007.11.09 09:41:29.592,0.6974,0.6975,0.30,0.30
2007.11.09 09:41:29.926,0.6974,0.6975,0.30,0.30
2007.11.09 09:41:30.160,0.6974,0.6975,0.30,0.30
2007.11.09 09:41:30.552,0.6974,0.6975,0.30,0.30
2007.11.09 09:41:30.775,0.6974,0.6975,0.30,0.30
2007.11.09 09:41:31.689,0.6974,0.6975,0.30,0.30
2007.11.09 09:41:33.114,0.6974,0.6975,0.30,0.30
2007.11.09 09:41:33.382,0.6974,0.6975,0.30,0.30
2007.11.09 09:41:33.788,0.6974,0.6975,0.30,0.30
2007.11.09 09:41:34.732,0.6974,0.6975,0.30,0.30
2007.11.09 09:41:37.268,0.6974,0.6975,0.30,0.30
2007.11.09 09:41:38.075,0.6974,0.6975,0.30,0.30
2007.11.09 09:41:38.296,0.6974,0.6975,0.30,0.30
2007.11.09 09:41:38.519,0.6974,0.6975,0.30,0.30
2007.11.09 09:41:39.447,0.6974,0.6975,0.30,0.30
2007.11.09 09:41:42.974,0.6974,0.6975,0.30,0.30
2007.11.09 09:41:43.101,0.6974,0.69755,0.30,8.20
2007.11.09 09:41:43.258,0.6974,0.69755,0.30,4.20
2007.11.09 09:41:43.414,0.6974,0.69755,0.30,2.60
2007.11.09 09:41:44.207,0.6974,0.69755,0.30,2.60
2007.11.09 09:41:45.029,0.6974,0.69755,0.30,2.60
2007.11.09 09:41:45.539,0.6974,0.69755,0.30,2.60
2007.11.09 09:41:45.829,0.69745,0.6976,6.60,1.00
2007.11.09 09:41:46.118,0.69745,0.6976,6.60,0.30
2007.11.09 09:41:46.413,0.69745,0.6976,6.60,0.30
2007.11.09 09:41:46.652,0.69745,0.6976,6.60,1.00
2007.11.09 09:41:46.891,0.69745,0.6976,6.60,0.30
2007.11.09 09:41:47.130,0.69745,0.6976,6.60,0.30
2007.11.09 09:41:47.369,0.69745,0.6976,6.60,0.30
2007.11.09 09:41:47.613,0.69745,0.69755,6.60,0.30
2007.11.09 09:41:47.917,0.69745,0.69755,0.30,8.20
2007.11.09 09:41:48.221,0.69745,0.69755,0.30,9.80
2007.11.09 09:41:48.523,0.69745,0.69755,0.30,10.60
2007.11.09 09:41:48.857,0.6974,0.69755,0.30,9.00
2007.11.09 09:41:49.193,0.6974,0.69755,0.30,7.60
2007.11.09 09:41:49.527,0.69745,0.69755,0.30,6.80
2007.11.09 09:41:49.741,0.69745,0.69755,0.30,0.50
2007.11.09 09:41:50.078,0.69745,0.69755,0.30,0.50
2007.11.09 09:41:50.294,0.69745,0.69755,0.30,0.20
2007.11.09 09:41:50.506,0.69745,0.69755,0.30,0.20
2007.11.09 09:41:50.775,0.6974,0.6975,4.20,0.30
2007.11.09 09:41:51.043,0.6974,0.6975,0.30,0.30
2007.11.09 09:41:51.312,0.6974,0.6975,0.30,0.30
2007.11.09 09:41:51.581,0.69735,0.6975,22.60,0.30
2007.11.09 09:41:51.780,0.69735,0.6975,22.60,0.30
2007.11.09 09:41:51.978,0.69735,0.6975,4.20,0.30
2007.11.09 09:41:52.278,0.69735,0.6975,0.30,0.30
2007.11.09 09:41:52.475,0.69735,0.6975,0.30,0.30
2007.11.09 09:41:52.674,0.6974,0.69755,0.30,39.30
2007.11.09 09:41:52.912,0.6974,0.69755,0.30,9.90
2007.11.09 09:41:53.150,0.6974,0.69755,0.30,9.90
2007.11.09 09:41:53.444,0.6974,0.69755,0.30,9.20
2007.11.09 09:41:53.767,0.6974,0.69755,0.30,9.20
2007.11.09 09:41:54.186,0.6974,0.69755,0.30,9.20
2007.11.09 09:41:55.224,0.6974,0.69755,0.30,9.20
2007.11.09 09:41:55.381,0.6974,0.69755,0.30,9.20
2007.11.09 09:41:55.541,0.6974,0.6975,0.30,1.60
2007.11.09 09:41:55.699,0.6974,0.6975,0.30,1.60
2007.11.09 09:41:55.992,0.6974,0.69755,0.30,28.70
2007.11.09 09:41:56.287,0.69735,0.6975,33.00,0.30
2007.11.09 09:41:56.580,0.6974,0.6975,0.30,0.30
2007.11.09 09:41:56.875,0.6974,0.6975,0.30,0.30
2007.11.09 09:41:57.123,0.6974,0.6975,0.30,0.30
2007.11.09 09:41:57.372,0.69735,0.6975,18.60,0.30
2007.11.09 09:41:57.621,0.6974,0.6975,0.30,0.30
2007.11.09 09:41:57.869,0.6974,0.6975,0.30,0.30
2007.11.09 09:41:58.143,0.6974,0.6975,0.30,1.80
2007.11.09 09:41:58.451,0.6974,0.6975,0.30,1.80
2007.11.09 09:41:58.726,0.69735,0.6975,25.00,1.80
2007.11.09 09:41:59.059,0.69735,0.6975,6.60,13.80
2007.11.09 09:41:59.393,0.69735,0.69745,0.30,0.30
2007.11.09 09:41:59.727,0.6974,0.6975,0.30,4.20
2007.11.09 09:41:59.954,0.6974,0.6975,0.30,4.50
2007.11.09 09:42:00.173,0.6974,0.6975,0.30,0.30
2007.11.09 09:42:00.391,0.6974,0.69755,0.30,35.20
2007.11.09 09:42:00.619,0.6974,0.69755,0.30,27.20
2007.11.09 09:42:01.256,0.6974,0.69755,0.30,27.40
2007.11.09 09:42:01.579,0.69735,0.6975,39.40,0.30
2007.11.09 09:42:01.902,0.69735,0.6975,22.60,8.50
2007.11.09 09:42:02.111,0.69735,0.6975,0.30,8.80
2007.11.09 09:42:02.320,0.69735,0.6975,0.30,14.40
2007.11.09 09:42:02.538,0.69735,0.6975,0.30,12.80
2007.11.09 09:42:02.739,0.69735,0.69745,0.30,0.30
2007.11.09 09:42:02.946,0.69735,0.69745,0.30,0.30
2007.11.09 09:42:03.280,0.69735,0.6975,0.30,12.50
2007.11.09 09:42:03.614,0.69735,0.6975,0.30,12.20
2007.11.09 09:42:03.950,0.69735,0.6975,0.30,1.80
2007.11.09 09:42:04.283,0.69735,0.69745,0.30,0.30
2007.11.09 09:42:04.609,0.69735,0.6975,0.30,13.90
2007.11.09 09:42:04.622,0.69735,0.6975,0.30,13.90
2007.11.09 09:42:04.956,0.69735,0.6975,0.30,13.90
2007.11.09 09:42:05.149,0.69735,0.6975,0.30,14.30
2007.11.09 09:42:05.354,0.69735,0.69745,0.30,0.30
2007.11.09 09:42:05.679,0.69735,0.69745,0.30,0.30
2007.11.09 09:42:05.872,0.69735,0.6975,0.30,12.70
2007.11.09 09:42:06.064,0.69735,0.6975,0.30,12.70
2007.11.09 09:42:06.359,0.69735,0.6975,0.30,0.70
2007.11.09 09:42:06.651,0.6974,0.69755,0.30,80.30
2007.11.09 09:42:06.944,0.6974,0.6975,0.30,0.60
2007.11.09 09:42:07.236,0.6974,0.6975,0.30,0.30
2007.11.09 09:42:07.505,0.6974,0.69755,0.30,44.30
2007.11.09 09:42:07.774,0.69735,0.69755,0.30,74.70
2007.11.09 09:42:08.057,0.69735,0.69755,0.30,74.70
2007.11.09 09:42:08.254,0.69735,0.6975,0.30,0.70
2007.11.09 09:42:08.452,0.69735,0.69755,0.30,74.70
2007.11.09 09:42:08.650,0.69735,0.69755,0.30,74.70
2007.11.09 09:42:08.849,0.69735,0.69745,0.30,0.30
2007.11.09 09:42:09.047,0.69735,0.69745,0.30,0.30
2007.11.09 09:42:09.272,0.69735,0.6975,0.30,14.30
2007.11.09 09:42:09.675,0.69735,0.6975,0.30,14.30
2007.11.09 09:42:10.009,0.69735,0.6975,0.30,11.50
2007.11.09 09:42:10.342,0.69735,0.69755,0.30,72.20
2007.11.09 09:42:10.472,0.69735,0.6975,0.30,0.30
2007.11.09 09:42:10.613,0.69735,0.69755,0.30,69.00
2007.11.09 09:42:11.255,0.69735,0.6975,0.30,0.30
2007.11.09 09:42:11.687,0.69735,0.6975,0.30,0.50
2007.11.09 09:42:12.015,0.69735,0.69755,0.30,73.30
2007.11.09 09:42:12.345,0.69735,0.6975,0.30,11.30
2007.11.09 09:42:12.758,0.69735,0.69745,0.30,0.30
2007.11.09 09:42:12.960,0.69735,0.69745,0.30,0.30
2007.11.09 09:42:13.164,0.69735,0.6975,0.30,0.60
2007.11.09 09:42:13.477,0.69735,0.69755,0.30,72.80
2007.11.09 09:42:13.792,0.69735,0.6975,4.20,0.30
2007.11.09 09:42:14.146,0.69735,0.69755,4.20,69.00
2007.11.09 09:42:14.459,0.69735,0.69755,4.20,69.00
2007.11.09 09:42:14.801,0.69735,0.6975,4.20,0.30
2007.11.09 09:42:15.127,0.69735,0.6975,0.30,0.30
2007.11.09 09:42:15.460,0.69735,0.6975,0.30,0.80
2007.11.09 09:42:15.674,0.69735,0.69745,0.30,0.30
2007.11.09 09:42:15.889,0.69735,0.69745,0.30,0.30
2007.11.09 09:42:16.430,0.69735,0.69745,0.30,0.30
2007.11.09 09:42:16.683,0.69735,0.6975,0.30,9.80
2007.11.09 09:42:17.017,0.69735,0.6975,0.30,8.20
2007.11.09 09:42:17.273,0.69735,0.6975,0.30,0.30
2007.11.09 09:42:17.471,0.69735,0.69755,0.30,73.80
2007.11.09 09:42:17.655,0.69735,0.6975,0.30,0.30
2007.11.09 09:42:17.837,0.69735,0.69755,0.30,75.70
2007.11.09 09:42:18.020,0.69735,0.6975,0.30,0.40
2007.11.09 09:42:18.245,0.69735,0.69755,0.30,79.60
2007.11.09 09:42:18.431,0.69735,0.69755,0.30,80.30
2007.11.09 09:42:18.766,0.69735,0.69745,0.30,0.30
2007.11.09 09:42:19.100,0.69735,0.69755,0.30,81.70
2007.11.09 09:42:19.434,0.69735,0.6975,0.30,0.60
2007.11.09 09:42:19.628,0.69735,0.69755,0.30,75.40
2007.11.09 09:42:19.821,0.69735,0.6975,0.30,0.30
2007.11.09 09:42:20.015,0.69735,0.69755,0.30,71.30
2007.11.09 09:42:20.247,0.69735,0.69755,0.30,71.30
2007.11.09 09:42:20.439,0.69735,0.6975,0.30,0.30
2007.11.09 09:42:20.772,0.69735,0.69755,0.50,67.30
2007.11.09 09:42:21.105,0.69735,0.6975,1.00,0.30
2007.11.09 09:42:21.507,0.69735,0.6975,1.00,0.30
2007.11.09 09:42:21.720,0.69735,0.6975,1.00,0.30
2007.11.09 09:42:21.933,0.69735,0.69755,1.00,67.40
2007.11.09 09:42:22.147,0.69735,0.69755,1.80,66.60
2007.11.09 09:42:22.361,0.69735,0.69755,10.60,62.60
2007.11.09 09:42:22.575,0.69735,0.6975,15.00,0.30
2007.11.09 09:42:22.894,0.6974,0.69755,0.30,0.80
2007.11.09 09:42:23.243,0.6974,0.69755,1.20,0.50
2007.11.09 09:42:23.561,0.6974,0.6976,1.20,18.60
2007.11.09 09:42:23.893,0.6974,0.69755,1.20,0.60
2007.11.09 09:42:24.227,0.6974,0.69755,1.20,0.90
2007.11.09 09:42:24.561,0.69745,0.6976,0.30,18.60
2007.11.09 09:42:24.775,0.69745,0.69755,0.30,0.30
2007.11.09 09:42:24.988,0.69745,0.6976,0.30,16.30
2007.11.09 09:42:25.200,0.69745,0.6976,0.30,12.30
2007.11.09 09:42:25.960,0.69745,0.6976,0.30,12.30
2007.11.09 09:42:26.690,0.69745,0.69755,0.30,0.30
2007.11.09 09:42:27.115,0.69745,0.69755,0.30,0.30
2007.11.09 09:42:27.343,0.69745,0.6976,0.30,13.90
2007.11.09 09:42:27.571,0.69745,0.6976,0.30,13.90
2007.11.09 09:42:27.800,0.69745,0.6976,0.30,13.90
2007.11.09 09:42:28.209,0.69745,0.6976,0.30,13.90
2007.11.09 09:42:28.472,0.69745,0.69755,0.30,0.30
2007.11.09 09:42:30.200,0.69745,0.69755,0.30,0.30
2007.11.09 09:42:30.460,0.69745,0.6976,0.30,17.90
2007.11.09 09:42:30.669,0.69745,0.69755,0.30,0.30
2007.11.09 09:42:30.823,0.69745,0.6976,0.30,17.10
2007.11.09 09:42:31.127,0.69745,0.6976,0.30,16.30
2007.11.09 09:42:31.428,0.69745,0.6976,0.30,12.30
2007.11.09 09:42:31.731,0.69745,0.69765,0.30,88.90
2007.11.09 09:42:32.034,0.69745,0.6976,0.30,0.30
2007.11.09 09:42:32.287,0.69745,0.69765,0.30,69.80
2007.11.09 09:42:32.540,0.69745,0.6976,0.30,0.30
2007.11.09 09:42:33.027,0.69745,0.6976,0.30,0.30
2007.11.09 09:42:33.452,0.69745,0.6976,0.30,0.30
2007.11.09 09:42:34.487,0.69745,0.6976,0.30,0.30
2007.11.09 09:42:38.243,0.69745,0.6976,0.30,0.30
2007.11.09 09:42:38.665,0.6974,0.69755,5.20,0.30
2007.11.09 09:42:38.904,0.6974,0.69755,1.20,4.20
2007.11.09 09:42:39.141,0.6974,0.69755,1.20,4.20
2007.11.09 09:42:39.732,0.6974,0.69755,1.20,4.20
2007.11.09 09:42:42.031,0.6974,0.69755,1.20,8.20
2007.11.09 09:42:42.058,0.6974,0.69755,0.30,10.60
2007.11.09 09:42:42.087,0.6974,0.69755,0.30,18.60
2007.11.09 09:42:42.147,0.6974,0.69755,0.30,10.60
2007.11.09 09:42:42.351,0.6974,0.69755,0.30,14.60
2007.11.09 09:42:42.468,0.6974,0.69755,0.30,14.60
2007.11.09 09:42:42.615,0.69735,0.6975,52.30,0.30
2007.11.09 09:42:42.665,0.69735,0.6975,52.30,0.30
2007.11.09 09:42:42.689,0.69735,0.6975,43.50,0.30
2007.11.09 09:42:42.768,0.69735,0.6975,39.50,0.30
2007.11.09 09:42:42.879,0.69735,0.6975,21.10,0.30
2007.11.09 09:42:42.970,0.69735,0.6975,21.10,0.30
2007.11.09 09:42:42.990,0.69735,0.6975,25.10,0.30
2007.11.09 09:42:43.198,0.69735,0.6975,25.10,0.30
2007.11.09 09:42:43.531,0.69735,0.69745,9.80,0.30
2007.11.09 09:42:43.864,0.69735,0.69745,9.80,0.30
2007.11.09 09:42:44.216,0.69735,0.69745,9.80,0.30
2007.11.09 09:42:44.742,0.69735,0.69745,9.80,0.30
2007.11.09 09:42:45.075,0.69735,0.69745,5.80,0.30
2007.11.09 09:42:45.680,0.69735,0.69745,5.80,0.30
2007.11.09 09:42:46.199,0.69735,0.69745,5.80,0.30
2007.11.09 09:42:47.764,0.69735,0.69745,5.80,0.30
2007.11.09 09:42:47.978,0.69735,0.69745,5.80,0.30
2007.11.09 09:42:48.179,0.69735,0.69745,5.70,0.30
2007.11.09 09:42:48.457,0.69735,0.69745,1.30,0.30
2007.11.09 09:42:48.736,0.69735,0.69745,1.30,0.30
2007.11.09 09:42:49.015,0.69735,0.69745,1.00,0.30
2007.11.09 09:42:49.392,0.69735,0.69745,1.00,0.30
2007.11.09 09:42:49.726,0.69735,0.69745,1.00,0.30
2007.11.09 09:42:50.060,0.69735,0.69745,1.00,0.30
2007.11.09 09:42:50.495,0.69735,0.69745,1.00,0.30
2007.11.09 09:42:51.216,0.69735,0.69745,1.00,0.30
2007.11.09 09:42:51.614,0.69735,0.69745,9.00,0.30
2007.11.09 09:42:51.849,0.69735,0.6975,15.40,0.30
2007.11.09 09:42:52.082,0.69735,0.6975,15.40,0.30
2007.11.09 09:42:52.977,0.69735,0.6975,15.40,0.30
2007.11.09 09:42:53.240,0.69735,0.6975,15.40,0.30
2007.11.09 09:42:53.694,0.6974,0.6975,0.30,0.30
2007.11.09 09:42:53.963,0.6974,0.6975,0.30,0.30
2007.11.09 09:42:54.725,0.6974,0.6975,0.30,0.30
2007.11.09 09:42:56.205,0.6974,0.6975,0.30,0.30
2007.11.09 09:42:56.343,0.6974,0.6975,0.30,0.30
2007.11.09 09:42:56.646,0.6974,0.6975,0.30,0.30
2007.11.09 09:42:56.949,0.6974,0.6975,0.30,0.30
2007.11.09 09:42:57.253,0.69735,0.6975,49.80,0.30
2007.11.09 09:42:57.555,0.69735,0.6975,19.40,0.30
2007.11.09 09:42:57.564,0.69735,0.6975,2.80,0.30
2007.11.09 09:42:57.925,0.69735,0.6975,9.10,0.30
2007.11.09 09:42:58.182,0.6973,0.6975,29.00,0.30
2007.11.09 09:42:58.441,0.69735,0.6975,41.90,0.30
2007.11.09 09:42:58.777,0.6974,0.6975,0.30,0.30
2007.11.09 09:42:59.111,0.6974,0.6975,0.30,0.30
2007.11.09 09:42:59.444,0.6974,0.6975,0.30,0.30
2007.11.09 09:42:59.633,0.69735,0.6975,37.90,0.30
2007.11.09 09:42:59.822,0.6974,0.6975,0.30,0.30
2007.11.09 09:43:00.009,0.6974,0.6975,0.30,0.30
2007.11.09 09:43:00.258,0.69735,0.6975,33.90,0.30
2007.11.09 09:43:00.953,0.69735,0.6975,33.90,0.30
2007.11.09 09:43:01.735,0.6974,0.6975,0.30,0.30
2007.11.09 09:43:01.921,0.69735,0.6975,7.80,0.30
2007.11.09 09:43:02.117,0.6973,0.6975,20.20,0.30
2007.11.09 09:43:02.926,0.69735,0.6975,0.50,4.20
2007.11.09 09:43:03.201,0.69735,0.6975,0.70,4.20
2007.11.09 09:43:03.401,0.6973,0.6975,20.20,4.20
2007.11.09 09:43:04.183,0.6973,0.6975,20.20,4.20
2007.11.09 09:43:05.032,0.69735,0.6975,0.90,4.20
2007.11.09 09:43:06.427,0.69735,0.6975,1.40,4.20
2007.11.09 09:43:06.541,0.6973,0.6975,19.40,4.20
2007.11.09 09:43:07.504,0.6973,0.6975,19.40,4.20
2007.11.09 09:43:08.195,0.69735,0.6975,4.90,4.20
2007.11.09 09:43:10.089,0.6973,0.6975,19.40,4.20
2007.11.09 09:43:10.294,0.69735,0.6975,1.00,4.20
2007.11.09 09:43:10.516,0.69735,0.6975,7.30,4.20
2007.11.09 09:43:10.733,0.6973,0.6975,20.20,4.20
2007.11.09 09:43:11.248,0.69735,0.6975,5.20,4.20
2007.11.09 09:43:11.581,0.69735,0.6975,3.80,4.20
2007.11.09 09:43:11.923,0.69735,0.6975,4.40,4.20
2007.11.09 09:43:12.132,0.6973,0.6975,20.20,4.20
2007.11.09 09:43:12.509,0.69735,0.6975,7.10,4.20
2007.11.09 09:43:12.949,0.6973,0.6975,20.20,4.20
2007.11.09 09:43:13.279,0.6973,0.6975,20.20,4.20
2007.11.09 09:43:14.248,0.6973,0.6975,20.20,4.20
2007.11.09 09:43:14.581,0.69735,0.6975,5.90,4.20
2007.11.09 09:43:14.915,0.6973,0.69745,2.90,0.30
2007.11.09 09:43:15.249,0.69735,0.6975,0.80,4.20
2007.11.09 09:43:15.428,0.6973,0.69745,8.20,4.00
2007.11.09 09:43:15.607,0.6973,0.6975,12.20,0.30
2007.11.09 09:43:15.784,0.6973,0.69745,9.80,0.30
2007.11.09 09:43:15.962,0.6973,0.69745,9.80,0.30
2007.11.09 09:43:16.258,0.69735,0.69745,2.00,0.30
2007.11.09 09:43:16.475,0.6973,0.69745,9.80,0.30
2007.11.09 09:43:17.702,0.6973,0.69745,9.80,0.30
2007.11.09 09:43:18.002,0.69735,0.69745,2.10,0.30
2007.11.09 09:43:18.239,0.69745,0.69755,2.60,62.30
2007.11.09 09:43:18.466,0.69745,0.69755,1.10,33.00
2007.11.09 09:43:18.800,0.6974,0.69755,9.00,14.60
2007.11.09 09:43:19.134,0.6974,0.69755,11.40,0.30
2007.11.09 09:43:19.468,0.6974,0.69755,29.80,0.30
2007.11.09 09:43:19.696,0.6974,0.69755,29.80,0.30
2007.11.09 09:43:19.924,0.6974,0.6976,33.80,0.30
2007.11.09 09:43:20.152,0.6974,0.6976,33.80,0.30
2007.11.09 09:43:20.381,0.69745,0.69765,36.20,34.60
2007.11.09 09:43:20.690,0.6975,0.69765,0.50,14.60
2007.11.09 09:43:20.997,0.69745,0.69765,53.90,6.60
2007.11.09 09:43:21.306,0.6975,0.69765,0.30,6.60
2007.11.09 09:43:21.614,0.6975,0.69765,0.30,6.60
2007.11.09 09:43:21.823,0.69745,0.69765,53.10,14.60
2007.11.09 09:43:22.030,0.6975,0.69765,0.30,14.60
2007.11.09 09:43:22.238,0.6975,0.69765,0.30,18.60
2007.11.09 09:43:22.446,0.69745,0.69765,45.10,18.60
2007.11.09 09:43:22.735,0.6975,0.69765,0.30,18.60
2007.11.09 09:43:23.019,0.6975,0.69765,0.30,18.60
2007.11.09 09:43:23.312,0.69745,0.69765,53.10,18.60
2007.11.09 09:43:23.585,0.6975,0.69765,0.30,18.60
2007.11.09 09:43:23.920,0.6975,0.69765,0.30,18.60
2007.11.09 09:43:24.252,0.69745,0.6976,19.10,0.30
2007.11.09 09:43:24.586,0.69745,0.6976,0.90,0.30
2007.11.09 09:43:24.807,0.69745,0.6976,10.60,0.30
2007.11.09 09:43:25.033,0.69745,0.6976,35.40,0.30
2007.11.09 09:43:25.251,0.69745,0.6976,35.40,0.30
2007.11.09 09:43:25.469,0.69745,0.6976,39.40,0.30
2007.11.09 09:43:25.696,0.69745,0.6976,39.40,0.30
2007.11.09 09:43:26.024,0.69745,0.6976,39.40,0.30
2007.11.09 09:43:26.431,0.69745,0.6976,39.40,0.30
2007.11.09 09:43:26.774,0.6975,0.6976,0.30,0.30
2007.11.09 09:43:26.987,0.6975,0.6976,0.30,0.30
2007.11.09 09:43:27.200,0.6975,0.6976,0.30,0.30
2007.11.09 09:43:27.678,0.6975,0.6976,0.30,0.30
2007.11.09 09:43:27.892,0.6975,0.6976,0.30,1.00
2007.11.09 09:43:28.185,0.6975,0.6976,0.30,1.00
2007.11.09 09:43:28.604,0.6975,0.6976,0.30,0.30
2007.11.09 09:43:28.952,0.6975,0.6976,0.30,0.30
2007.11.09 09:43:29.284,0.6975,0.6976,0.30,0.30
2007.11.09 09:43:29.618,0.6975,0.6976,0.30,0.30
2007.11.09 09:43:29.951,0.69745,0.69755,10.60,0.60
2007.11.09 09:43:30.175,0.69745,0.69755,6.60,0.60
2007.11.09 09:43:30.399,0.6974,0.69755,5.00,4.50
2007.11.09 09:43:30.623,0.6974,0.69755,1.00,4.50
2007.11.09 09:43:30.846,0.6974,0.69755,1.80,4.50
2007.11.09 09:43:31.115,0.6974,0.69755,0.30,4.50
2007.11.09 09:43:31.384,0.69745,0.69755,0.30,4.50
2007.11.09 09:43:31.653,0.69745,0.69755,0.30,4.50
2007.11.09 09:43:31.921,0.69745,0.69755,0.30,4.50
2007.11.09 09:43:32.216,0.69745,0.69755,0.30,4.50
2007.11.09 09:43:32.466,0.69745,0.69755,0.30,4.50
2007.11.09 09:43:32.742,0.69745,0.69755,0.30,4.50
2007.11.09 09:43:33.170,0.69745,0.69755,0.30,0.50
2007.11.09 09:43:33.993,0.69745,0.69755,0.30,0.50
2007.11.09 09:43:34.423,0.69745,0.69755,0.30,0.50
2007.11.09 09:43:34.925,0.69745,0.69755,0.30,0.50
2007.11.09 09:43:35.753,0.69745,0.69755,0.30,0.50
2007.11.09 09:43:37.074,0.69745,0.69755,0.30,0.50
2007.11.09 09:43:37.263,0.69745,0.69755,0.30,4.50
2007.11.09 09:43:37.457,0.69745,0.69755,0.30,4.50
2007.11.09 09:43:37.646,0.69745,0.69755,0.30,4.50
2007.11.09 09:43:37.833,0.69745,0.69755,0.30,4.50
2007.11.09 09:43:38.215,0.69745,0.69755,0.30,4.50
2007.11.09 09:43:38.478,0.69745,0.69755,0.30,4.50
2007.11.09 09:43:38.976,0.69745,0.69755,0.30,4.50
2007.11.09 09:43:39.238,0.69745,0.69755,0.30,4.50
2007.11.09 09:43:39.571,0.69745,0.69755,0.30,4.50
2007.11.09 09:43:41.197,0.69745,0.69755,0.30,4.30
2007.11.09 09:43:41.530,0.69745,0.69755,6.60,0.05
2007.11.09 09:43:43.228,0.69745,0.69755,6.60,0.05
2007.11.09 09:43:44.468,0.69745,0.69755,6.60,0.05
2007.11.09 09:43:44.808,0.69745,0.69755,6.60,0.05
2007.11.09 09:43:45.504,0.69745,0.69755,6.60,0.05
2007.11.09 09:43:45.908,0.69745,0.69755,6.60,0.05
2007.11.09 09:43:46.240,0.69745,0.69755,4.20,0.05
2007.11.09 09:43:46.513,0.69745,0.69755,0.30,0.40
2007.11.09 09:43:47.160,0.69745,0.69755,0.30,0.40
2007.11.09 09:43:47.431,0.6974,0.69755,8.20,0.40
2007.11.09 09:43:47.610,0.69745,0.69755,1.40,0.40
2007.11.09 09:43:47.789,0.6974,0.69755,4.30,0.40
2007.11.09 09:43:47.968,0.69745,0.69755,0.30,0.40
2007.11.09 09:43:48.146,0.6974,0.69755,4.30,0.40
2007.11.09 09:43:48.324,0.69745,0.69755,0.30,4.30
2007.11.09 09:43:48.885,0.69745,0.69755,0.30,4.30
2007.11.09 09:43:49.219,0.69745,0.69755,0.30,4.30
2007.11.09 09:43:49.552,0.69745,0.69755,0.30,4.30
2007.11.09 09:43:49.887,0.69745,0.69755,0.30,4.30
2007.11.09 09:43:50.220,0.69745,0.69755,0.30,4.30
2007.11.09 09:43:50.418,0.6974,0.69755,4.20,4.30
2007.11.09 09:43:50.617,0.6974,0.69755,4.20,4.30
2007.11.09 09:43:50.824,0.6974,0.69755,4.20,4.30
2007.11.09 09:43:51.219,0.6974,0.69755,0.30,4.30
2007.11.09 09:43:51.517,0.6974,0.69755,0.30,4.30
2007.11.09 09:43:51.951,0.6974,0.69755,0.30,4.30
2007.11.09 09:43:52.268,0.6974,0.69755,0.30,0.40
2007.11.09 09:43:52.532,0.6974,0.69755,0.30,0.40
2007.11.09 09:43:52.805,0.6974,0.69755,0.30,0.40
2007.11.09 09:43:53.068,0.6974,0.69755,0.30,0.40
2007.11.09 09:43:53.390,0.69745,0.69755,0.30,0.40
2007.11.09 09:43:53.619,0.69745,0.69755,0.30,0.40
2007.11.09 09:43:53.847,0.69745,0.69755,0.30,0.40
2007.11.09 09:43:54.075,0.69745,0.69755,0.30,0.40
2007.11.09 09:43:54.303,0.69745,0.69755,0.30,0.40
2007.11.09 09:43:54.532,0.69745,0.69755,0.30,0.40
2007.11.09 09:43:54.914,0.69745,0.69755,0.30,0.40
2007.11.09 09:43:55.247,0.69745,0.69755,0.30,0.40
2007.11.09 09:43:55.789,0.69745,0.69755,0.30,0.40
2007.11.09 09:43:55.982,0.69745,0.69755,0.30,0.40
2007.11.09 09:43:56.175,0.69745,0.69755,0.30,0.40
2007.11.09 09:43:56.368,0.69745,0.69755,4.20,0.40
2007.11.09 09:43:56.562,0.69745,0.69755,4.20,0.40
2007.11.09 09:43:56.895,0.69745,0.69755,0.30,0.40
2007.11.09 09:43:57.231,0.69745,0.69755,0.30,0.40
2007.11.09 09:43:57.562,0.69745,0.69755,0.30,0.40
2007.11.09 09:43:57.977,0.69745,0.69755,0.30,0.40
2007.11.09 09:43:58.184,0.69745,0.69755,0.30,0.40
2007.11.09 09:43:58.392,0.69745,0.69755,0.30,0.40
2007.11.09 09:43:58.601,0.69745,0.69755,0.30,0.40
2007.11.09 09:43:58.934,0.69745,0.69755,0.30,0.40
2007.11.09 09:43:59.523,0.69745,0.69755,0.30,0.40
2007.11.09 09:43:59.855,0.69745,0.69755,0.30,0.40
2007.11.09 09:44:00.048,0.69745,0.69755,0.30,0.40
2007.11.09 09:44:00.241,0.69745,0.69755,0.30,4.30
2007.11.09 09:44:00.435,0.69745,0.69755,0.30,4.30
2007.11.09 09:44:00.628,0.69745,0.69755,0.30,4.30
2007.11.09 09:44:00.903,0.6974,0.69755,4.20,0.40
2007.11.09 09:44:01.175,0.6974,0.69755,4.20,0.40
2007.11.09 09:44:01.450,0.69745,0.69755,0.30,0.40
2007.11.09 09:44:02.212,0.69745,0.69755,0.30,0.40
2007.11.09 09:44:02.479,0.69745,0.69755,0.30,0.40
2007.11.09 09:44:02.747,0.69745,0.69755,0.30,0.40
2007.11.09 09:44:02.951,0.69745,0.69755,0.30,0.40
2007.11.09 09:44:03.209,0.69745,0.69755,0.30,0.40
2007.11.09 09:44:03.410,0.69745,0.69755,0.30,0.40
2007.11.09 09:44:03.850,0.69745,0.69755,0.30,0.40
2007.11.09 09:44:04.184,0.69745,0.69755,0.30,0.40
2007.11.09 09:44:04.517,0.69745,0.69755,0.30,0.40
2007.11.09 09:44:04.851,0.69745,0.69755,4.20,0.40
2007.11.09 09:44:05.076,0.69745,0.69755,0.30,0.40
2007.11.09 09:44:05.300,0.69745,0.69755,0.30,0.40
2007.11.09 09:44:05.524,0.69745,0.69755,0.30,0.40
2007.11.09 09:44:05.988,0.69745,0.69755,0.30,0.40
2007.11.09 09:44:06.280,0.69745,0.69755,0.30,0.40
2007.11.09 09:44:06.573,0.69745,0.69755,0.30,0.40
2007.11.09 09:44:07.356,0.69745,0.69755,0.30,0.40
2007.11.09 09:44:08.017,0.69745,0.69755,0.30,0.40
2007.11.09 09:44:09.491,0.69745,0.69755,0.30,0.40
2007.11.09 09:44:10.036,0.69745,0.69755,0.30,0.40
2007.11.09 09:44:10.218,0.69745,0.69755,0.30,0.40
2007.11.09 09:44:10.427,0.69745,0.69755,0.30,0.40
2007.11.09 09:44:10.947,0.69745,0.69755,0.30,0.40
2007.11.09 09:44:11.258,0.69745,0.69755,0.30,0.40
2007.11.09 09:44:11.592,0.69745,0.69755,0.30,0.40
2007.11.09 09:44:11.926,0.69745,0.69755,6.60,0.05
2007.11.09 09:44:12.259,0.69745,0.69755,6.60,0.05
2007.11.09 09:44:12.952,0.69745,0.69755,6.60,0.05
2007.11.09 09:44:13.282,0.69745,0.69755,6.60,0.05
2007.11.09 09:44:13.534,0.69745,0.69755,6.60,0.05
2007.11.09 09:44:13.788,0.69745,0.69755,2.60,0.05
2007.11.09 09:44:14.041,0.69745,0.69755,2.60,0.05
2007.11.09 09:44:14.302,0.69745,0.69755,2.60,0.05
2007.11.09 09:44:14.785,0.69745,0.69755,6.60,0.05
2007.11.09 09:44:15.108,0.69745,0.69755,6.60,0.05
2007.11.09 09:44:15.392,0.69745,0.69755,2.60,0.05
2007.11.09 09:44:15.614,0.69745,0.69755,2.60,0.05
2007.11.09 09:44:16.215,0.69745,0.69755,2.60,0.05
2007.11.09 09:44:16.498,0.69745,0.69755,2.60,0.05
2007.11.09 09:44:16.780,0.69745,0.69755,2.60,0.05
2007.11.09 09:44:17.157,0.69745,0.69755,3.40,0.05
2007.11.09 09:44:17.415,0.69745,0.69755,3.40,0.05
2007.11.09 09:44:17.672,0.69745,0.69755,3.40,0.05
2007.11.09 09:44:18.059,0.69745,0.6976,9.00,0.30
2007.11.09 09:44:18.317,0.69745,0.6976,7.40,0.30
2007.11.09 09:44:18.541,0.6975,0.6976,0.30,0.30
2007.11.09 09:44:18.766,0.6975,0.6976,0.30,0.30
2007.11.09 09:44:18.998,0.6975,0.6976,0.30,0.30
2007.11.09 09:44:19.220,0.6975,0.6976,0.30,0.30
2007.11.09 09:44:19.444,0.6975,0.6976,0.30,0.30
2007.11.09 09:44:19.860,0.6975,0.6976,0.30,0.30
2007.11.09 09:44:20.194,0.6975,0.6976,0.30,0.30
2007.11.09 09:44:20.527,0.6975,0.6976,1.40,0.30
2007.11.09 09:44:20.717,0.6975,0.6976,1.40,0.30
2007.11.09 09:44:20.905,0.6975,0.6976,1.40,0.30
2007.11.09 09:44:21.094,0.6975,0.6976,1.40,0.30
2007.11.09 09:44:21.281,0.6975,0.6976,1.40,0.30
2007.11.09 09:44:21.470,0.6975,0.69765,1.40,10.50
2007.11.09 09:44:21.803,0.6975,0.6976,1.40,0.30
2007.11.09 09:44:22.137,0.6975,0.6976,1.40,0.30
2007.11.09 09:44:22.478,0.6975,0.6976,0.80,0.30
2007.11.09 09:44:22.697,0.6975,0.6976,0.30,0.30
2007.11.09 09:44:22.915,0.6975,0.6976,0.30,0.30
2007.11.09 09:44:23.133,0.6975,0.6976,0.30,0.30
2007.11.09 09:44:23.361,0.6975,0.6976,0.30,0.30
2007.11.09 09:44:23.695,0.6975,0.6976,0.30,0.30
2007.11.09 09:44:24.028,0.6975,0.6976,0.30,0.30
2007.11.09 09:44:24.862,0.6975,0.6976,0.80,0.30
2007.11.09 09:44:25.060,0.6975,0.6976,1.20,0.30
2007.11.09 09:44:25.259,0.6975,0.6976,1.20,0.30
2007.11.09 09:44:25.457,0.6975,0.6976,1.20,0.30
2007.11.09 09:44:25.700,0.6975,0.6976,0.70,0.30
2007.11.09 09:44:25.730,0.69745,0.6976,53.00,0.30
2007.11.09 09:44:25.944,0.69745,0.6976,47.50,0.30
2007.11.09 09:44:26.188,0.6975,0.6976,0.30,0.30
2007.11.09 09:44:26.439,0.6975,0.6976,0.30,0.30
2007.11.09 09:44:26.744,0.69745,0.6976,43.50,0.30
2007.11.09 09:44:27.232,0.69745,0.6976,43.50,0.30
2007.11.09 09:44:27.546,0.6975,0.6976,0.30,1.00
2007.11.09 09:44:27.764,0.69745,0.6976,39.50,0.30
2007.11.09 09:44:27.982,0.69745,0.6976,39.50,0.30
2007.11.09 09:44:28.201,0.6975,0.6976,0.30,0.30
2007.11.09 09:44:28.418,0.69745,0.6976,39.50,0.30
2007.11.09 09:44:28.636,0.6975,0.6976,0.30,0.30
2007.11.09 09:44:28.969,0.6975,0.6976,0.30,0.30
2007.11.09 09:44:29.302,0.6975,0.6976,0.30,0.30
2007.11.09 09:44:29.709,0.69745,0.6976,45.90,0.30
2007.11.09 09:44:29.897,0.6975,0.6976,0.30,0.30
2007.11.09 09:44:30.087,0.69745,0.6976,51.30,0.30
2007.11.09 09:44:30.404,0.69745,0.6976,52.90,0.30
2007.11.09 09:44:30.594,0.6975,0.6976,0.30,0.30
2007.11.09 09:44:30.901,0.6975,0.6976,0.30,0.30
2007.11.09 09:44:31.209,0.69745,0.6976,51.30,0.30
2007.11.09 09:44:31.517,0.6975,0.6976,0.30,0.30
2007.11.09 09:44:31.787,0.69745,0.6976,51.30,0.30
2007.11.09 09:44:32.005,0.69745,0.6976,51.30,0.30
2007.11.09 09:44:32.224,0.69745,0.6976,47.30,0.30
2007.11.09 09:44:32.443,0.6975,0.6976,0.30,0.30
2007.11.09 09:44:32.661,0.6975,0.6976,0.30,0.30
2007.11.09 09:44:32.970,0.6975,0.6976,0.30,0.30
2007.11.09 09:44:33.279,0.6975,0.6976,0.30,0.30
2007.11.09 09:44:33.588,0.69745,0.6976,43.40,0.30
2007.11.09 09:44:33.920,0.6975,0.6976,0.30,0.30
2007.11.09 09:44:34.258,0.6975,0.6976,0.30,0.30
2007.11.09 09:44:34.593,0.69745,0.6976,50.70,0.30
2007.11.09 09:44:34.786,0.69745,0.6976,49.90,0.30
2007.11.09 09:44:35.263,0.6975,0.6976,0.90,0.30
2007.11.09 09:44:35.993,0.69745,0.6976,49.90,0.30
2007.11.09 09:44:36.393,0.69745,0.6976,49.90,0.30
2007.11.09 09:44:36.677,0.6974,0.6976,74.00,0.30
2007.11.09 09:44:36.868,0.69745,0.6976,12.80,0.30
2007.11.09 09:44:37.059,0.69745,0.6976,33.90,0.30
2007.11.09 09:44:37.255,0.69745,0.6976,52.50,0.30
2007.11.09 09:44:37.443,0.6975,0.69765,0.90,1.80
2007.11.09 09:44:37.631,0.6975,0.69765,0.90,1.80
2007.11.09 09:44:37.901,0.69745,0.69765,54.10,10.60
2007.11.09 09:44:38.168,0.69745,0.69765,54.10,10.60
2007.11.09 09:44:38.436,0.6975,0.69765,0.30,10.60
2007.11.09 09:44:38.704,0.6975,0.6976,0.30,0.30
2007.11.09 09:44:39.037,0.6975,0.6976,0.30,0.30
2007.11.09 09:44:39.370,0.6975,0.6976,0.30,0.30
2007.11.09 09:44:39.711,0.69745,0.6976,53.30,0.30
2007.11.09 09:44:39.919,0.6975,0.6976,0.30,0.30
2007.11.09 09:44:40.127,0.6974,0.6976,59.80,0.30
2007.11.09 09:44:40.335,0.6974,0.6976,41.40,0.30
2007.11.09 09:44:40.544,0.6975,0.69765,0.30,20.20
2007.11.09 09:44:40.752,0.69745,0.69765,54.20,1.80
2007.11.09 09:44:41.086,0.69745,0.6976,53.80,0.30
2007.11.09 09:44:41.421,0.6975,0.6976,0.60,0.30
2007.11.09 09:44:41.754,0.6975,0.6976,0.30,0.30
2007.11.09 09:44:41.982,0.69745,0.6976,53.10,0.30
2007.11.09 09:44:42.211,0.6975,0.6976,0.30,0.30
2007.11.09 09:44:42.440,0.6975,0.6976,0.30,0.30
2007.11.09 09:44:42.774,0.69745,0.6976,45.90,0.30
2007.11.09 09:44:43.068,0.69745,0.6976,49.90,0.30
2007.11.09 09:44:43.361,0.6974,0.6976,59.60,0.30
2007.11.09 09:44:43.654,0.6974,0.6976,58.10,0.30
2007.11.09 09:44:43.939,0.6974,0.6976,41.80,0.30
2007.11.09 09:44:44.272,0.69745,0.6976,49.90,0.30
2007.11.09 09:44:44.606,0.69745,0.6976,18.20,0.30
2007.11.09 09:44:44.948,0.6974,0.6976,33.80,0.30
2007.11.09 09:44:45.172,0.6974,0.6976,33.80,0.30
2007.11.09 09:44:45.394,0.69745,0.6976,6.50,0.30
2007.11.09 09:44:45.619,0.6974,0.6976,35.40,0.30
2007.11.09 09:44:45.842,0.69745,0.6976,6.40,0.30
2007.11.09 09:44:46.150,0.69745,0.6976,8.50,0.30
2007.11.09 09:44:46.458,0.6974,0.6976,26.60,0.30
2007.11.09 09:44:46.767,0.6974,0.6976,26.60,0.30
2007.11.09 09:44:47.076,0.69745,0.6976,3.00,0.30
2007.11.09 09:44:47.366,0.69745,0.6976,1.30,0.30
2007.11.09 09:44:47.655,0.69745,0.6976,45.90,0.30
2007.11.09 09:44:47.942,0.69745,0.6976,45.90,0.30
2007.11.09 09:44:48.206,0.6975,0.6976,0.30,0.30
2007.11.09 09:44:48.480,0.6974,0.6976,53.00,0.30
2007.11.09 09:44:48.744,0.69745,0.6976,6.80,0.30
2007.11.09 09:44:49.009,0.6975,0.6976,0.30,0.30
2007.11.09 09:44:49.343,0.69745,0.6976,50.00,0.30
2007.11.09 09:44:49.685,0.69745,0.6976,49.90,0.30
2007.11.09 09:44:50.018,0.6975,0.6976,0.30,0.30
2007.11.09 09:44:50.235,0.69745,0.6976,49.90,0.30
2007.11.09 09:44:50.454,0.6974,0.6976,52.30,0.30
2007.11.09 09:44:50.673,0.69745,0.6976,6.80,0.30
2007.11.09 09:44:51.020,0.6974,0.6976,29.10,0.30
2007.11.09 09:44:51.453,0.6974,0.6976,29.10,0.30
2007.11.09 09:44:51.758,0.6974,0.6976,29.10,0.30
2007.11.09 09:44:52.042,0.6974,0.6976,26.60,0.30
2007.11.09 09:44:52.316,0.69745,0.6976,4.70,0.30
2007.11.09 09:44:52.588,0.69745,0.6976,3.00,0.30
2007.11.09 09:44:52.863,0.6974,0.6976,21.00,0.30
2007.11.09 09:44:53.137,0.69745,0.6976,11.40,0.30
2007.11.09 09:44:53.395,0.69745,0.6976,27.40,0.30
2007.11.09 09:44:53.653,0.6975,0.6976,0.30,0.30
2007.11.09 09:44:53.912,0.6975,0.6976,0.30,0.30
2007.11.09 09:44:54.170,0.6975,0.6976,0.30,0.30
2007.11.09 09:44:54.504,0.6975,0.6976,0.30,0.30
2007.11.09 09:44:54.919,0.6975,0.6976,0.30,0.30
2007.11.09 09:44:55.252,0.6975,0.6976,0.30,0.30
2007.11.09 09:44:55.455,0.6975,0.6976,0.30,0.30
2007.11.09 09:44:56.437,0.6975,0.6976,0.30,0.30
2007.11.09 09:44:56.735,0.6975,0.6976,1.80,0.30
2007.11.09 09:44:57.034,0.6975,0.6976,1.80,0.30
2007.11.09 09:44:57.332,0.6975,0.6976,0.30,0.30
2007.11.09 09:44:57.584,0.6975,0.6976,0.30,0.30
2007.11.09 09:44:58.009,0.6975,0.6976,0.30,0.30
2007.11.09 09:44:58.262,0.6975,0.6976,0.30,0.30
2007.11.09 09:44:58.734,0.6975,0.6976,0.30,0.30
2007.11.09 09:44:58.992,0.6975,0.6976,0.30,0.30
2007.11.09 09:44:59.250,0.6975,0.6976,0.30,0.30
2007.11.09 09:44:59.584,0.6975,0.6976,0.30,0.30
2007.11.09 09:44:59.917,0.6975,0.6976,0.30,0.30
2007.11.09 09:45:00.250,0.6975,0.6976,0.30,0.30
2007.11.09 09:45:00.479,0.6975,0.6976,0.30,0.30
2007.11.09 09:45:00.707,0.6975,0.6976,0.30,0.30
2007.11.09 09:45:00.940,0.6975,0.6976,0.30,0.30
2007.11.09 09:45:01.331,0.6975,0.6976,0.30,0.30
2007.11.09 09:45:01.557,0.6975,0.6976,0.30,0.30
2007.11.09 09:45:01.836,0.6975,0.6976,0.30,0.30
2007.11.09 09:45:02.114,0.6975,0.6976,0.30,0.30
2007.11.09 09:45:02.392,0.6975,0.6976,0.30,0.30
2007.11.09 09:45:02.672,0.6975,0.6976,0.30,0.30
2007.11.09 09:45:03.252,0.6975,0.6976,0.30,0.30
2007.11.09 09:45:03.529,0.6975,0.6976,0.30,0.30
2007.11.09 09:45:03.891,0.6975,0.6976,0.30,0.30
2007.11.09 09:45:04.224,0.6975,0.6976,0.30,0.30
2007.11.09 09:45:04.557,0.6975,0.6976,0.30,0.30
2007.11.09 09:45:04.776,0.6975,0.6976,0.30,0.30
2007.11.09 09:45:04.995,0.6975,0.6976,0.30,0.30
2007.11.09 09:45:05.213,0.6975,0.6976,0.30,0.30
2007.11.09 09:45:05.432,0.6975,0.6976,1.00,0.30
2007.11.09 09:45:05.650,0.6975,0.6976,1.80,0.30
2007.11.09 09:45:05.982,0.6975,0.6976,1.80,0.30
2007.11.09 09:45:06.316,0.6975,0.6976,0.30,0.30
2007.11.09 09:45:06.697,0.6975,0.6976,0.30,0.30
2007.11.09 09:45:07.225,0.6975,0.6976,0.30,0.30
2007.11.09 09:45:07.512,0.6975,0.6976,1.40,0.30
2007.11.09 09:45:07.742,0.6975,0.6976,1.60,0.30
2007.11.09 09:45:07.994,0.6975,0.6976,1.60,0.30
2007.11.09 09:45:08.250,0.6975,0.6976,1.60,0.30
2007.11.09 09:45:08.503,0.6975,0.6976,0.30,0.30
2007.11.09 09:45:08.757,0.6975,0.6976,0.30,0.30
2007.11.09 09:45:09.091,0.6975,0.6976,0.30,0.30
2007.11.09 09:45:09.424,0.6975,0.6976,0.30,0.30
2007.11.09 09:45:09.757,0.6975,0.6976,0.30,0.30
2007.11.09 09:45:09.970,0.6975,0.6976,0.30,0.30
2007.11.09 09:45:10.182,0.6975,0.6976,0.30,0.30
2007.11.09 09:45:10.396,0.6975,0.6976,0.30,0.30
2007.11.09 09:45:10.610,0.6975,0.6976,0.30,0.30
2007.11.09 09:45:10.822,0.6975,0.6976,0.30,0.30
2007.11.09 09:45:11.152,0.69745,0.6976,29.80,0.30
2007.11.09 09:45:11.480,0.6975,0.6976,0.30,0.30
2007.11.09 09:45:11.809,0.6975,0.6976,0.30,0.30
2007.11.09 09:45:12.018,0.6975,0.69765,1.00,20.20
2007.11.09 09:45:12.228,0.6975,0.69765,1.00,21.80
2007.11.09 09:45:12.436,0.6975,0.69765,1.00,20.20
2007.11.09 09:45:12.644,0.6975,0.69765,1.80,20.20
2007.11.09 09:45:12.852,0.6975,0.69765,0.30,22.60
2007.11.09 09:45:13.186,0.6975,0.69765,0.30,18.60
2007.11.09 09:45:13.680,0.6975,0.69765,0.30,18.60
2007.11.09 09:45:14.013,0.6975,0.69765,0.30,22.60
2007.11.09 09:45:14.347,0.6975,0.69765,0.30,22.60
2007.11.09 09:45:14.681,0.6975,0.69765,0.30,24.20
2007.11.09 09:45:15.013,0.6975,0.69765,0.30,22.60
2007.11.09 09:45:15.966,0.6975,0.69765,0.30,22.60
2007.11.09 09:45:16.176,0.6975,0.69765,0.30,22.60
2007.11.09 09:45:16.384,0.6975,0.69765,0.30,24.20
2007.11.09 09:45:16.592,0.69745,0.6976,44.20,0.30
2007.11.09 09:45:16.799,0.69745,0.6976,27.20,0.30
2007.11.09 09:45:17.007,0.69745,0.6976,27.40,0.30
2007.11.09 09:45:17.266,0.69745,0.6976,23.90,0.30
2007.11.09 09:45:17.525,0.69745,0.6976,23.90,0.30
2007.11.09 09:45:17.784,0.69745,0.6976,23.40,0.30
2007.11.09 09:45:18.042,0.69745,0.6976,20.20,0.30
2007.11.09 09:45:18.297,0.69745,0.6976,18.60,0.30
2007.11.09 09:45:18.549,0.69745,0.6976,14.60,0.30
2007.11.09 09:45:18.802,0.69745,0.6976,10.60,0.30
2007.11.09 09:45:19.224,0.69745,0.6976,10.60,0.30
2007.11.09 09:45:19.549,0.69745,0.69755,0.30,0.30
2007.11.09 09:45:19.883,0.69745,0.69755,0.30,4.20
2007.11.09 09:45:20.224,0.69745,0.69755,0.30,8.20
2007.11.09 09:45:20.437,0.6974,0.69755,4.60,8.20
2007.11.09 09:45:20.656,0.6974,0.69755,4.60,4.20
2007.11.09 09:45:20.869,0.6974,0.69755,0.30,4.20
2007.11.09 09:45:21.082,0.6974,0.69755,0.30,5.00
2007.11.09 09:45:21.355,0.6974,0.69755,0.30,4.20
2007.11.09 09:45:21.618,0.6974,0.69755,0.30,4.20
2007.11.09 09:45:21.881,0.6974,0.69755,0.30,4.20
2007.11.09 09:45:22.145,0.6974,0.69755,0.30,4.20
2007.11.09 09:45:22.436,0.6974,0.69755,0.30,8.20
2007.11.09 09:45:22.713,0.6974,0.69755,0.30,16.20
2007.11.09 09:45:22.996,0.6974,0.69755,0.30,17.00
2007.11.09 09:45:23.290,0.6974,0.69755,0.30,17.00
2007.11.09 09:45:23.678,0.6974,0.69755,0.30,17.00
2007.11.09 09:45:24.222,0.6974,0.69755,0.30,17.00
2007.11.09 09:45:24.555,0.6974,0.69755,0.30,17.00
2007.11.09 09:45:24.889,0.6974,0.69755,0.30,17.00
2007.11.09 09:45:25.222,0.6974,0.69755,0.30,17.00
2007.11.09 09:45:25.469,0.6974,0.69755,0.30,17.00
2007.11.09 09:45:25.708,0.6974,0.69755,0.30,17.00
2007.11.09 09:45:26.035,0.6974,0.69755,0.30,22.60
2007.11.09 09:45:26.274,0.6974,0.69755,0.30,18.60
2007.11.09 09:45:26.606,0.6974,0.69755,0.30,9.00
2007.11.09 09:45:26.939,0.6974,0.69755,0.30,6.60
2007.11.09 09:45:27.272,0.6974,0.69755,0.30,18.60
2007.11.09 09:45:27.495,0.6974,0.6975,0.30,0.30
2007.11.09 09:45:27.822,0.6974,0.6975,0.30,0.30
2007.11.09 09:45:28.045,0.69735,0.6975,26.40,0.30
2007.11.09 09:45:28.283,0.69735,0.6975,1.00,0.30
2007.11.09 09:45:28.596,0.69735,0.6975,1.00,0.30
2007.11.09 09:45:28.909,0.69735,0.6975,1.00,0.30
2007.11.09 09:45:29.222,0.69735,0.69745,0.80,0.30
2007.11.09 09:45:29.557,0.69735,0.6975,0.80,12.20
2007.11.09 09:45:29.890,0.69735,0.69745,0.80,0.80
2007.11.09 09:45:30.225,0.69735,0.6975,0.80,8.30
2007.11.09 09:45:30.559,0.69735,0.69745,0.80,0.60
2007.11.09 09:45:30.797,0.69735,0.6975,0.80,12.20
2007.11.09 09:45:31.037,0.69735,0.6975,0.80,12.20
2007.11.09 09:45:31.276,0.69735,0.6975,0.80,12.20
2007.11.09 09:45:31.677,0.69735,0.69745,0.80,0.50
2007.11.09 09:45:31.956,0.69735,0.69745,0.80,0.50
2007.11.09 09:45:32.234,0.69735,0.6975,0.80,4.30
2007.11.09 09:45:32.443,0.69735,0.6975,2.10,0.30
2007.11.09 09:45:32.651,0.69735,0.6975,2.70,0.30
2007.11.09 09:45:32.859,0.69735,0.69755,2.70,86.60
2007.11.09 09:45:33.067,0.69735,0.6975,0.80,0.30
2007.11.09 09:45:33.280,0.69735,0.6975,0.80,0.30
2007.11.09 09:45:33.595,0.69735,0.69755,7.20,68.30
2007.11.09 09:45:33.914,0.69735,0.69755,15.20,56.30
2007.11.09 09:45:34.232,0.6974,0.6975,0.30,0.30
2007.11.09 09:45:34.550,0.69735,0.69755,36.80,37.90
2007.11.09 09:45:34.883,0.69735,0.69755,2.40,68.20
2007.11.09 09:45:35.217,0.69735,0.6975,1.60,0.30
2007.11.09 09:45:35.551,0.69735,0.69755,0.80,68.20
2007.11.09 09:45:35.765,0.69735,0.6975,0.80,0.30
2007.11.09 09:45:35.978,0.69735,0.6975,3.20,0.30
2007.11.09 09:45:36.190,0.69735,0.69755,3.20,68.20
2007.11.09 09:45:36.405,0.69735,0.69755,16.00,52.30
2007.11.09 09:45:36.719,0.69735,0.6975,12.00,0.30
2007.11.09 09:45:37.033,0.69735,0.6975,2.40,0.30
2007.11.09 09:45:37.347,0.69735,0.69755,1.60,57.10
2007.11.09 09:45:37.570,0.69735,0.69755,1.60,58.70
2007.11.09 09:45:37.793,0.69735,0.69755,1.60,70.60
2007.11.09 09:45:38.016,0.69735,0.6975,0.80,0.30
2007.11.09 09:45:38.401,0.69735,0.69755,0.80,81.80
2007.11.09 09:45:38.675,0.69735,0.69755,0.80,81.00
2007.11.09 09:45:38.948,0.69735,0.69755,0.80,81.00
2007.11.09 09:45:39.224,0.69735,0.69755,0.80,82.60
2007.11.09 09:45:39.495,0.69735,0.69755,0.80,86.60
2007.11.09 09:45:39.829,0.69735,0.69755,0.80,86.60
2007.11.09 09:45:40.163,0.69735,0.69755,0.80,88.20
2007.11.09 09:45:40.495,0.69735,0.6975,0.80,0.30
2007.11.09 09:45:40.683,0.69735,0.69755,0.80,92.90
2007.11.09 09:45:40.871,0.69735,0.69755,0.80,92.90
2007.11.09 09:45:41.059,0.69735,0.69745,0.80,0.70
2007.11.09 09:45:41.432,0.69735,0.6975,0.50,12.20
2007.11.09 09:45:41.620,0.69735,0.6975,0.50,14.60
2007.11.09 09:45:41.954,0.69735,0.6975,0.50,18.60
2007.11.09 09:45:42.288,0.69735,0.69745,0.50,0.70
2007.11.09 09:45:42.621,0.69735,0.6975,0.80,21.80
2007.11.09 09:45:42.829,0.69735,0.69745,0.80,0.60
2007.11.09 09:45:43.036,0.69735,0.6975,0.80,17.80
2007.11.09 09:45:43.248,0.69735,0.6975,0.80,16.20
2007.11.09 09:45:43.533,0.69735,0.6975,7.20,4.30
2007.11.09 09:45:43.868,0.69735,0.69755,7.20,82.30
2007.11.09 09:45:44.202,0.69735,0.69755,7.20,82.30
2007.11.09 09:45:44.674,0.69735,0.69755,7.20,94.30
2007.11.09 09:45:44.905,0.69735,0.69755,7.20,94.30
2007.11.09 09:45:45.219,0.69735,0.6975,7.20,0.60
2007.11.09 09:45:45.468,0.69735,0.69755,7.20,95.90
2007.11.09 09:45:45.957,0.69735,0.6975,7.20,0.60
2007.11.09 09:45:46.397,0.69735,0.69755,7.20,95.90
2007.11.09 09:45:46.732,0.69735,0.69755,7.20,94.30
2007.11.09 09:45:47.214,0.69735,0.6975,3.20,0.90
2007.11.09 09:45:47.411,0.69735,0.69755,3.20,95.10
2007.11.09 09:45:47.611,0.6973,0.6974,5.80,0.30
2007.11.09 09:45:47.919,0.6973,0.69745,1.00,34.50
2007.11.09 09:45:48.228,0.6973,0.69745,1.00,34.80
2007.11.09 09:45:48.536,0.6973,0.6974,1.00,0.30
2007.11.09 09:45:48.844,0.6973,0.69745,1.00,34.80
2007.11.09 09:45:49.177,0.6973,0.69745,1.00,38.80
2007.11.09 09:45:49.659,0.6973,0.6974,1.00,0.30
2007.11.09 09:45:50.837,0.6973,0.69745,1.00,38.50
2007.11.09 09:45:51.096,0.6973,0.6974,1.00,0.30
2007.11.09 09:45:51.354,0.6973,0.69745,1.00,36.30
2007.11.09 09:45:51.613,0.6973,0.69745,1.00,36.30
2007.11.09 09:45:51.871,0.6973,0.6974,1.00,0.30
2007.11.09 09:45:52.139,0.6973,0.69745,1.00,36.30
2007.11.09 09:45:52.407,0.6973,0.6974,1.00,0.30
2007.11.09 09:45:52.676,0.6973,0.6974,1.00,0.30
2007.11.09 09:45:52.944,0.6973,0.6974,1.00,0.30
2007.11.09 09:45:53.226,0.6973,0.6974,1.00,0.30
2007.11.09 09:45:53.689,0.6973,0.69745,1.00,36.30
2007.11.09 09:45:54.213,0.6973,0.69745,1.00,36.30
2007.11.09 09:45:54.547,0.6973,0.69745,1.00,13.90
2007.11.09 09:45:54.881,0.6973,0.6974,1.00,0.30
2007.11.09 09:45:55.060,0.6973,0.69745,1.00,13.90
2007.11.09 09:45:55.239,0.6973,0.69745,0.30,13.90
2007.11.09 09:45:55.469,0.6973,0.69745,0.30,13.90
2007.11.09 09:45:55.684,0.6973,0.69745,0.30,13.90
2007.11.09 09:45:55.872,0.6973,0.69745,0.30,13.90
2007.11.09 09:45:56.215,0.6973,0.6974,0.30,0.30
2007.11.09 09:45:56.550,0.6973,0.6974,0.30,0.30
2007.11.09 09:45:56.942,0.6973,0.6974,0.30,0.30
2007.11.09 09:45:57.136,0.6973,0.6974,0.30,0.30
2007.11.09 09:45:57.482,0.6973,0.6974,0.30,0.30
2007.11.09 09:45:57.677,0.6973,0.6974,0.30,0.30
2007.11.09 09:45:57.871,0.6973,0.6974,0.30,0.30
2007.11.09 09:45:58.064,0.6973,0.6974,0.30,0.30
2007.11.09 09:45:58.398,0.6973,0.6974,0.30,0.30
2007.11.09 09:45:58.731,0.6973,0.6974,0.30,0.30
2007.11.09 09:45:59.212,0.6973,0.6974,0.30,0.30
2007.11.09 09:45:59.678,0.6973,0.6974,0.30,0.30
2007.11.09 09:46:00.012,0.6973,0.6974,0.30,0.30
2007.11.09 09:46:00.216,0.6973,0.6974,0.30,0.30
2007.11.09 09:46:00.419,0.6973,0.6974,0.30,0.30
2007.11.09 09:46:00.622,0.6973,0.6974,0.30,0.30
2007.11.09 09:46:00.827,0.6973,0.6974,0.30,0.30
2007.11.09 09:46:01.216,0.6973,0.6974,0.30,0.30
2007.11.09 09:46:01.935,0.6973,0.6974,0.30,0.30
2007.11.09 09:46:02.469,0.6973,0.6974,0.30,0.30
2007.11.09 09:46:02.671,0.6973,0.6974,0.30,0.30
2007.11.09 09:46:02.890,0.6973,0.6974,0.30,0.30
2007.11.09 09:46:03.224,0.6973,0.6974,0.30,0.30
2007.11.09 09:46:04.145,0.6973,0.6974,0.30,0.30
2007.11.09 09:46:04.709,0.6973,0.6974,0.30,0.30
2007.11.09 09:46:06.705,0.6973,0.6974,0.30,0.30
2007.11.09 09:46:06.980,0.6973,0.6974,0.30,0.30
2007.11.09 09:46:07.240,0.6973,0.6974,0.30,0.30
2007.11.09 09:46:07.499,0.6973,0.6974,0.30,0.30
2007.11.09 09:46:07.757,0.6973,0.6974,0.30,0.30
2007.11.09 09:46:08.080,0.6973,0.69745,0.30,44.60
2007.11.09 09:46:08.349,0.6973,0.69745,0.30,26.60
2007.11.09 09:46:08.600,0.6973,0.69745,0.30,28.20
2007.11.09 09:46:08.864,0.6973,0.69745,0.30,28.20
2007.11.09 09:46:09.288,0.6973,0.69745,0.30,28.20
2007.11.09 09:46:09.624,0.6973,0.69745,0.30,28.20
2007.11.09 09:46:10.185,0.6973,0.69745,0.30,28.20
2007.11.09 09:46:11.451,0.6973,0.69745,0.30,28.20
2007.11.09 09:46:11.711,0.6973,0.69745,0.30,36.20
2007.11.09 09:46:11.969,0.6973,0.69745,0.30,36.20
2007.11.09 09:46:12.229,0.6973,0.6974,0.30,0.30
2007.11.09 09:46:12.488,0.6973,0.6974,0.30,0.30
2007.11.09 09:46:12.742,0.6973,0.6974,0.30,0.30
2007.11.09 09:46:12.994,0.6973,0.6974,0.30,4.20
2007.11.09 09:46:13.438,0.6973,0.6974,0.30,4.20
2007.11.09 09:46:13.771,0.6973,0.6974,0.30,4.20
2007.11.09 09:46:14.103,0.6973,0.6974,0.30,16.20
2007.11.09 09:46:14.437,0.6973,0.6974,0.30,16.20
2007.11.09 09:46:14.910,0.6973,0.6974,0.30,16.20
2007.11.09 09:46:15.123,0.6973,0.6974,0.30,16.20
2007.11.09 09:46:15.468,0.6973,0.6974,0.30,16.20
2007.11.09 09:46:15.734,0.6973,0.6974,0.30,16.20
2007.11.09 09:46:16.161,0.6973,0.6974,0.30,16.20
2007.11.09 09:46:16.735,0.6973,0.6974,0.30,16.20
2007.11.09 09:46:17.161,0.6973,0.6974,0.30,16.20
2007.11.09 09:46:17.473,0.6973,0.6974,0.30,16.20
2007.11.09 09:46:18.250,0.6973,0.6974,0.30,16.20
2007.11.09 09:46:20.095,0.6973,0.6974,0.30,16.20
2007.11.09 09:46:20.244,0.6973,0.69745,0.30,29.80
2007.11.09 09:46:20.395,0.6973,0.69745,0.30,29.80
2007.11.09 09:46:20.621,0.6973,0.6975,0.30,38.00
2007.11.09 09:46:20.702,0.6973,0.69745,0.30,0.50
2007.11.09 09:46:20.936,0.6973,0.69745,0.30,0.80
2007.11.09 09:46:21.177,0.6973,0.6975,0.30,42.00
2007.11.09 09:46:21.409,0.6973,0.6975,0.30,42.00
2007.11.09 09:46:21.644,0.6973,0.6975,0.30,42.00
2007.11.09 09:46:21.917,0.6973,0.6975,0.30,35.60
2007.11.09 09:46:22.210,0.6973,0.6975,0.30,34.00
2007.11.09 09:46:22.484,0.6973,0.6975,0.30,25.20
2007.11.09 09:46:22.758,0.6973,0.69745,0.30,0.90
2007.11.09 09:46:23.012,0.6973,0.69745,0.30,0.50
2007.11.09 09:46:23.290,0.6973,0.69745,0.30,0.60
2007.11.09 09:46:23.544,0.6973,0.69745,0.30,0.70
2007.11.09 09:46:24.034,0.6973,0.6975,0.30,31.60
2007.11.09 09:46:24.367,0.6973,0.6975,0.30,31.60
2007.11.09 09:46:24.701,0.6973,0.69745,0.30,0.70
2007.11.09 09:46:25.106,0.6973,0.6975,0.30,28.40
2007.11.09 09:46:25.345,0.6973,0.6975,0.30,37.20
2007.11.09 09:46:25.591,0.6973,0.6975,1.00,38.00
2007.11.09 09:46:25.824,0.6973,0.69745,1.00,0.80
2007.11.09 09:46:26.132,0.6973,0.6975,1.00,35.70
2007.11.09 09:46:26.441,0.6973,0.6975,0.30,36.50
2007.11.09 09:46:26.757,0.6973,0.6975,0.30,36.50
2007.11.09 09:46:27.058,0.6973,0.69745,0.30,0.90
2007.11.09 09:46:27.318,0.6973,0.69745,0.30,0.50
2007.11.09 09:46:27.576,0.6973,0.69745,0.30,0.80
2007.11.09 09:46:27.835,0.6973,0.6975,0.30,42.30
2007.11.09 09:46:29.069,0.6973,0.6975,0.30,42.30
2007.11.09 09:46:29.166,0.6973,0.69745,0.30,0.80
2007.11.09 09:46:29.265,0.6973,0.69745,0.30,0.60
2007.11.09 09:46:29.442,0.6973,0.69745,0.30,0.90
2007.11.09 09:46:29.970,0.6973,0.69745,0.30,0.60
2007.11.09 09:46:30.074,0.6973,0.6975,0.30,42.30
2007.11.09 09:46:30.407,0.6973,0.6975,0.30,42.30
2007.11.09 09:46:30.907,0.6973,0.69745,0.30,0.90
2007.11.09 09:46:31.240,0.6973,0.6975,0.30,34.30
2007.11.09 09:46:31.453,0.6973,0.6975,0.30,34.30
2007.11.09 09:46:31.665,0.6973,0.6975,0.30,42.30
2007.11.09 09:46:31.972,0.6973,0.6975,0.30,40.70
2007.11.09 09:46:32.185,0.6973,0.69745,0.30,54.60
2007.11.09 09:46:32.900,0.6973,0.6974,0.30,0.80
2007.11.09 09:46:33.234,0.6973,0.69745,0.30,54.60
2007.11.09 09:46:33.436,0.6973,0.6974,0.30,0.80
2007.11.09 09:46:33.639,0.6973,0.69745,0.30,54.60
2007.11.09 09:46:34.256,0.6973,0.6974,0.30,0.50
2007.11.09 09:46:34.683,0.6973,0.69745,0.30,54.60
2007.11.09 09:46:35.016,0.6973,0.69745,0.30,44.20
2007.11.09 09:46:35.350,0.6973,0.6974,0.30,0.80
2007.11.09 09:46:35.644,0.6973,0.6974,0.30,0.70
2007.11.09 09:46:36.034,0.6973,0.6975,0.30,45.80
2007.11.09 09:46:36.257,0.6973,0.69745,0.30,0.90
2007.11.09 09:46:36.480,0.6973,0.6975,0.30,45.80
2007.11.09 09:46:36.798,0.6973,0.69745,0.30,0.90
2007.11.09 09:46:37.117,0.6973,0.6975,0.30,36.20
2007.11.09 09:46:38.282,0.6973,0.69745,0.30,0.60
2007.11.09 09:46:38.617,0.6973,0.6975,0.30,44.20
2007.11.09 09:46:38.954,0.6973,0.6975,0.30,44.20
2007.11.09 09:46:39.288,0.6973,0.69745,0.30,0.80
2007.11.09 09:46:39.623,0.6973,0.69745,0.30,0.70
2007.11.09 09:46:39.957,0.6973,0.6975,0.30,49.80
2007.11.09 09:46:40.439,0.6973,0.6975,0.30,49.80
2007.11.09 09:46:40.889,0.6973,0.69745,0.30,0.80
2007.11.09 09:46:41.077,0.6973,0.6974,0.30,0.50
2007.11.09 09:46:41.265,0.6973,0.69745,0.30,42.60
2007.11.09 09:46:42.183,0.6973,0.6974,0.30,0.60
2007.11.09 09:46:42.802,0.6973,0.6974,0.30,0.60
2007.11.09 09:46:43.051,0.6973,0.6974,0.30,0.80
2007.11.09 09:46:43.318,0.6973,0.6974,0.30,0.80
2007.11.09 09:46:43.566,0.6973,0.69745,0.30,54.60
2007.11.09 09:46:43.976,0.6973,0.6974,0.30,0.90
2007.11.09 09:46:44.389,0.6973,0.6974,0.30,0.90
2007.11.09 09:46:44.723,0.6973,0.69745,0.30,54.60
2007.11.09 09:46:44.926,0.6973,0.6974,0.30,0.50
2007.11.09 09:46:45.130,0.6973,0.69745,0.30,54.60
2007.11.09 09:46:45.333,0.6973,0.69745,0.30,54.60
2007.11.09 09:46:45.872,0.6973,0.6974,0.30,0.90
2007.11.09 09:46:46.206,0.6973,0.69745,0.30,54.60
2007.11.09 09:46:46.617,0.6973,0.69745,0.30,54.60
2007.11.09 09:46:46.812,0.6973,0.6974,0.30,0.90
2007.11.09 09:46:47.004,0.6973,0.69745,0.30,46.60
2007.11.09 09:46:47.199,0.6973,0.6974,0.30,0.80
2007.11.09 09:46:47.491,0.6973,0.69745,0.30,46.60
2007.11.09 09:46:47.681,0.69735,0.6975,0.30,49.00
2007.11.09 09:46:48.015,0.69735,0.69745,0.30,0.50
2007.11.09 09:46:48.348,0.69735,0.69745,0.30,28.20
2007.11.09 09:46:48.681,0.6973,0.69745,4.20,14.60
2007.11.09 09:46:49.013,0.6973,0.69745,4.20,14.60
2007.11.09 09:46:49.347,0.6973,0.69745,0.30,14.60
2007.11.09 09:46:49.680,0.6973,0.69745,0.30,14.60
2007.11.09 09:46:49.848,0.6973,0.69745,0.30,22.60
2007.11.09 09:46:50.016,0.6973,0.69745,0.30,22.60
2007.11.09 09:46:50.211,0.6973,0.69745,0.30,22.60
2007.11.09 09:46:50.378,0.6973,0.69745,0.30,14.60
2007.11.09 09:46:50.545,0.6973,0.69745,0.30,14.60
2007.11.09 09:46:51.149,0.6973,0.69745,0.30,26.60
2007.11.09 09:46:51.462,0.6973,0.69745,0.30,26.60
2007.11.09 09:46:51.775,0.6973,0.69745,0.30,22.60
2007.11.09 09:46:53.272,0.6973,0.69745,0.30,22.60
2007.11.09 09:46:53.911,0.6973,0.69745,0.30,22.60
2007.11.09 09:46:54.121,0.6973,0.69745,0.30,0.70
2007.11.09 09:46:54.333,0.6973,0.69745,0.30,0.70
2007.11.09 09:46:54.665,0.6973,0.6975,0.30,50.60
2007.11.09 09:46:54.999,0.6973,0.6975,0.30,50.60
2007.11.09 09:46:55.208,0.6973,0.69745,0.30,34.60
2007.11.09 09:46:55.416,0.6973,0.69745,0.30,34.60
2007.11.09 09:46:56.114,0.6973,0.69745,0.30,34.60
2007.11.09 09:46:56.424,0.6973,0.69745,0.30,34.60
2007.11.09 09:46:56.728,0.6973,0.69745,0.30,30.60
2007.11.09 09:46:57.030,0.6973,0.69745,0.30,30.60
2007.11.09 09:46:57.253,0.6973,0.6974,0.30,8.00
2007.11.09 09:46:57.476,0.6973,0.6974,0.30,8.00
2007.11.09 09:46:57.699,0.6973,0.69745,0.30,34.60
2007.11.09 09:46:57.922,0.6973,0.6974,0.30,8.00
2007.11.09 09:46:58.211,0.6973,0.6974,0.30,8.00
2007.11.09 09:46:58.958,0.6973,0.6974,0.30,8.00
2007.11.09 09:46:59.260,0.6973,0.6974,0.30,8.00
2007.11.09 09:46:59.718,0.6973,0.6974,0.30,8.00
2007.11.09 09:47:00.052,0.6973,0.6974,0.30,8.00
2007.11.09 09:47:00.270,0.6973,0.6974,0.30,8.00
2007.11.09 09:47:01.177,0.6973,0.6974,0.30,8.00
2007.11.09 09:47:02.832,0.6973,0.6974,0.30,8.00
2007.11.09 09:47:03.253,0.6973,0.6974,0.30,8.00
2007.11.09 09:47:03.889,0.6973,0.6974,0.30,8.00
2007.11.09 09:47:04.157,0.6973,0.69745,0.30,42.60
2007.11.09 09:47:04.922,0.6973,0.69745,0.30,42.60
2007.11.09 09:47:05.257,0.6973,0.69745,0.30,34.60
2007.11.09 09:47:05.449,0.6973,0.69745,0.30,34.60
2007.11.09 09:47:05.661,0.6973,0.69745,0.30,42.60
2007.11.09 09:47:05.938,0.6973,0.69745,0.30,42.60
2007.11.09 09:47:06.154,0.6973,0.69745,0.30,42.60
2007.11.09 09:47:06.470,0.6973,0.69745,0.30,42.60
2007.11.09 09:47:06.895,0.6973,0.69745,0.30,42.60
2007.11.09 09:47:07.408,0.6973,0.69745,0.30,42.60
2007.11.09 09:47:08.374,0.6973,0.69745,0.30,42.60
2007.11.09 09:47:08.637,0.6973,0.69745,0.30,42.60
2007.11.09 09:47:08.900,0.6973,0.69745,0.30,22.60
2007.11.09 09:47:09.189,0.6973,0.69745,0.30,22.60
2007.11.09 09:47:09.452,0.6973,0.69745,0.30,18.60
2007.11.09 09:47:09.788,0.6973,0.69745,0.30,10.60
2007.11.09 09:47:10.121,0.6973,0.69745,0.30,10.60
2007.11.09 09:47:10.454,0.6973,0.69745,0.30,14.60
2007.11.09 09:47:10.858,0.6973,0.69745,0.30,14.60
2007.11.09 09:47:11.181,0.6973,0.69745,0.30,22.60
2007.11.09 09:47:11.403,0.6973,0.69745,0.30,22.60
2007.11.09 09:47:11.810,0.6973,0.69745,0.30,24.20
2007.11.09 09:47:12.053,0.6973,0.69745,0.30,24.20
2007.11.09 09:47:12.297,0.6973,0.69745,0.30,24.20
2007.11.09 09:47:12.365,0.6973,0.69745,0.30,0.70
2007.11.09 09:47:12.541,0.6973,0.6974,0.30,0.50
2007.11.09 09:47:12.855,0.6973,0.6974,0.30,24.20
2007.11.09 09:47:13.169,0.69725,0.6974,18.60,27.40
2007.11.09 09:47:13.482,0.69725,0.6973,0.30,8.00
2007.11.09 09:47:13.712,0.6972,0.6973,0.30,8.00
2007.11.09 09:47:13.939,0.6972,0.6973,0.30,8.00
2007.11.09 09:47:14.168,0.6972,0.69725,0.30,8.00
2007.11.09 09:47:14.404,0.69715,0.69725,0.30,8.00
2007.11.09 09:47:14.625,0.69715,0.69725,0.30,8.00
2007.11.09 09:47:14.960,0.69715,0.69725,0.30,12.00
2007.11.09 09:47:15.293,0.69715,0.69725,0.30,23.90
2007.11.09 09:47:15.626,0.69715,0.69725,0.30,12.00
2007.11.09 09:47:15.819,0.69715,0.69725,0.30,12.00
2007.11.09 09:47:16.014,0.69715,0.69725,0.30,12.00
2007.11.09 09:47:16.207,0.69715,0.69725,0.30,12.00
2007.11.09 09:47:16.401,0.69715,0.69725,0.30,24.20
2007.11.09 09:47:16.709,0.69715,0.69725,0.30,24.20
2007.11.09 09:47:17.039,0.69715,0.69725,0.30,24.20
2007.11.09 09:47:17.367,0.69715,0.69725,0.30,24.20
2007.11.09 09:47:17.695,0.6971,0.6972,0.30,0.30
2007.11.09 09:47:17.887,0.6971,0.6972,0.30,8.20
2007.11.09 09:47:18.234,0.6971,0.6972,0.30,8.20
2007.11.09 09:47:18.433,0.6971,0.6972,0.30,8.20
2007.11.09 09:47:18.627,0.6971,0.6972,0.30,8.20
2007.11.09 09:47:18.978,0.6971,0.6972,0.30,8.20
2007.11.09 09:47:19.311,0.6971,0.6972,0.30,8.20
2007.11.09 09:47:19.644,0.6971,0.6972,0.30,8.20
2007.11.09 09:47:19.847,0.6971,0.6972,0.30,8.20
2007.11.09 09:47:20.108,0.6971,0.6972,0.30,8.20
2007.11.09 09:47:20.310,0.69715,0.69725,0.30,32.00
2007.11.09 09:47:20.521,0.69715,0.69725,0.30,5.60
2007.11.09 09:47:20.724,0.6971,0.69725,4.20,5.00
2007.11.09 09:47:21.037,0.6971,0.69725,0.30,5.00
2007.11.09 09:47:21.350,0.6971,0.6972,0.30,0.30
2007.11.09 09:47:21.665,0.6971,0.6972,0.30,0.30
2007.11.09 09:47:21.887,0.6971,0.6972,0.30,0.30
2007.11.09 09:47:22.111,0.6971,0.6972,0.30,0.30
2007.11.09 09:47:22.336,0.6971,0.6972,0.30,0.30
2007.11.09 09:47:22.559,0.6971,0.6972,0.30,0.30
2007.11.09 09:47:22.940,0.6971,0.6972,0.30,0.30
2007.11.09 09:47:23.224,0.6971,0.6972,0.30,0.30
2007.11.09 09:47:23.507,0.6971,0.6972,0.30,0.30
2007.11.09 09:47:23.789,0.6971,0.6972,0.30,0.30
2007.11.09 09:47:24.123,0.6971,0.6972,0.30,0.30
2007.11.09 09:47:24.455,0.6971,0.69725,0.30,14.60
2007.11.09 09:47:24.788,0.6971,0.6972,0.30,0.30
2007.11.09 09:47:25.004,0.6971,0.6972,0.30,0.30
2007.11.09 09:47:25.213,0.6971,0.69725,0.30,16.20
2007.11.09 09:47:25.423,0.6971,0.69725,0.30,16.20
2007.11.09 09:47:25.638,0.6971,0.69725,0.30,14.60
2007.11.09 09:47:25.838,0.6971,0.69725,0.30,14.60
2007.11.09 09:47:26.163,0.6971,0.69725,0.30,12.20
2007.11.09 09:47:26.538,0.69715,0.69725,0.30,8.20
2007.11.09 09:47:26.811,0.69715,0.69725,0.30,24.20
2007.11.09 09:47:27.029,0.69715,0.69725,0.30,24.20
2007.11.09 09:47:27.247,0.69715,0.69725,0.30,20.20
2007.11.09 09:47:27.464,0.69715,0.69725,0.30,20.20
2007.11.09 09:47:27.696,0.69715,0.69725,0.30,20.20
2007.11.09 09:47:27.915,0.69715,0.69725,0.30,8.20
2007.11.09 09:47:28.213,0.69715,0.69725,0.30,8.20
2007.11.09 09:47:28.511,0.69715,0.69725,0.30,8.20
2007.11.09 09:47:28.809,0.69715,0.69725,0.30,8.00
2007.11.09 09:47:29.144,0.69715,0.69725,0.30,8.00
2007.11.09 09:47:29.477,0.69715,0.69725,0.30,8.00
2007.11.09 09:47:29.890,0.69715,0.69725,0.30,8.00
2007.11.09 09:47:30.099,0.69715,0.69725,0.30,8.00
2007.11.09 09:47:30.309,0.69715,0.69725,0.30,8.00
2007.11.09 09:47:30.524,0.69715,0.69725,0.30,8.00
2007.11.09 09:47:30.730,0.69715,0.69725,0.30,8.00
2007.11.09 09:47:30.941,0.69715,0.69725,0.30,8.00
2007.11.09 09:47:31.345,0.69715,0.69725,0.30,8.00
2007.11.09 09:47:31.668,0.69715,0.69725,0.30,8.00
2007.11.09 09:47:31.991,0.69715,0.69725,0.30,8.00
2007.11.09 09:47:32.209,0.69715,0.69725,0.30,8.00
2007.11.09 09:47:32.428,0.69715,0.69725,0.30,4.00
2007.11.09 09:47:32.646,0.69715,0.69725,0.30,4.00
2007.11.09 09:47:32.864,0.69715,0.69725,1.00,8.00
2007.11.09 09:47:33.082,0.6972,0.69725,0.80,4.00
2007.11.09 09:47:33.393,0.6972,0.6973,0.30,4.00
2007.11.09 09:47:33.704,0.6972,0.6973,0.30,4.00
2007.11.09 09:47:34.012,0.69725,0.6973,0.30,4.00
2007.11.09 09:47:34.321,0.69725,0.69735,0.30,4.00
2007.11.09 09:47:34.654,0.69725,0.69735,0.30,4.00
2007.11.09 09:47:34.996,0.69725,0.69735,0.30,4.00
2007.11.09 09:47:35.322,0.69725,0.69735,0.30,4.20
2007.11.09 09:47:35.555,0.69725,0.69735,0.30,4.20
2007.11.09 09:47:35.788,0.69725,0.69735,0.30,4.20
2007.11.09 09:47:36.073,0.69725,0.69735,0.30,4.20
2007.11.09 09:47:36.351,0.69725,0.69735,0.30,4.20
2007.11.09 09:47:36.620,0.69725,0.69735,0.30,4.20
2007.11.09 09:47:36.887,0.69725,0.69735,0.30,4.20
2007.11.09 09:47:37.164,0.69725,0.69735,0.30,4.20
2007.11.09 09:47:37.429,0.69725,0.69735,0.30,4.00
2007.11.09 09:47:37.705,0.69725,0.69735,0.30,4.00
2007.11.09 09:47:37.978,0.69725,0.69735,0.30,4.20
2007.11.09 09:47:38.251,0.69725,0.69735,0.30,4.20
2007.11.09 09:47:38.485,0.69725,0.69735,0.30,8.20
2007.11.09 09:47:38.720,0.69725,0.69735,0.30,8.20
2007.11.09 09:47:38.954,0.69725,0.69735,0.30,8.20
2007.11.09 09:47:39.188,0.69725,0.69735,0.30,8.20
2007.11.09 09:47:39.421,0.69725,0.69735,0.30,9.00
2007.11.09 09:47:39.755,0.69725,0.69735,0.30,9.00
2007.11.09 09:47:40.089,0.6972,0.69735,0.30,9.00
2007.11.09 09:47:40.423,0.69725,0.69735,0.30,25.00
2007.11.09 09:47:40.636,0.69725,0.69735,0.30,25.00
2007.11.09 09:47:40.849,0.6972,0.69735,0.30,34.60
2007.11.09 09:47:41.062,0.6972,0.69735,0.30,35.40
2007.11.09 09:47:41.282,0.6972,0.69735,0.30,30.60
2007.11.09 09:47:41.553,0.6972,0.69735,0.30,33.80
2007.11.09 09:47:41.831,0.6972,0.69735,0.30,34.60
2007.11.09 09:47:42.238,0.6972,0.69735,0.30,37.00
2007.11.09 09:47:42.427,0.6972,0.6973,0.30,0.30
2007.11.09 09:47:42.616,0.6972,0.6973,0.30,0.30
2007.11.09 09:47:42.803,0.6972,0.6973,0.30,0.30
2007.11.09 09:47:42.991,0.6972,0.6973,0.30,4.20
2007.11.09 09:47:43.180,0.6972,0.6973,0.30,4.20
2007.11.09 09:47:43.385,0.6972,0.6973,0.30,4.20
2007.11.09 09:47:43.718,0.6972,0.6973,0.30,4.20
2007.11.09 09:47:44.052,0.6972,0.6973,0.30,4.20
2007.11.09 09:47:44.386,0.6972,0.6973,0.30,4.20
2007.11.09 09:47:44.720,0.69715,0.6973,22.60,4.20
2007.11.09 09:47:45.054,0.69715,0.6973,4.20,4.20
2007.11.09 09:47:45.388,0.69715,0.69725,0.30,4.00
2007.11.09 09:47:45.591,0.69715,0.69725,0.30,4.00
2007.11.09 09:47:45.795,0.69715,0.69725,0.30,4.00
2007.11.09 09:47:45.999,0.69715,0.6973,0.30,4.20
2007.11.09 09:47:46.202,0.6972,0.6973,0.30,4.20
2007.11.09 09:47:46.408,0.6972,0.6973,0.30,4.20
2007.11.09 09:47:46.710,0.6972,0.6973,0.30,4.20
2007.11.09 09:47:47.014,0.6972,0.6973,0.30,4.20
2007.11.09 09:47:47.324,0.69715,0.6973,22.60,4.20
2007.11.09 09:47:47.630,0.69715,0.6973,0.30,4.20
2007.11.09 09:47:47.873,0.69715,0.6973,0.30,4.20
2007.11.09 09:47:48.485,0.69715,0.6973,0.30,4.20
2007.11.09 09:47:48.736,0.69715,0.6973,0.30,4.20
2007.11.09 09:47:48.949,0.69715,0.6973,0.30,4.20
2007.11.09 09:47:49.162,0.69715,0.6973,0.30,4.20
2007.11.09 09:47:49.376,0.6972,0.6973,0.30,4.20
2007.11.09 09:47:49.589,0.6972,0.6973,0.30,4.20
2007.11.09 09:47:49.922,0.69715,0.6973,0.30,4.20
2007.11.09 09:47:50.255,0.6972,0.6973,0.30,4.20
2007.11.09 09:47:50.589,0.6972,0.69725,0.30,4.00
2007.11.09 09:47:50.778,0.6972,0.69725,0.30,4.00
2007.11.09 09:47:50.966,0.69715,0.69725,0.30,4.20
2007.11.09 09:47:51.154,0.69715,0.69725,0.30,4.20
2007.11.09 09:47:51.882,0.69715,0.69725,0.30,8.20
2007.11.09 09:47:52.404,0.69715,0.69725,0.30,8.20
2007.11.09 09:47:52.917,0.69715,0.69725,0.30,8.20
2007.11.09 09:47:53.376,0.69715,0.69725,0.30,8.20
2007.11.09 09:47:53.583,0.69715,0.69725,0.30,8.20
2007.11.09 09:47:53.791,0.69715,0.69725,0.30,8.20
2007.11.09 09:47:54.124,0.69715,0.69725,0.30,8.20
2007.11.09 09:47:54.594,0.69715,0.69725,0.30,8.20
2007.11.09 09:47:54.928,0.69715,0.69725,0.30,8.20
2007.11.09 09:47:55.733,0.69715,0.69725,0.30,8.20
2007.11.09 09:47:55.977,0.6971,0.69725,0.30,8.20
2007.11.09 09:47:56.221,0.6971,0.69725,0.30,4.20
2007.11.09 09:47:56.464,0.6971,0.69725,4.20,4.20
2007.11.09 09:47:56.707,0.6971,0.69725,4.20,4.20
2007.11.09 09:47:56.965,0.6971,0.69725,4.20,4.20
2007.11.09 09:47:57.224,0.69715,0.69725,0.30,4.20
2007.11.09 09:47:57.482,0.69715,0.69725,0.30,4.20
2007.11.09 09:47:57.742,0.69715,0.69725,4.20,0.30
2007.11.09 09:47:57.974,0.69715,0.69725,4.20,0.30
2007.11.09 09:47:58.208,0.69715,0.69725,0.30,0.30
2007.11.09 09:47:58.450,0.69715,0.69725,0.30,4.20
2007.11.09 09:47:58.681,0.69715,0.69725,0.30,4.20
2007.11.09 09:47:59.169,0.69715,0.69725,0.30,4.20
2007.11.09 09:47:59.685,0.69715,0.69725,0.30,4.20
2007.11.09 09:47:59.901,0.69715,0.69725,0.30,4.20
2007.11.09 09:48:01.404,0.69715,0.69725,0.30,4.20
2007.11.09 09:48:01.857,0.69715,0.69725,0.30,4.20
2007.11.09 09:48:02.441,0.69715,0.69725,0.30,4.20
2007.11.09 09:48:03.254,0.69715,0.69725,0.30,4.20
2007.11.09 09:48:03.468,0.69715,0.69725,0.30,4.20
2007.11.09 09:48:03.689,0.69715,0.69725,0.30,4.20
2007.11.09 09:48:03.903,0.69715,0.69725,0.30,4.20
2007.11.09 09:48:04.117,0.69715,0.69725,0.30,4.20
2007.11.09 09:48:04.450,0.69715,0.69725,0.30,4.20
2007.11.09 09:48:04.844,0.69715,0.69725,0.30,4.20
2007.11.09 09:48:05.177,0.69715,0.69725,0.30,4.20
2007.11.09 09:48:05.394,0.69715,0.69725,0.30,4.20
2007.11.09 09:48:05.819,0.69715,0.69725,0.30,4.20
2007.11.09 09:48:06.038,0.69715,0.69725,0.30,4.20
2007.11.09 09:48:06.321,0.69715,0.69725,0.30,4.20
2007.11.09 09:48:06.603,0.69715,0.69725,0.30,4.20
2007.11.09 09:48:06.915,0.69715,0.69725,0.30,4.20
2007.11.09 09:48:07.113,0.69715,0.69725,0.30,4.20
2007.11.09 09:48:07.410,0.69715,0.69725,0.30,4.20
2007.11.09 09:48:07.689,0.69715,0.69725,0.30,4.00
2007.11.09 09:48:07.894,0.69715,0.69725,0.30,4.00
2007.11.09 09:48:08.218,0.69715,0.69725,0.30,4.20
2007.11.09 09:48:08.550,0.69715,0.69725,0.30,4.20
2007.11.09 09:48:08.901,0.69715,0.69725,0.30,4.20
2007.11.09 09:48:09.254,0.69715,0.69725,0.30,8.20
2007.11.09 09:48:09.586,0.69715,0.69725,0.30,8.20
2007.11.09 09:48:09.927,0.69715,0.69725,0.30,8.20
2007.11.09 09:48:10.355,0.69715,0.69725,0.30,8.20
2007.11.09 09:48:11.406,0.69715,0.69725,0.30,8.20
2007.11.09 09:48:11.769,0.69715,0.69725,0.30,8.20
2007.11.09 09:48:12.008,0.69715,0.69725,0.30,8.20
2007.11.09 09:48:12.246,0.69715,0.69725,0.30,8.20
2007.11.09 09:48:12.739,0.69715,0.69725,0.30,4.20
2007.11.09 09:48:13.166,0.69715,0.69725,0.30,4.20
2007.11.09 09:48:13.389,0.69715,0.69725,0.30,4.20
2007.11.09 09:48:13.650,0.69715,0.69725,0.30,4.20
2007.11.09 09:48:13.862,0.69715,0.69725,0.30,4.20
2007.11.09 09:48:14.075,0.69715,0.69725,0.30,4.50
2007.11.09 09:48:14.288,0.69715,0.69725,0.30,8.50
2007.11.09 09:48:14.622,0.69715,0.69725,0.30,8.50
2007.11.09 09:48:14.956,0.6971,0.69725,4.20,10.90
2007.11.09 09:48:15.289,0.6971,0.69725,0.30,10.90
2007.11.09 09:48:15.838,0.6971,0.69725,0.30,10.90
2007.11.09 09:48:16.146,0.6971,0.69725,0.30,10.90
2007.11.09 09:48:16.153,0.6971,0.6973,0.30,27.70
2007.11.09 09:48:16.673,0.6971,0.6973,0.30,27.70
2007.11.09 09:48:16.932,0.6971,0.69725,0.30,0.50
2007.11.09 09:48:17.393,0.6971,0.69725,0.30,8.50
2007.11.09 09:48:17.667,0.6971,0.69725,0.30,8.50
2007.11.09 09:48:17.870,0.6971,0.69725,0.30,8.50
2007.11.09 09:48:18.073,0.6971,0.69725,0.30,16.50
2007.11.09 09:48:18.278,0.6971,0.69725,0.30,16.50
2007.11.09 09:48:18.576,0.6971,0.69725,0.30,16.50
2007.11.09 09:48:18.876,0.6971,0.69725,0.30,18.90
2007.11.09 09:48:19.328,0.6971,0.6972,0.30,8.00
2007.11.09 09:48:19.674,0.69705,0.69715,4.20,4.00
2007.11.09 09:48:20.024,0.69705,0.69715,0.30,4.00
2007.11.09 09:48:20.358,0.69705,0.69715,0.30,4.00
2007.11.09 09:48:20.581,0.69705,0.69715,0.30,4.00
2007.11.09 09:48:20.805,0.69705,0.69715,0.30,4.00
2007.11.09 09:48:21.865,0.69705,0.69715,0.30,4.00
2007.11.09 09:48:22.384,0.69705,0.69715,0.30,4.00
2007.11.09 09:48:22.648,0.69705,0.69715,0.30,4.00
2007.11.09 09:48:22.896,0.69705,0.69715,0.30,4.00
2007.11.09 09:48:23.166,0.69705,0.69715,0.30,4.00
2007.11.09 09:48:23.330,0.697,0.69715,4.20,16.20
2007.11.09 09:48:23.493,0.697,0.69715,0.30,20.20
2007.11.09 09:48:23.742,0.697,0.69715,0.30,20.20
2007.11.09 09:48:24.361,0.697,0.69715,0.30,20.20
2007.11.09 09:48:24.822,0.697,0.69715,0.30,20.20
2007.11.09 09:48:26.179,0.697,0.69715,0.30,20.20
2007.11.09 09:48:26.349,0.697,0.69715,0.30,8.20
2007.11.09 09:48:26.518,0.697,0.69715,0.30,4.20
2007.11.09 09:48:26.820,0.697,0.69715,0.30,4.20
2007.11.09 09:48:27.125,0.697,0.69715,0.30,4.20
2007.11.09 09:48:27.428,0.697,0.69715,0.30,4.20
2007.11.09 09:48:27.731,0.69705,0.69715,0.30,4.20
2007.11.09 09:48:27.974,0.69705,0.69715,0.30,4.20
2007.11.09 09:48:28.211,0.69705,0.69715,0.30,4.20
2007.11.09 09:48:28.614,0.69705,0.69715,0.30,4.20
2007.11.09 09:48:29.131,0.69705,0.69715,0.30,4.20
2007.11.09 09:48:29.778,0.69705,0.69715,0.30,4.00
2007.11.09 09:48:29.967,0.69705,0.69715,2.60,4.00
2007.11.09 09:48:30.176,0.69705,0.69715,2.60,4.00
2007.11.09 09:48:30.366,0.69705,0.69715,0.30,0.30
2007.11.09 09:48:30.553,0.69705,0.69715,0.30,4.20
2007.11.09 09:48:30.740,0.69705,0.69715,0.30,4.20
2007.11.09 09:48:31.049,0.697,0.69715,4.20,4.20
2007.11.09 09:48:31.359,0.69705,0.69715,0.30,4.20
2007.11.09 09:48:31.668,0.69705,0.69715,0.30,4.20
2007.11.09 09:48:32.123,0.69705,0.69715,0.30,4.20
2007.11.09 09:48:32.639,0.69705,0.69715,0.30,4.20
2007.11.09 09:48:32.858,0.697,0.69715,0.30,4.20
2007.11.09 09:48:33.086,0.697,0.69715,0.30,6.60
2007.11.09 09:48:33.313,0.697,0.69715,0.30,6.60
2007.11.09 09:48:33.542,0.697,0.69715,0.30,6.60
2007.11.09 09:48:33.835,0.697,0.69715,0.30,6.60
2007.11.09 09:48:34.168,0.697,0.69715,0.30,6.60
2007.11.09 09:48:34.501,0.697,0.69715,0.30,6.70
2007.11.09 09:48:34.834,0.697,0.69715,0.30,22.70
2007.11.09 09:48:35.017,0.69695,0.6971,29.80,0.30
2007.11.09 09:48:35.202,0.69695,0.6971,29.80,0.30
2007.11.09 09:48:35.383,0.697,0.69715,0.30,48.30
2007.11.09 09:48:35.567,0.697,0.69715,0.30,16.30
2007.11.09 09:48:35.750,0.697,0.69715,0.30,16.30
2007.11.09 09:48:35.933,0.697,0.6971,0.30,0.30
2007.11.09 09:48:36.237,0.697,0.6971,0.30,0.30
2007.11.09 09:48:36.542,0.697,0.6971,0.30,0.30
2007.11.09 09:48:36.900,0.697,0.6971,0.30,0.30
2007.11.09 09:48:37.133,0.697,0.6971,0.30,0.30
2007.11.09 09:48:37.367,0.697,0.6971,0.30,0.30
2007.11.09 09:48:37.600,0.697,0.6971,0.30,0.30
2007.11.09 09:48:37.833,0.697,0.69715,0.30,21.10
2007.11.09 09:48:38.066,0.697,0.69715,0.30,14.70
2007.11.09 09:48:38.295,0.697,0.6971,0.30,0.30
2007.11.09 09:48:38.524,0.697,0.6971,0.30,0.30
2007.11.09 09:48:38.752,0.697,0.6971,0.30,0.30
2007.11.09 09:48:38.983,0.69695,0.6971,22.60,0.30
2007.11.09 09:48:39.324,0.69695,0.6971,4.20,0.30
2007.11.09 09:48:39.657,0.69695,0.6971,0.30,0.30
2007.11.09 09:48:39.995,0.69695,0.69705,0.30,0.30
2007.11.09 09:48:40.170,0.69695,0.69705,0.30,0.30
2007.11.09 09:48:40.343,0.69695,0.69705,0.30,4.20
2007.11.09 09:48:40.683,0.69695,0.69705,0.30,4.20
2007.11.09 09:48:40.856,0.69695,0.69705,0.30,4.20
2007.11.09 09:48:41.029,0.69695,0.69705,0.30,4.20
2007.11.09 09:48:41.212,0.69695,0.69705,0.30,4.20
2007.11.09 09:48:41.395,0.69695,0.69705,0.30,0.30
2007.11.09 09:48:41.584,0.69695,0.69705,0.30,0.30
2007.11.09 09:48:41.882,0.69695,0.69705,0.30,0.30
2007.11.09 09:48:42.193,0.69695,0.69705,0.30,0.30
2007.11.09 09:48:42.425,0.69695,0.69705,0.30,4.20
2007.11.09 09:48:42.658,0.69695,0.69705,0.30,4.20
2007.11.09 09:48:42.933,0.69695,0.69705,0.30,4.20
2007.11.09 09:48:43.351,0.69695,0.69705,0.30,4.20
2007.11.09 09:48:43.584,0.69695,0.69705,0.30,0.30
2007.11.09 09:48:43.817,0.69695,0.69705,4.20,0.30
2007.11.09 09:48:44.051,0.69695,0.69705,4.20,0.30
2007.11.09 09:48:44.285,0.69695,0.69705,4.20,0.30
2007.11.09 09:48:44.619,0.69695,0.69705,4.20,0.30
2007.11.09 09:48:44.952,0.69695,0.69705,4.20,0.30
2007.11.09 09:48:45.406,0.69695,0.69705,4.20,0.30
2007.11.09 09:48:45.622,0.69695,0.69705,4.20,0.30
2007.11.09 09:48:46.350,0.69695,0.69705,4.20,0.30
2007.11.09 09:48:46.632,0.69695,0.69705,4.20,0.30
2007.11.09 09:48:46.916,0.69695,0.69705,4.20,0.30
2007.11.09 09:48:47.199,0.69695,0.69705,4.20,0.30
2007.11.09 09:48:47.372,0.69695,0.69705,4.20,0.30
2007.11.09 09:48:47.545,0.69695,0.69705,4.20,0.30
2007.11.09 09:48:47.721,0.69695,0.69705,4.20,0.30
2007.11.09 09:48:48.162,0.69695,0.69705,0.30,0.30
2007.11.09 09:48:48.447,0.69695,0.69705,0.30,0.30
2007.11.09 09:48:48.694,0.69695,0.69705,0.30,0.30
2007.11.09 09:48:48.941,0.6969,0.69705,4.20,0.30
2007.11.09 09:48:49.189,0.6969,0.69705,4.20,0.30
2007.11.09 09:48:49.524,0.6969,0.69705,4.20,0.30
2007.11.09 09:48:49.953,0.6969,0.69705,4.20,0.30
2007.11.09 09:48:50.333,0.6969,0.69705,4.20,0.30
2007.11.09 09:48:50.516,0.6969,0.69705,0.30,0.30
2007.11.09 09:48:50.699,0.6969,0.69705,0.30,0.30
2007.11.09 09:48:50.883,0.6969,0.697,0.30,0.30
2007.11.09 09:48:51.066,0.6969,0.697,4.20,0.30
2007.11.09 09:48:51.248,0.6969,0.697,4.20,0.30
2007.11.09 09:48:51.582,0.6969,0.697,0.30,0.30
2007.11.09 09:48:51.915,0.6969,0.697,0.30,0.30
2007.11.09 09:48:52.248,0.6969,0.697,0.30,0.30
2007.11.09 09:48:52.582,0.6969,0.697,0.30,0.30
2007.11.09 09:48:52.770,0.6969,0.697,0.30,0.30
2007.11.09 09:48:52.959,0.6969,0.697,0.30,0.30
2007.11.09 09:48:53.148,0.6969,0.697,0.30,0.30
2007.11.09 09:48:53.336,0.6969,0.69705,0.30,8.20
2007.11.09 09:48:53.574,0.6969,0.69705,0.30,8.20
2007.11.09 09:48:53.813,0.6969,0.69705,0.30,6.60
2007.11.09 09:48:54.051,0.6969,0.69705,0.30,6.60
2007.11.09 09:48:54.289,0.6969,0.69705,0.30,6.60
2007.11.09 09:48:54.528,0.6969,0.69705,0.30,6.60
2007.11.09 09:48:54.870,0.6969,0.69705,0.30,6.60
2007.11.09 09:48:55.700,0.6969,0.69705,0.30,6.60
2007.11.09 09:48:55.975,0.6969,0.69705,0.30,6.60
2007.11.09 09:48:57.393,0.6969,0.69705,0.30,6.60
2007.11.09 09:48:57.414,0.6969,0.69705,0.30,6.60
2007.11.09 09:48:57.542,0.6969,0.69705,0.30,20.20
2007.11.09 09:48:57.660,0.6969,0.69705,0.30,20.20
2007.11.09 09:48:57.782,0.6969,0.69705,0.30,13.00
2007.11.09 09:48:57.900,0.6969,0.69705,0.30,17.00
2007.11.09 09:48:58.185,0.6969,0.69705,0.30,17.00
2007.11.09 09:48:58.311,0.6969,0.697,0.30,0.30
2007.11.09 09:48:58.432,0.6969,0.697,0.30,0.30
2007.11.09 09:48:58.765,0.6969,0.697,0.30,0.30
2007.11.09 09:48:59.098,0.6969,0.697,0.30,0.30
2007.11.09 09:48:59.431,0.6969,0.697,0.30,0.30
2007.11.09 09:48:59.765,0.6969,0.697,0.30,0.30
2007.11.09 09:49:00.097,0.6969,0.697,0.30,0.30
2007.11.09 09:49:00.820,0.6969,0.697,0.30,0.30
2007.11.09 09:49:01.009,0.6969,0.697,0.30,0.30
2007.11.09 09:49:01.198,0.6969,0.697,0.30,0.30
2007.11.09 09:49:01.386,0.6969,0.697,0.30,0.30
2007.11.09 09:49:01.575,0.6969,0.697,0.30,0.30
2007.11.09 09:49:01.908,0.6969,0.697,0.30,0.30
2007.11.09 09:49:02.242,0.6969,0.697,0.30,0.30
2007.11.09 09:49:02.575,0.6969,0.697,0.30,0.30
2007.11.09 09:49:02.843,0.6969,0.697,0.30,0.30
2007.11.09 09:49:03.061,0.6969,0.697,0.30,0.30
2007.11.09 09:49:03.371,0.6969,0.697,0.30,0.30
2007.11.09 09:49:03.678,0.6969,0.697,0.30,0.30
2007.11.09 09:49:04.197,0.6969,0.697,0.30,0.30
2007.11.09 09:49:04.530,0.6969,0.697,0.30,0.30
2007.11.09 09:49:04.933,0.6969,0.697,0.30,0.30
2007.11.09 09:49:05.266,0.6969,0.697,0.30,0.30
2007.11.09 09:49:05.599,0.6969,0.697,0.30,0.30
2007.11.09 09:49:05.861,0.6969,0.697,0.30,0.30
2007.11.09 09:49:06.909,0.6969,0.697,0.30,0.30
2007.11.09 09:49:07.940,0.6969,0.697,0.30,0.30
2007.11.09 09:49:08.186,0.6969,0.697,0.30,0.30
2007.11.09 09:49:08.344,0.6969,0.697,0.30,0.30
2007.11.09 09:49:09.165,0.6969,0.697,0.30,0.30
2007.11.09 09:49:09.756,0.6969,0.697,0.30,0.30
2007.11.09 09:49:11.071,0.69685,0.697,33.90,0.30
2007.11.09 09:49:11.316,0.69685,0.697,33.90,0.30
2007.11.09 09:49:11.552,0.6969,0.69705,0.30,18.60
2007.11.09 09:49:11.785,0.69685,0.69705,34.70,17.00
2007.11.09 09:49:12.006,0.69685,0.697,38.70,0.30
2007.11.09 09:49:12.224,0.69685,0.697,34.70,0.30
2007.11.09 09:49:12.441,0.69685,0.697,34.70,0.30
2007.11.09 09:49:12.686,0.69685,0.697,34.70,0.30
2007.11.09 09:49:13.111,0.69685,0.697,34.70,0.30
2007.11.09 09:49:13.409,0.6969,0.697,0.30,0.30
2007.11.09 09:49:13.586,0.6969,0.697,0.30,0.30
2007.11.09 09:49:13.935,0.69685,0.697,34.70,0.30
2007.11.09 09:49:14.295,0.69685,0.697,36.30,0.30
2007.11.09 09:49:14.628,0.69685,0.69705,42.70,12.20
2007.11.09 09:49:14.970,0.6969,0.69705,0.30,10.60
2007.11.09 09:49:15.184,0.69685,0.69705,46.70,10.60
2007.11.09 09:49:15.385,0.69685,0.69705,50.70,10.60
2007.11.09 09:49:15.710,0.69685,0.69705,50.70,10.60
2007.11.09 09:49:15.984,0.69685,0.69705,52.30,6.60
2007.11.09 09:49:16.239,0.69685,0.69705,52.30,6.60
2007.11.09 09:49:16.492,0.6969,0.69705,0.30,6.60
2007.11.09 09:49:17.163,0.6969,0.69705,0.30,6.60
2007.11.09 09:49:17.395,0.69685,0.69705,52.30,6.60
2007.11.09 09:49:18.218,0.69685,0.69705,52.30,6.60
2007.11.09 09:49:18.461,0.6969,0.69705,0.30,6.60
2007.11.09 09:49:19.864,0.6969,0.69705,0.30,6.60
2007.11.09 09:49:20.615,0.69685,0.69705,53.90,2.60
2007.11.09 09:49:20.768,0.69685,0.69705,53.90,2.60
2007.11.09 09:49:20.922,0.69685,0.69705,52.30,2.60
2007.11.09 09:49:21.205,0.6969,0.69705,0.30,2.60
2007.11.09 09:49:21.848,0.6969,0.69705,0.30,6.60
2007.11.09 09:49:22.140,0.6969,0.69705,0.30,6.60
2007.11.09 09:49:22.298,0.69685,0.69705,52.30,6.60
2007.11.09 09:49:22.457,0.69685,0.69705,52.30,6.60
2007.11.09 09:49:22.672,0.69685,0.69705,52.30,6.60
2007.11.09 09:49:22.882,0.69685,0.69705,52.30,6.60
2007.11.09 09:49:23.203,0.6969,0.69705,0.30,6.60
2007.11.09 09:49:23.615,0.6969,0.69705,0.30,6.60
2007.11.09 09:49:23.947,0.69685,0.69705,53.90,6.60
2007.11.09 09:49:24.280,0.6969,0.69705,0.30,6.60
2007.11.09 09:49:24.613,0.6969,0.69705,0.30,6.60
2007.11.09 09:49:24.947,0.69685,0.69705,55.50,18.30
2007.11.09 09:49:25.288,0.69685,0.69705,54.70,11.40
2007.11.09 09:49:25.501,0.69685,0.69705,53.10,19.10
2007.11.09 09:49:25.715,0.69685,0.69705,53.90,11.40
2007.11.09 09:49:25.928,0.69685,0.69705,53.90,11.40
2007.11.09 09:49:26.143,0.69695,0.69705,0.30,4.20
2007.11.09 09:49:26.356,0.69695,0.69705,0.30,4.20
2007.11.09 09:49:26.674,0.69685,0.6971,74.60,4.20
2007.11.09 09:49:26.992,0.69685,0.6971,81.70,4.20
2007.11.09 09:49:27.311,0.69695,0.6971,1.60,4.20
2007.11.09 09:49:27.540,0.6969,0.6971,10.60,4.20
2007.11.09 09:49:27.768,0.6969,0.6971,10.60,4.20
2007.11.09 09:49:27.997,0.69695,0.6971,3.50,4.20
2007.11.09 09:49:28.282,0.6969,0.6971,14.60,4.20
2007.11.09 09:49:28.511,0.69695,0.6971,3.50,0.30
2007.11.09 09:49:28.777,0.6969,0.6971,16.20,0.30
2007.11.09 09:49:29.006,0.6969,0.6971,17.80,0.30
2007.11.09 09:49:29.234,0.69695,0.6971,1.70,0.30
2007.11.09 09:49:29.849,0.6969,0.6971,18.60,0.30
2007.11.09 09:49:30.182,0.6969,0.6971,21.00,0.30
2007.11.09 09:49:30.515,0.6969,0.6971,46.60,0.30
2007.11.09 09:49:30.714,0.69695,0.6971,2.50,0.30
2007.11.09 09:49:30.912,0.69695,0.6971,9.40,0.30
2007.11.09 09:49:31.114,0.697,0.69715,0.30,46.30
2007.11.09 09:49:31.314,0.69695,0.69715,50.70,12.10
2007.11.09 09:49:31.513,0.69695,0.69715,46.70,10.50
2007.11.09 09:49:31.847,0.697,0.69715,0.30,10.50
2007.11.09 09:49:32.179,0.697,0.69715,0.30,10.50
2007.11.09 09:49:32.512,0.69695,0.69715,50.70,10.50
2007.11.09 09:49:33.364,0.69695,0.69715,50.70,10.50
2007.11.09 09:49:34.195,0.697,0.69715,0.30,10.50
2007.11.09 09:49:34.529,0.697,0.69715,0.30,2.60
2007.11.09 09:49:34.841,0.697,0.69715,0.30,0.30
2007.11.09 09:49:35.637,0.697,0.69715,0.30,8.10
2007.11.09 09:49:35.837,0.69695,0.69715,56.30,10.50
2007.11.09 09:49:36.035,0.69695,0.69715,64.20,0.30
2007.11.09 09:49:36.236,0.69695,0.69715,68.20,0.30
2007.11.09 09:49:36.434,0.69705,0.69715,0.30,0.30
2007.11.09 09:49:37.116,0.69705,0.69715,0.30,0.30
2007.11.09 09:49:37.434,0.69705,0.69715,0.30,0.30
2007.11.09 09:49:37.747,0.69705,0.69715,0.30,0.30
2007.11.09 09:49:37.951,0.69705,0.69715,0.30,0.30
2007.11.09 09:49:38.168,0.69705,0.69715,0.30,0.30
2007.11.09 09:49:38.371,0.69705,0.69715,0.30,0.30
2007.11.09 09:49:38.563,0.69705,0.69715,0.30,0.30
2007.11.09 09:49:40.402,0.69705,0.69715,0.30,0.30
2007.11.09 09:49:40.658,0.69705,0.69715,0.30,0.30
2007.11.09 09:49:41.115,0.69705,0.69715,0.30,0.30
2007.11.09 09:49:41.445,0.69705,0.69715,0.30,0.30
2007.11.09 09:49:41.673,0.69705,0.69715,0.30,0.30
2007.11.09 09:49:41.956,0.69705,0.69715,0.30,0.30
2007.11.09 09:49:42.246,0.697,0.69715,0.30,0.30
2007.11.09 09:49:42.529,0.697,0.69715,0.30,0.30
2007.11.09 09:49:42.812,0.697,0.69715,0.30,0.30
2007.11.09 09:49:43.066,0.69705,0.69715,8.20,0.30
2007.11.09 09:49:43.322,0.69705,0.69715,8.20,0.30
2007.11.09 09:49:43.573,0.69705,0.6972,10.60,9.00
2007.11.09 09:49:43.829,0.69705,0.6972,10.60,1.00
2007.11.09 09:49:44.162,0.69705,0.6972,10.60,1.00
2007.11.09 09:49:44.496,0.69705,0.6972,10.60,1.00
2007.11.09 09:49:44.829,0.69705,0.6972,10.60,1.00
2007.11.09 09:49:45.048,0.697,0.69715,8.20,0.30
2007.11.09 09:49:45.266,0.697,0.69715,4.20,0.30
2007.11.09 09:49:45.485,0.697,0.69715,0.30,2.60
2007.11.09 09:49:45.704,0.697,0.69715,0.30,2.60
2007.11.09 09:49:45.922,0.697,0.69715,0.30,2.60
2007.11.09 09:49:46.185,0.697,0.69715,0.30,2.60
2007.11.09 09:49:46.449,0.697,0.69715,0.30,2.60
2007.11.09 09:49:46.832,0.697,0.69715,0.30,10.60
2007.11.09 09:49:47.075,0.697,0.69715,0.30,10.60
2007.11.09 09:49:47.319,0.697,0.69715,0.30,2.60
2007.11.09 09:49:47.563,0.697,0.69715,0.30,2.60
2007.11.09 09:49:48.114,0.697,0.69715,0.30,2.60
2007.11.09 09:49:48.457,0.697,0.69715,0.30,2.60
2007.11.09 09:49:48.730,0.697,0.69715,0.30,0.30
2007.11.09 09:49:49.003,0.697,0.69715,0.30,0.30
2007.11.09 09:49:49.336,0.697,0.69715,0.30,0.30
2007.11.09 09:49:49.670,0.697,0.69715,0.30,0.30
2007.11.09 09:49:50.005,0.69705,0.69715,4.20,0.30
2007.11.09 09:49:50.188,0.69705,0.69715,4.20,0.30
2007.11.09 09:49:50.434,0.69705,0.69715,4.20,0.30
2007.11.09 09:49:50.635,0.69705,0.69715,4.20,0.30
2007.11.09 09:49:50.823,0.69705,0.69715,0.30,0.30
2007.11.09 09:49:51.005,0.69705,0.69715,0.30,0.30
2007.11.09 09:49:51.188,0.69705,0.69715,0.30,0.30
2007.11.09 09:49:51.471,0.69705,0.6972,4.20,0.30
2007.11.09 09:49:51.754,0.69705,0.6972,6.60,0.30
2007.11.09 09:49:52.037,0.69705,0.6972,6.60,0.30
2007.11.09 09:49:52.320,0.69705,0.6972,6.60,0.30
2007.11.09 09:49:53.460,0.69705,0.6972,6.60,0.30
2007.11.09 09:49:54.905,0.69705,0.6972,6.60,0.30
2007.11.09 09:49:55.317,0.69705,0.6972,6.60,0.30
2007.11.09 09:49:55.431,0.69705,0.6972,6.60,0.30
2007.11.09 09:49:55.614,0.69705,0.6972,6.60,0.30
2007.11.09 09:49:55.728,0.69705,0.6972,2.60,0.30
2007.11.09 09:49:55.842,0.69705,0.6972,2.60,1.00
2007.11.09 09:49:55.955,0.69705,0.69715,2.60,0.30
2007.11.09 09:49:56.069,0.69705,0.69715,2.60,4.20
2007.11.09 09:49:56.183,0.69705,0.69715,0.30,5.00
2007.11.09 09:49:56.296,0.69705,0.69715,0.30,9.00
2007.11.09 09:49:56.630,0.697,0.69715,0.30,9.00
2007.11.09 09:49:56.963,0.697,0.69715,0.30,17.00
2007.11.09 09:49:57.297,0.697,0.69715,0.30,16.20
2007.11.09 09:49:57.510,0.697,0.69715,0.30,16.20
2007.11.09 09:49:57.722,0.697,0.69715,0.30,16.20
2007.11.09 09:49:57.936,0.697,0.69715,0.30,16.20
2007.11.09 09:49:58.149,0.697,0.69715,0.30,0.30
2007.11.09 09:49:58.362,0.697,0.69715,0.30,0.30
2007.11.09 09:49:58.670,0.697,0.69715,0.30,0.30
2007.11.09 09:49:58.979,0.697,0.69715,0.30,0.30
2007.11.09 09:49:59.287,0.697,0.69715,0.30,0.30
2007.11.09 09:49:59.620,0.697,0.69715,0.30,0.30
2007.11.09 09:49:59.953,0.697,0.69715,0.30,0.30
2007.11.09 09:50:00.286,0.697,0.69715,0.30,0.30
2007.11.09 09:50:00.619,0.697,0.69715,0.30,4.20
2007.11.09 09:50:00.812,0.697,0.69715,0.30,5.00
2007.11.09 09:50:01.005,0.69695,0.6971,26.60,0.30
2007.11.09 09:50:01.198,0.69695,0.6971,4.20,0.30
2007.11.09 09:50:01.392,0.69695,0.6971,4.20,0.30
2007.11.09 09:50:01.665,0.697,0.6971,0.30,0.30
2007.11.09 09:50:01.939,0.697,0.6971,0.30,0.30
2007.11.09 09:50:02.213,0.697,0.6971,0.30,0.30
2007.11.09 09:50:02.486,0.697,0.6971,0.30,0.30
2007.11.09 09:50:02.755,0.697,0.69715,0.30,1.80
2007.11.09 09:50:03.024,0.697,0.69715,0.30,0.30
2007.11.09 09:50:03.292,0.697,0.6971,0.30,0.30
2007.11.09 09:50:03.560,0.697,0.69715,0.30,5.80
2007.11.09 09:50:03.829,0.697,0.69715,0.30,4.20
2007.11.09 09:50:04.104,0.697,0.69715,0.30,4.20
2007.11.09 09:50:04.374,0.697,0.6971,0.30,0.30
2007.11.09 09:50:04.707,0.697,0.6971,0.30,0.30
2007.11.09 09:50:05.376,0.697,0.6971,0.30,0.30
2007.11.09 09:50:05.558,0.697,0.6971,0.30,0.30
2007.11.09 09:50:05.742,0.697,0.6971,0.30,0.30
2007.11.09 09:50:05.925,0.697,0.6971,0.30,0.30
2007.11.09 09:50:06.108,0.697,0.69715,0.30,1.80
2007.11.09 09:50:06.291,0.697,0.69715,0.30,1.80
2007.11.09 09:50:06.474,0.697,0.69715,0.30,0.30
2007.11.09 09:50:06.807,0.697,0.69715,0.30,0.30
2007.11.09 09:50:07.140,0.697,0.69715,0.30,0.30
2007.11.09 09:50:07.473,0.697,0.69715,4.20,0.30
2007.11.09 09:50:07.678,0.697,0.69715,4.20,0.30
2007.11.09 09:50:07.898,0.697,0.69715,4.20,0.30
2007.11.09 09:50:08.205,0.69705,0.69715,4.00,0.30
2007.11.09 09:50:08.409,0.69705,0.69715,4.00,0.30
2007.11.09 09:50:08.612,0.69705,0.69715,8.20,0.30
2007.11.09 09:50:08.946,0.69705,0.69715,0.30,0.30
2007.11.09 09:50:09.280,0.69705,0.69715,0.30,0.30
2007.11.09 09:50:09.614,0.69705,0.69715,0.30,0.30
2007.11.09 09:50:09.945,0.69705,0.69715,0.30,0.30
2007.11.09 09:50:10.280,0.69705,0.69715,0.30,0.30
2007.11.09 09:50:10.613,0.697,0.6971,4.20,0.30
2007.11.09 09:50:10.832,0.697,0.6971,0.30,0.30
2007.11.09 09:50:11.050,0.69705,0.69715,0.30,21.80
2007.11.09 09:50:11.276,0.69705,0.69715,0.30,0.30
2007.11.09 09:50:11.890,0.69705,0.69715,0.30,0.30
2007.11.09 09:50:12.195,0.69705,0.69715,0.30,0.30
2007.11.09 09:50:12.474,0.69705,0.69715,0.30,0.30
2007.11.09 09:50:12.892,0.69705,0.69715,0.30,0.30
2007.11.09 09:50:13.500,0.69705,0.69715,0.30,0.30
2007.11.09 09:50:13.798,0.69705,0.69715,0.30,0.30
2007.11.09 09:50:14.154,0.69705,0.69715,0.30,0.30
2007.11.09 09:50:14.487,0.69705,0.69715,0.30,0.30
2007.11.09 09:50:14.819,0.69705,0.69715,0.30,0.30
2007.11.09 09:50:15.691,0.69705,0.69715,0.30,0.30
2007.11.09 09:50:16.115,0.69705,0.69715,0.30,0.30
2007.11.09 09:50:16.385,0.69705,0.69715,0.30,0.30
2007.11.09 09:50:16.648,0.69705,0.6972,10.60,0.30
2007.11.09 09:50:16.912,0.69705,0.6972,10.60,0.30
2007.11.09 09:50:17.105,0.69705,0.6972,18.60,0.30
2007.11.09 09:50:17.310,0.69705,0.6972,18.60,0.30
2007.11.09 09:50:17.492,0.6971,0.6972,0.30,0.30
2007.11.09 09:50:17.728,0.6971,0.6972,0.30,0.30
2007.11.09 09:50:17.949,0.6971,0.6972,0.30,0.30
2007.11.09 09:50:18.168,0.6971,0.6972,0.30,0.30
2007.11.09 09:50:18.406,0.6971,0.6972,0.30,0.30
2007.11.09 09:50:18.624,0.6971,0.6972,0.30,0.30
2007.11.09 09:50:18.842,0.6971,0.6972,0.30,0.30
2007.11.09 09:50:19.175,0.6971,0.6972,0.30,0.30
2007.11.09 09:50:19.511,0.6971,0.6972,0.30,0.30
2007.11.09 09:50:19.845,0.6971,0.6972,0.30,0.30
2007.11.09 09:50:20.622,0.6971,0.6972,0.30,0.30
2007.11.09 09:50:20.964,0.6971,0.6972,0.30,0.30
2007.11.09 09:50:21.242,0.6971,0.6972,0.30,0.30
2007.11.09 09:50:21.521,0.69705,0.6972,49.80,0.30
2007.11.09 09:50:21.800,0.69705,0.6972,18.60,0.30
2007.11.09 09:50:22.078,0.6971,0.6972,0.30,0.30
2007.11.09 09:50:22.326,0.6971,0.6972,0.30,0.30
2007.11.09 09:50:22.574,0.69705,0.6972,31.40,0.30
2007.11.09 09:50:22.823,0.69705,0.6972,13.00,0.30
2007.11.09 09:50:23.070,0.69705,0.6972,13.00,0.30
2007.11.09 09:50:23.497,0.69705,0.6972,13.00,0.30
2007.11.09 09:50:23.895,0.69705,0.6972,25.00,0.30
2007.11.09 09:50:24.227,0.6971,0.6972,0.30,0.30
2007.11.09 09:50:25.362,0.6971,0.6972,0.30,0.30
2007.11.09 09:50:25.897,0.6971,0.6972,0.30,0.30
2007.11.09 09:50:26.090,0.6971,0.6972,0.30,0.30
2007.11.09 09:50:26.270,0.6971,0.6972,0.30,0.30
2007.11.09 09:50:26.524,0.6971,0.6972,0.30,0.30
2007.11.09 09:50:27.135,0.6971,0.6972,0.30,0.30
2007.11.09 09:50:27.423,0.6971,0.6972,0.30,0.30
2007.11.09 09:50:27.712,0.6971,0.6972,0.30,0.30
2007.11.09 09:50:28.505,0.6971,0.6972,0.30,0.30
2007.11.09 09:50:29.106,0.6971,0.6972,0.30,0.30
2007.11.09 09:50:29.439,0.6971,0.6972,0.30,0.30
2007.11.09 09:50:29.774,0.69715,0.69725,10.60,1.60
2007.11.09 09:50:30.108,0.6972,0.6973,0.30,0.30
2007.11.09 09:50:30.276,0.6972,0.6973,0.30,0.30
2007.11.09 09:50:30.444,0.6972,0.6973,0.30,0.30
2007.11.09 09:50:30.612,0.6972,0.6973,0.30,0.30
2007.11.09 09:50:30.782,0.6972,0.6973,0.30,0.30
2007.11.09 09:50:30.950,0.6972,0.6973,0.30,0.30
2007.11.09 09:50:31.119,0.6972,0.6973,0.30,0.30
2007.11.09 09:50:31.453,0.6972,0.6973,0.30,0.30
2007.11.09 09:50:31.786,0.6972,0.6973,0.30,0.30
2007.11.09 09:50:32.117,0.69715,0.6973,18.60,0.30
2007.11.09 09:50:32.327,0.69715,0.6973,0.30,0.30
2007.11.09 09:50:32.536,0.69715,0.69725,0.30,0.30
2007.11.09 09:50:32.743,0.69715,0.69725,0.30,0.30
2007.11.09 09:50:32.951,0.69715,0.69725,0.30,0.30
2007.11.09 09:50:33.160,0.6971,0.69725,0.30,25.00
2007.11.09 09:50:33.499,0.6971,0.69725,0.30,41.00
2007.11.09 09:50:33.827,0.69705,0.6972,18.60,4.20
2007.11.09 09:50:34.156,0.697,0.69715,3.40,0.30
2007.11.09 09:50:34.495,0.697,0.69715,0.30,0.30
2007.11.09 09:50:34.829,0.697,0.6971,0.30,0.30
2007.11.09 09:50:35.163,0.697,0.6971,0.30,0.30
2007.11.09 09:50:35.349,0.697,0.6971,0.30,0.30
2007.11.09 09:50:35.649,0.697,0.6971,0.30,0.30
2007.11.09 09:50:36.235,0.697,0.6971,0.30,0.30
2007.11.09 09:50:36.443,0.697,0.6971,0.30,0.30
2007.11.09 09:50:36.649,0.697,0.6971,0.30,0.30
2007.11.09 09:50:36.902,0.697,0.6971,0.30,0.30
2007.11.09 09:50:37.111,0.697,0.6971,0.30,0.30
2007.11.09 09:50:37.319,0.697,0.6971,0.30,8.40
2007.11.09 09:50:37.573,0.69695,0.6971,18.60,8.40
2007.11.09 09:50:37.826,0.69695,0.6971,0.30,8.40
2007.11.09 09:50:38.149,0.69695,0.6971,0.30,8.40
2007.11.09 09:50:38.402,0.69695,0.6971,0.30,8.40
2007.11.09 09:50:38.620,0.69695,0.69705,0.30,0.30
2007.11.09 09:50:38.838,0.69695,0.69705,0.30,0.30
2007.11.09 09:50:39.070,0.69695,0.69705,0.30,4.20
2007.11.09 09:50:39.288,0.69695,0.69705,0.30,4.20
2007.11.09 09:50:39.607,0.69695,0.69705,0.30,4.20
2007.11.09 09:50:39.941,0.69695,0.69705,0.30,4.20
2007.11.09 09:50:40.273,0.69695,0.69705,0.30,5.00
2007.11.09 09:50:40.606,0.69695,0.69705,0.30,5.00
2007.11.09 09:50:40.794,0.69695,0.69705,0.30,5.00
2007.11.09 09:50:41.160,0.69695,0.69705,0.30,5.00
2007.11.09 09:50:41.889,0.69695,0.69705,0.30,5.00
2007.11.09 09:50:42.188,0.69695,0.69705,0.30,9.00
2007.11.09 09:50:42.488,0.69695,0.69705,0.30,9.00
2007.11.09 09:50:42.675,0.6969,0.69705,0.30,11.40
2007.11.09 09:50:42.857,0.6969,0.69705,0.30,7.40
2007.11.09 09:50:43.041,0.6969,0.69705,0.30,7.40
2007.11.09 09:50:43.232,0.6969,0.69705,0.30,7.40
2007.11.09 09:50:43.416,0.6969,0.69705,0.30,7.40
2007.11.09 09:50:43.599,0.69695,0.69705,0.30,6.60
2007.11.09 09:50:43.934,0.69695,0.69705,0.30,4.20
2007.11.09 09:50:44.274,0.6969,0.69705,0.30,4.20
2007.11.09 09:50:44.608,0.6969,0.69705,0.30,0.30
2007.11.09 09:50:44.940,0.6969,0.69705,0.30,0.30
2007.11.09 09:50:45.272,0.69695,0.69705,0.30,0.30
2007.11.09 09:50:45.606,0.69695,0.6971,0.30,4.20
2007.11.09 09:50:45.804,0.69695,0.6971,0.30,4.20
2007.11.09 09:50:46.002,0.69695,0.6971,0.30,0.30
2007.11.09 09:50:46.200,0.69695,0.6971,4.20,0.30
2007.11.09 09:50:46.398,0.69695,0.6971,4.20,0.30
2007.11.09 09:50:46.647,0.69695,0.6971,4.20,0.30
2007.11.09 09:50:46.957,0.69695,0.6971,4.20,0.30
2007.11.09 09:50:47.260,0.69695,0.6971,4.20,0.30
2007.11.09 09:50:47.564,0.69695,0.6971,4.20,0.30
2007.11.09 09:50:47.867,0.69695,0.6971,4.20,0.30
2007.11.09 09:50:48.123,0.69695,0.6971,4.20,0.30
2007.11.09 09:50:48.365,0.69695,0.6971,4.20,0.30
2007.11.09 09:50:48.651,0.69695,0.6971,8.20,0.30
2007.11.09 09:50:48.952,0.69695,0.6971,8.20,0.30
2007.11.09 09:50:49.240,0.69695,0.6971,4.20,0.30
2007.11.09 09:50:49.529,0.69695,0.6971,0.30,0.30
2007.11.09 09:50:49.817,0.69695,0.6971,0.30,0.30
2007.11.09 09:50:50.152,0.69695,0.6971,0.30,0.30
2007.11.09 09:50:50.485,0.69695,0.6971,0.30,0.30
2007.11.09 09:50:50.819,0.69695,0.6971,0.30,0.30
2007.11.09 09:50:51.007,0.69695,0.6971,0.30,0.30
2007.11.09 09:50:51.196,0.69695,0.69705,0.30,0.30
2007.11.09 09:50:51.384,0.69695,0.69705,0.30,0.30
2007.11.09 09:50:51.572,0.69695,0.6971,0.30,4.90
2007.11.09 09:50:51.761,0.69695,0.6971,0.30,4.90
2007.11.09 09:50:52.069,0.69695,0.6971,0.30,4.90
2007.11.09 09:50:52.383,0.69695,0.6971,0.30,0.30
2007.11.09 09:50:52.692,0.69695,0.69705,0.30,0.30
2007.11.09 09:50:53.000,0.69695,0.69705,0.30,0.30
2007.11.09 09:50:53.264,0.69695,0.69705,0.30,0.30
2007.11.09 09:50:53.528,0.69695,0.69705,0.30,0.30
2007.11.09 09:50:53.805,0.69695,0.69705,0.30,0.30
2007.11.09 09:50:54.137,0.69695,0.69705,0.30,0.30
2007.11.09 09:50:54.470,0.69695,0.69705,0.30,0.30
2007.11.09 09:50:54.825,0.69695,0.6971,0.30,0.30
2007.11.09 09:50:55.014,0.69695,0.6971,0.30,0.30
2007.11.09 09:50:55.201,0.69695,0.69705,0.30,0.30
2007.11.09 09:50:55.390,0.69695,0.69705,0.30,0.30
2007.11.09 09:50:55.578,0.69695,0.69705,0.30,0.30
2007.11.09 09:50:55.776,0.69695,0.6971,0.30,4.20
2007.11.09 09:50:55.953,0.69695,0.6971,0.30,0.30
2007.11.09 09:50:56.286,0.69695,0.6971,0.30,0.30
2007.11.09 09:50:56.620,0.69695,0.6971,0.30,0.30
2007.11.09 09:50:58.484,0.69695,0.6971,0.30,0.30
2007.11.09 09:50:58.597,0.69695,0.6971,0.30,0.30
2007.11.09 09:50:58.720,0.69695,0.69705,0.30,0.30
2007.11.09 09:50:59.020,0.69695,0.69705,0.30,0.30
2007.11.09 09:51:00.989,0.69695,0.69705,0.30,0.30
2007.11.09 09:51:01.165,0.69695,0.6971,0.30,0.30
2007.11.09 09:51:01.343,0.69695,0.6971,0.30,0.30
2007.11.09 09:51:01.910,0.69695,0.6971,0.30,0.30
2007.11.09 09:51:02.102,0.69695,0.6971,0.30,0.30
2007.11.09 09:51:02.351,0.69695,0.6971,0.30,0.30
2007.11.09 09:51:02.600,0.69695,0.6971,0.30,0.30
2007.11.09 09:51:02.848,0.69695,0.6971,0.30,0.30
2007.11.09 09:51:03.097,0.69695,0.6971,0.30,0.30
2007.11.09 09:51:03.355,0.69695,0.6971,0.30,0.30
2007.11.09 09:51:03.613,0.69695,0.6971,0.30,0.30
2007.11.09 09:51:03.871,0.69695,0.6971,0.30,0.30
2007.11.09 09:51:04.128,0.69695,0.6971,0.30,0.30
2007.11.09 09:51:04.462,0.69695,0.6971,0.30,0.30
2007.11.09 09:51:05.060,0.69695,0.6971,0.30,0.30
2007.11.09 09:51:05.394,0.69695,0.6971,4.20,0.30
2007.11.09 09:51:05.510,0.69695,0.69715,4.20,69.00
2007.11.09 09:51:05.618,0.69695,0.69715,4.20,69.00
2007.11.09 09:51:05.782,0.69695,0.69715,0.30,73.70
2007.11.09 09:51:05.956,0.69695,0.6971,0.30,0.30
2007.11.09 09:51:06.359,0.69695,0.69715,0.30,75.10
2007.11.09 09:51:07.159,0.69695,0.6971,0.30,0.30
2007.11.09 09:51:07.493,0.69695,0.6971,0.30,0.30
2007.11.09 09:51:07.707,0.69695,0.6971,0.30,12.30
2007.11.09 09:51:07.921,0.69695,0.6971,0.30,12.30
2007.11.09 09:51:08.134,0.69695,0.69705,0.30,0.30
2007.11.09 09:51:08.347,0.69695,0.6971,0.30,12.30
2007.11.09 09:51:08.626,0.69695,0.69705,0.30,0.30
2007.11.09 09:51:08.905,0.69695,0.69705,0.30,0.30
2007.11.09 09:51:09.356,0.69695,0.6971,0.30,16.30
2007.11.09 09:51:09.888,0.69695,0.6971,0.30,16.30
2007.11.09 09:51:10.408,0.69695,0.6971,0.30,16.30
2007.11.09 09:51:11.338,0.69695,0.6971,0.30,16.30
2007.11.09 09:51:11.591,0.69695,0.6971,0.30,16.30
2007.11.09 09:51:11.844,0.69695,0.6971,8.20,16.30
2007.11.09 09:51:12.098,0.69695,0.6971,8.20,16.30
2007.11.09 09:51:12.350,0.69695,0.6971,8.20,16.30
2007.11.09 09:51:12.604,0.69695,0.6971,9.00,8.30
2007.11.09 09:51:12.858,0.69695,0.6971,5.00,8.30
2007.11.09 09:51:13.112,0.69695,0.6971,0.30,4.30
2007.11.09 09:51:13.364,0.69695,0.6971,0.30,12.30
2007.11.09 09:51:13.593,0.69695,0.69705,0.30,0.30
2007.11.09 09:51:13.858,0.69695,0.6971,0.30,16.30
2007.11.09 09:51:14.085,0.69695,0.69705,0.30,0.30
2007.11.09 09:51:14.375,0.69695,0.69705,0.30,0.30
2007.11.09 09:51:14.913,0.69695,0.69705,0.30,0.30
2007.11.09 09:51:16.714,0.69695,0.6971,0.30,12.30
2007.11.09 09:51:17.163,0.69695,0.69705,0.30,0.30
2007.11.09 09:51:17.891,0.69695,0.69705,0.30,0.30
2007.11.09 09:51:18.499,0.69695,0.6971,0.30,16.30
2007.11.09 09:51:18.715,0.69695,0.6971,4.20,16.30
2007.11.09 09:51:18.935,0.69695,0.6971,8.20,16.30
2007.11.09 09:51:19.153,0.69695,0.6971,8.20,16.30
2007.11.09 09:51:19.523,0.69695,0.69705,9.00,0.30
2007.11.09 09:51:19.856,0.69695,0.69705,9.00,0.30
2007.11.09 09:51:20.200,0.69695,0.69705,9.00,0.30
2007.11.09 09:51:20.609,0.69695,0.69705,9.00,0.30
2007.11.09 09:51:20.920,0.69695,0.6971,9.00,4.30
2007.11.09 09:51:21.846,0.69695,0.6971,9.00,4.30
2007.11.09 09:51:23.494,0.69695,0.6971,9.00,4.30
2007.11.09 09:51:24.612,0.69695,0.69705,9.00,0.30
2007.11.09 09:51:24.945,0.69695,0.69715,9.00,65.10
2007.11.09 09:51:25.686,0.69695,0.69715,9.00,65.10
2007.11.09 09:51:26.063,0.69695,0.69715,9.00,63.40
2007.11.09 09:51:26.399,0.69695,0.69705,9.00,0.30
2007.11.09 09:51:27.859,0.69695,0.69715,9.00,63.40
2007.11.09 09:51:28.456,0.69695,0.69705,9.00,0.30
2007.11.09 09:51:28.890,0.69695,0.69705,9.00,0.30
2007.11.09 09:51:29.223,0.69695,0.69715,9.00,63.40
2007.11.09 09:51:30.743,0.69695,0.69705,5.00,0.30
2007.11.09 09:51:30.942,0.69695,0.6971,1.00,4.30
2007.11.09 09:51:31.216,0.69695,0.6971,0.30,4.30
2007.11.09 09:51:31.489,0.69695,0.6971,0.30,12.30
2007.11.09 09:51:31.936,0.69695,0.69705,0.30,0.30
2007.11.09 09:51:32.153,0.69695,0.69705,0.30,0.30
2007.11.09 09:51:32.457,0.69695,0.6971,0.30,16.30
2007.11.09 09:51:32.675,0.69695,0.6971,0.30,16.30
2007.11.09 09:51:33.384,0.69695,0.69705,0.30,0.30
2007.11.09 09:51:33.907,0.69695,0.69705,0.30,0.30
2007.11.09 09:51:34.240,0.69695,0.69705,1.00,0.30
2007.11.09 09:51:34.573,0.69695,0.69705,1.00,0.30
2007.11.09 09:51:34.906,0.69695,0.69705,9.00,0.30
2007.11.09 09:51:35.239,0.69695,0.69705,9.00,0.30
2007.11.09 09:51:35.432,0.69695,0.69705,9.00,0.30
2007.11.09 09:51:35.633,0.69695,0.69705,9.00,0.30
2007.11.09 09:51:36.377,0.69695,0.69705,9.00,0.30
2007.11.09 09:51:36.897,0.69695,0.69705,9.00,0.30
2007.11.09 09:51:37.200,0.69695,0.6971,5.00,0.30
2007.11.09 09:51:37.403,0.69695,0.6971,7.40,0.30
2007.11.09 09:51:37.609,0.69695,0.6971,7.40,0.30
2007.11.09 09:51:37.809,0.69695,0.6971,17.00,0.30
2007.11.09 09:51:38.044,0.69695,0.6971,13.00,0.30
2007.11.09 09:51:38.295,0.697,0.6971,0.30,0.30
2007.11.09 09:51:38.549,0.697,0.6971,0.30,0.30
2007.11.09 09:51:38.787,0.697,0.6971,0.30,0.30
2007.11.09 09:51:39.025,0.697,0.6971,0.30,0.30
2007.11.09 09:51:39.268,0.697,0.6971,0.30,0.30
2007.11.09 09:51:39.601,0.697,0.6971,0.30,0.30
2007.11.09 09:51:39.954,0.697,0.6971,0.30,0.30
2007.11.09 09:51:40.287,0.697,0.6971,0.30,0.30
2007.11.09 09:51:40.639,0.697,0.6971,0.30,0.30
2007.11.09 09:51:40.842,0.697,0.6971,0.30,0.30
2007.11.09 09:51:41.049,0.697,0.6971,0.30,0.30
2007.11.09 09:51:41.252,0.697,0.69715,0.30,6.60
2007.11.09 09:51:41.527,0.697,0.69715,0.30,5.00
2007.11.09 09:51:41.780,0.697,0.69715,0.30,1.00
2007.11.09 09:51:42.034,0.697,0.69715,0.30,1.00
2007.11.09 09:51:42.288,0.697,0.69715,0.30,1.00
2007.11.09 09:51:42.545,0.697,0.69715,0.30,1.00
2007.11.09 09:51:42.806,0.697,0.69715,0.30,1.00
2007.11.09 09:51:43.072,0.697,0.69715,0.30,1.00
2007.11.09 09:51:43.484,0.697,0.69715,0.30,1.00
2007.11.09 09:51:44.369,0.697,0.69715,0.30,1.00
2007.11.09 09:51:44.829,0.697,0.69715,0.30,1.00
2007.11.09 09:51:45.163,0.697,0.69715,0.30,1.00
2007.11.09 09:51:45.621,0.697,0.69715,0.30,1.00
2007.11.09 09:51:48.091,0.697,0.69715,0.30,1.00
2007.11.09 09:51:48.456,0.697,0.69715,0.30,1.00
2007.11.09 09:51:49.121,0.697,0.69715,0.30,1.00
2007.11.09 09:51:49.454,0.69705,0.69715,0.30,1.00
2007.11.09 09:51:49.787,0.697,0.69715,4.20,1.00
2007.11.09 09:51:50.115,0.697,0.69715,0.30,1.00
2007.11.09 09:51:50.445,0.69705,0.69715,0.30,0.80
2007.11.09 09:51:50.781,0.69705,0.69715,0.30,0.80
2007.11.09 09:51:50.957,0.69705,0.69715,0.30,0.80
2007.11.09 09:51:51.146,0.69705,0.69715,0.30,0.80
2007.11.09 09:51:51.329,0.69705,0.69715,0.30,1.00
2007.11.09 09:51:51.511,0.69705,0.69715,0.30,1.00
2007.11.09 09:51:51.695,0.69705,0.69715,0.30,0.80
2007.11.09 09:51:51.978,0.69705,0.69715,0.30,0.80
2007.11.09 09:51:52.261,0.69705,0.69715,0.30,1.00
2007.11.09 09:51:52.544,0.69705,0.69715,0.30,1.00
2007.11.09 09:51:52.757,0.69705,0.69715,0.30,0.80
2007.11.09 09:51:52.970,0.69705,0.69715,0.30,0.80
2007.11.09 09:51:53.182,0.69705,0.69715,0.30,0.80
2007.11.09 09:51:53.600,0.69705,0.69715,0.30,0.80
2007.11.09 09:51:54.133,0.69705,0.69715,0.30,0.80
2007.11.09 09:51:54.416,0.69705,0.69715,0.30,0.80
2007.11.09 09:51:54.701,0.6971,0.69715,0.30,0.80
2007.11.09 09:51:55.044,0.6971,0.6972,0.30,0.30
2007.11.09 09:51:55.378,0.6971,0.6972,0.30,0.30
2007.11.09 09:51:55.712,0.6971,0.6972,0.30,0.30
2007.11.09 09:51:55.935,0.6971,0.6972,0.30,0.30
2007.11.09 09:51:56.158,0.6971,0.6972,0.30,0.30
2007.11.09 09:51:56.381,0.6971,0.6972,0.30,0.30
2007.11.09 09:51:56.664,0.6971,0.6972,0.30,0.30
2007.11.09 09:51:57.294,0.6971,0.6972,0.30,0.30
2007.11.09 09:51:57.542,0.6971,0.6972,0.30,0.30
2007.11.09 09:51:58.606,0.6971,0.6972,0.30,0.30
2007.11.09 09:51:59.255,0.6971,0.6972,0.30,0.30
2007.11.09 09:51:59.609,0.6971,0.6972,0.30,0.30
2007.11.09 09:51:59.921,0.6971,0.6972,0.30,0.30
2007.11.09 09:52:00.073,0.6971,0.69725,0.30,38.70
2007.11.09 09:52:00.826,0.6971,0.6972,0.30,0.30
2007.11.09 09:52:01.045,0.6971,0.6972,0.30,0.30
2007.11.09 09:52:01.406,0.6971,0.6972,0.30,0.30
2007.11.09 09:52:01.649,0.69705,0.6972,37.00,0.30
2007.11.09 09:52:01.872,0.69705,0.6972,33.00,0.30
2007.11.09 09:52:02.124,0.69705,0.6972,33.00,0.30
2007.11.09 09:52:02.785,0.69705,0.69715,33.00,0.30
2007.11.09 09:52:03.037,0.69705,0.69715,25.00,0.30
2007.11.09 09:52:03.266,0.69705,0.6972,22.60,4.20
2007.11.09 09:52:03.496,0.69705,0.6972,0.30,0.30
2007.11.09 09:52:03.723,0.69705,0.6972,0.30,0.30
2007.11.09 09:52:03.951,0.69705,0.6972,0.30,0.30
2007.11.09 09:52:04.284,0.69705,0.6972,0.30,0.30
2007.11.09 09:52:04.616,0.69705,0.6972,0.30,0.30
2007.11.09 09:52:04.950,0.69705,0.6972,4.20,0.30
2007.11.09 09:52:05.971,0.69705,0.6972,4.20,0.30
2007.11.09 09:52:06.707,0.69705,0.6972,4.20,0.30
2007.11.09 09:52:06.985,0.69705,0.6972,4.20,0.30
2007.11.09 09:52:07.231,0.69705,0.6972,8.20,0.30
2007.11.09 09:52:07.473,0.69705,0.6972,8.20,0.30
2007.11.09 09:52:07.719,0.69705,0.6972,9.00,0.30
2007.11.09 09:52:07.963,0.69705,0.6972,10.60,0.30
2007.11.09 09:52:08.207,0.69705,0.6972,14.60,0.30
2007.11.09 09:52:08.451,0.69705,0.6972,14.60,0.30
2007.11.09 09:52:08.968,0.69705,0.6972,14.60,0.30
2007.11.09 09:52:09.302,0.69705,0.6972,9.00,0.30
2007.11.09 09:52:09.635,0.69705,0.6972,4.20,0.30
2007.11.09 09:52:09.968,0.69705,0.6972,0.30,0.30
2007.11.09 09:52:10.303,0.69705,0.6972,0.30,0.30
2007.11.09 09:52:10.482,0.69705,0.6972,0.30,0.30
2007.11.09 09:52:10.911,0.69705,0.6972,0.30,0.30
2007.11.09 09:52:11.255,0.69705,0.6972,0.30,0.30
2007.11.09 09:52:11.524,0.69705,0.6972,0.30,0.30
2007.11.09 09:52:11.792,0.69705,0.6972,0.30,0.30
2007.11.09 09:52:12.207,0.69705,0.6972,0.30,0.30
2007.11.09 09:52:12.431,0.69705,0.6972,0.30,0.30
2007.11.09 09:52:12.654,0.69705,0.6972,0.30,0.30
2007.11.09 09:52:12.877,0.69705,0.6972,0.30,0.30
2007.11.09 09:52:13.101,0.69705,0.6972,0.30,0.30
2007.11.09 09:52:13.323,0.69705,0.6972,0.30,0.30
2007.11.09 09:52:13.626,0.69705,0.6972,0.30,0.30
2007.11.09 09:52:13.913,0.69705,0.6972,0.30,0.30
2007.11.09 09:52:14.230,0.69705,0.6972,0.30,0.30
2007.11.09 09:52:14.563,0.69705,0.6972,0.30,0.30
2007.11.09 09:52:15.152,0.69705,0.6972,0.30,0.30
2007.11.09 09:52:15.485,0.69705,0.6972,0.30,0.30
2007.11.09 09:52:15.704,0.69705,0.6972,4.20,0.30
2007.11.09 09:52:15.922,0.6971,0.6972,0.30,0.30
2007.11.09 09:52:16.163,0.6971,0.6972,0.30,0.30
2007.11.09 09:52:16.892,0.6971,0.6972,0.30,0.30
2007.11.09 09:52:17.102,0.6971,0.6972,0.30,0.30
2007.11.09 09:52:17.313,0.6971,0.69725,0.30,51.40
2007.11.09 09:52:17.508,0.6971,0.69725,0.30,23.40
2007.11.09 09:52:17.772,0.6971,0.6972,0.30,0.30
2007.11.09 09:52:18.036,0.6971,0.6972,0.30,0.30
2007.11.09 09:52:18.301,0.6971,0.6972,0.30,0.30
2007.11.09 09:52:18.563,0.6971,0.6972,0.30,0.30
2007.11.09 09:52:18.841,0.6971,0.6972,0.30,0.30
2007.11.09 09:52:19.244,0.6971,0.6972,0.30,0.30
2007.11.09 09:52:19.523,0.6971,0.6972,0.30,0.30
2007.11.09 09:52:19.901,0.6971,0.6972,0.30,0.30
2007.11.09 09:52:20.233,0.6971,0.6972,0.30,0.30
2007.11.09 09:52:20.567,0.6971,0.6972,0.30,0.30
2007.11.09 09:52:20.946,0.6971,0.6972,0.30,0.30
2007.11.09 09:52:21.331,0.6971,0.6972,0.30,0.30
2007.11.09 09:52:21.523,0.6971,0.6972,0.30,0.30
2007.11.09 09:52:21.716,0.6971,0.6972,0.30,0.30
2007.11.09 09:52:21.981,0.69705,0.69715,0.30,0.30
2007.11.09 09:52:22.243,0.69705,0.69715,0.30,0.30
2007.11.09 09:52:22.506,0.69705,0.69715,0.30,0.30
2007.11.09 09:52:22.770,0.69705,0.69715,0.30,0.30
2007.11.09 09:52:23.027,0.69705,0.69715,0.30,0.30
2007.11.09 09:52:23.285,0.69705,0.69715,0.30,0.30
2007.11.09 09:52:23.544,0.69705,0.69715,0.30,0.30
2007.11.09 09:52:23.891,0.69705,0.69715,0.30,0.30
2007.11.09 09:52:24.194,0.69705,0.69715,0.30,0.30
2007.11.09 09:52:24.491,0.69705,0.69715,0.30,0.30
2007.11.09 09:52:25.173,0.69705,0.69715,0.30,0.30
2007.11.09 09:52:25.513,0.69705,0.6972,0.30,0.30
2007.11.09 09:52:25.845,0.69705,0.6972,0.30,0.30
2007.11.09 09:52:26.013,0.69705,0.6972,0.30,0.30
2007.11.09 09:52:26.181,0.69705,0.6972,0.30,0.30
2007.11.09 09:52:26.419,0.69705,0.6972,0.30,0.30
2007.11.09 09:52:26.636,0.69705,0.6972,0.30,0.30
2007.11.09 09:52:26.885,0.69705,0.6972,0.30,0.30
2007.11.09 09:52:27.153,0.69705,0.6972,0.30,0.30
2007.11.09 09:52:27.580,0.69705,0.6972,0.30,0.30
2007.11.09 09:52:27.857,0.69705,0.6972,0.30,0.30
2007.11.09 09:52:28.085,0.69705,0.6972,0.30,0.30
2007.11.09 09:52:28.314,0.69705,0.6972,0.30,0.30
2007.11.09 09:52:28.542,0.69705,0.6972,0.30,0.30
2007.11.09 09:52:28.771,0.69705,0.69715,0.30,0.30
2007.11.09 09:52:29.103,0.69705,0.69715,0.30,0.30
2007.11.09 09:52:29.436,0.69705,0.69715,0.30,0.30
2007.11.09 09:52:29.770,0.69705,0.69715,0.30,0.30
2007.11.09 09:52:30.038,0.69705,0.69715,0.30,0.30
2007.11.09 09:52:30.888,0.69705,0.69715,0.30,0.30
2007.11.09 09:52:31.944,0.69705,0.69715,0.30,0.30
2007.11.09 09:52:33.724,0.69705,0.69715,0.30,0.30
2007.11.09 09:52:33.937,0.697,0.69715,4.20,16.20
2007.11.09 09:52:34.151,0.697,0.69715,4.20,17.00
2007.11.09 09:52:34.365,0.697,0.6971,4.20,0.30
2007.11.09 09:52:34.578,0.697,0.6971,0.30,0.30
2007.11.09 09:52:34.792,0.697,0.6971,0.30,0.30
2007.11.09 09:52:35.125,0.69695,0.6971,4.20,0.30
2007.11.09 09:52:35.459,0.697,0.6971,0.30,0.30
2007.11.09 09:52:35.800,0.697,0.6971,0.30,0.30
2007.11.09 09:52:36.123,0.697,0.6971,0.30,0.30
2007.11.09 09:52:36.436,0.697,0.6971,0.30,0.30
2007.11.09 09:52:36.713,0.697,0.6971,0.30,0.30
2007.11.09 09:52:37.126,0.697,0.6971,0.30,0.30
2007.11.09 09:52:37.436,0.697,0.6971,0.30,0.30
2007.11.09 09:52:37.868,0.697,0.6971,0.30,0.30
2007.11.09 09:52:38.175,0.697,0.6971,0.30,0.30
2007.11.09 09:52:38.398,0.697,0.6971,0.30,0.30
2007.11.09 09:52:38.898,0.697,0.6971,0.30,0.30
2007.11.09 09:52:40.716,0.697,0.6971,0.30,0.30
2007.11.09 09:52:40.883,0.697,0.6971,0.30,0.30
2007.11.09 09:52:41.052,0.697,0.6971,0.30,0.30
2007.11.09 09:52:41.385,0.697,0.6971,0.30,0.30
2007.11.09 09:52:41.719,0.697,0.6971,0.30,0.30
2007.11.09 09:52:42.054,0.69695,0.69705,0.30,0.30
2007.11.09 09:52:42.282,0.69695,0.69705,0.30,0.30
2007.11.09 09:52:42.511,0.69695,0.6971,0.30,0.30
2007.11.09 09:52:42.739,0.69695,0.6971,0.30,0.30
2007.11.09 09:52:42.968,0.69695,0.6971,0.30,0.30
2007.11.09 09:52:43.257,0.69695,0.6971,0.30,0.30
2007.11.09 09:52:43.545,0.69695,0.6971,0.30,0.30
2007.11.09 09:52:43.832,0.69695,0.6971,0.30,0.30
2007.11.09 09:52:44.121,0.69695,0.6971,0.30,0.30
2007.11.09 09:52:44.454,0.69695,0.6971,4.20,0.30
2007.11.09 09:52:44.787,0.697,0.6971,0.30,0.30
2007.11.09 09:52:45.120,0.697,0.6971,0.30,0.30
2007.11.09 09:52:45.343,0.69695,0.6971,34.60,0.30
2007.11.09 09:52:45.566,0.69695,0.6971,8.20,0.30
2007.11.09 09:52:45.789,0.69695,0.6971,8.20,0.30
2007.11.09 09:52:46.014,0.69695,0.6971,8.20,0.30
2007.11.09 09:52:46.217,0.69695,0.6971,4.20,0.30
2007.11.09 09:52:46.421,0.69695,0.6971,0.30,0.30
2007.11.09 09:52:46.709,0.69695,0.6971,4.20,0.30
2007.11.09 09:52:46.913,0.69695,0.6971,8.20,0.30
2007.11.09 09:52:47.115,0.69695,0.6971,8.20,0.30
2007.11.09 09:52:47.450,0.69695,0.69705,4.20,0.30
2007.11.09 09:52:47.790,0.69695,0.69705,4.20,0.30
2007.11.09 09:52:48.123,0.69695,0.69705,4.20,0.30
2007.11.09 09:52:48.336,0.69695,0.69705,0.30,0.30
2007.11.09 09:52:48.549,0.69695,0.69705,0.30,0.30
2007.11.09 09:52:48.804,0.69695,0.69705,0.30,0.30
2007.11.09 09:52:49.173,0.69695,0.69705,0.30,0.30
2007.11.09 09:52:49.505,0.69695,0.69705,0.30,0.30
2007.11.09 09:52:49.839,0.69695,0.69705,0.30,0.30
2007.11.09 09:52:50.173,0.69695,0.69705,0.30,0.30
2007.11.09 09:52:50.424,0.69695,0.69705,0.30,0.30
2007.11.09 09:52:51.386,0.69695,0.69705,0.30,4.20
2007.11.09 09:52:51.630,0.69695,0.69705,0.30,4.20
2007.11.09 09:52:51.873,0.69695,0.69705,0.30,4.20
2007.11.09 09:52:52.186,0.69695,0.69705,0.30,4.20
2007.11.09 09:52:52.428,0.69695,0.69705,0.30,4.20
2007.11.09 09:52:52.931,0.69695,0.69705,0.30,4.20
2007.11.09 09:52:53.141,0.69695,0.69705,0.30,4.20
2007.11.09 09:52:53.452,0.69695,0.69705,0.30,4.20
2007.11.09 09:52:53.550,0.69695,0.6971,0.30,33.80
2007.11.09 09:52:54.185,0.69695,0.69705,0.30,4.20
2007.11.09 09:52:54.463,0.69695,0.69705,0.30,4.20
2007.11.09 09:52:55.924,0.69695,0.69705,0.30,4.20
2007.11.09 09:52:58.443,0.69695,0.69705,0.30,4.20
2007.11.09 09:52:59.390,0.69695,0.69705,0.30,4.20
2007.11.09 09:52:59.758,0.69695,0.69705,0.30,8.20
2007.11.09 09:53:00.091,0.69695,0.69705,0.30,8.20
2007.11.09 09:53:00.424,0.69695,0.69705,0.30,8.20
2007.11.09 09:53:00.758,0.69695,0.69705,0.30,8.20
2007.11.09 09:53:00.976,0.6969,0.69705,0.30,10.60
2007.11.09 09:53:01.210,0.6969,0.69705,0.30,10.60
2007.11.09 09:53:01.428,0.69695,0.69705,0.30,6.60
2007.11.09 09:53:01.646,0.69695,0.69705,0.30,4.20
2007.11.09 09:53:02.174,0.69695,0.69705,0.30,4.20
2007.11.09 09:53:02.478,0.69695,0.69705,0.30,4.20
2007.11.09 09:53:02.781,0.69695,0.69705,0.30,8.20
2007.11.09 09:53:03.054,0.69695,0.69705,0.30,8.20
2007.11.09 09:53:03.327,0.6969,0.69705,4.20,9.80
2007.11.09 09:53:03.616,0.6969,0.69705,0.30,10.60
2007.11.09 09:53:03.889,0.6969,0.69705,0.30,13.00
2007.11.09 09:53:04.224,0.6969,0.69705,0.30,17.00
2007.11.09 09:53:04.564,0.6969,0.69705,0.30,17.00
2007.11.09 09:53:04.910,0.6969,0.697,0.30,0.30
2007.11.09 09:53:05.083,0.6969,0.697,0.30,0.30
2007.11.09 09:53:05.277,0.6969,0.697,0.30,0.30
2007.11.09 09:53:05.465,0.6969,0.697,0.30,0.30
2007.11.09 09:53:06.177,0.6969,0.697,0.30,0.30
2007.11.09 09:53:06.486,0.6969,0.697,0.30,0.30
2007.11.09 09:53:06.795,0.6969,0.697,0.30,0.30
2007.11.09 09:53:07.103,0.6969,0.69705,0.30,26.60
2007.11.09 09:53:07.332,0.6969,0.697,0.30,0.30
2007.11.09 09:53:07.562,0.6969,0.697,0.30,0.30
2007.11.09 09:53:07.789,0.6969,0.697,0.30,0.30
2007.11.09 09:53:08.018,0.6969,0.697,0.30,0.30
2007.11.09 09:53:08.397,0.6969,0.697,0.30,0.30
2007.11.09 09:53:08.660,0.6969,0.697,0.30,0.30
2007.11.09 09:53:08.923,0.6969,0.697,0.30,0.30
2007.11.09 09:53:09.327,0.6969,0.697,0.30,0.30
2007.11.09 09:53:09.661,0.6969,0.697,0.30,0.30
2007.11.09 09:53:09.994,0.6969,0.697,0.30,0.30
2007.11.09 09:53:11.435,0.6969,0.697,0.30,0.30
2007.11.09 09:53:12.686,0.6969,0.697,0.30,0.30
2007.11.09 09:53:13.462,0.6969,0.697,0.30,0.30
2007.11.09 09:53:14.185,0.6969,0.697,0.30,0.30
2007.11.09 09:53:14.463,0.6969,0.697,0.30,0.30
2007.11.09 09:53:14.868,0.6969,0.69705,0.30,37.00
2007.11.09 09:53:15.203,0.6969,0.69705,0.30,25.00
2007.11.09 09:53:15.392,0.6969,0.697,0.30,0.30
2007.11.09 09:53:15.580,0.6969,0.697,0.30,0.30
2007.11.09 09:53:15.768,0.6969,0.697,0.30,0.30
2007.11.09 09:53:15.974,0.6969,0.697,0.30,0.30
2007.11.09 09:53:16.172,0.6969,0.697,0.30,0.30
2007.11.09 09:53:16.479,0.6969,0.697,0.30,0.30
2007.11.09 09:53:16.909,0.6969,0.697,0.30,0.30
2007.11.09 09:53:17.198,0.6969,0.697,0.30,0.30
2007.11.09 09:53:17.487,0.6969,0.697,0.30,0.30
2007.11.09 09:53:17.662,0.6969,0.697,0.30,0.30
2007.11.09 09:53:17.874,0.6969,0.697,0.30,0.30
2007.11.09 09:53:18.048,0.6969,0.697,0.30,0.30
2007.11.09 09:53:18.594,0.6969,0.697,0.30,0.30
2007.11.09 09:53:18.857,0.6969,0.697,0.30,0.30
2007.11.09 09:53:19.121,0.6969,0.697,0.30,0.30
2007.11.09 09:53:19.385,0.6969,0.697,0.30,0.30
2007.11.09 09:53:20.200,0.6969,0.697,0.30,0.30
2007.11.09 09:53:20.534,0.6969,0.69695,0.30,4.00
2007.11.09 09:53:20.731,0.6969,0.69695,0.30,4.00
2007.11.09 09:53:20.925,0.6969,0.697,0.30,8.20
2007.11.09 09:53:21.118,0.6969,0.697,0.30,8.20
2007.11.09 09:53:21.312,0.6969,0.697,0.30,8.20
2007.11.09 09:53:21.505,0.6969,0.697,0.30,0.30
2007.11.09 09:53:21.838,0.6969,0.697,0.30,0.30
2007.11.09 09:53:22.170,0.6969,0.697,0.30,0.30
2007.11.09 09:53:22.504,0.6969,0.697,0.30,0.30
2007.11.09 09:53:23.068,0.6969,0.697,0.30,0.30
2007.11.09 09:53:23.588,0.6969,0.697,0.30,0.30
2007.11.09 09:53:23.963,0.6969,0.697,0.30,0.30
2007.11.09 09:53:24.260,0.6969,0.697,0.30,0.30
2007.11.09 09:53:24.495,0.6969,0.697,0.30,0.30
2007.11.09 09:53:24.828,0.6969,0.697,0.30,0.30
2007.11.09 09:53:25.224,0.6969,0.697,0.30,0.30
2007.11.09 09:53:25.899,0.6969,0.697,0.30,0.30
2007.11.09 09:53:26.103,0.6969,0.697,0.30,0.30
2007.11.09 09:53:26.307,0.6969,0.697,0.30,0.30
2007.11.09 09:53:26.511,0.6969,0.697,0.30,0.30
2007.11.09 09:53:27.170,0.6969,0.697,0.30,0.30
2007.11.09 09:53:28.212,0.6969,0.697,0.30,0.30
2007.11.09 09:53:28.446,0.6969,0.697,0.30,0.30
2007.11.09 09:53:28.680,0.6969,0.697,0.30,0.30
2007.11.09 09:53:29.013,0.6969,0.697,0.30,0.30
2007.11.09 09:53:29.346,0.6969,0.697,0.30,0.30
2007.11.09 09:53:29.681,0.6969,0.697,0.30,0.30
2007.11.09 09:53:30.014,0.6969,0.697,0.30,0.30
2007.11.09 09:53:30.348,0.6969,0.697,0.30,0.30
2007.11.09 09:53:30.680,0.6969,0.697,0.30,0.30
2007.11.09 09:53:30.894,0.6969,0.697,0.30,0.30
2007.11.09 09:53:30.920,0.69685,0.697,37.10,0.30
2007.11.09 09:53:31.115,0.69685,0.697,37.10,0.30
2007.11.09 09:53:31.329,0.6969,0.697,0.30,0.30
2007.11.09 09:53:31.791,0.69685,0.697,33.10,0.30
2007.11.09 09:53:32.104,0.69685,0.697,29.10,0.30
2007.11.09 09:53:32.416,0.6969,0.697,0.30,0.30
2007.11.09 09:53:32.729,0.69685,0.697,29.10,0.30
2007.11.09 09:53:33.195,0.6969,0.697,0.30,0.30
2007.11.09 09:53:33.458,0.69685,0.697,29.10,0.30
2007.11.09 09:53:34.451,0.69685,0.697,29.10,0.30
2007.11.09 09:53:34.966,0.6969,0.697,0.30,0.30
2007.11.09 09:53:36.218,0.69685,0.697,29.10,0.30
2007.11.09 09:53:38.467,0.6969,0.697,0.30,0.30
2007.11.09 09:53:38.987,0.6969,0.697,0.30,0.30
2007.11.09 09:53:39.319,0.6969,0.697,0.30,0.30
2007.11.09 09:53:41.336,0.69685,0.697,29.10,0.30
2007.11.09 09:53:41.602,0.69685,0.697,29.10,0.30
2007.11.09 09:53:41.847,0.69685,0.697,18.70,0.30
2007.11.09 09:53:42.090,0.6969,0.697,0.30,1.00
2007.11.09 09:53:42.334,0.6968,0.697,22.60,1.00
2007.11.09 09:53:42.589,0.6968,0.697,22.60,0.30
2007.11.09 09:53:42.832,0.6968,0.697,4.30,0.30
2007.11.09 09:53:43.075,0.6968,0.697,4.30,0.30
2007.11.09 09:53:43.364,0.6968,0.69695,4.30,4.00
2007.11.09 09:53:43.652,0.69685,0.697,1.30,0.30
2007.11.09 09:53:44.076,0.69685,0.697,1.20,0.30
2007.11.09 09:53:44.363,0.69685,0.697,13.10,0.30
2007.11.09 09:53:44.697,0.6969,0.69695,0.30,4.00
2007.11.09 09:53:45.030,0.69685,0.69695,0.60,4.00
2007.11.09 09:53:45.364,0.69685,0.69695,0.30,4.00
2007.11.09 09:53:45.606,0.6968,0.69695,13.00,4.00
2007.11.09 09:53:45.849,0.6968,0.697,13.00,0.30
2007.11.09 09:53:46.093,0.6968,0.697,13.00,1.00
2007.11.09 09:53:46.337,0.69685,0.697,3.70,4.20
2007.11.09 09:53:46.616,0.69685,0.697,2.50,4.20
2007.11.09 09:53:46.923,0.6968,0.697,13.00,4.20
2007.11.09 09:53:47.246,0.6968,0.697,13.00,4.20
2007.11.09 09:53:47.485,0.6968,0.697,13.00,4.20
2007.11.09 09:53:47.769,0.6968,0.697,13.00,4.20
2007.11.09 09:53:48.189,0.69685,0.697,0.80,4.20
2007.11.09 09:53:48.491,0.6968,0.697,13.00,4.20
2007.11.09 09:53:48.663,0.6968,0.69695,4.30,4.00
2007.11.09 09:53:48.836,0.6968,0.69695,4.30,4.00
2007.11.09 09:53:49.010,0.6968,0.69695,4.30,4.00
2007.11.09 09:53:49.184,0.6968,0.69695,4.30,4.00
2007.11.09 09:53:49.357,0.6968,0.69695,4.30,4.00
2007.11.09 09:53:49.691,0.6968,0.69695,0.30,4.20
2007.11.09 09:53:50.025,0.69675,0.6969,12.30,0.30
2007.11.09 09:53:50.360,0.69675,0.6969,1.50,0.30
2007.11.09 09:53:50.588,0.6967,0.6969,20.20,0.30
2007.11.09 09:53:50.817,0.69675,0.6969,6.30,0.30
2007.11.09 09:53:51.045,0.69675,0.6969,3.00,0.30
2007.11.09 09:53:51.273,0.6967,0.6969,10.90,4.20
2007.11.09 09:53:51.566,0.6967,0.6969,18.90,4.20
2007.11.09 09:53:51.859,0.6967,0.6969,18.90,4.20
2007.11.09 09:53:51.965,0.6967,0.69695,33.80,79.30
2007.11.09 09:53:52.153,0.6967,0.69695,10.90,80.90
2007.11.09 09:53:52.446,0.6967,0.69695,18.90,92.90
2007.11.09 09:53:52.943,0.69675,0.6969,0.80,0.60
2007.11.09 09:53:53.218,0.69675,0.6969,0.80,0.80
2007.11.09 09:53:53.492,0.6967,0.69695,18.90,80.90
2007.11.09 09:53:54.203,0.69675,0.6969,0.70,0.50
2007.11.09 09:53:54.467,0.69675,0.6969,0.70,0.80
2007.11.09 09:53:54.800,0.6967,0.69695,18.90,79.30
2007.11.09 09:53:55.141,0.6967,0.69695,11.70,80.90
2007.11.09 09:53:55.475,0.6967,0.69695,18.90,80.90
2007.11.09 09:53:55.712,0.6967,0.69695,19.70,80.90
2007.11.09 09:53:55.950,0.69675,0.6969,0.70,0.70
2007.11.09 09:53:56.199,0.69675,0.6969,0.70,0.50
2007.11.09 09:53:56.428,0.69675,0.6969,0.80,0.80
2007.11.09 09:53:56.743,0.69675,0.6969,0.70,0.50
2007.11.09 09:53:57.056,0.6967,0.69695,14.90,92.90
2007.11.09 09:53:57.370,0.6967,0.69695,6.90,92.90
2007.11.09 09:53:57.588,0.6967,0.69695,14.90,93.70
2007.11.09 09:53:57.807,0.6967,0.69695,14.90,92.90
2007.11.09 09:53:58.025,0.69675,0.6969,14.90,0.60
2007.11.09 09:53:58.430,0.69675,0.6969,14.90,0.50
2007.11.09 09:53:58.723,0.69675,0.69695,14.90,92.90
2007.11.09 09:54:00.726,0.69675,0.69695,14.90,92.90
2007.11.09 09:54:00.878,0.69675,0.69695,14.90,92.90
2007.11.09 09:54:01.032,0.69675,0.69695,6.90,92.90
2007.11.09 09:54:01.459,0.69675,0.6969,6.90,0.60
2007.11.09 09:54:01.728,0.69675,0.6969,2.90,0.50
2007.11.09 09:54:02.037,0.69675,0.6969,2.90,0.70
2007.11.09 09:54:02.345,0.69675,0.6969,10.90,0.90
2007.11.09 09:54:02.653,0.69675,0.6969,2.90,0.70
2007.11.09 09:54:02.883,0.69675,0.6969,2.90,0.90
2007.11.09 09:54:03.112,0.69675,0.69695,10.90,96.90
2007.11.09 09:54:03.452,0.69675,0.6969,2.90,0.60
2007.11.09 09:54:03.681,0.69675,0.69695,2.90,96.90
2007.11.09 09:54:03.954,0.69675,0.69695,2.90,96.90
2007.11.09 09:54:04.239,0.69675,0.6969,2.90,0.80
2007.11.09 09:54:04.513,0.69675,0.69695,2.90,96.90
2007.11.09 09:54:04.846,0.69675,0.69695,2.90,96.90
2007.11.09 09:54:05.186,0.69675,0.69695,2.90,96.90
2007.11.09 09:54:05.512,0.69675,0.69695,10.90,95.30
2007.11.09 09:54:05.710,0.69675,0.69695,6.90,92.90
2007.11.09 09:54:06.024,0.69675,0.6969,6.90,0.80
2007.11.09 09:54:06.312,0.69675,0.6969,14.90,0.80
2007.11.09 09:54:06.519,0.69675,0.69695,14.90,92.90
2007.11.09 09:54:06.807,0.69675,0.69695,14.90,80.90
2007.11.09 09:54:07.097,0.69675,0.6969,14.90,0.60
2007.11.09 09:54:07.388,0.69675,0.69695,14.90,80.90
2007.11.09 09:54:07.777,0.69675,0.69695,14.90,80.90
2007.11.09 09:54:08.601,0.69675,0.69695,14.90,80.90
2007.11.09 09:54:08.865,0.69675,0.69695,14.90,92.90
2007.11.09 09:54:09.129,0.69675,0.69695,2.90,94.50
2007.11.09 09:54:09.393,0.69675,0.6969,2.90,0.90
2007.11.09 09:54:10.365,0.69675,0.69695,2.90,94.50
2007.11.09 09:54:10.705,0.69675,0.69695,14.90,92.90
2007.11.09 09:54:10.841,0.69675,0.69695,14.90,92.90
2007.11.09 09:54:13.602,0.69675,0.69695,14.90,92.90
2007.11.09 09:54:15.662,0.69675,0.6969,14.90,0.80
2007.11.09 09:54:17.308,0.69675,0.6969,14.90,0.70
2007.11.09 09:54:17.721,0.69675,0.69695,14.90,92.90
2007.11.09 09:54:17.874,0.69675,0.6969,14.90,0.90
2007.11.09 09:54:18.207,0.69675,0.6969,14.90,0.50
2007.11.09 09:54:18.698,0.69675,0.6969,14.90,0.80
2007.11.09 09:54:19.030,0.69675,0.69695,14.90,93.00
2007.11.09 09:54:19.364,0.69675,0.69695,6.90,91.40
2007.11.09 09:54:19.651,0.6967,0.6969,10.90,0.30
2007.11.09 09:54:19.791,0.6967,0.6969,10.90,0.30
2007.11.09 09:54:20.123,0.69675,0.69695,3.50,91.10
2007.11.09 09:54:20.352,0.6967,0.69695,18.60,91.10
2007.11.09 09:54:20.580,0.6967,0.69695,18.60,91.10
2007.11.09 09:54:21.219,0.6967,0.69695,18.60,91.10
2007.11.09 09:54:21.447,0.6967,0.69695,11.40,92.70
2007.11.09 09:54:21.754,0.6967,0.69695,11.40,80.70
2007.11.09 09:54:22.163,0.69675,0.69695,2.90,79.90
2007.11.09 09:54:22.461,0.6967,0.69695,20.20,79.90
2007.11.09 09:54:22.759,0.69675,0.69695,4.30,79.90
2007.11.09 09:54:23.057,0.6967,0.69685,6.10,0.30
2007.11.09 09:54:23.277,0.6967,0.69685,2.10,0.30
2007.11.09 09:54:23.495,0.6967,0.69685,2.20,0.30
2007.11.09 09:54:23.713,0.6967,0.69685,1.40,0.30
2007.11.09 09:54:23.932,0.6967,0.69685,4.60,0.30
2007.11.09 09:54:24.294,0.69675,0.69685,0.60,0.30
2007.11.09 09:54:24.826,0.6967,0.69685,4.60,0.30
2007.11.09 09:54:25.158,0.69675,0.69685,0.30,6.60
2007.11.09 09:54:25.382,0.6967,0.69685,0.60,0.30
2007.11.09 09:54:25.604,0.69675,0.69685,0.30,0.30
2007.11.09 09:54:25.827,0.6967,0.69685,2.10,0.30
2007.11.09 09:54:26.051,0.6967,0.69685,0.60,0.30
2007.11.09 09:54:26.369,0.6967,0.69685,0.60,0.30
2007.11.09 09:54:26.718,0.69675,0.69685,0.30,0.30
2007.11.09 09:54:27.143,0.69675,0.69685,0.10,0.30
2007.11.09 09:54:27.346,0.6967,0.69685,0.40,0.30
2007.11.09 09:54:28.588,0.6967,0.69685,0.40,6.60
2007.11.09 09:54:28.907,0.69675,0.69685,0.10,10.60
2007.11.09 09:54:29.225,0.6967,0.69685,0.40,8.20
2007.11.09 09:54:29.558,0.6967,0.69685,0.30,10.60
2007.11.09 09:54:29.891,0.69665,0.69685,51.50,10.60
2007.11.09 09:54:30.224,0.69665,0.69685,51.50,10.60
2007.11.09 09:54:30.714,0.69665,0.69685,51.50,10.60
2007.11.09 09:54:31.007,0.6967,0.69685,0.30,8.20
2007.11.09 09:54:31.232,0.69665,0.69685,57.10,8.20
2007.11.09 09:54:31.444,0.69665,0.69685,55.50,8.20
2007.11.09 09:54:31.658,0.6967,0.69685,0.30,8.20
2007.11.09 09:54:31.871,0.69665,0.69685,55.50,8.20
2007.11.09 09:54:32.174,0.69665,0.69685,56.30,8.20
2007.11.09 09:54:32.388,0.69665,0.69685,57.10,8.20
2007.11.09 09:54:32.737,0.6967,0.69685,0.30,4.20
2007.11.09 09:54:33.192,0.69665,0.69685,57.10,8.20
2007.11.09 09:54:33.526,0.6967,0.69685,0.30,8.20
2007.11.09 09:54:34.518,0.69665,0.69685,57.10,8.20
2007.11.09 09:54:36.693,0.6967,0.69685,0.30,8.20
2007.11.09 09:54:36.970,0.69665,0.69685,56.30,8.20
2007.11.09 09:54:37.253,0.69665,0.69685,57.10,10.60
2007.11.09 09:54:38.299,0.6967,0.69685,0.30,10.60
2007.11.09 09:54:38.579,0.69665,0.69685,57.10,8.20
2007.11.09 09:54:38.844,0.6967,0.69685,0.30,8.20
2007.11.09 09:54:39.107,0.69665,0.69685,57.10,8.20
2007.11.09 09:54:39.708,0.6967,0.69685,0.30,8.20
2007.11.09 09:54:40.537,0.6967,0.69685,0.30,8.20
2007.11.09 09:54:41.985,0.6967,0.69685,0.30,8.20
2007.11.09 09:54:42.864,0.69665,0.69685,56.30,8.20
2007.11.09 09:54:43.032,0.69665,0.69685,55.50,8.20
2007.11.09 09:54:43.362,0.69665,0.69685,48.30,26.60
2007.11.09 09:54:43.530,0.69665,0.69685,51.50,26.60
2007.11.09 09:54:43.700,0.6967,0.69685,0.30,22.60
2007.11.09 09:54:43.869,0.69665,0.69685,45.90,16.20
2007.11.09 09:54:44.202,0.69665,0.69685,45.10,24.20
2007.11.09 09:54:44.535,0.6967,0.69685,0.30,29.00
2007.11.09 09:54:44.870,0.69665,0.6968,40.30,0.30
2007.11.09 09:54:44.994,0.69665,0.6968,13.00,0.30
2007.11.09 09:54:45.117,0.69665,0.6968,5.60,0.30
2007.11.09 09:54:45.240,0.6966,0.6968,13.10,0.30
2007.11.09 09:54:45.363,0.6966,0.6968,9.10,0.30
2007.11.09 09:54:45.521,0.69665,0.6968,0.30,0.30
2007.11.09 09:54:46.244,0.6966,0.6968,9.10,0.30
2007.11.09 09:54:47.145,0.69665,0.6968,0.30,0.30
2007.11.09 09:54:47.278,0.69665,0.6968,0.30,0.30
2007.11.09 09:54:47.966,0.69665,0.6968,0.30,0.30
2007.11.09 09:54:48.196,0.69665,0.6968,0.30,0.30
2007.11.09 09:54:48.602,0.69665,0.6968,0.30,0.30
2007.11.09 09:54:49.247,0.69665,0.6968,0.30,0.30
2007.11.09 09:54:49.581,0.69665,0.6968,0.30,0.30
2007.11.09 09:54:49.915,0.69665,0.6968,0.30,0.30
2007.11.09 09:54:50.250,0.69665,0.69675,0.30,0.30
2007.11.09 09:54:50.439,0.69665,0.69675,0.30,0.30
2007.11.09 09:54:50.627,0.69665,0.6968,8.20,4.20
2007.11.09 09:54:50.816,0.69665,0.6968,14.60,0.30
2007.11.09 09:54:51.005,0.69665,0.6968,14.60,0.30
2007.11.09 09:54:51.337,0.69665,0.6968,14.60,0.30
2007.11.09 09:54:51.670,0.69665,0.6968,14.60,0.30
2007.11.09 09:54:52.003,0.69665,0.6968,14.60,0.30
2007.11.09 09:54:52.754,0.69665,0.6968,10.60,0.30
2007.11.09 09:54:52.978,0.69665,0.6968,10.60,0.30
2007.11.09 09:54:53.239,0.69665,0.6968,2.60,0.30
2007.11.09 09:54:53.497,0.69665,0.6968,0.30,0.30
2007.11.09 09:54:53.755,0.69665,0.6968,0.30,0.30
2007.11.09 09:54:54.013,0.69665,0.6968,14.60,0.30
2007.11.09 09:54:54.271,0.69665,0.6968,2.60,0.30
2007.11.09 09:54:54.604,0.69665,0.6968,0.30,0.30
2007.11.09 09:54:54.937,0.69665,0.6968,0.30,0.30
2007.11.09 09:54:55.271,0.69665,0.6968,0.30,0.30
2007.11.09 09:54:55.485,0.69665,0.6968,0.30,0.30
2007.11.09 09:54:55.700,0.69665,0.6968,0.30,0.30
2007.11.09 09:54:55.911,0.69665,0.6968,0.30,0.30
2007.11.09 09:54:56.133,0.69665,0.6968,0.30,0.30
2007.11.09 09:54:56.382,0.69665,0.6968,0.30,0.30
2007.11.09 09:54:56.629,0.69665,0.6968,0.30,0.30
2007.11.09 09:54:57.302,0.69665,0.6968,0.30,0.30
2007.11.09 09:54:57.550,0.69665,0.6968,0.30,0.30
2007.11.09 09:54:57.767,0.69665,0.6968,0.30,0.30
2007.11.09 09:54:57.929,0.69665,0.6968,0.30,0.30
2007.11.09 09:54:58.093,0.69665,0.6968,0.30,0.30
2007.11.09 09:54:58.596,0.69665,0.6968,0.30,0.30
2007.11.09 09:54:58.880,0.69665,0.6968,0.30,0.30
2007.11.09 09:54:59.164,0.69665,0.6968,0.30,0.30
2007.11.09 09:54:59.497,0.69665,0.6968,0.30,0.30
2007.11.09 09:55:00.264,0.69665,0.6968,0.30,0.30
2007.11.09 09:55:02.300,0.69665,0.6968,0.30,0.30
2007.11.09 09:55:02.543,0.69665,0.6968,0.30,0.30
2007.11.09 09:55:02.786,0.69665,0.6968,12.20,0.30
2007.11.09 09:55:03.029,0.69665,0.6968,16.20,0.30
2007.11.09 09:55:03.273,0.69665,0.6968,15.40,0.30
2007.11.09 09:55:03.529,0.69665,0.6968,14.60,0.30
2007.11.09 09:55:03.773,0.69665,0.6968,14.60,0.30
2007.11.09 09:55:04.015,0.69665,0.6968,14.60,0.30
2007.11.09 09:55:04.259,0.69665,0.6968,10.60,0.30
2007.11.09 09:55:04.599,0.69665,0.6968,14.60,0.30
2007.11.09 09:55:04.880,0.69665,0.6968,0.60,0.30
2007.11.09 09:55:04.933,0.69665,0.6968,5.90,0.30
2007.11.09 09:55:05.266,0.6966,0.6968,24.20,0.30
2007.11.09 09:55:05.485,0.69665,0.6968,0.30,0.30
2007.11.09 09:55:05.707,0.69665,0.6968,0.30,0.30
2007.11.09 09:55:05.926,0.6966,0.6968,13.10,0.30
2007.11.09 09:55:06.144,0.6966,0.6968,14.70,0.30
2007.11.09 09:55:06.517,0.6966,0.6968,22.60,0.30
2007.11.09 09:55:06.825,0.69665,0.6968,1.90,0.30
2007.11.09 09:55:07.140,0.69665,0.6968,5.60,0.30
2007.11.09 09:55:07.551,0.6966,0.6968,25.00,0.30
2007.11.09 09:55:08.057,0.6966,0.6968,25.00,0.30
2007.11.09 09:55:08.493,0.69665,0.6968,1.10,0.30
2007.11.09 09:55:08.924,0.6966,0.6968,25.00,0.30
2007.11.09 09:55:09.128,0.69665,0.6968,2.10,0.30
2007.11.09 09:55:09.332,0.69665,0.6968,1.60,0.30
2007.11.09 09:55:09.818,0.69665,0.6968,3.60,0.30
2007.11.09 09:55:10.144,0.6966,0.6968,29.00,0.30
2007.11.09 09:55:10.478,0.6966,0.6968,29.00,0.30
2007.11.09 09:55:11.272,0.69665,0.6968,5.10,0.30
2007.11.09 09:55:11.815,0.6966,0.6968,29.00,0.30
2007.11.09 09:55:12.127,0.69665,0.6968,4.50,0.30
2007.11.09 09:55:13.074,0.6966,0.6968,18.60,0.30
2007.11.09 09:55:13.596,0.6966,0.6968,18.60,0.30
2007.11.09 09:55:13.808,0.6966,0.69675,18.60,0.30
2007.11.09 09:55:14.021,0.6966,0.69675,18.60,4.20
2007.11.09 09:55:15.062,0.6966,0.69675,10.60,4.20
2007.11.09 09:55:15.397,0.69665,0.69675,0.30,0.30
2007.11.09 09:55:15.729,0.6966,0.69675,6.70,0.30
2007.11.09 09:55:15.947,0.6966,0.69675,6.70,0.30
2007.11.09 09:55:16.185,0.6966,0.69675,0.30,6.60
2007.11.09 09:55:16.403,0.6966,0.69675,0.30,10.60
2007.11.09 09:55:16.622,0.69655,0.69675,62.60,8.20
2007.11.09 09:55:16.925,0.69655,0.69675,62.60,8.20
2007.11.09 09:55:17.229,0.69655,0.69675,62.60,0.30
2007.11.09 09:55:17.533,0.69655,0.69675,62.60,8.20
2007.11.09 09:55:17.817,0.69665,0.69675,0.30,4.20
2007.11.09 09:55:18.316,0.69655,0.69675,62.60,4.20
2007.11.09 09:55:18.742,0.69655,0.69675,62.60,4.20
2007.11.09 09:55:19.714,0.69665,0.69675,0.30,4.20
2007.11.09 09:55:20.047,0.69655,0.69675,66.60,0.30
2007.11.09 09:55:20.453,0.69655,0.69675,66.60,0.30
2007.11.09 09:55:21.063,0.69665,0.69675,0.30,0.30
2007.11.09 09:55:21.263,0.69665,0.69675,0.30,0.30
2007.11.09 09:55:21.466,0.69665,0.69675,0.30,0.30
2007.11.09 09:55:22.071,0.69655,0.69675,67.40,0.30
2007.11.09 09:55:22.404,0.69665,0.69675,0.30,0.30
2007.11.09 09:55:22.738,0.69655,0.69675,68.20,0.30
2007.11.09 09:55:23.072,0.69665,0.69675,0.30,4.20
2007.11.09 09:55:23.296,0.69665,0.69675,0.30,4.20
2007.11.09 09:55:23.520,0.69655,0.69675,70.60,4.20
2007.11.09 09:55:23.743,0.69655,0.69675,66.60,0.30
2007.11.09 09:55:23.966,0.69655,0.69675,70.60,0.30
2007.11.09 09:55:24.299,0.69655,0.69675,70.60,0.30
2007.11.09 09:55:25.292,0.69655,0.69675,70.60,0.30
2007.11.09 09:55:25.487,0.69655,0.69675,69.80,0.30
2007.11.09 09:55:25.681,0.69665,0.69675,0.30,0.30
2007.11.09 09:55:25.874,0.69665,0.69675,0.30,0.30
2007.11.09 09:55:26.203,0.69665,0.69675,0.30,4.20
2007.11.09 09:55:26.605,0.69655,0.69675,65.80,4.20
2007.11.09 09:55:26.934,0.69665,0.69675,0.30,0.30
2007.11.09 09:55:27.157,0.69655,0.69675,72.20,0.30
2007.11.09 09:55:27.380,0.69665,0.69675,0.30,0.30
2007.11.09 09:55:27.603,0.69655,0.69675,75.10,0.30
2007.11.09 09:55:27.827,0.69655,0.69675,71.50,0.30
2007.11.09 09:55:28.051,0.69655,0.69675,71.50,0.30
2007.11.09 09:55:28.295,0.69655,0.69675,68.00,4.20
2007.11.09 09:55:28.646,0.69665,0.69675,0.30,4.20
2007.11.09 09:55:28.877,0.69655,0.69675,68.70,0.30
2007.11.09 09:55:29.120,0.69655,0.69675,69.50,0.30
2007.11.09 09:55:29.996,0.69665,0.69675,0.30,0.30
2007.11.09 09:55:30.608,0.69665,0.69675,0.30,0.30
2007.11.09 09:55:30.811,0.69665,0.69675,0.30,0.30
2007.11.09 09:55:31.235,0.6966,0.69675,8.30,0.30
2007.11.09 09:55:32.278,0.69665,0.69675,0.30,0.30
2007.11.09 09:55:33.597,0.69665,0.69675,0.30,0.30
2007.11.09 09:55:33.840,0.69665,0.69675,0.30,0.30
2007.11.09 09:55:34.084,0.69665,0.69675,0.30,0.30
2007.11.09 09:55:34.328,0.69665,0.69675,0.30,0.30
2007.11.09 09:55:34.661,0.69665,0.69675,0.30,0.30
2007.11.09 09:55:34.995,0.69665,0.69675,0.30,0.30
2007.11.09 09:55:35.329,0.69665,0.69675,0.30,0.30
2007.11.09 09:55:35.565,0.69665,0.69675,0.30,0.30
2007.11.09 09:55:35.995,0.69665,0.69675,0.30,0.30
2007.11.09 09:55:36.223,0.69665,0.69675,0.30,0.30
2007.11.09 09:55:36.461,0.69665,0.69675,0.30,0.30
2007.11.09 09:55:36.700,0.69665,0.6968,2.60,4.20
2007.11.09 09:55:36.939,0.69665,0.6968,2.60,0.30
2007.11.09 09:55:37.178,0.69665,0.6968,2.60,0.30
2007.11.09 09:55:37.488,0.69665,0.6968,0.30,0.30
2007.11.09 09:55:37.784,0.69665,0.6968,0.30,0.30
2007.11.09 09:55:38.086,0.69665,0.6968,0.30,4.20
2007.11.09 09:55:38.390,0.69665,0.6968,2.60,4.20
2007.11.09 09:55:38.633,0.69665,0.6968,2.60,4.20
2007.11.09 09:55:38.958,0.69665,0.6968,2.60,4.20
2007.11.09 09:55:39.192,0.69665,0.69675,2.60,0.30
2007.11.09 09:55:39.425,0.69665,0.69675,0.30,0.30
2007.11.09 09:55:39.758,0.69665,0.69675,0.30,0.30
2007.11.09 09:55:40.090,0.69665,0.69675,0.30,0.30
2007.11.09 09:55:40.423,0.69665,0.69675,0.30,0.30
2007.11.09 09:55:40.756,0.69665,0.69675,0.30,0.30
2007.11.09 09:55:41.069,0.69665,0.69675,0.30,0.30
2007.11.09 09:55:41.285,0.69665,0.69675,0.30,0.30
2007.11.09 09:55:42.323,0.69665,0.69675,0.30,0.30
2007.11.09 09:55:42.794,0.69665,0.69675,0.30,0.30
2007.11.09 09:55:43.022,0.69665,0.69675,0.30,0.30
2007.11.09 09:55:43.250,0.69665,0.69675,0.30,4.20
2007.11.09 09:55:43.478,0.69665,0.69675,0.30,4.20
2007.11.09 09:55:43.766,0.69665,0.69675,0.30,0.30
2007.11.09 09:55:44.055,0.69665,0.69675,0.30,0.30
2007.11.09 09:55:44.609,0.6966,0.69675,8.20,0.30
2007.11.09 09:55:44.951,0.6966,0.69675,0.30,10.60
2007.11.09 09:55:45.724,0.6966,0.69675,0.30,10.60
2007.11.09 09:55:46.032,0.6966,0.69675,0.30,10.60
2007.11.09 09:55:46.767,0.6966,0.69675,0.30,10.60
2007.11.09 09:55:47.025,0.6966,0.69675,0.30,10.60
2007.11.09 09:55:47.722,0.6966,0.69675,0.30,10.60
2007.11.09 09:55:47.931,0.6966,0.69675,0.30,10.60
2007.11.09 09:55:48.139,0.6966,0.69675,8.20,6.60
2007.11.09 09:55:48.348,0.69665,0.69675,0.30,0.30
2007.11.09 09:55:48.682,0.69665,0.69675,0.30,0.30
2007.11.09 09:55:49.015,0.69665,0.69675,0.30,0.30
2007.11.09 09:55:49.349,0.69665,0.69675,0.30,0.30
2007.11.09 09:55:50.519,0.69665,0.69675,0.30,0.30
2007.11.09 09:55:50.727,0.69665,0.69675,0.30,0.30
2007.11.09 09:55:51.052,0.69665,0.69675,0.30,0.30
2007.11.09 09:55:51.427,0.69665,0.69675,0.30,0.30
2007.11.09 09:55:51.837,0.69665,0.69675,0.30,0.30
2007.11.09 09:55:52.300,0.69665,0.69675,0.30,0.30
2007.11.09 09:55:52.621,0.69665,0.69675,0.30,0.30
2007.11.09 09:55:53.163,0.69665,0.69675,4.20,0.30
2007.11.09 09:55:53.353,0.69665,0.69675,0.30,0.30
2007.11.09 09:55:53.542,0.69665,0.69675,0.30,0.30
2007.11.09 09:55:53.860,0.69665,0.69675,0.30,0.30
2007.11.09 09:55:54.298,0.69665,0.69675,0.30,0.30
2007.11.09 09:55:54.617,0.69665,0.69675,0.30,0.30
2007.11.09 09:55:55.476,0.69665,0.69675,0.30,0.30
2007.11.09 09:55:55.504,0.69665,0.69675,0.30,0.30
2007.11.09 09:55:56.220,0.69665,0.69675,0.30,0.30
2007.11.09 09:55:57.251,0.69665,0.69675,0.30,0.30
2007.11.09 09:55:57.587,0.69665,0.69675,12.20,0.30
2007.11.09 09:55:57.816,0.6967,0.69685,0.30,53.80
2007.11.09 09:55:58.044,0.6967,0.69685,0.30,28.20
2007.11.09 09:55:58.272,0.69665,0.6968,22.60,0.30
2007.11.09 09:55:58.501,0.69665,0.6968,4.20,0.30
2007.11.09 09:55:58.729,0.69665,0.6968,0.30,0.30
2007.11.09 09:55:59.035,0.69665,0.6968,0.30,0.30
2007.11.09 09:55:59.293,0.69665,0.6968,4.20,0.30
2007.11.09 09:55:59.552,0.69665,0.6968,17.00,0.30
2007.11.09 09:56:00.111,0.69665,0.6968,16.20,0.30
2007.11.09 09:56:00.445,0.69665,0.69675,0.30,4.00
2007.11.09 09:56:00.778,0.69665,0.6968,0.30,0.30
2007.11.09 09:56:01.001,0.69665,0.6968,0.30,0.30
2007.11.09 09:56:01.224,0.69665,0.6968,0.30,0.30
2007.11.09 09:56:01.447,0.69665,0.6968,0.30,0.30
2007.11.09 09:56:01.670,0.69665,0.6968,1.00,0.30
2007.11.09 09:56:01.963,0.69665,0.6968,1.00,0.30
2007.11.09 09:56:02.256,0.69665,0.69675,9.00,0.30
2007.11.09 09:56:02.549,0.69665,0.69675,5.00,0.30
2007.11.09 09:56:02.843,0.69665,0.69675,5.00,0.30
2007.11.09 09:56:03.086,0.69665,0.69675,5.00,0.30
2007.11.09 09:56:03.329,0.6967,0.6968,0.30,0.30
2007.11.09 09:56:03.659,0.6967,0.6968,0.30,0.30
2007.11.09 09:56:03.831,0.6967,0.6968,0.30,0.30
2007.11.09 09:56:04.252,0.6967,0.6968,0.30,0.30
2007.11.09 09:56:04.424,0.6967,0.6968,0.30,0.30
2007.11.09 09:56:04.597,0.6967,0.6968,0.30,0.30
2007.11.09 09:56:04.770,0.6967,0.6968,0.30,0.30
2007.11.09 09:56:05.103,0.6967,0.6968,0.30,0.30
2007.11.09 09:56:05.437,0.6967,0.6968,0.30,0.30
2007.11.09 09:56:06.554,0.6967,0.6968,0.30,0.30
2007.11.09 09:56:07.078,0.6967,0.6968,0.30,0.30
2007.11.09 09:56:08.293,0.6967,0.6968,0.30,0.30
2007.11.09 09:56:08.617,0.6967,0.6968,0.30,0.30
2007.11.09 09:56:08.854,0.6967,0.6968,0.30,0.30
2007.11.09 09:56:09.187,0.6967,0.6968,0.30,0.30
2007.11.09 09:56:09.521,0.6967,0.69685,0.30,17.80
2007.11.09 09:56:09.855,0.6967,0.69685,0.30,18.60
2007.11.09 09:56:10.064,0.6967,0.69685,0.30,18.60
2007.11.09 09:56:10.273,0.6967,0.69685,0.30,18.60
2007.11.09 09:56:10.481,0.6967,0.69685,0.30,18.60
2007.11.09 09:56:10.767,0.6967,0.69685,0.30,22.60
2007.11.09 09:56:10.978,0.6967,0.69685,0.30,22.60
2007.11.09 09:56:11.317,0.6967,0.69685,0.30,22.60
2007.11.09 09:56:11.606,0.6967,0.69685,0.30,28.20
2007.11.09 09:56:11.895,0.6967,0.69685,0.30,28.20
2007.11.09 09:56:12.234,0.6967,0.69685,0.30,26.60
2007.11.09 09:56:12.497,0.6967,0.69685,0.30,26.60
2007.11.09 09:56:12.759,0.6967,0.69685,0.30,26.60
2007.11.09 09:56:13.023,0.6967,0.69685,0.30,22.60
2007.11.09 09:56:13.592,0.6967,0.69685,0.30,22.60
2007.11.09 09:56:14.033,0.6967,0.69685,0.30,22.60
2007.11.09 09:56:14.368,0.6967,0.69685,0.30,22.60
2007.11.09 09:56:14.701,0.6967,0.69685,0.30,22.60
2007.11.09 09:56:15.034,0.6967,0.69685,0.30,20.20
2007.11.09 09:56:15.282,0.6967,0.69685,0.30,20.20
2007.11.09 09:56:15.490,0.6967,0.69685,0.30,20.20
2007.11.09 09:56:16.505,0.6967,0.69685,0.30,20.20
2007.11.09 09:56:16.764,0.6967,0.69685,0.30,20.20
2007.11.09 09:56:17.751,0.6967,0.69685,0.30,20.20
2007.11.09 09:56:17.995,0.6967,0.69685,0.30,20.20
2007.11.09 09:56:18.238,0.6967,0.6968,0.30,0.30
2007.11.09 09:56:18.487,0.6967,0.6968,0.30,0.30
2007.11.09 09:56:18.735,0.6967,0.6968,0.30,0.30
2007.11.09 09:56:18.984,0.6967,0.6968,0.30,0.30
2007.11.09 09:56:19.232,0.6967,0.6968,0.30,0.30
2007.11.09 09:56:19.565,0.6967,0.6968,0.30,0.30
2007.11.09 09:56:19.897,0.6967,0.6968,0.30,0.30
2007.11.09 09:56:20.230,0.6967,0.6968,0.30,0.30
2007.11.09 09:56:20.453,0.6967,0.6968,0.30,0.30
2007.11.09 09:56:20.878,0.6967,0.6968,0.30,0.30
2007.11.09 09:56:21.176,0.6967,0.6968,0.30,0.30
2007.11.09 09:56:21.440,0.6967,0.6968,0.30,0.30
2007.11.09 09:56:21.704,0.6967,0.6968,0.30,0.30
2007.11.09 09:56:21.968,0.6967,0.6968,0.30,0.30
2007.11.09 09:56:22.321,0.6967,0.6968,0.30,0.30
2007.11.09 09:56:22.549,0.6967,0.6968,0.30,0.30
2007.11.09 09:56:22.807,0.6967,0.6968,0.30,0.30
2007.11.09 09:56:23.234,0.6967,0.6968,0.30,0.30
2007.11.09 09:56:23.625,0.6967,0.6968,0.30,0.30
2007.11.09 09:56:23.945,0.6967,0.6968,0.30,0.30
2007.11.09 09:56:24.264,0.6967,0.6968,0.30,0.30
2007.11.09 09:56:24.596,0.6967,0.6968,0.30,0.30
2007.11.09 09:56:24.929,0.6967,0.6968,0.30,0.30
2007.11.09 09:56:25.263,0.6967,0.6968,0.30,0.30
2007.11.09 09:56:25.446,0.6967,0.6968,0.30,0.30
2007.11.09 09:56:25.630,0.6967,0.6968,0.30,0.30
2007.11.09 09:56:25.822,0.6967,0.6968,0.30,0.30
2007.11.09 09:56:25.998,0.6967,0.6968,0.30,0.30
2007.11.09 09:56:26.181,0.6967,0.6968,0.30,0.30
2007.11.09 09:56:26.364,0.6967,0.6968,0.30,0.30
2007.11.09 09:56:27.617,0.6967,0.6968,0.30,0.30
2007.11.09 09:56:28.435,0.6967,0.6968,0.30,0.30
2007.11.09 09:56:28.601,0.6967,0.6968,0.30,0.30
2007.11.09 09:56:29.762,0.6967,0.6968,0.30,0.30
2007.11.09 09:56:30.191,0.69665,0.6968,47.50,0.30
2007.11.09 09:56:30.271,0.6967,0.6968,0.30,0.30
2007.11.09 09:56:31.024,0.6967,0.6968,0.30,0.30
2007.11.09 09:56:31.553,0.6967,0.6968,0.30,0.30
2007.11.09 09:56:31.850,0.6967,0.6968,0.30,0.30
2007.11.09 09:56:32.243,0.6967,0.6968,0.30,0.30
2007.11.09 09:56:32.979,0.6967,0.6968,0.30,0.30
2007.11.09 09:56:33.604,0.6967,0.6968,0.30,0.30
2007.11.09 09:56:34.717,0.6967,0.6968,0.30,0.30
2007.11.09 09:56:35.054,0.6967,0.6968,0.30,0.30
2007.11.09 09:56:35.386,0.6967,0.6968,0.30,0.30
2007.11.09 09:56:35.720,0.6967,0.6968,0.30,0.30
2007.11.09 09:56:35.920,0.6967,0.6968,0.30,0.30
2007.11.09 09:56:36.312,0.6967,0.6968,0.30,0.30
2007.11.09 09:56:36.730,0.6967,0.6968,0.30,0.30
2007.11.09 09:56:37.216,0.6967,0.6968,0.30,0.30
2007.11.09 09:56:37.549,0.6967,0.6968,0.30,0.30
2007.11.09 09:56:37.882,0.6967,0.6968,0.30,0.30
2007.11.09 09:56:38.096,0.6967,0.6968,0.30,0.30
2007.11.09 09:56:38.308,0.6967,0.6968,0.30,0.30
2007.11.09 09:56:38.522,0.6967,0.6968,0.30,0.30
2007.11.09 09:56:38.812,0.6967,0.6968,0.30,0.30
2007.11.09 09:56:39.144,0.6967,0.6968,0.30,0.30
2007.11.09 09:56:39.537,0.6967,0.6968,0.30,0.30
2007.11.09 09:56:39.870,0.6967,0.6968,0.30,0.30
2007.11.09 09:56:40.203,0.6967,0.6968,0.30,0.30
2007.11.09 09:56:40.536,0.6967,0.6968,0.30,0.30
2007.11.09 09:56:41.006,0.6967,0.6968,0.30,0.30
2007.11.09 09:56:41.225,0.6967,0.6968,0.30,0.30
2007.11.09 09:56:41.749,0.6967,0.6968,0.30,0.30
2007.11.09 09:56:42.073,0.6967,0.6968,0.30,0.30
2007.11.09 09:56:43.004,0.6967,0.6968,0.30,0.30
2007.11.09 09:56:43.737,0.6967,0.6968,0.30,0.30
2007.11.09 09:56:44.116,0.6967,0.6968,0.30,0.30
2007.11.09 09:56:44.440,0.6967,0.6968,0.30,0.30
2007.11.09 09:56:44.773,0.6967,0.6968,0.30,0.30
2007.11.09 09:56:45.107,0.6967,0.6968,0.30,0.30
2007.11.09 09:56:45.326,0.6967,0.6968,0.30,0.30
2007.11.09 09:56:45.555,0.6967,0.6968,0.30,0.30
2007.11.09 09:56:45.774,0.6967,0.6968,0.30,0.30
2007.11.09 09:56:45.990,0.6967,0.6968,0.30,0.30
2007.11.09 09:56:46.283,0.6967,0.6968,0.30,0.30
2007.11.09 09:56:46.576,0.6967,0.6968,0.30,0.30
2007.11.09 09:56:46.948,0.6967,0.6968,0.30,0.30
2007.11.09 09:56:47.169,0.6967,0.6968,0.30,4.20
2007.11.09 09:56:47.392,0.6967,0.6968,0.30,4.20
2007.11.09 09:56:47.615,0.6967,0.6968,0.30,4.20
2007.11.09 09:56:47.839,0.6967,0.6968,0.30,0.30
2007.11.09 09:56:48.062,0.6967,0.6968,0.30,0.30
2007.11.09 09:56:48.390,0.69665,0.69685,41.60,26.40
2007.11.09 09:56:48.718,0.69665,0.69685,41.60,26.40
2007.11.09 09:56:49.046,0.69665,0.69685,41.60,26.40
2007.11.09 09:56:49.380,0.69665,0.69685,41.60,26.40
2007.11.09 09:56:49.713,0.69665,0.69685,41.60,26.40
2007.11.09 09:56:50.182,0.69665,0.69685,45.60,28.00
2007.11.09 09:56:50.384,0.69665,0.69685,45.60,28.00
2007.11.09 09:56:50.588,0.69665,0.69685,45.60,28.00
2007.11.09 09:56:50.791,0.69665,0.69685,49.60,28.00
2007.11.09 09:56:51.281,0.69665,0.69685,45.60,28.00
2007.11.09 09:56:51.535,0.69665,0.69685,45.60,28.00
2007.11.09 09:56:51.787,0.69665,0.69685,45.60,24.00
2007.11.09 09:56:52.040,0.69665,0.69685,49.60,24.00
2007.11.09 09:56:52.299,0.69665,0.69685,49.60,24.00
2007.11.09 09:56:52.542,0.69665,0.69685,49.60,24.00
2007.11.09 09:56:52.762,0.69665,0.69685,49.60,24.00
2007.11.09 09:56:53.270,0.69665,0.69685,49.60,24.00
2007.11.09 09:56:53.578,0.69665,0.69685,49.60,24.00
2007.11.09 09:56:53.775,0.69665,0.69685,49.60,24.00
2007.11.09 09:56:55.571,0.69665,0.69685,45.60,24.00
2007.11.09 09:56:55.745,0.69665,0.69685,45.60,28.00
2007.11.09 09:56:57.503,0.69665,0.69685,45.60,28.00
2007.11.09 09:56:57.712,0.69665,0.69685,45.60,28.00
2007.11.09 09:56:58.234,0.69665,0.69685,45.60,28.00
2007.11.09 09:56:58.757,0.69665,0.69685,45.60,28.00
2007.11.09 09:57:00.730,0.69665,0.69685,49.60,28.00
2007.11.09 09:57:01.045,0.69665,0.69685,49.60,28.00
2007.11.09 09:57:01.270,0.69665,0.69685,49.60,28.00
2007.11.09 09:57:01.579,0.69665,0.69685,49.60,28.00
2007.11.09 09:57:02.003,0.69665,0.69685,45.60,28.00
2007.11.09 09:57:02.322,0.69665,0.69685,47.20,32.00
2007.11.09 09:57:02.641,0.69665,0.69685,47.20,28.00
2007.11.09 09:57:02.889,0.69665,0.69685,48.80,28.80
2007.11.09 09:57:03.234,0.69665,0.69685,48.80,28.80
2007.11.09 09:57:03.467,0.69665,0.69685,50.40,28.80
2007.11.09 09:57:03.724,0.69665,0.69685,46.40,28.80
2007.11.09 09:57:03.967,0.69665,0.69685,47.20,28.00
2007.11.09 09:57:04.211,0.69665,0.69685,51.20,20.00
2007.11.09 09:57:04.456,0.69665,0.69685,52.00,20.00
2007.11.09 09:57:04.788,0.69665,0.69685,51.20,20.00
2007.11.09 09:57:05.121,0.69665,0.69685,51.20,20.00
2007.11.09 09:57:05.479,0.69665,0.69685,67.90,20.00
2007.11.09 09:57:05.672,0.69665,0.69685,67.10,20.00
2007.11.09 09:57:05.865,0.69665,0.69685,67.10,20.00
2007.11.09 09:57:06.075,0.69665,0.69685,67.10,20.00
2007.11.09 09:57:06.267,0.69665,0.6968,67.40,0.30
2007.11.09 09:57:06.460,0.69665,0.6968,41.80,0.30
2007.11.09 09:57:06.654,0.69665,0.6968,15.40,0.30
2007.11.09 09:57:06.972,0.69665,0.6968,5.00,0.30
2007.11.09 09:57:07.290,0.69665,0.6968,4.20,0.30
2007.11.09 09:57:07.608,0.69665,0.6968,4.20,0.30
2007.11.09 09:57:08.062,0.69665,0.6968,4.20,0.30
2007.11.09 09:57:08.272,0.69665,0.6968,4.20,0.30
2007.11.09 09:57:08.461,0.69665,0.6968,4.20,0.30
2007.11.09 09:57:08.648,0.69665,0.6968,4.20,0.30
2007.11.09 09:57:09.056,0.69665,0.6968,4.20,0.30
2007.11.09 09:57:09.325,0.69665,0.6968,4.20,0.30
2007.11.09 09:57:09.782,0.69665,0.6968,4.20,0.30
2007.11.09 09:57:10.116,0.6967,0.6968,0.30,0.30
2007.11.09 09:57:10.450,0.69665,0.6968,38.60,0.30
2007.11.09 09:57:10.784,0.69665,0.6968,16.20,0.30
2007.11.09 09:57:11.641,0.69665,0.6968,16.20,0.30
2007.11.09 09:57:12.286,0.69665,0.6968,16.20,0.30
2007.11.09 09:57:13.210,0.6967,0.6968,0.30,0.30
2007.11.09 09:57:13.439,0.6967,0.6968,0.30,0.30
2007.11.09 09:57:13.667,0.6967,0.6968,0.30,0.30
2007.11.09 09:57:13.895,0.6967,0.6968,0.30,0.30
2007.11.09 09:57:14.132,0.69665,0.6968,8.20,0.30
2007.11.09 09:57:14.526,0.69665,0.6968,8.20,0.30
2007.11.09 09:57:14.754,0.69665,0.6968,4.20,0.30
2007.11.09 09:57:15.070,0.69665,0.6968,4.20,0.30
2007.11.09 09:57:17.578,0.69665,0.6968,4.20,0.30
2007.11.09 09:57:17.849,0.69665,0.6968,4.20,0.30
2007.11.09 09:57:18.265,0.69665,0.6968,8.20,0.30
2007.11.09 09:57:18.454,0.69665,0.6968,16.20,0.30
2007.11.09 09:57:18.642,0.69665,0.6968,16.20,0.30
2007.11.09 09:57:19.027,0.69665,0.6968,16.20,0.30
2007.11.09 09:57:19.360,0.69665,0.6968,16.20,0.30
2007.11.09 09:57:19.695,0.69665,0.6968,16.20,0.30
2007.11.09 09:57:20.028,0.69665,0.6968,16.20,0.30
2007.11.09 09:57:20.361,0.69665,0.6968,16.20,0.30
2007.11.09 09:57:20.694,0.69665,0.6968,16.20,0.30
2007.11.09 09:57:21.027,0.69665,0.69675,4.20,0.30
2007.11.09 09:57:21.261,0.69665,0.69675,4.20,0.30
2007.11.09 09:57:21.523,0.69665,0.69675,4.20,0.30
2007.11.09 09:57:22.054,0.69665,0.69675,4.20,0.30
2007.11.09 09:57:22.505,0.69665,0.69675,4.20,0.30
2007.11.09 09:57:22.772,0.69665,0.69675,4.20,0.30
2007.11.09 09:57:23.657,0.6966,0.69675,16.20,0.30
2007.11.09 09:57:23.798,0.69665,0.69675,4.20,0.30
2007.11.09 09:57:24.558,0.69665,0.69675,4.20,0.30
2007.11.09 09:57:24.891,0.69665,0.69675,4.20,0.30
2007.11.09 09:57:25.281,0.69665,0.69675,8.20,0.30
2007.11.09 09:57:25.601,0.69665,0.69675,16.20,0.30
2007.11.09 09:57:25.919,0.69665,0.69675,16.20,0.30
2007.11.09 09:57:26.756,0.69665,0.69675,16.20,0.30
2007.11.09 09:57:27.233,0.69665,0.69675,12.20,0.30
2007.11.09 09:57:27.456,0.69665,0.69675,4.20,0.30
2007.11.09 09:57:27.680,0.69665,0.69675,4.20,0.30
2007.11.09 09:57:28.778,0.69665,0.69675,4.20,0.30
2007.11.09 09:57:29.057,0.69665,0.69675,4.20,0.30
2007.11.09 09:57:29.541,0.69665,0.69675,4.20,0.30
2007.11.09 09:57:29.874,0.69665,0.69675,8.20,0.30
2007.11.09 09:57:30.317,0.69665,0.69675,16.20,0.30
2007.11.09 09:57:31.845,0.69665,0.69675,16.20,0.30
2007.11.09 09:57:32.107,0.69665,0.69675,16.20,0.30
2007.11.09 09:57:32.371,0.69665,0.69675,8.20,0.30
2007.11.09 09:57:32.629,0.69665,0.69675,0.30,0.30
2007.11.09 09:57:33.164,0.69665,0.69675,0.30,0.30
2007.11.09 09:57:33.424,0.6966,0.6967,4.20,0.30
2007.11.09 09:57:33.703,0.6966,0.6967,0.30,0.30
2007.11.09 09:57:33.981,0.6966,0.6967,0.30,0.30
2007.11.09 09:57:34.259,0.6966,0.6967,0.30,0.30
2007.11.09 09:57:34.593,0.6966,0.6967,0.30,0.30
2007.11.09 09:57:34.964,0.6966,0.6967,0.30,0.30
2007.11.09 09:57:35.297,0.6966,0.6967,0.30,0.30
2007.11.09 09:57:35.680,0.6966,0.6967,0.30,0.30
2007.11.09 09:57:35.908,0.6966,0.6967,0.30,0.30
2007.11.09 09:57:36.136,0.6966,0.6967,0.30,0.30
2007.11.09 09:57:36.398,0.6966,0.6967,0.30,0.30
2007.11.09 09:57:36.654,0.6966,0.6967,0.30,0.30
2007.11.09 09:57:36.876,0.6966,0.6967,0.30,0.30
2007.11.09 09:57:37.115,0.6966,0.6967,0.30,0.30
2007.11.09 09:57:37.361,0.6966,0.69675,0.30,1.80
2007.11.09 09:57:37.600,0.6966,0.69675,8.20,1.80
2007.11.09 09:57:37.933,0.69665,0.69675,12.20,0.30
2007.11.09 09:57:38.266,0.69665,0.69675,17.20,0.30
2007.11.09 09:57:38.607,0.69665,0.6968,33.40,4.20
2007.11.09 09:57:38.813,0.69665,0.6968,33.40,0.30
2007.11.09 09:57:39.011,0.69665,0.6968,35.00,0.30
2007.11.09 09:57:39.210,0.69665,0.6968,34.20,0.30
2007.11.09 09:57:39.417,0.6967,0.6968,0.30,0.30
2007.11.09 09:57:39.608,0.6967,0.6968,0.30,0.30
2007.11.09 09:57:39.941,0.6967,0.6968,0.30,0.30
2007.11.09 09:57:40.274,0.6967,0.6968,0.30,0.30
2007.11.09 09:57:40.607,0.6967,0.6968,0.30,0.30
2007.11.09 09:57:40.841,0.69665,0.6968,70.40,0.30
2007.11.09 09:57:41.074,0.69665,0.6968,44.20,0.30
2007.11.09 09:57:41.308,0.69665,0.6968,29.10,0.30
2007.11.09 09:57:41.541,0.6967,0.69685,0.30,38.60
2007.11.09 09:57:41.773,0.6967,0.69685,0.30,18.60
2007.11.09 09:57:42.092,0.6967,0.69685,0.30,14.60
2007.11.09 09:57:42.566,0.6967,0.69685,0.30,14.60
2007.11.09 09:57:43.617,0.6967,0.69685,0.30,14.60
2007.11.09 09:57:43.870,0.6967,0.69685,0.30,14.60
2007.11.09 09:57:44.093,0.6967,0.69685,0.30,14.60
2007.11.09 09:57:44.316,0.6967,0.69685,0.30,14.60
2007.11.09 09:57:44.539,0.6967,0.69685,0.30,14.60
2007.11.09 09:57:44.762,0.6967,0.6968,0.30,0.30
2007.11.09 09:57:45.096,0.6967,0.6968,0.30,0.30
2007.11.09 09:57:45.524,0.6967,0.6968,0.30,0.30
2007.11.09 09:57:45.857,0.6967,0.6968,0.30,0.30
2007.11.09 09:57:46.040,0.6967,0.6968,0.30,0.30
2007.11.09 09:57:46.223,0.6967,0.6968,0.30,0.30
2007.11.09 09:57:46.406,0.6967,0.6968,0.30,0.30
2007.11.09 09:57:46.592,0.6967,0.6968,0.30,0.30
2007.11.09 09:57:46.863,0.6967,0.6968,0.30,0.30
2007.11.09 09:57:47.181,0.6967,0.6968,0.30,0.30
2007.11.09 09:57:47.500,0.6967,0.6968,0.30,0.30
2007.11.09 09:57:47.819,0.6967,0.6968,0.30,0.30
2007.11.09 09:57:48.062,0.6967,0.6968,0.30,0.30
2007.11.09 09:57:48.797,0.6967,0.6968,0.30,0.30
2007.11.09 09:57:48.974,0.69665,0.6968,45.80,0.30
2007.11.09 09:57:49.154,0.69665,0.6968,19.40,0.30
2007.11.09 09:57:49.333,0.69665,0.6968,19.40,0.30
2007.11.09 09:57:49.512,0.69665,0.6968,19.40,0.30
2007.11.09 09:57:49.689,0.69665,0.6968,19.40,0.30
2007.11.09 09:57:50.057,0.69665,0.6968,19.40,0.30
2007.11.09 09:57:50.391,0.69665,0.6968,18.60,0.30
2007.11.09 09:57:50.802,0.69665,0.6968,18.60,0.30
2007.11.09 09:57:51.025,0.69665,0.6968,18.60,0.30
2007.11.09 09:57:51.248,0.69665,0.6968,19.40,0.30
2007.11.09 09:57:51.471,0.69665,0.6968,19.40,0.30
2007.11.09 09:57:51.694,0.69665,0.6968,19.40,0.30
2007.11.09 09:57:51.917,0.6967,0.6968,0.30,0.30
2007.11.09 09:57:52.250,0.6967,0.6968,0.30,0.30
2007.11.09 09:57:52.583,0.6967,0.6968,0.30,0.30
2007.11.09 09:57:52.920,0.6967,0.6968,0.30,0.30
2007.11.09 09:57:53.147,0.6967,0.6968,0.30,0.30
2007.11.09 09:57:53.376,0.6967,0.6968,0.30,0.30
2007.11.09 09:57:53.603,0.6967,0.6968,0.30,0.30
2007.11.09 09:57:53.951,0.6967,0.6968,0.30,0.30
2007.11.09 09:57:54.285,0.6967,0.6968,0.30,0.30
2007.11.09 09:57:54.618,0.6967,0.6968,0.30,0.30
2007.11.09 09:57:55.032,0.6967,0.6968,0.30,0.30
2007.11.09 09:57:55.365,0.6967,0.6968,0.30,0.30
2007.11.09 09:57:56.368,0.69665,0.6968,49.80,0.30
2007.11.09 09:57:56.592,0.69665,0.6968,23.40,0.30
2007.11.09 09:57:56.817,0.69665,0.6968,19.40,0.30
2007.11.09 09:57:57.100,0.69665,0.6968,19.40,0.30
2007.11.09 09:57:57.423,0.69665,0.6968,19.40,0.30
2007.11.09 09:57:57.747,0.69665,0.6968,15.40,0.30
2007.11.09 09:57:58.077,0.69665,0.6968,15.40,0.30
2007.11.09 09:57:58.290,0.69665,0.6968,15.40,0.30
2007.11.09 09:57:58.548,0.69665,0.6968,15.40,0.30
2007.11.09 09:57:59.285,0.69665,0.6968,15.40,0.30
2007.11.09 09:57:59.621,0.6967,0.6968,0.30,0.30
2007.11.09 09:57:59.952,0.6967,0.6968,0.30,0.30
2007.11.09 09:58:00.170,0.6967,0.6968,0.30,0.30
2007.11.09 09:58:00.388,0.6967,0.6968,0.30,0.30
2007.11.09 09:58:00.605,0.6967,0.6968,0.30,0.30
2007.11.09 09:58:02.342,0.6967,0.6968,0.30,0.30
2007.11.09 09:58:02.577,0.69665,0.6968,15.40,0.30
2007.11.09 09:58:02.832,0.69665,0.6968,15.40,0.30
2007.11.09 09:58:03.066,0.6967,0.6968,0.30,0.30
2007.11.09 09:58:03.300,0.6967,0.6968,0.30,0.30
2007.11.09 09:58:03.693,0.6967,0.6968,0.30,0.30
2007.11.09 09:58:03.937,0.6967,0.6968,0.30,0.30
2007.11.09 09:58:04.181,0.6967,0.6968,0.30,0.30
2007.11.09 09:58:04.431,0.6967,0.6968,0.30,0.30
2007.11.09 09:58:04.764,0.6967,0.6968,0.30,0.30
2007.11.09 09:58:05.098,0.6967,0.6968,0.30,0.30
2007.11.09 09:58:05.432,0.69675,0.69685,0.30,16.00
2007.11.09 09:58:05.675,0.69675,0.69685,6.60,1.60
2007.11.09 09:58:05.918,0.69675,0.6969,6.60,0.30
2007.11.09 09:58:06.162,0.69675,0.6969,6.60,0.30
2007.11.09 09:58:06.406,0.69675,0.6969,6.60,0.30
2007.11.09 09:58:06.644,0.69675,0.6969,6.60,0.30
2007.11.09 09:58:07.337,0.69675,0.6969,6.60,0.30
2007.11.09 09:58:07.733,0.69675,0.6969,6.60,0.30
2007.11.09 09:58:08.066,0.69675,0.6969,6.60,0.30
2007.11.09 09:58:08.294,0.69675,0.6969,6.60,0.30
2007.11.09 09:58:08.602,0.69675,0.6969,6.60,0.30
2007.11.09 09:58:08.910,0.69675,0.6969,6.60,0.30
2007.11.09 09:58:09.219,0.69675,0.6969,10.60,0.30
2007.11.09 09:58:09.847,0.69675,0.6969,10.60,0.30
2007.11.09 09:58:10.181,0.69675,0.6969,6.60,0.30
2007.11.09 09:58:10.521,0.69675,0.6969,6.60,0.30
2007.11.09 09:58:10.831,0.69675,0.6969,6.60,0.30
2007.11.09 09:58:11.034,0.69675,0.6969,10.60,0.30
2007.11.09 09:58:11.241,0.69675,0.6969,10.60,0.30
2007.11.09 09:58:11.694,0.69675,0.6969,6.60,0.30
2007.11.09 09:58:11.998,0.69675,0.6969,6.60,0.30
2007.11.09 09:58:12.302,0.69675,0.6969,6.60,0.30
2007.11.09 09:58:13.198,0.69675,0.6969,10.60,0.30
2007.11.09 09:58:13.448,0.69675,0.6969,10.60,0.30
2007.11.09 09:58:13.631,0.69675,0.6969,6.60,0.30
2007.11.09 09:58:13.840,0.69675,0.6969,6.60,0.30
2007.11.09 09:58:14.022,0.69675,0.6969,6.60,0.30
2007.11.09 09:58:14.326,0.69675,0.6969,6.60,0.30
2007.11.09 09:58:14.541,0.69675,0.6969,6.60,0.30
2007.11.09 09:58:15.056,0.69675,0.6969,6.60,0.30
2007.11.09 09:58:15.390,0.69675,0.6969,6.60,0.30
2007.11.09 09:58:15.723,0.69675,0.6969,6.60,0.30
2007.11.09 09:58:15.931,0.69675,0.6969,6.60,0.30
2007.11.09 09:58:16.277,0.69675,0.6969,6.60,4.20
2007.11.09 09:58:16.486,0.69675,0.69685,2.40,0.30
2007.11.09 09:58:16.696,0.6967,0.69685,12.20,4.20
2007.11.09 09:58:16.970,0.6967,0.69685,12.20,4.20
2007.11.09 09:58:17.244,0.6967,0.69685,8.20,4.20
2007.11.09 09:58:17.518,0.6967,0.69685,8.20,4.20
2007.11.09 09:58:17.782,0.6967,0.69685,8.20,4.20
2007.11.09 09:58:18.776,0.6967,0.69685,8.20,4.20
2007.11.09 09:58:18.985,0.6967,0.69685,8.20,4.20
2007.11.09 09:58:19.193,0.6967,0.69685,8.20,4.20
2007.11.09 09:58:19.402,0.6967,0.69685,0.30,4.20
2007.11.09 09:58:19.614,0.6967,0.69685,0.30,4.20
2007.11.09 09:58:20.052,0.6967,0.69685,0.30,4.20
2007.11.09 09:58:20.291,0.6967,0.69685,0.30,4.20
2007.11.09 09:58:20.386,0.6967,0.69685,0.30,4.20
2007.11.09 09:58:20.775,0.6967,0.69685,0.30,4.20
2007.11.09 09:58:20.963,0.6967,0.69685,0.30,4.20
2007.11.09 09:58:21.150,0.6967,0.69685,0.30,4.20
2007.11.09 09:58:21.961,0.6967,0.69685,0.30,4.20
2007.11.09 09:58:22.387,0.6967,0.69685,0.30,4.20
2007.11.09 09:58:22.666,0.6967,0.69685,0.30,4.20
2007.11.09 09:58:22.891,0.6967,0.69685,0.30,5.80
2007.11.09 09:58:23.114,0.6967,0.6968,0.30,0.30
2007.11.09 09:58:23.431,0.6967,0.69685,0.30,13.80
2007.11.09 09:58:23.656,0.6967,0.69685,0.30,5.80
2007.11.09 09:58:23.881,0.6967,0.69685,0.30,5.80
2007.11.09 09:58:24.155,0.6967,0.69685,0.30,4.20
2007.11.09 09:58:25.001,0.6967,0.69685,0.30,4.20
2007.11.09 09:58:25.334,0.6967,0.69685,0.30,4.20
2007.11.09 09:58:25.783,0.6967,0.69685,0.30,4.20
2007.11.09 09:58:25.920,0.6967,0.69685,0.30,4.20
2007.11.09 09:58:26.067,0.6967,0.69685,0.30,4.20
2007.11.09 09:58:26.205,0.6967,0.69685,0.30,4.20
2007.11.09 09:58:26.344,0.6967,0.69685,8.20,4.20
2007.11.09 09:58:26.482,0.6967,0.69685,0.30,4.20
2007.11.09 09:58:26.619,0.6967,0.69685,0.30,4.20
2007.11.09 09:58:26.782,0.6967,0.69685,0.30,4.20
2007.11.09 09:58:26.911,0.6967,0.69685,0.30,4.20
2007.11.09 09:58:27.245,0.6967,0.69685,0.30,4.20
2007.11.09 09:58:27.577,0.6967,0.69685,0.30,4.20
2007.11.09 09:58:27.910,0.6967,0.69685,0.30,4.20
2007.11.09 09:58:28.118,0.6967,0.69685,0.30,4.20
2007.11.09 09:58:28.307,0.6967,0.69685,0.30,4.20
2007.11.09 09:58:28.788,0.6967,0.69685,0.30,4.20
2007.11.09 09:58:29.005,0.6967,0.69685,0.30,4.20
2007.11.09 09:58:29.339,0.6967,0.69685,0.30,4.20
2007.11.09 09:58:29.672,0.6967,0.69685,0.30,4.20
2007.11.09 09:58:30.235,0.6967,0.69685,0.30,4.20
2007.11.09 09:58:30.570,0.6967,0.69685,0.30,4.20
2007.11.09 09:58:31.038,0.6967,0.69685,0.30,4.20
2007.11.09 09:58:32.802,0.6967,0.69685,0.30,4.20
2007.11.09 09:58:32.986,0.6967,0.69685,0.30,4.20
2007.11.09 09:58:33.280,0.6967,0.69685,0.30,4.20
2007.11.09 09:58:33.573,0.6967,0.69685,0.30,4.20
2007.11.09 09:58:33.865,0.6967,0.69685,0.30,4.20
2007.11.09 09:58:34.159,0.6967,0.69685,0.30,4.20
2007.11.09 09:58:34.492,0.6967,0.69685,0.30,4.20
2007.11.09 09:58:34.825,0.6967,0.69685,0.30,4.20
2007.11.09 09:58:35.159,0.69675,0.69685,0.30,4.20
2007.11.09 09:58:35.355,0.69675,0.69685,0.30,4.20
2007.11.09 09:58:36.007,0.69675,0.69685,0.30,4.20
2007.11.09 09:58:37.030,0.69675,0.69685,0.30,4.20
2007.11.09 09:58:38.823,0.69675,0.69685,0.30,4.20
2007.11.09 09:58:40.531,0.69675,0.69685,0.30,4.20
2007.11.09 09:58:40.719,0.69675,0.69685,0.30,4.20
2007.11.09 09:58:40.908,0.69675,0.69685,0.30,4.20
2007.11.09 09:58:41.097,0.69675,0.69685,0.30,4.20
2007.11.09 09:58:41.512,0.69675,0.69685,0.30,4.20
2007.11.09 09:58:42.038,0.69675,0.69685,0.30,4.20
2007.11.09 09:58:42.371,0.69675,0.69685,0.30,4.20
2007.11.09 09:58:42.621,0.69675,0.69685,0.30,4.20
2007.11.09 09:58:42.868,0.69675,0.69685,0.30,4.20
2007.11.09 09:58:43.116,0.69675,0.69685,0.30,4.20
2007.11.09 09:58:43.364,0.69675,0.69685,0.30,4.20
2007.11.09 09:58:43.636,0.69675,0.69685,0.30,8.20
2007.11.09 09:58:43.904,0.6967,0.69685,0.30,8.20
2007.11.09 09:58:44.369,0.6967,0.69685,0.30,8.20
2007.11.09 09:58:44.699,0.6967,0.69685,0.30,10.60
2007.11.09 09:58:45.032,0.6967,0.69685,0.30,14.60
2007.11.09 09:58:45.366,0.6967,0.69685,0.30,16.20
2007.11.09 09:58:45.600,0.6967,0.69685,0.30,16.20
2007.11.09 09:58:45.828,0.6967,0.69685,0.30,14.60
2007.11.09 09:58:46.067,0.6967,0.69685,0.30,14.60
2007.11.09 09:58:46.301,0.6967,0.69685,0.30,20.20
2007.11.09 09:58:46.588,0.6967,0.69685,0.30,21.00
2007.11.09 09:58:46.911,0.6967,0.69685,0.30,14.60
2007.11.09 09:58:47.234,0.6967,0.69685,0.30,14.60
2007.11.09 09:58:47.557,0.6967,0.69685,0.30,20.20
2007.11.09 09:58:47.840,0.6967,0.69685,0.30,20.20
2007.11.09 09:58:48.572,0.6967,0.69685,0.30,20.20
2007.11.09 09:58:49.464,0.6967,0.6968,0.30,0.30
2007.11.09 09:58:49.799,0.6967,0.6968,0.30,0.30
2007.11.09 09:58:50.134,0.69665,0.6968,18.60,0.30
2007.11.09 09:58:50.538,0.6967,0.6968,0.30,0.30
2007.11.09 09:58:50.727,0.6967,0.6968,0.30,0.30
2007.11.09 09:58:51.090,0.6967,0.6968,0.30,0.30
2007.11.09 09:58:51.507,0.6967,0.6968,0.30,0.30
2007.11.09 09:58:51.792,0.6967,0.6968,0.30,0.30
2007.11.09 09:58:52.121,0.69665,0.6968,10.60,0.30
2007.11.09 09:58:52.449,0.69665,0.6968,10.60,0.30
2007.11.09 09:58:52.779,0.69665,0.69675,0.30,4.00
2007.11.09 09:58:52.981,0.69665,0.69675,0.30,4.00
2007.11.09 09:58:53.175,0.69665,0.69675,0.30,4.00
2007.11.09 09:58:53.369,0.69665,0.69675,0.30,4.00
2007.11.09 09:58:53.562,0.6966,0.6967,4.20,0.30
2007.11.09 09:58:53.897,0.6966,0.6967,4.20,0.30
2007.11.09 09:58:54.240,0.6966,0.69675,4.20,9.80
2007.11.09 09:58:54.563,0.6966,0.69675,0.40,4.20
2007.11.09 09:58:54.896,0.6966,0.69675,0.40,0.30
2007.11.09 09:58:55.230,0.69665,0.69675,0.30,0.30
2007.11.09 09:58:55.543,0.69665,0.69675,0.30,0.30
2007.11.09 09:58:55.563,0.69665,0.69675,0.30,0.30
2007.11.09 09:58:55.896,0.69665,0.69675,0.30,0.30
2007.11.09 09:58:56.144,0.69665,0.69675,0.30,0.30
2007.11.09 09:58:56.392,0.69665,0.69675,0.30,0.30
2007.11.09 09:58:56.716,0.6966,0.69675,4.30,0.30
2007.11.09 09:58:56.962,0.6966,0.69675,0.40,0.30
2007.11.09 09:58:57.204,0.6966,0.69675,0.40,0.30
2007.11.09 09:58:57.520,0.6966,0.69675,0.40,0.30
2007.11.09 09:58:58.045,0.6966,0.69675,0.40,0.30
2007.11.09 09:58:58.325,0.6966,0.69675,0.40,0.30
2007.11.09 09:58:58.790,0.6966,0.69675,0.40,0.30
2007.11.09 09:58:59.050,0.6966,0.69675,8.30,0.30
2007.11.09 09:58:59.264,0.6966,0.69675,8.30,0.30
2007.11.09 09:58:59.661,0.6966,0.69675,8.40,0.30
2007.11.09 09:58:59.875,0.6966,0.69675,8.60,0.30
2007.11.09 09:59:02.454,0.6966,0.69675,8.60,0.30
2007.11.09 09:59:02.983,0.6966,0.69675,8.60,0.30
2007.11.09 09:59:03.827,0.6966,0.69675,8.60,0.30
2007.11.09 09:59:03.999,0.69665,0.69675,0.30,0.30
2007.11.09 09:59:04.333,0.69665,0.69675,0.30,0.30
2007.11.09 09:59:04.667,0.69665,0.69675,0.30,0.30
2007.11.09 09:59:05.000,0.69665,0.69675,0.30,0.30
2007.11.09 09:59:05.163,0.69665,0.69675,0.30,0.30
2007.11.09 09:59:05.327,0.69665,0.69675,0.30,0.30
2007.11.09 09:59:05.574,0.69665,0.69675,0.30,0.30
2007.11.09 09:59:05.781,0.69665,0.69675,0.30,0.30
2007.11.09 09:59:06.439,0.69665,0.69675,4.20,0.30
2007.11.09 09:59:06.698,0.69665,0.69675,8.20,0.30
2007.11.09 09:59:06.958,0.69665,0.69675,8.20,0.30
2007.11.09 09:59:07.215,0.69665,0.6968,4.20,4.20
2007.11.09 09:59:07.442,0.69665,0.6968,0.30,0.30
2007.11.09 09:59:07.671,0.69665,0.6968,0.30,0.30
2007.11.09 09:59:07.899,0.69665,0.6968,0.30,0.30
2007.11.09 09:59:08.126,0.69665,0.6968,0.30,0.30
2007.11.09 09:59:08.390,0.69665,0.6968,0.30,0.30
2007.11.09 09:59:08.653,0.69665,0.69675,0.30,0.30
2007.11.09 09:59:09.054,0.69665,0.69675,0.30,0.30
2007.11.09 09:59:09.387,0.6966,0.69675,0.30,0.30
2007.11.09 09:59:09.721,0.69665,0.69675,0.30,0.30
2007.11.09 09:59:10.054,0.6966,0.69675,4.20,0.30
2007.11.09 09:59:10.273,0.6966,0.69675,0.30,0.30
2007.11.09 09:59:10.778,0.6966,0.69675,0.30,0.30
2007.11.09 09:59:10.931,0.6966,0.69675,0.30,0.30
2007.11.09 09:59:11.084,0.69665,0.69675,0.30,0.30
2007.11.09 09:59:11.372,0.69665,0.69675,0.30,0.30
2007.11.09 09:59:11.662,0.6966,0.69675,0.30,0.30
2007.11.09 09:59:11.950,0.6966,0.69675,0.30,0.30
2007.11.09 09:59:12.241,0.6966,0.69675,0.30,0.30
2007.11.09 09:59:12.506,0.69665,0.69675,0.30,0.30
2007.11.09 09:59:12.769,0.69665,0.69675,0.30,0.30
2007.11.09 09:59:13.085,0.69665,0.69675,0.30,0.30
2007.11.09 09:59:13.597,0.69665,0.69675,0.30,0.30
2007.11.09 09:59:13.841,0.69665,0.69675,0.30,0.30
2007.11.09 09:59:14.454,0.69665,0.69675,0.30,0.30
2007.11.09 09:59:14.787,0.6966,0.69675,0.30,0.30
2007.11.09 09:59:15.232,0.69665,0.69675,0.30,0.30
2007.11.09 09:59:15.413,0.69665,0.69675,0.30,0.30
2007.11.09 09:59:15.793,0.69665,0.69675,0.30,0.30
2007.11.09 09:59:17.012,0.69665,0.69675,0.30,0.30
2007.11.09 09:59:17.336,0.69665,0.6968,0.30,0.30
2007.11.09 09:59:17.529,0.69665,0.6968,0.30,0.30
2007.11.09 09:59:17.823,0.69665,0.6968,0.30,0.30
2007.11.09 09:59:18.351,0.69665,0.6968,0.30,0.30
2007.11.09 09:59:18.638,0.69665,0.6968,0.30,0.30
2007.11.09 09:59:18.969,0.69665,0.6968,0.30,0.30
2007.11.09 09:59:19.257,0.69665,0.69675,0.30,0.30
2007.11.09 09:59:19.545,0.69665,0.69675,0.30,0.30
2007.11.09 09:59:20.229,0.69665,0.69675,0.30,0.30
2007.11.09 09:59:20.561,0.69665,0.69675,0.30,0.30
2007.11.09 09:59:20.719,0.69665,0.69675,0.30,0.30
2007.11.09 09:59:21.393,0.69665,0.69675,0.30,0.30
2007.11.09 09:59:23.557,0.69665,0.69675,0.30,0.30
2007.11.09 09:59:23.731,0.69665,0.69675,0.30,0.30
2007.11.09 09:59:23.904,0.69665,0.69675,0.30,0.30
2007.11.09 09:59:24.568,0.69665,0.69675,0.30,0.30
2007.11.09 09:59:25.046,0.69665,0.69675,0.30,0.30
2007.11.09 09:59:25.819,0.69665,0.69675,0.30,0.30
2007.11.09 09:59:25.976,0.69665,0.69675,0.30,0.30
2007.11.09 09:59:26.099,0.69665,0.69675,0.30,0.30
2007.11.09 09:59:26.229,0.69665,0.69675,0.30,0.30
2007.11.09 09:59:26.345,0.69665,0.69675,0.30,0.30
2007.11.09 09:59:26.494,0.69665,0.69675,0.30,0.30
2007.11.09 09:59:26.828,0.69665,0.6968,0.30,0.30
2007.11.09 09:59:27.163,0.69665,0.6968,1.00,0.30
2007.11.09 09:59:27.572,0.69665,0.6968,5.00,0.30
2007.11.09 09:59:27.726,0.69665,0.6968,5.00,0.30
2007.11.09 09:59:27.879,0.69665,0.6968,1.00,0.30
2007.11.09 09:59:28.032,0.69665,0.6968,1.00,0.30
2007.11.09 09:59:28.186,0.69665,0.6968,0.30,0.30
2007.11.09 09:59:28.338,0.69665,0.6968,0.30,0.30
2007.11.09 09:59:28.540,0.69665,0.6968,0.30,0.30
2007.11.09 09:59:28.763,0.69665,0.6968,0.30,0.30
2007.11.09 09:59:29.095,0.69665,0.69675,0.30,0.30
2007.11.09 09:59:29.429,0.69665,0.69675,0.30,0.30
2007.11.09 09:59:29.763,0.69665,0.69675,0.30,0.30
2007.11.09 09:59:30.096,0.69665,0.69675,0.30,0.30
2007.11.09 09:59:30.430,0.69665,0.69675,5.00,0.30
2007.11.09 09:59:30.821,0.69665,0.69675,1.00,0.30
2007.11.09 09:59:31.025,0.69665,0.69675,1.00,0.30
2007.11.09 09:59:31.229,0.69665,0.6968,1.00,0.30
2007.11.09 09:59:31.433,0.69665,0.6968,21.00,0.30
2007.11.09 09:59:31.637,0.69665,0.6968,21.00,0.30
2007.11.09 09:59:31.894,0.69665,0.6968,21.00,0.30
2007.11.09 09:59:32.153,0.69665,0.6968,17.00,0.30
2007.11.09 09:59:32.411,0.69665,0.6968,9.00,0.30
2007.11.09 09:59:32.669,0.69665,0.6968,9.00,0.30
2007.11.09 09:59:32.907,0.69665,0.6968,5.00,0.30
2007.11.09 09:59:32.930,0.6966,0.6968,22.60,0.30
2007.11.09 09:59:33.846,0.6966,0.6968,22.60,0.30
2007.11.09 09:59:34.068,0.6966,0.6968,26.60,0.30
2007.11.09 09:59:34.291,0.69665,0.6968,3.30,0.30
2007.11.09 09:59:34.514,0.6967,0.6968,0.30,0.30
2007.11.09 09:59:34.737,0.6967,0.6968,0.30,0.30
2007.11.09 09:59:34.961,0.69665,0.6968,49.90,0.30
2007.11.09 09:59:35.294,0.69665,0.6968,49.90,0.30
2007.11.09 09:59:35.627,0.69665,0.6968,49.90,0.30
2007.11.09 09:59:35.960,0.69665,0.6968,49.90,0.30
2007.11.09 09:59:37.034,0.6967,0.6968,0.30,0.30
2007.11.09 09:59:37.277,0.69665,0.6968,49.90,0.30
2007.11.09 09:59:37.520,0.69665,0.6968,49.90,0.30
2007.11.09 09:59:37.763,0.69665,0.6968,49.90,0.30
2007.11.09 09:59:38.073,0.6967,0.6968,0.30,0.30
2007.11.09 09:59:38.280,0.69665,0.6968,49.90,0.30
2007.11.09 09:59:38.792,0.69665,0.6968,49.90,0.30
2007.11.09 09:59:39.251,0.69665,0.6968,49.90,0.30
2007.11.09 09:59:39.584,0.69665,0.6968,49.90,0.30
2007.11.09 09:59:40.077,0.69665,0.6968,50.70,0.30
2007.11.09 09:59:40.330,0.69665,0.6968,50.00,0.30
2007.11.09 09:59:40.583,0.69665,0.6968,50.10,0.30
2007.11.09 09:59:40.836,0.6967,0.6968,0.30,0.30
2007.11.09 09:59:41.344,0.6967,0.6968,0.30,0.30
2007.11.09 09:59:41.598,0.6967,0.6968,0.30,0.30
2007.11.09 09:59:42.016,0.69665,0.6968,50.10,0.30
2007.11.09 09:59:42.230,0.6967,0.6968,0.30,0.30
2007.11.09 09:59:42.443,0.6967,0.6968,0.30,0.30
2007.11.09 09:59:42.657,0.69675,0.69685,2.40,1.80
2007.11.09 09:59:42.871,0.69675,0.69685,3.00,1.80
2007.11.09 09:59:43.084,0.6967,0.69685,25.30,0.30
2007.11.09 09:59:43.332,0.69675,0.6969,50.10,0.30
2007.11.09 09:59:43.580,0.6968,0.6969,0.30,0.30
2007.11.09 09:59:43.860,0.69675,0.6969,50.10,0.30
2007.11.09 09:59:44.109,0.6968,0.6969,0.30,0.30
2007.11.09 09:59:44.441,0.6968,0.6969,0.30,0.30
2007.11.09 09:59:45.015,0.69675,0.6969,50.00,0.30
2007.11.09 09:59:45.215,0.6968,0.69695,3.80,9.80
2007.11.09 09:59:45.403,0.6968,0.69695,1.80,4.20
2007.11.09 09:59:45.593,0.69685,0.69695,0.30,0.30
2007.11.09 09:59:45.782,0.69685,0.69695,0.30,0.30
2007.11.09 09:59:46.083,0.6968,0.69695,12.50,0.30
2007.11.09 09:59:46.325,0.69685,0.69695,0.50,0.30
2007.11.09 09:59:46.569,0.6968,0.69695,16.40,0.30
2007.11.09 09:59:47.031,0.6968,0.69695,16.40,0.30
2007.11.09 09:59:47.349,0.69685,0.69695,0.50,0.30
2007.11.09 09:59:47.769,0.6968,0.69695,16.40,0.30
2007.11.09 09:59:48.022,0.69685,0.69695,2.60,0.30
2007.11.09 09:59:48.803,0.6968,0.69695,16.40,0.30
2007.11.09 09:59:49.062,0.6968,0.69695,16.30,0.30
2007.11.09 09:59:49.323,0.6968,0.69695,12.40,0.30
2007.11.09 09:59:49.656,0.6968,0.69695,4.30,0.30
2007.11.09 09:59:49.988,0.6968,0.69695,4.30,0.30
2007.11.09 09:59:50.322,0.6968,0.69695,0.35,0.30
2007.11.09 09:59:50.519,0.6968,0.69695,0.35,0.30
2007.11.09 09:59:50.719,0.69675,0.6969,55.50,0.30
2007.11.09 09:59:50.918,0.69675,0.6969,55.50,0.30
2007.11.09 09:59:51.123,0.69675,0.6969,55.50,0.30
2007.11.09 09:59:51.393,0.6968,0.6969,0.40,0.30
2007.11.09 09:59:51.780,0.6968,0.6969,0.40,0.30
2007.11.09 09:59:52.303,0.6968,0.6969,0.40,0.30
2007.11.09 09:59:52.521,0.6968,0.6969,0.30,0.30
2007.11.09 09:59:52.739,0.6968,0.6969,0.30,0.30
2007.11.09 09:59:52.957,0.69675,0.6969,55.40,0.30
2007.11.09 09:59:53.176,0.69675,0.6969,57.00,0.30
2007.11.09 09:59:53.464,0.69675,0.69695,57.00,1.80
2007.11.09 09:59:53.768,0.6968,0.69695,0.30,1.80
2007.11.09 09:59:54.071,0.69685,0.697,0.30,8.30
2007.11.09 09:59:54.374,0.6968,0.697,12.30,0.30
2007.11.09 09:59:54.708,0.6968,0.697,12.30,0.30
2007.11.09 09:59:55.041,0.6968,0.697,12.30,0.30
2007.11.09 09:59:55.374,0.69685,0.697,0.30,0.30
2007.11.09 09:59:55.631,0.69685,0.697,0.30,0.30
2007.11.09 09:59:55.819,0.6968,0.697,16.30,0.30
2007.11.09 09:59:56.007,0.6968,0.697,16.30,0.30
2007.11.09 09:59:56.196,0.6968,0.697,16.30,0.30
2007.11.09 09:59:56.384,0.69685,0.697,0.30,0.30
2007.11.09 09:59:56.643,0.6968,0.697,16.30,0.30
2007.11.09 09:59:56.901,0.6968,0.697,22.60,0.30
2007.11.09 09:59:57.160,0.6968,0.697,22.60,0.30
2007.11.09 09:59:57.418,0.69685,0.697,1.70,0.30
2007.11.09 09:59:57.691,0.69685,0.697,1.70,0.30
2007.11.09 09:59:58.461,0.6968,0.697,22.60,0.30
2007.11.09 09:59:58.818,0.6968,0.697,22.60,0.30
2007.11.09 09:59:59.047,0.69685,0.697,2.60,0.30
2007.11.09 09:59:59.205,0.6968,0.697,22.60,0.30
2007.11.09 09:59:59.363,0.6968,0.697,22.60,0.30
2007.11.09 09:59:59.561,0.69685,0.697,1.10,0.30
