2018.01.10 19:00:00.311,0.88457,0.88466,2.25,1.12
2018.01.10 19:00:00.843,0.88457,0.88465,1.00,1.50
2018.01.10 19:00:02.823,0.88456,0.88465,2.44,1.50
2018.01.10 19:00:03.369,0.88456,0.88465,3.94,1.25
2018.01.10 19:00:03.964,0.88456,0.88465,2.81,1.00
2018.01.10 19:00:04.871,0.88457,0.88466,1.12,1.31
2018.01.10 19:00:06.000,0.88456,0.88464,1.50,1.00
2018.01.10 19:00:06.617,0.88455,0.88464,1.50,2.62
2018.01.10 19:00:08.907,0.88456,0.88465,2.25,3.00
2018.01.10 19:00:09.958,0.88456,0.88466,5.63,3.19
2018.01.10 19:00:10.474,0.88456,0.88466,6.00,2.06
2018.01.10 19:00:10.990,0.88457,0.88466,4.50,1.50
2018.01.10 19:00:11.570,0.88458,0.88467,2.06,3.56
2018.01.10 19:00:12.075,0.88458,0.88468,1.88,4.31
2018.01.10 19:00:16.039,0.88459,0.88467,1.00,1.00
2018.01.10 19:00:17.047,0.88458,0.88467,3.00,1.00
2018.01.10 19:00:18.408,0.88458,0.88467,2.63,1.13
2018.01.10 19:00:18.927,0.88458,0.88467,1.88,1.00
2018.01.10 19:00:22.794,0.88459,0.88467,1.00,1.12
2018.01.10 19:00:24.163,0.88458,0.88467,1.00,1.00
2018.01.10 19:00:29.544,0.88457,0.88467,3.75,3.38
2018.01.10 19:00:30.853,0.88457,0.88467,3.38,5.81
2018.01.10 19:00:31.605,0.88457,0.88467,2.81,4.50
2018.01.10 19:00:32.120,0.88457,0.88466,1.00,10.13
2018.01.10 19:00:35.061,0.88457,0.88466,1.00,3.19
2018.01.10 19:00:37.215,0.88457,0.88464,1.00,3.00
2018.01.10 19:00:37.322,0.88455,0.88464,1.00,6.00
2018.01.10 19:00:37.879,0.88454,0.88464,3.56,1.12
2018.01.10 19:00:40.829,0.88454,0.88464,3.94,1.12
2018.01.10 19:00:42.358,0.88454,0.88464,4.13,1.87
2018.01.10 19:00:42.866,0.88454,0.88464,2.44,2.25
2018.01.10 19:00:43.373,0.88454,0.88464,1.88,1.88
2018.01.10 19:00:43.917,0.88454,0.88464,6.94,1.31
2018.01.10 19:00:44.611,0.88455,0.88464,1.31,1.88
2018.01.10 19:00:45.124,0.88454,0.88464,3.94,1.31
2018.01.10 19:00:45.805,0.88454,0.88464,3.19,1.69
2018.01.10 19:00:46.334,0.88454,0.88463,2.25,1.13
2018.01.10 19:00:46.882,0.88454,0.88464,1.13,1.88
2018.01.10 19:00:47.182,0.88454,0.88462,1.44,1.50
2018.01.10 19:00:47.703,0.88454,0.88463,1.13,1.12
2018.01.10 19:00:48.472,0.88454,0.88464,1.13,5.81
2018.01.10 19:00:48.874,0.88454,0.88464,4.50,5.44
2018.01.10 19:00:49.407,0.88454,0.88463,4.69,1.00
2018.01.10 19:00:49.915,0.88454,0.88464,4.69,4.31
2018.01.10 19:00:50.579,0.88455,0.88464,2.44,6.56
2018.01.10 19:00:51.135,0.88454,0.88464,4.50,4.88
2018.01.10 19:00:51.845,0.88455,0.88464,2.25,6.19
2018.01.10 19:00:52.392,0.88454,0.88464,4.50,5.06
2018.01.10 19:00:52.940,0.88456,0.88465,1.31,1.12
2018.01.10 19:00:53.254,0.88454,0.88462,1.12,2.62
2018.01.10 19:00:53.772,0.88453,0.88462,1.88,1.87
2018.01.10 19:00:55.298,0.88453,0.88462,1.44,3.38
2018.01.10 19:00:55.800,0.88452,0.88462,3.94,3.00
2018.01.10 19:00:56.331,0.88454,0.88462,1.13,1.69
2018.01.10 19:00:56.884,0.88454,0.88463,2.63,5.44
2018.01.10 19:00:57.438,0.88455,0.88463,1.69,1.87
2018.01.10 19:01:00.470,0.88454,0.88463,2.63,3.00
2018.01.10 19:01:01.176,0.88454,0.88463,1.50,2.81
2018.01.10 19:01:02.877,0.88454,0.88463,2.63,3.38
2018.01.10 19:01:05.229,0.88454,0.88463,2.44,2.81
2018.01.10 19:01:06.012,0.88454,0.88463,2.44,2.44
2018.01.10 19:01:06.646,0.88454,0.88463,5.25,2.44
2018.01.10 19:01:07.214,0.88454,0.88462,5.62,1.50
2018.01.10 19:01:07.745,0.88454,0.88463,5.62,2.62
2018.01.10 19:01:09.338,0.88455,0.88462,1.00,2.44
2018.01.10 19:01:09.443,0.88452,0.88461,3.56,1.12
2018.01.10 19:01:09.972,0.88452,0.88461,3.19,1.12
2018.01.10 19:01:10.550,0.88453,0.88461,1.19,1.25
2018.01.10 19:01:11.053,0.88452,0.88461,3.00,1.00
2018.01.10 19:01:12.521,0.88452,0.88462,3.00,2.63
2018.01.10 19:01:13.440,0.88452,0.88462,7.50,1.50
2018.01.10 19:01:14.419,0.88454,0.88462,3.00,1.50
2018.01.10 19:01:14.965,0.88454,0.88463,3.75,3.00
2018.01.10 19:01:15.434,0.88452,0.88461,1.69,1.87
2018.01.10 19:01:15.935,0.88452,0.88462,1.50,3.00
2018.01.10 19:01:16.928,0.8845,0.8846,5.06,1.87
2018.01.10 19:01:17.576,0.8845,0.8846,5.06,2.25
2018.01.10 19:01:18.215,0.8845,0.8846,4.31,1.87
2018.01.10 19:01:18.897,0.8845,0.8846,3.38,1.87
2018.01.10 19:01:19.911,0.88451,0.8846,1.00,1.87
2018.01.10 19:01:20.445,0.88451,0.88461,1.44,5.06
2018.01.10 19:01:20.993,0.8845,0.88461,4.69,2.81
2018.01.10 19:01:21.794,0.88451,0.88461,2.81,1.50
2018.01.10 19:01:22.155,0.88451,0.88462,3.38,8.44
2018.01.10 19:01:22.694,0.88452,0.88462,2.25,2.06
2018.01.10 19:01:23.204,0.88453,0.88462,1.63,2.44
2018.01.10 19:01:24.198,0.88453,0.88462,1.31,1.00
2018.01.10 19:01:26.121,0.88452,0.88462,1.69,5.63
2018.01.10 19:01:26.633,0.88451,0.88461,1.25,2.44
2018.01.10 19:01:27.697,0.88451,0.88461,1.63,1.50
2018.01.10 19:01:28.299,0.88451,0.88462,2.06,7.31
2018.01.10 19:01:29.144,0.88451,0.88461,2.25,4.13
2018.01.10 19:01:29.248,0.8845,0.88461,3.00,3.00
2018.01.10 19:01:29.300,0.8845,0.88461,3.75,4.88
2018.01.10 19:01:38.305,0.88451,0.88461,1.69,3.37
2018.01.10 19:01:38.620,0.88453,0.88462,1.00,1.50
2018.01.10 19:01:40.456,0.88453,0.88462,1.25,3.19
2018.01.10 19:01:40.560,0.88451,0.88461,3.94,4.13
2018.01.10 19:01:40.820,0.88452,0.88461,1.44,2.25
2018.01.10 19:01:41.364,0.88452,0.88461,1.13,2.25
2018.01.10 19:01:42.464,0.88452,0.88461,1.13,3.00
2018.01.10 19:01:43.027,0.88451,0.88461,3.00,1.87
2018.01.10 19:01:43.534,0.8845,0.8846,5.44,1.44
2018.01.10 19:01:44.503,0.88451,0.8846,1.50,1.00
2018.01.10 19:01:47.349,0.8845,0.8846,3.00,1.00
2018.01.10 19:01:47.877,0.8845,0.88459,3.38,1.00
2018.01.10 19:01:48.522,0.88451,0.88459,1.00,1.00
2018.01.10 19:01:49.154,0.88452,0.8846,1.00,1.00
2018.01.10 19:01:49.767,0.88452,0.88461,1.00,1.31
2018.01.10 19:01:50.850,0.88452,0.88461,1.13,2.25
2018.01.10 19:01:51.367,0.88452,0.88461,2.06,1.25
2018.01.10 19:01:52.343,0.88452,0.88461,1.69,1.00
2018.01.10 19:01:53.116,0.88452,0.88461,2.06,1.25
2018.01.10 19:01:53.630,0.88452,0.88461,1.69,1.00
2018.01.10 19:01:54.487,0.88452,0.88462,1.88,2.44
2018.01.10 19:01:55.124,0.88452,0.88462,2.25,2.44
2018.01.10 19:01:55.830,0.88452,0.88462,1.69,3.00
2018.01.10 19:01:56.900,0.88452,0.88461,1.69,1.50
2018.01.10 19:01:58.339,0.88453,0.88461,1.00,1.50
2018.01.10 19:01:58.859,0.88453,0.88462,1.00,1.87
2018.01.10 19:01:59.794,0.88452,0.88462,1.69,1.87
2018.01.10 19:02:02.220,0.88452,0.88462,1.69,3.00
2018.01.10 19:02:09.977,0.88452,0.8846,1.50,3.37
2018.01.10 19:02:10.623,0.88452,0.8846,1.00,5.25
2018.01.10 19:02:10.676,0.8845,0.8846,2.62,3.00
2018.01.10 19:02:10.728,0.88451,0.88461,1.00,3.56
2018.01.10 19:02:12.730,0.88451,0.8846,2.25,3.75
2018.01.10 19:02:13.232,0.88451,0.88461,3.37,1.50
2018.01.10 19:02:13.746,0.88451,0.88461,3.00,1.69
2018.01.10 19:02:14.886,0.88451,0.88461,3.38,1.00
2018.01.10 19:02:16.993,0.88452,0.88462,1.00,4.69
2018.01.10 19:02:19.002,0.88451,0.88462,3.94,4.69
2018.01.10 19:02:20.486,0.88451,0.88462,4.31,7.50
2018.01.10 19:02:21.012,0.88453,0.88462,1.00,3.56
2018.01.10 19:02:21.589,0.88453,0.88462,1.12,2.06
2018.01.10 19:02:22.111,0.88453,0.88463,1.00,6.00
2018.01.10 19:02:22.763,0.88453,0.88462,3.00,1.25
2018.01.10 19:02:27.576,0.88453,0.88462,1.87,2.06
2018.01.10 19:02:28.102,0.88453,0.88462,2.62,3.19
2018.01.10 19:02:28.902,0.88453,0.88462,1.50,1.31
2018.01.10 19:02:30.268,0.88453,0.88463,1.87,3.00
2018.01.10 19:02:30.659,0.88457,0.88465,1.00,1.13
2018.01.10 19:02:31.442,0.88457,0.88466,1.00,4.88
2018.01.10 19:02:33.995,0.88457,0.88465,1.00,3.38
2018.01.10 19:02:34.254,0.88457,0.88466,1.00,4.31
2018.01.10 19:02:38.248,0.88458,0.88466,1.00,1.87
2018.01.10 19:02:38.307,0.88458,0.88467,3.75,2.25
2018.01.10 19:02:38.465,0.8846,0.88469,3.38,1.00
2018.01.10 19:02:38.518,0.88462,0.88471,1.00,2.25
2018.01.10 19:02:39.033,0.88462,0.88471,1.00,1.44
2018.01.10 19:02:39.569,0.88462,0.88471,1.00,2.81
2018.01.10 19:02:40.662,0.88461,0.88471,1.00,3.19
2018.01.10 19:02:41.223,0.88461,0.88471,1.00,5.06
2018.01.10 19:02:41.744,0.8846,0.8847,1.50,2.25
2018.01.10 19:02:42.298,0.8846,0.8847,1.12,3.00
2018.01.10 19:02:42.707,0.88459,0.88468,1.50,2.81
2018.01.10 19:02:43.228,0.88459,0.88469,1.50,2.44
2018.01.10 19:02:43.549,0.88457,0.88467,3.00,3.38
2018.01.10 19:02:44.067,0.88457,0.88467,1.87,2.81
2018.01.10 19:02:46.797,0.88457,0.88467,1.87,3.38
2018.01.10 19:02:47.338,0.88457,0.88467,1.12,1.69
2018.01.10 19:02:47.961,0.88457,0.88467,1.88,2.06
2018.01.10 19:02:48.276,0.88459,0.88466,1.00,1.00
2018.01.10 19:02:48.872,0.88457,0.88465,1.50,1.50
2018.01.10 19:02:49.373,0.88457,0.88466,1.00,2.81
2018.01.10 19:02:56.638,0.88457,0.88467,1.00,4.87
2018.01.10 19:02:56.803,0.88459,0.88467,1.00,2.62
2018.01.10 19:03:02.104,0.88461,0.88469,1.00,2.44
2018.01.10 19:03:02.454,0.88458,0.88467,2.62,2.25
2018.01.10 19:03:03.208,0.88458,0.88467,2.06,3.56
2018.01.10 19:03:05.653,0.88458,0.88467,2.06,5.44
2018.01.10 19:03:07.237,0.88458,0.88467,2.62,2.81
2018.01.10 19:03:11.347,0.88459,0.88468,1.00,5.25
2018.01.10 19:03:11.875,0.88459,0.88469,1.00,9.00
2018.01.10 19:03:12.280,0.88459,0.88469,3.75,9.00
2018.01.10 19:03:13.339,0.88459,0.88469,3.19,9.19
2018.01.10 19:03:13.860,0.8846,0.88469,1.00,9.19
2018.01.10 19:03:16.033,0.88459,0.88469,3.56,9.19
2018.01.10 19:03:16.793,0.8846,0.88468,1.63,1.69
2018.01.10 19:03:17.690,0.88461,0.88469,3.00,1.50
2018.01.10 19:03:17.749,0.8846,0.88469,2.62,2.25
2018.01.10 19:03:18.282,0.8846,0.88468,1.00,3.19
2018.01.10 19:03:22.389,0.88459,0.88468,2.06,1.87
2018.01.10 19:03:22.492,0.88459,0.88468,3.94,1.87
2018.01.10 19:03:24.906,0.88459,0.88468,1.31,1.87
2018.01.10 19:03:25.419,0.8846,0.8847,1.00,4.50
2018.01.10 19:03:26.628,0.8846,0.8847,1.00,3.75
2018.01.10 19:03:31.004,0.8846,0.8847,1.69,4.31
2018.01.10 19:03:31.532,0.8846,0.88469,1.00,3.75
2018.01.10 19:03:33.333,0.8846,0.88467,1.00,1.50
2018.01.10 19:03:33.541,0.8846,0.88469,1.12,2.06
2018.01.10 19:03:34.205,0.8846,0.8847,1.87,2.06
2018.01.10 19:03:35.425,0.8846,0.8847,2.25,6.19
2018.01.10 19:03:36.538,0.8846,0.8847,1.87,3.75
2018.01.10 19:03:37.639,0.8846,0.8847,2.62,2.62
2018.01.10 19:03:38.478,0.8846,0.8847,1.50,1.50
2018.01.10 19:03:39.134,0.8846,0.8847,1.50,1.12
2018.01.10 19:03:41.843,0.88461,0.8847,1.00,3.56
2018.01.10 19:03:42.822,0.8846,0.88469,2.25,1.00
2018.01.10 19:03:43.346,0.88461,0.88469,1.00,1.00
2018.01.10 19:03:43.881,0.88461,0.88471,1.12,4.50
2018.01.10 19:03:44.488,0.88461,0.88471,1.31,5.25
2018.01.10 19:03:45.593,0.88461,0.88471,1.12,3.38
2018.01.10 19:03:46.149,0.88461,0.88471,1.12,3.75
2018.01.10 19:03:47.078,0.88461,0.88471,1.12,3.75
2018.01.10 19:03:48.435,0.88461,0.88471,1.50,6.19
2018.01.10 19:03:48.967,0.88461,0.88471,1.12,1.88
2018.01.10 19:03:52.970,0.88461,0.88471,1.31,5.06
2018.01.10 19:03:53.476,0.88461,0.88471,1.31,3.19
2018.01.10 19:03:57.139,0.88461,0.88469,1.12,1.50
2018.01.10 19:03:58.164,0.8846,0.88471,1.87,5.81
2018.01.10 19:04:01.635,0.88461,0.8847,1.00,1.00
2018.01.10 19:04:06.182,0.8846,0.88471,1.88,4.50
2018.01.10 19:04:16.362,0.8846,0.8847,3.56,1.13
2018.01.10 19:04:16.925,0.8846,0.88469,2.81,1.00
2018.01.10 19:04:17.471,0.8846,0.8847,1.87,1.00
2018.01.10 19:04:18.934,0.8846,0.88471,1.87,5.63
2018.01.10 19:04:19.193,0.8846,0.88469,1.87,1.50
2018.01.10 19:04:20.182,0.8846,0.88469,1.87,2.62
2018.01.10 19:04:20.727,0.8846,0.88471,2.06,5.63
2018.01.10 19:04:21.251,0.8846,0.88471,1.87,5.44
2018.01.10 19:04:21.881,0.88461,0.88471,1.00,6.38
2018.01.10 19:04:22.198,0.88463,0.88471,1.00,1.87
2018.01.10 19:04:22.739,0.88464,0.88472,1.13,1.12
2018.01.10 19:04:23.156,0.88466,0.88475,1.25,2.25
2018.01.10 19:04:23.532,0.88464,0.88475,2.06,4.50
2018.01.10 19:04:24.136,0.88465,0.88475,1.69,3.56
2018.01.10 19:04:24.658,0.88466,0.88475,1.87,1.00
2018.01.10 19:04:25.414,0.88466,0.88475,2.06,4.69
2018.01.10 19:04:25.994,0.88466,0.88475,1.87,1.31
2018.01.10 19:04:26.535,0.88466,0.88475,2.06,2.06
2018.01.10 19:04:27.202,0.88466,0.88475,1.87,1.00
2018.01.10 19:04:33.333,0.88466,0.88474,2.62,1.50
2018.01.10 19:04:35.915,0.88466,0.88475,1.87,2.44
2018.01.10 19:04:36.534,0.88466,0.88474,2.25,1.69
2018.01.10 19:04:36.586,0.88466,0.88472,1.12,1.50
2018.01.10 19:04:37.105,0.88465,0.88472,1.12,1.50
2018.01.10 19:04:38.078,0.88465,0.88474,1.12,4.69
2018.01.10 19:04:38.234,0.88463,0.88473,2.25,1.88
2018.01.10 19:04:38.756,0.88463,0.88473,2.63,2.63
2018.01.10 19:04:39.294,0.88463,0.88473,2.63,1.88
2018.01.10 19:04:40.287,0.88463,0.88473,2.63,2.81
2018.01.10 19:04:40.828,0.88463,0.88473,2.25,1.87
2018.01.10 19:04:41.946,0.88463,0.88474,2.25,6.38
2018.01.10 19:04:42.598,0.88463,0.88474,3.00,7.31
2018.01.10 19:04:43.258,0.88463,0.88472,3.00,1.50
2018.01.10 19:04:43.846,0.88463,0.88474,3.00,6.94
2018.01.10 19:04:44.526,0.88463,0.88473,2.06,2.25
2018.01.10 19:04:45.077,0.88464,0.88472,1.00,1.50
2018.01.10 19:04:45.951,0.88463,0.88472,1.50,1.50
2018.01.10 19:04:47.222,0.88463,0.88473,1.50,2.81
2018.01.10 19:04:48.259,0.88463,0.88473,1.50,3.94
2018.01.10 19:04:49.422,0.88463,0.88473,1.31,3.00
2018.01.10 19:04:50.986,0.88463,0.88473,1.69,3.94
2018.01.10 19:04:51.558,0.88464,0.88473,1.00,2.81
2018.01.10 19:04:54.897,0.88464,0.88473,1.87,1.50
2018.01.10 19:04:55.002,0.88464,0.88472,2.25,2.63
2018.01.10 19:04:55.553,0.88464,0.88472,1.12,1.50
2018.01.10 19:04:57.647,0.88464,0.88473,1.12,2.06
2018.01.10 19:04:59.032,0.88464,0.88472,1.12,1.00
2018.01.10 19:05:00.177,0.88464,0.88473,1.00,2.25
2018.01.10 19:05:00.935,0.88464,0.88473,1.25,3.19
2018.01.10 19:05:03.006,0.88464,0.88471,1.00,1.50
2018.01.10 19:05:05.645,0.88464,0.88472,1.00,1.50
2018.01.10 19:05:07.878,0.88464,0.88471,1.00,1.00
2018.01.10 19:05:07.931,0.88462,0.88472,1.87,3.00
2018.01.10 19:05:08.478,0.88461,0.88472,3.19,2.25
2018.01.10 19:05:09.005,0.88461,0.88472,3.19,2.25
2018.01.10 19:05:09.850,0.88462,0.88471,1.00,1.13
2018.01.10 19:05:10.420,0.88462,0.88471,1.00,1.38
2018.01.10 19:05:11.210,0.88461,0.8847,1.00,1.00
2018.01.10 19:05:11.806,0.88461,0.88471,1.00,3.38
2018.01.10 19:05:13.028,0.88461,0.88471,1.00,3.75
2018.01.10 19:05:13.536,0.88461,0.88471,3.00,1.00
2018.01.10 19:05:15.221,0.88462,0.88472,1.50,3.56
2018.01.10 19:05:20.551,0.88462,0.88471,1.50,2.81
2018.01.10 19:05:21.585,0.88462,0.88471,1.00,4.13
2018.01.10 19:05:23.582,0.88462,0.8847,1.00,1.25
2018.01.10 19:05:24.527,0.88462,0.88471,1.25,3.19
2018.01.10 19:05:25.031,0.88462,0.88472,1.00,5.06
2018.01.10 19:05:25.343,0.88464,0.88472,1.00,1.50
2018.01.10 19:05:28.603,0.88463,0.88472,1.88,1.00
2018.01.10 19:05:28.708,0.88465,0.88475,1.87,4.50
2018.01.10 19:05:28.919,0.88467,0.88475,1.00,2.81
2018.01.10 19:05:29.139,0.88465,0.88475,3.37,1.13
2018.01.10 19:05:29.642,0.88465,0.88475,3.00,4.31
2018.01.10 19:05:30.164,0.88465,0.88475,2.06,2.44
2018.01.10 19:05:31.154,0.88465,0.88474,1.69,2.81
2018.01.10 19:05:31.661,0.88466,0.88475,1.00,2.06
2018.01.10 19:05:32.082,0.88465,0.88474,1.12,2.81
2018.01.10 19:05:32.658,0.88464,0.88474,1.50,2.44
2018.01.10 19:05:33.169,0.88464,0.88473,1.00,2.25
2018.01.10 19:05:34.994,0.88464,0.88473,1.00,3.00
2018.01.10 19:05:36.972,0.88464,0.88473,1.00,1.00
2018.01.10 19:05:37.524,0.88465,0.88473,1.00,1.00
2018.01.10 19:05:42.626,0.88465,0.88472,1.00,1.50
2018.01.10 19:05:48.566,0.88465,0.88474,1.00,4.13
2018.01.10 19:05:49.075,0.88465,0.88474,1.00,4.13
2018.01.10 19:05:49.624,0.88465,0.88474,1.00,3.94
2018.01.10 19:05:51.544,0.88465,0.88474,1.00,3.56
2018.01.10 19:05:57.261,0.88465,0.88474,1.00,4.50
2018.01.10 19:05:57.813,0.88465,0.88473,1.00,1.00
2018.01.10 19:06:02.213,0.88464,0.88473,1.25,3.75
2018.01.10 19:06:02.266,0.88463,0.88472,1.12,2.63
2018.01.10 19:06:02.778,0.88462,0.88471,2.06,1.44
2018.01.10 19:06:03.293,0.88461,0.88471,4.31,1.87
2018.01.10 19:06:03.807,0.88461,0.8847,3.19,1.50
2018.01.10 19:06:04.710,0.88461,0.88471,2.25,3.19
2018.01.10 19:06:05.017,0.88461,0.88471,1.13,5.63
2018.01.10 19:06:05.804,0.8846,0.88471,3.00,4.50
2018.01.10 19:06:07.857,0.8846,0.8847,3.75,1.63
2018.01.10 19:06:08.879,0.8846,0.8847,2.63,1.13
2018.01.10 19:06:09.426,0.8846,0.88469,1.50,1.50
2018.01.10 19:06:10.145,0.8846,0.8847,1.50,1.50
2018.01.10 19:06:11.348,0.8846,0.88469,1.25,1.88
2018.01.10 19:06:13.370,0.88459,0.88469,3.19,2.62
2018.01.10 19:06:14.102,0.88459,0.88469,3.38,3.75
2018.01.10 19:06:15.134,0.88459,0.88469,3.19,1.12
2018.01.10 19:06:15.782,0.8846,0.8847,1.13,3.75
2018.01.10 19:06:16.521,0.88462,0.8847,1.00,3.00
2018.01.10 19:06:17.047,0.88461,0.8847,2.25,1.00
2018.01.10 19:06:17.783,0.88461,0.88471,3.00,1.00
2018.01.10 19:06:20.063,0.88462,0.88471,1.00,1.00
2018.01.10 19:06:22.244,0.88461,0.8847,1.50,1.69
2018.01.10 19:06:24.059,0.88461,0.88469,1.50,1.50
2018.01.10 19:06:27.482,0.88461,0.8847,1.69,1.50
2018.01.10 19:06:32.928,0.88461,0.88469,1.69,2.25
2018.01.10 19:06:35.895,0.88461,0.88469,1.00,1.50
2018.01.10 19:06:36.672,0.88459,0.88469,3.19,1.88
2018.01.10 19:06:37.358,0.88459,0.88469,2.44,1.50
2018.01.10 19:06:47.351,0.8846,0.88469,1.87,2.44
2018.01.10 19:06:48.333,0.8846,0.88469,1.12,1.00
2018.01.10 19:06:49.573,0.88458,0.88466,2.25,1.69
2018.01.10 19:06:49.731,0.88456,0.88467,2.62,1.69
2018.01.10 19:06:50.804,0.88456,0.88467,1.87,3.94
2018.01.10 19:06:51.432,0.88457,0.88466,1.00,1.13
2018.01.10 19:06:52.039,0.88457,0.88467,1.00,3.94
2018.01.10 19:06:52.516,0.88456,0.88466,3.00,1.69
2018.01.10 19:06:53.022,0.88456,0.88467,5.63,2.63
2018.01.10 19:06:53.537,0.88456,0.88466,6.00,1.00
2018.01.10 19:06:54.339,0.88458,0.88466,1.00,1.00
2018.01.10 19:06:55.381,0.88457,0.88467,1.50,3.00
2018.01.10 19:06:56.556,0.88458,0.88467,1.00,1.31
2018.01.10 19:07:00.602,0.88457,0.88467,3.00,3.38
2018.01.10 19:07:02.603,0.88457,0.88468,4.50,3.38
2018.01.10 19:07:03.136,0.88458,0.88468,1.00,2.63
2018.01.10 19:07:03.698,0.88457,0.88468,5.81,3.00
2018.01.10 19:07:04.408,0.88457,0.88468,5.81,1.50
2018.01.10 19:07:05.585,0.88458,0.88468,1.13,1.88
2018.01.10 19:07:08.160,0.88458,0.88468,1.63,2.81
2018.01.10 19:07:17.910,0.88457,0.88468,5.63,2.44
2018.01.10 19:07:23.333,0.88458,0.88468,1.88,2.63
2018.01.10 19:07:23.838,0.88457,0.88468,4.88,1.69
2018.01.10 19:07:26.178,0.88457,0.88467,6.00,1.00
2018.01.10 19:07:26.724,0.88457,0.88468,4.88,3.75
2018.01.10 19:07:28.184,0.88457,0.88468,5.81,5.63
2018.01.10 19:07:42.236,0.88457,0.88466,2.25,1.50
2018.01.10 19:07:42.396,0.88456,0.88465,1.12,1.50
2018.01.10 19:07:43.426,0.88457,0.88465,1.00,1.00
2018.01.10 19:07:43.715,0.88455,0.88465,1.00,3.56
2018.01.10 19:07:43.879,0.88456,0.88466,1.37,1.87
2018.01.10 19:07:44.400,0.88457,0.88467,1.87,3.00
2018.01.10 19:07:44.906,0.88458,0.88467,1.25,1.69
2018.01.10 19:07:45.496,0.88458,0.88468,2.25,2.44
2018.01.10 19:07:46.095,0.88458,0.88468,2.62,2.81
2018.01.10 19:07:48.833,0.88458,0.88468,1.50,2.63
2018.01.10 19:07:49.361,0.88458,0.88468,1.50,3.00
2018.01.10 19:07:50.787,0.88458,0.88467,1.00,5.63
2018.01.10 19:07:50.840,0.88456,0.88466,3.00,1.00
2018.01.10 19:07:51.730,0.88457,0.88467,1.00,5.25
2018.01.10 19:07:52.395,0.88457,0.88466,1.00,1.00
2018.01.10 19:07:53.028,0.88457,0.88465,1.00,1.13
2018.01.10 19:07:53.833,0.88456,0.88465,1.12,1.12
2018.01.10 19:07:54.511,0.88456,0.88464,1.00,1.25
2018.01.10 19:07:54.669,0.88454,0.88463,1.12,1.00
2018.01.10 19:07:54.934,0.88453,0.88462,1.00,3.19
2018.01.10 19:07:55.231,0.88452,0.88462,1.50,5.44
2018.01.10 19:07:55.754,0.88452,0.88461,1.50,4.31
2018.01.10 19:07:56.291,0.88452,0.88463,2.06,4.31
2018.01.10 19:07:56.396,0.88452,0.88461,1.12,2.06
2018.01.10 19:07:56.746,0.8845,0.8846,1.00,3.75
2018.01.10 19:07:56.858,0.88451,0.8846,1.69,1.00
2018.01.10 19:07:57.269,0.88452,0.88461,2.62,1.50
2018.01.10 19:07:57.841,0.88452,0.88462,4.31,1.00
2018.01.10 19:07:58.500,0.88453,0.88463,1.00,3.94
2018.01.10 19:07:59.211,0.88452,0.88463,3.94,3.94
2018.01.10 19:07:59.737,0.88452,0.88463,2.44,3.00
2018.01.10 19:08:00.219,0.88457,0.88463,1.00,1.87
2018.01.10 19:08:00.697,0.88455,0.88463,1.20,1.12
2018.01.10 19:08:01.165,0.88454,0.88461,1.57,1.50
2018.01.10 19:08:01.354,0.88451,0.88459,3.00,1.00
2018.01.10 19:08:01.430,0.88452,0.88461,1.00,2.06
2018.01.10 19:08:01.734,0.88453,0.88463,1.25,4.12
2018.01.10 19:08:01.848,0.88455,0.88462,1.00,2.44
2018.01.10 19:08:01.953,0.88453,0.8846,1.00,1.00
2018.01.10 19:08:02.112,0.88454,0.88461,1.31,1.00
2018.01.10 19:08:02.263,0.88455,0.88464,2.25,1.87
2018.01.10 19:08:02.736,0.88454,0.88463,2.06,1.69
2018.01.10 19:08:03.271,0.88453,0.88463,1.00,2.81
2018.01.10 19:08:03.747,0.88453,0.88463,1.69,3.94
2018.01.10 19:08:04.446,0.88452,0.88459,1.25,1.00
2018.01.10 19:08:05.271,0.88452,0.8846,1.50,1.87
2018.01.10 19:08:05.377,0.88455,0.88464,2.44,1.00
2018.01.10 19:08:05.586,0.88454,0.88462,1.00,1.50
2018.01.10 19:08:05.910,0.88452,0.8846,1.00,1.12
2018.01.10 19:08:06.566,0.88451,0.8846,2.25,1.12
2018.01.10 19:08:07.092,0.88452,0.88462,1.12,1.87
2018.01.10 19:08:07.469,0.88452,0.8846,1.25,3.56
2018.01.10 19:08:07.983,0.88451,0.88461,1.44,2.81
2018.01.10 19:08:08.577,0.88453,0.88462,1.00,1.61
2018.01.10 19:08:08.905,0.88455,0.88462,1.23,1.50
2018.01.10 19:08:09.338,0.88453,0.88462,1.23,1.50
2018.01.10 19:08:09.547,0.88455,0.88464,1.12,4.87
2018.01.10 19:08:09.859,0.88453,0.88462,2.25,2.62
2018.01.10 19:08:10.087,0.88453,0.88459,1.00,2.25
2018.01.10 19:08:10.600,0.88452,0.88462,1.00,1.50
2018.01.10 19:08:10.721,0.88452,0.8846,1.00,1.50
2018.01.10 19:08:11.130,0.88452,0.88462,2.62,2.25
2018.01.10 19:08:11.502,0.88454,0.88462,1.87,1.87
2018.01.10 19:08:12.000,0.88455,0.88464,1.10,1.13
2018.01.10 19:08:12.053,0.88457,0.88465,1.00,1.50
2018.01.10 19:08:12.262,0.88455,0.88465,2.25,4.69
2018.01.10 19:08:12.764,0.88454,0.88465,1.12,3.37
2018.01.10 19:08:13.187,0.88457,0.88466,1.12,2.81
2018.01.10 19:08:13.244,0.88458,0.88468,1.00,1.00
2018.01.10 19:08:13.787,0.88459,0.88468,1.20,3.00
2018.01.10 19:08:14.307,0.8846,0.88468,1.00,2.62
2018.01.10 19:08:14.811,0.88463,0.88469,1.00,1.50
2018.01.10 19:08:14.918,0.88461,0.88469,1.57,1.50
2018.01.10 19:08:15.335,0.88459,0.88467,2.32,2.62
2018.01.10 19:08:15.648,0.88458,0.88466,1.20,3.56
2018.01.10 19:08:16.202,0.88458,0.88466,1.20,1.00
2018.01.10 19:08:16.725,0.88457,0.88468,1.20,6.38
2018.01.10 19:08:17.240,0.88455,0.88465,3.19,2.25
2018.01.10 19:08:17.847,0.88452,0.88459,1.50,1.50
2018.01.10 19:08:18.114,0.88448,0.88458,1.50,2.81
2018.01.10 19:08:18.346,0.88448,0.88455,1.50,1.50
2018.01.10 19:08:18.504,0.88448,0.88458,1.25,3.94
2018.01.10 19:08:18.564,0.8845,0.88457,1.25,1.00
2018.01.10 19:08:18.670,0.88449,0.8846,2.06,3.19
2018.01.10 19:08:19.187,0.8845,0.8846,3.37,1.87
2018.01.10 19:08:19.294,0.8845,0.88462,3.94,3.56
2018.01.10 19:08:19.347,0.88455,0.88462,1.00,4.12
2018.01.10 19:08:19.720,0.88454,0.88463,1.95,4.13
2018.01.10 19:08:19.930,0.88455,0.88463,1.69,1.50
2018.01.10 19:08:20.222,0.88454,0.88463,1.31,1.25
2018.01.10 19:08:20.327,0.88453,0.88461,1.00,1.00
2018.01.10 19:08:20.380,0.88453,0.88463,1.69,2.25
2018.01.10 19:08:20.486,0.88454,0.88463,1.00,1.38
2018.01.10 19:08:20.695,0.88453,0.88464,1.69,4.31
2018.01.10 19:08:21.314,0.88454,0.88463,1.12,1.25
2018.01.10 19:08:21.851,0.88453,0.88462,1.50,1.00
2018.01.10 19:08:22.739,0.88453,0.88463,1.44,2.25
2018.01.10 19:08:23.310,0.88453,0.88464,1.25,4.13
2018.01.10 19:08:23.936,0.88453,0.88463,1.12,2.81
2018.01.10 19:08:24.555,0.88452,0.88463,1.87,1.00
2018.01.10 19:08:25.073,0.88452,0.88462,2.06,1.25
2018.01.10 19:08:25.737,0.88452,0.88462,1.88,3.75
2018.01.10 19:08:26.259,0.88453,0.88463,1.50,1.37
2018.01.10 19:08:26.778,0.88453,0.88463,1.13,1.31
2018.01.10 19:08:27.301,0.88453,0.88464,1.50,4.13
2018.01.10 19:08:27.615,0.88452,0.88462,2.25,2.44
2018.01.10 19:08:28.150,0.88452,0.88461,1.31,1.50
2018.01.10 19:08:28.689,0.88452,0.88463,2.63,2.25
2018.01.10 19:08:29.226,0.88452,0.88462,2.06,1.87
2018.01.10 19:08:29.821,0.88452,0.88462,1.00,2.25
2018.01.10 19:08:30.364,0.88451,0.8846,2.25,2.44
2018.01.10 19:08:30.909,0.88451,0.88461,1.12,1.50
2018.01.10 19:08:31.530,0.88451,0.88461,1.31,3.37
2018.01.10 19:08:32.062,0.88452,0.88462,1.00,1.69
2018.01.10 19:08:32.305,0.88453,0.88464,1.50,1.00
2018.01.10 19:08:32.359,0.88455,0.88465,1.25,2.81
2018.01.10 19:08:33.175,0.88455,0.88465,2.81,2.25
2018.01.10 19:08:33.234,0.88455,0.88467,2.25,5.62
2018.01.10 19:08:33.300,0.88455,0.88464,1.12,1.50
2018.01.10 19:08:33.405,0.88455,0.88466,2.06,3.56
2018.01.10 19:08:33.934,0.88455,0.88465,2.44,1.50
2018.01.10 19:08:34.472,0.88455,0.88466,3.56,1.00
2018.01.10 19:08:34.988,0.88456,0.88467,2.81,1.12
2018.01.10 19:08:35.521,0.88457,0.88467,1.12,1.37
2018.01.10 19:08:37.489,0.88456,0.88467,4.50,1.31
2018.01.10 19:08:38.662,0.88457,0.88468,4.69,2.62
2018.01.10 19:08:39.203,0.88457,0.88468,3.19,1.87
2018.01.10 19:08:39.726,0.88458,0.88468,1.69,3.00
2018.01.10 19:08:40.268,0.88458,0.88467,1.00,1.25
2018.01.10 19:08:40.792,0.88459,0.88467,1.20,1.25
2018.01.10 19:08:41.615,0.88459,0.88467,1.20,1.87
2018.01.10 19:08:42.117,0.88459,0.88467,1.20,1.31
2018.01.10 19:08:43.688,0.88459,0.88467,1.20,1.87
2018.01.10 19:08:44.216,0.88457,0.88466,1.12,1.00
2018.01.10 19:08:45.362,0.88459,0.88466,1.20,1.00
2018.01.10 19:08:46.686,0.8846,0.88466,1.20,1.00
2018.01.10 19:08:47.227,0.88459,0.88466,1.00,1.00
2018.01.10 19:08:49.879,0.88459,0.88468,1.95,1.12
2018.01.10 19:08:50.038,0.88461,0.88468,1.20,1.00
2018.01.10 19:08:50.145,0.88458,0.88468,1.69,1.12
2018.01.10 19:08:50.671,0.88458,0.88467,1.50,1.00
2018.01.10 19:08:51.193,0.88458,0.88467,1.00,1.69
2018.01.10 19:08:51.247,0.88457,0.88465,1.50,1.50
2018.01.10 19:08:51.760,0.88456,0.88466,3.56,1.00
2018.01.10 19:08:52.318,0.88457,0.88466,1.00,1.00
2018.01.10 19:08:52.855,0.88456,0.88466,3.75,1.12
2018.01.10 19:08:54.201,0.88458,0.88466,1.00,1.87
2018.01.10 19:08:56.594,0.88459,0.88467,1.00,2.25
2018.01.10 19:08:57.113,0.88458,0.88467,1.12,1.69
2018.01.10 19:08:57.537,0.88459,0.88469,1.00,3.19
2018.01.10 19:08:58.179,0.88459,0.88469,1.00,6.56
2018.01.10 19:08:58.793,0.88459,0.88467,1.00,1.50
2018.01.10 19:08:59.408,0.88458,0.88467,1.00,1.12
2018.01.10 19:09:01.261,0.88457,0.88467,1.50,3.94
2018.01.10 19:09:01.419,0.88459,0.88467,1.00,1.00
2018.01.10 19:09:01.734,0.88461,0.8847,1.50,1.12
2018.01.10 19:09:01.954,0.88462,0.88472,1.87,2.44
2018.01.10 19:09:02.486,0.88462,0.88471,1.12,1.00
2018.01.10 19:09:02.591,0.88462,0.88473,1.12,6.19
2018.01.10 19:09:03.098,0.88462,0.88472,1.12,1.12
2018.01.10 19:09:03.630,0.88463,0.88471,1.20,1.12
2018.01.10 19:09:04.134,0.88464,0.88471,1.20,1.00
2018.01.10 19:09:06.229,0.88464,0.88472,1.57,1.50
2018.01.10 19:09:06.763,0.88465,0.88472,1.12,1.00
2018.01.10 19:09:07.324,0.88464,0.88473,1.57,2.25
2018.01.10 19:09:07.377,0.88466,0.88473,1.00,2.25
2018.01.10 19:09:07.482,0.88464,0.88473,1.57,2.25
2018.01.10 19:09:08.268,0.88463,0.88473,1.50,2.44
2018.01.10 19:09:08.783,0.88464,0.88472,1.00,1.12
2018.01.10 19:09:10.578,0.88462,0.88472,1.00,1.25
2018.01.10 19:09:10.916,0.88462,0.88473,2.25,1.69
2018.01.10 19:09:11.245,0.88462,0.88472,2.44,1.12
2018.01.10 19:09:11.773,0.88462,0.88473,2.25,5.06
2018.01.10 19:09:12.315,0.88463,0.88472,1.00,1.50
2018.01.10 19:09:12.923,0.88462,0.88472,1.50,1.69
2018.01.10 19:09:13.451,0.88462,0.88471,1.00,1.50
2018.01.10 19:09:13.992,0.88462,0.88472,1.00,1.50
2018.01.10 19:09:14.732,0.88461,0.88471,1.87,3.75
2018.01.10 19:09:15.197,0.8846,0.88469,1.00,1.69
2018.01.10 19:09:15.714,0.8846,0.8847,1.00,6.19
2018.01.10 19:09:16.248,0.8846,0.88469,1.00,3.75
2018.01.10 19:09:16.303,0.88457,0.88466,1.87,1.87
2018.01.10 19:09:16.957,0.88455,0.88465,3.94,1.00
2018.01.10 19:09:17.178,0.88457,0.88467,1.00,3.19
2018.01.10 19:09:17.696,0.88457,0.88466,1.00,1.69
2018.01.10 19:09:18.225,0.88456,0.88466,2.62,2.62
2018.01.10 19:09:20.893,0.88456,0.88466,1.87,5.44
2018.01.10 19:09:22.495,0.88456,0.88466,1.87,4.69
2018.01.10 19:09:23.224,0.88456,0.88465,1.12,1.12
2018.01.10 19:09:27.779,0.88455,0.88464,1.37,1.87
2018.01.10 19:09:27.832,0.88454,0.88463,2.25,1.00
2018.01.10 19:09:28.227,0.88456,0.88465,1.00,2.62
2018.01.10 19:09:32.054,0.88455,0.88464,1.50,2.62
2018.01.10 19:09:33.069,0.88454,0.88464,1.00,4.69
2018.01.10 19:09:34.942,0.88453,0.88463,2.25,3.19
2018.01.10 19:09:35.443,0.88453,0.88463,2.62,1.00
2018.01.10 19:09:36.802,0.88453,0.88464,2.62,4.87
2018.01.10 19:09:38.488,0.88453,0.88464,3.75,1.69
2018.01.10 19:09:39.882,0.88455,0.88464,1.20,1.87
2018.01.10 19:09:40.589,0.88455,0.88464,1.20,1.50
2018.01.10 19:09:41.131,0.88455,0.88463,1.20,1.25
2018.01.10 19:09:41.759,0.88454,0.88464,1.10,3.56
2018.01.10 19:09:42.272,0.88455,0.88464,1.20,1.00
2018.01.10 19:09:43.005,0.88455,0.88464,2.32,1.00
2018.01.10 19:09:43.843,0.88455,0.88464,1.87,1.00
2018.01.10 19:09:45.425,0.88455,0.88463,1.87,1.00
2018.01.10 19:09:46.922,0.88455,0.88464,1.12,1.00
2018.01.10 19:09:47.508,0.88455,0.88465,1.12,1.31
2018.01.10 19:09:48.044,0.88455,0.88464,1.12,1.00
2018.01.10 19:09:49.758,0.88453,0.88463,3.37,1.50
2018.01.10 19:09:50.282,0.88456,0.88463,1.20,2.25
2018.01.10 19:09:50.807,0.88453,0.88461,1.20,2.25
2018.01.10 19:09:50.919,0.88456,0.88463,1.20,2.25
2018.01.10 19:09:51.128,0.88454,0.88463,1.20,4.69
2018.01.10 19:09:52.624,0.88453,0.88463,1.87,5.81
2018.01.10 19:09:53.028,0.88455,0.88463,1.20,1.12
2018.01.10 19:09:54.022,0.88455,0.88464,1.45,2.62
2018.01.10 19:09:54.646,0.88454,0.88464,1.95,2.62
2018.01.10 19:09:55.243,0.88454,0.88464,1.12,4.50
2018.01.10 19:09:56.434,0.88455,0.88464,1.00,1.00
2018.01.10 19:09:56.984,0.88454,0.88463,3.00,1.00
2018.01.10 19:09:57.518,0.88454,0.88464,2.62,2.25
2018.01.10 19:09:58.023,0.88454,0.88464,2.25,2.25
2018.01.10 19:09:58.532,0.88453,0.88464,3.19,4.31
2018.01.10 19:09:59.080,0.88452,0.88463,5.81,2.25
2018.01.10 19:09:59.824,0.88452,0.88463,4.12,5.06
2018.01.10 19:10:00.132,0.88455,0.88464,1.12,3.00
2018.01.10 19:10:00.350,0.88456,0.88465,1.25,3.19
2018.01.10 19:10:02.305,0.88457,0.88466,1.50,1.00
2018.01.10 19:10:02.358,0.88458,0.88466,2.81,1.00
2018.01.10 19:10:02.465,0.88459,0.88468,1.12,1.00
2018.01.10 19:10:02.990,0.8846,0.88469,1.00,1.12
2018.01.10 19:10:04.740,0.8846,0.88468,1.00,1.12
2018.01.10 19:10:05.002,0.8846,0.8847,2.62,4.12
2018.01.10 19:10:05.832,0.88459,0.88468,3.94,1.00
2018.01.10 19:10:06.934,0.8846,0.8847,2.62,4.12
2018.01.10 19:10:07.445,0.88461,0.88471,1.87,2.25
2018.01.10 19:10:07.610,0.8846,0.88469,1.00,1.00
2018.01.10 19:10:08.593,0.8846,0.8847,1.69,3.00
2018.01.10 19:10:10.865,0.88459,0.88468,1.12,1.50
2018.01.10 19:10:11.396,0.88458,0.88468,1.37,1.50
2018.01.10 19:10:11.996,0.88458,0.88469,2.62,7.12
2018.01.10 19:10:12.634,0.88458,0.88469,2.62,5.44
2018.01.10 19:10:13.183,0.88458,0.88469,2.62,7.87
2018.01.10 19:10:14.092,0.88458,0.88468,1.69,1.19
2018.01.10 19:10:15.093,0.88458,0.88469,1.50,5.62
2018.01.10 19:10:16.148,0.88458,0.88469,3.19,5.81
2018.01.10 19:10:16.687,0.88458,0.88469,3.00,4.87
2018.01.10 19:10:17.176,0.88459,0.88467,1.12,1.00
2018.01.10 19:10:17.229,0.88457,0.88467,2.62,3.94
2018.01.10 19:10:17.542,0.88456,0.88465,1.12,1.50
2018.01.10 19:10:18.529,0.88455,0.88465,3.00,4.50
2018.01.10 19:10:19.834,0.88455,0.88465,1.00,5.06
2018.01.10 19:10:20.385,0.88454,0.88463,1.00,2.25
2018.01.10 19:10:20.911,0.88453,0.88463,1.87,4.12
2018.01.10 19:10:22.170,0.88453,0.88463,1.12,2.25
2018.01.10 19:10:23.275,0.88453,0.88462,2.06,1.00
2018.01.10 19:10:23.874,0.88453,0.88463,2.81,1.00
2018.01.10 19:10:24.468,0.88453,0.88463,2.25,2.25
2018.01.10 19:10:24.994,0.88453,0.88463,2.25,2.62
2018.01.10 19:10:26.144,0.88453,0.88463,1.31,3.56
2018.01.10 19:10:26.562,0.88454,0.88464,4.12,1.00
2018.01.10 19:10:27.079,0.88456,0.88465,1.12,2.44
2018.01.10 19:10:27.692,0.88456,0.88465,1.87,2.25
2018.01.10 19:10:28.733,0.88456,0.88464,1.12,1.00
2018.01.10 19:10:28.788,0.88454,0.88463,2.25,1.00
2018.01.10 19:10:29.289,0.88453,0.88464,1.12,7.87
2018.01.10 19:10:29.487,0.88453,0.88462,1.00,4.12
2018.01.10 19:10:30.022,0.88452,0.88461,1.12,1.00
2018.01.10 19:10:30.355,0.88454,0.88462,1.00,1.00
2018.01.10 19:10:31.185,0.88452,0.88463,4.12,5.25
2018.01.10 19:10:31.707,0.88454,0.88462,1.00,2.25
2018.01.10 19:10:32.588,0.88452,0.88462,1.50,1.87
2018.01.10 19:10:33.377,0.88451,0.8846,1.00,6.37
2018.01.10 19:10:33.430,0.88449,0.88459,3.75,2.25
2018.01.10 19:10:33.482,0.88451,0.88459,1.00,1.00
2018.01.10 19:10:33.903,0.88451,0.88461,1.87,1.12
2018.01.10 19:10:34.561,0.88452,0.88462,1.12,3.75
2018.01.10 19:10:34.676,0.88453,0.88462,2.25,4.12
2018.01.10 19:10:34.915,0.88453,0.88464,2.06,4.69
2018.01.10 19:10:35.525,0.88453,0.88464,2.25,5.06
2018.01.10 19:10:35.818,0.88452,0.88462,3.37,3.00
2018.01.10 19:10:36.845,0.88452,0.88462,2.06,1.50
2018.01.10 19:10:37.537,0.88452,0.88462,2.25,2.44
2018.01.10 19:10:38.066,0.88452,0.88462,1.87,2.06
2018.01.10 19:10:38.628,0.88452,0.88461,2.81,1.00
2018.01.10 19:10:39.154,0.88452,0.88462,1.00,1.69
2018.01.10 19:10:39.656,0.88453,0.88464,1.12,4.69
2018.01.10 19:10:40.173,0.88453,0.88463,1.31,2.25
2018.01.10 19:10:41.660,0.88453,0.88463,1.00,3.37
2018.01.10 19:10:42.573,0.88454,0.88463,1.50,1.00
2018.01.10 19:10:43.074,0.88454,0.88464,1.87,3.37
2018.01.10 19:10:43.869,0.88454,0.88464,1.12,2.81
2018.01.10 19:10:44.467,0.88453,0.88463,1.37,2.62
2018.01.10 19:10:45.078,0.88453,0.88463,2.06,3.00
2018.01.10 19:10:46.102,0.88453,0.88463,1.00,1.87
2018.01.10 19:10:49.918,0.88453,0.88463,1.25,2.62
2018.01.10 19:10:50.645,0.88453,0.88463,1.00,1.69
2018.01.10 19:10:51.198,0.88453,0.88463,1.25,2.62
2018.01.10 19:10:52.696,0.88453,0.88463,1.00,1.69
2018.01.10 19:10:52.998,0.88453,0.88461,1.00,1.25
2018.01.10 19:10:54.669,0.88452,0.88461,1.00,1.50
2018.01.10 19:10:55.217,0.88453,0.88461,1.00,1.00
2018.01.10 19:10:55.613,0.88452,0.88463,2.44,5.06
2018.01.10 19:10:57.146,0.88452,0.88462,1.69,1.00
2018.01.10 19:10:57.313,0.88455,0.88463,1.50,1.12
2018.01.10 19:10:57.420,0.88457,0.88466,1.12,1.50
2018.01.10 19:10:57.576,0.88458,0.88468,1.00,6.19
2018.01.10 19:10:57.953,0.88457,0.88465,2.62,1.00
2018.01.10 19:10:58.270,0.88455,0.88465,4.50,1.00
2018.01.10 19:10:58.324,0.88457,0.88467,3.00,2.25
2018.01.10 19:10:58.656,0.88459,0.88468,1.50,2.25
2018.01.10 19:10:58.972,0.88462,0.8847,1.00,1.50
2018.01.10 19:10:59.076,0.8846,0.8847,3.94,2.25
2018.01.10 19:11:00.256,0.8846,0.88469,1.87,2.44
2018.01.10 19:11:00.795,0.88459,0.88468,2.62,1.00
2018.01.10 19:11:01.344,0.88459,0.88469,1.12,4.50
2018.01.10 19:11:01.903,0.88458,0.88468,2.25,1.00
2018.01.10 19:11:02.481,0.8846,0.88469,1.00,3.94
2018.01.10 19:11:02.916,0.88458,0.88468,3.75,2.62
2018.01.10 19:11:03.074,0.88457,0.88465,1.50,1.00
2018.01.10 19:11:03.231,0.88456,0.88467,5.06,2.81
2018.01.10 19:11:03.506,0.88456,0.88466,6.19,3.56
2018.01.10 19:11:06.376,0.88455,0.88464,1.50,1.50
2018.01.10 19:11:07.250,0.88455,0.88462,1.50,1.00
2018.01.10 19:11:07.429,0.88449,0.88458,1.69,3.19
2018.01.10 19:11:07.810,0.88449,0.8846,4.50,4.31
2018.01.10 19:11:07.862,0.88449,0.88459,1.12,2.06
2018.01.10 19:11:08.275,0.88448,0.88455,1.25,1.50
2018.01.10 19:11:08.398,0.88448,0.88457,1.87,1.50
2018.01.10 19:11:08.459,0.88448,0.88459,2.25,4.50
2018.01.10 19:11:09.041,0.88448,0.88458,2.06,1.00
2018.01.10 19:11:09.566,0.88447,0.88458,6.00,3.37
2018.01.10 19:11:09.769,0.88448,0.88456,1.87,1.50
2018.01.10 19:11:10.289,0.88448,0.88456,1.25,1.50
2018.01.10 19:11:11.279,0.88448,0.88456,1.25,2.89
2018.01.10 19:11:11.824,0.88447,0.88456,2.62,1.95
2018.01.10 19:11:12.075,0.88448,0.88456,1.00,1.95
2018.01.10 19:11:12.678,0.88448,0.88457,1.25,1.45
2018.01.10 19:11:13.204,0.88448,0.88457,1.12,2.70
2018.01.10 19:11:13.461,0.88448,0.88457,2.25,2.51
2018.01.10 19:11:13.621,0.88448,0.88457,1.31,2.32
2018.01.10 19:11:14.315,0.88448,0.88457,1.31,1.57
2018.01.10 19:11:14.667,0.88448,0.88457,1.31,1.20
2018.01.10 19:11:14.771,0.88448,0.88458,4.12,3.07
2018.01.10 19:11:15.386,0.88449,0.88458,1.50,1.20
2018.01.10 19:11:15.916,0.88449,0.88459,1.12,4.20
2018.01.10 19:11:16.221,0.88449,0.88459,2.25,3.07
2018.01.10 19:11:16.531,0.88449,0.88457,1.25,2.25
2018.01.10 19:11:17.056,0.88448,0.88457,1.25,1.57
2018.01.10 19:11:17.592,0.88449,0.88457,1.25,1.00
2018.01.10 19:11:18.223,0.88449,0.88457,1.44,1.12
2018.01.10 19:11:18.727,0.88449,0.88457,1.25,1.12
2018.01.10 19:11:19.237,0.88448,0.88458,1.87,2.25
2018.01.10 19:11:19.788,0.88448,0.88458,1.44,1.50
2018.01.10 19:11:23.246,0.88449,0.88459,6.75,2.25
2018.01.10 19:11:23.301,0.88451,0.8846,1.37,1.12
2018.01.10 19:11:23.407,0.88452,0.88462,3.56,3.37
2018.01.10 19:11:23.515,0.88453,0.88463,1.26,3.94
2018.01.10 19:11:24.021,0.88452,0.88462,2.70,1.00
2018.01.10 19:11:24.714,0.88452,0.88461,2.70,1.00
2018.01.10 19:11:25.257,0.88452,0.88462,1.76,1.12
2018.01.10 19:11:25.765,0.88451,0.8846,2.89,1.00
2018.01.10 19:11:26.386,0.88451,0.88462,4.20,3.37
2018.01.10 19:11:26.896,0.88451,0.88461,4.95,1.50
2018.01.10 19:11:27.439,0.88452,0.88462,2.14,1.87
2018.01.10 19:11:28.015,0.88452,0.88462,3.07,1.12
2018.01.10 19:11:29.272,0.88452,0.88462,3.82,2.25
2018.01.10 19:11:29.721,0.88454,0.88464,1.10,2.62
2018.01.10 19:11:29.879,0.88453,0.88462,2.14,1.00
2018.01.10 19:11:30.271,0.88453,0.88462,2.89,1.00
2018.01.10 19:11:30.750,0.88453,0.88463,1.01,4.12
2018.01.10 19:11:31.273,0.88452,0.88462,2.44,1.12
2018.01.10 19:11:31.456,0.88452,0.88458,1.69,1.50
2018.01.10 19:11:31.724,0.88447,0.88455,2.06,1.50
2018.01.10 19:11:31.935,0.88447,0.88456,7.16,1.00
2018.01.10 19:11:32.040,0.88447,0.88458,4.31,3.75
2018.01.10 19:11:32.588,0.88447,0.88458,3.56,2.62
2018.01.10 19:11:33.289,0.88447,0.88456,3.56,1.50
2018.01.10 19:11:34.066,0.88447,0.88455,3.07,1.50
2018.01.10 19:11:34.590,0.88447,0.88456,1.76,1.00
2018.01.10 19:11:35.652,0.88447,0.88456,1.95,1.12
2018.01.10 19:11:36.174,0.88448,0.88458,2.32,1.50
2018.01.10 19:11:37.530,0.88449,0.88457,1.89,1.00
2018.01.10 19:11:37.582,0.88449,0.88457,1.20,1.00
2018.01.10 19:11:39.098,0.88448,0.88458,3.26,2.62
2018.01.10 19:11:40.056,0.88448,0.88458,4.31,2.62
2018.01.10 19:11:40.579,0.88451,0.88459,1.50,1.12
2018.01.10 19:11:40.736,0.88453,0.88462,1.50,2.06
2018.01.10 19:11:41.316,0.88453,0.88462,1.87,1.12
2018.01.10 19:11:41.821,0.88452,0.88463,3.00,3.00
2018.01.10 19:11:42.372,0.88451,0.88461,3.37,1.87
2018.01.10 19:11:42.560,0.88451,0.88459,1.12,1.00
2018.01.10 19:11:43.082,0.8845,0.88459,1.25,1.50
2018.01.10 19:11:43.401,0.88452,0.88462,1.31,2.25
2018.01.10 19:11:43.927,0.88453,0.88462,2.44,2.25
2018.01.10 19:11:44.422,0.88451,0.88459,1.50,2.25
2018.01.10 19:11:44.476,0.88449,0.88458,1.12,1.50
2018.01.10 19:11:45.012,0.88448,0.88457,3.19,1.00
2018.01.10 19:11:45.609,0.88448,0.88457,1.69,1.00
2018.01.10 19:11:46.136,0.88449,0.88459,1.87,3.00
2018.01.10 19:11:46.721,0.88449,0.88459,1.50,1.87
2018.01.10 19:11:47.572,0.88448,0.88459,3.19,1.87
2018.01.10 19:11:48.019,0.88451,0.88459,1.00,1.50
2018.01.10 19:11:48.072,0.88451,0.8846,1.12,2.06
2018.01.10 19:11:48.424,0.88452,0.88462,1.50,2.06
2018.01.10 19:11:48.957,0.8845,0.88461,7.12,3.94
2018.01.10 19:11:49.189,0.8845,0.88459,7.12,1.50
2018.01.10 19:11:49.296,0.88449,0.88459,1.50,3.00
2018.01.10 19:11:49.943,0.88449,0.8846,2.25,6.75
2018.01.10 19:11:50.461,0.88448,0.88458,8.25,1.00
2018.01.10 19:11:50.971,0.88448,0.88458,4.31,1.00
2018.01.10 19:11:51.525,0.88448,0.88458,3.37,1.12
2018.01.10 19:11:52.206,0.88448,0.88458,3.19,1.12
2018.01.10 19:11:52.882,0.88448,0.88458,3.37,1.12
2018.01.10 19:11:53.429,0.88448,0.88457,2.81,1.00
2018.01.10 19:11:54.005,0.88447,0.88457,4.50,3.75
2018.01.10 19:11:54.522,0.88447,0.88457,3.94,3.37
2018.01.10 19:11:55.055,0.88447,0.88457,3.75,1.12
2018.01.10 19:11:55.563,0.88447,0.88458,3.75,1.00
2018.01.10 19:11:56.090,0.88448,0.88458,1.44,1.25
2018.01.10 19:11:56.247,0.88448,0.88456,1.44,1.00
2018.01.10 19:11:56.770,0.88449,0.88458,1.44,3.75
2018.01.10 19:11:57.327,0.88449,0.88458,1.00,3.00
2018.01.10 19:11:59.346,0.88449,0.88458,1.00,3.00
2018.01.10 19:11:59.941,0.88448,0.88458,1.31,3.00
2018.01.10 19:12:00.303,0.88448,0.88456,1.25,1.00
2018.01.10 19:12:01.792,0.88448,0.88458,1.00,3.75
2018.01.10 19:12:02.424,0.88449,0.88458,1.50,1.50
2018.01.10 19:12:02.951,0.88449,0.88458,3.37,1.00
2018.01.10 19:12:03.619,0.88449,0.88459,4.87,3.19
2018.01.10 19:12:04.056,0.8845,0.8846,3.00,1.87
2018.01.10 19:12:04.391,0.8845,0.88456,1.00,1.00
2018.01.10 19:12:04.445,0.88449,0.88458,1.00,1.00
2018.01.10 19:12:04.660,0.88449,0.88459,5.25,1.00
2018.01.10 19:12:05.206,0.8845,0.8846,8.44,1.00
2018.01.10 19:12:05.728,0.88451,0.88461,1.00,2.06
2018.01.10 19:12:06.043,0.8845,0.88459,2.06,1.69
2018.01.10 19:12:06.698,0.88451,0.8846,2.62,1.00
2018.01.10 19:12:07.174,0.88452,0.8846,1.44,1.00
2018.01.10 19:12:07.717,0.88452,0.8846,1.12,1.00
2018.01.10 19:12:08.259,0.88452,0.8846,1.50,1.00
2018.01.10 19:12:08.312,0.88451,0.8846,2.06,1.12
2018.01.10 19:12:11.155,0.88451,0.88459,1.00,1.00
2018.01.10 19:12:11.664,0.8845,0.8846,1.31,1.12
2018.01.10 19:12:12.213,0.8845,0.8846,1.25,1.87
2018.01.10 19:12:12.765,0.8845,0.8846,1.44,3.37
2018.01.10 19:12:13.215,0.88449,0.88459,1.69,1.87
2018.01.10 19:12:13.824,0.88449,0.8846,3.56,2.81
2018.01.10 19:12:13.965,0.88449,0.8846,4.50,2.81
2018.01.10 19:12:14.513,0.88449,0.8846,7.87,3.00
2018.01.10 19:12:15.123,0.88449,0.88459,5.62,1.00
2018.01.10 19:12:15.762,0.88449,0.88459,5.62,1.00
2018.01.10 19:12:16.309,0.88449,0.88459,5.62,1.00
2018.01.10 19:12:17.890,0.88449,0.88459,6.37,1.00
2018.01.10 19:12:18.362,0.88451,0.88461,3.94,3.37
2018.01.10 19:12:18.467,0.88451,0.8846,3.56,1.00
2018.01.10 19:12:18.879,0.88452,0.88462,2.44,2.62
2018.01.10 19:12:19.854,0.88452,0.88462,3.19,2.25
2018.01.10 19:12:20.648,0.88452,0.88461,3.56,1.12
2018.01.10 19:12:21.342,0.88451,0.88461,3.75,1.12
2018.01.10 19:12:22.587,0.88451,0.88461,6.00,1.00
2018.01.10 19:12:23.175,0.88451,0.88461,5.25,1.00
2018.01.10 19:12:23.676,0.88451,0.88461,5.44,1.00
2018.01.10 19:12:24.318,0.88452,0.88462,1.69,1.12
2018.01.10 19:12:25.469,0.88454,0.88463,1.00,3.37
2018.01.10 19:12:26.015,0.88454,0.88464,1.87,2.44
2018.01.10 19:12:28.373,0.88454,0.88464,2.62,2.25
2018.01.10 19:12:29.294,0.88454,0.88464,1.87,1.50
2018.01.10 19:12:30.211,0.88454,0.88464,1.25,3.37
2018.01.10 19:12:31.759,0.88455,0.88464,1.00,2.25
2018.01.10 19:12:33.213,0.88454,0.88463,1.25,1.50
2018.01.10 19:12:33.808,0.88454,0.88464,1.69,1.50
2018.01.10 19:12:35.239,0.88452,0.88462,4.12,1.00
2018.01.10 19:12:35.565,0.88456,0.88463,1.50,1.00
2018.01.10 19:12:35.620,0.88457,0.88465,1.50,1.00
2018.01.10 19:12:36.144,0.88456,0.88465,1.31,1.00
2018.01.10 19:12:36.653,0.88455,0.88466,3.75,1.87
2018.01.10 19:12:37.254,0.88456,0.88466,2.62,1.12
2018.01.10 19:12:38.526,0.88457,0.88466,5.06,1.00
2018.01.10 19:12:39.072,0.88457,0.88466,2.44,1.00
2018.01.10 19:12:40.687,0.88456,0.88467,3.00,3.19
2018.01.10 19:12:40.739,0.88456,0.88464,2.25,1.00
2018.01.10 19:12:40.791,0.88456,0.88466,1.87,1.69
2018.01.10 19:12:41.218,0.88456,0.88465,7.12,1.00
2018.01.10 19:12:41.754,0.88457,0.88466,1.25,1.25
2018.01.10 19:12:42.079,0.88457,0.88464,1.00,1.00
2018.01.10 19:12:42.699,0.88456,0.88464,2.62,1.00
2018.01.10 19:12:44.503,0.88456,0.88465,3.37,1.12
2018.01.10 19:12:45.378,0.88457,0.88465,1.00,1.00
2018.01.10 19:12:47.966,0.88456,0.88465,5.62,1.00
2018.01.10 19:12:48.519,0.88456,0.88465,4.69,1.00
2018.01.10 19:12:49.361,0.88456,0.88465,5.25,1.00
2018.01.10 19:12:49.881,0.88456,0.88465,4.31,1.00
2018.01.10 19:12:50.383,0.88457,0.88465,3.56,1.00
2018.01.10 19:12:50.829,0.88457,0.88467,1.31,1.00
2018.01.10 19:12:50.939,0.88456,0.88464,1.12,1.00
2018.01.10 19:12:51.195,0.88453,0.88464,3.56,2.44
2018.01.10 19:12:51.906,0.88453,0.88463,4.50,1.25
2018.01.10 19:12:53.999,0.88453,0.88462,1.37,1.50
2018.01.10 19:12:54.520,0.88453,0.88462,1.25,1.50
2018.01.10 19:12:55.677,0.88451,0.88462,5.62,1.12
2018.01.10 19:12:56.277,0.88451,0.88462,4.87,1.87
2018.01.10 19:12:57.042,0.88451,0.88461,3.00,1.00
2018.01.10 19:12:57.543,0.88452,0.88462,1.44,1.50
2018.01.10 19:12:58.066,0.88452,0.88462,1.50,1.12
2018.01.10 19:12:58.702,0.88452,0.88462,1.87,2.62
2018.01.10 19:12:59.242,0.88452,0.88461,1.25,1.12
2018.01.10 19:13:00.261,0.88451,0.88461,4.12,1.12
2018.01.10 19:13:01.441,0.88451,0.88462,6.19,3.00
2018.01.10 19:13:01.806,0.88451,0.88459,2.25,1.00
2018.01.10 19:13:02.276,0.8845,0.88459,2.06,1.87
2018.01.10 19:13:02.392,0.88452,0.88459,1.50,1.00
2018.01.10 19:13:02.445,0.88452,0.88461,1.25,1.12
2018.01.10 19:13:02.549,0.88452,0.88462,1.87,1.50
2018.01.10 19:13:02.602,0.88452,0.88462,3.19,1.50
2018.01.10 19:13:02.759,0.88452,0.88462,4.12,1.50
2018.01.10 19:13:03.354,0.88453,0.88463,1.25,1.75
2018.01.10 19:13:03.406,0.88453,0.88463,1.12,1.12
2018.01.10 19:13:03.916,0.88452,0.88462,4.12,1.00
2018.01.10 19:13:04.427,0.88452,0.88462,2.25,1.12
2018.01.10 19:13:05.587,0.88452,0.88462,3.75,1.12
2018.01.10 19:13:08.428,0.88452,0.88462,3.94,1.12
2018.01.10 19:13:09.556,0.88452,0.88462,3.00,3.00
2018.01.10 19:13:10.472,0.88452,0.88462,1.50,1.87
2018.01.10 19:13:11.169,0.88452,0.88462,1.50,1.87
2018.01.10 19:13:14.079,0.88452,0.88461,1.50,1.50
2018.01.10 19:13:14.438,0.88451,0.8846,3.00,1.50
2018.01.10 19:13:14.617,0.88453,0.88462,2.25,1.50
2018.01.10 19:13:14.932,0.88455,0.88465,2.44,1.87
2018.01.10 19:13:15.910,0.88453,0.88463,2.81,4.69
2018.01.10 19:13:15.964,0.88452,0.88461,2.25,2.25
2018.01.10 19:13:16.276,0.8845,0.88459,2.44,1.00
2018.01.10 19:13:17.161,0.8845,0.88461,4.12,5.44
2018.01.10 19:13:19.160,0.88451,0.8846,1.44,1.69
2018.01.10 19:13:19.471,0.88452,0.88461,1.69,1.69
2018.01.10 19:13:20.129,0.88451,0.88461,1.87,2.62
2018.01.10 19:13:22.900,0.88452,0.88461,2.25,1.12
2018.01.10 19:13:23.416,0.88452,0.88462,2.44,2.25
2018.01.10 19:13:24.908,0.88452,0.88462,4.12,1.12
2018.01.10 19:13:25.497,0.88452,0.88462,3.19,1.12
2018.01.10 19:13:25.706,0.88452,0.88462,3.94,1.12
2018.01.10 19:13:25.971,0.88452,0.88462,1.00,1.50
2018.01.10 19:13:26.076,0.88453,0.88463,1.44,3.19
2018.01.10 19:13:26.622,0.88452,0.88462,1.69,1.00
2018.01.10 19:13:27.222,0.88452,0.88462,1.12,3.37
2018.01.10 19:13:28.191,0.88451,0.88462,3.75,3.37
2018.01.10 19:13:28.712,0.88451,0.8846,1.12,2.62
2018.01.10 19:13:29.655,0.88451,0.88459,1.00,1.00
2018.01.10 19:13:30.263,0.8845,0.8846,1.25,4.12
2018.01.10 19:13:30.780,0.8845,0.8846,1.00,2.25
2018.01.10 19:13:31.413,0.8845,0.8846,1.00,3.19
2018.01.10 19:13:32.055,0.88448,0.88459,2.81,5.06
2018.01.10 19:13:32.575,0.88448,0.88457,1.00,1.00
2018.01.10 19:13:33.115,0.88448,0.88456,1.00,1.00
2018.01.10 19:13:35.639,0.88449,0.88457,1.87,1.50
2018.01.10 19:13:35.694,0.88449,0.88459,1.69,2.25
2018.01.10 19:13:36.671,0.8845,0.88459,1.69,1.00
2018.01.10 19:13:39.221,0.88449,0.88457,3.94,1.50
2018.01.10 19:13:39.481,0.88448,0.88458,1.87,3.94
2018.01.10 19:13:40.093,0.88448,0.88458,2.81,5.62
2018.01.10 19:13:40.197,0.88448,0.88458,4.50,2.44
2018.01.10 19:13:40.713,0.88449,0.88458,1.31,1.00
2018.01.10 19:13:41.324,0.88447,0.88454,1.00,1.00
2018.01.10 19:13:41.484,0.88447,0.88456,1.50,1.00
2018.01.10 19:13:41.592,0.88448,0.88458,3.00,1.88
2018.01.10 19:13:41.842,0.88447,0.88455,2.44,1.00
2018.01.10 19:13:41.896,0.88446,0.88454,1.69,1.00
2018.01.10 19:13:42.400,0.88447,0.88454,1.00,1.87
2018.01.10 19:13:42.560,0.88447,0.88457,5.06,1.37
2018.01.10 19:13:42.665,0.88447,0.88452,1.69,1.50
2018.01.10 19:13:42.825,0.88442,0.8845,5.81,3.37
2018.01.10 19:13:42.941,0.88446,0.8845,1.50,1.50
2018.01.10 19:13:43.050,0.88441,0.88448,1.37,1.50
2018.01.10 19:13:43.155,0.88442,0.88451,1.12,5.25
2018.01.10 19:13:43.395,0.88434,0.8844,2.25,1.87
2018.01.10 19:13:43.912,0.88421,0.88425,1.25,2.25
2018.01.10 19:13:43.973,0.88403,0.88411,1.50,3.56
2018.01.10 19:13:44.027,0.884,0.88408,4.24,1.75
2018.01.10 19:13:44.094,0.884,0.88408,3.19,2.00
2018.01.10 19:13:44.195,0.88403,0.88408,1.00,2.00
2018.01.10 19:13:44.403,0.88399,0.88406,1.00,1.37
2018.01.10 19:13:44.464,0.88396,0.884,1.00,1.00
2018.01.10 19:13:44.835,0.88398,0.88405,1.00,2.62
2018.01.10 19:13:44.888,0.88399,0.88405,1.00,1.00
2018.01.10 19:13:44.941,0.884,0.88408,1.00,3.56
2018.01.10 19:13:45.002,0.88399,0.88407,1.00,2.62
2018.01.10 19:13:45.070,0.884,0.88406,1.00,1.50
2018.01.10 19:13:45.441,0.88398,0.88406,1.25,1.37
2018.01.10 19:13:45.983,0.88399,0.88406,1.00,1.50
2018.01.10 19:13:46.647,0.88398,0.88405,2.06,2.25
2018.01.10 19:13:46.752,0.88399,0.88406,2.81,1.50
2018.01.10 19:13:46.962,0.88401,0.88409,1.50,2.62
2018.01.10 19:13:47.678,0.88401,0.88409,1.69,1.87
2018.01.10 19:13:48.230,0.88399,0.88409,1.69,1.50
2018.01.10 19:13:48.770,0.88399,0.88408,2.44,1.00
2018.01.10 19:13:49.260,0.884,0.88408,1.44,2.25
2018.01.10 19:13:49.635,0.88404,0.88408,1.00,1.00
2018.01.10 19:13:49.755,0.88404,0.8841,1.00,1.50
2018.01.10 19:13:49.862,0.88404,0.88413,1.25,2.25
2018.01.10 19:13:50.124,0.88402,0.88413,1.69,3.75
2018.01.10 19:13:50.176,0.88402,0.8841,2.62,1.00
2018.01.10 19:13:50.231,0.88401,0.88409,1.00,1.61
2018.01.10 19:13:50.464,0.88398,0.88408,1.87,1.00
2018.01.10 19:13:50.517,0.884,0.88408,1.44,1.00
2018.01.10 19:13:51.146,0.88399,0.88408,1.44,1.00
2018.01.10 19:13:51.747,0.88399,0.88409,1.43,2.25
2018.01.10 19:13:52.063,0.88401,0.88409,1.43,1.50
2018.01.10 19:13:52.169,0.884,0.88409,1.24,1.00
2018.01.10 19:13:52.275,0.884,0.88411,1.50,3.00
2018.01.10 19:13:52.802,0.88399,0.8841,1.37,1.00
2018.01.10 19:13:53.445,0.88402,0.8841,1.00,1.50
2018.01.10 19:13:53.845,0.88402,0.88413,1.44,1.00
2018.01.10 19:13:54.053,0.88402,0.88413,3.37,3.75
2018.01.10 19:13:54.317,0.88403,0.88413,1.69,1.00
2018.01.10 19:13:54.442,0.88405,0.88413,1.00,1.14
2018.01.10 19:13:54.703,0.88403,0.88412,1.50,1.50
2018.01.10 19:13:54.809,0.88403,0.88414,1.69,3.86
2018.01.10 19:13:55.381,0.88403,0.88413,1.87,1.14
2018.01.10 19:13:56.098,0.88405,0.88413,1.00,2.25
2018.01.10 19:13:56.152,0.88403,0.88414,1.00,5.36
2018.01.10 19:13:56.674,0.88404,0.88414,1.00,2.25
2018.01.10 19:13:57.782,0.88404,0.88413,1.25,1.00
2018.01.10 19:13:58.331,0.88404,0.88414,1.00,1.50
2018.01.10 19:13:58.869,0.88403,0.88413,3.19,1.50
2018.01.10 19:14:00.529,0.88406,0.88415,1.50,2.25
2018.01.10 19:14:00.842,0.88407,0.88417,2.62,1.00
2018.01.10 19:14:01.343,0.88408,0.88418,2.44,1.50
2018.01.10 19:14:01.855,0.88408,0.88419,1.25,2.43
2018.01.10 19:14:02.404,0.88407,0.88418,1.44,2.25
2018.01.10 19:14:02.812,0.88408,0.88416,1.50,1.50
2018.01.10 19:14:02.920,0.88405,0.88415,2.44,2.25
2018.01.10 19:14:03.382,0.88406,0.88416,2.62,1.50
2018.01.10 19:14:03.903,0.88406,0.88417,2.62,1.00
2018.01.10 19:14:04.212,0.88402,0.88411,2.25,1.00
2018.01.10 19:14:04.528,0.88404,0.88413,1.44,1.50
2018.01.10 19:14:04.662,0.88404,0.88415,2.62,1.87
2018.01.10 19:14:04.722,0.88405,0.88416,1.37,4.31
2018.01.10 19:14:04.776,0.88405,0.88416,2.44,5.62
2018.01.10 19:14:05.230,0.88405,0.88413,1.25,1.50
2018.01.10 19:14:05.340,0.88403,0.88414,1.25,1.12
2018.01.10 19:14:05.497,0.88405,0.88414,1.00,2.62
2018.01.10 19:14:06.033,0.88404,0.88413,1.25,1.50
2018.01.10 19:14:06.562,0.88404,0.88413,1.44,2.44
2018.01.10 19:14:06.948,0.88404,0.88415,1.25,3.75
2018.01.10 19:14:07.333,0.88404,0.88413,1.25,1.50
2018.01.10 19:14:07.781,0.88403,0.88411,1.50,1.50
2018.01.10 19:14:07.843,0.88403,0.88414,1.50,4.87
2018.01.10 19:14:07.896,0.88404,0.88412,1.00,1.00
2018.01.10 19:14:08.421,0.88403,0.88413,1.25,1.50
2018.01.10 19:14:08.781,0.88403,0.88411,1.25,1.50
2018.01.10 19:14:08.835,0.88403,0.88414,1.44,3.75
2018.01.10 19:14:08.940,0.88404,0.88412,1.50,1.50
2018.01.10 19:14:09.228,0.88404,0.88414,1.31,1.50
2018.01.10 19:14:09.333,0.88405,0.88415,2.06,1.50
2018.01.10 19:14:09.650,0.88408,0.88416,1.50,1.00
2018.01.10 19:14:10.192,0.88407,0.88417,2.25,1.69
2018.01.10 19:14:10.707,0.88408,0.88419,2.25,3.56
2018.01.10 19:14:10.761,0.88409,0.88419,2.06,1.00
2018.01.10 19:14:11.067,0.88412,0.88421,1.25,3.94
2018.01.10 19:14:11.231,0.88414,0.88424,1.00,1.50
2018.01.10 19:14:11.285,0.88414,0.88425,3.00,3.56
2018.01.10 19:14:11.786,0.88415,0.88425,2.63,1.13
2018.01.10 19:14:12.154,0.88414,0.88422,1.00,1.50
2018.01.10 19:14:12.311,0.88414,0.88424,3.37,1.00
2018.01.10 19:14:12.819,0.88414,0.88425,1.31,1.25
2018.01.10 19:14:13.298,0.88414,0.88425,2.25,2.63
2018.01.10 19:14:13.821,0.88415,0.88426,1.25,5.44
2018.01.10 19:14:14.449,0.88416,0.88426,1.00,5.25
2018.01.10 19:14:14.957,0.88415,0.88424,1.25,1.50
2018.01.10 19:14:15.218,0.88413,0.88424,2.06,4.87
2018.01.10 19:14:15.426,0.88414,0.88425,1.25,2.81
2018.01.10 19:14:15.942,0.88415,0.88425,1.00,3.19
2018.01.10 19:14:15.998,0.88415,0.88426,2.25,1.12
2018.01.10 19:14:16.593,0.88417,0.88427,1.25,2.62
2018.01.10 19:14:16.702,0.8842,0.88431,3.37,1.00
2018.01.10 19:14:16.755,0.88422,0.88431,1.12,1.00
2018.01.10 19:14:17.164,0.88423,0.88434,1.00,5.25
2018.01.10 19:14:17.694,0.88422,0.88432,1.00,1.00
2018.01.10 19:14:17.749,0.88422,0.88432,1.00,6.37
2018.01.10 19:14:18.295,0.88421,0.8843,1.00,1.31
2018.01.10 19:14:18.822,0.8842,0.88431,1.00,1.69
2018.01.10 19:14:19.402,0.8842,0.8843,1.00,1.00
2018.01.10 19:14:19.725,0.88418,0.88426,1.00,2.63
2018.01.10 19:14:19.824,0.88415,0.88425,1.00,1.69
2018.01.10 19:14:20.252,0.88416,0.88427,5.25,2.25
2018.01.10 19:14:20.795,0.88417,0.88427,2.43,1.25
2018.01.10 19:14:21.400,0.88416,0.88426,2.43,1.50
2018.01.10 19:14:21.711,0.88416,0.88427,1.37,2.62
2018.01.10 19:14:22.397,0.88416,0.88427,2.81,1.87
2018.01.10 19:14:22.915,0.88416,0.88426,2.62,1.12
2018.01.10 19:14:23.437,0.88418,0.88427,1.44,2.06
2018.01.10 19:14:23.854,0.88416,0.88426,1.00,1.50
2018.01.10 19:14:24.106,0.88416,0.88425,1.00,3.37
2018.01.10 19:14:24.318,0.88414,0.88424,1.00,3.00
2018.01.10 19:14:25.230,0.88414,0.88424,1.44,1.00
2018.01.10 19:14:25.764,0.88414,0.88423,1.25,1.00
2018.01.10 19:14:26.219,0.88412,0.88422,1.69,2.44
2018.01.10 19:14:26.519,0.8841,0.8842,1.25,1.00
2018.01.10 19:14:27.095,0.88411,0.8842,1.00,1.00
2018.01.10 19:14:27.408,0.88414,0.88424,1.31,4.50
2018.01.10 19:14:27.834,0.88416,0.88425,1.88,1.75
2018.01.10 19:14:27.887,0.88416,0.88425,2.25,1.50
2018.01.10 19:14:28.301,0.88414,0.88424,1.25,2.25
2018.01.10 19:14:28.514,0.88414,0.88423,1.50,1.44
2018.01.10 19:14:28.620,0.88413,0.88424,1.25,5.63
2018.01.10 19:14:29.011,0.88414,0.88424,1.44,2.25
2018.01.10 19:14:30.052,0.88415,0.88424,1.31,1.50
2018.01.10 19:14:30.801,0.88415,0.88424,1.44,2.25
2018.01.10 19:14:31.327,0.88415,0.88425,1.00,4.50
2018.01.10 19:14:31.828,0.88415,0.88426,1.88,3.37
2018.01.10 19:14:31.881,0.88415,0.88426,6.75,1.12
2018.01.10 19:14:32.568,0.88416,0.88426,1.69,1.87
2018.01.10 19:14:33.184,0.88415,0.88424,1.00,1.00
2018.01.10 19:14:33.703,0.88415,0.88425,1.00,4.50
2018.01.10 19:14:34.724,0.88415,0.88424,1.25,2.25
2018.01.10 19:14:35.983,0.88415,0.88423,1.00,1.00
2018.01.10 19:14:36.486,0.88414,0.88424,1.00,1.00
2018.01.10 19:14:37.069,0.88415,0.88424,1.00,1.50
2018.01.10 19:14:37.548,0.88417,0.88425,1.25,1.12
2018.01.10 19:14:37.997,0.88418,0.88428,1.38,3.19
2018.01.10 19:14:38.603,0.88418,0.88428,1.13,1.75
2018.01.10 19:14:39.105,0.88418,0.88428,1.13,1.50
2018.01.10 19:14:39.770,0.88418,0.88428,1.44,3.56
2018.01.10 19:14:40.172,0.8842,0.8843,1.25,3.00
2018.01.10 19:14:40.225,0.8842,0.88428,1.00,1.19
2018.01.10 19:14:40.278,0.88418,0.88427,1.25,1.25
2018.01.10 19:14:40.804,0.88417,0.88428,1.31,4.31
2018.01.10 19:14:41.331,0.88417,0.88428,1.31,4.88
2018.01.10 19:14:42.149,0.88417,0.88428,3.75,4.13
2018.01.10 19:14:42.683,0.88419,0.88428,1.00,1.50
2018.01.10 19:14:44.254,0.88419,0.88429,1.00,1.87
2018.01.10 19:14:44.583,0.88419,0.88427,1.00,1.00
2018.01.10 19:14:45.112,0.88418,0.88429,2.25,4.50
2018.01.10 19:14:45.639,0.88419,0.88429,1.00,5.25
2018.01.10 19:14:45.692,0.88417,0.88426,1.25,1.25
2018.01.10 19:14:46.271,0.88417,0.88427,2.44,1.50
2018.01.10 19:14:46.431,0.88416,0.88426,1.00,2.25
2018.01.10 19:14:47.631,0.88415,0.88426,1.31,4.50
2018.01.10 19:14:48.013,0.88414,0.88424,1.69,4.12
2018.01.10 19:14:48.573,0.88414,0.88423,1.44,1.31
2018.01.10 19:14:49.086,0.88414,0.88423,1.25,1.87
2018.01.10 19:14:51.208,0.88414,0.88423,1.44,2.06
2018.01.10 19:14:51.745,0.88414,0.88423,1.00,1.87
2018.01.10 19:14:52.047,0.88415,0.88426,1.44,5.25
2018.01.10 19:14:52.578,0.88416,0.88426,1.44,1.69
2018.01.10 19:14:53.048,0.88416,0.88423,1.00,1.50
2018.01.10 19:14:53.102,0.88413,0.88423,1.31,1.50
2018.01.10 19:14:53.454,0.88415,0.88424,1.00,4.50
2018.01.10 19:14:54.839,0.88413,0.88424,3.00,5.25
2018.01.10 19:14:55.369,0.88413,0.88424,1.12,5.44
2018.01.10 19:14:56.505,0.88413,0.88423,1.50,1.50
2018.01.10 19:14:57.075,0.88413,0.88424,1.31,4.88
2018.01.10 19:14:57.601,0.88413,0.88423,1.31,1.12
2018.01.10 19:14:57.965,0.88414,0.88424,3.19,1.00
2018.01.10 19:14:58.478,0.88416,0.88426,2.44,1.00
2018.01.10 19:14:58.998,0.88417,0.88427,1.87,3.00
2018.01.10 19:14:59.284,0.88418,0.88427,2.06,1.12
2018.01.10 19:15:00.186,0.88418,0.88429,3.19,4.50
2018.01.10 19:15:00.499,0.88421,0.8843,2.25,1.12
2018.01.10 19:15:00.893,0.88423,0.88433,1.69,1.50
2018.01.10 19:15:01.360,0.88428,0.88433,1.69,1.00
2018.01.10 19:15:01.962,0.88428,0.88433,2.81,1.00
2018.01.10 19:15:02.175,0.88433,0.88439,1.87,1.25
2018.01.10 19:15:02.230,0.88434,0.88443,1.00,3.94
2018.01.10 19:15:02.447,0.88431,0.88436,4.12,1.00
2018.01.10 19:15:02.500,0.88431,0.8844,2.62,1.00
2018.01.10 19:15:02.605,0.88433,0.88442,1.00,3.19
2018.01.10 19:15:03.534,0.88433,0.88441,1.00,1.25
2018.01.10 19:15:03.587,0.88431,0.88442,1.87,3.19
2018.01.10 19:15:03.693,0.88433,0.88442,1.50,1.31
2018.01.10 19:15:04.074,0.88435,0.88445,2.62,2.44
2018.01.10 19:15:04.591,0.88436,0.88444,1.50,1.12
2018.01.10 19:15:05.158,0.88435,0.88445,2.62,2.06
2018.01.10 19:15:05.781,0.88435,0.88444,2.25,1.50
2018.01.10 19:15:06.303,0.88433,0.88443,1.50,4.12
2018.01.10 19:15:06.616,0.88434,0.88444,3.00,1.13
2018.01.10 19:15:06.985,0.88432,0.88443,2.06,3.94
2018.01.10 19:15:07.366,0.88433,0.88443,1.31,6.37
2018.01.10 19:15:07.469,0.88432,0.88443,2.81,3.38
2018.01.10 19:15:08.144,0.88434,0.88443,1.13,2.25
2018.01.10 19:15:08.689,0.88432,0.88443,2.81,4.50
2018.01.10 19:15:09.266,0.88432,0.88443,2.81,4.13
2018.01.10 19:15:10.009,0.88434,0.88442,1.88,1.00
2018.01.10 19:15:10.063,0.88433,0.88441,1.31,1.50
2018.01.10 19:15:10.116,0.88433,0.88439,1.31,1.50
2018.01.10 19:15:10.173,0.88432,0.88441,1.88,1.87
2018.01.10 19:15:11.369,0.88431,0.88441,1.50,2.25
2018.01.10 19:15:11.836,0.88432,0.88441,2.25,1.50
2018.01.10 19:15:12.372,0.88432,0.88441,1.00,1.25
2018.01.10 19:15:12.919,0.88432,0.88442,1.00,1.88
2018.01.10 19:15:13.271,0.88431,0.8844,1.50,1.13
2018.01.10 19:15:13.802,0.88432,0.88441,2.62,1.50
2018.01.10 19:15:14.177,0.88431,0.88441,7.12,2.25
2018.01.10 19:15:14.539,0.88433,0.88442,7.69,1.31
2018.01.10 19:15:15.075,0.88434,0.88444,4.12,5.44
2018.01.10 19:15:15.492,0.88432,0.88442,1.69,1.69
2018.01.10 19:15:15.597,0.88432,0.8844,1.69,1.00
2018.01.10 19:15:16.131,0.88431,0.88439,1.00,1.69
2018.01.10 19:15:16.571,0.88429,0.88437,1.50,1.00
2018.01.10 19:15:16.677,0.8843,0.88439,1.00,3.19
2018.01.10 19:15:16.730,0.88429,0.88437,2.06,1.25
2018.01.10 19:15:17.042,0.88429,0.88439,3.00,1.69
2018.01.10 19:15:17.568,0.88429,0.88439,8.25,1.87
2018.01.10 19:15:18.094,0.88429,0.88438,2.81,1.00
2018.01.10 19:15:18.254,0.8843,0.8844,1.50,2.62
2018.01.10 19:15:19.317,0.8843,0.8844,3.19,4.69
2018.01.10 19:15:19.534,0.88432,0.88442,2.62,1.69
2018.01.10 19:15:20.147,0.88431,0.88441,4.50,1.25
2018.01.10 19:15:20.675,0.88431,0.88441,2.25,1.13
2018.01.10 19:15:21.596,0.88431,0.88441,3.75,1.13
2018.01.10 19:15:21.816,0.88431,0.88441,2.25,2.25
2018.01.10 19:15:22.526,0.88431,0.88442,1.12,4.12
2018.01.10 19:15:22.774,0.88433,0.88442,1.00,3.00
2018.01.10 19:15:23.167,0.88431,0.88442,1.12,3.94
2018.01.10 19:15:23.689,0.88431,0.88441,2.06,1.13
2018.01.10 19:15:24.226,0.88431,0.88442,1.12,3.56
2018.01.10 19:15:24.436,0.88433,0.88443,1.00,1.88
2018.01.10 19:15:24.542,0.88433,0.88444,1.12,2.81
2018.01.10 19:15:25.525,0.88433,0.88444,1.12,1.69
2018.01.10 19:15:26.039,0.88434,0.88444,1.00,2.25
2018.01.10 19:15:26.395,0.88432,0.88442,1.12,3.00
2018.01.10 19:15:27.179,0.88434,0.88443,1.87,1.69
2018.01.10 19:15:27.232,0.88434,0.88445,3.37,3.82
2018.01.10 19:15:27.287,0.88436,0.88445,2.44,1.00
2018.01.10 19:15:27.632,0.88434,0.88444,1.00,1.50
2018.01.10 19:15:28.288,0.88433,0.88442,1.87,2.06
2018.01.10 19:15:28.341,0.88431,0.88441,2.62,4.13
2018.01.10 19:15:28.549,0.88431,0.88439,1.12,1.00
2018.01.10 19:15:29.057,0.8843,0.8844,1.50,1.00
2018.01.10 19:15:31.386,0.8843,0.88441,1.50,4.50
2018.01.10 19:15:31.724,0.8843,0.88439,1.87,1.00
2018.01.10 19:15:32.542,0.8843,0.8844,1.50,1.12
2018.01.10 19:15:36.134,0.88432,0.88442,1.37,3.19
2018.01.10 19:15:36.188,0.88434,0.88443,1.00,1.88
2018.01.10 19:15:36.697,0.88434,0.88444,2.62,1.31
2018.01.10 19:15:37.221,0.88434,0.88444,5.25,3.75
2018.01.10 19:15:37.602,0.88433,0.88444,1.00,3.38
2018.01.10 19:15:37.656,0.88433,0.88441,1.00,2.25
2018.01.10 19:15:37.867,0.8843,0.88439,1.00,2.25
2018.01.10 19:15:38.400,0.8843,0.88439,1.00,4.31
2018.01.10 19:15:38.912,0.8843,0.88439,1.00,3.19
2018.01.10 19:15:39.764,0.8843,0.88439,1.50,1.50
2018.01.10 19:15:41.320,0.8843,0.88441,2.81,4.31
2018.01.10 19:15:41.909,0.88429,0.88439,3.00,1.50
2018.01.10 19:15:42.942,0.88429,0.88438,1.87,1.50
2018.01.10 19:15:43.588,0.88429,0.88439,1.12,2.25
2018.01.10 19:15:44.313,0.88428,0.88438,3.56,1.13
2018.01.10 19:15:45.094,0.88428,0.88436,1.88,1.50
2018.01.10 19:15:45.616,0.88427,0.88435,1.12,1.88
2018.01.10 19:15:47.016,0.88425,0.88434,1.12,1.12
2018.01.10 19:15:47.632,0.88424,0.88435,1.87,4.13
2018.01.10 19:15:48.352,0.88424,0.88433,1.12,1.00
2018.01.10 19:15:48.867,0.88424,0.88434,1.12,1.13
2018.01.10 19:15:49.189,0.88425,0.88436,3.75,2.44
2018.01.10 19:15:49.730,0.88425,0.88436,2.81,2.63
2018.01.10 19:15:50.288,0.88425,0.88436,1.31,4.13
2018.01.10 19:15:54.684,0.88425,0.88435,1.00,3.00
2018.01.10 19:15:57.151,0.88424,0.88434,4.13,1.12
2018.01.10 19:15:57.657,0.88426,0.88437,1.25,3.94
2018.01.10 19:15:57.969,0.88427,0.88437,2.25,1.69
2018.01.10 19:15:58.518,0.88427,0.88437,2.25,1.00
2018.01.10 19:15:59.038,0.88427,0.88438,2.25,4.88
2018.01.10 19:15:59.880,0.88427,0.88438,3.19,3.75
2018.01.10 19:16:00.897,0.88427,0.88438,3.56,2.81
2018.01.10 19:16:01.415,0.88427,0.88437,1.31,1.00
2018.01.10 19:16:02.672,0.88427,0.88437,2.25,1.50
2018.01.10 19:16:03.251,0.88427,0.88437,1.31,1.50
2018.01.10 19:16:03.902,0.88427,0.88438,2.25,6.75
2018.01.10 19:16:04.506,0.88427,0.88436,1.31,1.00
2018.01.10 19:16:05.031,0.88426,0.88436,1.87,3.94
2018.01.10 19:16:05.639,0.88427,0.88437,1.44,2.63
2018.01.10 19:16:06.263,0.88427,0.88438,1.69,4.13
2018.01.10 19:16:06.852,0.88427,0.88438,3.19,3.75
2018.01.10 19:16:07.466,0.88427,0.88438,2.44,1.50
2018.01.10 19:16:08.066,0.88429,0.88438,1.87,1.25
2018.01.10 19:16:08.428,0.88431,0.8844,1.00,3.38
2018.01.10 19:16:08.714,0.88429,0.8844,3.37,3.38
2018.01.10 19:16:09.249,0.8843,0.88439,4.88,1.50
2018.01.10 19:16:10.361,0.88431,0.88441,3.75,1.88
2018.01.10 19:16:10.926,0.88431,0.88441,2.62,1.31
2018.01.10 19:16:12.216,0.88431,0.88439,4.88,1.13
2018.01.10 19:16:12.905,0.88431,0.8844,2.25,1.88
2018.01.10 19:16:13.407,0.88431,0.88439,1.87,1.13
2018.01.10 19:16:14.941,0.88431,0.88439,1.50,1.13
2018.01.10 19:16:16.665,0.88431,0.8844,1.87,1.88
2018.01.10 19:16:17.180,0.88431,0.8844,1.87,1.88
2018.01.10 19:16:18.039,0.88438,0.88442,1.50,1.50
2018.01.10 19:16:18.097,0.88438,0.88445,1.87,1.50
2018.01.10 19:16:18.153,0.88436,0.88445,1.00,4.69
2018.01.10 19:16:18.258,0.88434,0.88444,1.00,4.31
2018.01.10 19:16:18.775,0.88433,0.88443,2.06,3.00
2018.01.10 19:16:19.303,0.88433,0.88443,1.31,1.88
2018.01.10 19:16:19.721,0.88433,0.88442,2.06,1.00
2018.01.10 19:16:20.283,0.88434,0.88442,1.25,1.00
2018.01.10 19:16:20.336,0.88434,0.88445,2.06,5.44
2018.01.10 19:16:20.389,0.88439,0.88444,1.00,1.00
2018.01.10 19:16:20.441,0.88439,0.88448,1.00,2.81
2018.01.10 19:16:20.992,0.88438,0.88448,1.00,2.06
2018.01.10 19:16:21.561,0.88437,0.88447,6.00,2.25
2018.01.10 19:16:22.080,0.88438,0.88448,1.69,3.75
2018.01.10 19:16:22.133,0.88439,0.88448,3.37,1.00
2018.01.10 19:16:22.534,0.8844,0.88451,1.50,5.81
2018.01.10 19:16:23.079,0.88443,0.8845,1.00,1.00
2018.01.10 19:16:23.133,0.88443,0.88452,1.00,1.25
2018.01.10 19:16:23.780,0.88442,0.88452,1.12,1.00
2018.01.10 19:16:24.317,0.88442,0.88453,1.87,1.88
2018.01.10 19:16:24.800,0.88441,0.88451,1.00,1.13
2018.01.10 19:16:26.474,0.8844,0.88451,5.63,2.63
2018.01.10 19:16:27.040,0.88441,0.8845,1.00,1.87
2018.01.10 19:16:27.672,0.8844,0.8845,1.00,2.44
2018.01.10 19:16:28.187,0.8844,0.88449,1.50,1.00
2018.01.10 19:16:28.676,0.88441,0.8845,4.87,1.50
2018.01.10 19:16:28.781,0.88441,0.88452,6.00,2.25
2018.01.10 19:16:28.834,0.88441,0.88452,3.00,2.06
2018.01.10 19:16:29.207,0.88441,0.88451,1.50,3.37
2018.01.10 19:16:29.964,0.8844,0.88451,3.37,2.63
2018.01.10 19:16:30.486,0.88443,0.88452,2.25,1.25
2018.01.10 19:16:30.852,0.88445,0.88454,2.25,1.31
2018.01.10 19:16:31.282,0.88447,0.88455,1.50,2.06
2018.01.10 19:16:31.800,0.88446,0.88455,1.50,2.81
2018.01.10 19:16:31.852,0.88446,0.88455,1.50,1.25
2018.01.10 19:16:31.945,0.88446,0.88455,1.50,2.81
2018.01.10 19:16:32.474,0.88446,0.88455,1.87,1.69
2018.01.10 19:16:34.528,0.88446,0.88455,1.50,1.12
2018.01.10 19:16:35.015,0.88447,0.88456,1.37,1.50
2018.01.10 19:16:36.100,0.88447,0.88456,1.50,1.00
2018.01.10 19:16:36.426,0.88455,0.88464,1.50,1.00
2018.01.10 19:16:36.768,0.88453,0.88463,1.00,2.25
2018.01.10 19:16:37.309,0.88452,0.88462,3.00,2.25
2018.01.10 19:16:37.853,0.88452,0.88462,1.12,2.06
2018.01.10 19:16:38.167,0.88449,0.8846,1.50,3.94
2018.01.10 19:16:38.691,0.8845,0.8846,1.12,3.75
2018.01.10 19:16:39.065,0.8845,0.8846,1.12,4.50
2018.01.10 19:16:39.328,0.8845,0.8846,1.00,3.00
2018.01.10 19:16:39.484,0.88449,0.88458,3.56,1.00
2018.01.10 19:16:39.986,0.8845,0.88458,1.25,1.00
2018.01.10 19:16:40.039,0.88449,0.8846,5.44,2.06
2018.01.10 19:16:40.567,0.88449,0.88459,4.50,1.00
2018.01.10 19:16:40.774,0.88452,0.8846,1.00,1.12
2018.01.10 19:16:41.303,0.8845,0.88461,6.19,2.44
2018.01.10 19:16:41.707,0.88451,0.88459,1.37,1.50
2018.01.10 19:16:41.761,0.8845,0.88459,1.87,1.50
2018.01.10 19:16:42.392,0.88451,0.88459,1.00,1.00
2018.01.10 19:16:42.912,0.88452,0.8846,1.00,1.00
2018.01.10 19:16:43.503,0.88452,0.88459,1.00,1.00
2018.01.10 19:16:44.159,0.88449,0.8846,3.22,5.63
2018.01.10 19:16:44.212,0.88449,0.88459,1.87,2.25
2018.01.10 19:16:44.318,0.88447,0.88457,1.25,1.00
2018.01.10 19:16:45.521,0.88446,0.88456,3.19,1.00
2018.01.10 19:16:46.008,0.8845,0.88457,1.50,1.00
2018.01.10 19:16:46.061,0.88451,0.88459,1.25,2.06
2018.01.10 19:16:46.487,0.88448,0.88457,3.19,1.00
2018.01.10 19:16:46.900,0.88447,0.88456,4.31,1.31
2018.01.10 19:16:47.467,0.88447,0.88456,1.00,1.31
2018.01.10 19:16:47.985,0.88446,0.88456,2.62,1.69
2018.01.10 19:16:49.193,0.88447,0.88456,1.50,2.06
2018.01.10 19:16:49.723,0.88448,0.88457,1.50,1.00
2018.01.10 19:16:50.268,0.8845,0.88458,1.50,1.50
2018.01.10 19:16:50.321,0.8845,0.8846,4.13,1.69
2018.01.10 19:16:50.841,0.8845,0.88459,2.62,1.12
2018.01.10 19:16:51.140,0.8845,0.88461,5.06,1.87
2018.01.10 19:16:51.759,0.8845,0.88461,3.37,2.25
2018.01.10 19:16:52.305,0.88451,0.88461,1.12,2.63
2018.01.10 19:16:52.701,0.88448,0.88459,3.56,3.56
2018.01.10 19:16:53.066,0.88449,0.88457,1.12,1.00
2018.01.10 19:16:53.403,0.88445,0.88456,2.06,3.56
2018.01.10 19:16:53.871,0.88445,0.88453,1.50,1.00
2018.01.10 19:16:54.423,0.88444,0.88454,3.75,1.50
2018.01.10 19:16:55.121,0.88444,0.88454,2.62,3.56
2018.01.10 19:16:55.445,0.88442,0.88449,1.00,1.12
2018.01.10 19:16:56.325,0.8844,0.8845,3.00,3.37
2018.01.10 19:16:56.691,0.88442,0.88452,4.13,1.12
2018.01.10 19:16:57.006,0.88445,0.88453,1.50,3.75
2018.01.10 19:16:57.681,0.88443,0.88451,1.50,1.00
2018.01.10 19:16:57.786,0.88441,0.8845,3.56,1.50
2018.01.10 19:16:59.558,0.8844,0.88449,3.37,1.00
2018.01.10 19:17:00.071,0.8844,0.88449,4.31,1.87
2018.01.10 19:17:00.745,0.8844,0.88449,4.12,1.00
2018.01.10 19:17:01.167,0.88441,0.88452,1.31,4.69
2018.01.10 19:17:01.220,0.88443,0.88452,1.00,1.50
2018.01.10 19:17:01.567,0.88445,0.88453,2.25,1.00
2018.01.10 19:17:02.142,0.88444,0.88455,3.37,3.94
2018.01.10 19:17:02.677,0.88445,0.88454,1.50,1.00
2018.01.10 19:17:02.950,0.88445,0.88456,1.12,2.81
2018.01.10 19:17:03.422,0.88444,0.88454,1.50,1.00
2018.01.10 19:17:03.965,0.88446,0.88455,2.81,1.00
2018.01.10 19:17:04.018,0.88446,0.88457,2.81,4.12
2018.01.10 19:17:04.561,0.88447,0.88458,1.44,3.94
2018.01.10 19:17:04.667,0.88446,0.88457,1.12,4.13
2018.01.10 19:17:05.191,0.88448,0.88458,2.44,2.62
2018.01.10 19:17:05.721,0.88448,0.88459,2.81,1.87
2018.01.10 19:17:05.982,0.88449,0.8846,2.25,3.19
2018.01.10 19:17:06.483,0.8845,0.8846,1.87,1.87
2018.01.10 19:17:07.881,0.8845,0.88461,2.62,2.06
2018.01.10 19:17:09.056,0.8845,0.88461,1.50,1.50
2018.01.10 19:17:09.581,0.88451,0.88461,2.25,1.00
2018.01.10 19:17:10.387,0.88451,0.88462,2.62,1.31
2018.01.10 19:17:11.338,0.88451,0.8846,1.87,1.00
2018.01.10 19:17:11.500,0.88449,0.88459,1.00,3.00
2018.01.10 19:17:12.139,0.88449,0.88457,1.00,1.00
2018.01.10 19:17:12.592,0.88449,0.8846,4.50,4.12
2018.01.10 19:17:13.126,0.88449,0.8846,2.62,1.25
2018.01.10 19:17:13.649,0.88449,0.8846,3.75,2.25
2018.01.10 19:17:14.018,0.88447,0.88456,2.44,1.50
2018.01.10 19:17:14.073,0.88446,0.88456,1.25,1.00
2018.01.10 19:17:14.658,0.88446,0.88456,1.69,1.25
2018.01.10 19:17:15.179,0.88445,0.88456,2.06,1.00
2018.01.10 19:17:15.807,0.88446,0.88456,1.69,1.69
2018.01.10 19:17:15.975,0.88447,0.88458,2.06,3.19
2018.01.10 19:17:16.495,0.88448,0.88459,3.19,1.50
2018.01.10 19:17:17.098,0.88448,0.88459,4.87,2.25
2018.01.10 19:17:17.617,0.88448,0.88459,3.19,2.06
2018.01.10 19:17:18.237,0.88449,0.88459,1.88,1.88
2018.01.10 19:17:18.779,0.88449,0.88459,1.13,1.38
2018.01.10 19:17:19.280,0.88449,0.88459,1.12,1.00
2018.01.10 19:17:19.437,0.88448,0.88457,3.37,1.00
2018.01.10 19:17:19.800,0.88449,0.88459,1.87,3.00
2018.01.10 19:17:21.241,0.8845,0.8846,5.06,1.63
2018.01.10 19:17:21.295,0.8845,0.88461,1.12,4.50
2018.01.10 19:17:21.348,0.8845,0.88461,1.00,5.44
2018.01.10 19:17:21.665,0.88451,0.8846,3.75,1.00
2018.01.10 19:17:21.942,0.88451,0.88462,3.75,5.63
2018.01.10 19:17:22.464,0.88451,0.88462,4.50,5.63
2018.01.10 19:17:22.991,0.88451,0.88462,5.81,2.06
2018.01.10 19:17:23.828,0.88451,0.88462,5.63,1.50
2018.01.10 19:17:23.933,0.8845,0.88459,2.44,1.50
2018.01.10 19:17:24.465,0.88451,0.88461,1.69,1.50
2018.01.10 19:17:24.975,0.88451,0.88462,2.63,2.62
2018.01.10 19:17:25.461,0.88453,0.88462,1.50,1.25
2018.01.10 19:17:25.875,0.88452,0.88462,1.00,3.75
2018.01.10 19:17:25.930,0.88452,0.8846,1.00,3.00
2018.01.10 19:17:26.454,0.88452,0.8846,1.00,2.81
2018.01.10 19:17:26.990,0.88449,0.8846,4.50,2.06
2018.01.10 19:17:27.750,0.88449,0.8846,3.19,1.87
2018.01.10 19:17:29.866,0.88451,0.8846,1.50,1.00
2018.01.10 19:17:30.133,0.88447,0.88458,2.25,4.31
2018.01.10 19:17:30.653,0.88448,0.88457,2.81,1.00
2018.01.10 19:17:30.816,0.88446,0.88456,1.00,1.25
2018.01.10 19:17:31.334,0.88447,0.88456,3.56,1.00
2018.01.10 19:17:32.128,0.88446,0.88457,2.63,1.00
2018.01.10 19:17:32.656,0.88446,0.88457,4.13,1.00
2018.01.10 19:17:33.174,0.88447,0.88458,3.75,2.81
2018.01.10 19:17:33.695,0.88446,0.88457,3.38,2.44
2018.01.10 19:17:33.801,0.88447,0.88457,1.88,1.87
2018.01.10 19:17:34.307,0.88448,0.88458,2.63,1.69
2018.01.10 19:17:34.834,0.88448,0.88458,1.69,1.50
2018.01.10 19:17:35.385,0.88449,0.88458,1.13,1.87
2018.01.10 19:17:35.977,0.88448,0.88458,2.25,1.87
2018.01.10 19:17:36.568,0.88448,0.88458,2.63,1.50
2018.01.10 19:17:38.105,0.88448,0.88458,2.44,1.50
2018.01.10 19:17:38.443,0.88447,0.88458,3.56,2.81
2018.01.10 19:17:38.599,0.88446,0.88457,4.87,1.50
2018.01.10 19:17:39.279,0.88446,0.88457,1.88,3.38
2018.01.10 19:17:39.810,0.88446,0.88455,4.12,1.50
2018.01.10 19:17:40.440,0.88446,0.88455,3.19,1.50
2018.01.10 19:17:41.590,0.88446,0.88455,3.19,1.12
2018.01.10 19:17:42.710,0.88446,0.88455,2.44,1.00
2018.01.10 19:17:43.907,0.88445,0.88454,1.00,1.12
2018.01.10 19:17:43.960,0.88445,0.88452,1.00,1.50
2018.01.10 19:17:44.066,0.88442,0.88452,1.12,3.38
2018.01.10 19:17:44.585,0.88441,0.88452,1.00,4.69
2018.01.10 19:17:45.105,0.88441,0.88451,2.25,1.00
2018.01.10 19:17:46.115,0.88442,0.88451,1.87,1.00
2018.01.10 19:17:46.835,0.88443,0.88452,1.00,1.00
2018.01.10 19:17:47.999,0.88445,0.88452,1.37,1.00
2018.01.10 19:17:48.212,0.88444,0.88454,2.44,6.94
2018.01.10 19:17:48.370,0.88442,0.88453,5.25,4.87
2018.01.10 19:17:48.891,0.88442,0.88451,1.25,1.00
2018.01.10 19:17:49.397,0.88441,0.8845,3.56,1.00
2018.01.10 19:17:49.450,0.88442,0.88452,1.50,2.62
2018.01.10 19:17:50.051,0.88441,0.88451,2.81,1.00
2018.01.10 19:17:50.625,0.88441,0.8845,3.75,1.25
2018.01.10 19:17:51.453,0.88441,0.8845,3.19,1.12
2018.01.10 19:17:51.955,0.88441,0.8845,2.06,1.12
2018.01.10 19:17:52.489,0.8844,0.88449,1.50,1.87
2018.01.10 19:17:53.416,0.8844,0.88447,1.50,1.00
2018.01.10 19:17:53.776,0.88437,0.88447,1.50,1.31
2018.01.10 19:17:54.324,0.88437,0.88446,2.81,1.00
2018.01.10 19:17:54.856,0.88437,0.88446,4.69,1.00
2018.01.10 19:17:55.388,0.88437,0.88448,5.25,4.12
2018.01.10 19:17:55.443,0.88439,0.8845,2.81,3.00
2018.01.10 19:17:56.134,0.88438,0.88449,4.31,1.87
2018.01.10 19:17:56.191,0.88437,0.88447,3.00,2.25
2018.01.10 19:17:56.493,0.8844,0.88448,1.00,1.00
2018.01.10 19:17:56.546,0.88438,0.88447,1.13,1.50
2018.01.10 19:17:57.482,0.88438,0.88448,1.87,2.25
2018.01.10 19:17:57.904,0.88438,0.88447,4.69,1.00
2018.01.10 19:17:58.009,0.88441,0.88449,1.69,2.25
2018.01.10 19:17:58.115,0.8844,0.88451,3.56,2.44
2018.01.10 19:17:58.485,0.88439,0.88448,1.12,1.50
2018.01.10 19:17:59.322,0.8844,0.88448,1.50,1.50
2018.01.10 19:17:59.375,0.8844,0.8845,1.88,2.62
2018.01.10 19:17:59.909,0.88439,0.88449,4.13,1.25
2018.01.10 19:18:01.457,0.88439,0.88448,1.50,1.00
2018.01.10 19:18:02.913,0.88441,0.88449,1.50,1.87
2018.01.10 19:18:03.453,0.8844,0.88449,2.06,1.87
2018.01.10 19:18:03.955,0.88441,0.8845,1.50,3.00
2018.01.10 19:18:04.459,0.8844,0.8845,1.69,3.00
2018.01.10 19:18:05.035,0.88438,0.88449,3.00,2.81
2018.01.10 19:18:05.580,0.88439,0.88448,3.19,1.25
2018.01.10 19:18:05.633,0.88438,0.88448,4.69,1.50
2018.01.10 19:18:05.686,0.88438,0.88446,2.25,1.00
2018.01.10 19:18:06.538,0.88439,0.88446,1.50,1.00
2018.01.10 19:18:08.199,0.88438,0.88446,1.87,1.00
2018.01.10 19:18:08.715,0.88438,0.88447,1.50,1.87
2018.01.10 19:18:09.388,0.88438,0.88446,2.44,1.00
2018.01.10 19:18:09.914,0.88438,0.88447,1.50,2.06
2018.01.10 19:18:11.135,0.88438,0.88446,1.50,1.00
2018.01.10 19:18:12.090,0.88438,0.88447,1.50,1.50
2018.01.10 19:18:12.879,0.88439,0.88447,1.50,1.87
2018.01.10 19:18:13.893,0.88438,0.88447,1.69,1.50
2018.01.10 19:18:15.044,0.88438,0.88446,1.50,1.50
2018.01.10 19:18:17.069,0.88438,0.88445,1.50,1.00
2018.01.10 19:18:17.644,0.88437,0.88445,1.69,1.00
2018.01.10 19:18:18.110,0.88435,0.88445,1.12,1.87
2018.01.10 19:18:18.579,0.88438,0.88445,1.50,2.06
2018.01.10 19:18:19.112,0.88436,0.88444,1.88,1.00
2018.01.10 19:18:19.656,0.88437,0.88445,1.50,2.25
2018.01.10 19:18:20.183,0.88437,0.88444,1.50,1.00
2018.01.10 19:18:20.567,0.88437,0.88447,5.81,1.87
2018.01.10 19:18:20.724,0.88439,0.8845,1.00,5.81
2018.01.10 19:18:21.130,0.88441,0.8845,1.00,1.50
2018.01.10 19:18:21.287,0.88443,0.88452,1.87,1.50
2018.01.10 19:18:22.940,0.88442,0.88453,3.19,2.63
2018.01.10 19:18:25.076,0.88443,0.88452,1.12,1.00
2018.01.10 19:18:26.086,0.88443,0.88453,1.12,3.00
2018.01.10 19:18:26.350,0.88444,0.88454,2.25,2.06
2018.01.10 19:18:26.652,0.88443,0.88453,2.25,2.25
2018.01.10 19:18:26.767,0.88445,0.88454,1.50,1.25
2018.01.10 19:18:27.189,0.88442,0.88453,6.56,3.19
2018.01.10 19:18:27.242,0.88442,0.88452,1.12,2.81
2018.01.10 19:18:27.773,0.88441,0.88452,3.00,4.50
2018.01.10 19:18:28.459,0.88441,0.88451,3.75,2.06
2018.01.10 19:18:28.752,0.88443,0.88451,1.00,1.50
2018.01.10 19:18:28.809,0.88444,0.88452,1.00,1.87
2018.01.10 19:18:28.966,0.88447,0.88452,1.12,1.00
2018.01.10 19:18:29.020,0.88446,0.88455,3.75,1.00
2018.01.10 19:18:29.073,0.88448,0.88457,1.00,2.06
2018.01.10 19:18:29.125,0.8845,0.88458,1.00,2.25
2018.01.10 19:18:29.812,0.8845,0.88459,1.00,3.19
2018.01.10 19:18:30.331,0.88451,0.8846,1.50,2.81
2018.01.10 19:18:31.316,0.88452,0.8846,1.00,1.13
2018.01.10 19:18:32.322,0.88451,0.8846,1.00,1.87
2018.01.10 19:18:32.639,0.88452,0.88459,1.00,1.44
2018.01.10 19:18:34.000,0.8845,0.88457,1.00,1.00
2018.01.10 19:18:34.106,0.88448,0.88458,2.25,1.25
2018.01.10 19:18:34.637,0.88449,0.88458,1.00,1.00
2018.01.10 19:18:35.175,0.88448,0.88458,2.25,1.87
2018.01.10 19:18:36.233,0.88449,0.88458,1.00,1.87
2018.01.10 19:18:36.287,0.88451,0.88458,1.50,1.12
2018.01.10 19:18:36.602,0.88449,0.88458,2.62,1.00
2018.01.10 19:18:37.754,0.88448,0.88458,4.69,1.00
2018.01.10 19:18:38.046,0.88452,0.88459,1.50,1.12
2018.01.10 19:18:38.565,0.88451,0.8846,2.62,1.50
2018.01.10 19:18:38.879,0.88448,0.88458,2.25,4.31
2018.01.10 19:18:39.473,0.88449,0.88458,1.12,1.87
2018.01.10 19:18:40.237,0.88448,0.88458,2.44,1.87
2018.01.10 19:18:40.787,0.88449,0.88458,1.50,1.87
2018.01.10 19:18:41.316,0.88449,0.88457,2.44,1.00
2018.01.10 19:18:42.236,0.88449,0.88456,3.00,1.00
2018.01.10 19:18:43.316,0.8845,0.88457,1.50,1.87
2018.01.10 19:18:43.369,0.88448,0.88457,2.62,1.12
2018.01.10 19:18:43.892,0.88449,0.88457,1.50,1.12
2018.01.10 19:18:44.885,0.88449,0.88459,1.50,4.31
2018.01.10 19:18:45.161,0.88452,0.8846,1.50,2.81
2018.01.10 19:18:45.706,0.88451,0.8846,1.50,2.62
2018.01.10 19:18:46.244,0.88451,0.88459,1.50,1.00
2018.01.10 19:18:46.758,0.88452,0.88459,1.50,1.00
2018.01.10 19:18:47.358,0.88452,0.8846,1.50,2.25
2018.01.10 19:18:47.890,0.88451,0.8846,2.25,2.25
2018.01.10 19:18:48.523,0.88451,0.88459,1.50,1.50
2018.01.10 19:18:49.133,0.88451,0.88459,1.50,2.62
2018.01.10 19:18:50.337,0.88451,0.88459,1.50,2.62
2018.01.10 19:18:51.343,0.88451,0.88459,1.50,4.12
2018.01.10 19:18:51.885,0.8845,0.88457,1.50,1.00
2018.01.10 19:18:52.405,0.88449,0.88457,1.50,1.00
2018.01.10 19:18:52.950,0.88449,0.88456,1.50,1.12
2018.01.10 19:18:54.441,0.88447,0.88454,1.50,1.00
2018.01.10 19:18:54.641,0.88445,0.88453,1.50,1.50
2018.01.10 19:18:54.697,0.88447,0.88456,1.50,2.81
2018.01.10 19:18:55.408,0.88447,0.88456,1.50,3.19
2018.01.10 19:18:55.918,0.88447,0.88455,1.50,1.31
2018.01.10 19:18:56.511,0.88447,0.88454,1.50,1.00
2018.01.10 19:18:57.157,0.88447,0.88455,1.50,1.00
2018.01.10 19:18:57.713,0.88447,0.88454,1.50,1.00
2018.01.10 19:18:58.253,0.88448,0.88455,1.50,1.00
2018.01.10 19:18:59.158,0.88448,0.88454,1.50,1.00
2018.01.10 19:18:59.212,0.88448,0.88456,1.50,2.62
2018.01.10 19:18:59.906,0.88448,0.88455,1.50,1.25
2018.01.10 19:19:00.886,0.88447,0.88455,1.87,1.25
2018.01.10 19:19:01.400,0.88448,0.88456,1.50,1.31
2018.01.10 19:19:02.019,0.88449,0.88456,1.50,1.25
2018.01.10 19:19:02.520,0.88449,0.88456,1.50,2.25
2018.01.10 19:19:03.061,0.88449,0.88456,1.50,2.81
2018.01.10 19:19:05.516,0.88449,0.88455,1.50,1.00
2018.01.10 19:19:06.232,0.88449,0.88456,1.50,1.12
2018.01.10 19:19:06.539,0.88447,0.88456,1.50,1.25
2018.01.10 19:19:07.108,0.88448,0.88456,1.50,1.25
2018.01.10 19:19:07.164,0.88451,0.88456,1.50,1.63
2018.01.10 19:19:07.223,0.88451,0.88458,1.50,3.94
2018.01.10 19:19:07.774,0.88451,0.88458,1.50,1.88
2018.01.10 19:19:08.088,0.88448,0.88457,3.00,2.62
2018.01.10 19:19:08.247,0.88451,0.88455,1.50,1.00
2018.01.10 19:19:08.421,0.8845,0.88458,1.50,2.44
2018.01.10 19:19:08.966,0.88451,0.88457,1.50,1.13
2018.01.10 19:19:09.394,0.88449,0.88457,1.00,2.25
2018.01.10 19:19:09.447,0.88447,0.88457,2.62,3.94
2018.01.10 19:19:09.605,0.88446,0.88454,1.87,1.25
2018.01.10 19:19:09.763,0.88447,0.88456,2.25,3.00
2018.01.10 19:19:10.461,0.88447,0.88456,1.50,3.00
2018.01.10 19:19:11.107,0.88448,0.88456,1.50,3.38
2018.01.10 19:19:11.643,0.88447,0.88455,1.50,1.00
2018.01.10 19:19:12.216,0.88446,0.88455,2.62,2.25
2018.01.10 19:19:12.749,0.88444,0.88454,3.94,3.00
2018.01.10 19:19:12.802,0.88444,0.88454,3.00,2.25
2018.01.10 19:19:13.400,0.88444,0.88453,3.00,1.00
2018.01.10 19:19:13.891,0.88443,0.88452,3.00,1.37
2018.01.10 19:19:13.944,0.88443,0.88453,3.38,2.62
2018.01.10 19:19:14.167,0.88444,0.88451,1.00,1.25
2018.01.10 19:19:14.685,0.88443,0.88451,2.25,1.00
2018.01.10 19:19:15.235,0.88443,0.88452,3.19,1.00
2018.01.10 19:19:15.549,0.88445,0.88453,1.50,1.00
2018.01.10 19:19:16.872,0.88443,0.88452,3.00,1.00
2018.01.10 19:19:17.395,0.88443,0.88451,2.25,1.12
2018.01.10 19:19:17.872,0.88445,0.88453,1.50,2.81
2018.01.10 19:19:19.270,0.88443,0.88452,2.62,1.38
2018.01.10 19:19:19.914,0.88444,0.88452,1.50,1.25
2018.01.10 19:19:20.398,0.88442,0.88451,3.75,1.37
2018.01.10 19:19:20.983,0.88443,0.8845,1.00,1.31
2018.01.10 19:19:21.669,0.88442,0.8845,3.75,1.12
2018.01.10 19:19:22.326,0.88444,0.88451,1.50,1.37
2018.01.10 19:19:22.388,0.88442,0.8845,1.50,4.50
2018.01.10 19:19:24.543,0.88442,0.8845,3.37,1.00
2018.01.10 19:19:25.045,0.88442,0.88449,1.12,3.00
2018.01.10 19:19:25.846,0.88443,0.88449,1.00,3.00
2018.01.10 19:19:26.274,0.88443,0.88447,1.00,1.00
2018.01.10 19:19:26.327,0.88441,0.88448,1.50,2.62
2018.01.10 19:19:26.864,0.88442,0.88448,1.00,2.25
2018.01.10 19:19:27.090,0.8844,0.88447,1.00,1.50
2018.01.10 19:19:27.488,0.88436,0.88446,3.56,1.37
2018.01.10 19:19:28.418,0.88436,0.88445,2.81,1.31
2018.01.10 19:19:28.526,0.88434,0.88443,1.87,1.87
2018.01.10 19:19:29.494,0.88432,0.88443,5.06,1.87
2018.01.10 19:19:30.027,0.88432,0.88442,2.25,1.50
2018.01.10 19:19:30.670,0.88432,0.88442,4.88,1.13
2018.01.10 19:19:31.521,0.88432,0.88442,2.63,1.00
2018.01.10 19:19:32.701,0.88432,0.88442,1.88,1.50
2018.01.10 19:19:33.523,0.88432,0.88442,1.50,3.00
2018.01.10 19:19:34.221,0.88431,0.88442,5.63,3.38
2018.01.10 19:19:35.108,0.88431,0.88442,5.63,3.38
2018.01.10 19:19:35.420,0.88433,0.88442,2.63,1.31
2018.01.10 19:19:36.103,0.88433,0.88442,1.69,1.12
2018.01.10 19:19:36.862,0.88432,0.88442,3.00,1.00
2018.01.10 19:19:37.378,0.88432,0.88442,2.63,1.00
2018.01.10 19:19:38.119,0.88432,0.88443,1.88,3.75
2018.01.10 19:19:38.872,0.88433,0.88443,1.88,3.19
2018.01.10 19:19:39.186,0.88437,0.88446,1.00,2.25
2018.01.10 19:19:39.765,0.88438,0.88446,1.50,1.00
2018.01.10 19:19:39.869,0.88438,0.88448,1.50,2.63
2018.01.10 19:19:40.402,0.88437,0.88448,4.13,3.00
2018.01.10 19:19:40.928,0.88437,0.88447,4.88,1.00
2018.01.10 19:19:41.629,0.88437,0.88448,4.88,2.44
2018.01.10 19:19:42.137,0.88438,0.88448,1.50,2.06
2018.01.10 19:19:42.654,0.88437,0.88448,5.25,1.69
2018.01.10 19:19:43.644,0.88438,0.88447,1.00,1.13
2018.01.10 19:19:43.753,0.88439,0.88448,1.44,2.44
2018.01.10 19:19:44.270,0.8844,0.8845,1.69,1.63
2018.01.10 19:19:45.679,0.8844,0.88448,1.00,1.50
2018.01.10 19:19:45.786,0.88438,0.88448,3.00,2.62
2018.01.10 19:19:46.867,0.88438,0.88447,2.62,1.25
2018.01.10 19:19:47.680,0.88438,0.88448,1.12,3.75
2018.01.10 19:19:48.324,0.88439,0.88448,1.12,1.87
2018.01.10 19:19:48.481,0.88439,0.88446,1.50,1.00
2018.01.10 19:19:48.637,0.88438,0.88446,1.00,1.13
2018.01.10 19:19:49.157,0.88438,0.88447,1.00,1.31
2018.01.10 19:19:50.013,0.88439,0.88448,2.25,1.12
2018.01.10 19:19:50.382,0.88441,0.88449,1.50,1.50
2018.01.10 19:19:51.684,0.88441,0.88449,2.62,1.00
2018.01.10 19:19:52.152,0.88443,0.88452,2.25,2.44
2018.01.10 19:19:54.009,0.88441,0.88452,3.00,1.13
2018.01.10 19:19:54.115,0.88441,0.8845,3.00,1.50
2018.01.10 19:19:54.663,0.8844,0.88449,3.75,1.00
2018.01.10 19:19:55.003,0.88438,0.88447,4.87,2.25
2018.01.10 19:19:55.950,0.88438,0.88447,4.88,1.00
2018.01.10 19:19:56.479,0.88438,0.88447,5.81,1.00
2018.01.10 19:19:57.024,0.88438,0.88447,6.75,1.00
2018.01.10 19:20:00.937,0.88439,0.88448,1.25,3.19
2018.01.10 19:20:01.486,0.88437,0.88447,4.31,1.00
2018.01.10 19:20:02.073,0.88438,0.88447,3.19,1.00
2018.01.10 19:20:02.625,0.88443,0.88449,1.00,1.00
2018.01.10 19:20:02.735,0.88442,0.88451,1.87,2.06
2018.01.10 19:20:03.327,0.88442,0.88451,5.25,1.25
2018.01.10 19:20:03.877,0.88443,0.88452,2.62,1.50
2018.01.10 19:20:04.890,0.88441,0.88452,9.19,1.88
2018.01.10 19:20:05.444,0.88441,0.88451,5.06,1.00
2018.01.10 19:20:05.996,0.88441,0.88452,5.25,3.00
2018.01.10 19:20:06.919,0.88442,0.88452,1.87,1.00
2018.01.10 19:20:09.453,0.88443,0.88452,1.50,1.00
2018.01.10 19:20:09.954,0.88442,0.88452,5.25,1.00
2018.01.10 19:20:10.548,0.88442,0.88452,6.00,1.00
2018.01.10 19:20:11.984,0.88442,0.88452,5.25,1.12
2018.01.10 19:20:12.655,0.88442,0.88452,6.00,1.00
2018.01.10 19:20:14.108,0.88443,0.88453,3.56,1.87
2018.01.10 19:20:14.183,0.88445,0.88454,1.50,1.50
2018.01.10 19:20:14.651,0.88442,0.88453,4.12,2.44
2018.01.10 19:20:15.171,0.88442,0.88452,5.81,1.00
2018.01.10 19:20:15.713,0.88442,0.88453,3.56,2.25
2018.01.10 19:20:16.999,0.88442,0.88451,4.12,1.00
2018.01.10 19:20:17.526,0.88444,0.88452,1.00,1.50
2018.01.10 19:20:19.936,0.88442,0.8845,1.25,1.00
2018.01.10 19:20:20.248,0.8844,0.88449,2.06,1.00
2018.01.10 19:20:21.177,0.8844,0.88449,1.50,1.00
2018.01.10 19:20:21.717,0.8844,0.88449,1.50,1.12
2018.01.10 19:20:25.145,0.88442,0.88449,1.00,1.00
2018.01.10 19:20:25.250,0.88442,0.88452,1.00,4.12
2018.01.10 19:20:25.777,0.88441,0.88451,1.00,1.00
2018.01.10 19:20:25.935,0.88441,0.88449,1.50,1.00
2018.01.10 19:20:26.476,0.88439,0.88448,1.50,1.25
2018.01.10 19:20:26.999,0.88439,0.88448,1.00,1.50
2018.01.10 19:20:28.977,0.88438,0.88448,2.44,1.12
2018.01.10 19:20:30.131,0.88438,0.88446,1.00,2.25
2018.01.10 19:20:30.659,0.8844,0.88448,1.00,2.81
2018.01.10 19:20:31.165,0.88439,0.88449,2.06,1.50
2018.01.10 19:20:31.467,0.8844,0.8845,4.12,1.12
2018.01.10 19:20:31.574,0.8844,0.8845,1.50,1.12
2018.01.10 19:20:31.684,0.88439,0.88448,1.87,1.00
2018.01.10 19:20:32.218,0.88439,0.88449,1.00,3.37
2018.01.10 19:20:32.757,0.8844,0.8845,1.50,4.87
2018.01.10 19:20:33.268,0.8844,0.8845,2.25,1.00
2018.01.10 19:20:33.772,0.8844,0.88451,2.25,2.25
2018.01.10 19:20:34.677,0.88441,0.88451,1.00,1.50
2018.01.10 19:20:36.079,0.88441,0.88451,4.69,2.25
2018.01.10 19:20:36.340,0.8844,0.8845,1.69,1.00
2018.01.10 19:20:36.867,0.88439,0.88449,1.50,1.00
2018.01.10 19:20:37.384,0.88439,0.88449,1.87,1.00
2018.01.10 19:20:40.637,0.8844,0.8845,2.44,1.25
2018.01.10 19:20:41.157,0.88441,0.88452,1.00,3.94
2018.01.10 19:20:41.760,0.8844,0.8845,2.25,1.00
2018.01.10 19:20:42.310,0.8844,0.88449,1.12,1.00
2018.01.10 19:20:43.258,0.88439,0.88449,4.31,1.87
2018.01.10 19:20:43.786,0.8844,0.88449,1.25,1.37
2018.01.10 19:20:45.103,0.8844,0.8845,3.00,1.50
2018.01.10 19:20:45.665,0.8844,0.8845,5.25,1.00
2018.01.10 19:20:46.306,0.8844,0.88451,5.25,3.37
2018.01.10 19:20:47.025,0.8844,0.88451,5.25,3.00
2018.01.10 19:20:47.632,0.8844,0.88451,5.25,4.87
2018.01.10 19:20:48.702,0.88439,0.8845,2.25,3.75
2018.01.10 19:20:49.245,0.8844,0.8845,1.00,1.50
2018.01.10 19:20:49.792,0.88441,0.8845,1.00,1.12
2018.01.10 19:20:52.917,0.8844,0.8845,1.87,2.62
2018.01.10 19:20:53.468,0.88439,0.88449,1.50,1.31
2018.01.10 19:20:54.007,0.88438,0.88449,3.37,3.00
2018.01.10 19:20:54.975,0.88439,0.88449,1.12,4.87
2018.01.10 19:20:56.094,0.88438,0.88449,2.62,1.69
2018.01.10 19:20:56.429,0.88441,0.88449,1.50,1.12
2018.01.10 19:20:56.994,0.88441,0.8845,3.00,1.12
2018.01.10 19:20:58.283,0.8844,0.8845,1.12,2.62
2018.01.10 19:20:59.003,0.8844,0.88448,1.00,1.00
2018.01.10 19:20:59.317,0.88438,0.88448,2.81,1.12
2018.01.10 19:20:59.843,0.88439,0.88448,1.00,1.00
2018.01.10 19:21:03.067,0.88439,0.88448,3.94,1.12
2018.01.10 19:21:03.120,0.88441,0.88451,1.00,3.19
2018.01.10 19:21:03.823,0.8844,0.88451,1.50,6.00
2018.01.10 19:21:04.430,0.88439,0.88448,2.62,1.00
2018.01.10 19:21:05.503,0.88441,0.8845,1.50,2.06
2018.01.10 19:21:05.556,0.88442,0.88451,1.00,2.06
2018.01.10 19:21:06.588,0.88443,0.88451,1.00,1.87
2018.01.10 19:21:07.585,0.88443,0.88451,3.00,1.50
2018.01.10 19:21:07.638,0.88443,0.88453,2.44,1.25
2018.01.10 19:21:08.159,0.88444,0.88454,1.50,1.00
2018.01.10 19:21:08.811,0.88444,0.88454,1.87,1.00
2018.01.10 19:21:12.454,0.88444,0.88453,1.25,1.25
2018.01.10 19:21:13.314,0.88444,0.88454,1.00,3.75
2018.01.10 19:21:14.095,0.88443,0.88449,2.25,1.12
2018.01.10 19:21:14.455,0.88436,0.88443,1.00,1.12
2018.01.10 19:21:14.975,0.88436,0.88442,1.00,1.00
2018.01.10 19:21:15.399,0.88437,0.88444,1.00,2.25
2018.01.10 19:21:15.930,0.88436,0.88443,1.25,1.00
2018.01.10 19:21:16.483,0.88437,0.88444,1.00,1.12
2018.01.10 19:21:17.001,0.88436,0.88444,1.00,1.12
2018.01.10 19:21:17.713,0.88436,0.88445,1.12,7.12
2018.01.10 19:21:18.246,0.88436,0.88444,1.12,1.00
2018.01.10 19:21:20.290,0.88436,0.88443,1.00,1.00
2018.01.10 19:21:20.342,0.88436,0.88445,1.00,5.62
2018.01.10 19:21:20.592,0.88436,0.88443,1.00,1.00
2018.01.10 19:21:21.135,0.88436,0.88445,2.44,1.12
2018.01.10 19:21:21.187,0.88438,0.88447,1.69,1.00
2018.01.10 19:21:21.517,0.88439,0.88449,1.00,4.31
2018.01.10 19:21:22.021,0.88439,0.88448,1.00,1.12
2018.01.10 19:21:22.812,0.88438,0.88448,2.06,2.25
2018.01.10 19:21:24.256,0.88438,0.88447,2.06,1.37
2018.01.10 19:21:26.242,0.88437,0.88447,9.75,1.00
2018.01.10 19:21:27.289,0.88438,0.88449,2.25,5.25
2018.01.10 19:21:29.590,0.88439,0.88449,1.25,4.31
2018.01.10 19:21:31.013,0.88439,0.88449,6.19,1.69
2018.01.10 19:21:32.286,0.88439,0.8845,2.62,4.87
2018.01.10 19:21:34.071,0.88439,0.8845,3.00,5.06
2018.01.10 19:21:34.227,0.88438,0.88449,5.81,2.81
2018.01.10 19:21:34.556,0.8844,0.88448,1.00,1.00
2018.01.10 19:21:34.870,0.88442,0.88449,1.00,1.31
2018.01.10 19:21:35.475,0.8844,0.8845,3.00,1.50
2018.01.10 19:21:36.019,0.88441,0.8845,1.50,2.25
2018.01.10 19:21:36.818,0.88441,0.8845,1.00,2.06
2018.01.10 19:21:37.346,0.88441,0.8845,1.00,3.94
2018.01.10 19:21:37.981,0.88439,0.88447,1.12,1.50
2018.01.10 19:21:38.034,0.88437,0.88447,3.94,3.94
2018.01.10 19:21:38.088,0.88437,0.88446,1.00,1.56
2018.01.10 19:21:38.197,0.88435,0.88444,2.81,1.00
2018.01.10 19:21:38.704,0.88434,0.88445,3.19,3.56
2018.01.10 19:21:39.082,0.88434,0.88445,2.06,6.00
2018.01.10 19:21:40.434,0.88433,0.88443,3.94,1.50
2018.01.10 19:21:41.218,0.88433,0.88443,4.87,2.58
2018.01.10 19:21:41.330,0.88434,0.88445,2.25,3.37
2018.01.10 19:21:41.884,0.88435,0.88443,1.00,1.50
2018.01.10 19:21:42.411,0.88434,0.88443,1.12,1.50
2018.01.10 19:21:42.705,0.88434,0.88441,1.00,1.25
2018.01.10 19:21:43.238,0.88433,0.88441,1.00,1.50
2018.01.10 19:21:44.289,0.88433,0.88442,1.00,3.52
2018.01.10 19:21:44.883,0.88433,0.88442,1.00,5.20
2018.01.10 19:21:45.451,0.88433,0.88442,1.00,3.37
2018.01.10 19:21:46.131,0.88433,0.88443,2.25,4.87
2018.01.10 19:21:46.635,0.88434,0.88443,1.00,5.39
2018.01.10 19:21:48.360,0.88434,0.88442,1.00,1.08
2018.01.10 19:21:48.916,0.88433,0.88442,3.37,1.19
2018.01.10 19:21:49.435,0.88433,0.88443,1.50,3.75
2018.01.10 19:21:50.504,0.88434,0.88443,1.00,1.12
2018.01.10 19:21:52.109,0.88438,0.88446,3.00,1.00
2018.01.10 19:21:52.163,0.88438,0.88448,1.50,2.63
2018.01.10 19:21:52.217,0.88438,0.88445,4.13,1.00
2018.01.10 19:21:52.325,0.88439,0.88448,1.00,1.12
2018.01.10 19:21:52.800,0.88439,0.88446,2.81,1.00
2018.01.10 19:21:53.308,0.88439,0.88447,4.88,1.00
2018.01.10 19:21:53.665,0.88438,0.88447,2.58,1.00
2018.01.10 19:21:53.724,0.8844,0.88447,1.46,1.00
2018.01.10 19:21:53.778,0.88439,0.8845,6.14,3.38
2018.01.10 19:21:54.355,0.88441,0.88449,1.83,1.12
2018.01.10 19:21:54.899,0.8844,0.88449,4.08,1.50
2018.01.10 19:21:55.448,0.8844,0.88448,5.02,1.00
2018.01.10 19:21:55.980,0.8844,0.88448,3.33,1.00
2018.01.10 19:21:56.542,0.8844,0.88449,3.19,1.00
2018.01.10 19:21:58.748,0.8844,0.88448,3.00,1.00
2018.01.10 19:21:59.352,0.8844,0.88449,1.00,1.00
2018.01.10 19:21:59.928,0.8844,0.88448,1.00,1.00
2018.01.10 19:22:00.463,0.88439,0.88448,3.94,1.00
2018.01.10 19:22:00.991,0.8844,0.88449,1.88,2.25
2018.01.10 19:22:01.354,0.88441,0.88449,1.50,1.50
2018.01.10 19:22:02.001,0.88441,0.88449,2.25,1.00
2018.01.10 19:22:04.147,0.88441,0.88447,1.87,1.00
2018.01.10 19:22:04.684,0.88441,0.88448,1.87,1.25
2018.01.10 19:22:04.893,0.88439,0.88448,2.81,1.50
2018.01.10 19:22:05.501,0.88439,0.88448,9.75,1.00
2018.01.10 19:22:05.554,0.88441,0.88449,1.50,1.00
2018.01.10 19:22:06.143,0.88441,0.88448,1.88,1.00
2018.01.10 19:22:06.681,0.88441,0.88449,2.25,1.00
2018.01.10 19:22:07.296,0.88442,0.88449,4.31,1.00
2018.01.10 19:22:08.736,0.88444,0.88449,1.00,1.00
2018.01.10 19:22:08.789,0.88444,0.88453,7.13,1.50
2018.01.10 19:22:08.946,0.88443,0.88453,1.00,4.31
2018.01.10 19:22:09.251,0.88443,0.88452,1.50,1.50
2018.01.10 19:22:09.355,0.88442,0.88452,2.81,1.50
2018.01.10 19:22:10.017,0.88442,0.88452,3.00,1.88
2018.01.10 19:22:10.585,0.88441,0.88452,3.00,2.63
2018.01.10 19:22:11.399,0.88441,0.88451,1.13,1.50
2018.01.10 19:22:12.032,0.88441,0.88451,1.25,1.88
2018.01.10 19:22:12.556,0.88441,0.88451,1.88,1.88
2018.01.10 19:22:14.199,0.88441,0.88451,1.87,1.88
2018.01.10 19:22:15.084,0.88441,0.8845,1.12,1.38
2018.01.10 19:22:15.620,0.8844,0.88449,1.69,1.00
2018.01.10 19:22:15.840,0.88439,0.88447,1.50,1.00
2018.01.10 19:22:16.345,0.88437,0.88447,5.44,1.31
2018.01.10 19:22:16.994,0.88437,0.88447,2.62,2.06
2018.01.10 19:22:17.671,0.88437,0.88447,1.87,2.44
2018.01.10 19:22:18.973,0.88437,0.88447,1.87,2.63
2018.01.10 19:22:20.981,0.88436,0.88446,3.75,1.12
2018.01.10 19:22:22.047,0.88436,0.88446,4.69,1.88
2018.01.10 19:22:23.802,0.88436,0.88446,1.87,1.69
2018.01.10 19:22:23.856,0.88434,0.88444,3.75,2.63
2018.01.10 19:22:23.915,0.88434,0.88444,6.56,1.31
2018.01.10 19:22:24.573,0.88436,0.88445,1.12,1.50
2018.01.10 19:22:25.052,0.88437,0.88445,1.88,1.00
2018.01.10 19:22:25.571,0.88436,0.88446,4.13,1.00
2018.01.10 19:22:26.358,0.88437,0.88445,1.00,1.00
2018.01.10 19:22:26.782,0.88438,0.88447,2.25,1.50
2018.01.10 19:22:27.825,0.88438,0.88445,5.06,1.00
2018.01.10 19:22:27.881,0.88439,0.88447,1.12,1.00
2018.01.10 19:22:28.401,0.8844,0.88448,1.12,1.12
2018.01.10 19:22:29.209,0.8844,0.88448,1.87,1.12
2018.01.10 19:22:29.808,0.8844,0.88449,2.63,1.00
2018.01.10 19:22:30.346,0.88441,0.88449,1.00,1.00
2018.01.10 19:22:31.011,0.88441,0.88448,1.00,1.00
2018.01.10 19:22:31.681,0.88441,0.88449,1.00,1.00
2018.01.10 19:22:34.478,0.88441,0.88448,1.00,1.00
2018.01.10 19:22:35.251,0.88441,0.88449,1.00,1.00
2018.01.10 19:22:35.770,0.88442,0.88451,1.12,1.12
2018.01.10 19:22:35.827,0.88441,0.88449,3.75,1.00
2018.01.10 19:22:36.794,0.88443,0.88449,1.25,1.00
2018.01.10 19:22:37.300,0.88446,0.8845,1.00,1.00
2018.01.10 19:22:37.456,0.88443,0.88449,1.25,1.00
2018.01.10 19:22:38.802,0.88443,0.88449,1.44,1.00
2018.01.10 19:22:39.350,0.88443,0.88449,1.25,1.00
2018.01.10 19:22:39.408,0.88443,0.88452,5.81,1.00
2018.01.10 19:22:39.706,0.88444,0.88453,4.12,1.00
2018.01.10 19:22:39.759,0.88446,0.88455,1.12,2.62
2018.01.10 19:22:39.812,0.88446,0.88453,1.12,1.00
2018.01.10 19:22:40.361,0.88445,0.88452,1.50,1.00
2018.01.10 19:22:40.689,0.88445,0.88453,3.75,1.00
2018.01.10 19:22:41.336,0.88445,0.88452,4.12,1.00
2018.01.10 19:22:41.792,0.88445,0.88454,3.37,1.12
2018.01.10 19:22:42.308,0.88445,0.88454,1.00,1.00
2018.01.10 19:22:42.962,0.88444,0.88453,1.50,1.12
2018.01.10 19:22:43.067,0.88445,0.88454,6.37,1.00
2018.01.10 19:22:43.486,0.88444,0.88452,6.94,1.00
2018.01.10 19:22:43.643,0.88444,0.88452,4.12,1.00
2018.01.10 19:22:43.903,0.88444,0.88454,4.31,1.50
2018.01.10 19:22:44.059,0.88446,0.88451,1.50,1.00
2018.01.10 19:22:44.663,0.88446,0.88452,1.50,1.00
2018.01.10 19:22:47.297,0.88446,0.88451,1.25,1.00
2018.01.10 19:22:47.662,0.88443,0.88453,4.12,1.00
2018.01.10 19:22:48.511,0.88444,0.88453,1.00,1.87
2018.01.10 19:22:48.563,0.88444,0.88451,1.50,1.00
2018.01.10 19:22:48.927,0.88444,0.88453,3.00,1.00
2018.01.10 19:22:50.221,0.88444,0.88452,3.00,1.00
2018.01.10 19:22:50.737,0.88444,0.88453,2.62,1.00
2018.01.10 19:22:51.363,0.88445,0.88453,1.00,1.00
2018.01.10 19:22:51.872,0.88445,0.88453,1.37,1.00
2018.01.10 19:22:52.803,0.88445,0.88453,1.00,1.00
2018.01.10 19:22:53.428,0.88445,0.88452,1.00,1.00
2018.01.10 19:22:54.061,0.88444,0.88453,2.25,1.00
2018.01.10 19:22:55.872,0.88445,0.88453,2.62,1.00
2018.01.10 19:22:58.250,0.88445,0.88452,2.62,1.00
2018.01.10 19:22:58.788,0.88445,0.88453,2.62,1.00
2018.01.10 19:23:00.247,0.88446,0.88452,1.00,1.00
2018.01.10 19:23:00.765,0.88446,0.88453,1.00,1.00
2018.01.10 19:23:02.334,0.88445,0.88452,1.37,1.00
2018.01.10 19:23:02.861,0.88445,0.88453,1.37,1.00
2018.01.10 19:23:03.684,0.88448,0.88453,1.50,1.00
2018.01.10 19:23:03.737,0.88448,0.88456,1.00,1.50
2018.01.10 19:23:03.946,0.8845,0.88456,1.00,1.00
2018.01.10 19:23:04.126,0.88448,0.88456,1.00,1.00
2018.01.10 19:23:05.341,0.88448,0.88455,1.25,1.00
2018.01.10 19:23:06.668,0.88448,0.88456,1.25,1.00
2018.01.10 19:23:06.946,0.88449,0.88458,1.12,1.50
2018.01.10 19:23:06.999,0.88449,0.88455,2.62,1.00
2018.01.10 19:23:07.108,0.88449,0.88458,3.19,1.00
2018.01.10 19:23:07.396,0.88449,0.8846,5.44,3.75
2018.01.10 19:23:07.708,0.88449,0.88456,5.44,1.00
2018.01.10 19:23:09.631,0.8845,0.88458,1.00,1.00
2018.01.10 19:23:09.684,0.8845,0.88456,1.00,1.00
2018.01.10 19:23:10.253,0.8845,0.88455,1.00,1.00
2018.01.10 19:23:10.765,0.8845,0.88456,1.00,1.00
2018.01.10 19:23:10.924,0.88448,0.88456,1.00,1.00
2018.01.10 19:23:11.292,0.88449,0.88455,2.06,1.00
2018.01.10 19:23:11.496,0.88448,0.88456,2.62,1.00
2018.01.10 19:23:11.809,0.88446,0.88454,1.37,1.00
2018.01.10 19:23:11.862,0.88446,0.88456,1.37,3.19
2018.01.10 19:23:12.952,0.88447,0.88455,1.00,1.50
2018.01.10 19:23:13.367,0.88445,0.88453,3.00,1.00
2018.01.10 19:23:14.002,0.88445,0.88454,3.00,1.00
2018.01.10 19:23:14.546,0.88445,0.88453,1.00,1.00
2018.01.10 19:23:15.113,0.88446,0.88456,1.00,5.44
2018.01.10 19:23:15.373,0.88446,0.88453,1.00,1.00
2018.01.10 19:23:15.909,0.88445,0.88454,2.25,1.00
2018.01.10 19:23:16.438,0.88445,0.88453,2.25,1.00
2018.01.10 19:23:16.945,0.88445,0.88452,3.00,1.00
2018.01.10 19:23:17.479,0.88446,0.88453,1.37,1.00
2018.01.10 19:23:18.199,0.88445,0.88452,3.00,1.00
2018.01.10 19:23:18.355,0.88447,0.88454,1.00,1.00
2018.01.10 19:23:18.933,0.88446,0.88453,1.00,1.00
2018.01.10 19:23:19.532,0.88446,0.88454,1.25,1.00
2018.01.10 19:23:20.027,0.88447,0.88456,1.50,1.50
2018.01.10 19:23:20.577,0.88448,0.88456,2.25,1.00
2018.01.10 19:23:21.106,0.88448,0.88455,2.25,1.00
2018.01.10 19:23:21.665,0.88448,0.88456,2.25,1.00
2018.01.10 19:23:22.098,0.88446,0.88453,2.62,1.00
2018.01.10 19:23:22.263,0.88446,0.88456,3.37,1.00
2018.01.10 19:23:22.370,0.88448,0.88455,1.75,1.00
2018.01.10 19:23:22.646,0.88448,0.88456,1.00,1.00
2018.01.10 19:23:23.204,0.88449,0.88456,1.50,1.00
2018.01.10 19:23:25.404,0.88448,0.88456,1.12,1.00
2018.01.10 19:23:25.917,0.88449,0.88456,1.00,1.00
2018.01.10 19:23:26.605,0.88448,0.88456,3.00,1.00
2018.01.10 19:23:28.319,0.88448,0.88455,4.50,1.00
2018.01.10 19:23:28.895,0.88448,0.88456,4.12,1.00
2018.01.10 19:23:29.233,0.88448,0.88458,2.25,1.50
2018.01.10 19:23:29.286,0.88448,0.88455,1.25,1.00
2018.01.10 19:23:29.942,0.88448,0.88454,1.25,1.00
2018.01.10 19:23:30.463,0.88447,0.88455,4.50,1.00
2018.01.10 19:23:33.617,0.88447,0.88454,4.31,1.00
2018.01.10 19:23:33.906,0.88451,0.88459,2.62,1.12
2018.01.10 19:23:34.168,0.88451,0.88461,2.62,1.50
2018.01.10 19:23:34.272,0.88453,0.88461,1.50,1.12
2018.01.10 19:23:34.807,0.88453,0.8846,4.50,1.00
2018.01.10 19:23:34.861,0.88454,0.88462,1.00,2.25
2018.01.10 19:23:34.916,0.88452,0.88461,3.00,1.12
2018.01.10 19:23:34.971,0.88452,0.88459,3.00,1.00
2018.01.10 19:23:35.075,0.88453,0.88462,2.25,1.00
2018.01.10 19:23:35.284,0.88453,0.8846,1.00,1.00
2018.01.10 19:23:35.336,0.88453,0.88463,2.25,3.56
2018.01.10 19:23:35.953,0.88453,0.88463,1.50,4.69
2018.01.10 19:23:38.470,0.88454,0.88463,1.50,3.94
2018.01.10 19:23:38.993,0.88454,0.88464,3.00,3.56
2018.01.10 19:23:39.100,0.88454,0.88462,3.00,1.00
2018.01.10 19:23:39.620,0.88454,0.88463,1.00,1.25
2018.01.10 19:23:40.009,0.88455,0.88464,3.37,2.62
2018.01.10 19:23:40.619,0.88455,0.88463,1.87,1.00
2018.01.10 19:23:40.835,0.88456,0.88465,3.00,4.31
2018.01.10 19:23:42.812,0.88456,0.88464,1.00,1.25
2018.01.10 19:23:43.830,0.88455,0.88464,1.00,2.81
2018.01.10 19:23:44.839,0.88455,0.88463,1.12,1.69
2018.01.10 19:23:45.624,0.88454,0.88463,1.00,1.50
2018.01.10 19:23:46.067,0.88453,0.88462,1.00,2.62
2018.01.10 19:23:47.734,0.88453,0.88461,1.50,1.00
2018.01.10 19:23:47.943,0.88452,0.88462,1.12,3.37
2018.01.10 19:23:48.458,0.88451,0.88462,4.31,1.69
2018.01.10 19:23:49.007,0.88451,0.88461,3.75,1.50
2018.01.10 19:23:49.538,0.88451,0.88462,3.37,2.25
2018.01.10 19:23:50.081,0.88451,0.88461,3.94,1.00
2018.01.10 19:23:50.243,0.88453,0.88463,2.62,2.81
2018.01.10 19:23:50.813,0.88454,0.88464,1.50,2.81
2018.01.10 19:23:51.320,0.88454,0.88464,4.12,1.50
2018.01.10 19:23:51.849,0.88456,0.88464,1.50,1.00
2018.01.10 19:23:52.449,0.88456,0.88466,1.50,4.87
2018.01.10 19:23:52.503,0.88455,0.88464,1.00,1.87
2018.01.10 19:23:52.817,0.88453,0.88462,1.50,1.25
2018.01.10 19:23:53.162,0.88453,0.88462,10.31,1.00
2018.01.10 19:23:53.325,0.88454,0.88464,1.50,2.44
2018.01.10 19:23:53.904,0.88456,0.88466,1.50,3.19
2018.01.10 19:23:54.413,0.88455,0.88463,1.87,1.00
2018.01.10 19:23:54.654,0.88454,0.88464,1.50,2.62
2018.01.10 19:23:55.490,0.88454,0.88463,1.00,1.25
2018.01.10 19:23:56.007,0.88453,0.88463,1.12,1.00
2018.01.10 19:23:56.552,0.88453,0.88463,1.31,3.00
2018.01.10 19:23:57.090,0.88454,0.88464,2.25,3.00
2018.01.10 19:23:57.418,0.88454,0.88464,1.00,3.75
2018.01.10 19:23:57.947,0.88453,0.88462,2.25,1.25
2018.01.10 19:24:00.368,0.88454,0.88463,1.00,1.12
2018.01.10 19:24:01.027,0.88455,0.88464,1.00,2.44
2018.01.10 19:24:02.954,0.88455,0.88463,2.06,1.25
2018.01.10 19:24:03.454,0.88459,0.88464,2.25,1.50
2018.01.10 19:24:03.561,0.88456,0.88467,3.19,3.37
2018.01.10 19:24:03.614,0.88458,0.88466,1.00,1.00
2018.01.10 19:24:03.721,0.88455,0.88464,2.81,1.00
2018.01.10 19:24:04.593,0.88454,0.88464,2.25,1.25
2018.01.10 19:24:04.754,0.88454,0.88462,1.00,1.25
2018.01.10 19:24:05.283,0.88453,0.88462,4.12,1.00
2018.01.10 19:24:06.040,0.88453,0.88461,1.69,1.00
2018.01.10 19:24:06.352,0.88456,0.88464,1.50,1.00
2018.01.10 19:24:06.888,0.88455,0.88463,1.00,1.25
2018.01.10 19:24:07.473,0.88453,0.88462,3.75,1.25
2018.01.10 19:24:08.617,0.88453,0.88463,6.56,2.44
2018.01.10 19:24:09.144,0.88454,0.88464,1.00,2.44
2018.01.10 19:24:09.462,0.88456,0.88464,1.50,1.25
2018.01.10 19:24:09.577,0.88457,0.88466,3.19,1.50
2018.01.10 19:24:10.043,0.88459,0.88467,1.50,1.00
2018.01.10 19:24:10.561,0.88457,0.88468,4.50,1.31
2018.01.10 19:24:11.576,0.88457,0.88468,4.50,1.31
2018.01.10 19:24:12.089,0.88458,0.88468,1.12,3.00
2018.01.10 19:24:12.667,0.88458,0.88468,1.87,2.06
2018.01.10 19:24:13.205,0.88459,0.88469,2.62,2.25
2018.01.10 19:24:13.418,0.88461,0.8847,1.00,3.37
2018.01.10 19:24:13.960,0.8846,0.88469,1.12,1.00
2018.01.10 19:24:14.220,0.8846,0.88471,2.62,3.56
2018.01.10 19:24:15.650,0.8846,0.8847,1.00,1.00
2018.01.10 19:24:16.200,0.88461,0.88471,2.25,1.87
2018.01.10 19:24:17.714,0.88461,0.88472,2.62,4.87
2018.01.10 19:24:18.242,0.88462,0.88472,3.93,1.25
2018.01.10 19:24:18.763,0.88463,0.88473,2.25,4.11
2018.01.10 19:24:19.283,0.88463,0.88473,4.12,1.50
2018.01.10 19:24:20.094,0.88463,0.88473,2.25,1.50
2018.01.10 19:24:21.155,0.88463,0.88473,3.75,2.81
2018.01.10 19:24:21.466,0.88463,0.88471,1.50,1.25
2018.01.10 19:24:21.519,0.88461,0.88471,1.00,1.00
2018.01.10 19:24:21.864,0.88458,0.88469,5.06,1.25
2018.01.10 19:24:22.368,0.88459,0.8847,1.50,3.19
2018.01.10 19:24:23.521,0.88458,0.88469,3.37,1.25
2018.01.10 19:24:23.788,0.88457,0.88467,3.75,1.00
2018.01.10 19:24:25.402,0.88458,0.88467,1.50,1.00
2018.01.10 19:24:27.494,0.88457,0.88466,1.12,1.12
2018.01.10 19:24:27.986,0.88458,0.88468,1.50,1.69
2018.01.10 19:24:28.976,0.88458,0.88469,3.37,2.62
2018.01.10 19:24:29.238,0.88458,0.88468,4.31,1.44
2018.01.10 19:24:29.405,0.8846,0.88469,2.25,1.00
2018.01.10 19:24:29.933,0.8846,0.8847,2.62,3.37
2018.01.10 19:24:30.963,0.8846,0.88469,3.56,1.25
2018.01.10 19:24:31.526,0.88461,0.8847,1.50,2.62
2018.01.10 19:24:31.739,0.88459,0.88469,3.00,2.25
2018.01.10 19:24:32.304,0.8846,0.88469,1.87,1.69
2018.01.10 19:24:33.301,0.8846,0.88468,2.44,1.00
2018.01.10 19:24:33.882,0.8846,0.8847,3.19,4.12
2018.01.10 19:24:34.025,0.88462,0.8847,1.50,1.50
2018.01.10 19:24:34.544,0.88461,0.8847,1.12,1.00
2018.01.10 19:24:35.408,0.88462,0.8847,3.75,1.00
2018.01.10 19:24:36.002,0.88462,0.88471,1.12,1.50
2018.01.10 19:24:36.632,0.88462,0.8847,1.25,1.25
2018.01.10 19:24:37.215,0.88461,0.88471,2.81,2.62
2018.01.10 19:24:38.139,0.88461,0.8847,4.69,1.00
2018.01.10 19:24:38.685,0.88461,0.88471,2.81,1.69
2018.01.10 19:24:39.187,0.88462,0.88471,1.00,1.25
2018.01.10 19:24:39.768,0.88462,0.88472,1.00,1.87
2018.01.10 19:24:40.485,0.88462,0.88472,3.19,3.00
2018.01.10 19:24:41.062,0.88462,0.88472,3.37,2.62
2018.01.10 19:24:42.728,0.88464,0.88471,1.50,1.00
2018.01.10 19:24:43.248,0.88465,0.88472,1.50,1.00
2018.01.10 19:24:44.393,0.88463,0.88472,1.50,1.50
2018.01.10 19:24:46.405,0.8846,0.88467,1.75,1.00
2018.01.10 19:24:46.459,0.88459,0.88466,3.00,1.00
2018.01.10 19:24:46.978,0.88458,0.88467,1.00,1.50
2018.01.10 19:24:48.497,0.88458,0.88466,1.00,1.25
2018.01.10 19:24:49.417,0.88457,0.88466,3.19,1.69
2018.01.10 19:24:53.076,0.88456,0.88464,2.62,1.00
2018.01.10 19:24:53.593,0.88454,0.88464,2.44,1.87
2018.01.10 19:24:54.141,0.88455,0.88464,1.50,1.50
2018.01.10 19:24:55.070,0.88455,0.88463,1.50,1.00
2018.01.10 19:24:55.577,0.88455,0.88464,1.50,2.62
2018.01.10 19:24:55.998,0.88453,0.88464,2.44,2.81
2018.01.10 19:24:56.054,0.88456,0.88464,1.50,2.44
2018.01.10 19:24:56.510,0.88454,0.88464,3.19,3.00
2018.01.10 19:24:57.020,0.88453,0.88464,3.94,3.00
2018.01.10 19:24:57.673,0.88453,0.88462,5.81,1.25
2018.01.10 19:24:58.311,0.88453,0.88463,3.75,1.00
2018.01.10 19:24:58.883,0.88453,0.88464,3.94,3.19
2018.01.10 19:24:59.462,0.88453,0.88464,4.12,2.81
2018.01.10 19:25:00.107,0.88454,0.88463,4.50,1.00
2018.01.10 19:25:00.654,0.88454,0.88464,2.62,2.81
2018.01.10 19:25:02.673,0.88454,0.88463,1.00,1.12
2018.01.10 19:25:02.840,0.88453,0.88461,1.12,1.25
2018.01.10 19:25:03.355,0.88453,0.88462,3.37,1.12
2018.01.10 19:25:06.156,0.88453,0.88463,2.25,1.87
2018.01.10 19:25:06.885,0.88454,0.88463,1.00,1.00
2018.01.10 19:25:07.612,0.88454,0.88464,1.31,2.62
2018.01.10 19:25:08.328,0.88454,0.88464,1.00,1.50
2018.01.10 19:25:08.866,0.88454,0.88463,1.50,4.12
2018.01.10 19:25:09.395,0.88453,0.88464,1.50,2.62
2018.01.10 19:25:10.128,0.88453,0.88463,1.69,1.25
2018.01.10 19:25:10.660,0.88453,0.88464,3.56,4.31
2018.01.10 19:25:11.193,0.88454,0.88463,1.00,1.12
2018.01.10 19:25:11.689,0.88452,0.88463,4.69,2.25
2018.01.10 19:25:11.742,0.88454,0.88463,2.25,1.12
2018.01.10 19:25:12.310,0.88455,0.88465,2.25,5.06
2018.01.10 19:25:12.813,0.88455,0.88465,2.25,4.69
2018.01.10 19:25:13.346,0.88454,0.88463,3.75,1.00
2018.01.10 19:25:13.854,0.88454,0.88463,1.50,1.50
2018.01.10 19:25:15.486,0.88453,0.88463,2.25,3.75
2018.01.10 19:25:15.802,0.88452,0.8846,1.87,1.00
2018.01.10 19:25:16.769,0.88452,0.88459,1.50,1.00
2018.01.10 19:25:17.367,0.8845,0.88459,3.75,1.12
2018.01.10 19:25:17.896,0.88452,0.8846,1.00,1.00
2018.01.10 19:25:18.215,0.88454,0.88462,2.25,1.00
2018.01.10 19:25:18.751,0.88455,0.88463,1.19,1.25
2018.01.10 19:25:18.911,0.88454,0.88462,2.25,1.00
2018.01.10 19:25:19.423,0.88455,0.88462,1.50,1.25
2018.01.10 19:25:20.376,0.88454,0.88462,2.25,1.25
2018.01.10 19:25:20.431,0.88455,0.88464,1.87,1.69
2018.01.10 19:25:20.542,0.88458,0.88465,1.50,1.00
2018.01.10 19:25:20.700,0.88456,0.88466,2.25,1.00
2018.01.10 19:25:21.255,0.88457,0.88467,1.00,2.62
2018.01.10 19:25:24.368,0.88459,0.88467,1.50,1.69
2018.01.10 19:25:24.422,0.8846,0.88468,1.50,1.00
2018.01.10 19:25:24.954,0.8846,0.8847,1.50,4.50
2018.01.10 19:25:25.537,0.8846,0.8847,1.50,4.50
2018.01.10 19:25:26.111,0.8846,0.8847,2.44,4.12
2018.01.10 19:25:26.647,0.88461,0.8847,1.00,2.25
2018.01.10 19:25:27.308,0.88461,0.88469,1.00,1.25
2018.01.10 19:25:30.220,0.8846,0.88468,2.44,1.00
2018.01.10 19:25:30.499,0.8846,0.8847,1.87,2.62
2018.01.10 19:25:31.461,0.88461,0.8847,1.00,2.25
2018.01.10 19:25:32.726,0.88461,0.88469,1.00,1.00
2018.01.10 19:25:33.672,0.8846,0.88469,3.37,1.00
2018.01.10 19:25:34.176,0.8846,0.8847,3.00,3.37
2018.01.10 19:25:36.548,0.8846,0.88469,3.19,1.00
2018.01.10 19:25:38.251,0.88459,0.88467,2.25,1.00
2018.01.10 19:25:38.892,0.88458,0.88468,2.25,2.62
2018.01.10 19:25:39.733,0.88458,0.88467,1.50,1.00
2018.01.10 19:25:41.048,0.88457,0.88465,1.12,1.50
2018.01.10 19:25:41.104,0.88454,0.88464,2.62,3.19
2018.01.10 19:25:41.366,0.88454,0.88462,1.50,1.25
2018.01.10 19:25:41.418,0.88453,0.88463,1.69,1.87
2018.01.10 19:25:41.959,0.88452,0.88462,1.00,1.69
2018.01.10 19:25:42.485,0.88452,0.88461,1.00,1.00
2018.01.10 19:25:43.003,0.8845,0.8846,3.37,1.00
2018.01.10 19:25:43.541,0.88452,0.88461,1.87,1.00
2018.01.10 19:25:43.910,0.88453,0.88463,2.81,1.50
2018.01.10 19:25:44.459,0.88454,0.88463,1.50,1.50
2018.01.10 19:25:45.002,0.88453,0.88463,1.69,1.50
2018.01.10 19:25:45.955,0.88454,0.88463,1.12,1.87
2018.01.10 19:25:46.350,0.88456,0.88463,1.50,3.19
2018.01.10 19:25:46.408,0.88454,0.88463,1.87,3.00
2018.01.10 19:25:50.410,0.88454,0.88462,1.87,1.00
2018.01.10 19:25:51.002,0.88454,0.88463,1.87,2.25
2018.01.10 19:25:52.688,0.88452,0.8846,3.00,1.00
2018.01.10 19:25:52.957,0.8845,0.8846,4.31,1.87
2018.01.10 19:25:54.221,0.88452,0.8846,1.00,1.00
2018.01.10 19:25:55.438,0.88452,0.88461,1.00,2.44
2018.01.10 19:25:56.066,0.88452,0.8846,1.25,1.00
2018.01.10 19:25:56.224,0.88454,0.88461,1.50,1.00
2018.01.10 19:25:56.389,0.88454,0.88463,1.50,1.69
2018.01.10 19:25:59.197,0.88452,0.88463,2.81,2.62
2018.01.10 19:25:59.301,0.88452,0.8846,1.31,1.00
2018.01.10 19:25:59.586,0.88451,0.88462,3.00,3.00
2018.01.10 19:26:00.216,0.88452,0.88461,2.25,1.00
2018.01.10 19:26:01.021,0.88452,0.88462,3.00,1.31
2018.01.10 19:26:02.890,0.88451,0.88462,5.06,1.25
2018.01.10 19:26:03.049,0.88453,0.88462,1.00,1.69
2018.01.10 19:26:03.857,0.88451,0.88462,5.06,1.69
2018.01.10 19:26:04.381,0.88451,0.88461,3.75,1.50
2018.01.10 19:26:05.576,0.88452,0.88461,2.62,1.00
2018.01.10 19:26:05.681,0.88454,0.88462,1.50,1.50
2018.01.10 19:26:06.213,0.88453,0.88463,2.25,1.69
2018.01.10 19:26:07.523,0.88454,0.88463,1.50,2.62
2018.01.10 19:26:10.118,0.88453,0.88463,2.25,1.87
2018.01.10 19:26:10.701,0.88452,0.88462,3.94,1.69
2018.01.10 19:26:11.760,0.88453,0.88463,3.00,2.25
2018.01.10 19:26:12.310,0.88453,0.88462,1.00,1.25
2018.01.10 19:26:12.863,0.88452,0.88462,4.87,1.69
2018.01.10 19:26:13.890,0.88452,0.88462,4.87,2.06
2018.01.10 19:26:14.573,0.88452,0.88461,1.00,1.50
2018.01.10 19:26:15.097,0.88451,0.88462,3.56,2.44
2018.01.10 19:26:19.340,0.88452,0.88462,2.62,1.50
2018.01.10 19:26:19.869,0.88452,0.88462,1.69,1.31
2018.01.10 19:26:20.472,0.88453,0.88462,1.50,1.31
2018.01.10 19:26:23.718,0.88454,0.88463,1.19,2.25
2018.01.10 19:26:24.231,0.88456,0.88464,2.25,1.00
2018.01.10 19:26:24.283,0.88456,0.88466,2.25,2.45
2018.01.10 19:26:24.930,0.88456,0.88466,2.25,1.70
2018.01.10 19:26:25.456,0.88456,0.88466,2.06,1.70
2018.01.10 19:26:26.605,0.88456,0.88466,3.19,1.88
2018.01.10 19:26:27.147,0.88456,0.88466,2.44,1.70
2018.01.10 19:26:27.666,0.88456,0.88465,1.87,1.00
2018.01.10 19:26:28.971,0.88455,0.88464,4.13,1.00
2018.01.10 19:26:31.378,0.88458,0.88464,1.50,1.00
2018.01.10 19:26:31.432,0.88458,0.88467,1.50,1.25
2018.01.10 19:26:31.960,0.88459,0.88468,1.50,3.37
2018.01.10 19:26:32.428,0.88457,0.88466,2.25,1.50
2018.01.10 19:26:32.947,0.88458,0.88467,1.50,1.12
2018.01.10 19:26:33.448,0.88459,0.88468,1.50,1.87
2018.01.10 19:26:34.337,0.88458,0.88468,2.63,3.19
2018.01.10 19:26:34.881,0.88458,0.88468,1.69,1.12
2018.01.10 19:26:35.675,0.88459,0.88467,1.69,1.31
2018.01.10 19:26:38.858,0.88459,0.88468,1.50,2.25
2018.01.10 19:26:41.851,0.88459,0.88467,1.69,1.00
2018.01.10 19:26:42.472,0.88459,0.88468,1.50,2.06
2018.01.10 19:26:44.033,0.88459,0.88467,2.06,1.00
2018.01.10 19:26:44.642,0.88459,0.88468,1.50,1.69
2018.01.10 19:26:47.814,0.88459,0.88468,2.63,3.00
2018.01.10 19:26:48.262,0.88457,0.88467,3.75,1.00
2018.01.10 19:26:48.811,0.88457,0.88466,3.19,1.00
2018.01.10 19:26:49.343,0.88458,0.88468,2.44,5.62
2018.01.10 19:26:49.981,0.88458,0.88468,3.94,3.94
2018.01.10 19:26:50.236,0.8846,0.88469,2.25,1.50
2018.01.10 19:26:50.787,0.8846,0.88469,1.69,2.06
2018.01.10 19:26:51.783,0.8846,0.88469,1.50,1.00
2018.01.10 19:26:52.263,0.88459,0.88467,3.19,1.00
2018.01.10 19:26:52.797,0.88459,0.88468,2.06,1.00
2018.01.10 19:26:53.485,0.88458,0.88467,5.63,1.00
2018.01.10 19:26:54.204,0.88458,0.88469,4.13,3.56
2018.01.10 19:26:54.714,0.88459,0.88469,1.00,1.13
2018.01.10 19:26:55.806,0.88459,0.88468,1.13,1.13
2018.01.10 19:26:56.330,0.8846,0.8847,1.88,2.81
2018.01.10 19:26:57.315,0.8846,0.8847,3.00,2.44
2018.01.10 19:26:58.219,0.8846,0.8847,1.69,1.19
2018.01.10 19:26:59.187,0.8846,0.8847,3.00,2.06
2018.01.10 19:27:00.140,0.8846,0.88471,2.44,4.50
2018.01.10 19:27:00.678,0.88462,0.88471,1.50,2.81
2018.01.10 19:27:01.203,0.88461,0.8847,2.81,1.25
2018.01.10 19:27:01.740,0.88461,0.88471,1.69,1.69
2018.01.10 19:27:03.161,0.88462,0.88471,1.50,2.44
2018.01.10 19:27:03.481,0.8846,0.88469,1.00,1.25
2018.01.10 19:27:04.466,0.8846,0.8847,3.19,1.50
2018.01.10 19:27:06.195,0.8846,0.8847,3.38,1.88
2018.01.10 19:27:06.557,0.88464,0.8847,1.50,1.00
2018.01.10 19:27:06.613,0.88464,0.88472,2.81,2.44
2018.01.10 19:27:07.142,0.88464,0.88473,1.69,2.62
2018.01.10 19:27:07.628,0.88462,0.88473,1.00,4.50
2018.01.10 19:27:08.157,0.88461,0.88472,3.94,2.81
2018.01.10 19:27:08.678,0.88461,0.88472,3.19,3.94
2018.01.10 19:27:09.221,0.88461,0.88472,3.19,3.94
2018.01.10 19:27:09.273,0.88461,0.88472,3.56,4.88
2018.01.10 19:27:10.104,0.88465,0.88472,1.50,2.06
2018.01.10 19:27:10.160,0.88462,0.88472,3.19,2.06
2018.01.10 19:27:10.267,0.88465,0.88473,1.50,3.19
2018.01.10 19:27:10.872,0.88463,0.88473,3.00,3.19
2018.01.10 19:27:11.413,0.88462,0.88473,5.06,2.63
2018.01.10 19:27:12.038,0.88463,0.88472,1.69,1.13
2018.01.10 19:27:12.568,0.88462,0.88473,4.31,3.19
2018.01.10 19:27:13.092,0.88463,0.88472,1.50,1.88
2018.01.10 19:27:13.685,0.88463,0.88472,1.50,1.88
2018.01.10 19:27:14.485,0.88463,0.88472,1.50,1.88
2018.01.10 19:27:15.056,0.88462,0.88472,1.88,1.25
2018.01.10 19:27:16.080,0.88462,0.88472,1.88,2.81
2018.01.10 19:27:16.507,0.88462,0.8847,3.38,1.00
2018.01.10 19:27:17.063,0.88462,0.88471,2.44,1.00
2018.01.10 19:27:17.614,0.88462,0.88471,3.38,1.12
2018.01.10 19:27:18.151,0.88462,0.88472,2.25,2.06
2018.01.10 19:27:18.659,0.88463,0.88471,1.00,1.00
2018.01.10 19:27:19.481,0.88462,0.8847,2.25,1.00
2018.01.10 19:27:20.067,0.88461,0.8847,1.50,1.25
2018.01.10 19:27:20.718,0.8846,0.8847,1.00,2.25
2018.01.10 19:27:21.707,0.8846,0.8847,3.38,1.88
2018.01.10 19:27:21.914,0.8846,0.88471,2.44,4.50
2018.01.10 19:27:23.408,0.8846,0.88471,2.44,4.69
2018.01.10 19:27:23.822,0.88462,0.88471,1.50,2.06
2018.01.10 19:27:24.564,0.88461,0.8847,3.19,1.00
2018.01.10 19:27:26.087,0.8846,0.8847,2.81,1.00
2018.01.10 19:27:26.609,0.8846,0.88469,3.00,1.13
2018.01.10 19:27:27.249,0.8846,0.8847,2.44,2.25
2018.01.10 19:27:29.527,0.8846,0.88471,5.63,2.44
2018.01.10 19:27:29.804,0.88462,0.88472,1.50,6.19
2018.01.10 19:27:30.321,0.88462,0.88471,4.31,1.31
2018.01.10 19:27:31.209,0.88462,0.88472,1.69,1.00
2018.01.10 19:27:31.729,0.88462,0.88472,2.25,3.56
2018.01.10 19:27:33.041,0.88464,0.88471,1.50,1.31
2018.01.10 19:27:33.094,0.88464,0.88473,2.25,1.31
2018.01.10 19:27:33.573,0.88463,0.88471,1.00,1.00
2018.01.10 19:27:33.627,0.88461,0.8847,3.37,1.00
2018.01.10 19:27:34.146,0.88461,0.88471,3.75,1.00
2018.01.10 19:27:34.656,0.88461,0.88471,4.50,1.00
2018.01.10 19:27:35.603,0.88461,0.88472,4.13,2.25
2018.01.10 19:27:36.633,0.88462,0.88472,1.63,3.38
2018.01.10 19:27:37.389,0.88463,0.88472,1.00,1.87
2018.01.10 19:27:37.955,0.88463,0.88472,1.88,1.00
2018.01.10 19:27:38.472,0.88464,0.88473,1.44,2.25
2018.01.10 19:27:39.172,0.88464,0.88473,1.25,1.00
2018.01.10 19:27:40.675,0.88466,0.88473,1.00,1.00
2018.01.10 19:27:40.780,0.88466,0.88475,1.13,1.25
2018.01.10 19:27:41.297,0.88466,0.88474,1.00,3.00
2018.01.10 19:27:41.749,0.88464,0.88474,3.00,1.69
2018.01.10 19:27:42.722,0.88462,0.88471,2.25,1.69
2018.01.10 19:27:42.775,0.88462,0.8847,1.50,1.13
2018.01.10 19:27:42.829,0.8846,0.88469,1.12,2.63
2018.01.10 19:27:43.036,0.88458,0.88469,1.87,6.00
2018.01.10 19:27:43.585,0.88458,0.88468,1.00,2.06
2018.01.10 19:27:44.167,0.88458,0.88469,2.62,6.56
2018.01.10 19:27:44.706,0.88459,0.88468,1.44,1.69
2018.01.10 19:27:45.227,0.88459,0.88468,1.31,1.12
2018.01.10 19:27:45.857,0.88458,0.88469,4.13,4.88
2018.01.10 19:27:46.596,0.88458,0.88468,2.44,1.00
2018.01.10 19:27:47.101,0.88458,0.88467,1.69,1.31
2018.01.10 19:27:47.604,0.88459,0.88468,1.00,2.25
2018.01.10 19:27:47.812,0.88457,0.88466,2.06,1.00
2018.01.10 19:27:48.276,0.88458,0.88469,4.69,4.31
2018.01.10 19:27:49.172,0.88459,0.88468,1.12,1.69
2018.01.10 19:27:49.539,0.88458,0.88466,2.06,1.00
2018.01.10 19:27:50.009,0.88458,0.88468,4.50,1.00
2018.01.10 19:27:50.178,0.88461,0.88469,1.50,1.37
2018.01.10 19:27:50.378,0.88461,0.8847,2.25,2.06
2018.01.10 19:27:50.904,0.88461,0.8847,2.06,1.00
2018.01.10 19:27:52.212,0.88461,0.8847,2.25,1.12
2018.01.10 19:27:52.733,0.88461,0.88471,2.06,4.12
2018.01.10 19:27:53.272,0.88461,0.8847,2.63,1.00
2018.01.10 19:27:53.779,0.88461,0.88471,2.44,3.37
2018.01.10 19:27:54.168,0.88461,0.88468,1.00,1.00
2018.01.10 19:27:54.428,0.88461,0.8847,1.50,1.00
2018.01.10 19:28:00.028,0.8846,0.88469,1.12,1.00
2018.01.10 19:28:03.880,0.88459,0.88469,1.87,2.62
2018.01.10 19:28:04.389,0.88458,0.88468,1.12,3.38
2018.01.10 19:28:06.084,0.88458,0.88467,1.00,1.69
2018.01.10 19:28:06.705,0.88458,0.88468,1.00,3.94
2018.01.10 19:28:07.607,0.8846,0.88468,1.00,1.12
2018.01.10 19:28:08.177,0.8846,0.88469,1.25,1.12
2018.01.10 19:28:08.709,0.88458,0.88468,2.25,2.81
2018.01.10 19:28:09.227,0.88458,0.88468,1.87,1.50
2018.01.10 19:28:09.736,0.88458,0.88468,2.44,1.87
2018.01.10 19:28:10.267,0.88459,0.88468,1.00,1.50
2018.01.10 19:28:15.347,0.88459,0.88469,1.00,2.44
2018.01.10 19:28:16.957,0.88459,0.88468,1.25,4.88
2018.01.10 19:28:17.285,0.8846,0.88471,1.50,3.38
2018.01.10 19:28:19.173,0.8846,0.88471,3.19,3.75
2018.01.10 19:28:21.209,0.8846,0.88471,3.38,3.19
2018.01.10 19:28:21.726,0.88461,0.88471,1.31,1.50
2018.01.10 19:28:22.360,0.88461,0.88471,1.50,2.25
2018.01.10 19:28:23.286,0.88461,0.88471,1.31,1.69
2018.01.10 19:28:23.857,0.8846,0.8847,1.12,3.00
2018.01.10 19:28:24.014,0.88461,0.8847,3.38,1.25
2018.01.10 19:28:24.119,0.88461,0.88472,3.19,4.31
2018.01.10 19:28:25.055,0.88462,0.88472,1.50,2.62
2018.01.10 19:28:26.057,0.88462,0.88472,1.12,2.25
2018.01.10 19:28:30.079,0.88461,0.8847,3.38,1.25
2018.01.10 19:28:30.635,0.88461,0.8847,1.00,1.50
2018.01.10 19:28:33.130,0.88461,0.88469,1.00,1.13
2018.01.10 19:28:33.687,0.88461,0.8847,1.00,3.19
2018.01.10 19:28:34.223,0.88461,0.88469,1.00,1.12
2018.01.10 19:28:34.968,0.88459,0.88468,4.88,1.00
2018.01.10 19:28:35.476,0.88459,0.88469,3.94,1.00
2018.01.10 19:28:36.019,0.8846,0.88468,1.38,1.00
2018.01.10 19:28:36.522,0.88459,0.88469,4.13,1.00
2018.01.10 19:28:37.153,0.8846,0.8847,3.00,1.50
2018.01.10 19:28:37.369,0.88461,0.88472,1.87,4.69
2018.01.10 19:28:37.775,0.88462,0.88472,2.25,1.12
2018.01.10 19:28:38.285,0.88462,0.88473,2.44,4.12
2018.01.10 19:28:38.797,0.88462,0.88472,4.50,1.31
2018.01.10 19:28:39.520,0.88462,0.88473,4.50,4.31
2018.01.10 19:28:42.003,0.88462,0.88472,5.06,1.12
2018.01.10 19:28:42.858,0.88463,0.88473,2.25,2.06
2018.01.10 19:28:43.409,0.88463,0.88473,3.75,2.06
2018.01.10 19:28:44.344,0.88463,0.88473,3.38,2.06
2018.01.10 19:28:44.896,0.88463,0.88471,1.00,1.25
2018.01.10 19:28:45.413,0.88462,0.88472,1.87,2.44
2018.01.10 19:28:45.938,0.88462,0.88472,1.50,2.44
2018.01.10 19:28:46.811,0.88462,0.88471,2.81,1.25
2018.01.10 19:28:47.382,0.88464,0.88472,1.00,1.25
2018.01.10 19:28:47.995,0.88464,0.88471,1.00,1.00
2018.01.10 19:28:48.153,0.88462,0.88472,1.50,1.69
2018.01.10 19:28:48.709,0.88463,0.88473,2.25,3.19
2018.01.10 19:28:49.245,0.88463,0.88472,2.62,1.00
2018.01.10 19:28:51.678,0.88463,0.88473,2.62,2.81
2018.01.10 19:28:53.434,0.88463,0.88472,3.38,1.50
2018.01.10 19:28:54.025,0.88463,0.88473,3.94,2.81
2018.01.10 19:28:54.560,0.88463,0.88474,3.19,2.81
2018.01.10 19:28:55.202,0.88463,0.88473,4.50,1.25
2018.01.10 19:28:55.815,0.88463,0.88474,3.94,2.44
2018.01.10 19:28:56.471,0.88463,0.88473,6.00,1.25
2018.01.10 19:28:56.989,0.88463,0.88474,5.06,2.44
2018.01.10 19:28:57.414,0.88466,0.88474,1.00,1.00
2018.01.10 19:28:57.531,0.88466,0.88476,1.00,2.25
2018.01.10 19:28:57.792,0.88468,0.88476,1.50,1.25
2018.01.10 19:28:58.312,0.88466,0.88477,4.31,5.25
2018.01.10 19:28:58.657,0.88465,0.88473,3.37,1.00
2018.01.10 19:28:58.709,0.88465,0.88476,4.50,2.44
2018.01.10 19:28:59.235,0.88465,0.88475,4.88,1.13
2018.01.10 19:28:59.738,0.88464,0.88474,3.94,1.12
2018.01.10 19:29:00.525,0.88464,0.88474,1.00,2.62
2018.01.10 19:29:00.629,0.88462,0.88472,4.50,1.13
2018.01.10 19:29:01.149,0.88462,0.88473,3.56,1.87
2018.01.10 19:29:01.472,0.88465,0.88476,5.44,1.87
2018.01.10 19:29:02.003,0.88466,0.88476,2.25,4.69
2018.01.10 19:29:02.603,0.88466,0.88476,1.50,3.56
2018.01.10 19:29:02.915,0.88464,0.88474,3.00,2.06
2018.01.10 19:29:03.502,0.88464,0.88472,1.00,1.00
2018.01.10 19:29:04.024,0.88462,0.88472,5.25,1.00
2018.01.10 19:29:04.387,0.88464,0.88474,1.00,2.44
2018.01.10 19:29:04.907,0.88465,0.88474,2.44,1.25
2018.01.10 19:29:05.423,0.88465,0.88475,2.25,2.44
2018.01.10 19:29:07.832,0.88467,0.88476,1.00,1.00
2018.01.10 19:29:08.352,0.88466,0.88477,2.44,1.50
2018.01.10 19:29:08.893,0.88467,0.88477,1.00,1.87
2018.01.10 19:29:09.253,0.88469,0.88478,1.00,3.19
2018.01.10 19:29:09.974,0.88468,0.88478,1.00,4.50
2018.01.10 19:29:10.486,0.88467,0.88478,2.62,4.50
2018.01.10 19:29:10.804,0.88467,0.88478,1.87,6.37
2018.01.10 19:29:11.248,0.88467,0.88477,4.50,1.69
2018.01.10 19:29:11.836,0.88467,0.88478,2.81,3.00
2018.01.10 19:29:12.363,0.88467,0.88478,2.06,3.00
2018.01.10 19:29:12.887,0.88467,0.88475,1.69,1.00
2018.01.10 19:29:13.684,0.88467,0.88476,1.50,1.12
2018.01.10 19:29:14.206,0.88467,0.88477,3.37,1.00
2018.01.10 19:29:14.709,0.88468,0.88477,2.62,1.00
2018.01.10 19:29:15.041,0.88468,0.88475,3.75,1.00
2018.01.10 19:29:15.588,0.88468,0.88476,1.12,1.00
2018.01.10 19:29:16.202,0.88468,0.88475,1.69,1.00
2018.01.10 19:29:16.518,0.88466,0.88474,1.50,1.00
2018.01.10 19:29:17.087,0.88465,0.88475,2.25,1.00
2018.01.10 19:29:17.621,0.88466,0.88475,1.50,1.00
2018.01.10 19:29:17.924,0.88464,0.88474,4.69,1.31
2018.01.10 19:29:18.466,0.88464,0.88473,3.75,1.00
2018.01.10 19:29:19.165,0.88464,0.88472,1.12,1.00
2018.01.10 19:29:19.564,0.88462,0.88472,2.62,2.06
2018.01.10 19:29:21.681,0.88462,0.88472,2.25,1.12
2018.01.10 19:29:23.994,0.88463,0.88471,1.12,1.00
2018.01.10 19:29:24.777,0.88461,0.8847,2.25,1.00
2018.01.10 19:29:25.301,0.88461,0.8847,1.87,1.50
2018.01.10 19:29:27.477,0.88461,0.88471,1.00,3.00
2018.01.10 19:29:29.000,0.8846,0.88466,1.00,1.00
2018.01.10 19:29:29.105,0.88458,0.88465,1.69,1.00
2018.01.10 19:29:29.757,0.88458,0.88466,1.00,1.12
2018.01.10 19:29:30.314,0.88457,0.88466,1.69,1.12
2018.01.10 19:29:31.122,0.88457,0.88466,2.25,1.12
2018.01.10 19:29:31.452,0.88459,0.88468,3.56,2.06
2018.01.10 19:29:31.674,0.88459,0.88469,3.19,1.00
2018.01.10 19:29:31.735,0.88458,0.88467,1.69,2.06
2018.01.10 19:29:32.493,0.88458,0.88465,1.31,1.00
2018.01.10 19:29:33.023,0.88458,0.88466,1.50,1.50
2018.01.10 19:29:33.369,0.88456,0.88466,1.12,4.50
2018.01.10 19:29:33.932,0.88455,0.88463,1.13,1.00
2018.01.10 19:29:34.411,0.88456,0.88461,1.00,1.50
2018.01.10 19:29:34.466,0.88456,0.88463,1.00,3.00
2018.01.10 19:29:34.942,0.88454,0.88464,1.69,1.50
2018.01.10 19:29:36.519,0.88454,0.88463,2.81,1.12
2018.01.10 19:29:37.581,0.88454,0.88464,2.06,1.50
2018.01.10 19:29:37.949,0.88456,0.88465,1.00,3.56
2018.01.10 19:29:39.046,0.88456,0.88464,1.00,1.00
2018.01.10 19:29:39.633,0.88455,0.88463,1.31,1.00
2018.01.10 19:29:40.189,0.88455,0.88464,1.50,1.00
2018.01.10 19:29:40.706,0.88454,0.88464,2.81,1.00
2018.01.10 19:29:43.323,0.88454,0.88463,3.19,1.00
2018.01.10 19:29:43.829,0.88454,0.88463,2.81,1.00
2018.01.10 19:29:44.384,0.88454,0.88464,2.81,1.12
2018.01.10 19:29:44.893,0.88454,0.88463,3.19,1.00
2018.01.10 19:29:45.433,0.88453,0.88462,2.44,1.00
2018.01.10 19:29:45.951,0.88453,0.88463,1.69,1.87
2018.01.10 19:29:46.489,0.88453,0.88463,1.31,1.87
2018.01.10 19:29:47.090,0.88453,0.88462,1.88,1.00
2018.01.10 19:29:47.854,0.88453,0.88463,1.69,1.87
2018.01.10 19:29:48.948,0.88452,0.88462,1.00,3.00
2018.01.10 19:29:49.484,0.88453,0.88462,2.06,1.00
2018.01.10 19:29:50.009,0.88453,0.88464,2.44,6.56
2018.01.10 19:29:50.634,0.88453,0.88462,1.50,1.00
2018.01.10 19:29:51.101,0.88454,0.88464,1.12,3.00
2018.01.10 19:29:51.314,0.88454,0.88462,1.13,1.00
2018.01.10 19:29:51.851,0.88453,0.88463,2.06,1.00
2018.01.10 19:29:52.382,0.88454,0.88463,4.13,1.37
2018.01.10 19:29:52.903,0.88454,0.88464,3.94,1.87
2018.01.10 19:29:53.442,0.88454,0.88464,4.69,1.87
2018.01.10 19:29:53.831,0.88458,0.88465,2.44,1.00
2018.01.10 19:29:53.934,0.88457,0.88465,3.38,1.25
2018.01.10 19:29:54.604,0.88456,0.88465,1.69,1.00
2018.01.10 19:29:55.272,0.88456,0.88466,1.87,2.06
2018.01.10 19:29:55.473,0.88456,0.88465,6.00,1.00
2018.01.10 19:29:56.013,0.88456,0.88466,5.62,1.69
2018.01.10 19:29:58.680,0.88457,0.88465,1.50,1.00
2018.01.10 19:29:59.223,0.88456,0.88466,6.75,3.00
2018.01.10 19:30:00.138,0.88456,0.88465,6.19,1.00
2018.01.10 19:30:00.947,0.88456,0.88465,6.19,2.44
2018.01.10 19:30:00.998,0.88456,0.88465,1.87,2.25
2018.01.10 19:30:01.982,0.88455,0.88463,1.00,1.00
2018.01.10 19:30:02.558,0.88455,0.88464,1.00,3.56
2018.01.10 19:30:03.412,0.88454,0.88462,1.37,1.00
2018.01.10 19:30:03.533,0.88455,0.88464,1.12,3.75
2018.01.10 19:30:04.052,0.88455,0.88463,1.87,1.00
2018.01.10 19:30:04.417,0.88454,0.88465,2.25,3.75
2018.01.10 19:30:04.947,0.88456,0.88465,1.00,2.25
2018.01.10 19:30:05.342,0.88454,0.88463,3.19,1.00
2018.01.10 19:30:05.880,0.88454,0.88464,2.06,2.25
2018.01.10 19:30:06.865,0.88455,0.88465,1.87,1.69
2018.01.10 19:30:07.210,0.88458,0.88467,1.12,1.25
2018.01.10 19:30:07.736,0.88458,0.88466,1.12,1.00
2018.01.10 19:30:08.554,0.88457,0.88465,3.00,1.00
2018.01.10 19:30:09.055,0.88457,0.88466,2.62,1.00
2018.01.10 19:30:11.322,0.88457,0.88465,3.00,1.00
2018.01.10 19:30:11.872,0.88457,0.88466,2.62,1.00
2018.01.10 19:30:12.080,0.88459,0.88469,1.50,5.06
2018.01.10 19:30:12.809,0.88456,0.88458,1.12,1.50
2018.01.10 19:30:12.862,0.88449,0.88457,4.87,1.00
2018.01.10 19:30:12.969,0.88456,0.8846,1.50,1.50
2018.01.10 19:30:13.025,0.88456,0.88463,2.06,1.00
2018.01.10 19:30:13.134,0.88458,0.88465,1.12,1.00
2018.01.10 19:30:13.666,0.88457,0.88466,1.50,2.44
2018.01.10 19:30:14.427,0.88457,0.88467,1.00,2.62
2018.01.10 19:30:15.660,0.88457,0.88466,1.00,1.12
2018.01.10 19:30:16.229,0.88456,0.88466,1.87,1.25
2018.01.10 19:30:16.544,0.88459,0.88468,1.12,2.25
2018.01.10 19:30:16.909,0.8846,0.8847,4.50,4.50
2018.01.10 19:30:17.476,0.8846,0.8847,6.00,3.37
2018.01.10 19:30:18.257,0.88461,0.8847,1.50,1.00
2018.01.10 19:30:18.797,0.88463,0.88472,1.00,3.75
2018.01.10 19:30:19.997,0.88462,0.88471,1.87,1.00
2018.01.10 19:30:25.877,0.88463,0.88471,2.62,1.69
2018.01.10 19:30:25.932,0.88462,0.88473,4.87,5.81
2018.01.10 19:30:26.593,0.88464,0.88473,1.12,1.12
2018.01.10 19:30:27.127,0.88464,0.88474,1.50,2.81
2018.01.10 19:30:27.764,0.88464,0.88473,2.25,1.12
2018.01.10 19:30:28.384,0.88464,0.88474,2.25,1.50
2018.01.10 19:30:28.890,0.88464,0.88474,2.25,1.31
2018.01.10 19:30:30.947,0.88464,0.88473,2.62,1.00
2018.01.10 19:30:31.451,0.88464,0.88474,2.25,1.00
2018.01.10 19:30:33.173,0.88464,0.88473,3.75,1.00
2018.01.10 19:30:33.525,0.88465,0.88474,1.37,1.00
2018.01.10 19:30:33.577,0.88464,0.88473,1.50,1.00
2018.01.10 19:30:33.684,0.88464,0.88474,4.31,1.00
2018.01.10 19:30:33.738,0.88464,0.88475,6.56,3.37
2018.01.10 19:30:33.791,0.88464,0.88473,8.25,1.00
2018.01.10 19:30:34.330,0.88464,0.88474,1.87,1.69
2018.01.10 19:30:35.322,0.88464,0.88474,1.87,1.00
2018.01.10 19:30:35.846,0.88464,0.88473,3.56,1.00
2018.01.10 19:30:36.477,0.88464,0.88474,2.25,1.12
2018.01.10 19:30:37.765,0.88464,0.88473,2.06,1.25
2018.01.10 19:30:38.113,0.88466,0.88475,4.50,1.00
2018.01.10 19:30:38.638,0.88467,0.88476,1.12,1.87
2018.01.10 19:30:39.071,0.88467,0.88474,1.00,1.00
2018.01.10 19:30:39.613,0.88466,0.88475,4.87,1.00
2018.01.10 19:30:40.143,0.88466,0.88476,1.50,1.31
2018.01.10 19:30:40.889,0.88466,0.88476,2.62,1.12
2018.01.10 19:30:41.454,0.88467,0.88475,1.12,1.00
2018.01.10 19:30:42.275,0.88466,0.88476,3.75,1.00
2018.01.10 19:30:42.924,0.88467,0.88477,3.00,2.06
2018.01.10 19:30:43.431,0.88468,0.88477,1.50,1.12
2018.01.10 19:30:43.974,0.88467,0.88476,9.75,1.00
2018.01.10 19:30:44.479,0.88467,0.88477,6.38,1.00
2018.01.10 19:30:45.094,0.88468,0.88477,1.50,1.00
2018.01.10 19:30:46.351,0.88468,0.88476,4.88,1.00
2018.01.10 19:30:47.469,0.88466,0.88474,1.50,1.00
2018.01.10 19:30:48.042,0.88466,0.88474,1.00,1.00
2018.01.10 19:30:48.546,0.88466,0.88475,1.00,1.00
2018.01.10 19:30:49.320,0.88466,0.88475,2.25,1.00
2018.01.10 19:30:50.476,0.88466,0.88476,1.12,3.00
2018.01.10 19:30:51.592,0.88466,0.88475,2.06,1.00
2018.01.10 19:30:52.127,0.88466,0.88476,1.12,3.00
2018.01.10 19:30:52.629,0.88466,0.88475,3.00,1.00
2018.01.10 19:30:53.161,0.88466,0.88476,3.00,3.19
2018.01.10 19:30:53.912,0.88466,0.88475,3.75,1.31
2018.01.10 19:30:55.320,0.88467,0.88476,1.12,3.19
2018.01.10 19:30:55.857,0.88466,0.88475,4.12,1.00
2018.01.10 19:30:58.493,0.88466,0.88475,2.06,1.69
2018.01.10 19:30:59.768,0.88468,0.88475,2.25,1.00
2018.01.10 19:30:59.877,0.88471,0.8848,1.87,1.44
2018.01.10 19:31:00.149,0.88473,0.88482,1.37,3.94
2018.01.10 19:31:00.254,0.88471,0.8848,2.25,1.00
2018.01.10 19:31:00.861,0.88471,0.8848,3.00,1.00
2018.01.10 19:31:01.440,0.88471,0.8848,1.12,1.25
2018.01.10 19:31:02.159,0.88471,0.8848,1.31,1.69
2018.01.10 19:31:02.858,0.88471,0.8848,1.12,1.00
2018.01.10 19:31:03.498,0.8847,0.8848,1.50,5.44
2018.01.10 19:31:03.958,0.8847,0.88477,1.87,1.50
2018.01.10 19:31:04.065,0.88468,0.88476,2.81,1.00
2018.01.10 19:31:04.605,0.88467,0.88476,3.37,1.00
2018.01.10 19:31:05.626,0.88468,0.88477,1.12,1.25
2018.01.10 19:31:06.339,0.88468,0.88476,1.12,1.25
2018.01.10 19:31:06.859,0.88468,0.88477,1.12,1.00
2018.01.10 19:31:07.482,0.88468,0.88476,1.31,1.25
2018.01.10 19:31:08.224,0.88468,0.88477,1.12,1.25
2018.01.10 19:31:09.163,0.88468,0.88476,2.06,1.00
2018.01.10 19:31:09.743,0.88468,0.88477,1.87,1.00
2018.01.10 19:31:11.030,0.88468,0.88476,1.50,1.00
2018.01.10 19:31:11.561,0.88468,0.88477,1.31,1.00
2018.01.10 19:31:11.772,0.8847,0.88478,1.25,1.87
2018.01.10 19:31:11.826,0.88471,0.8848,1.00,2.81
2018.01.10 19:31:12.327,0.8847,0.88478,1.12,1.00
2018.01.10 19:31:12.567,0.88471,0.88481,1.87,5.81
2018.01.10 19:31:13.163,0.88471,0.88479,3.56,1.00
2018.01.10 19:31:14.718,0.88471,0.8848,3.37,1.50
2018.01.10 19:31:14.906,0.88474,0.88483,2.62,2.25
2018.01.10 19:31:15.481,0.88474,0.88482,1.87,1.50
2018.01.10 19:31:15.987,0.88473,0.88482,6.00,2.06
2018.01.10 19:31:17.284,0.88472,0.88482,2.25,2.44
2018.01.10 19:31:18.232,0.88473,0.88481,3.19,1.00
2018.01.10 19:31:18.586,0.88474,0.88483,1.12,1.12
2018.01.10 19:31:18.741,0.88474,0.88483,4.87,1.12
2018.01.10 19:31:20.629,0.88477,0.88486,3.94,1.00
2018.01.10 19:31:21.304,0.88476,0.88485,1.69,1.00
2018.01.10 19:31:21.487,0.88475,0.88483,5.06,1.00
2018.01.10 19:31:22.047,0.88475,0.88484,4.50,1.00
2018.01.10 19:31:23.381,0.88475,0.88484,4.50,1.00
2018.01.10 19:31:24.047,0.88476,0.88483,3.00,1.00
2018.01.10 19:31:24.987,0.88477,0.88483,1.50,1.00
2018.01.10 19:31:25.197,0.88477,0.88485,1.50,1.00
2018.01.10 19:31:25.250,0.88477,0.88483,1.00,1.00
2018.01.10 19:31:25.357,0.88475,0.88482,1.69,1.00
2018.01.10 19:31:25.410,0.88475,0.88484,1.50,1.87
2018.01.10 19:31:26.344,0.88475,0.88485,2.44,2.62
2018.01.10 19:31:26.942,0.88475,0.88484,1.50,1.00
2018.01.10 19:31:27.523,0.88476,0.88484,1.00,1.00
2018.01.10 19:31:28.065,0.88475,0.88484,1.00,1.00
2018.01.10 19:31:29.215,0.88475,0.88483,1.50,1.00
2018.01.10 19:31:29.919,0.88475,0.88484,1.12,1.00
2018.01.10 19:31:30.131,0.88477,0.88486,2.63,1.31
2018.01.10 19:31:30.185,0.88477,0.88487,4.31,1.69
2018.01.10 19:31:30.735,0.88479,0.88488,1.50,3.75
2018.01.10 19:31:31.235,0.88479,0.88488,1.50,2.44
2018.01.10 19:31:31.766,0.88479,0.88487,1.50,1.25
2018.01.10 19:31:32.270,0.88477,0.88488,3.19,6.75
2018.01.10 19:31:33.645,0.88478,0.88487,1.25,1.87
2018.01.10 19:31:34.725,0.88477,0.88488,4.31,3.37
2018.01.10 19:31:34.883,0.88477,0.88486,1.87,1.00
2018.01.10 19:31:35.397,0.88477,0.88485,9.00,1.00
2018.01.10 19:31:35.940,0.88477,0.88486,2.44,1.25
2018.01.10 19:31:36.747,0.88478,0.88487,1.00,1.12
2018.01.10 19:31:37.995,0.88477,0.88486,3.94,1.25
2018.01.10 19:31:38.325,0.88475,0.88484,2.06,1.50
2018.01.10 19:31:41.313,0.88475,0.88484,3.94,1.87
2018.01.10 19:31:42.313,0.88476,0.88485,1.00,1.50
2018.01.10 19:31:43.132,0.88475,0.88485,4.31,1.50
2018.01.10 19:31:43.184,0.88475,0.88483,4.31,1.00
2018.01.10 19:31:43.511,0.88472,0.8848,4.12,1.00
2018.01.10 19:31:44.045,0.88473,0.88481,1.00,2.06
2018.01.10 19:31:44.755,0.88472,0.8848,2.44,1.00
2018.01.10 19:31:45.307,0.88472,0.88481,1.12,2.06
2018.01.10 19:31:45.974,0.88471,0.88481,5.81,2.06
2018.01.10 19:31:46.500,0.88471,0.88481,6.56,2.06
2018.01.10 19:31:48.994,0.88471,0.88481,5.81,4.31
2018.01.10 19:31:51.642,0.88471,0.88478,1.31,1.00
2018.01.10 19:31:52.205,0.8847,0.88478,2.81,1.00
2018.01.10 19:31:52.735,0.8847,0.88479,1.50,1.87
2018.01.10 19:31:53.330,0.8847,0.88478,1.31,1.00
2018.01.10 19:31:56.355,0.8847,0.88479,1.12,2.25
2018.01.10 19:31:57.668,0.8847,0.8848,4.13,2.06
2018.01.10 19:31:58.345,0.8847,0.8848,4.50,2.06
2018.01.10 19:31:59.052,0.88471,0.88479,1.50,1.00
2018.01.10 19:32:00.021,0.88471,0.8848,1.12,1.69
2018.01.10 19:32:00.543,0.88471,0.88479,1.00,1.50
2018.01.10 19:32:01.211,0.8847,0.88479,3.56,1.50
2018.01.10 19:32:01.989,0.88471,0.88479,1.50,1.00
2018.01.10 19:32:02.534,0.88471,0.8848,1.50,1.69
2018.01.10 19:32:03.446,0.8847,0.88479,5.06,1.00
2018.01.10 19:32:03.995,0.8847,0.88479,2.81,3.00
2018.01.10 19:32:04.513,0.8847,0.8848,2.81,3.19
2018.01.10 19:32:05.717,0.8847,0.88479,6.19,1.00
2018.01.10 19:32:05.874,0.88472,0.88479,1.87,1.00
2018.01.10 19:32:06.101,0.88469,0.88479,1.37,4.12
2018.01.10 19:32:06.366,0.88469,0.88477,2.81,1.00
2018.01.10 19:32:06.878,0.88469,0.88478,3.37,1.00
2018.01.10 19:32:07.416,0.88468,0.88478,3.00,1.12
2018.01.10 19:32:07.920,0.88468,0.88477,4.31,1.00
2018.01.10 19:32:08.474,0.88468,0.88478,2.62,1.50
2018.01.10 19:32:09.086,0.88468,0.88477,2.44,1.00
2018.01.10 19:32:09.191,0.88467,0.88476,1.25,1.25
2018.01.10 19:32:09.796,0.88467,0.88477,1.25,2.62
2018.01.10 19:32:10.525,0.88466,0.88477,3.75,5.06
2018.01.10 19:32:12.158,0.88466,0.88477,3.37,5.43
2018.01.10 19:32:12.813,0.88467,0.88477,3.75,1.50
2018.01.10 19:32:13.326,0.88467,0.88477,1.00,3.75
2018.01.10 19:32:13.946,0.88466,0.88474,1.50,1.00
2018.01.10 19:32:14.000,0.88465,0.88474,1.12,1.00
2018.01.10 19:32:14.626,0.88465,0.88475,5.25,2.44
2018.01.10 19:32:15.210,0.88465,0.88475,4.69,1.00
2018.01.10 19:32:15.722,0.88465,0.88476,4.69,3.19
2018.01.10 19:32:16.449,0.88465,0.88476,5.06,3.19
2018.01.10 19:32:17.342,0.88467,0.88478,4.69,1.50
2018.01.10 19:32:18.205,0.88469,0.8848,4.69,3.19
2018.01.10 19:32:18.429,0.88472,0.88481,2.25,1.00
2018.01.10 19:32:18.535,0.88472,0.88483,6.37,1.69
2018.01.10 19:32:19.168,0.88473,0.88483,1.12,3.75
2018.01.10 19:32:19.818,0.88473,0.88483,1.00,3.19
2018.01.10 19:32:20.330,0.88472,0.88482,4.12,1.00
2018.01.10 19:32:21.238,0.88472,0.88481,5.81,1.00
2018.01.10 19:32:21.892,0.88472,0.88482,4.87,2.25
2018.01.10 19:32:22.258,0.88472,0.8848,5.06,1.00
2018.01.10 19:32:22.560,0.88469,0.88478,3.19,1.50
2018.01.10 19:32:22.614,0.8847,0.88479,3.75,1.87
2018.01.10 19:32:22.720,0.8847,0.88479,1.50,1.87
2018.01.10 19:32:23.320,0.8847,0.88479,1.50,1.87
2018.01.10 19:32:24.409,0.88472,0.88481,2.25,3.00
2018.01.10 19:32:24.959,0.88472,0.8848,1.00,1.25
2018.01.10 19:32:25.116,0.88472,0.88478,1.00,1.00
2018.01.10 19:32:25.782,0.88471,0.88479,1.87,1.00
2018.01.10 19:32:26.332,0.88471,0.88479,1.50,1.00
2018.01.10 19:32:26.862,0.88471,0.88479,4.12,1.00
2018.01.10 19:32:27.525,0.88473,0.88481,1.37,1.69
2018.01.10 19:32:27.630,0.88472,0.88482,1.87,2.44
2018.01.10 19:32:27.839,0.88473,0.8848,1.00,1.00
2018.01.10 19:32:28.525,0.88473,0.88481,1.00,1.50
2018.01.10 19:32:28.636,0.88471,0.88481,4.12,3.00
2018.01.10 19:32:28.742,0.88472,0.88481,2.25,1.00
2018.01.10 19:32:31.145,0.88473,0.88481,1.50,1.00
2018.01.10 19:32:31.356,0.88476,0.88485,2.25,1.25
2018.01.10 19:32:31.853,0.88475,0.88483,3.75,1.00
2018.01.10 19:32:32.392,0.88475,0.88484,4.50,1.12
2018.01.10 19:32:32.960,0.88474,0.88484,5.25,2.44
2018.01.10 19:32:33.549,0.88475,0.88484,1.37,3.19
2018.01.10 19:32:34.187,0.88475,0.88484,1.00,3.56
2018.01.10 19:32:37.285,0.88474,0.88484,2.62,1.69
2018.01.10 19:32:37.599,0.88472,0.88482,2.25,3.56
2018.01.10 19:32:38.575,0.88472,0.88481,1.00,5.06
2018.01.10 19:32:39.123,0.8847,0.8848,2.25,3.56
2018.01.10 19:32:39.696,0.8847,0.8848,4.12,1.25
2018.01.10 19:32:40.010,0.88473,0.88483,1.87,3.19
2018.01.10 19:32:42.477,0.88474,0.88484,1.00,4.12
2018.01.10 19:32:43.163,0.88475,0.88484,1.12,2.81
2018.01.10 19:32:44.192,0.88473,0.88484,4.69,4.50
2018.01.10 19:32:45.149,0.88473,0.88484,5.44,6.37
2018.01.10 19:32:45.503,0.88476,0.88485,1.50,1.50
2018.01.10 19:32:45.927,0.88473,0.88482,2.81,1.12
2018.01.10 19:32:47.973,0.88473,0.88482,1.50,1.87
2018.01.10 19:32:49.461,0.88474,0.88484,1.00,4.12
2018.01.10 19:32:50.680,0.88474,0.88483,3.37,1.00
2018.01.10 19:32:51.213,0.88476,0.88485,1.00,4.31
2018.01.10 19:32:51.732,0.88474,0.88485,3.75,3.56
2018.01.10 19:32:55.752,0.88475,0.88483,2.25,1.00
2018.01.10 19:32:56.323,0.88475,0.88484,2.25,1.25
2018.01.10 19:32:56.946,0.88477,0.88484,1.00,1.25
2018.01.10 19:32:57.538,0.88476,0.88485,1.50,2.81
2018.01.10 19:32:58.518,0.88475,0.88483,1.12,1.00
2018.01.10 19:32:59.053,0.88476,0.88483,1.12,1.00
2018.01.10 19:32:59.278,0.88479,0.88488,1.00,3.94
2018.01.10 19:32:59.738,0.88478,0.88487,1.87,2.63
2018.01.10 19:32:59.790,0.88477,0.88487,1.00,3.75
2018.01.10 19:33:00.001,0.88479,0.88487,1.00,1.00
2018.01.10 19:33:00.535,0.88477,0.88487,1.50,2.81
2018.01.10 19:33:02.418,0.88479,0.88487,1.50,1.69
2018.01.10 19:33:02.945,0.88479,0.88488,1.37,1.00
2018.01.10 19:33:03.797,0.88479,0.88489,1.88,1.87
2018.01.10 19:33:04.337,0.88479,0.88488,1.00,3.00
2018.01.10 19:33:04.849,0.88478,0.88488,1.12,3.00
2018.01.10 19:33:05.371,0.88478,0.88487,2.25,1.31
2018.01.10 19:33:05.902,0.88478,0.88487,1.87,1.12
2018.01.10 19:33:06.831,0.88478,0.88487,2.25,1.69
2018.01.10 19:33:07.351,0.88478,0.88487,2.06,1.69
2018.01.10 19:33:08.124,0.88477,0.88485,1.31,1.50
2018.01.10 19:33:08.388,0.88475,0.88485,1.12,1.50
2018.01.10 19:33:08.895,0.88476,0.88487,2.63,4.31
2018.01.10 19:33:09.415,0.88477,0.88487,1.00,4.31
2018.01.10 19:33:10.172,0.88477,0.88487,1.00,2.81
2018.01.10 19:33:11.374,0.88479,0.88487,3.75,1.50
2018.01.10 19:33:11.691,0.88481,0.8849,1.69,1.69
2018.01.10 19:33:11.749,0.88481,0.88492,3.19,3.94
2018.01.10 19:33:11.806,0.88483,0.88493,1.25,6.00
2018.01.10 19:33:12.495,0.88483,0.88491,1.00,1.00
2018.01.10 19:33:13.026,0.88483,0.8849,1.13,1.00
2018.01.10 19:33:13.134,0.88481,0.88489,1.12,1.12
2018.01.10 19:33:13.241,0.88478,0.88489,2.25,6.19
2018.01.10 19:33:13.659,0.88477,0.88486,2.25,1.50
2018.01.10 19:33:14.160,0.88477,0.88486,2.25,1.87
2018.01.10 19:33:15.400,0.88478,0.88487,1.25,1.69
2018.01.10 19:33:15.937,0.88478,0.88488,1.25,2.81
2018.01.10 19:33:16.970,0.88478,0.88487,1.50,1.25
2018.01.10 19:33:17.232,0.88477,0.88486,1.12,4.13
2018.01.10 19:33:17.285,0.88475,0.88485,2.25,1.00
2018.01.10 19:33:17.444,0.88473,0.88483,2.44,2.25
2018.01.10 19:33:17.910,0.88473,0.88481,1.50,1.25
2018.01.10 19:33:18.132,0.8847,0.88479,1.12,2.25
2018.01.10 19:33:18.184,0.88471,0.88479,1.44,1.00
2018.01.10 19:33:18.343,0.88471,0.88481,2.62,1.87
2018.01.10 19:33:19.223,0.88472,0.88481,1.63,1.00
2018.01.10 19:33:19.480,0.88471,0.88481,3.00,1.00
2018.01.10 19:33:20.060,0.88471,0.8848,2.25,1.50
2018.01.10 19:33:20.585,0.88472,0.8848,1.31,1.50
2018.01.10 19:33:21.185,0.88472,0.88481,1.31,3.00
2018.01.10 19:33:22.235,0.88471,0.88481,1.50,3.37
2018.01.10 19:33:23.348,0.88473,0.88482,1.00,3.75
2018.01.10 19:33:23.722,0.88474,0.88484,2.06,4.50
2018.01.10 19:33:24.331,0.88475,0.88484,1.25,4.50
2018.01.10 19:33:24.685,0.88475,0.88482,1.00,1.50
2018.01.10 19:33:24.740,0.88472,0.88482,3.19,1.50
2018.01.10 19:33:24.794,0.88473,0.8848,1.00,1.50
2018.01.10 19:33:25.046,0.8847,0.88478,1.12,2.25
2018.01.10 19:33:28.334,0.8847,0.88478,3.19,1.00
2018.01.10 19:33:28.396,0.88472,0.8848,2.06,1.25
2018.01.10 19:33:28.556,0.88474,0.88481,1.25,1.00
2018.01.10 19:33:28.713,0.88474,0.88483,3.00,1.00
2018.01.10 19:33:29.717,0.88474,0.88484,3.00,1.69
2018.01.10 19:33:30.269,0.88474,0.88484,4.50,1.25
2018.01.10 19:33:30.655,0.88476,0.88484,1.37,1.25
2018.01.10 19:33:33.236,0.88476,0.88484,1.00,1.00
2018.01.10 19:33:34.867,0.88475,0.88483,2.25,1.00
2018.01.10 19:33:35.128,0.88472,0.8848,3.00,2.25
2018.01.10 19:33:35.650,0.88472,0.88481,2.81,4.50
2018.01.10 19:33:36.183,0.88472,0.88481,1.12,2.62
2018.01.10 19:33:36.899,0.88473,0.88481,1.00,4.50
2018.01.10 19:33:37.752,0.88471,0.88479,3.19,1.50
2018.01.10 19:33:38.076,0.88468,0.88476,3.56,1.87
2018.01.10 19:33:38.689,0.88467,0.88476,5.63,1.87
2018.01.10 19:33:39.523,0.88468,0.88476,1.00,1.50
2018.01.10 19:33:40.037,0.88466,0.88475,5.25,1.50
2018.01.10 19:33:40.573,0.88466,0.88475,1.50,1.50
2018.01.10 19:33:41.452,0.88466,0.88475,4.88,1.50
2018.01.10 19:33:41.781,0.8847,0.88478,3.19,1.50
2018.01.10 19:33:42.459,0.88471,0.8848,2.81,3.37
2018.01.10 19:33:42.753,0.88473,0.88482,1.31,3.19
2018.01.10 19:33:43.275,0.88474,0.88482,1.31,2.25
2018.01.10 19:33:43.831,0.88473,0.88483,2.25,2.25
2018.01.10 19:33:44.768,0.88474,0.88483,1.13,3.38
2018.01.10 19:33:45.277,0.88473,0.88482,6.00,1.50
2018.01.10 19:33:45.802,0.88473,0.88483,3.38,1.12
2018.01.10 19:33:46.329,0.88475,0.88485,2.06,2.25
2018.01.10 19:33:46.871,0.88476,0.88485,1.50,2.25
2018.01.10 19:33:47.122,0.88476,0.88485,1.50,1.50
2018.01.10 19:33:47.957,0.88475,0.88483,1.00,1.00
2018.01.10 19:33:48.566,0.88475,0.88484,2.62,1.00
2018.01.10 19:33:49.090,0.88475,0.88485,3.75,4.31
2018.01.10 19:33:49.827,0.88475,0.88485,6.56,1.00
2018.01.10 19:33:53.378,0.88478,0.88487,2.06,1.50
2018.01.10 19:33:53.903,0.88478,0.88488,3.56,2.44
2018.01.10 19:33:55.950,0.88479,0.88488,1.31,1.69
2018.01.10 19:33:56.529,0.88479,0.88488,1.00,1.69
2018.01.10 19:33:57.787,0.88477,0.88485,2.62,1.69
2018.01.10 19:33:57.892,0.88475,0.88482,1.12,1.00
2018.01.10 19:33:58.423,0.88473,0.88482,3.00,1.00
2018.01.10 19:33:58.944,0.88472,0.88481,2.06,1.00
2018.01.10 19:34:00.284,0.88472,0.88481,1.69,1.00
2018.01.10 19:34:01.305,0.88472,0.88478,1.00,1.25
2018.01.10 19:34:01.361,0.88469,0.88478,2.62,1.31
2018.01.10 19:34:01.465,0.88468,0.88477,1.19,4.69
2018.01.10 19:34:01.517,0.88467,0.88477,2.62,5.44
2018.01.10 19:34:01.728,0.88467,0.88476,4.69,1.00
2018.01.10 19:34:01.898,0.88467,0.88476,3.94,1.00
2018.01.10 19:34:03.896,0.88467,0.88476,5.25,1.00
2018.01.10 19:34:04.411,0.88468,0.88477,1.00,2.44
2018.01.10 19:34:05.173,0.88468,0.88477,1.25,3.19
2018.01.10 19:34:05.703,0.88468,0.88477,1.00,2.44
2018.01.10 19:34:06.880,0.88467,0.88476,1.50,1.25
2018.01.10 19:34:07.897,0.88465,0.88476,5.25,1.00
2018.01.10 19:34:08.003,0.88469,0.88477,1.00,1.50
2018.01.10 19:34:08.530,0.88468,0.88478,4.69,1.12
2018.01.10 19:34:11.209,0.88469,0.88479,1.50,4.31
2018.01.10 19:34:11.628,0.88468,0.88476,1.87,1.00
2018.01.10 19:34:11.681,0.88468,0.88476,1.00,1.12
2018.01.10 19:34:11.867,0.88466,0.88475,1.12,2.62
2018.01.10 19:34:12.816,0.88465,0.88475,2.44,2.81
2018.01.10 19:34:13.413,0.88465,0.88475,2.44,3.56
2018.01.10 19:34:13.938,0.88465,0.88475,1.50,4.12
2018.01.10 19:34:15.318,0.88464,0.88471,1.69,1.00
2018.01.10 19:34:15.476,0.88461,0.88469,4.12,1.50
2018.01.10 19:34:15.942,0.8846,0.88471,3.00,3.94
2018.01.10 19:34:16.473,0.8846,0.88471,4.69,4.50
2018.01.10 19:34:17.659,0.8846,0.88471,4.31,2.44
2018.01.10 19:34:19.733,0.88461,0.88471,1.50,1.25
2018.01.10 19:34:20.271,0.88462,0.88471,1.69,2.44
2018.01.10 19:34:20.795,0.88462,0.88471,1.88,1.69
2018.01.10 19:34:21.359,0.88463,0.88471,1.88,2.44
2018.01.10 19:34:21.923,0.88463,0.88472,3.38,4.31
2018.01.10 19:34:22.079,0.88463,0.88473,2.25,4.12
2018.01.10 19:34:22.654,0.88464,0.88473,1.00,5.25
2018.01.10 19:34:23.443,0.88462,0.88471,1.75,1.87
2018.01.10 19:34:24.172,0.88461,0.88471,3.56,1.12
2018.01.10 19:34:24.914,0.88461,0.88471,2.25,1.00
2018.01.10 19:34:25.434,0.88461,0.88472,1.12,7.13
2018.01.10 19:34:25.958,0.88461,0.88471,1.31,1.69
2018.01.10 19:34:26.744,0.88461,0.88471,1.50,1.69
2018.01.10 19:34:27.254,0.88461,0.88472,1.31,6.19
2018.01.10 19:34:27.906,0.8846,0.88471,3.00,1.87
2018.01.10 19:34:28.532,0.8846,0.88471,2.06,1.87
2018.01.10 19:34:29.040,0.8846,0.8847,1.31,1.25
2018.01.10 19:34:29.557,0.8846,0.88471,1.12,5.81
2018.01.10 19:34:30.002,0.8846,0.88469,1.12,1.00
2018.01.10 19:34:31.190,0.88459,0.8847,3.19,2.63
2018.01.10 19:34:31.706,0.88459,0.88468,1.00,1.00
2018.01.10 19:34:32.075,0.88461,0.8847,2.62,3.75
2018.01.10 19:34:32.440,0.88462,0.88471,1.00,1.87
2018.01.10 19:34:32.947,0.88463,0.88472,2.06,1.00
2018.01.10 19:34:33.207,0.88462,0.88472,1.25,1.12
2018.01.10 19:34:33.741,0.88462,0.88471,1.12,1.00
2018.01.10 19:34:34.341,0.88462,0.8847,2.62,1.00
2018.01.10 19:34:34.642,0.88462,0.88472,3.19,1.50
2018.01.10 19:34:35.167,0.88462,0.88472,2.81,3.00
2018.01.10 19:34:35.690,0.88462,0.88471,4.13,1.00
2018.01.10 19:34:36.193,0.88462,0.88472,2.81,3.00
2018.01.10 19:34:38.978,0.88462,0.88471,3.38,1.00
2018.01.10 19:34:39.495,0.88462,0.88472,1.00,4.12
2018.01.10 19:34:39.551,0.88462,0.8847,1.00,1.00
2018.01.10 19:34:40.253,0.88461,0.8847,1.88,1.00
2018.01.10 19:34:40.534,0.88461,0.8847,3.94,1.00
2018.01.10 19:34:40.797,0.88463,0.8847,1.50,1.00
2018.01.10 19:34:40.851,0.88463,0.88472,1.69,1.50
2018.01.10 19:34:41.491,0.88463,0.88471,1.69,1.00
2018.01.10 19:34:42.258,0.88463,0.88472,1.50,2.81
2018.01.10 19:34:42.769,0.88461,0.88472,4.88,2.81
2018.01.10 19:34:43.277,0.88462,0.88471,1.25,1.25
2018.01.10 19:34:44.248,0.88462,0.88472,1.00,4.31
2018.01.10 19:34:44.824,0.88461,0.88472,3.00,3.94
2018.01.10 19:34:45.795,0.88461,0.88472,3.38,3.19
2018.01.10 19:34:46.555,0.88461,0.88471,4.50,1.50
2018.01.10 19:34:47.628,0.88461,0.88472,3.38,5.06
2018.01.10 19:34:51.157,0.8846,0.8847,2.81,1.00
2018.01.10 19:34:51.700,0.8846,0.88469,1.88,1.00
2018.01.10 19:34:51.804,0.8846,0.88471,1.31,5.25
2018.01.10 19:34:52.124,0.8846,0.88469,1.50,1.00
2018.01.10 19:34:52.815,0.88462,0.88469,1.88,1.00
2018.01.10 19:34:52.870,0.88461,0.88472,1.50,3.00
2018.01.10 19:34:53.418,0.88461,0.88472,2.81,3.00
2018.01.10 19:34:53.970,0.88462,0.88472,2.25,2.62
2018.01.10 19:34:55.326,0.88462,0.88472,2.44,2.25
2018.01.10 19:34:55.864,0.88463,0.88472,3.37,1.50
2018.01.10 19:34:56.433,0.88465,0.88473,1.00,1.12
2018.01.10 19:34:57.322,0.88464,0.88474,3.19,1.87
2018.01.10 19:34:57.583,0.88463,0.88473,1.88,1.12
2018.01.10 19:35:00.581,0.88462,0.88472,1.88,1.00
2018.01.10 19:35:00.829,0.88464,0.88472,1.88,1.00
2018.01.10 19:35:00.884,0.88465,0.88475,2.25,3.00
2018.01.10 19:35:01.527,0.88465,0.88475,4.13,1.00
2018.01.10 19:35:02.034,0.88467,0.88475,1.50,1.00
2018.01.10 19:35:03.345,0.88465,0.88475,1.25,1.87
2018.01.10 19:35:03.873,0.88464,0.88475,2.62,2.44
2018.01.10 19:35:05.255,0.88464,0.88474,3.19,1.00
2018.01.10 19:35:05.821,0.88464,0.88474,3.75,1.13
2018.01.10 19:35:06.359,0.88464,0.88474,1.31,2.06
2018.01.10 19:35:08.090,0.88463,0.88474,1.88,4.69
2018.01.10 19:35:08.197,0.88464,0.88474,1.88,4.88
2018.01.10 19:35:08.805,0.88464,0.88475,3.00,3.00
2018.01.10 19:35:09.347,0.88464,0.88474,4.31,2.81
2018.01.10 19:35:09.893,0.88464,0.88473,1.31,1.00
2018.01.10 19:35:10.483,0.88463,0.88473,4.69,1.00
2018.01.10 19:35:10.643,0.88463,0.88473,1.31,1.00
2018.01.10 19:35:11.427,0.88462,0.88472,1.31,1.00
2018.01.10 19:35:12.366,0.88461,0.88472,4.31,1.88
2018.01.10 19:35:14.537,0.88463,0.88473,2.44,4.12
2018.01.10 19:35:15.085,0.88463,0.88472,3.56,1.12
2018.01.10 19:35:15.626,0.88463,0.88473,2.81,3.75
2018.01.10 19:35:16.587,0.88463,0.88472,4.31,1.12
2018.01.10 19:35:17.264,0.88463,0.88471,1.00,1.12
2018.01.10 19:35:17.841,0.88462,0.8847,1.69,1.00
2018.01.10 19:35:17.894,0.88461,0.88471,4.31,1.12
2018.01.10 19:35:18.433,0.88461,0.8847,5.25,1.00
2018.01.10 19:35:19.066,0.88461,0.88471,2.81,1.12
2018.01.10 19:35:20.037,0.8846,0.88468,2.44,1.00
2018.01.10 19:35:20.513,0.88463,0.88471,1.00,1.50
2018.01.10 19:35:21.546,0.88462,0.88472,3.75,1.87
2018.01.10 19:35:22.077,0.88463,0.88472,1.19,2.81
2018.01.10 19:35:22.915,0.88463,0.88472,2.25,1.00
2018.01.10 19:35:23.696,0.88463,0.88472,5.63,1.50
2018.01.10 19:35:24.229,0.88463,0.88472,3.94,1.00
2018.01.10 19:35:24.862,0.88463,0.88472,3.94,1.12
2018.01.10 19:35:25.419,0.88463,0.88471,1.63,1.25
2018.01.10 19:35:25.975,0.88463,0.88472,1.37,2.81
2018.01.10 19:35:26.028,0.88461,0.88471,1.00,1.12
2018.01.10 19:35:26.446,0.8846,0.88468,1.87,1.12
2018.01.10 19:35:27.018,0.88459,0.88468,1.31,1.12
2018.01.10 19:35:28.233,0.88459,0.88467,1.25,1.00
2018.01.10 19:35:28.829,0.88459,0.88468,1.00,2.44
2018.01.10 19:35:29.402,0.88459,0.88468,1.87,1.31
2018.01.10 19:35:30.109,0.88459,0.88468,1.50,2.06
2018.01.10 19:35:30.835,0.88458,0.88468,1.87,2.25
2018.01.10 19:35:31.426,0.88457,0.88467,2.06,1.12
2018.01.10 19:35:31.965,0.88457,0.88466,2.44,1.00
2018.01.10 19:35:32.474,0.88457,0.88467,1.88,1.12
2018.01.10 19:35:32.897,0.88459,0.88468,1.13,2.81
2018.01.10 19:35:33.210,0.88461,0.88469,1.00,3.37
2018.01.10 19:35:33.747,0.8846,0.88468,1.31,1.31
2018.01.10 19:35:34.754,0.88459,0.88469,6.56,3.19
2018.01.10 19:35:35.299,0.8846,0.8847,2.25,1.87
2018.01.10 19:35:35.639,0.8846,0.8847,2.44,1.12
2018.01.10 19:35:35.896,0.88462,0.88471,1.00,4.12
2018.01.10 19:35:36.443,0.88461,0.88471,1.69,3.37
2018.01.10 19:35:37.886,0.88461,0.8847,1.88,1.00
2018.01.10 19:35:38.472,0.88461,0.88471,1.31,3.00
2018.01.10 19:35:38.992,0.88462,0.88471,1.31,3.37
2018.01.10 19:35:39.493,0.88463,0.88472,1.00,1.00
2018.01.10 19:35:40.104,0.88463,0.88472,1.63,1.50
2018.01.10 19:35:40.422,0.8846,0.8847,4.69,1.87
2018.01.10 19:35:41.052,0.8846,0.8847,4.31,2.25
2018.01.10 19:35:41.587,0.8846,0.8847,4.31,2.62
2018.01.10 19:35:42.116,0.88459,0.88467,2.06,1.12
2018.01.10 19:35:42.654,0.88459,0.88469,4.13,2.44
2018.01.10 19:35:43.193,0.88459,0.88469,4.50,2.44
2018.01.10 19:35:43.706,0.88459,0.88469,3.56,2.44
2018.01.10 19:35:44.258,0.88461,0.88469,1.00,1.69
2018.01.10 19:35:45.109,0.88461,0.8847,2.25,1.62
2018.01.10 19:35:45.611,0.8846,0.88471,7.13,2.44
2018.01.10 19:35:47.203,0.8846,0.88471,3.75,5.25
2018.01.10 19:35:48.201,0.8846,0.8847,4.13,1.69
2018.01.10 19:35:49.167,0.8846,0.8847,3.19,1.69
2018.01.10 19:35:49.704,0.8846,0.88469,1.50,1.00
2018.01.10 19:35:50.233,0.8846,0.88471,3.19,5.25
2018.01.10 19:35:51.922,0.8846,0.8847,6.94,1.69
2018.01.10 19:35:57.417,0.8846,0.88471,4.31,3.00
2018.01.10 19:35:58.218,0.8846,0.8847,4.50,1.00
2018.01.10 19:35:58.531,0.88464,0.88473,1.50,1.87
2018.01.10 19:35:59.080,0.88463,0.88473,5.25,1.50
2018.01.10 19:35:59.499,0.88463,0.88471,3.75,1.00
2018.01.10 19:36:00.079,0.88462,0.88471,1.00,1.00
2018.01.10 19:36:00.647,0.88463,0.88471,1.88,1.00
2018.01.10 19:36:00.700,0.88464,0.88473,1.50,1.25
2018.01.10 19:36:01.282,0.88464,0.88474,4.69,1.69
2018.01.10 19:36:01.990,0.88464,0.88474,3.94,1.69
2018.01.10 19:36:03.498,0.88464,0.88473,2.63,1.00
2018.01.10 19:36:03.603,0.88463,0.88473,1.00,5.25
2018.01.10 19:36:03.910,0.88461,0.8847,1.31,1.00
2018.01.10 19:36:04.431,0.88461,0.88471,1.50,1.50
2018.01.10 19:36:05.954,0.88462,0.88472,2.81,1.12
2018.01.10 19:36:06.468,0.88463,0.88473,2.63,4.87
2018.01.10 19:36:06.784,0.88466,0.88476,3.75,1.12
2018.01.10 19:36:08.060,0.88464,0.88474,4.88,1.31
2018.01.10 19:36:08.498,0.88464,0.88474,3.75,1.12
2018.01.10 19:36:09.049,0.88464,0.88474,6.19,2.06
2018.01.10 19:36:09.682,0.88464,0.88474,3.75,1.31
2018.01.10 19:36:10.588,0.88466,0.88474,1.50,1.50
2018.01.10 19:36:11.602,0.88464,0.88473,7.69,1.00
2018.01.10 19:36:12.037,0.88464,0.88474,4.69,1.50
2018.01.10 19:36:12.758,0.88464,0.88473,2.25,1.00
2018.01.10 19:36:13.369,0.88464,0.88474,1.25,3.56
2018.01.10 19:36:14.937,0.88463,0.88472,1.00,2.62
2018.01.10 19:36:15.268,0.88461,0.88471,3.19,1.00
2018.01.10 19:36:15.697,0.88463,0.88472,1.50,2.25
2018.01.10 19:36:16.065,0.88464,0.88473,3.75,2.62
2018.01.10 19:36:16.673,0.88464,0.88473,3.75,1.37
2018.01.10 19:36:18.473,0.88464,0.88473,5.06,1.87
2018.01.10 19:36:19.031,0.88464,0.88473,3.38,1.37
2018.01.10 19:36:21.406,0.88464,0.88473,4.88,1.69
2018.01.10 19:36:21.568,0.88463,0.88473,1.31,1.87
2018.01.10 19:36:25.775,0.88464,0.88472,1.50,1.12
2018.01.10 19:36:25.932,0.88462,0.88471,1.87,1.31
2018.01.10 19:36:26.957,0.88461,0.88471,1.25,2.62
2018.01.10 19:36:27.945,0.88461,0.88471,3.94,1.50
2018.01.10 19:36:28.474,0.88462,0.88471,1.00,3.00
2018.01.10 19:36:28.786,0.88464,0.88472,2.25,1.00
2018.01.10 19:36:29.543,0.88463,0.88473,1.50,1.69
2018.01.10 19:36:29.861,0.88463,0.88473,1.12,3.37
2018.01.10 19:36:32.602,0.88462,0.88473,6.94,4.50
2018.01.10 19:36:34.240,0.88463,0.88472,1.00,1.50
2018.01.10 19:36:34.449,0.88461,0.8847,1.87,1.12
2018.01.10 19:36:34.502,0.88461,0.88469,1.25,1.69
2018.01.10 19:36:34.906,0.88459,0.88469,3.00,1.50
2018.01.10 19:36:35.766,0.88459,0.88468,2.63,1.12
2018.01.10 19:36:36.536,0.88459,0.88469,3.19,1.69
2018.01.10 19:36:38.635,0.88459,0.88467,1.00,1.00
2018.01.10 19:36:38.740,0.88458,0.88464,2.06,1.00
2018.01.10 19:36:39.043,0.88457,0.88467,1.50,3.37
2018.01.10 19:36:39.797,0.88457,0.88467,2.06,3.00
2018.01.10 19:36:40.342,0.88457,0.88467,1.88,1.87
2018.01.10 19:36:40.861,0.88457,0.88467,2.06,4.13
2018.01.10 19:36:41.451,0.88457,0.88467,1.31,2.81
2018.01.10 19:36:43.631,0.88457,0.88467,2.63,3.94
2018.01.10 19:36:44.424,0.88457,0.88467,1.31,3.19
2018.01.10 19:36:45.084,0.88457,0.88466,1.50,1.25
2018.01.10 19:36:45.477,0.88455,0.88465,1.12,1.00
2018.01.10 19:36:46.386,0.88455,0.88464,1.88,1.00
2018.01.10 19:36:48.626,0.88455,0.88465,2.81,1.69
2018.01.10 19:36:49.151,0.88456,0.88466,1.87,2.06
2018.01.10 19:36:49.694,0.88457,0.88466,1.00,2.44
2018.01.10 19:36:50.303,0.88457,0.88465,1.00,1.00
2018.01.10 19:36:50.863,0.88457,0.88466,1.25,2.44
2018.01.10 19:36:52.612,0.88457,0.88465,1.19,1.00
2018.01.10 19:36:53.229,0.88457,0.88466,1.00,2.44
2018.01.10 19:36:53.929,0.88457,0.88465,1.25,1.00
2018.01.10 19:36:54.034,0.88459,0.88466,1.25,1.25
2018.01.10 19:36:54.140,0.88457,0.88467,1.31,1.87
2018.01.10 19:36:54.667,0.88457,0.88467,2.63,2.63
2018.01.10 19:36:55.283,0.88457,0.88467,1.31,1.25
2018.01.10 19:36:56.775,0.88458,0.88468,2.44,1.50
2018.01.10 19:36:57.369,0.88458,0.88467,1.12,1.00
2018.01.10 19:36:58.066,0.88463,0.88472,4.31,4.87
2018.01.10 19:36:59.713,0.88464,0.88473,1.12,1.50
2018.01.10 19:37:02.132,0.88463,0.88473,1.25,6.00
2018.01.10 19:37:02.658,0.88464,0.88474,2.06,5.25
2018.01.10 19:37:04.166,0.88464,0.88473,2.63,1.25
2018.01.10 19:37:04.671,0.88465,0.88474,1.00,1.87
2018.01.10 19:37:05.741,0.88465,0.88473,1.00,1.00
2018.01.10 19:37:07.176,0.88464,0.88474,1.69,3.00
2018.01.10 19:37:09.545,0.88464,0.88473,2.63,2.62
2018.01.10 19:37:10.072,0.88464,0.88473,1.69,1.25
2018.01.10 19:37:10.228,0.88462,0.88472,4.31,1.50
2018.01.10 19:37:10.795,0.88462,0.88472,3.56,3.94
2018.01.10 19:37:11.371,0.88463,0.88472,1.50,6.19
2018.01.10 19:37:11.937,0.88463,0.88472,1.50,4.31
2018.01.10 19:37:12.683,0.88463,0.88472,1.50,6.19
2018.01.10 19:37:15.546,0.88461,0.88471,5.06,1.37
2018.01.10 19:37:17.354,0.88461,0.88471,2.06,1.50
2018.01.10 19:37:17.971,0.88461,0.88471,2.25,1.50
2018.01.10 19:37:18.955,0.88461,0.8847,1.31,1.00
2018.01.10 19:37:19.526,0.88461,0.88471,3.38,5.06
2018.01.10 19:37:23.617,0.88461,0.8847,1.00,1.12
2018.01.10 19:37:23.883,0.88457,0.88467,3.56,1.00
2018.01.10 19:37:24.192,0.8846,0.88467,1.50,1.00
2018.01.10 19:37:24.246,0.88459,0.88469,3.19,3.37
2018.01.10 19:37:24.455,0.88461,0.88469,1.50,2.06
2018.01.10 19:37:24.987,0.8846,0.88469,1.88,1.87
2018.01.10 19:37:25.306,0.88457,0.88467,4.69,1.00
2018.01.10 19:37:27.445,0.88457,0.88467,2.44,3.00
2018.01.10 19:37:28.067,0.88457,0.88466,3.94,1.00
2018.01.10 19:37:28.593,0.88458,0.88467,1.00,2.25
2018.01.10 19:37:29.156,0.88458,0.88466,1.00,1.00
2018.01.10 19:37:29.672,0.88457,0.88466,2.62,1.00
2018.01.10 19:37:30.174,0.88457,0.88467,1.50,2.06
2018.01.10 19:37:35.428,0.8846,0.88467,1.50,1.31
2018.01.10 19:37:37.707,0.88458,0.88467,1.25,1.12
2018.01.10 19:37:38.122,0.88461,0.88467,1.50,1.87
2018.01.10 19:37:40.385,0.88459,0.88466,1.31,1.00
2018.01.10 19:37:40.914,0.88458,0.88467,2.25,3.75
2018.01.10 19:37:41.149,0.88458,0.88466,1.50,1.50
2018.01.10 19:37:42.005,0.88457,0.88466,1.25,2.25
2018.01.10 19:37:46.249,0.88459,0.88465,1.69,1.12
2018.01.10 19:37:46.932,0.88459,0.88466,1.50,1.25
2018.01.10 19:37:48.693,0.8846,0.88468,2.62,2.44
2018.01.10 19:37:49.103,0.8846,0.8847,1.87,8.44
2018.01.10 19:37:49.676,0.8846,0.8847,2.25,6.75
2018.01.10 19:37:50.283,0.8846,0.8847,2.06,6.94
2018.01.10 19:37:51.406,0.88461,0.8847,3.19,4.31
2018.01.10 19:37:51.691,0.88464,0.88473,1.69,2.06
2018.01.10 19:37:52.269,0.88464,0.88474,1.88,3.75
2018.01.10 19:37:53.109,0.88464,0.88473,3.56,1.00
2018.01.10 19:37:53.628,0.88464,0.88474,3.38,1.69
2018.01.10 19:37:54.132,0.88465,0.88474,1.25,2.81
2018.01.10 19:37:54.836,0.88463,0.88473,3.00,1.12
2018.01.10 19:37:56.758,0.88463,0.88473,1.31,3.00
2018.01.10 19:37:57.444,0.88463,0.88473,1.25,3.38
2018.01.10 19:37:59.571,0.88463,0.88471,1.00,1.00
2018.01.10 19:37:59.914,0.8846,0.8847,4.50,1.12
2018.01.10 19:38:00.548,0.8846,0.88471,2.25,2.81
2018.01.10 19:38:00.859,0.88459,0.88469,5.63,1.13
2018.01.10 19:38:01.388,0.88459,0.8847,4.88,2.25
2018.01.10 19:38:02.089,0.88462,0.88471,1.50,4.69
2018.01.10 19:38:02.339,0.88462,0.88472,3.75,2.44
2018.01.10 19:38:02.842,0.88464,0.88474,1.50,4.87
2018.01.10 19:38:03.348,0.88463,0.88473,1.69,1.31
2018.01.10 19:38:04.259,0.88463,0.88472,1.00,1.00
2018.01.10 19:38:04.534,0.88461,0.88471,2.44,1.69
2018.01.10 19:38:04.744,0.88463,0.88472,1.25,2.25
2018.01.10 19:38:05.270,0.88462,0.88473,3.37,3.19
2018.01.10 19:38:05.858,0.88462,0.88473,2.25,5.44
2018.01.10 19:38:06.170,0.88462,0.88471,1.00,1.88
2018.01.10 19:38:06.676,0.8846,0.88471,6.19,3.00
2018.01.10 19:38:07.687,0.88463,0.88472,1.25,4.50
2018.01.10 19:38:08.335,0.88463,0.88472,2.25,2.44
2018.01.10 19:38:08.935,0.88465,0.88472,1.19,1.00
2018.01.10 19:38:08.993,0.88466,0.88475,4.87,2.62
2018.01.10 19:38:09.100,0.88467,0.88478,2.63,4.88
2018.01.10 19:38:09.725,0.88467,0.88477,5.44,1.50
2018.01.10 19:38:10.425,0.88467,0.88475,1.31,1.38
2018.01.10 19:38:11.438,0.88465,0.88474,3.94,1.00
2018.01.10 19:38:12.599,0.88468,0.88475,2.25,1.12
2018.01.10 19:38:12.872,0.8847,0.88479,1.50,1.31
2018.01.10 19:38:13.391,0.88469,0.88479,1.69,3.94
2018.01.10 19:38:13.842,0.8847,0.88479,3.75,1.31
2018.01.10 19:38:14.651,0.8847,0.88479,2.81,2.63
2018.01.10 19:38:16.204,0.88468,0.88478,3.00,2.44
2018.01.10 19:38:16.732,0.88472,0.88479,1.50,1.87
2018.01.10 19:38:16.993,0.88474,0.88483,2.25,4.88
2018.01.10 19:38:18.430,0.88474,0.88483,2.81,2.63
2018.01.10 19:38:19.139,0.88474,0.88483,1.69,1.87
2018.01.10 19:38:19.762,0.88474,0.88483,1.69,1.12
2018.01.10 19:38:20.303,0.88474,0.88483,2.81,2.63
2018.01.10 19:38:20.810,0.88473,0.88483,5.25,1.50
2018.01.10 19:38:21.457,0.88473,0.88483,4.50,2.25
2018.01.10 19:38:21.959,0.88473,0.88483,4.13,1.12
2018.01.10 19:38:22.184,0.88473,0.88481,2.44,1.13
2018.01.10 19:38:22.393,0.88471,0.88481,4.13,1.37
2018.01.10 19:38:22.926,0.88471,0.88481,4.88,2.06
2018.01.10 19:38:23.452,0.88472,0.88481,1.87,1.37
2018.01.10 19:38:24.064,0.88472,0.88483,3.00,7.69
2018.01.10 19:38:24.622,0.88473,0.88482,1.00,1.69
2018.01.10 19:38:25.586,0.88472,0.88483,3.19,6.19
2018.01.10 19:38:26.178,0.88472,0.88482,3.56,1.00
2018.01.10 19:38:26.766,0.88473,0.88482,1.00,1.50
2018.01.10 19:38:27.404,0.88472,0.88481,4.13,1.00
2018.01.10 19:38:28.079,0.88472,0.88482,3.00,1.50
2018.01.10 19:38:28.593,0.88473,0.88482,1.50,1.69
2018.01.10 19:38:29.404,0.88473,0.88482,1.50,3.00
2018.01.10 19:38:29.906,0.88472,0.88482,3.75,3.19
2018.01.10 19:38:30.323,0.88472,0.8848,1.00,2.44
2018.01.10 19:38:30.475,0.88469,0.88479,3.19,2.62
2018.01.10 19:38:31.470,0.88469,0.88479,2.44,4.31
2018.01.10 19:38:33.326,0.88469,0.88478,1.69,1.50
2018.01.10 19:38:40.782,0.88469,0.88478,2.63,2.25
2018.01.10 19:38:41.319,0.88469,0.88478,1.69,1.50
2018.01.10 19:38:42.163,0.88469,0.88478,2.25,3.19
2018.01.10 19:38:42.900,0.88469,0.88478,1.69,1.50
2018.01.10 19:38:44.302,0.88469,0.88478,2.06,3.00
2018.01.10 19:38:44.820,0.88469,0.88478,1.69,1.50
2018.01.10 19:38:46.213,0.8847,0.88479,1.00,3.94
2018.01.10 19:38:46.794,0.88472,0.88481,1.50,1.69
2018.01.10 19:38:47.313,0.88471,0.8848,1.88,1.69
2018.01.10 19:38:47.857,0.88471,0.88479,1.88,1.00
2018.01.10 19:38:48.405,0.88471,0.8848,1.00,3.56
2018.01.10 19:38:51.101,0.88471,0.88479,1.25,1.00
2018.01.10 19:38:51.719,0.88471,0.8848,1.00,2.81
2018.01.10 19:38:52.256,0.88471,0.8848,1.81,1.50
2018.01.10 19:38:52.308,0.8847,0.8848,2.06,4.12
2018.01.10 19:38:53.530,0.8847,0.88479,2.63,2.25
2018.01.10 19:38:54.053,0.88471,0.88479,1.50,2.25
2018.01.10 19:38:54.369,0.88471,0.8848,1.50,4.31
2018.01.10 19:38:54.908,0.88469,0.8848,4.88,3.19
2018.01.10 19:38:55.504,0.8847,0.88479,1.50,1.00
2018.01.10 19:38:55.660,0.88471,0.88481,1.00,3.00
2018.01.10 19:38:56.237,0.8847,0.88481,1.25,3.75
2018.01.10 19:38:56.782,0.88469,0.88479,4.69,1.00
2018.01.10 19:38:57.306,0.88468,0.88478,5.25,1.00
2018.01.10 19:38:57.635,0.88471,0.8848,1.88,1.12
2018.01.10 19:38:58.169,0.88471,0.8848,1.87,1.50
2018.01.10 19:38:58.750,0.8847,0.88481,3.19,3.38
2018.01.10 19:38:59.300,0.8847,0.88481,2.81,1.87
2018.01.10 19:39:00.077,0.8847,0.88481,4.69,3.00
2018.01.10 19:39:00.494,0.88472,0.88481,2.63,1.87
2018.01.10 19:39:00.703,0.88471,0.88481,1.69,1.87
2018.01.10 19:39:01.370,0.88471,0.88481,1.69,4.50
2018.01.10 19:39:01.618,0.88471,0.88481,3.00,1.87
2018.01.10 19:39:01.722,0.88473,0.88483,3.38,1.25
2018.01.10 19:39:02.742,0.88473,0.88484,3.00,3.56
2018.01.10 19:39:03.247,0.88473,0.88484,4.13,3.00
2018.01.10 19:39:03.786,0.88474,0.88484,1.25,2.62
2018.01.10 19:39:05.045,0.88473,0.88484,4.13,3.00
2018.01.10 19:39:06.090,0.88473,0.88482,1.87,1.00
2018.01.10 19:39:06.652,0.88471,0.88482,3.19,1.00
2018.01.10 19:39:07.062,0.88474,0.88482,1.19,1.00
2018.01.10 19:39:07.529,0.88473,0.88482,1.00,1.00
2018.01.10 19:39:08.378,0.88472,0.88481,1.25,1.00
2018.01.10 19:39:08.919,0.88471,0.8848,4.50,1.00
2018.01.10 19:39:09.426,0.88472,0.88482,1.69,2.62
2018.01.10 19:39:09.952,0.88471,0.8848,1.25,1.31
2018.01.10 19:39:10.297,0.88468,0.88479,5.44,2.44
2018.01.10 19:39:10.349,0.88469,0.88478,1.44,1.00
2018.01.10 19:39:10.945,0.88469,0.88478,1.69,1.00
2018.01.10 19:39:11.472,0.88469,0.88479,2.25,1.12
2018.01.10 19:39:11.892,0.88471,0.88482,4.69,4.50
2018.01.10 19:39:12.318,0.8847,0.8848,1.69,1.87
2018.01.10 19:39:14.386,0.88469,0.88479,2.81,2.44
2018.01.10 19:39:14.982,0.8847,0.88479,1.00,2.62
2018.01.10 19:39:15.588,0.88469,0.88479,1.31,2.62
2018.01.10 19:39:17.742,0.88468,0.88478,3.19,1.25
2018.01.10 19:39:18.260,0.88468,0.88479,2.44,2.25
2018.01.10 19:39:18.900,0.88469,0.88479,1.19,3.38
2018.01.10 19:39:20.316,0.88468,0.88479,4.31,1.00
2018.01.10 19:39:20.840,0.88469,0.88479,1.13,3.75
2018.01.10 19:39:21.355,0.88468,0.88479,3.38,2.81
2018.01.10 19:39:21.906,0.88468,0.88479,3.75,1.69
2018.01.10 19:39:22.410,0.88468,0.88479,3.75,3.94
2018.01.10 19:39:23.247,0.8847,0.88478,2.63,1.69
2018.01.10 19:39:24.146,0.8847,0.88479,1.50,1.87
2018.01.10 19:39:25.595,0.8847,0.88479,2.63,2.81
2018.01.10 19:39:26.188,0.8847,0.8848,1.88,3.94
2018.01.10 19:39:29.568,0.8847,0.88479,2.63,2.06
2018.01.10 19:39:30.545,0.8847,0.88479,1.50,1.87
2018.01.10 19:39:31.081,0.8847,0.88478,1.50,1.00
2018.01.10 19:39:31.627,0.88469,0.88478,2.81,1.00
2018.01.10 19:39:33.159,0.8847,0.88478,1.87,1.00
2018.01.10 19:39:38.325,0.88469,0.88477,1.00,1.00
2018.01.10 19:39:38.380,0.8847,0.88479,3.19,2.62
2018.01.10 19:39:38.996,0.8847,0.88479,3.00,1.87
2018.01.10 19:39:39.617,0.8847,0.8848,2.06,2.25
2018.01.10 19:39:40.466,0.88469,0.88479,2.25,1.12
2018.01.10 19:39:41.583,0.88471,0.88479,1.50,1.00
2018.01.10 19:39:47.433,0.8847,0.8848,1.00,3.75
2018.01.10 19:39:47.932,0.88469,0.88478,2.06,4.31
2018.01.10 19:39:48.565,0.88468,0.88478,3.56,4.31
2018.01.10 19:39:49.294,0.88469,0.88477,1.69,2.25
2018.01.10 19:39:49.975,0.88467,0.88475,2.25,1.00
2018.01.10 19:39:50.185,0.88465,0.88474,3.00,1.25
2018.01.10 19:39:50.880,0.88465,0.88473,1.00,1.50
2018.01.10 19:39:51.201,0.88463,0.88472,2.44,1.00
2018.01.10 19:39:51.740,0.88464,0.88473,1.00,1.25
2018.01.10 19:39:53.090,0.88463,0.88473,2.62,1.69
2018.01.10 19:39:54.236,0.88461,0.8847,5.44,1.50
2018.01.10 19:39:54.999,0.88461,0.88469,1.50,1.50
2018.01.10 19:39:55.274,0.88462,0.88472,1.12,2.25
2018.01.10 19:39:55.434,0.88462,0.8847,4.87,1.50
2018.01.10 19:39:55.797,0.88463,0.88472,1.88,1.12
2018.01.10 19:39:56.213,0.88464,0.88473,1.88,3.75
2018.01.10 19:39:56.757,0.88464,0.88473,1.69,3.00
2018.01.10 19:39:59.831,0.88464,0.88473,1.31,1.50
2018.01.10 19:40:00.342,0.88464,0.88473,1.00,1.25
2018.01.10 19:40:01.166,0.88464,0.88473,1.44,1.50
2018.01.10 19:40:01.695,0.88464,0.88473,1.25,1.00
2018.01.10 19:40:02.402,0.88464,0.88472,1.12,1.12
2018.01.10 19:40:02.953,0.88462,0.88474,3.94,8.06
2018.01.10 19:40:07.137,0.88463,0.88471,1.50,1.69
2018.01.10 19:40:07.446,0.88462,0.88471,1.25,5.25
2018.01.10 19:40:08.512,0.88462,0.8847,1.19,1.37
2018.01.10 19:40:09.034,0.88462,0.88471,1.19,8.63
2018.01.10 19:40:09.576,0.88461,0.88471,1.31,5.62
2018.01.10 19:40:10.204,0.88461,0.88471,1.19,4.87
2018.01.10 19:40:10.880,0.88461,0.88471,1.19,5.62
2018.01.10 19:40:11.869,0.88461,0.88471,1.19,3.37
2018.01.10 19:40:12.498,0.88463,0.88471,1.25,1.25
2018.01.10 19:40:12.709,0.88461,0.88471,2.81,1.25
2018.01.10 19:40:13.233,0.88461,0.88471,1.69,2.81
2018.01.10 19:40:13.807,0.8846,0.88471,6.56,1.25
2018.01.10 19:40:14.777,0.88461,0.88471,1.63,3.19
2018.01.10 19:40:15.289,0.8846,0.88469,1.00,1.50
2018.01.10 19:40:15.774,0.88462,0.88471,1.12,2.62
2018.01.10 19:40:15.931,0.88464,0.88474,1.13,1.50
2018.01.10 19:40:16.037,0.88465,0.88475,1.63,3.94
2018.01.10 19:40:16.650,0.88464,0.88475,3.19,3.00
2018.01.10 19:40:17.216,0.88465,0.88475,1.69,3.38
2018.01.10 19:40:17.890,0.88465,0.88475,1.25,2.25
2018.01.10 19:40:18.474,0.88464,0.88475,3.56,1.87
2018.01.10 19:40:19.035,0.88464,0.88475,3.75,1.50
2018.01.10 19:40:19.358,0.88467,0.88477,2.25,3.19
2018.01.10 19:40:19.889,0.88467,0.88477,1.69,2.06
2018.01.10 19:40:20.725,0.88468,0.88477,1.13,2.25
2018.01.10 19:40:21.044,0.88466,0.88476,1.50,3.75
2018.01.10 19:40:21.602,0.88467,0.88475,1.50,1.12
2018.01.10 19:40:21.863,0.88466,0.88475,1.12,1.12
2018.01.10 19:40:22.448,0.88465,0.88474,2.25,1.00
2018.01.10 19:40:22.989,0.88465,0.88474,1.00,1.00
2018.01.10 19:40:26.597,0.88465,0.88474,2.44,1.12
2018.01.10 19:40:27.199,0.88465,0.88474,1.69,1.12
2018.01.10 19:40:27.985,0.88466,0.88476,3.19,1.87
2018.01.10 19:40:28.090,0.88466,0.88476,3.00,1.50
2018.01.10 19:40:28.194,0.88467,0.88477,1.63,2.44
2018.01.10 19:40:28.744,0.88466,0.88478,6.00,5.06
2018.01.10 19:40:28.961,0.88466,0.88478,6.00,4.69
2018.01.10 19:40:29.592,0.88467,0.88477,3.38,1.31
2018.01.10 19:40:30.138,0.88467,0.88477,1.50,1.12
2018.01.10 19:40:30.935,0.88467,0.88477,2.81,1.50
2018.01.10 19:40:31.767,0.88467,0.88477,2.81,1.00
2018.01.10 19:40:32.281,0.88468,0.88478,1.50,1.87
2018.01.10 19:40:32.695,0.88467,0.88476,1.50,1.50
2018.01.10 19:40:33.345,0.88466,0.88476,3.75,4.50
2018.01.10 19:40:33.892,0.88466,0.88475,1.12,1.00
2018.01.10 19:40:35.796,0.88464,0.88473,1.87,1.50
2018.01.10 19:40:36.759,0.88463,0.88473,3.56,1.00
2018.01.10 19:40:37.622,0.88463,0.88473,2.06,5.44
2018.01.10 19:40:38.329,0.88465,0.88475,1.25,1.87
2018.01.10 19:40:38.820,0.88466,0.88475,1.44,1.50
2018.01.10 19:40:39.372,0.88465,0.88475,3.38,1.12
2018.01.10 19:40:40.046,0.88466,0.88475,1.44,1.00
2018.01.10 19:40:40.475,0.88467,0.88477,2.06,2.81
2018.01.10 19:40:40.636,0.88467,0.88474,1.12,1.25
2018.01.10 19:40:40.691,0.88465,0.88474,1.87,1.00
2018.01.10 19:40:40.797,0.88463,0.88473,1.88,3.19
2018.01.10 19:40:41.301,0.88463,0.88472,1.13,1.00
2018.01.10 19:40:41.821,0.88463,0.88473,5.81,1.50
2018.01.10 19:40:42.143,0.88466,0.88473,1.88,1.00
2018.01.10 19:40:42.196,0.88467,0.88476,1.00,2.44
2018.01.10 19:40:42.875,0.88467,0.88477,1.25,1.62
2018.01.10 19:40:42.992,0.88468,0.88478,1.87,2.81
2018.01.10 19:40:43.212,0.88472,0.88481,1.50,2.81
2018.01.10 19:40:43.874,0.88472,0.88482,1.88,4.69
2018.01.10 19:40:44.143,0.88471,0.8848,3.19,1.12
2018.01.10 19:40:44.484,0.8847,0.88478,3.38,1.00
2018.01.10 19:40:44.589,0.88469,0.88478,3.37,1.31
2018.01.10 19:40:45.185,0.88468,0.88477,2.63,1.13
2018.01.10 19:40:45.731,0.8847,0.88479,1.87,1.12
2018.01.10 19:40:46.084,0.88472,0.88482,1.50,3.00
2018.01.10 19:40:46.604,0.88473,0.88482,1.50,2.81
2018.01.10 19:40:47.241,0.88473,0.88482,1.50,4.50
2018.01.10 19:40:47.399,0.8847,0.8848,4.88,1.00
2018.01.10 19:40:48.896,0.88471,0.88481,1.25,3.94
2018.01.10 19:40:49.492,0.88472,0.8848,1.88,1.25
2018.01.10 19:40:50.077,0.88472,0.88482,2.06,4.87
2018.01.10 19:40:52.500,0.88473,0.88482,2.44,3.56
2018.01.10 19:40:52.770,0.88472,0.88479,1.00,1.00
2018.01.10 19:40:53.294,0.88471,0.8848,2.81,1.12
2018.01.10 19:40:53.821,0.88472,0.88479,1.50,1.50
2018.01.10 19:40:54.136,0.88473,0.88481,1.50,2.06
2018.01.10 19:40:54.962,0.88472,0.88481,1.87,1.13
2018.01.10 19:40:55.513,0.8847,0.88478,3.38,1.00
2018.01.10 19:40:56.031,0.8847,0.88479,1.00,1.50
2018.01.10 19:40:57.063,0.8847,0.88479,2.63,1.50
2018.01.10 19:40:59.048,0.8847,0.88479,3.38,1.31
2018.01.10 19:40:59.632,0.88471,0.8848,1.69,2.44
2018.01.10 19:41:01.732,0.8847,0.8848,1.88,3.94
2018.01.10 19:41:02.726,0.88472,0.88479,1.50,1.12
2018.01.10 19:41:03.748,0.8847,0.8848,1.20,2.81
2018.01.10 19:41:04.175,0.88472,0.8848,1.50,2.25
2018.01.10 19:41:04.228,0.88473,0.88481,1.50,1.25
2018.01.10 19:41:04.756,0.88472,0.88483,3.45,2.63
2018.01.10 19:41:05.275,0.88472,0.88483,3.64,1.13
2018.01.10 19:41:06.381,0.88473,0.88483,2.14,1.13
2018.01.10 19:41:06.590,0.88473,0.88482,1.20,2.06
2018.01.10 19:41:07.093,0.88472,0.88482,1.07,1.88
2018.01.10 19:41:08.000,0.88471,0.88481,4.95,1.00
2018.01.10 19:41:10.037,0.88472,0.88481,1.10,1.12
2018.01.10 19:41:10.552,0.88472,0.88481,1.07,1.12
2018.01.10 19:41:12.612,0.88472,0.88483,3.00,4.12
2018.01.10 19:41:14.591,0.88472,0.88482,1.12,3.75
2018.01.10 19:41:15.333,0.88471,0.88481,5.44,1.12
2018.01.10 19:41:15.904,0.88471,0.88482,1.12,4.50
2018.01.10 19:41:16.562,0.88471,0.88481,3.56,1.50
2018.01.10 19:41:17.613,0.88471,0.88482,1.69,4.69
2018.01.10 19:41:18.162,0.88471,0.88481,3.75,1.25
2018.01.10 19:41:18.882,0.88473,0.88482,1.50,2.44
2018.01.10 19:41:18.936,0.88471,0.88481,3.00,2.06
2018.01.10 19:41:19.106,0.88471,0.88479,1.00,1.00
2018.01.10 19:41:19.864,0.8847,0.88479,1.00,1.00
2018.01.10 19:41:20.528,0.88469,0.88479,1.00,1.87
2018.01.10 19:41:21.638,0.8847,0.88479,1.00,2.06
2018.01.10 19:41:23.197,0.88471,0.88478,1.12,1.69
2018.01.10 19:41:23.420,0.88468,0.88477,2.62,1.50
2018.01.10 19:41:23.963,0.88469,0.88478,1.69,3.37
2018.01.10 19:41:24.814,0.88468,0.88478,1.87,3.00
2018.01.10 19:41:25.386,0.88468,0.88478,1.87,3.00
2018.01.10 19:41:26.505,0.8847,0.88478,1.87,1.50
2018.01.10 19:41:26.715,0.8847,0.8848,2.25,1.00
2018.01.10 19:41:27.236,0.88471,0.8848,1.12,1.00
2018.01.10 19:41:28.641,0.88471,0.88481,4.87,1.87
2018.01.10 19:41:29.830,0.88471,0.8848,1.37,1.31
2018.01.10 19:41:30.344,0.88472,0.88481,2.62,1.50
2018.01.10 19:41:30.896,0.88473,0.88482,4.50,3.38
2018.01.10 19:41:31.594,0.88474,0.88482,1.25,1.25
2018.01.10 19:41:32.096,0.88474,0.88484,1.50,3.75
2018.01.10 19:41:32.601,0.88474,0.88484,3.00,3.75
2018.01.10 19:41:34.974,0.88474,0.88482,1.50,1.00
2018.01.10 19:41:35.026,0.88472,0.88482,2.62,5.81
2018.01.10 19:41:35.549,0.88472,0.88482,1.00,1.69
2018.01.10 19:41:36.050,0.88471,0.88482,3.19,4.50
2018.01.10 19:41:36.457,0.88471,0.88482,6.75,3.38
2018.01.10 19:41:36.511,0.88471,0.88481,3.00,1.50
2018.01.10 19:41:37.046,0.88471,0.8848,1.50,2.62
2018.01.10 19:41:39.838,0.88471,0.88482,2.25,6.75
2018.01.10 19:41:40.359,0.88471,0.88482,9.00,1.63
2018.01.10 19:41:40.650,0.88473,0.88483,2.44,4.31
2018.01.10 19:41:40.764,0.88472,0.88481,1.50,1.69
2018.01.10 19:41:41.333,0.88472,0.88481,1.31,1.44
2018.01.10 19:41:41.577,0.88472,0.88482,1.00,2.63
2018.01.10 19:41:41.884,0.88474,0.88483,1.13,1.25
2018.01.10 19:41:42.684,0.88473,0.88484,3.75,3.56
2018.01.10 19:41:43.345,0.88474,0.88484,2.25,4.69
2018.01.10 19:41:45.664,0.88473,0.88484,4.88,3.00
2018.01.10 19:41:46.046,0.88474,0.88483,2.44,1.31
2018.01.10 19:41:46.552,0.88473,0.88483,4.31,1.25
2018.01.10 19:41:47.059,0.88474,0.88483,2.06,1.63
2018.01.10 19:41:48.073,0.88473,0.88483,4.31,1.25
2018.01.10 19:41:50.409,0.88474,0.88484,1.00,4.13
2018.01.10 19:41:50.912,0.88473,0.88484,4.69,3.38
2018.01.10 19:41:52.063,0.88473,0.88484,6.38,2.81
2018.01.10 19:41:52.848,0.88474,0.88484,1.00,2.81
2018.01.10 19:41:53.852,0.88473,0.88484,6.38,2.81
2018.01.10 19:41:56.051,0.88473,0.88484,6.38,2.81
2018.01.10 19:41:56.363,0.88475,0.88483,1.12,1.69
2018.01.10 19:41:56.916,0.88475,0.88483,1.12,5.81
2018.01.10 19:41:58.987,0.88474,0.88483,3.37,1.69
2018.01.10 19:42:00.179,0.88474,0.88483,1.00,1.50
2018.01.10 19:42:00.713,0.88473,0.88484,4.69,1.50
2018.01.10 19:42:01.491,0.88475,0.88484,3.00,2.06
2018.01.10 19:42:02.024,0.88473,0.88484,4.87,2.62
2018.01.10 19:42:02.077,0.88474,0.88483,1.25,1.19
2018.01.10 19:42:02.345,0.88472,0.88483,4.88,1.25
2018.01.10 19:42:02.986,0.88472,0.88483,4.88,1.50
2018.01.10 19:42:03.492,0.88472,0.88483,5.25,2.25
2018.01.10 19:42:04.363,0.88473,0.88483,1.69,1.69
2018.01.10 19:42:04.887,0.88474,0.88483,3.19,1.50
2018.01.10 19:42:05.411,0.88474,0.88483,5.25,1.00
2018.01.10 19:42:05.972,0.88474,0.88484,5.25,1.31
2018.01.10 19:42:06.473,0.88474,0.88485,2.44,4.50
2018.01.10 19:42:07.255,0.88474,0.88484,2.81,1.00
2018.01.10 19:42:08.769,0.88474,0.88483,3.19,1.25
2018.01.10 19:42:09.326,0.88473,0.88484,4.12,1.69
2018.01.10 19:42:10.120,0.88474,0.88484,2.25,2.81
2018.01.10 19:42:10.628,0.88474,0.88483,3.00,1.69
2018.01.10 19:42:11.219,0.88474,0.88483,3.38,1.69
2018.01.10 19:42:11.324,0.88474,0.88484,2.25,2.62
2018.01.10 19:42:11.848,0.88474,0.88483,1.50,2.81
2018.01.10 19:42:12.412,0.88473,0.88482,1.50,2.44
2018.01.10 19:42:12.950,0.88473,0.88481,1.69,1.31
2018.01.10 19:42:13.125,0.88471,0.88478,1.00,1.00
2018.01.10 19:42:13.945,0.88469,0.88479,3.19,1.50
2018.01.10 19:42:15.012,0.88469,0.88479,1.63,3.75
2018.01.10 19:42:16.893,0.88469,0.88479,2.44,1.87
2018.01.10 19:42:17.210,0.8847,0.88479,4.50,1.25
2018.01.10 19:42:17.718,0.88471,0.8848,2.44,1.50
2018.01.10 19:42:22.197,0.88473,0.88481,2.62,3.00
2018.01.10 19:42:22.251,0.88473,0.88482,2.63,2.81
2018.01.10 19:42:23.081,0.88474,0.88482,7.13,1.00
2018.01.10 19:42:23.615,0.88475,0.88484,2.62,3.56
2018.01.10 19:42:24.224,0.88475,0.88484,2.25,1.25
2018.01.10 19:42:24.766,0.88475,0.88484,3.19,2.06
2018.01.10 19:42:25.315,0.88475,0.88485,2.25,3.38
2018.01.10 19:42:26.178,0.88475,0.88485,2.25,2.63
2018.01.10 19:42:26.632,0.88477,0.88485,1.69,1.31
2018.01.10 19:42:27.139,0.88475,0.88485,1.57,4.88
2018.01.10 19:42:27.823,0.88475,0.88485,1.57,5.06
2018.01.10 19:42:29.797,0.88475,0.88485,1.57,4.88
2018.01.10 19:42:30.768,0.88476,0.88485,2.32,1.50
2018.01.10 19:42:31.282,0.88476,0.88486,3.07,2.62
2018.01.10 19:42:31.792,0.88476,0.88486,3.07,2.06
2018.01.10 19:42:32.301,0.88478,0.88488,1.20,3.38
2018.01.10 19:42:32.823,0.88479,0.88488,1.10,3.94
2018.01.10 19:42:32.988,0.8848,0.88488,1.95,1.00
2018.01.10 19:42:33.041,0.88482,0.8849,1.00,2.81
2018.01.10 19:42:33.549,0.8848,0.88489,2.51,2.06
2018.01.10 19:42:34.146,0.8848,0.88489,1.95,1.00
2018.01.10 19:42:34.707,0.8848,0.88489,3.00,1.00
2018.01.10 19:42:34.811,0.88481,0.88489,3.00,1.25
2018.01.10 19:42:35.351,0.8848,0.88489,1.50,1.13
2018.01.10 19:42:36.119,0.8848,0.88489,4.87,1.00
2018.01.10 19:42:36.652,0.8848,0.88489,3.00,1.00
2018.01.10 19:42:38.414,0.88479,0.88489,1.87,1.69
2018.01.10 19:42:38.467,0.88478,0.88485,2.25,1.87
2018.01.10 19:42:38.594,0.88476,0.88484,1.25,1.88
2018.01.10 19:42:38.699,0.88474,0.88483,1.00,1.00
2018.01.10 19:42:39.011,0.88474,0.88485,2.25,4.88
2018.01.10 19:42:39.466,0.88475,0.88485,2.25,4.31
2018.01.10 19:42:40.114,0.88475,0.88484,1.12,1.31
2018.01.10 19:42:40.687,0.88474,0.88485,3.00,4.31
2018.01.10 19:42:42.698,0.88473,0.88483,7.69,1.00
2018.01.10 19:42:43.278,0.88474,0.88484,1.31,2.44
2018.01.10 19:42:43.611,0.88478,0.88486,2.44,1.87
2018.01.10 19:42:44.146,0.88478,0.88487,2.62,1.25
2018.01.10 19:42:44.764,0.88478,0.88487,3.56,2.06
2018.01.10 19:42:45.801,0.88478,0.88487,2.62,1.12
2018.01.10 19:42:46.576,0.88477,0.88486,1.50,2.25
2018.01.10 19:42:46.681,0.88474,0.88485,5.06,2.06
2018.01.10 19:42:47.233,0.88474,0.88484,3.75,1.00
2018.01.10 19:42:47.735,0.88472,0.88481,5.06,1.25
2018.01.10 19:42:48.051,0.88475,0.88483,1.50,1.87
2018.01.10 19:42:48.774,0.88474,0.88483,2.25,1.87
2018.01.10 19:42:53.106,0.88474,0.88483,3.38,2.06
2018.01.10 19:42:53.624,0.88474,0.88483,2.44,1.00
2018.01.10 19:42:54.501,0.88474,0.88482,1.44,1.13
2018.01.10 19:42:55.031,0.88474,0.88483,1.00,2.44
2018.01.10 19:42:55.553,0.88475,0.88482,1.00,1.13
2018.01.10 19:42:55.868,0.88476,0.88484,1.50,1.25
2018.01.10 19:42:58.172,0.88475,0.88484,3.94,1.12
2018.01.10 19:42:59.329,0.88475,0.88483,1.00,1.13
2018.01.10 19:42:59.382,0.88473,0.88482,2.06,1.13
2018.01.10 19:42:59.919,0.88472,0.88482,7.88,1.31
2018.01.10 19:43:00.426,0.88472,0.88483,5.44,4.50
2018.01.10 19:43:01.584,0.88473,0.88483,1.87,2.25
2018.01.10 19:43:02.088,0.88473,0.88482,3.94,1.25
2018.01.10 19:43:02.594,0.88473,0.88483,2.81,2.25
2018.01.10 19:43:03.414,0.88474,0.88483,1.00,2.25
2018.01.10 19:43:03.674,0.88476,0.88484,1.50,1.25
2018.01.10 19:43:05.122,0.88476,0.88485,2.25,1.50
2018.01.10 19:43:06.883,0.88476,0.88484,1.00,1.25
2018.01.10 19:43:07.040,0.88474,0.88483,1.12,1.25
2018.01.10 19:43:07.574,0.88473,0.88483,2.06,2.25
2018.01.10 19:43:08.242,0.88473,0.88482,1.13,1.13
2018.01.10 19:43:08.761,0.88473,0.88483,1.00,2.25
2018.01.10 19:43:09.436,0.88474,0.88483,1.50,2.06
2018.01.10 19:43:10.288,0.88474,0.88482,1.50,1.13
2018.01.10 19:43:10.814,0.88474,0.88483,1.50,2.63
2018.01.10 19:43:11.442,0.88474,0.88483,1.50,3.00
2018.01.10 19:43:12.680,0.88473,0.88483,1.12,3.00
2018.01.10 19:43:12.953,0.88475,0.88483,1.50,1.12
2018.01.10 19:43:13.491,0.88475,0.88484,2.44,2.62
2018.01.10 19:43:14.897,0.88475,0.88484,3.38,2.25
2018.01.10 19:43:15.430,0.88475,0.88485,1.88,1.69
2018.01.10 19:43:15.741,0.88476,0.88485,1.95,1.50
2018.01.10 19:43:17.004,0.88476,0.88484,3.08,1.25
2018.01.10 19:43:17.568,0.88477,0.88485,1.57,1.31
2018.01.10 19:43:18.086,0.88477,0.88486,2.70,1.00
2018.01.10 19:43:18.571,0.8848,0.88487,1.50,1.50
2018.01.10 19:43:18.714,0.8848,0.88489,1.50,1.50
2018.01.10 19:43:19.749,0.8848,0.88488,2.14,1.12
2018.01.10 19:43:20.290,0.8848,0.88489,1.95,1.31
2018.01.10 19:43:21.175,0.8848,0.88488,2.14,1.31
2018.01.10 19:43:21.707,0.88478,0.88489,3.45,3.75
2018.01.10 19:43:21.813,0.88479,0.88489,5.51,3.56
2018.01.10 19:43:22.130,0.88478,0.88488,1.07,4.50
2018.01.10 19:43:22.552,0.8848,0.88489,2.89,2.44
2018.01.10 19:43:22.761,0.88478,0.88487,1.95,2.06
2018.01.10 19:43:23.022,0.88479,0.88488,2.70,1.50
2018.01.10 19:43:23.172,0.88479,0.88488,2.70,1.12
2018.01.10 19:43:24.222,0.8848,0.88489,2.70,2.06
2018.01.10 19:43:24.382,0.88482,0.8849,1.50,1.00
2018.01.10 19:43:25.180,0.88483,0.8849,1.50,1.00
2018.01.10 19:43:25.788,0.88483,0.88491,1.95,3.37
2018.01.10 19:43:26.311,0.88483,0.8849,1.57,1.00
2018.01.10 19:43:26.854,0.88483,0.88491,1.57,3.75
2018.01.10 19:43:27.166,0.88481,0.8849,1.95,1.31
2018.01.10 19:43:27.690,0.8848,0.8849,3.26,1.87
2018.01.10 19:43:28.293,0.8848,0.8849,3.07,2.25
2018.01.10 19:43:28.828,0.8848,0.8849,2.70,1.69
2018.01.10 19:43:31.004,0.88481,0.8849,2.33,1.50
2018.01.10 19:43:31.680,0.8848,0.88491,3.64,4.69
2018.01.10 19:43:32.282,0.8848,0.8849,6.08,1.13
2018.01.10 19:43:32.827,0.88482,0.88491,1.95,2.63
2018.01.10 19:43:34.007,0.88482,0.88492,5.51,2.81
2018.01.10 19:43:34.242,0.88486,0.88493,1.50,1.12
2018.01.10 19:43:34.759,0.88485,0.88493,3.06,1.13
2018.01.10 19:43:35.353,0.88485,0.88494,1.95,2.25
2018.01.10 19:43:35.885,0.88489,0.88493,1.00,1.00
2018.01.10 19:43:35.938,0.88485,0.88493,1.00,1.00
2018.01.10 19:43:36.098,0.88486,0.88495,1.50,2.44
2018.01.10 19:43:36.649,0.88488,0.88496,1.87,1.50
2018.01.10 19:43:37.168,0.88487,0.88496,2.24,1.31
2018.01.10 19:43:37.717,0.88487,0.88497,1.87,4.69
2018.01.10 19:43:38.126,0.88487,0.88495,1.50,1.25
2018.01.10 19:43:40.494,0.88486,0.88495,1.50,1.50
2018.01.10 19:43:41.026,0.88485,0.88495,3.56,1.50
2018.01.10 19:43:41.773,0.88485,0.88495,4.31,4.12
2018.01.10 19:43:42.471,0.88486,0.88495,2.25,1.00
2018.01.10 19:43:43.054,0.88487,0.88495,1.00,1.25
2018.01.10 19:43:43.570,0.88487,0.88496,1.00,3.00
2018.01.10 19:43:44.901,0.88488,0.88496,1.50,3.00
2018.01.10 19:43:45.406,0.88487,0.88496,1.00,3.00
2018.01.10 19:43:45.971,0.88487,0.88496,1.00,7.87
2018.01.10 19:43:46.334,0.88489,0.88496,1.50,1.69
2018.01.10 19:43:46.702,0.8849,0.88498,1.50,1.31
2018.01.10 19:43:47.410,0.88489,0.88499,3.00,5.06
2018.01.10 19:43:48.070,0.88489,0.88498,1.87,1.76
2018.01.10 19:43:48.379,0.88487,0.88495,3.93,1.69
2018.01.10 19:43:48.540,0.88485,0.88495,2.99,1.95
2018.01.10 19:43:49.073,0.88484,0.88494,3.19,1.89
2018.01.10 19:43:49.478,0.88484,0.88493,3.00,1.95
2018.01.10 19:43:49.998,0.88484,0.88493,2.62,5.32
2018.01.10 19:43:50.667,0.88484,0.88493,2.81,4.39
2018.01.10 19:43:50.981,0.88486,0.88494,1.50,3.82
2018.01.10 19:43:53.098,0.88484,0.88492,2.06,1.39
2018.01.10 19:43:53.633,0.88484,0.88492,2.81,1.20
2018.01.10 19:43:54.183,0.88484,0.88492,2.81,1.45
2018.01.10 19:43:55.151,0.88485,0.88492,2.25,1.20
2018.01.10 19:43:55.673,0.88485,0.88493,1.50,3.26
2018.01.10 19:43:56.298,0.88484,0.88492,1.69,1.20
2018.01.10 19:43:56.844,0.88485,0.88492,1.50,2.32
2018.01.10 19:43:57.419,0.88484,0.88493,2.62,3.82
2018.01.10 19:44:00.361,0.88484,0.88493,2.44,3.82
2018.01.10 19:44:00.865,0.88484,0.88493,2.44,1.76
2018.01.10 19:44:01.462,0.88485,0.88494,1.69,2.85
2018.01.10 19:44:01.936,0.88486,0.88494,1.69,1.76
2018.01.10 19:44:04.955,0.88485,0.88495,2.81,2.70
2018.01.10 19:44:05.980,0.88485,0.88494,1.31,2.32
2018.01.10 19:44:06.507,0.88484,0.88494,3.75,4.39
2018.01.10 19:44:10.048,0.88484,0.88493,4.50,2.51
2018.01.10 19:44:10.151,0.88484,0.88493,4.50,2.51
2018.01.10 19:44:12.406,0.88484,0.88493,1.12,1.45
2018.01.10 19:44:12.615,0.88484,0.88493,1.69,1.95
2018.01.10 19:44:13.478,0.88484,0.88493,5.25,1.10
2018.01.10 19:44:15.276,0.88485,0.88495,1.69,2.89
2018.01.10 19:44:15.484,0.88483,0.88493,3.75,4.01
2018.01.10 19:44:15.798,0.88483,0.88491,1.00,1.01
2018.01.10 19:44:16.300,0.88482,0.88491,3.56,1.45
2018.01.10 19:44:17.253,0.88482,0.88491,2.06,1.45
2018.01.10 19:44:19.026,0.88481,0.8849,1.50,1.20
2018.01.10 19:44:21.063,0.88481,0.8849,2.44,2.32
2018.01.10 19:44:21.589,0.88481,0.8849,1.31,2.32
2018.01.10 19:44:23.066,0.88482,0.8849,1.25,2.70
2018.01.10 19:44:25.297,0.88482,0.8849,1.25,2.33
2018.01.10 19:44:26.272,0.88481,0.8849,1.12,2.32
2018.01.10 19:44:26.594,0.88483,0.88492,1.00,3.26
2018.01.10 19:44:27.117,0.88483,0.88492,1.00,1.57
2018.01.10 19:44:30.603,0.88484,0.88493,2.06,2.14
2018.01.10 19:44:30.670,0.88485,0.88493,1.50,1.57
2018.01.10 19:44:31.200,0.88485,0.88494,1.50,1.10
2018.01.10 19:44:32.105,0.88485,0.88495,2.25,5.89
2018.01.10 19:44:33.067,0.88484,0.88494,3.19,1.70
2018.01.10 19:44:33.688,0.88484,0.88493,2.81,2.14
2018.01.10 19:44:34.326,0.88484,0.88493,2.44,2.14
2018.01.10 19:44:35.656,0.88484,0.88493,2.44,2.89
2018.01.10 19:44:36.502,0.88481,0.8849,1.31,1.00
2018.01.10 19:44:36.555,0.8848,0.88488,2.66,1.25
2018.01.10 19:44:36.660,0.88477,0.88486,1.50,1.00
2018.01.10 19:44:37.284,0.88476,0.88485,1.88,2.06
2018.01.10 19:44:37.944,0.88476,0.88486,1.69,4.13
2018.01.10 19:44:47.779,0.88476,0.88485,1.69,1.13
2018.01.10 19:44:49.818,0.88476,0.88486,3.00,2.63
2018.01.10 19:44:50.290,0.88477,0.88486,1.19,1.87
2018.01.10 19:44:50.819,0.88476,0.88485,1.50,1.00
2018.01.10 19:44:59.150,0.88476,0.88485,1.25,3.94
2018.01.10 19:45:00.168,0.88476,0.88485,1.00,3.38
2018.01.10 19:45:00.870,0.88476,0.88485,1.24,3.56
2018.01.10 19:45:01.439,0.88476,0.88485,1.00,2.44
2018.01.10 19:45:02.685,0.88476,0.88485,2.44,1.63
2018.01.10 19:45:03.603,0.88476,0.88485,1.50,1.13
2018.01.10 19:45:03.914,0.88477,0.88486,2.25,1.12
2018.01.10 19:45:05.315,0.88476,0.88487,8.44,2.44
2018.01.10 19:45:05.663,0.88476,0.88485,1.12,2.25
2018.01.10 19:45:05.719,0.88474,0.88485,4.13,2.25
2018.01.10 19:45:05.773,0.88474,0.88483,1.25,1.00
2018.01.10 19:45:06.089,0.88473,0.88482,2.62,3.94
2018.01.10 19:45:06.646,0.88473,0.88483,1.50,5.63
2018.01.10 19:45:07.173,0.88473,0.88481,2.63,3.00
2018.01.10 19:45:08.047,0.88472,0.88481,1.69,2.25
2018.01.10 19:45:08.600,0.88472,0.8848,2.63,1.12
2018.01.10 19:45:09.277,0.88472,0.88481,1.69,2.25
2018.01.10 19:45:10.124,0.88472,0.8848,2.63,1.12
2018.01.10 19:45:10.671,0.88472,0.88481,1.69,2.62
2018.01.10 19:45:11.597,0.88472,0.8848,1.88,1.12
2018.01.10 19:45:12.944,0.88471,0.88481,3.19,2.62
2018.01.10 19:45:13.773,0.88471,0.88481,3.19,2.62
2018.01.10 19:45:13.982,0.88475,0.88482,1.50,5.06
2018.01.10 19:45:14.144,0.88476,0.88484,2.25,1.12
2018.01.10 19:45:14.979,0.88475,0.88483,1.00,4.50
2018.01.10 19:45:15.084,0.88473,0.88483,3.56,3.94
2018.01.10 19:45:17.852,0.88472,0.88482,1.88,3.00
2018.01.10 19:45:21.625,0.88472,0.88482,2.25,8.25
2018.01.10 19:45:22.143,0.88472,0.88482,1.00,5.44
2018.01.10 19:45:22.772,0.88472,0.88481,1.00,2.25
2018.01.10 19:45:24.884,0.88472,0.88482,1.31,4.50
2018.01.10 19:45:25.628,0.88475,0.88483,1.50,3.19
2018.01.10 19:45:26.144,0.88475,0.88484,1.50,2.62
2018.01.10 19:45:26.663,0.88475,0.88484,1.69,1.00
2018.01.10 19:45:27.192,0.88476,0.88485,3.94,2.06
2018.01.10 19:45:28.469,0.88475,0.88484,3.56,1.19
2018.01.10 19:45:28.574,0.88475,0.88485,2.44,2.63
2018.01.10 19:45:29.108,0.88474,0.88484,2.63,1.69
2018.01.10 19:45:29.369,0.88474,0.88482,2.63,1.00
2018.01.10 19:45:29.580,0.88473,0.88483,4.13,1.31
2018.01.10 19:45:30.084,0.88473,0.88483,2.25,1.62
2018.01.10 19:45:30.502,0.88471,0.88481,3.37,1.50
2018.01.10 19:45:30.713,0.88473,0.88482,1.50,3.94
2018.01.10 19:45:31.417,0.88474,0.88482,1.50,1.00
2018.01.10 19:45:31.575,0.88472,0.88482,3.56,3.00
2018.01.10 19:45:31.630,0.88474,0.88482,1.00,3.19
2018.01.10 19:45:31.787,0.88471,0.88482,1.25,6.75
2018.01.10 19:45:32.129,0.8847,0.8848,4.88,1.37
2018.01.10 19:45:32.791,0.8847,0.88481,3.00,6.37
2018.01.10 19:45:37.126,0.8847,0.88479,1.25,1.00
2018.01.10 19:45:37.749,0.8847,0.88479,1.31,2.25
2018.01.10 19:45:38.265,0.8847,0.88479,1.88,2.63
2018.01.10 19:45:40.159,0.88469,0.88478,3.38,1.00
2018.01.10 19:45:40.732,0.8847,0.88478,1.25,1.25
2018.01.10 19:45:42.615,0.88469,0.88478,2.63,1.00
2018.01.10 19:45:43.089,0.88471,0.88479,1.87,1.00
2018.01.10 19:45:43.141,0.88471,0.88481,4.13,2.62
2018.01.10 19:45:43.194,0.88471,0.88481,5.81,2.62
2018.01.10 19:45:43.246,0.88471,0.88481,3.00,1.12
2018.01.10 19:45:43.775,0.88471,0.88481,3.56,2.25
2018.01.10 19:45:45.628,0.88471,0.88482,2.25,3.56
2018.01.10 19:45:46.101,0.88473,0.88479,2.25,1.25
2018.01.10 19:45:46.264,0.88473,0.88481,2.25,3.19
2018.01.10 19:45:46.794,0.88472,0.88483,3.56,5.06
2018.01.10 19:45:49.377,0.88472,0.88482,5.81,2.44
2018.01.10 19:45:50.242,0.88472,0.88482,3.94,1.87
2018.01.10 19:45:52.146,0.88471,0.88481,4.13,1.12
2018.01.10 19:45:52.722,0.88471,0.88481,3.19,3.94
2018.01.10 19:45:53.242,0.88471,0.8848,1.00,4.50
2018.01.10 19:45:53.347,0.88469,0.8848,3.94,6.94
2018.01.10 19:45:54.098,0.8847,0.8848,1.69,1.87
2018.01.10 19:45:54.690,0.8847,0.8848,4.31,3.56
2018.01.10 19:45:55.195,0.8847,0.8848,2.63,1.87
2018.01.10 19:45:55.418,0.88472,0.88482,1.88,5.06
2018.01.10 19:45:55.730,0.88475,0.88483,1.50,2.62
2018.01.10 19:45:56.911,0.88475,0.88482,1.50,1.25
2018.01.10 19:45:57.224,0.88475,0.88484,1.00,2.44
2018.01.10 19:45:57.277,0.88474,0.88483,1.00,2.63
2018.01.10 19:45:57.556,0.88472,0.88482,1.31,1.31
2018.01.10 19:45:57.610,0.88474,0.88483,1.50,2.06
2018.01.10 19:45:58.032,0.88473,0.88481,2.25,1.25
2018.01.10 19:45:58.561,0.88475,0.88483,1.50,2.06
2018.01.10 19:45:58.670,0.88475,0.88484,1.50,1.25
2018.01.10 19:45:59.353,0.88475,0.88483,3.00,1.00
2018.01.10 19:45:59.891,0.88475,0.88484,2.62,1.25
2018.01.10 19:46:00.101,0.88473,0.88481,1.13,1.00
2018.01.10 19:46:00.262,0.88473,0.88483,3.75,1.31
2018.01.10 19:46:00.785,0.88474,0.88484,2.62,3.75
2018.01.10 19:46:01.470,0.88474,0.88484,1.12,3.00
2018.01.10 19:46:01.888,0.88475,0.88485,3.00,3.56
2018.01.10 19:46:02.047,0.88474,0.88485,1.50,7.13
2018.01.10 19:46:02.376,0.88476,0.88483,1.69,1.31
2018.01.10 19:46:02.904,0.88477,0.88485,1.50,3.56
2018.01.10 19:46:03.060,0.88475,0.88485,4.69,3.94
2018.01.10 19:46:04.449,0.88475,0.88485,2.81,4.31
2018.01.10 19:46:05.351,0.88477,0.88485,1.50,1.12
2018.01.10 19:46:05.513,0.88478,0.88488,2.25,3.94
2018.01.10 19:46:06.928,0.88479,0.88488,1.00,1.50
2018.01.10 19:46:07.432,0.88479,0.88487,1.50,1.31
2018.01.10 19:46:07.935,0.88479,0.88488,1.00,1.50
2018.01.10 19:46:08.508,0.88478,0.88488,3.37,1.50
2018.01.10 19:46:08.821,0.88477,0.88486,1.50,1.50
2018.01.10 19:46:09.187,0.88476,0.88484,1.31,1.25
2018.01.10 19:46:09.526,0.88474,0.88483,1.12,1.00
2018.01.10 19:46:09.734,0.88475,0.88484,3.94,1.44
2018.01.10 19:46:09.893,0.88476,0.88485,2.62,1.50
2018.01.10 19:46:09.945,0.88476,0.88487,4.88,5.25
2018.01.10 19:46:10.467,0.88477,0.88486,3.75,1.50
2018.01.10 19:46:10.678,0.88479,0.88488,2.25,1.87
2018.01.10 19:46:11.214,0.88478,0.88488,1.87,5.63
2018.01.10 19:46:11.734,0.88479,0.88489,1.87,3.37
2018.01.10 19:46:12.429,0.88479,0.88488,2.44,2.25
2018.01.10 19:46:12.483,0.88479,0.88489,4.87,1.87
2018.01.10 19:46:13.017,0.8848,0.88489,1.50,4.69
2018.01.10 19:46:13.563,0.8848,0.88489,1.00,1.50
2018.01.10 19:46:14.541,0.88479,0.88489,2.62,2.81
2018.01.10 19:46:15.284,0.88479,0.88488,3.56,2.06
2018.01.10 19:46:15.338,0.88479,0.88489,1.87,2.06
2018.01.10 19:46:15.861,0.88479,0.88489,1.00,1.88
2018.01.10 19:46:17.618,0.88479,0.88488,1.31,2.25
2018.01.10 19:46:18.187,0.88478,0.88488,5.81,1.00
2018.01.10 19:46:18.732,0.88479,0.88489,1.87,1.69
2018.01.10 19:46:19.678,0.88479,0.88489,1.88,1.31
2018.01.10 19:46:20.189,0.8848,0.88489,1.50,1.50
2018.01.10 19:46:20.660,0.88478,0.88488,7.31,1.00
2018.01.10 19:46:21.195,0.88479,0.88489,3.75,2.25
2018.01.10 19:46:21.713,0.88479,0.88488,7.13,1.12
2018.01.10 19:46:22.321,0.88479,0.88489,5.44,1.12
2018.01.10 19:46:22.886,0.8848,0.88488,1.31,1.31
2018.01.10 19:46:22.990,0.88479,0.8849,3.94,6.00
2018.01.10 19:46:23.556,0.88479,0.8849,2.81,6.00
2018.01.10 19:46:24.214,0.88479,0.88488,5.25,1.31
2018.01.10 19:46:26.326,0.88479,0.88489,3.00,1.69
2018.01.10 19:46:26.531,0.8848,0.88491,2.63,2.81
2018.01.10 19:46:27.057,0.8848,0.88491,5.06,2.25
2018.01.10 19:46:27.576,0.8848,0.88491,5.44,2.25
2018.01.10 19:46:28.645,0.88481,0.88491,3.00,2.25
2018.01.10 19:46:28.803,0.88479,0.8849,3.94,1.50
2018.01.10 19:46:29.327,0.88479,0.8849,2.44,4.13
2018.01.10 19:46:29.432,0.88481,0.8849,1.00,3.19
2018.01.10 19:46:33.463,0.88481,0.88489,4.13,1.25
2018.01.10 19:46:34.492,0.88481,0.8849,2.44,1.25
2018.01.10 19:46:35.420,0.88481,0.88489,2.44,1.25
2018.01.10 19:46:35.967,0.88481,0.8849,2.25,1.25
2018.01.10 19:46:36.483,0.88481,0.88489,1.69,1.00
2018.01.10 19:46:37.011,0.8848,0.8849,1.31,3.00
2018.01.10 19:46:37.525,0.8848,0.88489,1.25,2.25
2018.01.10 19:46:37.936,0.88482,0.8849,1.50,2.06
2018.01.10 19:46:40.285,0.88482,0.88491,1.50,2.63
2018.01.10 19:46:40.932,0.88482,0.88491,1.50,3.00
2018.01.10 19:46:41.832,0.88481,0.88491,1.31,3.38
2018.01.10 19:46:42.342,0.88482,0.88491,1.00,1.88
2018.01.10 19:46:43.046,0.88482,0.8849,1.25,1.25
2018.01.10 19:46:43.576,0.88482,0.88491,1.00,1.31
2018.01.10 19:46:44.713,0.88482,0.8849,1.00,1.00
2018.01.10 19:46:48.961,0.88481,0.8849,1.87,1.00
2018.01.10 19:46:49.981,0.88481,0.88489,2.06,1.12
2018.01.10 19:46:51.636,0.88483,0.88491,3.00,1.00
2018.01.10 19:46:51.695,0.88483,0.88493,2.25,1.69
2018.01.10 19:46:52.273,0.88483,0.88493,5.81,1.31
2018.01.10 19:46:52.816,0.88484,0.88494,1.31,2.63
2018.01.10 19:46:53.361,0.88485,0.88494,3.37,1.12
2018.01.10 19:46:53.464,0.88487,0.88497,1.87,2.25
2018.01.10 19:46:53.984,0.88488,0.88497,1.00,1.12
2018.01.10 19:46:54.289,0.88486,0.88495,1.12,1.87
2018.01.10 19:46:55.445,0.88487,0.88496,1.50,1.12
2018.01.10 19:46:55.763,0.88489,0.88497,2.44,1.12
2018.01.10 19:46:56.473,0.88489,0.88498,1.50,2.63
2018.01.10 19:46:57.367,0.88489,0.88498,1.50,2.25
2018.01.10 19:46:58.105,0.88489,0.88496,1.13,1.13
2018.01.10 19:46:58.607,0.88488,0.88497,1.69,1.50
2018.01.10 19:47:00.448,0.88487,0.88496,1.87,1.25
2018.01.10 19:47:00.552,0.88485,0.88495,2.81,1.69
2018.01.10 19:47:01.172,0.88485,0.88494,2.06,3.19
2018.01.10 19:47:02.299,0.88484,0.88494,1.69,3.00
2018.01.10 19:47:03.429,0.88484,0.88494,1.88,3.00
2018.01.10 19:47:04.575,0.88484,0.88493,2.63,1.31
2018.01.10 19:47:05.203,0.88484,0.88494,1.88,3.00
2018.01.10 19:47:07.027,0.88482,0.88492,6.37,2.81
2018.01.10 19:47:07.631,0.88482,0.88491,3.37,1.00
2018.01.10 19:47:12.217,0.88482,0.88491,3.94,1.00
2018.01.10 19:47:12.835,0.88482,0.88491,2.06,1.00
2018.01.10 19:47:13.431,0.88482,0.88491,2.81,1.00
2018.01.10 19:47:15.163,0.88482,0.88491,2.81,1.00
2018.01.10 19:47:17.923,0.88482,0.88491,5.44,1.00
2018.01.10 19:47:18.627,0.88482,0.88491,2.81,1.00
2018.01.10 19:47:19.171,0.88482,0.88491,5.25,1.00
2018.01.10 19:47:20.858,0.88484,0.88493,1.25,1.25
2018.01.10 19:47:20.964,0.88485,0.88495,1.87,2.81
2018.01.10 19:47:21.512,0.88486,0.88495,1.00,2.81
2018.01.10 19:47:22.021,0.88486,0.88494,1.25,1.25
2018.01.10 19:47:22.553,0.88486,0.88495,1.00,2.06
2018.01.10 19:47:23.137,0.88485,0.88496,4.88,2.25
2018.01.10 19:47:24.079,0.88485,0.88496,3.94,3.38
2018.01.10 19:47:25.441,0.88485,0.88495,6.56,2.06
2018.01.10 19:47:26.286,0.88485,0.88495,3.94,1.00
2018.01.10 19:47:26.910,0.88485,0.88494,3.94,1.00
2018.01.10 19:47:27.742,0.88485,0.88493,1.31,1.00
2018.01.10 19:47:28.247,0.88484,0.88493,3.19,1.25
2018.01.10 19:47:28.782,0.88483,0.88491,1.25,1.00
2018.01.10 19:47:30.499,0.88482,0.88491,3.94,1.00
2018.01.10 19:47:31.228,0.88483,0.88492,1.50,1.00
2018.01.10 19:47:35.261,0.88483,0.88489,1.00,1.00
2018.01.10 19:47:35.792,0.88482,0.88489,1.12,1.00
2018.01.10 19:47:36.303,0.88482,0.88491,1.12,3.94
2018.01.10 19:47:36.613,0.88481,0.88487,1.00,1.00
2018.01.10 19:47:37.132,0.88482,0.88487,1.50,1.00
2018.01.10 19:47:37.210,0.8848,0.88487,6.00,1.00
2018.01.10 19:47:37.262,0.8848,0.88487,6.38,1.00
2018.01.10 19:47:37.573,0.8848,0.88489,5.63,1.00
2018.01.10 19:47:38.179,0.8848,0.88489,4.50,1.00
2018.01.10 19:47:40.435,0.8848,0.88487,4.31,3.75
2018.01.10 19:47:40.986,0.8848,0.88487,4.31,3.75
2018.01.10 19:47:41.378,0.88481,0.88489,2.44,2.25
2018.01.10 19:47:42.016,0.88481,0.88491,2.25,4.87
2018.01.10 19:47:42.543,0.88481,0.88491,1.88,4.12
2018.01.10 19:47:43.771,0.88481,0.88488,1.38,1.00
2018.01.10 19:47:44.283,0.88481,0.88488,1.00,1.00
2018.01.10 19:47:46.488,0.88481,0.88489,1.00,1.12
2018.01.10 19:47:47.333,0.8848,0.88488,2.06,2.25
2018.01.10 19:47:47.899,0.8848,0.88488,3.00,3.75
2018.01.10 19:47:48.485,0.8848,0.88488,1.69,2.62
2018.01.10 19:47:50.060,0.8848,0.88489,1.50,3.00
2018.01.10 19:47:51.058,0.8848,0.88489,2.62,4.87
2018.01.10 19:47:51.379,0.88477,0.88485,1.50,1.12
2018.01.10 19:47:52.403,0.88475,0.88485,5.81,9.00
2018.01.10 19:47:52.912,0.88475,0.88483,2.63,1.87
2018.01.10 19:47:53.237,0.88476,0.88484,2.63,2.25
2018.01.10 19:47:53.678,0.88476,0.88486,3.94,2.06
2018.01.10 19:47:54.073,0.88476,0.88484,7.31,1.12
2018.01.10 19:47:54.281,0.88472,0.8848,2.62,1.12
2018.01.10 19:47:54.807,0.88472,0.88479,3.98,3.00
2018.01.10 19:47:56.399,0.88471,0.88479,1.69,2.25
2018.01.10 19:47:56.943,0.88471,0.88481,1.25,4.31
2018.01.10 19:47:57.693,0.8847,0.88479,1.00,3.19
2018.01.10 19:47:58.168,0.88472,0.88479,1.50,1.00
2018.01.10 19:47:58.508,0.8847,0.88479,3.00,1.00
2018.01.10 19:48:00.144,0.88473,0.88481,1.69,2.62
2018.01.10 19:48:00.657,0.88473,0.88483,2.44,6.19
2018.01.10 19:48:01.032,0.88471,0.8848,2.81,1.00
2018.01.10 19:48:01.573,0.8847,0.8848,1.87,4.50
2018.01.10 19:48:01.995,0.88468,0.88478,2.44,3.37
2018.01.10 19:48:02.505,0.88468,0.88477,6.19,1.12
2018.01.10 19:48:02.720,0.88472,0.88481,1.69,3.00
2018.01.10 19:48:03.239,0.88472,0.8848,2.44,1.00
2018.01.10 19:48:04.174,0.88472,0.8848,2.25,1.50
2018.01.10 19:48:04.332,0.8847,0.88479,1.50,4.12
2018.01.10 19:48:04.902,0.88469,0.88478,2.81,1.62
2018.01.10 19:48:05.830,0.88468,0.88475,1.00,1.12
2018.01.10 19:48:05.883,0.88466,0.88475,4.69,1.12
2018.01.10 19:48:06.080,0.88467,0.88475,4.13,1.00
2018.01.10 19:48:06.569,0.88467,0.88477,3.38,1.12
2018.01.10 19:48:07.086,0.88468,0.88476,2.81,1.12
2018.01.10 19:48:08.575,0.88467,0.88477,4.13,1.50
2018.01.10 19:48:09.399,0.88466,0.88476,2.81,3.19
2018.01.10 19:48:10.918,0.88467,0.88475,1.00,6.37
2018.01.10 19:48:11.493,0.88466,0.88475,3.19,7.12
2018.01.10 19:48:12.263,0.88466,0.88475,3.19,4.50
2018.01.10 19:48:12.919,0.88466,0.88474,3.00,1.00
2018.01.10 19:48:13.574,0.88466,0.88475,2.81,1.00
2018.01.10 19:48:14.089,0.88466,0.88476,2.06,1.25
2018.01.10 19:48:15.576,0.88466,0.88475,3.19,1.00
2018.01.10 19:48:16.893,0.88466,0.88476,2.06,1.31
2018.01.10 19:48:17.604,0.88467,0.88476,2.63,2.06
2018.01.10 19:48:18.139,0.88469,0.88478,1.00,2.06
2018.01.10 19:48:21.735,0.88469,0.88478,1.00,1.50
2018.01.10 19:48:22.243,0.88469,0.88477,1.25,1.00
2018.01.10 19:48:23.137,0.88469,0.88478,2.62,1.50
2018.01.10 19:48:25.843,0.88469,0.88477,3.38,1.00
2018.01.10 19:48:26.372,0.8847,0.88478,1.00,1.50
2018.01.10 19:48:27.006,0.8847,0.88477,1.00,1.12
2018.01.10 19:48:27.534,0.88469,0.88477,1.00,1.12
2018.01.10 19:48:28.104,0.88468,0.88477,1.12,1.87
2018.01.10 19:48:28.420,0.88473,0.8848,2.25,1.25
2018.01.10 19:48:28.991,0.88472,0.88481,2.44,1.31
2018.01.10 19:48:33.133,0.88471,0.88479,1.50,1.00
2018.01.10 19:48:33.379,0.88468,0.88477,1.87,3.94
2018.01.10 19:48:34.302,0.88468,0.88477,1.87,2.06
2018.01.10 19:48:36.265,0.88468,0.88475,1.12,1.00
2018.01.10 19:48:37.032,0.88468,0.88476,1.87,1.00
2018.01.10 19:48:37.643,0.8847,0.88475,1.50,1.00
2018.01.10 19:48:37.696,0.8847,0.88478,1.12,1.00
2018.01.10 19:48:38.580,0.88471,0.88478,1.00,1.00
2018.01.10 19:48:39.451,0.88471,0.88477,1.12,1.00
2018.01.10 19:48:39.764,0.88472,0.88479,1.50,1.00
2018.01.10 19:48:40.312,0.88472,0.8848,2.81,1.25
2018.01.10 19:48:40.678,0.88472,0.88478,1.31,1.00
2018.01.10 19:48:41.187,0.88471,0.88478,1.69,1.00
2018.01.10 19:48:41.723,0.88469,0.88479,5.81,1.00
2018.01.10 19:48:42.973,0.8847,0.88477,1.69,1.00
2018.01.10 19:48:43.682,0.88469,0.88478,2.25,3.19
2018.01.10 19:48:44.234,0.88469,0.88477,2.63,1.00
2018.01.10 19:48:44.396,0.88469,0.88479,6.00,1.25
2018.01.10 19:48:44.558,0.8847,0.88478,3.75,1.00
2018.01.10 19:48:44.751,0.8847,0.8848,4.13,1.87
2018.01.10 19:48:45.656,0.8847,0.8848,2.25,1.12
2018.01.10 19:48:46.525,0.88473,0.88481,1.50,1.25
2018.01.10 19:48:47.976,0.88472,0.88482,3.56,1.00
2018.01.10 19:48:48.290,0.88472,0.88479,1.12,1.00
2018.01.10 19:48:49.077,0.8847,0.8848,3.56,2.06
2018.01.10 19:48:51.057,0.8847,0.8848,3.94,2.06
2018.01.10 19:48:51.215,0.88473,0.8848,1.50,1.00
2018.01.10 19:48:51.745,0.88473,0.88481,1.50,1.00
2018.01.10 19:48:53.616,0.88473,0.8848,2.63,1.00
2018.01.10 19:48:54.163,0.88473,0.88481,1.50,1.00
2018.01.10 19:48:55.439,0.88473,0.88482,4.88,1.00
2018.01.10 19:48:55.655,0.88473,0.88481,4.69,1.00
2018.01.10 19:48:56.174,0.88473,0.8848,2.63,1.00
2018.01.10 19:48:56.719,0.88472,0.88481,4.50,1.00
2018.01.10 19:48:57.764,0.88472,0.8848,5.44,1.00
2018.01.10 19:48:58.398,0.88472,0.88481,4.50,1.00
2018.01.10 19:49:00.776,0.88472,0.8848,4.13,1.00
2018.01.10 19:49:01.295,0.88473,0.88481,1.00,2.81
2018.01.10 19:49:01.398,0.88473,0.88479,2.44,1.00
2018.01.10 19:49:01.931,0.88473,0.8848,2.25,1.00
2018.01.10 19:49:02.443,0.88473,0.88479,2.44,1.00
2018.01.10 19:49:02.857,0.88473,0.88481,2.25,1.25
2018.01.10 19:49:05.583,0.88473,0.8848,3.00,2.25
2018.01.10 19:49:06.130,0.88473,0.8848,1.00,3.56
2018.01.10 19:49:07.086,0.88471,0.8848,1.12,2.06
2018.01.10 19:49:07.606,0.88469,0.88478,3.96,1.00
2018.01.10 19:49:08.137,0.88469,0.88478,3.59,1.00
2018.01.10 19:49:08.647,0.8847,0.88477,1.69,1.00
2018.01.10 19:49:09.188,0.88469,0.88478,2.62,5.25
2018.01.10 19:49:10.995,0.8847,0.88477,1.50,1.00
2018.01.10 19:49:11.691,0.88469,0.88479,4.12,3.75
2018.01.10 19:49:13.204,0.8847,0.88479,1.50,3.75
2018.01.10 19:49:14.001,0.8847,0.88477,1.50,1.00
2018.01.10 19:49:16.247,0.8847,0.88476,3.00,1.00
2018.01.10 19:49:16.783,0.8847,0.88477,1.50,1.00
2018.01.10 19:49:18.682,0.8847,0.88476,3.19,1.00
2018.01.10 19:49:19.291,0.8847,0.88477,3.38,1.00
2018.01.10 19:49:19.825,0.8847,0.88478,3.38,1.00
2018.01.10 19:49:20.758,0.8847,0.88479,1.50,1.12
2018.01.10 19:49:21.281,0.8847,0.8848,1.50,4.87
2018.01.10 19:49:21.911,0.8847,0.8848,1.50,4.87
2018.01.10 19:49:22.443,0.88472,0.88481,3.37,1.25
2018.01.10 19:49:25.450,0.88473,0.88481,1.25,1.00
2018.01.10 19:49:25.951,0.88472,0.88481,1.50,1.50
2018.01.10 19:49:34.473,0.88472,0.88481,1.88,1.25
2018.01.10 19:49:35.136,0.88472,0.88482,1.00,1.50
2018.01.10 19:49:36.207,0.88471,0.8848,2.81,1.12
2018.01.10 19:49:36.711,0.88471,0.88481,2.44,1.00
2018.01.10 19:49:37.213,0.88471,0.88481,1.88,1.69
2018.01.10 19:49:44.664,0.88472,0.88481,1.44,1.00
2018.01.10 19:49:48.174,0.88472,0.88481,3.00,1.00
2018.01.10 19:49:48.741,0.88473,0.88483,1.44,2.63
2018.01.10 19:49:49.448,0.88473,0.88483,1.25,1.50
2018.01.10 19:49:53.124,0.88472,0.88482,3.19,1.69
2018.01.10 19:49:53.228,0.88471,0.8848,1.00,1.87
2018.01.10 19:49:53.532,0.88472,0.88482,3.00,3.38
2018.01.10 19:49:54.081,0.88472,0.88484,6.38,3.75
2018.01.10 19:49:56.979,0.88473,0.88484,3.38,6.00
2018.01.10 19:49:57.744,0.88473,0.88484,1.31,4.13
2018.01.10 19:49:58.247,0.88473,0.88484,3.94,5.25
2018.01.10 19:49:58.797,0.88473,0.88484,1.31,3.38
2018.01.10 19:49:59.404,0.88475,0.88484,2.44,1.00
2018.01.10 19:49:59.756,0.88482,0.8849,2.44,1.50
2018.01.10 19:50:00.016,0.88482,0.88492,3.94,2.25
2018.01.10 19:50:00.599,0.88482,0.88492,5.63,2.25
2018.01.10 19:50:00.704,0.88481,0.88491,1.87,1.88
2018.01.10 19:50:01.283,0.88482,0.88491,2.44,1.50
2018.01.10 19:50:02.579,0.88482,0.88491,3.00,1.00
2018.01.10 19:50:02.735,0.88484,0.88493,1.00,2.06
2018.01.10 19:50:03.237,0.88483,0.88493,1.12,3.94
2018.01.10 19:50:03.529,0.88483,0.88492,1.00,3.94
2018.01.10 19:50:04.405,0.88483,0.88492,1.00,2.06
2018.01.10 19:50:04.979,0.88482,0.88493,1.00,3.94
2018.01.10 19:50:05.508,0.88481,0.88491,3.75,2.06
2018.01.10 19:50:06.482,0.88481,0.88491,2.06,1.69
2018.01.10 19:50:07.013,0.88481,0.88492,1.12,4.69
2018.01.10 19:50:07.388,0.8848,0.88489,3.37,1.50
2018.01.10 19:50:07.897,0.8848,0.88491,4.50,3.75
2018.01.10 19:50:08.204,0.88482,0.88491,2.06,1.00
2018.01.10 19:50:08.544,0.88484,0.88492,1.50,1.00
2018.01.10 19:50:09.051,0.88484,0.88493,1.50,1.69
2018.01.10 19:50:09.653,0.88483,0.88494,2.25,5.81
2018.01.10 19:50:10.192,0.88483,0.88493,1.31,1.31
2018.01.10 19:50:10.836,0.88483,0.88493,2.63,3.94
2018.01.10 19:50:11.373,0.88483,0.88493,2.44,3.75
2018.01.10 19:50:13.256,0.88483,0.88493,2.63,1.69
2018.01.10 19:50:13.774,0.88482,0.88493,4.69,1.00
2018.01.10 19:50:14.349,0.88482,0.88492,3.19,1.31
2018.01.10 19:50:15.136,0.88482,0.88492,4.88,3.19
2018.01.10 19:50:15.246,0.88481,0.88491,1.50,5.25
2018.01.10 19:50:15.302,0.88481,0.8849,1.12,5.63
2018.01.10 19:50:15.408,0.88479,0.88489,3.56,1.69
2018.01.10 19:50:18.014,0.88481,0.88488,1.50,1.12
2018.01.10 19:50:19.154,0.88483,0.88489,1.50,1.00
2018.01.10 19:50:21.747,0.88483,0.88489,1.50,1.44
2018.01.10 19:50:21.968,0.88483,0.8849,1.50,2.44
2018.01.10 19:50:22.519,0.88484,0.8849,1.50,2.06
2018.01.10 19:50:24.193,0.88484,0.88491,1.50,1.25
2018.01.10 19:50:24.706,0.88484,0.88492,1.50,2.06
2018.01.10 19:50:25.422,0.88484,0.88492,1.50,2.44
2018.01.10 19:50:25.946,0.88484,0.88492,1.50,2.06
2018.01.10 19:50:27.036,0.88484,0.88492,1.50,3.56
2018.01.10 19:50:27.555,0.88483,0.88491,1.50,1.25
2018.01.10 19:50:28.070,0.88483,0.8849,1.50,1.31
2018.01.10 19:50:28.540,0.88483,0.88492,1.50,4.13
2018.01.10 19:50:29.448,0.88483,0.88492,1.50,4.13
2018.01.10 19:50:30.048,0.88483,0.88492,1.50,3.75
2018.01.10 19:50:30.595,0.88484,0.88492,1.50,3.94
2018.01.10 19:50:32.010,0.88484,0.88492,1.50,3.00
2018.01.10 19:50:34.132,0.88484,0.88492,1.50,3.94
2018.01.10 19:50:34.661,0.88483,0.88492,1.50,3.94
2018.01.10 19:50:36.922,0.88483,0.88492,1.50,3.19
2018.01.10 19:50:38.201,0.88483,0.88492,1.50,3.94
2018.01.10 19:50:38.738,0.88482,0.88491,3.00,1.31
2018.01.10 19:50:41.835,0.88485,0.88492,1.50,1.87
2018.01.10 19:50:42.368,0.88485,0.88492,1.50,1.00
2018.01.10 19:50:42.766,0.88487,0.88494,1.50,3.19
2018.01.10 19:50:43.380,0.88486,0.88493,1.50,1.37
2018.01.10 19:50:44.451,0.88488,0.88493,1.50,1.37
2018.01.10 19:50:44.680,0.88488,0.88495,1.50,1.00
2018.01.10 19:50:45.197,0.88488,0.88495,1.50,1.19
2018.01.10 19:50:45.892,0.88489,0.88496,1.50,2.81
2018.01.10 19:50:47.872,0.88489,0.88495,1.50,1.50
2018.01.10 19:50:47.999,0.88487,0.88496,2.25,2.62
2018.01.10 19:50:48.106,0.88486,0.88494,1.50,4.50
2018.01.10 19:50:48.213,0.88488,0.88495,1.50,1.00
2018.01.10 19:50:48.266,0.88485,0.88495,1.50,3.19
2018.01.10 19:50:48.318,0.88485,0.88495,1.50,3.00
2018.01.10 19:50:48.529,0.88484,0.88495,2.63,4.69
2018.01.10 19:50:48.839,0.88485,0.88494,1.50,1.12
2018.01.10 19:50:49.060,0.88488,0.88495,1.50,1.50
2018.01.10 19:50:49.112,0.88485,0.88495,2.44,2.81
2018.01.10 19:50:49.691,0.88485,0.88494,1.69,1.31
2018.01.10 19:50:50.255,0.88485,0.88494,1.50,2.25
2018.01.10 19:50:52.376,0.88488,0.88495,1.50,1.69
2018.01.10 19:50:52.879,0.88487,0.88496,1.50,1.25
2018.01.10 19:50:54.630,0.88488,0.88497,1.50,1.50
2018.01.10 19:50:55.148,0.88488,0.88496,1.50,1.00
2018.01.10 19:50:55.308,0.88489,0.88498,1.50,1.12
2018.01.10 19:50:55.819,0.8849,0.88498,1.50,1.31
2018.01.10 19:50:56.184,0.88488,0.88498,2.62,1.69
2018.01.10 19:50:56.445,0.88488,0.88497,2.81,1.19
2018.01.10 19:50:56.802,0.8849,0.88497,1.50,1.12
2018.01.10 19:50:57.329,0.8849,0.885,2.25,2.25
2018.01.10 19:50:57.846,0.88491,0.885,1.50,1.50
2018.01.10 19:50:58.370,0.8849,0.885,2.62,2.06
2018.01.10 19:50:58.786,0.88492,0.88501,1.50,2.25
2018.01.10 19:50:59.100,0.88493,0.88499,1.50,1.12
2018.01.10 19:50:59.153,0.88491,0.88499,2.44,1.12
2018.01.10 19:50:59.701,0.88492,0.88501,1.00,1.69
2018.01.10 19:51:00.193,0.88491,0.88498,1.12,3.75
2018.01.10 19:51:00.747,0.8849,0.885,1.50,2.06
2018.01.10 19:51:01.297,0.8849,0.885,2.62,1.31
2018.01.10 19:51:02.228,0.8849,0.885,4.13,1.69
2018.01.10 19:51:02.580,0.8849,0.88498,1.50,1.07
2018.01.10 19:51:03.313,0.88489,0.88498,1.50,1.76
2018.01.10 19:51:03.627,0.88489,0.88497,4.13,1.10
2018.01.10 19:51:03.837,0.88489,0.88498,2.63,1.95
2018.01.10 19:51:04.343,0.88489,0.88497,1.00,1.45
2018.01.10 19:51:05.065,0.88489,0.88498,2.25,2.51
2018.01.10 19:51:05.222,0.88491,0.88499,1.50,2.51
2018.01.10 19:51:05.275,0.88489,0.88499,3.38,2.51
2018.01.10 19:51:06.171,0.88489,0.88498,2.44,1.07
2018.01.10 19:51:06.700,0.88489,0.88498,2.44,1.10
2018.01.10 19:51:07.527,0.88491,0.88499,1.50,1.70
2018.01.10 19:51:08.812,0.88489,0.88499,3.56,1.20
2018.01.10 19:51:09.364,0.88489,0.88499,4.31,1.20
2018.01.10 19:51:09.735,0.88491,0.88499,1.50,1.20
2018.01.10 19:51:10.254,0.88489,0.88498,4.50,1.39
2018.01.10 19:51:10.758,0.88491,0.88498,1.50,1.10
2018.01.10 19:51:11.274,0.88491,0.885,2.06,3.45
2018.01.10 19:51:11.802,0.8849,0.885,1.69,4.95
2018.01.10 19:51:12.967,0.88489,0.885,3.94,4.39
2018.01.10 19:51:13.981,0.88491,0.885,1.50,3.45
2018.01.10 19:51:14.495,0.88492,0.885,1.50,1.89
2018.01.10 19:51:14.703,0.8849,0.885,3.56,1.45
2018.01.10 19:51:16.654,0.8849,0.88499,2.06,1.39
2018.01.10 19:51:17.169,0.8849,0.88499,1.87,1.01
2018.01.10 19:51:17.860,0.8849,0.88499,2.25,1.20
2018.01.10 19:51:18.763,0.8849,0.88499,1.12,1.39
2018.01.10 19:51:19.293,0.88491,0.88499,1.50,2.51
2018.01.10 19:51:19.973,0.88493,0.88499,1.50,2.70
2018.01.10 19:51:20.233,0.8849,0.88499,1.00,4.20
2018.01.10 19:51:20.338,0.88489,0.88497,1.00,1.01
2018.01.10 19:51:22.152,0.88492,0.88497,1.50,1.07
2018.01.10 19:51:22.515,0.88492,0.88501,1.00,4.20
2018.01.10 19:51:22.830,0.88494,0.88502,1.50,2.32
2018.01.10 19:51:22.935,0.88492,0.88502,2.25,1.89
2018.01.10 19:51:23.787,0.88491,0.88501,5.63,2.89
2018.01.10 19:51:24.311,0.88491,0.88501,4.31,1.76
2018.01.10 19:51:24.933,0.88491,0.88501,3.38,2.70
2018.01.10 19:51:25.487,0.88491,0.88501,4.13,2.89
2018.01.10 19:51:26.013,0.88491,0.88501,1.25,1.95
2018.01.10 19:51:26.565,0.88492,0.88499,1.50,1.00
2018.01.10 19:51:26.619,0.8849,0.88499,1.69,1.39
2018.01.10 19:51:27.167,0.8849,0.88499,4.13,2.33
2018.01.10 19:51:29.181,0.8849,0.88499,3.19,1.57
2018.01.10 19:51:29.703,0.88492,0.88501,1.50,3.45
2018.01.10 19:51:30.340,0.88491,0.88501,3.75,2.70
2018.01.10 19:51:30.860,0.8849,0.88499,2.63,1.95
2018.01.10 19:51:31.365,0.88489,0.88498,1.50,1.76
2018.01.10 19:51:32.172,0.88489,0.88498,1.69,1.20
2018.01.10 19:51:33.513,0.88489,0.88498,1.50,1.20
2018.01.10 19:51:33.827,0.8849,0.88499,5.81,1.25
2018.01.10 19:51:34.356,0.8849,0.885,2.44,1.95
2018.01.10 19:51:35.097,0.8849,0.885,4.13,2.33
2018.01.10 19:51:35.670,0.88491,0.885,1.63,3.26
2018.01.10 19:51:35.724,0.88489,0.88498,1.63,3.45
2018.01.10 19:51:38.413,0.88489,0.88498,1.37,2.70
2018.01.10 19:51:38.837,0.8849,0.88498,1.00,1.57
2018.01.10 19:51:43.346,0.88492,0.88499,1.50,1.57
2018.01.10 19:51:43.600,0.88492,0.88501,1.87,1.20
2018.01.10 19:51:44.187,0.88493,0.88502,1.00,2.33
2018.01.10 19:51:47.584,0.88493,0.88501,1.12,1.07
2018.01.10 19:51:47.796,0.88493,0.88503,3.56,1.20
2018.01.10 19:51:48.381,0.88494,0.88503,1.87,1.07
2018.01.10 19:51:48.762,0.88492,0.88502,7.50,1.01
2018.01.10 19:51:49.361,0.88492,0.88502,6.00,1.70
2018.01.10 19:51:50.241,0.88492,0.88501,5.25,1.07
2018.01.10 19:51:58.670,0.88492,0.885,1.87,1.95
2018.01.10 19:51:59.172,0.88493,0.88502,1.25,1.32
2018.01.10 19:52:00.882,0.88493,0.88501,1.00,2.70
2018.01.10 19:52:01.432,0.88493,0.88501,1.00,1.10
2018.01.10 19:52:01.944,0.88493,0.88501,1.00,1.01
2018.01.10 19:52:02.685,0.88493,0.885,1.00,1.20
2018.01.10 19:52:02.914,0.88495,0.88504,2.25,1.76
2018.01.10 19:52:03.018,0.88495,0.88504,3.19,2.70
2018.01.10 19:52:03.539,0.88494,0.88504,3.19,2.51
2018.01.10 19:52:04.078,0.88494,0.88503,2.62,1.57
2018.01.10 19:52:04.604,0.88494,0.88503,2.62,1.12
2018.01.10 19:52:05.145,0.88495,0.88504,1.50,1.44
2018.01.10 19:52:05.841,0.88495,0.88504,1.50,3.19
2018.01.10 19:52:08.179,0.88495,0.88504,1.69,2.06
2018.01.10 19:52:08.681,0.88495,0.88504,1.50,1.31
2018.01.10 19:52:08.993,0.88497,0.88504,1.50,1.00
2018.01.10 19:52:09.359,0.88496,0.88506,3.19,1.25
2018.01.10 19:52:13.244,0.88497,0.88506,2.62,1.13
2018.01.10 19:52:13.788,0.88497,0.88506,1.69,1.00
2018.01.10 19:52:14.310,0.88498,0.88506,1.50,1.00
2018.01.10 19:52:14.826,0.88497,0.88506,2.44,1.00
2018.01.10 19:52:15.843,0.88497,0.88507,2.44,1.25
2018.01.10 19:52:16.170,0.88497,0.88505,1.00,1.25
2018.01.10 19:52:16.676,0.88497,0.88506,1.50,5.62
2018.01.10 19:52:17.746,0.88497,0.88505,1.50,1.25
2018.01.10 19:52:18.475,0.88496,0.88505,1.50,2.06
2018.01.10 19:52:21.565,0.88496,0.88505,1.50,1.87
2018.01.10 19:52:22.156,0.88496,0.88505,1.50,2.06
2018.01.10 19:52:22.657,0.88496,0.88504,1.50,1.00
2018.01.10 19:52:23.167,0.88494,0.88503,4.31,1.25
2018.01.10 19:52:23.826,0.88494,0.88503,3.56,1.25
2018.01.10 19:52:24.338,0.88495,0.88503,1.50,1.25
2018.01.10 19:52:25.144,0.88494,0.88503,1.25,1.25
2018.01.10 19:52:26.951,0.88494,0.88503,1.00,1.44
2018.01.10 19:52:27.470,0.88494,0.88503,1.25,1.87
2018.01.10 19:52:27.719,0.88494,0.88503,1.00,1.12
2018.01.10 19:52:28.235,0.88494,0.88503,1.00,1.50
2018.01.10 19:52:28.778,0.88494,0.88503,1.00,1.31
2018.01.10 19:52:30.809,0.88494,0.88503,1.00,1.44
2018.01.10 19:52:31.727,0.88494,0.88503,1.00,1.25
2018.01.10 19:52:32.310,0.88494,0.88503,1.00,1.44
2018.01.10 19:52:32.845,0.88493,0.88504,5.06,2.81
2018.01.10 19:52:33.107,0.88491,0.88502,5.63,3.94
2018.01.10 19:52:33.160,0.88491,0.88502,4.88,4.31
2018.01.10 19:52:33.492,0.88493,0.88502,1.50,3.94
2018.01.10 19:52:33.598,0.88494,0.88503,1.50,1.50
2018.01.10 19:52:34.690,0.88494,0.88504,2.63,3.94
2018.01.10 19:52:35.202,0.88494,0.88505,3.75,3.19
2018.01.10 19:52:35.529,0.88496,0.88505,1.50,2.06
2018.01.10 19:52:35.844,0.88494,0.88505,3.56,3.94
2018.01.10 19:52:36.336,0.88495,0.88504,1.25,2.44
2018.01.10 19:52:36.887,0.88493,0.88503,5.63,1.31
2018.01.10 19:52:37.971,0.88494,0.88504,2.81,2.44
2018.01.10 19:52:38.364,0.88492,0.88502,4.88,1.69
2018.01.10 19:52:39.062,0.88492,0.88502,4.69,1.50
2018.01.10 19:52:39.564,0.88492,0.88502,6.94,1.69
2018.01.10 19:52:40.182,0.88492,0.88502,5.25,1.50
2018.01.10 19:52:43.146,0.88492,0.88502,5.06,1.69
2018.01.10 19:52:43.648,0.88493,0.88502,2.63,4.12
2018.01.10 19:52:44.240,0.88493,0.88503,2.63,2.81
2018.01.10 19:52:44.790,0.88493,0.88503,2.62,2.44
2018.01.10 19:52:45.318,0.88492,0.88502,3.00,1.50
2018.01.10 19:52:45.906,0.88493,0.88502,1.69,2.62
2018.01.10 19:52:46.476,0.88494,0.88502,1.00,2.63
2018.01.10 19:52:47.728,0.88493,0.88502,2.25,2.62
2018.01.10 19:52:51.591,0.88495,0.88504,1.50,2.62
2018.01.10 19:52:52.109,0.88496,0.88505,1.44,4.69
2018.01.10 19:52:52.162,0.88495,0.88505,3.19,3.56
2018.01.10 19:52:52.419,0.88493,0.88503,1.00,5.25
2018.01.10 19:52:52.628,0.88491,0.88502,5.06,2.06
2018.01.10 19:52:53.149,0.88491,0.88501,7.13,2.81
2018.01.10 19:52:53.956,0.88492,0.88502,1.00,2.06
2018.01.10 19:52:55.124,0.88492,0.88503,6.38,3.56
2018.01.10 19:52:58.105,0.88492,0.88503,4.31,3.94
2018.01.10 19:52:59.096,0.88492,0.88502,6.00,1.69
2018.01.10 19:52:59.368,0.88494,0.88504,2.25,2.81
2018.01.10 19:52:59.926,0.88495,0.88505,1.00,4.69
2018.01.10 19:53:00.438,0.88495,0.88504,2.25,1.50
2018.01.10 19:53:01.015,0.88495,0.88505,1.00,3.94
2018.01.10 19:53:03.073,0.88495,0.88505,1.00,2.25
2018.01.10 19:53:03.437,0.88494,0.88504,2.06,3.56
2018.01.10 19:53:04.027,0.88494,0.88503,2.06,1.00
2018.01.10 19:53:04.344,0.88493,0.88503,1.12,8.44
2018.01.10 19:53:05.328,0.88492,0.88503,3.75,8.25
2018.01.10 19:53:06.099,0.88492,0.88501,6.19,1.00
2018.01.10 19:53:06.619,0.88491,0.88502,5.06,6.94
2018.01.10 19:53:06.964,0.88491,0.88499,1.50,1.50
2018.01.10 19:53:07.496,0.88491,0.88499,1.50,1.37
2018.01.10 19:53:07.906,0.8849,0.88499,4.69,1.37
2018.01.10 19:53:08.408,0.88491,0.88499,1.50,1.87
2018.01.10 19:53:09.733,0.88491,0.885,1.88,5.63
2018.01.10 19:53:09.889,0.88493,0.885,2.25,1.00
2018.01.10 19:53:09.993,0.88491,0.885,4.69,1.50
2018.01.10 19:53:10.150,0.8849,0.88498,1.87,3.75
2018.01.10 19:53:10.683,0.8849,0.88498,1.25,1.87
2018.01.10 19:53:12.124,0.88489,0.88498,2.06,1.57
2018.01.10 19:53:13.171,0.88489,0.88498,2.81,2.32
2018.01.10 19:53:13.717,0.88489,0.88498,4.31,1.50
2018.01.10 19:53:14.264,0.8849,0.88498,1.00,1.50
2018.01.10 19:53:14.773,0.88488,0.88498,4.31,1.20
2018.01.10 19:53:15.283,0.8849,0.88499,1.00,3.64
2018.01.10 19:53:15.824,0.88491,0.88499,1.50,1.39
2018.01.10 19:53:15.987,0.88496,0.88505,2.44,1.39
2018.01.10 19:53:16.538,0.88497,0.88506,1.50,3.64
2018.01.10 19:53:18.077,0.88496,0.88507,4.31,3.64
2018.01.10 19:53:18.652,0.88496,0.88505,1.50,2.89
2018.01.10 19:53:19.173,0.88496,0.88506,2.06,1.95
2018.01.10 19:53:19.728,0.88498,0.88506,1.50,3.00
2018.01.10 19:53:20.044,0.885,0.88508,1.87,1.25
2018.01.10 19:53:20.582,0.885,0.88508,3.19,2.06
2018.01.10 19:53:20.750,0.88497,0.88507,5.06,1.19
2018.01.10 19:53:21.011,0.88498,0.88508,1.00,2.44
2018.01.10 19:53:21.523,0.88498,0.88507,2.63,1.44
2018.01.10 19:53:22.046,0.88498,0.88508,3.00,1.69
2018.01.10 19:53:22.580,0.88499,0.88508,2.25,2.81
2018.01.10 19:53:23.099,0.88498,0.88509,2.62,6.00
2018.01.10 19:53:23.507,0.88498,0.88508,3.75,1.50
2018.01.10 19:53:24.106,0.88499,0.88508,1.00,2.06
2018.01.10 19:53:24.420,0.88498,0.88507,3.19,1.69
2018.01.10 19:53:24.998,0.88497,0.88507,1.12,2.63
2018.01.10 19:53:25.516,0.88496,0.88506,2.81,1.31
2018.01.10 19:53:25.841,0.88498,0.88506,1.50,2.25
2018.01.10 19:53:25.999,0.88499,0.88508,1.50,3.75
2018.01.10 19:53:26.517,0.88498,0.88507,1.50,1.69
2018.01.10 19:53:27.078,0.88499,0.88508,2.25,1.00
2018.01.10 19:53:27.685,0.88499,0.88508,4.12,1.00
2018.01.10 19:53:28.515,0.88497,0.88508,3.56,4.31
2018.01.10 19:53:28.677,0.88496,0.88504,1.00,1.00
2018.01.10 19:53:29.198,0.88495,0.88504,1.87,2.06
2018.01.10 19:53:29.724,0.88496,0.88503,1.50,1.38
2018.01.10 19:53:29.881,0.88497,0.88505,1.50,1.31
2018.01.10 19:53:30.084,0.885,0.88507,1.50,1.87
2018.01.10 19:53:30.190,0.88501,0.88509,1.50,1.31
2018.01.10 19:53:30.408,0.88499,0.88509,2.81,1.88
2018.01.10 19:53:31.023,0.88499,0.88508,3.56,1.63
2018.01.10 19:53:31.562,0.88498,0.88506,5.25,1.38
2018.01.10 19:53:32.098,0.88499,0.88507,1.50,1.88
2018.01.10 19:53:33.017,0.88499,0.88508,1.50,3.94
2018.01.10 19:53:33.336,0.88496,0.88504,3.00,1.00
2018.01.10 19:53:33.389,0.88495,0.88504,5.81,1.00
2018.01.10 19:53:33.751,0.88499,0.88507,1.50,3.19
2018.01.10 19:53:33.857,0.88498,0.88508,1.69,2.81
2018.01.10 19:53:34.173,0.88498,0.88506,1.50,2.63
2018.01.10 19:53:34.779,0.88498,0.88508,2.63,3.19
2018.01.10 19:53:36.180,0.88497,0.88508,2.81,4.31
2018.01.10 19:53:36.714,0.88498,0.88508,1.25,2.25
2018.01.10 19:53:36.897,0.88501,0.8851,1.50,3.19
2018.01.10 19:53:37.212,0.88504,0.88512,1.50,2.06
2018.01.10 19:53:37.736,0.88504,0.88513,1.50,2.06
2018.01.10 19:53:38.579,0.88503,0.88513,2.06,1.38
2018.01.10 19:53:39.118,0.88503,0.88513,1.00,3.94
2018.01.10 19:53:39.423,0.885,0.88509,5.06,1.50
2018.01.10 19:53:40.669,0.88501,0.8851,2.06,1.69
2018.01.10 19:53:41.188,0.88502,0.88511,1.12,1.31
2018.01.10 19:53:41.722,0.88503,0.88511,1.00,1.50
2018.01.10 19:53:42.050,0.88501,0.88511,1.00,1.88
2018.01.10 19:53:42.712,0.885,0.88509,1.12,1.00
2018.01.10 19:53:43.717,0.88499,0.88509,2.81,1.50
2018.01.10 19:53:44.304,0.885,0.8851,1.50,3.00
2018.01.10 19:53:44.823,0.88499,0.8851,7.69,1.00
2018.01.10 19:53:45.353,0.885,0.8851,2.25,1.25
2018.01.10 19:53:45.891,0.88501,0.88511,2.25,3.94
2018.01.10 19:53:46.412,0.88501,0.88511,2.44,3.56
2018.01.10 19:53:46.986,0.885,0.88511,7.31,3.56
2018.01.10 19:53:47.143,0.88504,0.88513,3.75,1.25
2018.01.10 19:53:47.599,0.88504,0.88513,1.50,3.94
2018.01.10 19:53:48.120,0.88503,0.88512,1.50,1.69
2018.01.10 19:53:48.797,0.88504,0.88513,1.00,1.38
2018.01.10 19:53:48.954,0.88502,0.88513,1.31,2.06
2018.01.10 19:53:50.294,0.88504,0.88514,1.50,2.25
2018.01.10 19:53:50.610,0.88503,0.88514,3.19,2.06
2018.01.10 19:53:51.334,0.88501,0.88512,1.87,2.81
2018.01.10 19:53:51.818,0.88501,0.88511,1.31,2.81
2018.01.10 19:53:52.035,0.88499,0.88509,5.44,1.50
2018.01.10 19:53:52.572,0.885,0.88509,1.00,1.25
2018.01.10 19:53:53.404,0.88501,0.8851,1.00,2.63
2018.01.10 19:53:54.156,0.88501,0.8851,1.00,2.63
2018.01.10 19:53:54.785,0.88501,0.8851,1.25,1.00
2018.01.10 19:53:55.360,0.88501,0.88512,1.25,4.69
2018.01.10 19:53:58.943,0.88502,0.88511,1.50,1.87
2018.01.10 19:53:59.964,0.88501,0.88512,3.75,1.31
2018.01.10 19:54:00.517,0.88501,0.88512,1.50,5.06
2018.01.10 19:54:00.676,0.88501,0.88511,1.69,3.00
2018.01.10 19:54:00.983,0.88508,0.88515,1.50,1.87
2018.01.10 19:54:01.035,0.88507,0.88516,1.50,1.25
2018.01.10 19:54:01.555,0.88506,0.88516,3.00,3.56
2018.01.10 19:54:02.080,0.88505,0.88514,1.00,1.69
2018.01.10 19:54:02.751,0.88504,0.88513,1.12,1.13
2018.01.10 19:54:03.218,0.88504,0.88513,1.25,1.88
2018.01.10 19:54:03.741,0.88504,0.88513,1.00,1.38
2018.01.10 19:54:04.316,0.88504,0.88513,3.00,1.50
2018.01.10 19:54:04.579,0.885,0.88509,4.31,1.87
2018.01.10 19:54:06.011,0.885,0.8851,1.50,2.25
2018.01.10 19:54:06.900,0.88501,0.88511,1.50,2.06
2018.01.10 19:54:07.436,0.88502,0.88512,1.50,1.69
2018.01.10 19:54:07.983,0.88502,0.88512,2.62,3.19
2018.01.10 19:54:08.494,0.88501,0.88512,4.69,1.00
2018.01.10 19:54:08.753,0.88501,0.88511,7.31,1.63
2018.01.10 19:54:09.283,0.88501,0.88513,5.25,5.81
2018.01.10 19:54:10.306,0.88502,0.88512,1.12,6.38
2018.01.10 19:54:10.876,0.88502,0.88512,1.12,2.44
2018.01.10 19:54:11.057,0.88502,0.88509,1.00,1.31
2018.01.10 19:54:11.162,0.88499,0.88508,1.00,3.00
2018.01.10 19:54:11.216,0.88496,0.88507,2.44,1.50
2018.01.10 19:54:11.269,0.88498,0.88507,1.00,2.06
2018.01.10 19:54:11.632,0.88498,0.88508,1.12,1.31
2018.01.10 19:54:11.909,0.885,0.88509,1.50,3.19
2018.01.10 19:54:12.171,0.88501,0.8851,1.50,1.00
2018.01.10 19:54:12.694,0.885,0.8851,1.00,1.00
2018.01.10 19:54:13.230,0.88501,0.88511,1.25,2.44
2018.01.10 19:54:13.770,0.885,0.88511,2.81,2.25
2018.01.10 19:54:14.519,0.88501,0.88511,1.00,1.50
2018.01.10 19:54:15.046,0.885,0.88511,2.25,2.25
2018.01.10 19:54:15.833,0.885,0.88511,2.25,1.31
2018.01.10 19:54:15.951,0.88499,0.88507,1.50,1.87
2018.01.10 19:54:16.527,0.88496,0.88507,3.00,1.25
2018.01.10 19:54:16.579,0.88496,0.88507,2.63,1.31
2018.01.10 19:54:17.087,0.88496,0.88507,2.25,2.44
2018.01.10 19:54:17.634,0.88496,0.88507,1.69,2.44
2018.01.10 19:54:17.738,0.88496,0.88507,1.12,6.94
2018.01.10 19:54:18.746,0.88495,0.88506,3.00,2.44
2018.01.10 19:54:19.437,0.88495,0.88506,3.94,2.81
2018.01.10 19:54:19.981,0.88495,0.88506,2.25,2.44
2018.01.10 19:54:21.631,0.88495,0.88506,2.44,2.06
2018.01.10 19:54:22.085,0.88498,0.88506,1.50,1.50
2018.01.10 19:54:22.297,0.88501,0.8851,2.81,1.25
2018.01.10 19:54:22.817,0.88502,0.88511,1.87,1.00
2018.01.10 19:54:24.832,0.88501,0.88511,2.06,1.50
2018.01.10 19:54:25.376,0.88501,0.88511,1.50,2.06
2018.01.10 19:54:26.008,0.88501,0.88511,1.31,1.50
2018.01.10 19:54:26.543,0.88502,0.88511,1.69,1.13
2018.01.10 19:54:28.064,0.88501,0.8851,1.31,1.25
2018.01.10 19:54:28.537,0.88499,0.8851,3.94,1.87
2018.01.10 19:54:29.058,0.88499,0.8851,4.50,3.75
2018.01.10 19:54:29.561,0.88499,0.8851,4.31,2.62
2018.01.10 19:54:29.784,0.88501,0.8851,1.50,2.62
2018.01.10 19:54:30.439,0.88502,0.88511,1.88,1.00
2018.01.10 19:54:31.074,0.88503,0.88512,1.00,1.00
2018.01.10 19:54:31.620,0.88504,0.88512,1.50,1.00
2018.01.10 19:54:32.007,0.88503,0.88514,1.25,5.63
2018.01.10 19:54:32.529,0.88504,0.88513,1.50,1.50
2018.01.10 19:54:32.633,0.88502,0.88513,4.31,1.50
2018.01.10 19:54:33.171,0.88502,0.88513,2.62,2.06
2018.01.10 19:54:33.380,0.88504,0.88513,1.50,1.50
2018.01.10 19:54:34.275,0.88504,0.88514,3.00,4.13
2018.01.10 19:54:34.793,0.88504,0.88513,1.50,1.25
2018.01.10 19:54:35.336,0.88502,0.88513,5.81,2.06
2018.01.10 19:54:36.257,0.88502,0.88512,4.31,1.44
2018.01.10 19:54:36.792,0.88504,0.88512,2.25,1.12
2018.01.10 19:54:37.412,0.88504,0.88513,2.25,1.69
2018.01.10 19:54:38.039,0.88504,0.88513,2.25,1.31
2018.01.10 19:54:38.602,0.88504,0.88513,2.25,1.50
2018.01.10 19:54:39.124,0.88504,0.88513,2.44,2.44
2018.01.10 19:54:39.395,0.88505,0.88514,1.50,2.25
2018.01.10 19:54:40.026,0.88505,0.88514,1.50,1.88
2018.01.10 19:54:43.186,0.88505,0.88514,1.50,1.69
2018.01.10 19:54:43.843,0.88506,0.88514,1.00,1.44
2018.01.10 19:54:44.362,0.88503,0.88514,5.25,3.19
2018.01.10 19:54:44.872,0.88503,0.88514,5.25,3.56
2018.01.10 19:54:45.676,0.88503,0.88514,8.25,2.81
2018.01.10 19:54:46.235,0.88505,0.88515,1.50,3.75
2018.01.10 19:54:46.991,0.88505,0.88515,1.50,3.56
2018.01.10 19:54:48.120,0.88505,0.88515,1.50,3.19
2018.01.10 19:54:48.636,0.88504,0.88514,3.38,1.19
2018.01.10 19:54:49.171,0.88504,0.88513,1.00,1.25
2018.01.10 19:54:49.688,0.88502,0.88513,3.75,3.56
2018.01.10 19:54:49.795,0.88504,0.88514,4.13,1.31
2018.01.10 19:54:51.923,0.88506,0.88515,1.00,4.69
2018.01.10 19:54:52.247,0.88504,0.88513,1.12,1.25
2018.01.10 19:54:53.240,0.88503,0.88514,4.31,4.12
2018.01.10 19:54:54.854,0.88502,0.88512,2.06,1.12
2018.01.10 19:54:55.838,0.88502,0.88512,2.25,1.50
2018.01.10 19:54:56.369,0.88502,0.88512,1.87,2.44
2018.01.10 19:54:56.874,0.88502,0.8851,1.50,1.12
2018.01.10 19:54:57.520,0.88503,0.88512,1.25,3.37
2018.01.10 19:54:58.065,0.88502,0.88511,5.25,1.87
2018.01.10 19:54:58.585,0.88503,0.88512,1.25,3.75
2018.01.10 19:54:59.135,0.88503,0.88511,1.31,1.87
2018.01.10 19:54:59.709,0.88502,0.88512,4.13,2.25
2018.01.10 19:55:00.295,0.88502,0.88512,3.56,3.94
2018.01.10 19:55:00.886,0.88502,0.8851,4.31,1.00
2018.01.10 19:55:01.574,0.88502,0.8851,6.00,1.00
2018.01.10 19:55:02.240,0.88502,0.8851,3.37,1.00
2018.01.10 19:55:02.821,0.88502,0.8851,6.00,1.00
2018.01.10 19:55:03.161,0.88499,0.88505,1.00,1.00
2018.01.10 19:55:03.706,0.885,0.88505,1.50,1.00
2018.01.10 19:55:04.225,0.88499,0.88507,1.50,5.51
2018.01.10 19:55:05.241,0.88498,0.88506,1.25,1.57
2018.01.10 19:55:05.780,0.88497,0.88504,1.31,1.10
2018.01.10 19:55:05.944,0.88498,0.88507,1.69,1.45
2018.01.10 19:55:09.186,0.88498,0.88506,1.50,1.57
2018.01.10 19:55:09.698,0.88498,0.88506,1.31,1.57
2018.01.10 19:55:11.388,0.88498,0.88506,1.31,1.95
2018.01.10 19:55:11.918,0.88498,0.88506,1.25,3.45
2018.01.10 19:55:12.858,0.88497,0.88506,1.50,5.25
2018.01.10 19:55:13.377,0.88498,0.88506,1.00,6.94
2018.01.10 19:55:13.916,0.88497,0.88506,1.50,3.75
2018.01.10 19:55:16.150,0.88498,0.88506,1.50,1.87
2018.01.10 19:55:16.896,0.88499,0.88508,1.50,5.62
2018.01.10 19:55:17.404,0.88497,0.88506,5.06,1.12
2018.01.10 19:55:17.955,0.88499,0.88507,1.25,1.87
2018.01.10 19:55:18.481,0.88499,0.88507,1.00,1.37
2018.01.10 19:55:19.762,0.885,0.88508,1.00,2.44
2018.01.10 19:55:23.670,0.885,0.88509,1.25,4.31
2018.01.10 19:55:24.974,0.885,0.88508,2.63,1.12
2018.01.10 19:55:25.519,0.885,0.88508,1.00,1.00
2018.01.10 19:55:26.041,0.885,0.88509,1.69,3.56
2018.01.10 19:55:26.471,0.885,0.8851,1.69,5.44
2018.01.10 19:55:26.953,0.88499,0.88508,1.50,1.62
2018.01.10 19:55:27.225,0.885,0.88509,2.25,1.00
2018.01.10 19:55:27.329,0.88502,0.8851,1.00,1.50
2018.01.10 19:55:27.926,0.88502,0.88509,1.25,1.00
2018.01.10 19:55:28.554,0.88502,0.8851,1.00,1.12
2018.01.10 19:55:29.193,0.88501,0.8851,1.50,1.12
2018.01.10 19:55:30.272,0.88501,0.8851,3.00,2.44
2018.01.10 19:55:30.492,0.88499,0.88508,1.25,2.06
2018.01.10 19:55:31.813,0.88501,0.8851,1.50,3.19
2018.01.10 19:55:32.359,0.885,0.8851,3.00,3.00
2018.01.10 19:55:32.674,0.88503,0.88512,1.00,5.62
2018.01.10 19:55:33.598,0.88503,0.88511,3.38,1.25
2018.01.10 19:55:34.139,0.88503,0.88512,3.00,1.50
2018.01.10 19:55:34.690,0.88503,0.88511,3.56,1.25
2018.01.10 19:55:35.514,0.88503,0.88512,2.25,1.50
2018.01.10 19:55:36.115,0.88504,0.88512,1.50,1.87
2018.01.10 19:55:36.674,0.88504,0.88513,1.00,1.69
2018.01.10 19:55:36.728,0.88505,0.88514,3.00,1.50
2018.01.10 19:55:37.276,0.88506,0.88515,1.50,3.94
2018.01.10 19:55:37.798,0.88506,0.88515,3.37,1.69
2018.01.10 19:55:39.849,0.88506,0.88515,3.75,1.69
2018.01.10 19:55:41.831,0.88506,0.88515,3.37,1.31
2018.01.10 19:55:42.453,0.88506,0.88513,1.12,1.00
2018.01.10 19:55:42.610,0.88503,0.88514,4.13,4.13
2018.01.10 19:55:43.149,0.88503,0.88513,2.44,1.12
2018.01.10 19:55:43.256,0.88505,0.88514,1.00,1.00
2018.01.10 19:55:43.783,0.88504,0.88514,3.56,1.00
2018.01.10 19:55:44.317,0.88504,0.88514,1.69,5.63
2018.01.10 19:55:48.075,0.88506,0.88513,1.50,3.56
2018.01.10 19:55:48.683,0.88505,0.88513,3.38,1.00
2018.01.10 19:55:49.310,0.88507,0.88514,1.00,1.12
2018.01.10 19:55:49.876,0.88506,0.88515,1.00,5.81
2018.01.10 19:55:51.363,0.88507,0.88515,1.00,5.25
2018.01.10 19:55:52.263,0.88506,0.88513,1.00,1.13
2018.01.10 19:55:52.957,0.88505,0.88513,1.00,1.12
2018.01.10 19:55:53.379,0.88503,0.88511,1.31,1.13
2018.01.10 19:55:54.111,0.88504,0.88511,2.62,1.50
2018.01.10 19:55:55.932,0.88504,0.88512,1.12,1.69
2018.01.10 19:56:01.027,0.88503,0.8851,1.12,1.00
2018.01.10 19:56:01.559,0.88502,0.88511,2.63,1.12
2018.01.10 19:56:02.068,0.88502,0.88512,2.63,1.37
2018.01.10 19:56:02.632,0.88503,0.88513,2.44,5.62
2018.01.10 19:56:03.224,0.88504,0.88513,1.50,4.87
2018.01.10 19:56:04.657,0.88505,0.88513,1.50,2.62
2018.01.10 19:56:05.227,0.88504,0.88513,3.75,2.62
2018.01.10 19:56:06.115,0.88504,0.88513,5.44,4.31
2018.01.10 19:56:06.641,0.88505,0.88514,2.25,5.25
2018.01.10 19:56:06.902,0.88504,0.88513,1.75,4.50
2018.01.10 19:56:07.431,0.88505,0.88513,1.88,2.25
2018.01.10 19:56:07.974,0.88504,0.88513,1.25,2.63
2018.01.10 19:56:09.079,0.88505,0.88512,1.50,1.00
2018.01.10 19:56:10.125,0.88502,0.88512,4.31,1.12
2018.01.10 19:56:10.661,0.88504,0.88513,1.50,3.56
2018.01.10 19:56:11.188,0.88503,0.88512,1.44,2.25
2018.01.10 19:56:11.730,0.88505,0.88513,1.87,4.50
2018.01.10 19:56:13.391,0.88503,0.88513,3.94,2.81
2018.01.10 19:56:16.095,0.88503,0.88511,1.31,1.12
2018.01.10 19:56:16.884,0.88503,0.88511,1.50,1.31
2018.01.10 19:56:17.194,0.88502,0.88511,5.25,2.25
2018.01.10 19:56:18.484,0.88503,0.88511,3.56,5.25
2018.01.10 19:56:24.271,0.88503,0.88511,2.25,1.12
2018.01.10 19:56:25.070,0.88503,0.88512,1.31,1.37
2018.01.10 19:56:25.624,0.88503,0.88512,1.31,1.12
2018.01.10 19:56:26.586,0.88505,0.88512,1.31,1.12
2018.01.10 19:56:27.365,0.88505,0.88514,2.44,2.44
2018.01.10 19:56:28.024,0.88504,0.88513,5.44,1.25
2018.01.10 19:56:28.583,0.88504,0.88514,3.56,3.19
2018.01.10 19:56:29.124,0.88504,0.88514,2.81,1.69
2018.01.10 19:56:30.495,0.88503,0.88513,3.94,1.12
2018.01.10 19:56:30.601,0.88504,0.88513,4.50,1.00
2018.01.10 19:56:31.532,0.88504,0.88514,3.56,4.50
2018.01.10 19:56:32.188,0.88504,0.88512,3.56,1.00
2018.01.10 19:56:32.525,0.8851,0.88516,1.50,1.69
2018.01.10 19:56:32.630,0.88508,0.88517,2.06,4.31
2018.01.10 19:56:32.734,0.88509,0.88518,1.50,7.87
2018.01.10 19:56:33.240,0.88508,0.88518,2.06,4.69
2018.01.10 19:56:33.749,0.88509,0.88518,1.25,4.88
2018.01.10 19:56:34.745,0.88508,0.88517,1.00,5.25
2018.01.10 19:56:35.262,0.88507,0.88517,1.00,9.38
2018.01.10 19:56:35.476,0.88509,0.88519,3.75,3.75
2018.01.10 19:56:36.003,0.88509,0.88519,6.37,1.69
2018.01.10 19:56:36.518,0.88509,0.88519,3.94,1.69
2018.01.10 19:56:36.576,0.88509,0.88518,1.50,2.63
2018.01.10 19:56:37.863,0.88509,0.88517,1.00,3.94
2018.01.10 19:56:37.917,0.88507,0.88516,1.31,1.37
2018.01.10 19:56:38.499,0.88507,0.88517,2.06,4.50
2018.01.10 19:56:39.038,0.88507,0.88517,3.00,6.94
2018.01.10 19:56:39.543,0.88506,0.88517,4.13,6.19
2018.01.10 19:56:41.747,0.88507,0.88516,2.06,1.50
2018.01.10 19:56:42.901,0.88506,0.88516,3.56,1.12
2018.01.10 19:56:44.323,0.88507,0.88516,1.31,1.50
2018.01.10 19:56:44.943,0.88506,0.88516,5.06,1.12
2018.01.10 19:56:45.681,0.88508,0.88517,1.69,1.00
2018.01.10 19:56:46.277,0.88509,0.88517,1.00,1.00
2018.01.10 19:56:47.039,0.88507,0.88517,4.50,1.25
2018.01.10 19:56:47.544,0.88507,0.88516,3.75,1.12
2018.01.10 19:56:51.663,0.88507,0.88517,4.88,3.94
2018.01.10 19:56:52.233,0.88509,0.88518,1.00,2.25
2018.01.10 19:56:52.747,0.88508,0.88518,3.38,1.87
2018.01.10 19:56:53.259,0.88508,0.88518,4.69,1.87
2018.01.10 19:56:54.290,0.88509,0.88518,5.44,1.31
2018.01.10 19:56:54.837,0.88509,0.88519,3.56,2.81
2018.01.10 19:56:55.346,0.88508,0.88518,3.56,1.62
2018.01.10 19:56:55.961,0.88508,0.88518,3.75,2.81
2018.01.10 19:56:56.472,0.88508,0.88519,3.19,8.44
2018.01.10 19:56:59.188,0.88508,0.88519,4.50,4.69
2018.01.10 19:56:59.794,0.88509,0.88519,2.25,5.06
2018.01.10 19:57:02.449,0.8851,0.88519,2.06,2.44
2018.01.10 19:57:03.218,0.88511,0.88519,1.69,1.69
2018.01.10 19:57:03.755,0.88511,0.8852,1.50,1.87
2018.01.10 19:57:06.159,0.88511,0.88521,1.50,8.06
2018.01.10 19:57:06.727,0.88511,0.88521,1.50,8.06
2018.01.10 19:57:08.169,0.88511,0.88521,1.50,5.25
2018.01.10 19:57:08.686,0.88511,0.88521,3.19,3.38
2018.01.10 19:57:09.192,0.88511,0.8852,4.50,3.19
2018.01.10 19:57:09.698,0.8851,0.8852,4.69,1.00
2018.01.10 19:57:10.327,0.8851,0.8852,1.25,1.00
2018.01.10 19:57:11.014,0.8851,0.8852,1.88,4.69
2018.01.10 19:57:11.677,0.8851,0.8852,1.25,1.69
2018.01.10 19:57:13.478,0.8851,0.8852,3.56,5.06
2018.01.10 19:57:14.015,0.8851,0.88521,3.94,7.31
2018.01.10 19:57:14.707,0.8851,0.8852,3.56,1.50
2018.01.10 19:57:15.109,0.88512,0.88522,1.69,4.13
2018.01.10 19:57:15.422,0.8851,0.8852,2.44,2.25
2018.01.10 19:57:15.768,0.8851,0.88518,1.69,1.00
2018.01.10 19:57:16.325,0.8851,0.88519,1.69,1.88
2018.01.10 19:57:16.829,0.88509,0.88519,5.06,1.00
2018.01.10 19:57:17.387,0.88509,0.88519,4.31,1.00
2018.01.10 19:57:18.030,0.88509,0.88519,4.31,4.88
2018.01.10 19:57:18.531,0.88509,0.88519,3.94,3.00
2018.01.10 19:57:19.432,0.8851,0.88519,1.50,3.00
2018.01.10 19:57:19.989,0.88509,0.88518,1.69,1.12
2018.01.10 19:57:20.731,0.88509,0.88515,1.12,1.00
2018.01.10 19:57:20.839,0.88507,0.88515,1.50,1.00
2018.01.10 19:57:21.353,0.88506,0.88515,3.00,3.94
2018.01.10 19:57:21.884,0.88506,0.88513,1.31,1.25
2018.01.10 19:57:22.408,0.88506,0.88514,2.62,1.12
2018.01.10 19:57:22.983,0.88506,0.88515,2.62,3.56
2018.01.10 19:57:23.037,0.88505,0.88513,1.50,1.12
2018.01.10 19:57:23.506,0.88503,0.88513,3.75,2.25
2018.01.10 19:57:23.774,0.88505,0.88513,1.00,1.31
2018.01.10 19:57:23.882,0.88503,0.88512,1.88,1.25
2018.01.10 19:57:23.935,0.88504,0.88511,1.00,1.37
2018.01.10 19:57:24.094,0.88502,0.88511,1.69,1.63
2018.01.10 19:57:25.903,0.88504,0.88511,2.25,1.50
2018.01.10 19:57:26.168,0.88502,0.88511,2.44,2.44
2018.01.10 19:57:26.898,0.88502,0.88511,2.81,2.44
2018.01.10 19:57:27.645,0.88502,0.88511,1.25,1.00
2018.01.10 19:57:29.696,0.88503,0.88511,3.56,2.25
2018.01.10 19:57:30.097,0.88501,0.88509,1.00,2.44
2018.01.10 19:57:30.638,0.885,0.8851,4.31,2.44
2018.01.10 19:57:31.482,0.88502,0.88511,1.12,5.62
2018.01.10 19:57:32.138,0.88503,0.88511,1.00,1.00
2018.01.10 19:57:32.296,0.88505,0.88513,1.00,3.18
2018.01.10 19:57:32.832,0.88505,0.88513,1.00,2.25
2018.01.10 19:57:39.868,0.88503,0.88513,1.50,1.50
2018.01.10 19:57:40.385,0.88503,0.88511,1.25,1.31
2018.01.10 19:57:41.101,0.88503,0.8851,1.00,1.00
2018.01.10 19:57:41.469,0.88502,0.88507,1.00,1.00
2018.01.10 19:57:42.046,0.88501,0.88507,1.00,1.00
2018.01.10 19:57:42.099,0.88501,0.8851,1.50,1.50
2018.01.10 19:57:42.519,0.88501,0.88508,1.00,1.00
2018.01.10 19:57:43.303,0.88501,0.88509,1.00,1.00
2018.01.10 19:57:43.915,0.88498,0.88507,2.44,1.69
2018.01.10 19:57:44.452,0.88498,0.88508,2.25,1.00
2018.01.10 19:57:45.296,0.88498,0.88507,1.00,4.87
2018.01.10 19:57:46.756,0.88498,0.88507,1.13,2.44
2018.01.10 19:57:47.373,0.88498,0.88507,5.25,1.00
2018.01.10 19:57:48.750,0.88499,0.88507,2.25,1.00
2018.01.10 19:57:49.629,0.885,0.88509,2.62,1.00
2018.01.10 19:57:49.894,0.88503,0.8851,4.13,1.12
2018.01.10 19:57:50.211,0.88504,0.88513,1.87,1.50
2018.01.10 19:57:50.905,0.88504,0.88513,3.00,2.44
2018.01.10 19:57:51.452,0.88504,0.88513,2.25,1.13
2018.01.10 19:57:52.478,0.88504,0.88514,1.69,3.19
2018.01.10 19:57:52.743,0.88505,0.88514,3.37,1.50
2018.01.10 19:57:53.244,0.88507,0.88514,1.50,1.69
2018.01.10 19:57:53.467,0.88505,0.88514,2.63,1.00
2018.01.10 19:57:53.978,0.88505,0.88514,4.69,1.69
2018.01.10 19:57:54.525,0.88505,0.88514,3.56,1.00
2018.01.10 19:57:58.525,0.88505,0.88513,1.31,1.19
2018.01.10 19:57:58.577,0.88505,0.88514,1.12,1.69
2018.01.10 19:57:59.128,0.88505,0.88513,1.31,1.25
2018.01.10 19:57:59.376,0.88506,0.88515,2.63,1.12
2018.01.10 19:57:59.885,0.88507,0.88516,1.69,2.25
2018.01.10 19:58:01.216,0.88507,0.88515,1.50,1.00
2018.01.10 19:58:01.900,0.88507,0.88516,1.12,1.70
2018.01.10 19:58:02.183,0.88505,0.88514,1.69,1.10
2018.01.10 19:58:02.913,0.88505,0.88514,5.25,1.39
2018.01.10 19:58:03.539,0.88505,0.88515,3.38,1.58
2018.01.10 19:58:05.625,0.88505,0.88514,5.25,1.10
2018.01.10 19:58:06.173,0.88505,0.88514,5.25,1.45
2018.01.10 19:58:08.870,0.88506,0.88514,1.25,1.10
2018.01.10 19:58:09.543,0.88505,0.88515,4.50,2.14
2018.01.10 19:58:10.139,0.88505,0.88514,6.37,1.10
2018.01.10 19:58:11.114,0.88507,0.88514,1.00,1.10
2018.01.10 19:58:11.640,0.88506,0.88516,1.87,3.45
2018.01.10 19:58:12.188,0.88505,0.88515,2.81,1.07
2018.01.10 19:58:13.717,0.88506,0.88515,1.12,1.20
2018.01.10 19:58:14.695,0.88505,0.88515,2.25,1.07
2018.01.10 19:58:15.709,0.88505,0.88515,3.37,1.07
2018.01.10 19:58:16.714,0.88505,0.88516,3.00,2.70
2018.01.10 19:58:19.293,0.88505,0.88515,2.25,1.45
2018.01.10 19:58:20.991,0.88504,0.88514,3.19,4.39
2018.01.10 19:58:21.508,0.88503,0.88513,2.81,1.76
2018.01.10 19:58:22.038,0.88503,0.88513,1.00,1.95
2018.01.10 19:58:24.128,0.88503,0.88514,3.94,3.82
2018.01.10 19:58:26.635,0.88505,0.88514,3.37,1.70
2018.01.10 19:58:26.740,0.88506,0.88516,1.37,2.32
2018.01.10 19:58:27.344,0.88505,0.88516,6.56,2.32
2018.01.10 19:58:28.816,0.88507,0.88516,1.50,2.70
2018.01.10 19:58:29.385,0.88508,0.88516,4.87,1.45
2018.01.10 19:58:29.438,0.88509,0.88518,1.00,3.07
2018.01.10 19:58:29.543,0.88508,0.88517,3.00,2.14
2018.01.10 19:58:29.750,0.88507,0.88517,4.87,2.14
2018.01.10 19:58:30.271,0.88506,0.88515,1.00,1.76
2018.01.10 19:58:30.376,0.88504,0.88513,1.87,1.57
2018.01.10 19:58:30.738,0.88504,0.88513,1.00,1.76
2018.01.10 19:58:36.168,0.88502,0.88513,4.31,3.26
2018.01.10 19:58:36.706,0.88503,0.88513,1.12,4.39
2018.01.10 19:58:38.141,0.88503,0.88513,1.12,2.32
2018.01.10 19:58:39.536,0.88502,0.88511,3.56,1.70
2018.01.10 19:58:40.054,0.88502,0.88511,2.25,1.20
2018.01.10 19:58:40.368,0.88503,0.88513,2.25,4.20
2018.01.10 19:58:41.012,0.88503,0.88513,1.50,2.89
2018.01.10 19:58:41.540,0.88503,0.88513,2.44,3.45
2018.01.10 19:58:42.122,0.88503,0.88513,1.50,2.70
2018.01.10 19:58:42.791,0.88503,0.88513,2.44,3.07
2018.01.10 19:58:43.308,0.88503,0.88513,1.50,2.51
2018.01.10 19:58:43.857,0.88503,0.88513,2.25,3.07
2018.01.10 19:58:45.432,0.88503,0.88512,1.50,1.95
2018.01.10 19:58:48.147,0.88503,0.88512,1.87,1.57
2018.01.10 19:58:50.123,0.88503,0.88513,1.87,2.51
2018.01.10 19:58:51.673,0.88503,0.88513,1.50,2.51
2018.01.10 19:58:52.190,0.88503,0.88513,1.00,3.26
2018.01.10 19:58:52.241,0.88503,0.88512,1.50,1.45
2018.01.10 19:58:53.296,0.88503,0.88513,1.00,3.64
2018.01.10 19:58:53.837,0.88502,0.88513,1.12,4.57
2018.01.10 19:58:55.140,0.88501,0.88509,1.20,1.10
2018.01.10 19:58:55.345,0.88503,0.88512,1.87,1.01
2018.01.10 19:58:55.398,0.88504,0.88513,1.50,1.45
2018.01.10 19:58:55.628,0.88506,0.88515,1.00,4.95
2018.01.10 19:58:56.106,0.88504,0.88514,3.75,1.45
2018.01.10 19:58:56.214,0.88506,0.88514,1.00,1.45
2018.01.10 19:58:56.978,0.88504,0.88514,3.00,1.95
2018.01.10 19:58:57.911,0.88506,0.88515,1.00,1.57
2018.01.10 19:58:58.327,0.88507,0.88515,1.25,1.45
2018.01.10 19:58:58.441,0.88505,0.88514,1.00,1.32
2018.01.10 19:58:58.554,0.88504,0.88513,1.12,1.01
2018.01.10 19:58:59.213,0.88503,0.88514,3.00,4.20
2018.01.10 19:58:59.766,0.88503,0.88513,2.25,1.95
2018.01.10 19:59:00.172,0.88506,0.88514,1.00,1.57
2018.01.10 19:59:00.225,0.88504,0.88514,1.00,1.45
2018.01.10 19:59:00.281,0.88506,0.88515,1.00,4.57
2018.01.10 19:59:00.386,0.88506,0.88515,1.00,3.07
2018.01.10 19:59:00.909,0.88506,0.88515,1.00,2.70
2018.01.10 19:59:01.451,0.88506,0.88515,1.12,1.45
2018.01.10 19:59:02.173,0.88509,0.88518,1.50,4.01
2018.01.10 19:59:02.513,0.88511,0.88519,1.00,3.07
2018.01.10 19:59:02.565,0.88511,0.88519,1.00,3.07
2018.01.10 19:59:02.670,0.88509,0.88519,3.00,3.45
2018.01.10 19:59:03.190,0.8851,0.88519,1.00,4.20
2018.01.10 19:59:03.717,0.88509,0.88518,1.50,1.70
2018.01.10 19:59:04.245,0.88509,0.88517,1.50,1.45
2018.01.10 19:59:04.829,0.88508,0.88517,1.12,1.45
2018.01.10 19:59:05.348,0.88508,0.88518,3.56,3.07
2018.01.10 19:59:05.400,0.8851,0.88518,1.00,1.57
2018.01.10 19:59:05.898,0.8851,0.88519,1.00,1.95
2018.01.10 19:59:06.664,0.8851,0.88521,1.87,6.64
2018.01.10 19:59:07.236,0.88511,0.88521,1.00,4.20
2018.01.10 19:59:07.779,0.88511,0.8852,1.00,3.07
2018.01.10 19:59:07.833,0.88509,0.88518,1.87,1.95
2018.01.10 19:59:09.388,0.8851,0.88519,1.00,5.32
2018.01.10 19:59:09.893,0.88508,0.88518,3.56,3.82
2018.01.10 19:59:10.433,0.88509,0.88519,1.50,3.26
2018.01.10 19:59:12.085,0.88509,0.88519,1.00,7.20
2018.01.10 19:59:12.603,0.88507,0.88517,1.00,3.82
2018.01.10 19:59:13.138,0.88506,0.88516,1.87,4.39
2018.01.10 19:59:13.810,0.88506,0.88516,1.31,1.95
2018.01.10 19:59:14.347,0.88507,0.88517,1.50,3.82
2018.01.10 19:59:14.856,0.88507,0.88517,1.00,5.51
2018.01.10 19:59:15.399,0.88506,0.88517,2.25,5.14
2018.01.10 19:59:16.097,0.88506,0.88517,2.44,4.76
2018.01.10 19:59:16.201,0.88507,0.88517,1.00,3.82
2018.01.10 19:59:16.779,0.88506,0.88517,4.87,2.32
2018.01.10 19:59:18.139,0.88506,0.88517,6.00,1.57
2018.01.10 19:59:18.346,0.88506,0.88516,4.87,1.76
2018.01.10 19:59:18.867,0.88506,0.88517,3.00,3.82
2018.01.10 19:59:19.393,0.88506,0.88517,5.06,3.07
2018.01.10 19:59:19.975,0.88506,0.88517,2.25,2.32
2018.01.10 19:59:20.181,0.88506,0.88517,4.69,2.51
2018.01.10 19:59:20.847,0.88508,0.88517,1.00,1.57
2018.01.10 19:59:20.952,0.88508,0.88517,1.00,1.57
2018.01.10 19:59:21.455,0.88508,0.88517,1.25,1.57
2018.01.10 19:59:21.995,0.88508,0.88517,1.00,1.57
2018.01.10 19:59:22.525,0.88508,0.88517,1.00,1.57
2018.01.10 19:59:23.040,0.88507,0.88517,1.87,2.89
2018.01.10 19:59:24.174,0.88506,0.88517,6.19,2.70
2018.01.10 19:59:25.157,0.88507,0.88517,2.25,1.57
2018.01.10 19:59:25.693,0.88506,0.88515,3.00,1.20
2018.01.10 19:59:26.162,0.88506,0.88515,1.00,1.76
2018.01.10 19:59:26.671,0.88504,0.88514,4.87,4.01
2018.01.10 19:59:27.188,0.88503,0.88514,3.37,4.76
2018.01.10 19:59:27.727,0.88504,0.88512,1.00,1.45
2018.01.10 19:59:28.296,0.88503,0.88511,1.00,1.45
2018.01.10 19:59:28.939,0.88502,0.88512,2.81,2.70
2018.01.10 19:59:29.260,0.88502,0.88511,2.81,3.26
2018.01.10 19:59:29.571,0.88502,0.88512,3.19,4.20
2018.01.10 19:59:30.125,0.88503,0.88512,4.86,1.57
2018.01.10 19:59:30.273,0.88503,0.88512,2.43,1.10
2018.01.10 19:59:30.796,0.88503,0.88514,1.50,3.82
2018.01.10 19:59:31.137,0.88504,0.88514,1.18,3.45
2018.01.10 19:59:31.716,0.88503,0.88514,4.68,4.01
2018.01.10 19:59:32.320,0.88506,0.88514,1.50,1.76
2018.01.10 19:59:32.582,0.88506,0.88516,4.49,2.51
2018.01.10 19:59:33.256,0.88507,0.88516,3.74,1.45
2018.01.10 19:59:34.428,0.88509,0.88517,1.00,1.45
2018.01.10 19:59:35.090,0.88508,0.88517,3.37,1.45
2018.01.10 19:59:35.246,0.88508,0.88519,5.80,3.64
2018.01.10 19:59:36.173,0.88508,0.88519,5.63,2.70
2018.01.10 19:59:36.490,0.88511,0.88519,1.25,4.95
2018.01.10 19:59:36.991,0.8851,0.88519,1.50,2.70
2018.01.10 19:59:37.537,0.88509,0.88518,1.12,1.45
2018.01.10 19:59:38.811,0.88511,0.8852,1.00,2.89
2018.01.10 19:59:39.406,0.88511,0.8852,2.81,1.45
2018.01.10 19:59:39.932,0.88511,0.88521,2.81,6.45
2018.01.10 19:59:40.437,0.88511,0.88521,2.25,2.51
2018.01.10 19:59:40.734,0.88513,0.88522,1.00,2.32
2018.01.10 19:59:40.787,0.88513,0.88522,1.00,1.57
2018.01.10 19:59:40.840,0.88515,0.88523,1.00,1.45
2018.01.10 19:59:41.205,0.88512,0.88522,1.87,1.20
2018.01.10 19:59:41.363,0.88512,0.88522,1.69,1.20
2018.01.10 19:59:41.978,0.88514,0.88522,2.25,1.95
2018.01.10 19:59:42.186,0.88514,0.88522,1.00,1.45
2018.01.10 19:59:42.723,0.88513,0.88522,1.50,1.95
2018.01.10 19:59:43.314,0.88513,0.88522,2.25,1.45
2018.01.10 19:59:43.839,0.88513,0.88521,1.13,1.20
2018.01.10 19:59:44.039,0.88508,0.88519,3.56,4.95
2018.01.10 19:59:44.465,0.88509,0.88519,2.44,2.14
2018.01.10 19:59:44.570,0.8851,0.88519,1.50,1.45
2018.01.10 19:59:45.170,0.88511,0.8852,2.25,1.45
2018.01.10 19:59:45.225,0.88511,0.88522,2.25,3.82
2018.01.10 19:59:47.146,0.88511,0.88522,3.19,4.39
2018.01.10 19:59:47.742,0.88511,0.88519,2.25,1.10
2018.01.10 19:59:48.016,0.8851,0.8852,3.38,2.51
2018.01.10 19:59:48.329,0.88508,0.88513,2.62,1.00
2018.01.10 19:59:48.435,0.88508,0.88518,2.62,1.76
2018.01.10 19:59:48.572,0.88509,0.88519,3.56,2.89
2018.01.10 19:59:48.625,0.8851,0.8852,2.44,2.32
2018.01.10 19:59:49.042,0.8851,0.8852,5.06,2.51
2018.01.10 19:59:49.549,0.88514,0.88522,1.50,2.14
2018.01.10 19:59:50.241,0.88514,0.88522,3.56,1.70
2018.01.10 19:59:50.543,0.88511,0.88521,1.00,4.39
2018.01.10 19:59:51.063,0.8851,0.88521,2.44,6.07
2018.01.10 19:59:52.392,0.8851,0.8852,1.12,1.95
2018.01.10 19:59:53.056,0.88511,0.88521,2.44,2.32
2018.01.10 19:59:53.162,0.88512,0.88522,1.87,1.57
2018.01.10 19:59:53.370,0.88511,0.88522,1.50,7.01
2018.01.10 19:59:54.106,0.88511,0.88522,3.56,5.32
2018.01.10 19:59:55.142,0.88513,0.88521,1.00,2.32
2018.01.10 19:59:55.560,0.88511,0.8852,1.12,1.45
2018.01.10 19:59:55.772,0.8851,0.88517,1.50,1.45
2018.01.10 19:59:56.440,0.8851,0.88517,1.31,1.10
2018.01.10 19:59:57.175,0.88509,0.88515,1.50,1.50
2018.01.10 19:59:57.228,0.88506,0.88512,1.00,1.00
2018.01.10 19:59:57.281,0.88504,0.88513,1.13,1.57
2018.01.10 19:59:57.333,0.88503,0.88512,3.75,1.45
2018.01.10 19:59:57.386,0.88503,0.88513,2.62,3.07
2018.01.10 19:59:57.752,0.88505,0.88514,1.50,4.01
2018.01.10 19:59:57.912,0.88507,0.88515,2.06,1.20
2018.01.10 19:59:58.127,0.88507,0.88514,1.12,1.00
2018.01.10 19:59:58.180,0.88505,0.88514,1.50,1.39
2018.01.10 19:59:58.546,0.88504,0.88513,1.50,1.57
2018.01.10 19:59:59.895,0.88503,0.8851,1.25,1.20
